210	1	1
211	2	1
360	1	-976
361	1	-976
400	1	1
401	1	1
402	1	1
399	2	1
400	3	1
400	4	1
416	2	0
415	3	0
212	3	3
211	2	3
213	4	3
232	1	1
231	2	1
233	2	1
234	2	1
235	3	1
236	3	1
237	4	1
238	4	0
237	4	0
239	5	0
242	3	0
241	4	0
240	5	0
416	4	0
415	3	0
150	3	1
151	3	1
152	3	1
148	4	1
149	4	1
153	4	1
154	4	1
146	5	1
147	5	1
155	5	1
145	6	1
144	7	1
144	8	1
144	9	1
144	10	1
156	6	1
144	11	1
210	3	3
209	4	3
208	5	3
211	2	3
207	6	3
215	6	2
214	5	2
216	7	2
236	5	0
235	6	0
237	4	0
241	6	1
240	5	1
242	7	1
298	1	5
297	2	5
296	3	5
296	4	5
296	5	5
295	6	5
294	7	5
208	7	0
209	7	0
210	7	0
207	6	0
211	6	0
212	7	0
211	6	0
213	6	0
238	7	0
237	8	0
239	6	0
243	8	0
242	7	0
244	9	0
288	8	4
290	8	4
291	8	4
292	8	4
286	9	4
287	9	4
289	9	4
283	10	4
284	10	4
285	10	4
280	11	4
282	11	4
277	12	4
278	12	4
279	12	4
281	12	4
272	13	4
274	13	4
275	13	4
276	13	4
268	14	4
269	14	4
270	14	4
271	14	4
273	14	4
265	15	4
266	15	4
267	15	4
263	16	4
264	16	4
261	17	4
262	17	4
259	18	4
260	18	4
258	19	4
256	20	4
257	20	4
255	21	4
293	8	4
254	21	4
385	8	4
386	8	4
387	8	4
388	8	4
389	8	4
390	8	4
391	8	4
384	9	4
383	10	4
383	11	4
382	12	4
382	13	4
382	14	4
382	15	4
382	16	4
382	17	4
382	18	4
414	4	2
412	5	2
413	5	2
411	6	2
410	7	2
410	8	2
415	3	2
410	9	2
401	5	1
402	6	1
403	7	1
404	7	1
405	8	1
406	9	1
400	4	1
162	2	9
164	2	9
166	2	9
168	2	9
170	2	9
172	2	9
174	2	9
160	3	9
161	3	9
163	3	9
165	3	9
167	3	9
169	3	9
171	3	9
173	3	9
175	3	9
176	3	9
177	3	9
178	3	9
180	3	9
182	3	9
158	4	9
159	4	9
179	4	9
181	4	9
183	4	9
184	4	9
185	4	9
186	4	9
157	5	9
187	5	9
188	5	9
189	6	9
190	6	9
191	7	9
192	7	9
193	8	9
194	8	9
195	9	9
196	10	9
156	6	9
196	11	9
217	8	2
218	9	2
219	9	2
220	10	2
216	7	2
221	11	2
241	8	2
240	9	2
239	10	2
242	7	2
425	8	1
425	9	1
425	10	1
424	11	1
431	10	0
432	10	0
430	11	0
155	7	0
155	8	0
155	9	0
155	10	0
155	11	0
156	6	0
155	12	0
206	7	18
205	8	18
204	9	18
204	10	18
204	11	18
207	6	18
204	12	18
420	9	2
420	10	2
420	11	2
420	12	2
243	10	0
242	11	0
241	12	0
244	9	0
245	10	1
246	10	1
247	11	1
248	12	1
244	9	1
249	13	1
327	11	-984
327	12	-984
198	12	8
200	12	8
202	12	8
199	13	8
201	13	8
197	12	8
203	13	8
220	13	0
221	12	0
221	14	0
223	11	0
224	12	0
225	13	0
222	12	0
226	14	0
399	5	1
398	6	1
397	7	1
397	8	1
397	9	1
396	10	1
397	11	1
397	12	1
397	13	1
400	4	1
397	14	1
409	11	1
408	12	1
408	13	1
410	10	1
408	14	1
412	11	1
413	12	1
414	13	1
411	10	1
414	14	1
419	13	0
420	12	0
418	14	0
425	12	0
427	12	0
429	12	0
426	13	0
428	13	0
424	11	0
430	11	0
431	12	0
433	12	0
432	13	0
434	13	0
430	11	0
145	12	0
146	12	0
147	13	0
148	13	0
154	13	0
149	14	0
150	14	0
152	14	0
153	14	0
151	15	0
144	11	0
155	12	0
205	14	0
206	15	0
204	13	0
207	16	0
215	8	17
214	9	17
213	10	17
212	11	17
211	12	17
210	13	17
209	14	17
208	15	17
216	7	17
207	16	17
296	8	5
297	9	5
298	9	5
299	9	5
300	10	5
302	10	5
301	11	5
303	11	5
304	12	5
306	12	5
305	13	5
307	13	5
308	14	5
309	14	5
310	14	5
311	15	5
312	15	5
313	15	5
295	8	5
314	16	5
317	13	-1
316	14	-1
315	15	-1
314	16	-1
334	10	-2
331	11	-2
332	11	-2
333	11	-2
335	11	-2
336	11	-2
337	12	-2
338	13	-2
339	14	-2
340	15	-2
340	16	-2
348	13	1
347	14	1
346	15	1
345	16	1
399	15	2
402	15	2
403	15	2
404	15	2
405	15	2
406	15	2
400	16	2
401	16	2
398	15	2
407	15	2
410	15	0
411	15	0
412	15	0
413	15	0
414	14	0
409	15	0
415	15	1
416	16	1
414	14	1
417	15	1
422	15	1
421	16	1
422	14	1
420	16	1
341	17	2
342	17	2
343	17	2
340	16	2
344	17	2
314	17	0
315	18	0
314	16	0
379	12	7
379	13	7
379	14	7
379	15	7
379	16	7
379	17	7
379	18	7
379	19	7
396	16	3
395	17	3
393	18	3
394	18	3
397	15	3
392	19	3
250	14	12
251	15	12
252	16	12
253	17	12
253	18	12
253	19	12
249	13	12
253	20	12
387	18	3
389	18	3
384	19	3
385	19	3
386	19	3
388	19	3
390	19	3
383	19	3
391	19	3
420	18	0
421	19	0
419	17	0
422	20	0
425	18	1
424	19	1
423	20	1
225	16	16
224	17	16
224	18	16
224	19	16
224	20	16
226	15	16
225	21	16
228	15	15
229	16	15
229	17	15
228	18	15
227	19	15
226	20	15
227	14	15
225	21	15
294	10	5
294	11	5
294	12	5
294	13	5
294	14	5
294	15	5
294	16	5
294	17	5
295	18	5
296	19	5
297	20	5
294	9	5
298	21	5
381	20	0
382	19	0
380	21	0
194	13	0
193	14	0
192	15	0
191	16	0
190	17	0
189	18	0
188	19	0
187	20	0
185	21	0
186	21	0
195	12	0
184	22	0
299	21	0
300	21	0
301	21	0
298	21	0
346	18	8
347	18	8
348	19	8
349	19	8
350	19	8
351	19	8
352	20	8
353	20	8
354	20	8
355	21	8
356	21	8
372	21	8
374	21	8
375	21	8
376	21	8
377	21	8
357	22	8
358	22	8
359	22	8
361	22	8
363	22	8
364	22	8
365	22	8
366	22	8
368	22	8
369	22	8
370	22	8
371	22	8
373	22	8
360	23	8
362	23	8
367	23	8
345	17	8
378	20	8
156	13	1
157	14	1
158	14	1
159	15	1
160	15	1
161	16	1
163	16	1
162	17	1
164	17	1
165	17	1
166	17	1
167	17	1
168	17	1
169	18	1
170	18	1
171	19	1
172	19	1
173	20	1
174	20	1
175	21	1
176	21	1
177	22	1
155	12	1
178	23	1
179	22	1
180	22	1
181	22	1
182	22	1
183	22	1
178	23	1
252	22	0
253	21	0
252	23	0
208	17	4
209	18	4
210	19	4
211	20	4
212	21	4
213	22	4
214	23	4
207	16	4
215	24	4
220	15	15
220	16	15
220	17	15
220	18	15
220	19	15
220	20	15
220	21	15
220	22	15
220	23	15
221	14	15
220	24	15
305	22	-1
306	22	-1
307	22	-1
308	23	-1
309	23	-1
310	23	-1
311	23	-1
312	23	-1
313	23	-1
314	23	-1
315	24	-1
424	22	1
425	23	1
423	21	1
426	24	1
427	23	0
426	24	0
196	14	1
196	15	1
196	16	1
196	17	1
196	18	1
196	19	1
196	20	1
196	21	1
196	22	1
196	23	1
196	24	1
196	13	1
248	14	15
247	15	15
246	16	15
245	17	15
245	18	15
245	19	15
245	20	15
245	21	15
245	22	15
245	23	15
245	24	15
249	13	15
245	25	15
216	23	2
217	24	2
218	25	2
215	24	2
219	25	2
224	22	4
224	23	4
224	24	4
224	25	4
225	21	4
224	26	4
249	25	0
250	25	0
246	26	0
247	26	0
248	26	0
251	24	0
245	25	0
297	22	4
297	23	4
297	24	4
297	25	4
297	26	4
298	21	4
297	27	4
427	25	0
428	25	0
429	26	0
426	24	0
221	26	2
222	26	2
223	27	2
220	25	2
224	26	2
316	26	2
316	27	2
316	25	2
316	28	2
317	24	3
318	25	3
318	26	3
318	27	3
316	25	3
318	28	3
380	22	7
380	23	7
380	24	7
380	25	7
380	26	7
381	27	7
380	21	7
381	28	7
393	21	3
393	22	3
394	23	3
395	24	3
396	25	3
397	26	3
398	27	3
392	20	3
399	28	3
408	17	3
408	18	3
408	19	3
409	20	3
410	21	3
411	22	3
412	22	3
413	23	3
414	24	3
415	25	3
415	26	3
416	27	3
408	16	3
253	25	6
254	25	6
255	26	6
274	26	6
275	26	6
276	26	6
277	26	6
278	26	6
279	26	6
280	26	6
281	26	6
282	26	6
283	26	6
284	26	6
285	26	6
286	26	6
287	26	6
288	26	6
290	26	6
292	26	6
256	27	6
257	27	6
268	27	6
270	27	6
271	27	6
272	27	6
273	27	6
289	27	6
291	27	6
293	27	6
294	27	6
295	27	6
258	28	6
259	28	6
264	28	6
266	28	6
267	28	6
269	28	6
296	28	6
260	29	6
261	29	6
262	29	6
263	29	6
265	29	6
252	24	6
297	27	6
314	25	3
314	26	3
314	27	3
314	28	3
315	24	3
314	29	3
339	17	6
338	18	6
337	19	6
336	20	6
334	21	6
335	21	6
333	22	6
332	23	6
331	24	6
330	25	6
328	26	6
329	26	6
327	27	6
326	28	6
340	16	6
325	29	6
451	28	1
450	29	1
185	24	1
186	25	1
215	25	1
187	26	1
188	26	1
214	26	1
189	27	1
190	27	1
212	27	1
213	27	1
191	28	1
192	28	1
210	28	1
211	28	1
193	29	1
194	29	1
207	29	1
208	29	1
209	29	1
195	30	1
196	30	1
198	30	1
200	30	1
205	30	1
206	30	1
197	31	1
199	31	1
201	31	1
202	31	1
203	31	1
204	31	1
184	23	1
215	24	1
321	28	1
322	28	1
323	28	1
320	29	1
324	29	1
325	29	1
319	30	1
241	25	2
243	25	2
238	26	2
240	26	2
242	26	2
244	26	2
225	27	2
226	27	2
236	27	2
237	27	2
239	27	2
227	28	2
228	28	2
234	28	2
235	28	2
229	29	2
231	29	2
233	29	2
230	30	2
232	30	2
245	25	2
224	26	2
298	28	4
300	28	4
299	29	4
301	29	4
302	29	4
303	29	4
305	29	4
312	29	4
304	30	4
306	30	4
307	30	4
308	30	4
309	30	4
310	30	4
311	30	4
313	30	4
297	27	4
314	29	4
315	30	0
314	29	0
316	29	0
380	29	0
379	30	0
381	28	0
403	26	1
401	27	1
402	27	1
404	27	1
400	28	1
405	28	1
405	29	1
406	30	1
399	28	1
449	30	-2
450	29	-2
451	30	1
450	29	1
468	27	0
469	27	0
467	28	0
466	29	0
465	30	0
465	31	0
140	11	3
142	11	3
138	12	3
139	12	3
141	12	3
143	12	3
136	13	3
137	13	3
134	14	3
135	14	3
132	15	3
133	15	3
130	16	3
131	16	3
128	17	3
129	17	3
126	18	3
127	18	3
124	19	3
125	19	3
122	20	3
123	20	3
120	21	3
121	21	3
118	22	3
119	22	3
116	23	3
117	23	3
115	24	3
114	25	3
114	26	3
114	27	3
114	28	3
114	29	3
114	30	3
114	31	3
144	11	3
114	32	3
178	24	2
177	25	2
176	26	2
174	27	2
175	27	2
172	28	2
173	28	2
171	29	2
170	30	2
144	31	2
146	31	2
148	31	2
158	31	2
160	31	2
162	31	2
164	31	2
165	31	2
166	31	2
167	31	2
168	31	2
169	31	2
141	32	2
142	32	2
143	32	2
145	32	2
147	32	2
149	32	2
150	32	2
151	32	2
152	32	2
154	32	2
155	32	2
156	32	2
157	32	2
159	32	2
161	32	2
163	32	2
116	33	2
117	33	2
118	33	2
119	33	2
120	33	2
121	33	2
122	33	2
123	33	2
124	33	2
125	33	2
126	33	2
127	33	2
128	33	2
129	33	2
130	33	2
131	33	2
132	33	2
133	33	2
134	33	2
135	33	2
136	33	2
137	33	2
138	33	2
139	33	2
140	33	2
153	33	2
178	23	2
115	33	2
382	29	0
383	30	0
384	31	0
381	28	0
385	32	0
326	30	2
327	31	2
328	32	2
325	29	2
386	33	0
385	32	0
387	34	0
388	33	0
387	34	0
463	32	2
464	32	2
460	33	2
461	33	2
462	33	2
457	34	2
458	34	2
459	34	2
456	35	2
455	36	2
455	37	2
454	38	2
465	31	2
454	39	2
472	31	0
466	32	0
471	32	0
467	33	0
468	33	0
469	33	0
470	33	0
465	31	0
319	31	0
319	32	0
319	33	0
319	34	0
319	30	0
384	33	0
383	34	0
385	32	0
446	40	1
450	40	1
451	40	1
452	40	1
453	40	1
445	41	1
447	41	1
448	41	1
449	41	1
454	39	1
444	42	1
465	40	0
465	41	0
388	35	4
388	36	4
389	37	4
389	38	4
390	39	4
391	40	4
392	41	4
387	34	4
442	41	0
443	42	0
455	40	1
456	40	1
457	41	1
458	42	1
460	42	1
459	43	1
461	43	1
462	43	1
454	39	1
463	44	1
464	43	0
465	42	0
463	44	0
468	42	0
467	43	0
469	43	0
466	42	0
442	44	0
443	43	0
441	45	0
398	29	12
398	30	12
398	31	12
399	32	12
400	33	12
400	34	12
401	35	12
402	36	12
403	37	12
404	38	12
405	38	12
406	39	12
407	39	12
408	40	12
409	41	12
410	41	12
411	42	12
412	43	12
413	44	12
414	44	12
415	45	12
416	46	12
417	47	12
399	28	12
418	48	12
437	45	4
439	45	4
432	46	4
434	46	4
436	46	4
438	46	4
424	47	4
426	47	4
428	47	4
429	47	4
430	47	4
431	47	4
433	47	4
435	47	4
425	48	4
427	48	4
440	45	4
423	48	4
463	45	1
463	46	1
464	47	1
463	44	1
419	47	1
420	47	1
422	47	1
421	48	1
418	48	1
423	48	1
441	47	0
442	48	0
443	48	0
444	49	0
441	46	0
445	50	0
411	50	3
412	50	3
413	50	3
414	50	3
415	50	3
417	50	3
409	51	3
410	51	3
416	51	3
408	52	3
407	53	3
407	54	3
406	55	3
406	56	3
418	49	3
405	57	3
423	49	1
419	50	1
421	50	1
422	50	1
420	51	1
423	48	1
418	49	1
444	51	1
445	50	1
156	52	3
157	52	3
158	52	3
148	53	3
150	53	3
151	53	3
152	53	3
153	53	3
154	53	3
155	53	3
144	54	3
145	54	3
146	54	3
147	54	3
149	54	3
142	55	3
143	55	3
102	56	3
103	56	3
104	56	3
105	56	3
106	56	3
107	56	3
108	56	3
109	56	3
110	56	3
111	56	3
112	56	3
113	56	3
114	56	3
115	56	3
116	56	3
117	56	3
118	56	3
119	56	3
120	56	3
121	56	3
122	56	3
123	56	3
124	56	3
125	56	3
126	56	3
127	56	3
128	56	3
129	56	3
130	56	3
131	56	3
132	56	3
133	56	3
134	56	3
135	56	3
136	56	3
137	56	3
138	56	3
139	56	3
140	56	3
141	56	3
159	53	3
101	56	3
184	48	0
166	49	0
167	49	0
168	49	0
169	49	0
170	49	0
171	49	0
172	49	0
173	49	0
174	49	0
175	49	0
176	49	0
177	49	0
178	49	0
179	49	0
180	49	0
181	49	0
182	49	0
183	49	0
185	49	0
186	49	0
187	49	0
188	49	0
163	50	0
164	50	0
165	50	0
189	50	0
161	51	0
162	51	0
190	51	0
191	51	0
160	52	0
192	52	0
193	52	0
194	53	0
195	53	0
159	53	0
196	54	0
446	51	2
447	51	2
448	52	2
450	52	2
449	53	2
451	53	2
445	50	2
452	54	2
112	34	1
113	34	1
110	35	1
111	35	1
108	36	1
109	36	1
106	37	1
107	37	1
104	38	1
105	38	1
102	39	1
103	39	1
101	40	1
100	41	1
100	42	1
100	43	1
100	44	1
100	45	1
100	46	1
100	47	1
100	48	1
100	49	1
100	50	1
100	51	1
100	52	1
100	53	1
100	54	1
114	33	1
100	55	1
467	54	0
468	54	0
469	54	0
465	55	0
466	55	0
464	56	0
197	54	0
198	54	0
199	54	0
200	54	0
201	54	0
202	54	0
203	54	0
204	54	0
205	54	0
206	54	0
207	54	0
208	54	0
209	54	0
210	54	0
211	54	0
212	54	0
213	54	0
215	54	0
217	54	0
219	54	0
221	54	0
214	55	0
216	55	0
218	55	0
220	55	0
222	55	0
223	55	0
224	55	0
226	55	0
228	55	0
230	55	0
225	56	0
227	56	0
229	56	0
231	56	0
232	56	0
233	56	0
234	56	0
196	54	0
235	57	0
327	54	5
328	54	5
329	54	5
330	54	5
331	54	5
332	54	5
333	54	5
334	54	5
335	54	5
336	54	5
337	54	5
338	54	5
339	54	5
340	54	5
341	54	5
342	54	5
343	54	5
344	54	5
345	54	5
346	54	5
347	54	5
348	54	5
349	54	5
350	54	5
351	54	5
352	54	5
353	54	5
355	54	5
326	55	5
354	55	5
356	55	5
357	55	5
358	55	5
359	55	5
360	55	5
361	55	5
324	56	5
325	56	5
362	56	5
322	57	5
323	57	5
320	58	5
321	58	5
319	59	5
319	60	5
363	56	5
318	61	5
452	55	1
451	56	1
452	54	1
453	53	1
455	53	1
454	54	1
456	54	1
457	55	1
458	55	1
459	55	1
460	55	1
461	55	1
462	56	1
463	57	1
452	54	1
464	56	1
369	51	4
371	51	4
368	52	4
370	52	4
372	52	4
367	53	4
373	53	4
365	54	4
366	54	4
374	54	4
374	55	4
375	56	4
375	57	4
375	58	4
364	55	4
159	54	0
160	55	0
161	55	0
194	55	0
195	55	0
162	56	0
163	56	0
192	56	0
193	56	0
164	57	0
165	57	0
190	57	0
191	57	0
166	58	0
167	58	0
189	58	0
168	59	0
169	59	0
182	59	0
184	59	0
185	59	0
186	59	0
187	59	0
188	59	0
170	60	0
171	60	0
172	60	0
173	60	0
174	60	0
175	60	0
177	60	0
178	60	0
179	60	0
180	60	0
181	60	0
183	60	0
176	61	0
159	53	0
196	54	0
403	57	1
402	58	1
404	58	1
401	59	1
400	60	1
405	57	1
399	61	1
302	61	6
303	61	6
304	61	6
300	62	6
301	62	6
298	63	6
299	63	6
296	64	6
297	64	6
294	65	6
295	65	6
292	66	6
293	66	6
290	67	6
291	67	6
305	62	6
289	68	6
465	57	0
466	58	0
467	59	0
468	59	0
469	60	0
470	61	0
464	56	0
306	61	4
308	61	4
310	61	4
312	61	4
313	61	4
315	61	4
307	62	4
309	62	4
311	62	4
314	62	4
316	62	4
317	61	4
305	62	4
406	58	4
406	59	4
407	60	4
407	61	4
408	62	4
405	57	4
242	53	1
243	53	1
240	54	1
241	54	1
244	54	1
238	55	1
239	55	1
245	55	1
246	55	1
236	56	1
237	56	1
247	56	1
248	57	1
249	58	1
250	58	1
251	59	1
252	60	1
253	61	1
253	62	1
253	63	1
253	64	1
235	57	1
253	65	1
399	63	1
399	64	1
400	65	1
399	66	1
399	62	1
235	58	2
236	59	2
237	60	2
238	60	2
239	61	2
240	62	2
241	63	2
242	64	2
243	65	2
244	65	2
245	66	2
246	67	2
235	57	2
246	68	2
365	57	6
365	58	6
366	59	6
367	60	6
368	61	6
369	62	6
370	62	6
371	63	6
372	64	6
373	64	6
374	64	6
375	65	6
376	65	6
377	65	6
378	66	6
379	66	6
380	66	6
382	66	6
384	66	6
381	67	6
383	67	6
385	67	6
364	56	6
386	68	6
396	61	1
395	62	1
397	62	1
393	63	1
394	63	1
391	64	1
392	64	1
390	65	1
388	66	1
389	66	1
387	67	1
398	61	1
386	68	1
254	66	11
256	66	11
282	66	11
255	67	11
257	67	11
258	67	11
259	67	11
260	67	11
261	67	11
262	67	11
263	67	11
264	67	11
265	67	11
266	67	11
267	67	11
268	67	11
269	67	11
270	67	11
271	67	11
272	67	11
274	67	11
275	67	11
276	67	11
277	67	11
278	67	11
279	67	11
280	67	11
281	67	11
283	67	11
284	67	11
285	67	11
286	67	11
288	67	11
273	68	11
287	68	11
253	65	11
289	68	11
252	66	1
250	67	1
251	67	1
248	68	1
249	68	1
247	69	1
253	65	1
246	68	1
319	63	2
320	64	2
321	65	2
322	66	2
323	67	2
324	68	2
325	69	2
318	62	2
326	70	2
2	2	0
3	3	0
4	4	0
5	5	0
6	6	0
7	7	0
8	8	0
9	9	0
10	10	0
11	11	0
12	12	0
13	13	0
14	14	0
15	15	0
16	16	0
17	17	0
18	18	0
19	19	0
20	20	0
21	21	0
22	22	0
23	23	0
24	24	0
25	25	0
26	26	0
27	27	0
28	28	0
29	29	0
30	30	0
31	31	0
32	32	0
33	33	0
34	34	0
35	35	0
36	36	0
37	37	0
38	38	0
39	39	0
40	40	0
41	41	0
42	42	0
43	43	0
44	44	0
45	45	0
46	46	0
47	47	0
48	48	0
49	49	0
50	50	0
51	51	0
52	52	0
53	53	0
54	54	0
55	55	0
56	56	0
57	57	0
58	58	0
59	59	0
60	60	0
61	61	0
62	62	0
63	63	0
64	64	0
65	65	0
66	66	0
67	67	0
68	68	0
69	69	0
70	70	0
71	71	0
98	57	6
99	57	6
96	58	6
97	58	6
94	59	6
95	59	6
92	60	6
93	60	6
90	61	6
91	61	6
88	62	6
89	62	6
86	63	6
87	63	6
84	64	6
85	64	6
82	65	6
83	65	6
80	66	6
81	66	6
78	67	6
79	67	6
76	68	6
77	68	6
74	69	6
75	69	6
73	70	6
100	56	6
72	71	6
244	69	1
245	69	1
242	70	1
243	70	1
233	71	1
235	71	1
241	71	1
198	72	1
200	72	1
201	72	1
202	72	1
203	72	1
204	72	1
206	72	1
208	72	1
223	72	1
225	72	1
226	72	1
227	72	1
228	72	1
229	72	1
230	72	1
231	72	1
232	72	1
234	72	1
236	72	1
237	72	1
238	72	1
239	72	1
240	72	1
196	73	1
197	73	1
199	73	1
205	73	1
207	73	1
209	73	1
210	73	1
211	73	1
212	73	1
214	73	1
220	73	1
222	73	1
224	73	1
194	74	1
195	74	1
213	74	1
215	74	1
216	74	1
217	74	1
218	74	1
219	74	1
221	74	1
192	75	1
193	75	1
190	76	1
191	76	1
189	77	1
246	68	1
188	78	1
385	69	1
384	70	1
383	71	1
383	72	1
386	68	1
383	73	1
445	65	6
446	65	6
447	65	6
448	65	6
442	66	6
443	66	6
444	66	6
449	66	6
450	66	6
451	66	6
441	67	6
452	67	6
453	67	6
454	67	6
455	67	6
440	68	6
456	68	6
439	69	6
457	69	6
458	69	6
438	70	6
459	70	6
438	71	6
460	71	6
462	71	6
437	72	6
461	72	6
463	72	6
436	73	6
436	74	6
436	75	6
339	69	5
340	69	5
341	69	5
342	69	5
343	69	5
344	69	5
345	69	5
346	69	5
347	69	5
348	69	5
350	69	5
352	69	5
335	70	5
336	70	5
337	70	5
338	70	5
349	70	5
351	70	5
353	70	5
354	70	5
355	70	5
356	70	5
327	71	5
328	71	5
330	71	5
331	71	5
332	71	5
333	71	5
334	71	5
357	71	5
358	71	5
359	71	5
360	71	5
361	71	5
362	71	5
363	71	5
329	72	5
364	72	5
365	72	5
366	72	5
368	72	5
367	73	5
369	73	5
370	73	5
371	73	5
372	73	5
374	73	5
376	73	5
373	74	5
375	74	5
377	74	5
378	74	5
379	74	5
380	74	5
381	74	5
326	70	5
382	74	5
305	63	4
305	64	4
305	65	4
305	66	4
305	67	4
305	68	4
305	69	4
305	70	4
304	71	4
303	72	4
303	73	4
303	74	4
303	75	4
305	62	4
303	76	4
187	77	0
186	78	0
188	78	0
290	69	-1
291	70	-1
292	71	-1
293	71	-1
294	72	-1
295	73	-1
296	73	-1
297	74	-1
298	74	-1
299	75	-1
300	76	-1
301	77	-1
302	77	-1
289	68	-1
303	76	-1
325	71	6
323	72	6
324	72	6
321	73	6
322	73	6
320	74	6
318	75	6
319	75	6
316	76	6
317	76	6
304	77	6
313	77	6
314	77	6
315	77	6
305	78	6
312	78	6
306	79	6
307	79	6
308	79	6
309	79	6
310	79	6
311	79	6
326	70	6
303	76	6
384	75	8
385	75	8
386	75	8
387	75	8
389	75	8
391	75	8
393	75	8
398	75	8
400	75	8
388	76	8
390	76	8
392	76	8
394	76	8
395	76	8
396	76	8
397	76	8
399	76	8
401	76	8
402	76	8
404	76	8
403	77	8
405	77	8
406	77	8
407	77	8
408	77	8
409	77	8
411	77	8
413	77	8
415	77	8
417	77	8
418	77	8
419	77	8
420	77	8
421	77	8
422	77	8
424	77	8
426	77	8
428	77	8
429	77	8
431	77	8
432	77	8
433	77	8
434	77	8
410	78	8
412	78	8
414	78	8
416	78	8
423	78	8
425	78	8
427	78	8
430	78	8
383	74	8
435	76	8
504	77	-958
505	77	-958
185	77	1
180	78	1
182	78	1
183	78	1
184	78	1
177	79	1
179	79	1
181	79	1
175	80	1
176	80	1
178	80	1
174	81	1
172	82	1
173	82	1
170	83	1
171	83	1
168	84	1
169	84	1
167	85	1
165	86	1
166	86	1
163	87	1
164	87	1
162	88	1
160	89	1
161	89	1
158	90	1
159	90	1
157	91	1
156	92	1
155	93	1
186	78	1
154	94	1
466	81	0
465	82	0
464	83	0
437	77	5
438	77	5
439	78	5
440	78	5
441	79	5
442	79	5
443	80	5
445	80	5
444	81	5
446	81	5
447	81	5
448	81	5
449	81	5
450	81	5
452	81	5
451	82	5
453	82	5
454	82	5
455	82	5
456	82	5
457	82	5
458	82	5
460	82	5
459	83	5
461	83	5
462	83	5
436	76	5
463	84	5
468	83	0
467	84	0
466	85	0
465	85	0
464	84	0
466	85	0
467	86	0
466	85	0
468	87	0
470	85	2
469	86	2
468	87	2
531	78	1
531	79	1
530	80	1
529	81	1
528	82	1
528	83	1
527	84	1
526	85	1
525	86	1
524	87	1
516	86	2
517	86	2
518	86	2
519	86	2
520	86	2
521	86	2
523	86	2
514	87	2
515	87	2
522	87	2
512	88	2
513	88	2
524	87	2
511	89	2
490	82	6
492	82	6
488	83	6
489	83	6
491	83	6
493	83	6
494	83	6
495	83	6
496	83	6
498	83	6
487	84	6
497	84	6
499	84	6
500	84	6
486	85	6
501	85	6
483	86	6
484	86	6
485	86	6
502	86	6
503	86	6
479	87	6
481	87	6
482	87	6
504	87	6
505	87	6
469	88	6
470	88	6
474	88	6
476	88	6
478	88	6
480	88	6
506	88	6
507	88	6
508	88	6
509	88	6
510	88	6
471	89	6
472	89	6
473	89	6
475	89	6
477	89	6
468	87	6
511	89	6
73	73	0
73	74	0
74	75	0
74	76	0
75	77	0
75	78	0
76	79	0
76	80	0
77	81	0
77	82	0
78	83	0
78	84	0
79	85	0
79	86	0
80	87	0
80	88	0
81	89	0
72	72	0
82	90	0
186	79	2
186	80	2
186	81	2
186	82	2
186	83	2
186	84	2
186	85	2
186	86	2
186	87	2
187	88	2
188	89	2
189	90	2
186	78	2
190	91	2
188	79	1
188	80	1
188	81	1
189	82	1
189	83	1
190	84	1
191	85	1
192	86	1
192	87	1
192	88	1
192	89	1
192	90	1
188	78	1
191	91	1
83	90	2
84	90	2
85	90	2
86	90	2
87	90	2
88	90	2
89	90	2
90	90	2
91	90	2
92	90	2
93	90	2
94	90	2
95	90	2
96	90	2
97	90	2
98	90	2
99	90	2
100	90	2
101	90	2
102	90	2
103	90	2
104	90	2
105	90	2
106	90	2
107	90	2
108	90	2
109	90	2
110	90	2
111	90	2
112	90	2
113	90	2
114	90	2
115	90	2
116	90	2
117	90	2
118	90	2
119	90	2
120	90	2
121	90	2
122	90	2
123	90	2
124	90	2
125	90	2
126	90	2
127	90	2
128	90	2
129	90	2
130	90	2
131	90	2
132	90	2
133	90	2
134	90	2
135	90	2
136	90	2
137	90	2
138	90	2
139	90	2
140	90	2
141	90	2
142	90	2
143	90	2
144	90	2
145	91	2
146	91	2
147	92	2
148	93	2
149	93	2
150	94	2
151	94	2
152	94	2
82	90	2
153	95	2
525	88	1
526	88	1
527	89	1
528	90	1
529	90	1
530	90	1
532	90	1
534	90	1
538	90	1
531	91	1
533	91	1
535	91	1
536	91	1
537	91	1
539	91	1
539	92	1
540	93	1
542	93	1
544	93	1
541	94	1
543	94	1
524	87	1
155	96	0
156	97	0
157	98	0
154	95	0
158	99	0
443	98	1
442	99	1
441	100	1
160	99	0
161	100	0
159	99	0
162	101	0
216	101	0
217	102	0
439	100	-1
438	101	-1
440	101	-1
441	100	-1
442	101	1
441	100	1
495	101	-960
496	102	-960
511	90	1
511	91	1
511	92	1
511	93	1
512	94	1
513	95	1
514	96	1
515	97	1
516	98	1
517	99	1
518	100	1
519	101	1
520	102	1
521	103	1
511	89	1
522	104	1
524	103	-1
523	104	-1
189	93	1
188	94	1
187	95	1
186	96	1
185	97	1
184	98	1
183	99	1
181	100	1
182	100	1
180	101	1
179	102	1
179	103	1
178	104	1
190	92	1
177	105	1
456	99	2
458	99	2
459	99	2
454	100	2
455	100	2
457	100	2
453	101	2
453	102	2
452	103	2
452	104	2
452	105	2
164	101	1
165	101	1
166	101	1
167	101	1
168	101	1
169	102	1
170	102	1
171	103	1
172	103	1
173	104	1
174	105	1
175	106	1
163	101	1
176	106	1
224	100	0
226	100	0
228	100	0
218	101	0
219	101	0
220	101	0
221	101	0
222	101	0
223	101	0
225	101	0
227	101	0
229	101	0
231	101	0
230	102	0
232	102	0
233	103	0
234	103	0
235	104	0
236	105	0
237	105	0
238	106	0
217	102	0
239	107	0
271	103	4
273	103	4
275	103	4
276	103	4
277	103	4
278	103	4
279	103	4
280	103	4
281	103	4
282	103	4
284	103	4
286	103	4
287	103	4
288	103	4
289	103	4
290	103	4
291	103	4
265	104	4
266	104	4
267	104	4
268	104	4
269	104	4
270	104	4
272	104	4
274	104	4
283	104	4
285	104	4
292	104	4
293	104	4
259	105	4
260	105	4
261	105	4
262	105	4
263	105	4
264	105	4
294	105	4
295	105	4
254	106	4
256	106	4
257	106	4
258	106	4
296	106	4
240	107	4
242	107	4
244	107	4
246	107	4
249	107	4
250	107	4
251	107	4
252	107	4
253	107	4
255	107	4
241	108	4
243	108	4
245	108	4
247	108	4
248	108	4
239	107	4
297	107	4
429	106	0
428	107	0
430	107	0
431	106	-1
430	107	-1
158	101	2
158	102	2
158	103	2
158	104	2
158	105	2
158	106	2
158	107	2
158	100	2
157	108	2
427	106	2
426	107	2
428	107	2
299	107	2
300	107	2
301	107	2
302	108	2
303	108	2
304	108	2
298	107	2
305	109	2
435	106	0
436	107	0
437	108	0
438	109	0
451	106	0
450	107	0
449	108	0
452	105	0
448	109	0
308	107	0
309	107	0
306	108	0
307	108	0
310	108	0
311	108	0
312	109	0
305	109	0
313	110	0
416	106	1
416	107	1
416	108	1
416	109	1
416	110	1
431	108	3
431	109	3
430	107	3
431	110	3
439	109	1
440	109	1
442	109	1
443	109	1
444	109	1
445	109	1
446	109	1
441	110	1
438	109	1
447	110	1
500	106	-956
501	106	-956
502	107	-956
501	108	-956
502	109	-956
428	108	4
428	109	4
428	110	4
428	107	4
428	111	4
453	106	2
454	106	2
455	107	2
455	108	2
456	109	2
455	110	2
452	105	2
238	108	1
236	109	1
237	109	1
234	110	1
235	110	1
228	111	1
229	111	1
230	111	1
231	111	1
232	111	1
233	111	1
226	112	1
227	112	1
225	113	1
224	114	1
223	115	1
222	116	1
220	117	1
221	117	1
219	118	1
239	107	1
218	118	1
318	108	9
320	108	9
314	109	9
315	109	9
316	109	9
317	109	9
319	109	9
321	109	9
322	109	9
323	109	9
324	109	9
325	109	9
326	109	9
327	109	9
328	109	9
329	109	9
331	109	9
333	109	9
340	109	9
330	110	9
332	110	9
334	110	9
335	110	9
336	110	9
337	110	9
338	110	9
339	110	9
341	110	9
342	111	9
343	111	9
344	111	9
313	110	9
345	112	9
418	111	1
419	111	1
420	111	1
421	111	1
422	111	1
423	111	1
424	111	1
425	111	1
426	111	1
417	111	1
427	112	1
430	111	0
431	110	0
429	112	0
433	110	2
432	111	2
434	111	2
435	111	2
436	111	2
431	110	2
437	110	2
472	110	1
473	110	1
465	111	1
466	111	1
468	111	1
470	111	1
471	111	1
474	111	1
467	112	1
469	112	1
464	112	1
401	108	7
394	109	7
396	109	7
397	109	7
398	109	7
399	109	7
400	109	7
402	109	7
403	109	7
404	109	7
405	109	7
407	109	7
391	110	7
392	110	7
393	110	7
395	110	7
406	110	7
408	110	7
388	111	7
389	111	7
390	111	7
409	111	7
410	111	7
411	111	7
412	111	7
414	111	7
384	112	7
385	112	7
386	112	7
387	112	7
413	112	7
415	112	7
382	113	7
383	113	7
379	114	7
380	114	7
381	114	7
376	115	7
377	115	7
378	115	7
373	116	7
374	116	7
375	116	7
416	111	7
372	117	7
192	92	3
193	93	3
193	94	3
194	95	3
194	96	3
195	97	3
195	98	3
196	99	3
196	100	3
197	101	3
197	102	3
198	103	3
199	104	3
200	105	3
201	106	3
202	107	3
203	108	3
203	109	3
203	110	3
203	111	3
203	112	3
203	113	3
191	91	3
203	114	3
216	103	1
215	104	1
214	105	1
213	106	1
213	107	1
212	108	1
212	109	1
212	110	1
211	111	1
210	112	1
210	113	1
217	102	1
210	114	1
449	111	2
450	111	2
451	112	2
453	112	2
461	112	2
462	112	2
452	113	2
454	113	2
456	113	2
458	113	2
459	113	2
460	113	2
455	114	2
457	114	2
448	110	2
463	112	2
524	106	1
525	107	1
526	108	1
527	109	1
528	110	1
529	111	1
530	111	1
531	112	1
532	113	1
523	105	1
81	91	0
80	92	0
80	93	0
79	94	0
79	95	0
78	96	0
78	97	0
77	98	0
77	99	0
76	100	0
76	101	0
75	102	0
75	103	0
74	104	0
74	105	0
73	106	0
73	107	0
72	108	0
72	109	0
72	110	0
73	111	0
73	112	0
74	113	0
74	114	0
82	90	0
75	115	0
305	110	2
305	111	2
312	111	2
306	112	2
307	112	2
311	112	2
308	113	2
310	113	2
309	114	2
305	109	2
313	110	2
438	111	1
438	112	1
438	113	1
439	114	1
437	110	1
204	115	0
205	115	0
206	115	0
207	115	0
208	115	0
209	115	0
203	114	0
210	114	0
156	109	0
154	110	0
155	110	0
152	111	0
153	111	0
150	112	0
151	112	0
148	113	0
149	113	0
147	114	0
76	115	0
77	115	0
78	115	0
79	115	0
80	115	0
81	115	0
82	115	0
83	115	0
84	115	0
85	115	0
86	115	0
87	115	0
88	115	0
89	115	0
90	115	0
91	115	0
92	115	0
93	115	0
94	115	0
95	115	0
96	115	0
97	115	0
98	115	0
99	115	0
100	115	0
101	115	0
102	115	0
103	115	0
104	115	0
105	115	0
106	115	0
107	115	0
108	115	0
109	115	0
110	115	0
111	115	0
112	115	0
113	115	0
114	115	0
115	115	0
116	115	0
117	115	0
118	115	0
119	115	0
120	115	0
121	115	0
122	115	0
123	115	0
124	115	0
125	115	0
126	115	0
127	115	0
128	115	0
129	115	0
130	115	0
131	115	0
132	115	0
133	115	0
134	115	0
135	115	0
136	115	0
137	115	0
138	115	0
139	115	0
140	115	0
141	115	0
142	115	0
143	115	0
145	115	0
146	115	0
144	116	0
157	108	0
75	115	0
178	107	1
179	107	1
180	108	1
181	109	1
182	109	1
183	110	1
184	111	1
185	111	1
186	112	1
187	113	1
188	113	1
190	113	1
189	114	1
191	114	1
192	114	1
193	115	1
195	115	1
202	115	1
194	116	1
196	116	1
197	116	1
198	116	1
199	116	1
200	116	1
201	116	1
177	106	1
203	114	1
347	110	9
348	110	9
349	110	9
350	110	9
351	110	9
352	110	9
353	110	9
346	111	9
354	111	9
355	111	9
356	111	9
358	111	9
357	112	9
359	112	9
360	113	9
361	114	9
362	114	9
364	114	9
366	114	9
368	114	9
363	115	9
365	115	9
367	115	9
369	115	9
370	115	9
371	116	9
345	112	9
372	117	9
211	115	0
212	115	0
213	116	0
214	116	0
215	117	0
216	117	0
210	114	0
217	118	0
464	114	1
464	115	1
465	116	1
466	117	1
464	113	1
345	113	1
345	114	1
345	115	1
346	116	1
346	117	1
346	118	1
345	112	1
428	114	1
429	115	1
429	116	1
429	117	1
429	118	1
428	113	1
445	117	-960
445	118	-960
495	119	-956
496	119	-956
429	120	-964
430	120	-964
295	109	13
296	109	13
293	110	13
294	110	13
292	111	13
290	112	13
291	112	13
289	113	13
287	114	13
288	114	13
286	115	13
285	116	13
285	117	13
284	118	13
283	119	13
283	120	13
283	121	13
297	108	13
283	122	13
372	118	0
372	119	0
370	120	0
371	120	0
356	121	0
358	121	0
360	121	0
362	121	0
364	121	0
366	121	0
367	121	0
368	121	0
369	121	0
357	122	0
359	122	0
361	122	0
363	122	0
365	122	0
372	117	0
217	120	1
218	121	1
219	122	1
217	119	1
300	119	6
299	120	6
298	121	6
294	122	6
296	122	6
297	122	6
285	123	6
286	123	6
287	123	6
288	123	6
289	123	6
290	123	6
291	123	6
292	123	6
293	123	6
295	123	6
284	123	6
162	103	2
162	104	2
162	105	2
162	106	2
162	107	2
162	108	2
162	109	2
162	110	2
162	111	2
162	112	2
162	113	2
162	114	2
162	115	2
162	116	2
162	117	2
162	118	2
162	119	2
162	120	2
162	121	2
162	122	2
162	123	2
162	124	2
162	125	2
162	102	2
162	126	2
158	109	2
158	110	2
158	111	2
158	112	2
158	113	2
158	114	2
158	115	2
158	116	2
158	117	2
158	118	2
158	119	2
158	120	2
159	121	2
159	122	2
159	123	2
159	124	2
159	125	2
159	126	2
157	108	2
159	127	2
431	122	-1
431	123	-1
432	124	-1
433	124	-1
434	125	-1
435	126	-1
436	127	-1
438	124	0
438	125	0
437	126	0
436	127	0
396	126	-968
396	127	-968
161	127	0
160	128	0
162	126	0
159	127	0
282	124	5
281	125	5
280	126	5
279	127	5
277	128	5
278	128	5
276	129	5
275	130	5
274	131	5
273	132	5
283	123	5
272	133	5
407	126	-965
408	127	-965
408	128	-965
409	129	-965
410	130	-965
410	131	-965
411	132	-965
270	133	1
269	134	1
271	133	1
268	135	1
266	134	0
259	135	0
261	135	0
262	135	0
263	135	0
264	135	0
265	135	0
254	136	0
256	136	0
257	136	0
258	136	0
260	136	0
252	137	0
253	137	0
255	137	0
251	138	0
267	135	0
250	139	0
163	127	2
164	127	2
166	127	2
165	128	2
167	128	2
168	128	2
169	129	2
170	129	2
171	130	2
172	130	2
173	131	2
174	131	2
175	131	2
176	132	2
178	132	2
177	133	2
179	133	2
181	133	2
183	133	2
194	133	2
196	133	2
180	134	2
182	134	2
184	134	2
185	134	2
186	134	2
187	134	2
188	134	2
189	134	2
190	134	2
191	134	2
192	134	2
193	134	2
195	134	2
197	134	2
198	134	2
199	135	2
200	135	2
201	136	2
202	136	2
162	126	2
203	137	2
435	128	3
436	129	3
437	130	3
438	131	3
439	132	3
440	132	3
442	132	3
441	133	3
443	133	3
444	134	3
444	135	3
443	136	3
436	127	3
213	132	0
215	132	0
211	133	0
212	133	0
214	133	0
216	133	0
217	133	0
218	133	0
219	133	0
220	133	0
221	133	0
222	133	0
223	133	0
224	133	0
209	134	0
210	134	0
225	134	0
226	134	0
227	134	0
207	135	0
208	135	0
228	135	0
229	135	0
230	135	0
205	136	0
206	136	0
231	136	0
232	137	0
204	137	0
233	138	0
421	136	-962
422	137	-962
423	137	-962
234	138	0
235	138	0
236	138	0
238	138	0
240	138	0
242	138	0
243	138	0
244	138	0
245	138	0
246	138	0
247	138	0
249	138	0
237	139	0
239	139	0
241	139	0
248	139	0
233	138	0
250	139	0
158	128	1
157	129	1
156	130	1
154	131	1
155	131	1
153	132	1
151	133	1
152	133	1
150	134	1
148	135	1
149	135	1
147	136	1
146	137	1
146	138	1
146	139	1
146	140	1
146	141	1
146	142	1
159	127	1
146	143	1
204	139	0
203	140	0
202	141	0
202	142	0
202	143	0
202	144	0
204	138	0
202	145	0
232	139	0
230	140	0
231	140	0
228	141	0
229	141	0
226	142	0
227	142	0
225	143	0
223	144	0
224	144	0
220	145	0
221	145	0
222	145	0
203	146	0
204	146	0
217	146	0
218	146	0
219	146	0
205	147	0
206	147	0
207	147	0
208	147	0
209	147	0
210	147	0
213	147	0
214	147	0
215	147	0
216	147	0
211	148	0
212	148	0
233	138	0
202	145	0
74	116	0
74	117	0
73	118	0
73	119	0
72	120	0
72	121	0
71	122	0
71	123	0
70	124	0
71	125	0
71	126	0
72	127	0
72	128	0
73	129	0
73	130	0
74	131	0
74	132	0
75	133	0
75	134	0
76	135	0
76	136	0
77	137	0
77	138	0
78	139	0
78	140	0
79	141	0
79	142	0
80	143	0
80	144	0
81	145	0
81	146	0
75	115	0
82	147	0
144	145	0
145	145	0
142	146	0
143	146	0
83	147	0
84	147	0
85	147	0
86	147	0
87	147	0
88	147	0
89	147	0
90	147	0
91	147	0
92	147	0
93	147	0
94	147	0
95	147	0
96	147	0
97	147	0
98	147	0
99	147	0
100	147	0
101	147	0
102	147	0
103	147	0
104	147	0
105	147	0
106	147	0
107	147	0
108	147	0
109	147	0
110	147	0
111	147	0
112	147	0
113	147	0
114	147	0
115	147	0
116	147	0
117	147	0
118	147	0
119	147	0
120	147	0
121	147	0
122	147	0
123	147	0
124	147	0
125	147	0
126	147	0
127	147	0
128	147	0
129	147	0
130	147	0
131	147	0
132	147	0
133	147	0
134	147	0
135	147	0
136	147	0
137	147	0
138	147	0
139	147	0
140	147	0
141	147	0
146	144	0
82	147	0
148	144	1
149	144	1
150	144	1
151	144	1
152	144	1
153	144	1
154	144	1
155	144	1
156	144	1
157	144	1
158	145	1
159	145	1
160	145	1
161	145	1
162	145	1
163	145	1
164	145	1
166	145	1
168	145	1
165	146	1
167	146	1
169	146	1
170	146	1
172	146	1
173	146	1
201	146	1
171	147	1
174	147	1
175	147	1
177	147	1
191	147	1
194	147	1
196	147	1
197	147	1
198	147	1
199	147	1
200	147	1
176	148	1
178	148	1
179	148	1
180	148	1
182	148	1
184	148	1
186	148	1
187	148	1
188	148	1
189	148	1
190	148	1
192	148	1
193	148	1
195	148	1
181	149	1
183	149	1
185	149	1
147	144	1
202	145	1
272	135	4
273	136	4
274	137	4
274	138	4
275	139	4
276	140	4
277	141	4
277	142	4
278	143	4
279	144	4
279	145	4
280	146	4
281	146	4
282	147	4
272	134	4
283	148	4
285	146	0
284	147	0
283	148	0
268	137	10
268	138	10
268	139	10
268	140	10
268	141	10
268	142	10
268	143	10
268	144	10
268	145	10
268	146	10
268	147	10
267	148	10
268	136	10
250	140	8
250	141	8
250	142	8
250	143	8
250	144	8
250	145	8
250	146	8
250	147	8
251	148	8
251	149	8
251	150	8
250	139	8
284	149	2
285	150	2
283	148	2
301	142	8
300	143	8
300	144	8
300	145	8
299	146	8
299	147	8
298	148	8
297	149	8
296	150	8
296	151	8
295	152	0
296	151	0
294	153	0
297	152	0
296	151	0
424	152	-958
425	152	-958
426	153	-958
425	154	-958
291	154	0
292	154	0
288	155	0
289	155	0
290	155	0
286	156	0
287	156	0
293	153	0
342	154	1
343	155	1
344	156	1
294	155	2
294	156	2
294	154	2
349	154	7
348	155	7
346	156	7
347	156	7
345	156	7
342	158	0
343	158	0
341	159	0
322	160	0
323	160	0
324	160	0
325	160	0
326	160	0
327	160	0
328	160	0
329	160	0
330	160	0
332	160	0
334	160	0
336	160	0
337	160	0
338	160	0
339	160	0
340	160	0
320	161	0
321	161	0
331	161	0
333	161	0
335	161	0
319	162	0
318	163	0
344	157	0
317	164	0
81	148	1
81	149	1
80	150	1
80	151	1
79	152	1
79	153	1
78	154	1
78	155	1
77	156	1
77	157	1
77	158	1
77	159	1
77	160	1
77	161	1
77	162	1
78	163	1
77	164	1
78	165	1
78	166	1
79	167	1
82	147	1
80	168	1
319	166	1
320	167	1
318	165	1
317	168	1
318	169	1
316	167	1
361	173	4
358	174	4
359	174	4
360	174	4
357	175	4
356	176	4
356	177	4
354	178	4
355	178	4
353	179	4
353	180	4
302	173	0
303	174	0
304	175	0
305	176	0
314	167	8
313	168	8
312	169	8
311	170	8
310	171	8
309	172	8
309	173	8
308	174	8
307	175	8
315	167	8
306	176	8
227	165	12
226	166	12
225	167	12
225	168	12
225	169	12
224	170	12
224	171	12
224	172	12
224	173	12
224	174	12
224	175	12
224	176	12
224	177	12
224	178	12
305	178	1
305	177	1
304	179	1
81	168	1
82	168	1
83	168	1
84	168	1
85	168	1
86	168	1
87	168	1
88	168	1
89	168	1
90	168	1
91	168	1
92	168	1
93	168	1
94	168	1
95	168	1
96	168	1
97	168	1
98	168	1
99	168	1
100	168	1
101	168	1
102	168	1
103	168	1
104	168	1
105	168	1
106	168	1
107	168	1
108	168	1
109	168	1
110	168	1
111	168	1
112	168	1
113	168	1
114	168	1
115	168	1
116	168	1
117	168	1
118	168	1
119	168	1
120	168	1
121	168	1
122	168	1
123	168	1
124	168	1
125	168	1
126	168	1
127	168	1
128	168	1
129	168	1
130	168	1
131	168	1
132	168	1
133	168	1
134	168	1
135	168	1
136	168	1
137	168	1
138	168	1
139	168	1
140	168	1
141	168	1
142	168	1
143	168	1
144	169	1
145	170	1
146	171	1
147	172	1
148	173	1
149	174	1
150	175	1
151	176	1
152	177	1
153	178	1
154	179	1
80	168	1
155	180	1
172	157	5
173	157	5
170	158	5
171	158	5
169	159	5
168	160	5
167	161	5
167	162	5
166	163	5
166	164	5
166	165	5
166	166	5
165	167	5
165	168	5
165	169	5
165	170	5
165	171	5
165	172	5
165	173	5
165	174	5
165	175	5
165	176	5
165	177	5
165	178	5
165	179	5
165	180	5
303	179	5
300	180	5
301	180	5
302	180	5
298	181	5
299	181	5
297	182	5
295	183	5
296	183	5
294	184	5
293	185	5
292	186	5
291	187	5
290	188	5
288	189	5
289	189	5
287	190	5
286	191	5
304	179	5
285	192	5
157	181	0
159	181	0
158	182	0
160	182	0
161	182	0
162	182	0
163	182	0
156	180	0
164	181	0
258	180	1
257	181	1
256	182	1
255	183	1
368	179	3
367	180	3
366	181	3
366	182	3
365	183	3
225	179	1
226	179	1
227	180	1
228	180	1
229	181	1
230	181	1
231	181	1
232	182	1
233	182	1
234	182	1
235	182	1
237	182	1
236	183	1
238	183	1
239	183	1
240	183	1
241	183	1
242	183	1
243	183	1
244	183	1
246	183	1
248	183	1
250	183	1
252	183	1
254	183	1
245	184	1
247	184	1
249	184	1
251	184	1
253	184	1
224	178	1
255	183	1
355	181	3
356	182	3
357	182	3
358	183	3
360	183	3
362	183	3
364	183	3
359	184	3
361	184	3
363	184	3
354	181	3
365	183	3
352	182	1
351	183	1
350	184	1
349	185	1
353	181	1
348	186	1
366	184	1
367	185	1
365	183	1
305	180	9
306	181	9
307	182	9
308	182	9
309	183	9
309	184	9
310	185	9
342	185	9
344	185	9
347	185	9
311	186	9
329	186	9
331	186	9
332	186	9
333	186	9
334	186	9
335	186	9
336	186	9
337	186	9
338	186	9
339	186	9
340	186	9
341	186	9
343	186	9
345	186	9
346	186	9
312	187	9
314	187	9
324	187	9
325	187	9
326	187	9
327	187	9
328	187	9
330	187	9
313	188	9
315	188	9
316	188	9
317	188	9
318	188	9
319	188	9
320	188	9
321	188	9
322	188	9
323	188	9
304	179	9
348	186	9
222	179	0
223	179	0
221	180	0
219	181	0
220	181	0
218	182	0
217	183	0
216	184	0
214	185	0
215	185	0
213	186	0
212	187	0
224	178	0
211	188	0
256	184	3
257	185	3
258	185	3
259	186	3
260	186	3
261	186	3
262	186	3
263	187	3
264	188	3
265	189	3
255	183	3
266	190	3
166	182	2
167	182	2
168	183	2
169	183	2
170	184	2
171	184	2
172	185	2
173	185	2
174	186	2
175	187	2
176	187	2
177	188	2
178	188	2
179	189	2
180	190	2
181	190	2
182	191	2
183	191	2
184	192	2
165	181	2
185	193	2
79	169	1
78	170	1
78	171	1
77	172	1
77	173	1
76	174	1
76	175	1
75	176	1
75	177	1
74	178	1
74	179	1
73	180	1
73	181	1
72	182	1
72	183	1
71	184	1
72	185	1
72	186	1
73	187	1
73	188	1
74	189	1
74	190	1
75	191	1
75	192	1
76	193	1
80	168	1
77	194	1
210	187	1
207	188	1
209	188	1
205	189	1
206	189	1
208	189	1
204	190	1
202	191	1
203	191	1
200	192	1
201	192	1
197	193	1
198	193	1
199	193	1
211	188	1
196	194	1
267	189	0
268	190	0
269	190	0
270	191	0
271	191	0
272	192	0
273	192	0
274	192	0
277	192	0
280	192	0
282	192	0
283	192	0
275	193	0
276	193	0
278	193	0
279	193	0
281	193	0
266	190	0
284	192	0
155	182	1
155	183	1
155	184	1
153	185	1
154	185	1
151	186	1
152	186	1
150	187	1
149	188	1
148	189	1
147	190	1
146	191	1
145	192	1
144	193	1
78	194	1
79	194	1
80	194	1
81	194	1
82	194	1
83	194	1
84	194	1
85	194	1
86	194	1
87	194	1
88	194	1
89	194	1
90	194	1
91	194	1
92	194	1
93	194	1
94	194	1
95	194	1
96	194	1
97	194	1
98	194	1
99	194	1
100	194	1
101	194	1
102	194	1
103	194	1
104	194	1
105	194	1
106	194	1
107	194	1
108	194	1
109	194	1
110	194	1
111	194	1
112	194	1
113	194	1
114	194	1
115	194	1
116	194	1
117	194	1
118	194	1
119	194	1
120	194	1
121	194	1
122	194	1
123	194	1
124	194	1
125	194	1
126	194	1
127	194	1
128	194	1
129	194	1
130	194	1
131	194	1
132	194	1
133	194	1
134	194	1
135	194	1
136	194	1
137	194	1
138	194	1
139	194	1
140	194	1
141	194	1
142	194	1
143	194	1
155	181	1
77	194	1
186	192	1
187	192	1
189	192	1
188	193	1
190	193	1
191	193	1
192	193	1
193	193	1
195	193	1
194	194	1
185	193	1
196	194	1
266	191	9
265	192	9
263	193	9
264	193	9
261	194	9
262	194	9
258	195	9
259	195	9
260	195	9
257	196	9
255	197	9
256	197	9
254	198	9
253	199	9
253	200	9
252	201	9
251	202	9
251	203	9
250	204	9
250	205	9
249	206	9
249	207	9
266	190	9
248	208	9
348	187	5
348	188	5
348	189	5
349	190	5
350	191	5
351	192	5
352	193	5
353	194	5
354	195	5
355	196	5
356	196	5
348	186	5
357	197	5
360	195	3
361	195	3
362	195	3
363	195	3
358	196	3
359	196	3
364	196	3
365	196	3
366	197	3
357	197	3
400	194	2
400	195	2
400	196	2
400	197	2
400	198	2
185	194	2
185	195	2
185	196	2
185	197	2
184	198	2
181	199	2
182	199	2
183	199	2
179	200	2
180	200	2
178	201	2
176	202	2
177	202	2
172	203	2
174	203	2
175	203	2
170	204	2
171	204	2
173	204	2
149	205	2
150	205	2
165	205	2
166	205	2
167	205	2
168	205	2
169	205	2
151	206	2
152	206	2
153	206	2
154	206	2
155	206	2
157	206	2
158	206	2
159	206	2
160	206	2
161	206	2
162	206	2
163	206	2
164	206	2
156	207	2
185	193	2
148	205	2
76	195	0
75	196	0
76	197	0
75	198	0
76	199	0
76	200	0
77	194	0
77	201	0
357	198	1
357	199	1
358	200	1
357	197	1
358	201	1
357	202	0
358	201	0
359	202	1
360	202	1
358	201	1
227	192	8
227	193	8
227	194	8
226	195	8
227	196	8
226	197	8
226	198	8
226	199	8
226	200	8
226	201	8
226	202	8
226	203	8
226	204	8
78	201	0
79	201	0
80	201	0
81	201	0
82	201	0
83	201	0
84	201	0
85	201	0
86	201	0
87	201	0
88	201	0
89	201	0
90	201	0
91	201	0
92	201	0
93	201	0
94	201	0
95	201	0
96	201	0
97	201	0
98	201	0
99	201	0
100	201	0
101	201	0
102	201	0
103	201	0
104	201	0
105	201	0
106	201	0
107	201	0
108	201	0
109	201	0
110	201	0
111	201	0
112	201	0
113	201	0
114	201	0
115	201	0
116	201	0
117	201	0
118	201	0
119	201	0
120	201	0
121	201	0
122	201	0
123	201	0
124	201	0
125	201	0
126	201	0
127	201	0
128	201	0
129	201	0
130	201	0
131	201	0
132	201	0
133	201	0
134	201	0
135	201	0
136	201	0
137	201	0
138	201	0
139	201	0
140	201	0
141	201	0
142	201	0
143	202	0
144	202	0
145	203	0
146	204	0
77	201	0
147	205	0
211	189	2
211	190	2
211	191	2
211	192	2
211	193	2
211	194	2
211	195	2
212	196	2
213	197	2
214	198	2
215	199	2
216	200	2
217	201	2
218	202	2
219	203	2
220	203	2
221	204	2
211	188	2
222	205	2
286	194	6
287	195	6
287	196	6
288	197	6
288	198	6
288	199	6
289	200	6
290	201	6
290	202	6
290	203	6
291	204	6
292	204	6
285	193	6
398	199	23
399	199	23
396	200	23
397	200	23
394	201	23
395	201	23
392	202	23
393	202	23
391	203	23
387	204	23
388	204	23
389	204	23
390	204	23
386	205	23
383	206	23
384	206	23
385	206	23
380	207	23
381	207	23
382	207	23
377	208	23
379	208	23
374	209	23
376	209	23
378	209	23
373	210	23
375	210	23
372	211	23
369	212	23
370	212	23
371	212	23
368	213	23
365	214	23
366	214	23
367	214	23
363	215	23
364	215	23
327	216	23
329	216	23
330	216	23
331	216	23
332	216	23
333	216	23
335	216	23
337	216	23
359	216	23
361	216	23
362	216	23
321	217	23
322	217	23
323	217	23
324	217	23
325	217	23
326	217	23
328	217	23
334	217	23
336	217	23
338	217	23
340	217	23
342	217	23
356	217	23
358	217	23
360	217	23
316	218	23
318	218	23
319	218	23
320	218	23
339	218	23
341	218	23
343	218	23
344	218	23
345	218	23
347	218	23
349	218	23
351	218	23
353	218	23
354	218	23
355	218	23
357	218	23
309	219	23
311	219	23
313	219	23
314	219	23
315	219	23
317	219	23
346	219	23
348	219	23
350	219	23
352	219	23
304	220	23
306	220	23
308	220	23
310	220	23
312	220	23
294	221	23
295	221	23
296	221	23
297	221	23
298	221	23
299	221	23
300	221	23
301	221	23
302	221	23
303	221	23
305	221	23
307	221	23
400	198	23
293	222	23
223	206	0
224	206	0
222	205	0
225	205	0
196	195	1
196	196	1
196	197	1
196	198	1
196	199	1
196	200	1
196	201	1
196	202	1
197	203	1
198	204	1
199	205	1
200	206	1
201	207	1
202	208	1
196	194	1
203	209	1
401	199	4
402	199	4
403	200	4
404	201	4
405	202	4
406	202	4
407	203	4
408	204	4
409	205	4
410	206	4
411	206	4
412	207	4
413	207	4
414	207	4
415	208	4
400	198	4
439	208	0
440	209	0
220	206	0
221	206	0
218	207	0
219	207	0
217	208	0
214	209	0
215	209	0
216	209	0
212	210	0
213	210	0
211	211	0
222	205	0
210	212	0
227	206	1
228	206	1
229	207	1
230	207	1
231	208	1
232	208	1
233	208	1
234	208	1
236	208	1
238	208	1
235	209	1
237	209	1
239	209	1
240	209	1
241	209	1
242	209	1
243	209	1
244	209	1
245	209	1
246	209	1
226	205	1
247	209	1
438	210	0
439	210	0
205	210	0
206	210	0
208	210	0
207	211	0
209	211	0
204	209	0
210	212	0
299	208	-977
300	209	-977
301	209	-977
302	210	-977
302	211	-977
303	212	-977
441	211	1
441	212	1
438	213	1
439	213	1
440	213	1
440	210	1
203	211	-1
203	212	-1
202	213	-1
201	214	-1
203	210	-1
249	210	0
250	211	0
251	212	0
252	213	0
253	213	0
254	214	0
255	215	0
256	216	0
257	217	0
258	218	0
248	209	0
259	219	0
210	213	1
210	214	1
210	215	1
209	216	1
209	217	1
209	218	1
208	219	1
208	220	1
210	212	1
208	221	1
275	219	1
277	219	1
278	219	1
279	219	1
261	220	1
262	220	1
264	220	1
265	220	1
266	220	1
267	220	1
269	220	1
270	220	1
271	220	1
272	220	1
273	220	1
274	220	1
276	220	1
280	220	1
281	220	1
282	220	1
283	220	1
284	220	1
285	220	1
287	220	1
263	221	1
268	221	1
286	221	1
260	220	1
288	221	1
289	220	0
290	221	0
288	221	0
291	222	0
292	221	0
291	222	0
293	222	0
194	221	1
196	221	1
198	221	1
200	221	1
202	221	1
204	221	1
182	222	1
184	222	1
186	222	1
188	222	1
189	222	1
190	222	1
191	222	1
192	222	1
193	222	1
195	222	1
197	222	1
199	222	1
201	222	1
203	222	1
205	222	1
206	222	1
175	223	1
176	223	1
177	223	1
178	223	1
179	223	1
180	223	1
181	223	1
183	223	1
185	223	1
187	223	1
173	224	1
174	224	1
172	225	1
170	226	1
171	226	1
168	227	1
169	227	1
167	228	1
207	222	1
166	229	1
414	221	2
411	222	2
412	222	2
413	222	2
408	223	2
410	223	2
407	224	2
409	224	2
406	225	2
405	226	2
405	227	2
405	228	2
405	229	2
236	221	1
238	221	1
240	221	1
242	221	1
244	221	1
257	221	1
258	221	1
233	222	1
234	222	1
235	222	1
237	222	1
239	222	1
241	222	1
243	222	1
245	222	1
246	222	1
247	222	1
249	222	1
255	222	1
256	222	1
232	223	1
248	223	1
250	223	1
251	223	1
252	223	1
253	223	1
254	223	1
230	224	1
231	224	1
229	225	1
228	226	1
226	227	1
227	227	1
259	220	1
225	228	1
288	222	1
288	223	1
288	224	1
288	221	1
291	223	1
291	224	1
291	222	1
293	223	1
293	224	1
293	222	1
147	207	1
147	208	1
147	209	1
147	210	1
147	211	1
147	212	1
147	213	1
148	214	1
148	215	1
148	216	1
148	217	1
148	218	1
148	219	1
148	220	1
148	221	1
148	222	1
148	223	1
148	224	1
148	225	1
147	206	1
148	226	1
143	214	1
143	215	1
143	216	1
143	217	1
143	218	1
143	219	1
143	220	1
143	221	1
143	222	1
143	223	1
143	224	1
143	225	1
143	226	1
143	227	1
143	228	1
143	229	1
150	227	1
151	227	1
152	227	1
153	227	1
156	227	1
154	228	1
155	228	1
157	228	1
158	228	1
160	228	1
162	228	1
164	228	1
159	229	1
161	229	1
163	229	1
165	229	1
149	227	1
166	229	1
209	223	0
210	223	0
211	224	0
212	225	0
213	225	0
214	226	0
216	226	0
215	227	0
217	227	0
218	227	0
219	228	0
220	228	0
221	228	0
223	228	0
222	229	0
208	222	0
224	228	0
147	228	0
146	229	0
145	230	0
148	227	0
144	230	0
76	202	0
76	203	0
75	204	0
75	205	0
74	206	0
74	207	0
73	208	0
73	209	0
72	210	0
72	211	0
71	212	0
71	213	0
70	214	0
71	215	0
71	216	0
72	217	0
72	218	0
73	219	0
73	220	0
74	221	0
74	222	0
75	223	0
75	224	0
76	225	0
76	226	0
77	227	0
77	228	0
78	229	0
78	230	0
79	231	0
77	201	0
80	232	0
414	229	1
412	230	1
413	230	1
407	231	1
408	231	1
409	231	1
410	231	1
411	231	1
406	230	1
142	231	0
81	232	0
82	232	0
83	232	0
84	232	0
85	232	0
86	232	0
87	232	0
88	232	0
89	232	0
90	232	0
91	232	0
92	232	0
93	232	0
94	232	0
95	232	0
96	232	0
97	232	0
98	232	0
99	232	0
100	232	0
101	232	0
102	232	0
103	232	0
104	232	0
105	232	0
106	232	0
107	232	0
108	232	0
109	232	0
110	232	0
111	232	0
112	232	0
113	232	0
114	232	0
115	232	0
116	232	0
117	232	0
118	232	0
119	232	0
120	232	0
121	232	0
122	232	0
123	232	0
124	232	0
125	232	0
126	232	0
127	232	0
128	232	0
129	232	0
130	232	0
131	232	0
132	232	0
133	232	0
134	232	0
135	232	0
136	232	0
137	232	0
138	232	0
139	232	0
140	232	0
141	232	0
143	230	0
80	232	0
415	235	-965
416	235	-965
417	235	-965
316	237	8
318	237	8
319	237	8
320	237	8
321	237	8
322	237	8
310	238	8
312	238	8
313	238	8
314	238	8
315	238	8
317	238	8
308	239	8
309	239	8
311	239	8
307	240	8
306	241	8
304	242	8
305	242	8
303	243	8
302	244	8
301	245	8
300	246	8
300	247	8
323	238	8
299	248	8
225	230	1
226	231	1
226	232	1
227	233	1
228	234	1
228	235	1
228	236	1
228	237	1
228	238	1
225	229	1
228	239	1
386	235	7
383	236	7
384	236	7
385	236	7
387	236	7
388	236	7
382	237	7
389	237	7
390	237	7
381	238	7
391	238	7
379	239	7
380	239	7
392	239	7
378	240	7
377	241	7
403	231	2
404	231	2
402	232	2
401	233	2
401	234	2
401	235	2
400	236	2
400	237	2
401	238	2
401	239	2
405	230	2
401	240	2
167	230	2
168	231	2
169	231	2
170	232	2
171	232	2
172	233	2
173	233	2
174	234	2
175	234	2
177	234	2
188	234	2
190	234	2
191	234	2
192	234	2
193	234	2
194	234	2
195	234	2
196	234	2
197	234	2
198	234	2
199	234	2
200	234	2
202	234	2
176	235	2
178	235	2
179	235	2
180	235	2
181	235	2
182	235	2
183	235	2
184	235	2
185	235	2
186	235	2
187	235	2
189	235	2
201	235	2
203	235	2
204	235	2
205	235	2
206	236	2
207	236	2
208	236	2
210	236	2
209	237	2
211	237	2
213	237	2
212	238	2
214	238	2
215	238	2
216	238	2
218	238	2
220	238	2
217	239	2
219	239	2
221	239	2
222	239	2
223	240	2
224	240	2
225	240	2
226	240	2
166	229	2
227	240	2
373	240	1
374	240	1
375	240	1
376	240	1
372	241	1
377	241	1
413	237	0
413	238	0
413	239	0
413	240	0
413	241	0
422	237	0
423	237	0
421	238	0
420	239	0
420	240	0
420	241	0
367	240	5
361	241	5
362	241	5
363	241	5
364	241	5
365	241	5
366	241	5
360	242	5
358	243	5
359	243	5
347	244	5
348	244	5
349	244	5
350	244	5
351	244	5
352	244	5
353	244	5
355	244	5
357	244	5
354	245	5
356	245	5
368	241	5
346	244	5
369	240	0
371	240	0
370	241	0
368	241	0
372	241	0
229	241	0
230	242	0
228	240	0
231	243	0
406	240	2
408	240	2
403	241	2
404	241	2
405	241	2
407	241	2
409	241	2
410	241	2
411	242	2
412	242	2
402	241	2
413	241	2
417	241	0
416	242	0
418	242	0
415	242	0
419	242	0
328	234	6
330	234	6
326	235	6
327	235	6
329	235	6
331	235	6
332	235	6
325	236	6
333	236	6
334	236	6
324	237	6
335	237	6
336	238	6
337	239	6
338	239	6
339	240	6
340	240	6
341	240	6
342	241	6
343	242	6
344	242	6
345	243	6
323	238	6
346	244	6
400	242	1
399	243	1
401	241	1
398	244	1
422	242	1
423	242	1
425	242	1
424	243	1
421	242	1
378	242	1
379	243	1
380	244	1
377	241	1
381	245	1
382	245	0
383	245	0
394	245	0
395	245	0
396	245	0
397	245	0
384	246	0
385	246	0
386	246	0
387	246	0
388	246	0
389	246	0
390	246	0
391	246	0
392	246	0
393	246	0
398	244	0
381	245	0
232	243	1
234	243	1
233	244	1
235	244	1
237	244	1
239	244	1
236	245	1
238	245	1
240	245	1
241	246	1
231	243	1
242	246	1
372	242	2
372	243	2
372	244	2
372	245	2
373	246	2
372	241	2
373	247	2
414	244	-1
414	245	-1
414	246	-1
414	243	-1
323	239	1
323	240	1
323	241	1
324	242	1
325	243	1
326	244	1
327	245	1
328	245	1
329	245	1
330	245	1
331	245	1
332	245	1
333	245	1
335	245	1
337	245	1
344	245	1
345	245	1
334	246	1
336	246	1
338	246	1
339	246	1
340	246	1
342	246	1
343	246	1
341	247	1
323	238	1
346	244	1
368	242	2
368	243	2
368	244	2
368	245	2
368	246	2
369	247	2
368	241	2
369	248	2
380	246	0
379	247	0
381	245	0
378	248	0
420	244	1
420	245	1
421	246	1
422	247	1
420	243	1
374	248	1
375	248	1
376	248	1
373	247	1
377	248	1
230	244	1
228	245	1
229	245	1
226	246	1
227	246	1
190	247	1
192	247	1
193	247	1
194	247	1
195	247	1
196	247	1
197	247	1
199	247	1
224	247	1
225	247	1
188	248	1
189	248	1
191	248	1
198	248	1
200	248	1
201	248	1
202	248	1
204	248	1
206	248	1
208	248	1
210	248	1
212	248	1
214	248	1
216	248	1
218	248	1
220	248	1
222	248	1
223	248	1
187	249	1
203	249	1
205	249	1
207	249	1
209	249	1
211	249	1
213	249	1
215	249	1
217	249	1
219	249	1
221	249	1
185	250	1
186	250	1
183	251	1
184	251	1
182	252	1
181	253	1
231	243	1
180	254	1
297	248	3
298	248	3
296	249	3
299	248	3
295	250	3
372	248	0
370	249	0
371	249	0
373	247	0
369	248	0
248	242	2
249	242	2
250	242	2
251	242	2
252	242	2
246	243	2
247	243	2
253	243	2
254	243	2
244	244	2
245	244	2
255	244	2
243	245	2
256	245	2
257	246	2
258	247	2
259	248	2
259	249	2
259	250	2
242	246	2
259	251	2
275	250	0
276	250	0
277	251	0
278	251	0
274	251	0
279	252	0
290	250	2
292	250	2
293	250	2
280	251	2
282	251	2
284	251	2
285	251	2
286	251	2
287	251	2
288	251	2
289	251	2
291	251	2
281	252	2
283	252	2
294	250	2
279	252	2
300	249	1
301	250	1
302	251	1
299	248	1
303	252	1
79	233	1
78	234	1
78	235	1
77	236	1
77	237	1
76	238	1
76	239	1
75	240	1
75	241	1
74	242	1
74	243	1
74	244	1
75	245	1
75	246	1
76	247	1
76	248	1
77	249	1
77	250	1
78	251	1
78	252	1
80	232	1
79	253	1
261	251	0
271	251	0
260	252	0
262	252	0
263	252	0
264	252	0
265	252	0
266	252	0
267	252	0
268	252	0
269	252	0
270	252	0
272	252	0
259	251	0
273	251	0
378	250	0
378	251	0
377	252	0
378	249	0
377	253	0
80	253	0
81	253	0
82	253	0
83	253	0
84	253	0
85	253	0
86	253	0
87	253	0
88	253	0
89	253	0
90	253	0
91	253	0
92	253	0
93	253	0
94	253	0
95	253	0
96	253	0
97	253	0
98	253	0
99	253	0
100	253	0
101	253	0
102	253	0
103	253	0
104	253	0
105	253	0
106	253	0
107	253	0
108	253	0
109	253	0
110	253	0
111	253	0
112	253	0
113	253	0
114	253	0
115	253	0
116	253	0
117	253	0
118	253	0
119	253	0
120	253	0
121	253	0
79	253	0
122	254	0
243	247	1
244	247	1
245	248	1
246	249	1
247	249	1
248	250	1
249	251	1
250	251	1
251	252	1
257	252	1
258	252	1
252	253	1
253	253	1
254	253	1
255	253	1
256	253	1
242	246	1
259	251	1
305	252	3
306	253	3
307	253	3
308	253	3
310	253	3
312	253	3
313	253	3
309	254	3
311	254	3
304	252	3
314	254	3
365	248	0
367	248	0
363	249	0
364	249	0
366	249	0
368	249	0
362	250	0
362	251	0
361	252	0
360	253	0
360	254	0
369	248	0
360	255	0
176	254	0
178	254	0
166	255	0
168	255	0
170	255	0
171	255	0
172	255	0
173	255	0
174	255	0
175	255	0
177	255	0
160	256	0
161	256	0
162	256	0
163	256	0
164	256	0
165	256	0
167	256	0
169	256	0
158	257	0
159	257	0
156	258	0
157	258	0
154	259	0
155	259	0
151	260	0
152	260	0
153	260	0
150	261	0
179	255	0
149	261	0
295	252	5
295	253	5
295	254	5
295	255	5
295	251	5
296	256	5
376	254	4
366	255	4
368	255	4
369	255	4
370	255	4
371	255	4
372	255	4
373	255	4
374	255	4
375	255	4
361	256	4
362	256	4
363	256	4
364	256	4
365	256	4
367	256	4
377	253	4
360	255	4
318	252	13
315	253	13
316	253	13
317	253	13
319	253	13
320	253	13
322	253	13
321	254	13
323	254	13
325	254	13
324	255	13
326	255	13
327	255	13
328	255	13
329	255	13
330	255	13
331	255	13
332	255	13
333	255	13
334	255	13
335	255	13
336	255	13
337	255	13
338	255	13
339	255	13
340	255	13
341	255	13
342	255	13
343	255	13
344	255	13
346	255	13
348	255	13
345	256	13
347	256	13
349	256	13
350	256	13
351	256	13
352	256	13
353	256	13
354	256	13
356	256	13
357	256	13
358	256	13
359	256	13
355	257	13
314	254	13
360	255	13
274	253	1
274	254	1
274	255	1
274	256	1
274	257	1
275	258	1
274	252	1
276	259	1
279	253	3
279	254	3
279	255	3
279	256	3
278	257	3
277	258	3
279	252	3
276	259	3
297	257	2
298	258	2
296	256	2
299	259	2
314	255	1
314	256	1
314	257	1
314	258	1
314	254	1
389	254	0
389	255	0
388	256	0
388	257	0
388	258	0
387	259	0
295	257	3
295	258	3
296	259	3
296	256	3
296	260	3
303	254	3
303	255	3
303	256	3
302	257	3
301	258	3
300	259	3
303	253	3
299	259	3
378	254	2
379	255	2
380	256	2
381	256	2
382	257	2
383	258	2
384	258	2
385	258	2
386	259	2
377	253	2
387	259	2
123	253	0
124	253	0
125	253	0
126	253	0
127	253	0
128	253	0
129	253	0
130	253	0
131	253	0
132	253	0
133	253	0
134	253	0
135	253	0
136	253	0
137	253	0
138	253	0
139	253	0
140	253	0
141	254	0
142	255	0
143	256	0
144	257	0
145	258	0
146	259	0
147	260	0
122	254	0
148	261	0
298	260	1
299	259	1
297	261	1
428	260	0
429	261	0
430	260	0
429	261	0
410	261	0
409	262	0
275	260	0
274	261	0
272	262	0
273	262	0
276	259	0
271	263	0
293	262	7
294	262	7
295	262	7
292	263	7
291	264	7
272	265	7
290	265	7
273	266	7
289	266	7
274	267	7
287	267	7
288	267	7
275	268	7
283	268	7
285	268	7
286	268	7
276	269	7
277	269	7
278	269	7
279	269	7
281	269	7
282	269	7
284	269	7
280	270	7
296	261	7
271	264	7
399	245	6
400	246	6
401	247	6
401	248	6
402	249	6
402	250	6
403	251	6
402	252	6
403	253	6
404	254	6
404	255	6
404	256	6
404	257	6
404	258	6
404	259	6
405	260	6
406	261	6
407	261	6
408	262	6
398	244	6
409	262	6
181	256	0
182	256	0
183	257	0
184	257	0
224	257	0
226	257	0
228	257	0
230	257	0
232	257	0
234	257	0
185	258	0
186	258	0
222	258	0
223	258	0
225	258	0
227	258	0
229	258	0
231	258	0
233	258	0
235	258	0
187	259	0
188	259	0
219	259	0
220	259	0
221	259	0
236	259	0
237	259	0
238	259	0
189	260	0
190	260	0
192	260	0
194	260	0
196	260	0
198	260	0
200	260	0
202	260	0
204	260	0
216	260	0
217	260	0
218	260	0
239	260	0
240	260	0
241	260	0
242	260	0
243	260	0
191	261	0
193	261	0
195	261	0
197	261	0
199	261	0
201	261	0
203	261	0
205	261	0
206	261	0
207	261	0
208	261	0
209	261	0
210	261	0
211	261	0
212	261	0
213	261	0
214	261	0
215	261	0
244	261	0
245	261	0
246	261	0
248	261	0
250	261	0
252	261	0
254	261	0
256	261	0
257	261	0
258	261	0
260	261	0
247	262	0
249	262	0
251	262	0
253	262	0
255	262	0
259	262	0
261	262	0
262	262	0
263	262	0
264	262	0
265	262	0
266	262	0
267	262	0
269	262	0
268	263	0
180	255	0
270	263	0
410	263	0
409	262	0
429	262	-1
428	263	-1
429	261	-1
148	263	0
148	264	0
148	262	0
147	265	0
388	260	2
389	260	2
390	261	2
391	262	2
392	262	2
393	263	2
394	264	2
395	264	2
396	264	2
397	264	2
387	259	2
426	267	-962
427	268	-962
123	255	1
124	256	1
125	257	1
126	258	1
127	259	1
128	260	1
129	261	1
130	262	1
131	263	1
132	264	1
133	265	1
134	266	1
135	267	1
136	268	1
137	269	1
138	270	1
139	271	1
122	254	1
140	272	1
146	266	1
145	267	1
144	268	1
143	269	1
142	270	1
141	271	1
147	265	1
140	272	1
370	270	-971
370	271	-971
371	272	-971
372	272	-971
373	272	-971
374	273	-971
375	274	-971
256	273	2
258	273	2
259	273	2
260	273	2
261	273	2
262	273	2
263	273	2
264	273	2
250	274	2
252	274	2
253	274	2
254	274	2
255	274	2
257	274	2
265	274	2
249	275	2
251	275	2
266	275	2
246	276	2
247	276	2
248	276	2
244	277	2
245	277	2
243	278	2
242	279	2
224	280	2
225	280	2
226	280	2
227	280	2
228	280	2
229	280	2
230	280	2
240	280	2
241	280	2
223	281	2
231	281	2
232	281	2
233	281	2
234	281	2
235	281	2
236	281	2
238	281	2
239	281	2
237	282	2
267	276	2
222	282	2
190	275	0
191	275	0
192	275	0
189	276	0
193	276	0
194	276	0
188	277	0
195	277	0
324	272	16
322	273	16
323	273	16
325	273	16
321	274	16
326	274	16
320	275	16
327	275	16
319	276	16
328	276	16
317	277	16
318	277	16
316	278	16
315	279	16
314	280	16
312	281	16
313	281	16
294	282	16
296	282	16
311	282	16
295	283	16
297	283	16
298	283	16
300	283	16
307	283	16
308	283	16
309	283	16
310	283	16
299	284	16
301	284	16
302	284	16
303	284	16
304	284	16
306	284	16
305	285	16
293	282	16
148	266	1
148	267	1
148	268	1
148	269	1
148	270	1
148	271	1
148	272	1
148	273	1
148	274	1
148	275	1
148	276	1
148	277	1
147	265	1
148	278	1
187	276	0
183	277	0
184	277	0
185	277	0
186	277	0
181	278	0
182	278	0
180	279	0
178	280	0
179	280	0
188	277	0
177	281	0
268	275	0
269	276	0
270	277	0
271	277	0
267	276	0
272	278	0
273	277	1
272	278	1
196	276	1
198	276	1
199	276	1
200	276	1
201	276	1
202	276	1
203	276	1
204	276	1
205	276	1
206	276	1
197	277	1
207	277	1
208	277	1
209	277	1
210	278	1
211	279	1
212	279	1
195	277	1
213	280	1
171	280	0
172	280	0
173	280	0
174	280	0
175	280	0
176	280	0
170	281	0
168	282	0
169	282	0
167	283	0
177	281	0
166	284	0
258	279	1
259	280	1
260	281	1
265	277	11
266	277	11
264	278	11
262	279	11
263	279	11
261	280	11
267	276	11
260	281	11
293	277	7
292	278	7
292	279	7
292	280	7
292	281	7
188	278	3
189	279	3
190	280	3
191	281	3
188	277	3
192	282	3
195	278	3
195	279	3
195	280	3
194	281	3
195	277	3
193	282	3
214	279	1
215	280	1
216	280	1
217	280	1
218	280	1
219	280	1
220	281	1
221	281	1
213	280	1
222	282	1
150	279	1
151	279	1
152	279	1
153	279	1
154	279	1
155	279	1
156	280	1
157	280	1
158	280	1
159	281	1
160	281	1
161	281	1
162	281	1
163	282	1
164	282	1
165	283	1
149	279	1
166	284	1
140	273	1
140	274	1
140	275	1
140	276	1
140	277	1
140	278	1
140	279	1
140	280	1
140	281	1
140	282	1
140	283	1
140	284	1
140	272	1
140	285	1
211	282	0
210	283	0
209	284	0
212	281	0
147	280	0
146	281	0
145	282	0
144	283	0
143	284	0
142	285	0
148	279	0
141	286	0
78	254	1
78	255	1
77	256	1
77	257	1
76	258	1
76	259	1
75	260	1
75	261	1
74	262	1
74	263	1
73	264	1
73	265	1
72	266	1
72	267	1
71	268	1
71	269	1
70	270	1
70	271	1
69	272	1
70	273	1
70	274	1
71	275	1
71	276	1
72	277	1
72	278	1
73	279	1
73	280	1
74	281	1
74	282	1
75	283	1
75	284	1
76	285	1
76	286	1
79	253	1
77	287	1
213	282	0
213	283	0
213	284	0
212	285	0
211	286	0
212	281	0
273	279	2
274	280	2
275	281	2
276	281	2
277	282	2
278	283	2
279	284	2
280	284	2
281	285	2
282	285	2
283	286	2
284	286	2
272	278	2
285	287	2
291	283	0
290	284	0
289	285	0
287	286	0
288	286	0
292	282	0
286	287	0
78	287	1
79	287	1
80	287	1
81	287	1
82	287	1
83	287	1
84	287	1
85	287	1
86	287	1
87	287	1
88	287	1
89	287	1
90	287	1
91	287	1
92	287	1
93	287	1
94	287	1
95	287	1
96	287	1
97	287	1
98	287	1
99	287	1
100	287	1
101	287	1
102	287	1
103	287	1
104	287	1
105	287	1
106	287	1
107	287	1
108	287	1
109	287	1
110	287	1
111	287	1
112	287	1
113	287	1
114	287	1
115	287	1
116	287	1
117	287	1
118	287	1
119	287	1
120	287	1
121	287	1
122	287	1
123	287	1
124	287	1
125	287	1
126	287	1
127	287	1
128	287	1
129	287	1
130	287	1
131	287	1
132	287	1
133	287	1
134	287	1
135	287	1
136	287	1
137	287	1
138	287	1
139	287	1
140	286	1
77	287	1
76	288	0
77	287	0
77	289	0
338	287	1
337	288	1
336	289	1
329	288	3
332	288	3
326	289	3
327	289	3
328	289	3
330	289	3
331	289	3
333	289	3
334	289	3
325	290	3
335	290	3
324	291	3
323	292	3
322	293	3
321	294	3
320	295	3
319	296	3
319	297	3
336	289	3
319	298	3
177	282	2
177	283	2
177	284	2
177	285	2
177	286	2
178	287	2
179	288	2
179	289	2
179	290	2
179	291	2
177	281	2
179	292	2
337	290	0
337	291	0
338	292	0
336	289	0
166	285	3
166	286	3
166	287	3
166	288	3
166	289	3
166	290	3
166	291	3
166	292	3
166	293	3
166	294	3
166	295	3
166	284	3
166	296	3
191	284	4
191	285	4
190	286	4
190	287	4
189	288	4
189	289	4
188	290	4
188	291	4
188	292	4
187	293	4
187	294	4
187	295	4
192	283	4
186	296	4
180	293	0
181	294	0
182	295	0
183	295	0
184	296	0
185	296	0
179	292	0
186	296	0
178	293	0
176	294	0
177	294	0
174	295	0
175	295	0
172	296	0
173	296	0
168	297	0
169	297	0
170	297	0
171	297	0
179	292	0
167	297	0
187	297	0
186	296	0
188	298	0
165	298	0
166	297	0
164	299	0
78	289	1
79	289	1
80	289	1
81	289	1
82	289	1
83	289	1
84	289	1
85	289	1
86	289	1
87	289	1
88	289	1
89	289	1
90	289	1
91	289	1
92	289	1
93	289	1
94	289	1
95	289	1
96	289	1
97	289	1
98	289	1
99	289	1
100	289	1
101	289	1
102	289	1
103	289	1
104	289	1
105	289	1
106	289	1
107	289	1
108	289	1
109	289	1
110	289	1
111	289	1
112	289	1
113	289	1
114	289	1
115	289	1
116	289	1
117	289	1
118	289	1
119	289	1
120	289	1
121	289	1
122	289	1
123	289	1
124	289	1
125	289	1
126	289	1
127	289	1
128	289	1
129	289	1
130	289	1
131	289	1
132	289	1
133	289	1
134	289	1
135	289	1
136	289	1
137	289	1
138	289	1
139	289	1
140	289	1
141	289	1
142	289	1
143	289	1
144	290	1
145	291	1
146	291	1
147	292	1
148	292	1
149	293	1
150	293	1
151	294	1
152	294	1
153	295	1
154	296	1
155	296	1
156	297	1
157	297	1
158	297	1
159	298	1
160	298	1
161	299	1
162	299	1
77	289	1
163	299	1
286	289	7
286	290	7
286	291	7
287	292	7
287	293	7
288	294	7
289	295	7
290	296	7
291	297	7
292	297	7
293	297	7
294	297	7
295	298	7
296	298	7
297	298	7
298	298	7
300	298	7
302	298	7
304	298	7
306	298	7
314	298	7
299	299	7
301	299	7
303	299	7
305	299	7
307	299	7
308	299	7
309	299	7
310	299	7
311	299	7
312	299	7
313	299	7
315	299	7
316	299	7
317	299	7
286	288	7
318	299	7
243	294	0
244	295	0
245	296	0
246	297	0
247	298	0
248	299	0
249	300	0
250	301	0
259	282	14
259	283	14
259	284	14
259	285	14
259	286	14
259	287	14
258	288	14
258	289	14
257	290	14
257	291	14
256	292	14
255	293	14
255	294	14
254	295	14
254	296	14
253	297	14
253	298	14
252	299	14
251	300	14
260	281	14
250	301	14
190	300	1
191	301	1
191	302	1
192	303	1
189	299	1
193	304	1
222	283	3
222	284	3
222	285	3
222	286	3
222	287	3
221	288	3
219	289	3
220	289	3
218	290	3
217	291	3
216	292	3
215	293	3
214	294	3
213	295	3
214	296	3
213	297	3
213	298	3
214	299	3
214	300	3
214	301	3
214	302	3
214	303	3
222	282	3
215	304	3
248	302	2
249	302	2
245	303	2
246	303	2
247	303	2
243	304	2
244	304	2
241	305	2
242	305	2
217	306	2
240	306	2
218	307	2
219	307	2
238	307	2
239	307	2
220	308	2
222	308	2
233	308	2
234	308	2
235	308	2
236	308	2
237	308	2
221	309	2
223	309	2
224	309	2
225	309	2
226	309	2
227	309	2
228	309	2
229	309	2
230	309	2
231	309	2
232	309	2
250	301	2
216	305	2
164	301	1
164	302	1
163	303	1
163	304	1
164	300	1
163	305	1
187	300	0
186	301	0
185	302	0
184	303	0
183	304	0
188	299	0
320	300	4
321	301	4
322	302	4
323	302	4
324	303	4
325	304	4
326	304	4
327	305	4
327	306	4
328	307	4
329	308	4
319	299	4
76	290	1
76	291	1
75	292	1
75	293	1
74	294	1
74	295	1
73	296	1
73	297	1
72	298	1
72	299	1
71	300	1
71	301	1
70	302	1
71	303	1
71	304	1
72	305	1
72	306	1
73	307	1
73	308	1
74	309	1
77	289	1
75	310	1
142	309	1
143	309	1
144	309	1
145	309	1
146	309	1
147	309	1
148	309	1
76	310	1
77	310	1
78	310	1
79	310	1
80	310	1
81	310	1
82	310	1
83	310	1
84	310	1
85	310	1
86	310	1
87	310	1
88	310	1
89	310	1
90	310	1
91	310	1
92	310	1
93	310	1
94	310	1
95	310	1
96	310	1
97	310	1
98	310	1
99	310	1
100	310	1
101	310	1
102	310	1
103	310	1
104	310	1
105	310	1
106	310	1
107	310	1
108	310	1
109	310	1
110	310	1
111	310	1
112	310	1
113	310	1
114	310	1
115	310	1
116	310	1
117	310	1
118	310	1
119	310	1
120	310	1
121	310	1
122	310	1
123	310	1
124	310	1
125	310	1
126	310	1
127	310	1
128	310	1
129	310	1
130	310	1
131	310	1
132	310	1
133	310	1
134	310	1
135	310	1
136	310	1
137	310	1
138	310	1
139	310	1
140	310	1
141	310	1
75	310	1
149	310	1
162	307	0
161	308	0
160	309	0
163	306	0
159	310	0
192	306	2
191	307	2
190	308	2
189	309	2
193	305	2
188	310	2
150	309	0
152	309	0
151	310	0
153	310	0
154	310	0
155	310	0
156	310	0
157	310	0
149	310	0
158	310	0
165	306	0
166	306	0
167	307	0
168	307	0
169	308	0
170	308	0
171	309	0
172	309	0
173	310	0
174	310	0
175	311	0
176	311	0
177	311	0
178	311	0
179	311	0
180	312	0
181	312	0
182	312	0
184	312	0
185	312	0
186	312	0
183	313	0
164	306	0
187	311	0
195	304	5
196	304	5
197	304	5
198	305	5
199	306	5
200	306	5
201	307	5
201	308	5
202	309	5
203	310	5
204	311	5
204	312	5
204	313	5
194	304	5
204	314	5
251	302	2
252	303	2
252	304	2
253	305	2
254	306	2
255	307	2
256	308	2
257	309	2
257	310	2
258	311	2
259	312	2
260	313	2
250	301	2
360	311	7
362	311	7
364	311	7
366	311	7
368	311	7
370	311	7
359	312	7
361	312	7
363	312	7
365	312	7
367	312	7
369	312	7
371	312	7
372	312	7
373	312	7
374	312	7
375	312	7
377	312	7
357	313	7
358	313	7
376	313	7
378	313	7
379	313	7
380	313	7
381	313	7
382	313	7
383	313	7
384	313	7
356	314	7
385	314	7
386	314	7
387	314	7
388	314	7
389	314	7
390	314	7
355	315	7
354	316	7
353	317	7
353	318	7
353	319	7
403	314	1
402	315	1
214	306	1
214	307	1
213	308	1
212	309	1
211	310	1
210	311	1
209	312	1
208	313	1
207	314	1
206	315	1
215	305	1
205	316	1
149	311	1
149	312	1
149	313	1
149	314	1
149	315	1
149	316	1
149	310	1
398	315	0
399	316	0
400	317	0
401	316	0
402	315	0
400	317	0
403	316	1
404	316	1
402	315	1
189	312	1
190	312	1
191	313	1
192	313	1
193	314	1
194	314	1
195	315	1
196	316	1
197	316	1
199	316	1
201	316	1
202	316	1
198	317	1
200	317	1
188	311	1
203	315	1
159	312	0
159	313	0
159	314	0
159	315	0
159	316	0
159	317	0
159	318	0
159	311	0
159	319	0
399	318	1
400	317	1
74	311	0
73	312	0
73	313	0
72	314	0
72	315	0
71	316	0
71	317	0
71	318	0
72	319	0
72	320	0
75	310	0
73	321	0
351	319	6
348	320	6
349	320	6
350	320	6
352	320	6
344	321	6
346	321	6
347	321	6
305	322	6
308	322	6
309	322	6
311	322	6
341	322	6
343	322	6
345	322	6
303	323	6
304	323	6
306	323	6
307	323	6
310	323	6
312	323	6
313	323	6
314	323	6
316	323	6
318	323	6
336	323	6
338	323	6
340	323	6
342	323	6
300	324	6
301	324	6
302	324	6
315	324	6
317	324	6
319	324	6
321	324	6
323	324	6
325	324	6
327	324	6
329	324	6
331	324	6
333	324	6
334	324	6
335	324	6
337	324	6
339	324	6
297	325	6
298	325	6
299	325	6
320	325	6
322	325	6
324	325	6
326	325	6
328	325	6
330	325	6
332	325	6
296	326	6
353	319	6
295	327	6
206	317	1
207	318	1
207	319	1
208	320	1
209	321	1
205	316	1
354	320	5
355	320	5
356	321	5
357	321	5
363	321	5
358	322	5
359	322	5
360	322	5
361	322	5
362	322	5
353	319	5
364	322	5
366	322	1
367	322	1
365	322	1
75	323	0
76	323	0
74	322	0
77	324	0
158	320	-1
157	321	-1
155	322	-1
156	322	-1
153	323	-1
154	323	-1
149	324	-1
150	324	-1
151	324	-1
152	324	-1
147	325	-1
148	325	-1
159	319	-1
146	326	-1
364	324	1
364	323	1
79	324	6
80	324	6
81	324	6
82	324	6
83	324	6
84	324	6
85	324	6
86	324	6
87	324	6
88	324	6
89	324	6
90	324	6
91	324	6
92	324	6
93	324	6
94	324	6
95	324	6
96	324	6
97	324	6
98	324	6
99	324	6
100	324	6
101	324	6
102	324	6
103	324	6
104	324	6
105	324	6
106	324	6
107	324	6
108	324	6
109	324	6
110	324	6
111	324	6
112	324	6
113	324	6
114	324	6
115	324	6
116	324	6
117	324	6
118	324	6
119	324	6
120	324	6
121	324	6
122	324	6
123	324	6
124	324	6
125	324	6
126	324	6
127	324	6
128	324	6
129	324	6
130	324	6
131	324	6
132	324	6
133	324	6
134	324	6
135	324	6
136	324	6
137	324	6
138	324	6
139	324	6
140	324	6
141	324	6
142	324	6
143	325	6
144	325	6
78	324	6
145	326	6
281	325	9
282	325	9
283	325	9
284	325	9
285	325	9
286	325	9
287	325	9
288	325	9
289	325	9
290	325	9
291	325	9
292	325	9
277	326	9
278	326	9
279	326	9
280	326	9
293	326	9
294	326	9
276	327	9
295	327	9
275	328	9
268	325	1
267	326	1
269	326	1
270	326	1
271	326	1
272	327	1
273	327	1
274	327	1
266	327	1
275	328	1
242	326	0
243	326	0
244	326	0
245	326	0
246	326	0
248	326	0
263	326	0
265	326	0
238	327	0
239	327	0
240	327	0
241	327	0
247	327	0
249	327	0
250	327	0
251	327	0
252	327	0
253	327	0
254	327	0
256	327	0
258	327	0
260	327	0
262	327	0
264	327	0
236	328	0
237	328	0
255	328	0
257	328	0
259	328	0
261	328	0
235	329	0
266	327	0
234	330	0
358	326	1
358	327	1
358	328	1
358	329	1
355	329	6
356	329	6
350	330	6
352	330	6
353	330	6
354	330	6
357	330	6
349	331	6
351	331	6
348	332	6
346	333	6
347	333	6
345	334	6
344	335	6
344	336	6
343	337	6
342	338	6
342	339	6
342	340	6
358	329	6
341	341	6
222	331	0
224	331	0
225	331	0
220	332	0
221	332	0
223	332	0
226	332	0
227	332	0
218	333	0
219	333	0
217	334	0
216	335	0
228	333	0
215	335	0
232	330	0
233	330	0
230	331	0
231	331	0
229	332	0
234	330	0
228	333	0
366	328	4
367	328	4
369	328	4
370	328	4
372	328	4
374	328	4
360	329	4
362	329	4
363	329	4
365	329	4
368	329	4
371	329	4
373	329	4
375	329	4
376	329	4
359	330	4
361	330	4
364	330	4
377	330	4
379	330	4
378	331	4
380	331	4
381	332	4
358	329	4
382	333	4
266	328	3
266	329	3
267	330	3
267	331	3
267	332	3
267	333	3
266	327	3
267	334	3
160	320	0
161	321	0
162	321	0
163	322	0
164	322	0
165	323	0
167	323	0
166	324	0
168	324	0
169	324	0
170	324	0
172	324	0
171	325	0
173	325	0
174	325	0
175	325	0
176	326	0
177	326	0
178	326	0
179	327	0
180	327	0
182	327	0
181	328	0
183	328	0
185	328	0
184	329	0
186	329	0
187	329	0
188	329	0
190	329	0
192	329	0
194	329	0
196	329	0
198	329	0
200	329	0
202	329	0
204	329	0
189	330	0
191	330	0
193	330	0
195	330	0
197	330	0
199	330	0
201	330	0
203	330	0
205	330	0
206	330	0
207	331	0
208	332	0
209	332	0
210	333	0
211	333	0
212	334	0
213	334	0
214	334	0
159	319	0
215	335	0
274	329	3
273	330	3
272	331	3
271	332	3
270	333	3
269	334	3
275	328	3
268	335	3
381	334	0
380	335	0
382	333	0
390	332	-1
390	333	-1
391	334	-1
392	335	-1
391	336	-1
235	331	0
236	332	0
237	333	0
238	334	0
239	335	0
240	336	0
234	330	0
241	337	0
383	333	5
384	333	5
385	334	5
386	334	5
387	334	5
388	335	5
389	336	5
382	333	5
390	337	5
146	328	1
146	329	1
146	330	1
146	331	1
146	332	1
146	333	1
146	334	1
146	335	1
146	336	1
146	337	1
146	338	1
146	327	1
146	339	1
387	338	1
388	338	1
392	338	0
391	337	0
77	326	7
77	327	7
77	328	7
77	329	7
77	330	7
78	331	7
79	332	7
80	332	7
81	333	7
82	333	7
83	334	7
84	334	7
85	335	7
86	335	7
87	336	7
88	336	7
89	337	7
90	337	7
91	338	7
92	338	7
93	339	7
94	339	7
77	325	7
95	340	7
266	336	2
265	337	2
243	338	2
244	338	2
263	338	2
264	338	2
245	339	2
246	339	2
253	339	2
255	339	2
257	339	2
258	339	2
259	339	2
260	339	2
261	339	2
262	339	2
247	340	2
248	340	2
249	340	2
250	340	2
251	340	2
252	340	2
254	340	2
256	340	2
267	335	2
242	337	2
97	340	7
98	340	7
99	340	7
100	340	7
101	340	7
102	340	7
103	340	7
104	340	7
105	340	7
106	340	7
107	340	7
108	340	7
109	340	7
110	340	7
111	340	7
112	340	7
113	340	7
114	340	7
115	340	7
116	340	7
117	340	7
118	340	7
119	340	7
120	340	7
121	340	7
122	340	7
123	340	7
124	340	7
125	340	7
126	340	7
127	340	7
128	340	7
129	340	7
130	340	7
131	340	7
132	340	7
133	340	7
134	340	7
135	340	7
136	340	7
137	340	7
138	340	7
139	340	7
140	340	7
141	340	7
142	340	7
143	340	7
144	340	7
96	340	7
145	340	7
212	336	1
213	336	1
210	337	1
211	337	1
208	338	1
209	338	1
206	339	1
207	339	1
199	340	1
201	340	1
203	340	1
204	340	1
205	340	1
190	341	1
192	341	1
193	341	1
194	341	1
195	341	1
196	341	1
197	341	1
198	341	1
200	341	1
202	341	1
188	342	1
189	342	1
191	342	1
186	343	1
187	343	1
184	344	1
185	344	1
214	336	1
183	345	1
389	340	2
389	339	2
295	328	6
296	329	6
297	330	6
298	331	6
298	332	6
299	333	6
300	333	6
301	334	6
302	335	6
303	335	6
304	336	6
306	336	6
305	337	6
307	337	6
308	337	6
309	338	6
310	339	6
311	339	6
312	339	6
313	339	6
314	339	6
315	339	6
317	339	6
319	339	6
316	340	6
318	340	6
320	340	6
321	340	6
322	340	6
323	340	6
324	340	6
325	340	6
326	340	6
327	340	6
328	340	6
329	340	6
330	340	6
331	340	6
333	340	6
336	340	6
338	340	6
339	340	6
332	341	6
334	341	6
335	341	6
337	341	6
340	341	6
295	327	6
341	341	6
147	341	1
148	342	1
146	340	1
149	343	1
228	334	1
228	335	1
228	336	1
228	337	1
228	338	1
228	339	1
228	340	1
229	341	1
230	342	1
228	333	1
231	343	1
155	341	1
156	341	1
158	341	1
160	341	1
162	341	1
164	341	1
166	341	1
168	341	1
170	341	1
172	341	1
152	342	1
153	342	1
154	342	1
157	342	1
159	342	1
161	342	1
163	342	1
165	342	1
167	342	1
169	342	1
171	342	1
173	342	1
174	342	1
175	342	1
176	342	1
177	342	1
178	342	1
151	343	1
179	343	1
180	343	1
181	344	1
182	344	1
150	343	1
183	345	1
241	339	1
240	340	1
239	341	1
237	342	1
238	342	1
236	343	1
233	344	1
234	344	1
235	344	1
241	338	1
232	344	1
215	337	0
215	338	0
215	339	0
215	340	0
215	341	0
215	342	0
215	343	0
215	344	0
216	345	0
216	346	0
216	347	0
214	336	0
216	348	0
230	345	0
229	346	0
228	347	0
231	344	0
227	348	0
342	342	3
343	343	3
344	343	3
345	344	3
346	345	3
347	346	3
348	347	3
349	347	3
341	341	3
350	348	3
356	344	0
355	345	0
354	346	0
354	347	0
353	348	0
351	348	0
350	348	0
352	349	0
149	345	0
149	346	0
149	347	0
148	348	0
148	349	0
149	344	0
148	350	0
217	349	0
218	349	0
220	349	0
222	349	0
224	349	0
225	349	0
219	350	0
221	350	0
223	350	0
216	348	0
226	348	0
354	350	1
353	349	1
183	346	1
183	347	1
183	348	1
182	349	1
181	350	1
181	351	1
183	345	1
181	352	1
349	349	5
348	350	5
347	351	5
350	348	5
95	342	2
95	343	2
95	344	2
95	345	2
95	346	2
96	347	2
97	348	2
98	348	2
99	349	2
100	349	2
101	350	2
102	350	2
103	351	2
104	351	2
105	352	2
106	352	2
107	353	2
108	353	2
95	341	2
109	354	2
146	352	4
147	352	4
145	353	4
111	354	4
112	354	4
113	354	4
114	354	4
115	354	4
116	354	4
117	354	4
118	354	4
119	354	4
120	354	4
121	354	4
122	354	4
123	354	4
124	354	4
125	354	4
126	354	4
127	354	4
128	354	4
129	354	4
130	354	4
131	354	4
132	354	4
133	354	4
134	354	4
135	354	4
136	354	4
137	354	4
138	354	4
139	354	4
140	354	4
141	354	4
142	354	4
143	354	4
144	354	4
148	351	4
110	354	4
150	352	1
151	352	1
152	353	1
153	353	1
180	353	1
154	354	1
155	354	1
156	354	1
157	354	1
158	354	1
159	354	1
160	354	1
161	354	1
163	354	1
165	354	1
167	354	1
169	354	1
171	354	1
178	354	1
179	354	1
162	355	1
164	355	1
166	355	1
168	355	1
170	355	1
172	355	1
173	355	1
174	355	1
175	355	1
176	355	1
177	355	1
149	351	1
181	352	1
215	349	0
213	350	0
214	350	0
212	351	0
210	352	0
211	352	0
209	353	0
208	354	0
206	355	0
207	355	0
205	356	0
204	357	0
216	348	0
203	358	0
182	353	0
183	354	0
184	354	0
185	355	0
186	355	0
187	356	0
188	356	0
190	356	0
189	357	0
191	357	0
192	357	0
193	357	0
194	357	0
196	357	0
197	357	0
198	357	0
199	357	0
195	358	0
200	358	0
201	358	0
181	352	0
202	358	0
227	350	5
228	351	5
228	352	5
229	353	5
230	354	5
231	355	5
232	356	5
233	357	5
233	358	5
234	359	5
235	360	5
236	360	5
237	360	5
238	361	5
239	362	5
240	363	5
227	349	5
278	361	1
278	362	1
278	363	1
278	364	1
278	365	1
278	366	1
278	367	1
109	356	1
109	357	1
109	358	1
109	359	1
109	360	1
109	361	1
110	362	1
111	363	1
112	363	1
113	364	1
114	364	1
115	365	1
116	365	1
117	366	1
118	366	1
119	367	1
120	367	1
109	355	1
121	368	1
204	360	1
204	361	1
204	362	1
205	363	1
205	364	1
204	365	1
203	366	1
203	367	1
203	359	1
203	368	1
269	368	1
271	368	1
273	368	1
274	368	1
275	368	1
276	368	1
266	369	1
267	369	1
268	369	1
270	369	1
272	369	1
262	370	1
264	370	1
265	370	1
260	371	1
261	371	1
263	371	1
259	372	1
257	373	1
258	373	1
248	374	1
251	374	1
252	374	1
254	374	1
255	374	1
256	374	1
242	375	1
244	375	1
245	375	1
246	375	1
247	375	1
249	375	1
250	375	1
253	375	1
234	376	1
236	376	1
237	376	1
238	376	1
239	376	1
240	376	1
241	376	1
243	376	1
227	377	1
228	377	1
230	377	1
232	377	1
233	377	1
235	377	1
226	378	1
229	378	1
231	378	1
277	368	1
225	379	1
123	368	4
124	368	4
125	368	4
126	368	4
127	368	4
128	368	4
129	368	4
130	368	4
131	368	4
132	368	4
133	368	4
134	368	4
135	368	4
136	368	4
137	368	4
138	368	4
139	368	4
140	368	4
141	368	4
142	368	4
144	368	4
143	369	4
145	369	4
146	369	4
148	369	4
150	369	4
152	369	4
154	369	4
156	369	4
158	369	4
160	369	4
162	369	4
164	369	4
166	369	4
168	369	4
170	369	4
172	369	4
174	369	4
176	369	4
178	369	4
180	369	4
201	369	4
202	369	4
147	370	4
149	370	4
151	370	4
153	370	4
155	370	4
157	370	4
159	370	4
161	370	4
163	370	4
165	370	4
167	370	4
169	370	4
171	370	4
173	370	4
175	370	4
177	370	4
179	370	4
181	370	4
196	370	4
198	370	4
199	370	4
200	370	4
182	371	4
183	371	4
184	371	4
185	371	4
186	371	4
187	371	4
188	371	4
190	371	4
192	371	4
193	371	4
194	371	4
195	371	4
197	371	4
189	372	4
191	372	4
122	368	4
203	368	4
303	366	5
304	367	5
305	368	5
306	369	5
306	370	5
306	371	5
306	372	5
306	373	5
306	374	5
306	375	5
204	369	0
205	370	0
206	370	0
207	371	0
208	371	0
209	372	0
210	373	0
211	373	0
212	373	0
213	374	0
214	374	0
215	375	0
216	375	0
203	368	0
217	376	0
310	371	6
309	372	6
308	373	6
308	374	6
308	375	6
307	376	6
218	377	0
219	377	0
220	378	0
217	376	0
221	379	0
223	377	0
222	378	0
224	378	0
221	379	0
225	379	0
279	369	10
280	369	10
281	370	10
282	371	10
283	372	10
284	372	10
285	373	10
286	374	10
287	375	10
288	375	10
289	376	10
305	376	10
290	377	10
291	377	10
303	377	10
304	377	10
292	378	10
301	378	10
302	378	10
293	379	10
294	379	10
295	379	10
296	379	10
297	379	10
299	379	10
300	379	10
298	380	10
278	368	10
306	375	10
216	377	1
215	378	1
214	379	1
213	380	1
214	381	1
215	382	1
216	383	1
217	376	1
217	384	1
221	380	0
220	381	0
219	382	0
218	383	0
221	379	0
217	384	0
308	377	3
309	378	3
310	379	3
311	380	3
312	381	3
313	382	3
314	383	3
307	376	3
121	370	1
121	371	1
121	372	1
121	373	1
121	374	1
121	375	1
121	376	1
122	377	1
123	378	1
124	378	1
125	379	1
126	379	1
127	380	1
128	380	1
129	381	1
130	381	1
131	382	1
132	382	1
133	383	1
134	383	1
135	384	1
136	384	1
137	385	1
138	385	1
121	369	1
139	386	1
145	385	0
144	386	0
146	386	0
216	385	0
217	384	0
215	386	0
386	378	5
385	379	5
385	380	5
385	381	5
384	382	5
383	383	5
382	384	5
382	385	5
381	386	5
143	385	1
141	386	1
142	386	1
140	386	1
144	386	1
157	384	5
159	384	5
161	384	5
163	384	5
165	384	5
167	384	5
147	385	5
148	385	5
149	385	5
150	385	5
151	385	5
152	385	5
153	385	5
154	385	5
155	385	5
156	385	5
158	385	5
160	385	5
162	385	5
164	385	5
166	385	5
168	385	5
169	385	5
170	385	5
171	385	5
172	385	5
173	385	5
174	385	5
176	385	5
178	385	5
180	385	5
175	386	5
177	386	5
179	386	5
181	386	5
182	386	5
183	386	5
184	386	5
185	386	5
187	386	5
189	386	5
191	386	5
194	386	5
186	387	5
188	387	5
190	387	5
192	387	5
193	387	5
195	387	5
197	387	5
214	387	5
196	388	5
198	388	5
200	388	5
206	388	5
208	388	5
210	388	5
211	388	5
212	388	5
213	388	5
199	389	5
201	389	5
202	389	5
203	389	5
204	389	5
205	389	5
207	389	5
209	389	5
146	386	5
215	386	5
225	380	0
225	381	0
225	382	0
225	383	0
225	384	0
225	385	0
225	386	0
224	387	0
223	388	0
225	379	0
222	389	0
378	387	5
380	387	5
372	388	5
374	388	5
375	388	5
376	388	5
377	388	5
379	388	5
366	389	5
368	389	5
370	389	5
371	389	5
373	389	5
362	390	5
364	390	5
365	390	5
367	390	5
369	390	5
356	391	5
358	391	5
359	391	5
360	391	5
361	391	5
363	391	5
346	392	5
348	392	5
350	392	5
352	392	5
353	392	5
354	392	5
355	392	5
357	392	5
338	393	5
340	393	5
342	393	5
343	393	5
344	393	5
345	393	5
347	393	5
349	393	5
351	393	5
334	394	5
335	394	5
336	394	5
337	394	5
339	394	5
341	394	5
381	386	5
216	387	0
217	388	0
218	388	0
219	389	0
220	389	0
215	386	0
221	390	0
144	387	3
144	388	3
144	389	3
144	390	3
144	391	3
144	392	3
144	386	3
146	387	1
146	388	1
146	389	1
146	390	1
146	391	1
146	392	1
146	386	1
382	387	4
383	388	4
384	389	4
385	390	4
386	390	4
387	391	4
388	392	4
381	386	4
242	392	-998
245	392	-998
239	393	-998
240	393	-998
241	393	-998
243	393	-998
244	393	-998
72	323	0
71	324	0
70	325	0
69	326	0
68	327	0
67	328	0
66	329	0
65	330	0
64	331	0
63	332	0
62	333	0
61	334	0
60	335	0
59	336	0
58	337	0
57	338	0
56	339	0
55	340	0
54	341	0
53	342	0
52	343	0
51	344	0
50	345	0
49	346	0
48	347	0
47	348	0
46	349	0
45	350	0
44	351	0
43	352	0
42	353	0
41	354	0
40	355	0
39	356	0
38	357	0
37	358	0
36	359	0
35	360	0
34	361	0
33	362	0
32	363	0
31	364	0
30	365	0
29	366	0
28	367	0
27	368	0
26	369	0
25	370	0
24	371	0
23	372	0
22	373	0
21	374	0
20	375	0
19	376	0
18	377	0
17	378	0
16	379	0
15	380	0
14	381	0
13	382	0
12	383	0
11	384	0
10	385	0
9	386	0
8	387	0
7	388	0
6	389	0
5	390	0
4	391	0
3	392	0
2	393	0
1	394	0
73	322	0
139	388	2
139	389	2
139	390	2
139	391	2
139	392	2
140	393	2
141	394	2
142	394	2
139	387	2
223	391	1
224	391	1
225	392	1
226	392	1
227	393	1
228	393	1
230	393	1
229	394	1
231	394	1
232	394	1
233	394	1
234	394	1
222	390	1
