454	1	3
446	2	3
447	2	3
448	2	3
449	2	3
450	2	3
451	2	3
452	2	3
453	2	3
455	2	3
444	3	3
445	3	3
443	4	3
442	5	3
441	6	3
440	7	3
440	8	3
218	1	0
217	2	0
216	3	0
216	4	0
328	1	1
326	2	1
327	2	1
324	3	1
325	3	1
323	4	1
206	1	1
207	2	1
208	2	1
209	2	1
210	2	1
211	3	1
212	3	1
213	4	1
214	4	1
215	5	1
312	1	1
314	1	1
313	2	1
315	2	1
316	2	1
318	2	1
317	3	1
319	3	1
320	3	1
322	3	1
321	4	1
323	4	1
376	1	0
377	1	0
378	1	0
379	2	0
380	2	0
382	2	0
381	3	0
383	3	0
384	3	0
385	4	0
386	4	0
387	4	0
388	4	0
389	4	0
390	4	0
391	4	0
392	5	0
324	5	1
325	6	1
323	4	1
394	6	0
395	6	0
393	5	0
276	2	5
275	3	5
275	4	5
275	5	5
275	6	5
275	7	5
275	8	5
275	9	5
392	7	0
392	8	0
392	6	0
434	9	1
436	9	1
437	9	1
438	9	1
439	9	1
433	10	1
435	10	1
440	8	1
432	11	1
270	9	0
265	10	0
266	10	0
268	10	0
269	10	0
271	10	0
272	10	0
273	10	0
274	10	0
267	11	0
275	9	0
264	11	0
426	8	1
428	8	1
425	9	1
427	9	1
429	9	1
430	9	1
423	10	1
424	10	1
431	10	1
422	11	1
432	11	1
421	12	1
414	12	3
416	12	3
417	12	3
419	12	3
412	13	3
413	13	3
415	13	3
418	13	3
409	14	3
410	14	3
411	14	3
408	15	3
406	16	3
407	16	3
405	17	3
420	12	3
405	18	3
431	12	0
430	13	0
432	11	0
429	14	0
456	12	0
457	12	0
454	13	0
455	13	0
458	13	0
459	14	0
453	14	0
136	3	2
137	3	2
138	3	2
139	3	2
140	3	2
141	3	2
142	3	2
143	3	2
144	3	2
145	3	2
146	3	2
148	3	2
150	3	2
134	4	2
135	4	2
147	4	2
149	4	2
151	4	2
152	4	2
153	4	2
154	4	2
155	4	2
156	4	2
132	5	2
133	5	2
157	5	2
158	5	2
131	6	2
159	6	2
160	6	2
130	7	2
161	7	2
162	7	2
129	8	2
163	8	2
164	8	2
128	9	2
165	9	2
128	10	2
166	10	2
128	11	2
166	11	2
128	12	2
166	12	2
128	13	2
166	13	2
128	14	2
166	14	2
128	15	2
166	15	2
128	16	2
128	17	2
128	18	2
128	19	2
128	20	2
128	21	2
166	16	2
128	22	2
422	14	0
423	15	0
421	13	0
424	16	0
426	15	1
427	15	1
428	15	1
429	14	1
425	16	1
441	9	3
442	9	3
443	10	3
444	11	3
445	12	3
446	13	3
447	14	3
448	14	3
449	15	3
450	15	3
440	8	3
451	16	3
264	12	1
264	13	1
264	14	1
264	15	1
264	16	1
264	11	1
276	10	14
277	11	14
278	11	14
279	12	14
280	12	14
281	13	14
282	13	14
283	13	14
284	13	14
285	14	14
286	14	14
287	14	14
311	14	14
313	14	14
288	15	14
289	15	14
290	15	14
291	15	14
292	15	14
308	15	14
309	15	14
310	15	14
312	15	14
314	15	14
315	15	14
316	15	14
317	15	14
318	15	14
319	15	14
320	15	14
321	15	14
322	15	14
323	15	14
324	15	14
325	15	14
326	15	14
327	15	14
328	15	14
329	15	14
330	15	14
293	16	14
294	16	14
295	16	14
296	16	14
297	16	14
298	16	14
300	16	14
306	16	14
307	16	14
331	16	14
332	16	14
299	17	14
301	17	14
302	17	14
304	17	14
305	17	14
333	17	14
334	17	14
303	18	14
275	9	14
335	18	14
423	18	1
424	17	1
422	19	1
397	16	1
397	17	1
397	18	1
397	19	1
397	20	1
401	19	1
402	19	1
403	19	1
404	19	1
400	20	1
399	21	1
405	18	1
398	21	1
261	10	5
263	10	5
260	11	5
262	11	5
258	12	5
259	12	5
257	13	5
255	14	5
256	14	5
254	15	5
252	16	5
253	16	5
251	17	5
251	18	5
251	19	5
251	20	5
264	11	5
251	21	5
393	16	0
392	17	0
392	18	0
392	19	0
392	20	0
392	21	0
454	16	1
455	17	1
456	18	1
456	19	1
457	20	1
453	15	1
451	17	2
451	18	2
451	19	2
451	20	2
452	21	2
451	16	2
163	18	0
164	18	0
161	19	0
162	19	0
159	20	0
160	20	0
155	21	0
157	21	0
158	21	0
142	22	0
144	22	0
146	22	0
147	22	0
148	22	0
149	22	0
150	22	0
151	22	0
152	22	0
153	22	0
154	22	0
156	22	0
130	23	0
131	23	0
132	23	0
133	23	0
134	23	0
135	23	0
136	23	0
137	23	0
138	23	0
140	23	0
141	23	0
143	23	0
145	23	0
139	24	0
165	17	0
129	23	0
246	22	1
248	22	1
249	22	1
250	22	1
243	23	1
244	23	1
245	23	1
247	23	1
237	24	1
239	24	1
240	24	1
241	24	1
242	24	1
236	25	1
238	25	1
251	21	1
235	24	1
379	21	9
381	21	9
383	21	9
384	21	9
385	21	9
386	21	9
387	21	9
376	22	9
377	22	9
378	22	9
380	22	9
382	22	9
388	22	9
389	22	9
390	22	9
374	23	9
375	23	9
373	24	9
391	22	9
372	25	9
406	19	2
407	20	2
408	21	2
409	22	2
405	18	2
410	23	2
217	6	23
218	6	23
219	7	23
220	8	23
221	9	23
222	10	23
223	11	23
224	11	23
225	12	23
226	13	23
227	13	23
228	14	23
229	15	23
230	15	23
231	16	23
232	17	23
233	17	23
234	18	23
235	19	23
235	20	23
235	21	23
235	22	23
235	23	23
216	5	23
235	24	23
411	22	3
412	22	3
413	22	3
414	23	3
415	23	3
416	23	3
410	23	3
417	24	3
421	21	1
419	22	1
420	22	1
418	23	1
422	20	1
417	24	1
430	15	6
431	16	6
432	17	6
433	18	6
434	19	6
434	20	6
435	21	6
436	22	6
437	23	6
437	24	6
429	14	6
336	18	3
337	19	3
338	19	3
339	19	3
340	20	3
342	20	3
344	20	3
341	21	3
343	21	3
345	21	3
346	22	3
347	22	3
348	22	3
349	22	3
351	22	3
350	23	3
352	23	3
354	23	3
356	23	3
358	23	3
360	23	3
362	23	3
364	23	3
353	24	3
355	24	3
357	24	3
359	24	3
361	24	3
363	24	3
365	24	3
366	24	3
367	24	3
368	24	3
370	24	3
371	24	3
369	25	3
335	18	3
372	25	3
417	25	0
417	24	0
417	26	0
168	17	5
170	17	5
172	17	5
174	17	5
167	18	5
169	18	5
171	18	5
173	18	5
175	18	5
176	18	5
177	18	5
178	18	5
179	18	5
180	18	5
181	18	5
182	18	5
183	18	5
184	18	5
185	19	5
186	19	5
187	20	5
188	20	5
189	21	5
190	21	5
191	22	5
192	22	5
193	22	5
194	23	5
195	23	5
196	23	5
197	24	5
198	24	5
200	24	5
199	25	5
201	25	5
202	25	5
203	25	5
205	25	5
204	26	5
206	26	5
207	26	5
208	26	5
209	26	5
211	26	5
212	26	5
213	26	5
214	26	5
215	26	5
216	26	5
217	26	5
218	26	5
220	26	5
231	26	5
232	26	5
210	27	5
219	27	5
221	27	5
222	27	5
224	27	5
226	27	5
228	27	5
229	27	5
230	27	5
223	28	5
225	28	5
227	28	5
166	17	5
233	25	5
396	24	5
397	25	5
398	25	5
399	26	5
400	27	5
396	23	5
401	28	5
410	24	1
409	25	1
409	26	1
409	27	1
410	23	1
409	28	1
424	21	5
425	22	5
426	23	5
427	24	5
428	24	5
429	25	5
429	26	5
430	27	5
423	20	5
384	29	1
383	30	1
414	28	0
415	28	0
411	29	0
412	29	0
413	29	0
416	27	0
410	29	0
333	19	7
334	19	7
331	20	7
332	20	7
328	21	7
330	21	7
327	22	7
329	22	7
325	23	7
326	23	7
323	24	7
324	24	7
322	25	7
320	26	7
321	26	7
319	27	7
318	28	7
317	29	7
316	30	7
335	18	7
315	31	7
393	25	3
393	26	3
393	27	3
393	28	3
392	29	3
393	30	3
394	30	3
395	30	3
397	30	3
398	30	3
399	30	3
400	30	3
396	31	3
393	24	3
401	29	3
404	28	0
403	29	0
405	29	0
406	30	0
402	29	0
407	30	0
440	27	-1
441	28	-1
442	29	-1
443	29	-1
444	30	-1
445	31	-1
447	30	0
446	31	0
384	31	1
383	30	1
252	22	8
253	22	8
254	23	8
255	23	8
256	24	8
257	24	8
258	25	8
259	25	8
260	26	8
261	26	8
262	27	8
264	27	8
266	27	8
268	27	8
263	28	8
265	28	8
267	28	8
269	28	8
271	28	8
270	29	8
272	29	8
274	29	8
276	29	8
278	29	8
273	30	8
275	30	8
277	30	8
279	30	8
281	30	8
280	31	8
282	31	8
284	31	8
286	31	8
288	31	8
290	31	8
292	31	8
294	31	8
296	31	8
298	31	8
300	31	8
302	31	8
304	31	8
283	32	8
285	32	8
287	32	8
289	32	8
291	32	8
293	32	8
295	32	8
297	32	8
299	32	8
301	32	8
303	32	8
305	32	8
306	32	8
307	32	8
308	32	8
309	32	8
310	32	8
311	32	8
312	32	8
313	32	8
251	21	8
314	31	8
420	28	2
421	28	2
422	28	2
423	29	2
424	30	2
425	31	2
426	32	2
419	28	2
427	33	2
372	26	10
372	27	10
372	28	10
373	29	10
373	30	10
374	31	10
375	31	10
376	32	10
377	33	10
372	25	10
378	34	10
382	31	1
381	32	1
379	33	1
380	33	1
383	30	1
378	34	1
426	34	0
427	33	0
428	34	0
429	34	0
427	33	0
447	33	0
447	34	0
446	32	0
376	35	2
375	36	2
377	35	2
234	27	1
234	28	1
234	29	1
234	30	1
234	31	1
234	32	1
234	33	1
234	34	1
234	35	1
234	36	1
234	37	1
234	38	1
234	26	1
316	33	2
316	34	2
316	35	2
317	36	2
318	37	2
319	38	2
315	32	2
390	37	1
391	38	1
391	39	1
482	34	0
480	35	0
481	35	0
479	36	0
479	37	0
478	38	0
478	39	0
472	39	1
473	40	1
474	41	1
392	41	2
391	40	2
477	41	0
478	40	0
476	42	0
378	36	0
378	37	0
378	38	0
378	39	0
379	40	0
380	41	0
381	42	0
382	42	0
377	35	0
383	43	0
388	40	2
387	41	2
389	41	2
384	42	2
385	42	2
386	42	2
390	40	2
383	43	2
480	40	1
481	41	1
482	41	1
483	42	1
479	40	1
126	24	2
127	24	2
124	25	2
125	25	2
122	26	2
123	26	2
120	27	2
121	27	2
118	28	2
119	28	2
116	29	2
117	29	2
114	30	2
115	30	2
112	31	2
113	31	2
110	32	2
111	32	2
108	33	2
109	33	2
106	34	2
107	34	2
104	35	2
105	35	2
102	36	2
103	36	2
100	37	2
101	37	2
99	38	2
98	39	2
98	40	2
98	41	2
98	42	2
98	43	2
128	23	2
98	44	2
418	30	7
418	31	7
418	32	7
419	33	7
420	34	7
420	35	7
421	36	7
422	37	7
424	37	7
423	38	7
425	38	7
427	38	7
426	39	7
428	39	7
429	39	7
430	39	7
431	39	7
432	40	7
433	40	7
434	41	7
435	41	7
436	41	7
437	42	7
438	43	7
439	43	7
418	29	7
440	44	7
444	41	5
442	42	5
443	42	5
441	43	5
440	44	5
466	42	-1
468	42	-1
470	42	-1
473	42	-1
460	43	-1
462	43	-1
463	43	-1
464	43	-1
465	43	-1
467	43	-1
469	43	-1
471	43	-1
472	43	-1
457	44	-1
458	44	-1
459	44	-1
461	44	-1
474	41	-1
408	32	3
408	33	3
408	34	3
408	35	3
409	36	3
410	37	3
411	38	3
412	39	3
414	39	3
413	40	3
415	40	3
417	40	3
416	41	3
418	41	3
419	42	3
420	43	3
421	43	3
422	44	3
423	44	3
424	44	3
408	31	3
425	45	3
427	44	0
426	45	0
383	44	5
382	45	5
383	43	5
441	45	0
442	45	0
444	45	0
446	45	0
443	46	0
445	46	0
440	44	0
409	48	-958
410	49	-958
426	47	0
426	48	0
427	49	0
427	50	0
426	46	0
384	50	-959
385	51	-959
414	50	-973
415	50	-973
416	51	-973
476	44	4
476	45	4
477	46	4
477	47	4
478	48	4
479	49	4
480	50	4
481	50	4
482	51	4
483	51	4
484	51	4
485	51	4
486	51	4
487	51	4
490	51	4
488	52	4
489	52	4
476	43	4
387	52	-956
388	52	-956
389	52	-956
391	52	-956
390	53	-956
392	53	-956
492	51	-956
493	52	-956
494	53	-956
495	53	-956
497	53	-956
499	53	-956
496	54	-956
498	54	-956
500	54	-956
334	54	0
336	54	0
341	54	0
343	54	0
345	54	0
319	55	0
320	55	0
321	55	0
322	55	0
323	55	0
324	55	0
325	55	0
326	55	0
327	55	0
328	55	0
329	55	0
330	55	0
331	55	0
332	55	0
333	55	0
335	55	0
337	55	0
338	55	0
339	55	0
340	55	0
342	55	0
344	55	0
346	55	0
317	56	0
318	56	0
315	57	0
316	57	0
313	58	0
314	58	0
312	59	0
312	60	0
347	56	0
311	61	0
364	50	6
363	51	6
363	52	6
362	53	6
362	54	6
361	55	6
360	56	6
352	54	2
348	55	2
349	55	2
350	55	2
351	55	2
353	55	2
354	55	2
355	55	2
356	55	2
358	55	2
359	55	2
357	56	2
347	56	2
360	56	2
398	56	5
399	56	5
400	57	5
401	58	5
402	57	1
401	58	1
480	55	0
479	56	0
479	57	0
478	58	0
347	57	0
347	58	0
347	56	0
436	55	-1
437	55	-1
438	55	-1
439	55	-1
440	55	-1
452	55	-1
453	55	-1
454	55	-1
455	55	-1
456	55	-1
457	55	-1
458	55	-1
459	55	-1
460	55	-1
461	55	-1
462	55	-1
463	55	-1
465	55	-1
467	55	-1
441	56	-1
442	56	-1
443	56	-1
444	56	-1
445	56	-1
446	56	-1
447	56	-1
448	56	-1
449	56	-1
450	56	-1
451	56	-1
464	56	-1
466	56	-1
468	56	-1
470	56	-1
472	56	-1
469	57	-1
471	57	-1
473	57	-1
474	57	-1
475	57	-1
476	58	-1
477	58	-1
554	59	1
555	60	1
557	59	1
556	60	1
555	60	1
361	57	2
362	58	2
362	59	2
363	60	2
364	61	2
360	56	2
365	62	2
390	60	0
390	61	0
390	62	0
2	2	0
3	3	0
4	4	0
5	5	0
6	6	0
7	7	0
8	8	0
9	9	0
10	10	0
11	11	0
12	12	0
13	13	0
14	14	0
15	15	0
16	16	0
17	17	0
18	18	0
19	19	0
20	20	0
21	21	0
22	22	0
23	23	0
24	24	0
25	25	0
26	26	0
27	27	0
28	28	0
29	29	0
30	30	0
31	31	0
32	32	0
33	33	0
34	34	0
35	35	0
36	36	0
37	37	0
38	38	0
39	39	0
40	40	0
41	41	0
42	42	0
43	43	0
44	44	0
45	45	0
46	46	0
47	47	0
48	48	0
49	49	0
50	50	0
51	51	0
52	52	0
53	53	0
54	54	0
55	55	0
56	56	0
57	57	0
58	58	0
59	59	0
60	60	0
61	61	0
62	62	0
63	63	0
96	46	4
97	46	4
94	47	4
95	47	4
92	48	4
93	48	4
90	49	4
91	49	4
88	50	4
89	50	4
86	51	4
87	51	4
84	52	4
85	52	4
82	53	4
83	53	4
80	54	4
81	54	4
78	55	4
79	55	4
76	56	4
77	56	4
74	57	4
75	57	4
72	58	4
73	58	4
70	59	4
71	59	4
68	60	4
69	60	4
66	61	4
67	61	4
64	62	4
65	62	4
98	45	4
63	63	4
100	45	3
101	45	3
102	45	3
103	45	3
104	45	3
105	45	3
106	45	3
107	45	3
108	45	3
109	45	3
110	45	3
111	45	3
112	45	3
113	45	3
114	45	3
115	45	3
116	45	3
117	45	3
118	45	3
119	45	3
120	45	3
121	45	3
122	45	3
123	46	3
124	46	3
125	47	3
126	47	3
127	48	3
128	48	3
129	49	3
130	49	3
131	50	3
132	50	3
133	51	3
134	51	3
135	52	3
136	52	3
138	52	3
140	52	3
137	53	3
139	53	3
141	53	3
172	53	3
174	53	3
176	53	3
177	53	3
179	53	3
181	53	3
183	53	3
185	53	3
187	53	3
189	53	3
142	54	3
143	54	3
157	54	3
159	54	3
162	54	3
164	54	3
166	54	3
167	54	3
168	54	3
169	54	3
170	54	3
171	54	3
173	54	3
175	54	3
178	54	3
180	54	3
182	54	3
184	54	3
186	54	3
188	54	3
190	54	3
191	54	3
192	54	3
194	54	3
196	54	3
198	54	3
200	54	3
144	55	3
145	55	3
146	55	3
147	55	3
148	55	3
149	55	3
151	55	3
152	55	3
153	55	3
154	55	3
155	55	3
156	55	3
158	55	3
160	55	3
161	55	3
163	55	3
165	55	3
193	55	3
195	55	3
197	55	3
199	55	3
201	55	3
202	55	3
203	55	3
204	55	3
205	55	3
150	56	3
206	56	3
207	57	3
208	57	3
209	58	3
210	58	3
211	59	3
212	59	3
213	60	3
214	60	3
215	61	3
216	61	3
217	62	3
99	45	3
218	63	3
306	61	4
307	61	4
308	61	4
304	62	4
305	62	4
309	62	4
302	63	4
303	63	4
300	64	4
301	64	4
298	65	4
299	65	4
296	66	4
297	66	4
295	67	4
310	61	4
294	68	4
392	62	3
391	63	3
393	63	3
553	62	-2
554	61	-2
399	61	0
397	62	0
398	62	0
396	63	0
400	60	0
395	64	0
367	62	2
368	62	2
369	63	2
370	64	2
366	62	2
371	65	2
555	62	0
555	63	0
555	64	0
554	61	0
587	64	-949
588	64	-949
586	65	-949
478	60	4
479	61	4
480	62	4
481	63	4
482	64	4
483	65	4
484	66	4
485	66	4
486	66	4
487	67	4
478	59	4
220	63	8
219	64	8
221	64	8
222	64	8
223	65	8
224	65	8
225	65	8
226	65	8
228	65	8
227	66	8
229	66	8
230	66	8
231	66	8
232	66	8
234	66	8
236	66	8
238	66	8
240	66	8
248	66	8
250	66	8
252	66	8
254	66	8
256	66	8
258	66	8
260	66	8
262	66	8
264	66	8
265	66	8
266	66	8
267	66	8
268	66	8
269	66	8
270	66	8
271	66	8
273	66	8
275	66	8
277	66	8
279	66	8
233	67	8
235	67	8
237	67	8
239	67	8
241	67	8
242	67	8
243	67	8
244	67	8
245	67	8
246	67	8
247	67	8
249	67	8
251	67	8
253	67	8
255	67	8
257	67	8
259	67	8
261	67	8
263	67	8
272	67	8
274	67	8
276	67	8
278	67	8
280	67	8
281	67	8
282	67	8
283	67	8
284	67	8
285	67	8
286	67	8
287	67	8
288	67	8
289	67	8
290	67	8
291	67	8
293	67	8
292	68	8
218	63	8
294	68	8
312	63	2
313	64	2
314	65	2
315	66	2
316	67	2
317	68	2
311	62	2
318	69	2
372	64	4
373	65	4
374	66	4
375	66	4
376	66	4
377	67	4
378	68	4
378	69	4
378	70	4
378	71	4
371	65	4
378	72	4
388	63	7
386	64	7
387	64	7
384	65	7
385	65	7
383	66	7
382	67	7
381	68	7
381	69	7
381	70	7
381	71	7
389	64	7
381	72	7
389	65	8
389	66	8
390	67	8
390	68	8
390	69	8
390	70	8
390	71	8
389	64	8
390	72	8
216	64	0
217	64	0
214	65	0
215	65	0
213	66	0
211	67	0
212	67	0
209	68	0
210	68	0
207	69	0
208	69	0
174	70	0
176	70	0
177	70	0
178	70	0
179	70	0
180	70	0
182	70	0
206	70	0
172	71	0
173	71	0
175	71	0
181	71	0
183	71	0
184	71	0
185	71	0
186	71	0
188	71	0
198	71	0
200	71	0
202	71	0
204	71	0
205	71	0
170	72	0
171	72	0
187	72	0
189	72	0
190	72	0
191	72	0
192	72	0
193	72	0
194	72	0
195	72	0
196	72	0
197	72	0
199	72	0
201	72	0
203	72	0
169	73	0
168	74	0
166	75	0
167	75	0
164	76	0
165	76	0
162	77	0
163	77	0
161	78	0
160	79	0
218	63	0
159	80	0
365	64	3
365	65	3
365	66	3
366	67	3
366	68	3
366	69	3
366	70	3
366	71	3
366	72	3
365	63	3
366	73	3
394	66	0
393	67	0
393	68	0
392	69	0
392	70	0
392	71	0
392	72	0
394	65	0
391	73	0
457	72	-967
458	72	-967
371	66	3
371	67	3
371	68	3
371	69	3
371	70	3
371	71	3
371	72	3
371	73	3
371	65	3
371	74	3
379	73	0
380	73	0
378	72	0
381	72	0
320	69	6
321	69	6
322	69	6
323	69	6
324	69	6
325	69	6
326	69	6
327	69	6
328	69	6
329	69	6
330	69	6
331	69	6
332	69	6
333	69	6
334	69	6
335	69	6
336	69	6
337	69	6
338	69	6
339	69	6
341	69	6
343	69	6
319	70	6
340	70	6
342	70	6
344	70	6
345	70	6
346	70	6
348	70	6
347	71	6
349	71	6
350	71	6
351	71	6
352	71	6
353	71	6
354	71	6
356	71	6
355	72	6
357	72	6
358	72	6
359	72	6
360	72	6
361	73	6
362	73	6
363	73	6
364	74	6
365	74	6
318	69	6
366	73	6
376	73	1
377	73	1
373	74	1
374	74	1
375	74	1
372	75	1
378	72	1
371	74	1
295	69	2
296	70	2
297	70	2
317	70	2
298	71	2
299	71	2
316	71	2
300	72	2
301	72	2
314	72	2
315	72	2
302	73	2
303	73	2
312	73	2
313	73	2
304	74	2
305	74	2
310	74	2
311	74	2
306	75	2
307	75	2
308	75	2
309	75	2
294	68	2
318	69	2
368	73	0
367	74	0
369	74	0
370	75	0
366	73	0
371	74	0
389	74	0
389	75	0
390	73	0
389	76	0
465	74	-964
466	74	-964
467	75	-964
468	75	-964
469	75	-964
382	73	0
383	74	0
384	74	0
385	75	0
386	75	0
387	76	0
388	77	0
381	72	0
389	76	0
402	61	14
403	62	14
404	63	14
404	64	14
405	65	14
406	66	14
407	67	14
408	68	14
409	69	14
410	69	14
411	70	14
412	70	14
413	70	14
414	71	14
415	71	14
416	72	14
417	72	14
418	72	14
419	73	14
420	73	14
421	74	14
422	75	14
423	75	14
424	76	14
425	77	14
426	77	14
427	77	14
428	77	14
429	77	14
430	78	14
431	79	14
401	60	14
431	80	14
476	79	-960
477	79	-960
478	79	-960
479	79	-960
537	79	1
536	80	1
521	79	0
523	79	0
525	79	0
527	79	0
517	80	0
519	80	0
520	80	0
522	80	0
524	80	0
526	80	0
528	80	0
529	80	0
514	81	0
515	81	0
516	81	0
518	81	0
530	81	0
531	81	0
532	82	0
533	81	0
534	81	0
535	80	0
532	82	0
390	77	6
391	77	6
392	78	6
393	79	6
394	79	6
395	80	6
396	80	6
398	80	6
397	81	6
399	81	6
400	81	6
402	81	6
404	81	6
406	81	6
430	81	6
401	82	6
403	82	6
405	82	6
407	82	6
408	82	6
409	82	6
410	82	6
411	82	6
412	82	6
413	82	6
414	82	6
416	82	6
418	82	6
425	82	6
427	82	6
428	82	6
429	82	6
415	83	6
417	83	6
419	83	6
420	83	6
421	83	6
422	83	6
424	83	6
426	83	6
423	84	6
389	76	6
431	80	6
600	82	0
600	83	0
537	82	1
538	83	1
536	81	1
437	77	10
436	78	10
438	78	10
439	78	10
440	78	10
441	78	10
442	78	10
443	78	10
445	78	10
434	79	10
435	79	10
444	79	10
446	79	10
447	79	10
448	79	10
449	79	10
450	79	10
433	80	10
451	80	10
452	80	10
453	80	10
454	80	10
456	80	10
432	81	10
455	81	10
457	81	10
458	81	10
459	82	10
460	82	10
461	82	10
462	82	10
463	83	10
464	83	10
465	83	10
466	84	10
467	84	10
468	84	10
469	85	10
470	85	10
431	80	10
471	85	10
526	85	1
527	85	1
525	86	1
528	86	1
531	83	0
530	84	0
529	85	0
532	82	0
528	86	0
599	84	0
599	85	0
600	83	0
599	86	0
476	82	6
477	82	6
478	82	6
479	82	6
480	82	6
474	83	6
475	83	6
481	83	6
482	83	6
483	83	6
484	83	6
472	84	6
473	84	6
485	84	6
486	84	6
487	84	6
488	84	6
489	85	6
490	85	6
491	85	6
492	85	6
494	85	6
493	86	6
495	86	6
471	85	6
520	85	2
522	85	2
524	85	2
517	86	2
518	86	2
519	86	2
521	86	2
523	86	2
514	87	2
516	87	2
513	88	2
515	88	2
511	89	2
512	89	2
525	86	2
510	89	2
601	84	0
601	85	0
601	86	0
600	83	0
601	87	0
588	87	2
590	87	2
591	87	2
592	87	2
593	87	2
594	87	2
595	87	2
596	87	2
597	87	2
587	88	2
589	88	2
586	89	2
598	87	2
585	90	2
605	86	0
604	87	0
603	88	0
508	87	1
509	88	1
510	89	1
525	87	0
525	88	0
525	86	0
565	86	-1
567	86	-1
570	86	-1
564	87	-1
566	87	-1
568	87	-1
569	87	-1
571	87	-1
572	87	-1
573	88	-1
574	89	-1
583	86	1
584	87	1
584	88	1
584	89	1
600	88	0
599	87	0
601	87	0
576	87	1
577	87	1
575	88	1
578	88	1
579	89	1
574	89	1
580	90	1
509	90	0
510	89	0
508	91	0
574	90	1
574	89	1
575	91	1
604	90	0
603	89	0
557	88	-953
557	89	-953
557	90	-953
557	91	-953
581	91	0
580	90	0
582	91	0
160	82	0
161	83	0
162	84	0
163	85	0
164	86	0
165	87	0
165	88	0
166	89	0
167	90	0
167	91	0
168	92	0
169	93	0
159	81	0
168	94	0
472	86	4
473	87	4
474	88	4
475	89	4
476	89	4
477	90	4
478	90	4
480	90	4
482	90	4
484	90	4
486	90	4
479	91	4
481	91	4
483	91	4
485	91	4
487	91	4
489	91	4
491	91	4
493	91	4
505	91	4
506	91	4
488	92	4
490	92	4
492	92	4
494	92	4
495	92	4
496	92	4
498	92	4
500	92	4
502	92	4
504	92	4
497	93	4
499	93	4
501	93	4
503	93	4
471	85	4
507	91	4
565	92	-954
565	93	-954
579	91	0
578	92	0
577	93	0
580	90	0
576	92	0
508	93	0
508	94	0
508	95	0
508	92	0
62	64	0
62	65	0
61	66	0
61	67	0
60	68	0
60	69	0
59	70	0
60	71	0
59	72	0
60	73	0
60	74	0
61	75	0
61	76	0
62	77	0
62	78	0
63	79	0
63	80	0
64	81	0
64	82	0
65	83	0
65	84	0
66	85	0
66	86	0
67	87	0
67	88	0
68	89	0
68	90	0
69	91	0
69	92	0
70	93	0
70	94	0
71	95	0
71	96	0
63	63	0
72	97	0
156	80	1
157	80	1
154	81	1
155	81	1
152	82	1
153	82	1
151	83	1
149	84	1
150	84	1
148	85	1
146	86	1
147	86	1
144	87	1
145	87	1
142	88	1
143	88	1
140	89	1
141	89	1
139	90	1
137	91	1
138	91	1
136	92	1
135	93	1
134	94	1
133	95	1
133	96	1
158	80	1
133	97	1
529	87	3
530	88	3
531	89	3
532	89	3
533	90	3
535	90	3
536	90	3
534	91	3
537	91	3
538	91	3
539	91	3
540	91	3
541	92	3
542	92	3
543	92	3
544	92	3
545	93	3
546	93	3
547	93	3
548	93	3
549	94	3
550	94	3
551	95	3
552	95	3
553	96	3
554	96	3
555	97	3
556	97	3
528	86	3
557	98	3
571	93	-1
573	93	-1
574	93	-1
570	94	-1
572	94	-1
568	95	-1
569	95	-1
567	96	-1
566	97	-1
575	92	-1
566	98	-1
512	95	1
514	95	1
515	95	1
516	95	1
511	96	1
513	96	1
517	96	1
517	97	1
518	98	1
517	99	1
583	93	1
584	94	1
584	95	1
585	96	1
586	97	1
587	98	1
588	98	1
583	92	1
558	99	0
557	98	0
559	100	0
564	98	-1
561	99	-1
562	99	-1
563	99	-1
565	99	-1
560	100	-1
556	99	0
554	100	0
555	100	0
557	98	0
73	97	1
74	97	1
75	97	1
76	97	1
77	97	1
78	97	1
79	97	1
80	97	1
81	97	1
82	97	1
83	97	1
84	97	1
85	97	1
86	97	1
87	97	1
88	97	1
89	97	1
90	97	1
91	97	1
92	97	1
93	97	1
94	97	1
95	97	1
96	97	1
97	97	1
98	97	1
99	97	1
100	97	1
101	97	1
102	97	1
103	97	1
104	97	1
105	97	1
106	97	1
107	97	1
108	97	1
109	97	1
110	97	1
111	97	1
112	97	1
113	97	1
114	97	1
115	97	1
116	97	1
117	97	1
118	97	1
119	97	1
120	97	1
121	98	1
122	99	1
123	99	1
124	100	1
125	100	1
126	100	1
127	101	1
72	97	1
128	102	1
132	99	0
130	100	0
131	100	0
129	101	0
133	98	0
128	102	0
516	101	0
517	100	0
519	101	0
519	102	0
518	100	0
558	101	0
557	102	0
559	100	0
257	101	0
259	101	0
261	101	0
262	101	0
263	101	0
264	101	0
265	101	0
266	101	0
267	101	0
250	102	0
252	102	0
254	102	0
255	102	0
256	102	0
258	102	0
260	102	0
268	102	0
269	102	0
245	103	0
247	103	0
248	103	0
249	103	0
251	103	0
253	103	0
270	103	0
271	103	0
240	104	0
241	104	0
242	104	0
243	104	0
244	104	0
246	104	0
234	105	0
236	105	0
237	105	0
238	105	0
239	105	0
214	106	0
216	106	0
224	106	0
226	106	0
228	106	0
229	106	0
230	106	0
231	106	0
232	106	0
233	106	0
235	106	0
213	107	0
215	107	0
217	107	0
218	107	0
219	107	0
220	107	0
221	107	0
222	107	0
223	107	0
225	107	0
227	107	0
272	104	0
212	106	0
167	96	1
166	97	1
165	98	1
164	99	1
163	100	1
162	101	1
161	102	1
160	103	1
159	104	1
158	105	1
168	95	1
158	106	1
202	98	2
199	99	2
200	99	2
201	99	2
203	99	2
204	99	2
205	99	2
206	99	2
197	100	2
198	100	2
207	100	2
208	100	2
196	101	2
209	101	2
195	102	2
210	102	2
211	102	2
195	103	2
212	103	2
194	104	2
212	104	2
194	105	2
212	105	2
194	106	2
194	107	2
194	108	2
194	109	2
194	110	2
194	111	2
212	106	2
194	112	2
560	102	0
560	103	0
560	104	0
561	105	0
560	101	0
567	100	1
567	101	1
568	102	1
569	103	1
570	104	1
571	105	1
566	99	1
571	106	1
300	104	3
301	104	3
303	104	3
304	104	3
306	104	3
298	105	3
299	105	3
302	105	3
305	105	3
307	105	3
308	105	3
296	106	3
297	106	3
309	106	3
310	106	3
293	107	3
294	107	3
295	107	3
311	107	3
292	108	3
135	98	1
136	98	1
137	98	1
138	98	1
139	98	1
140	98	1
141	98	1
142	98	1
143	99	1
144	99	1
145	99	1
146	100	1
147	101	1
148	101	1
149	102	1
150	102	1
151	103	1
152	104	1
153	104	1
154	105	1
155	106	1
156	106	1
157	107	1
134	98	1
158	106	1
277	101	2
279	101	2
275	102	2
276	102	2
278	102	2
280	102	2
281	102	2
282	102	2
283	102	2
273	103	2
274	103	2
284	103	2
285	103	2
286	104	2
287	105	2
288	105	2
289	106	2
290	106	2
291	107	2
272	104	2
292	108	2
315	105	0
313	106	0
314	106	0
316	106	0
317	107	0
318	107	0
312	107	0
319	108	0
563	106	0
564	106	0
565	106	0
566	106	0
567	106	0
568	107	0
569	107	0
570	107	0
585	106	-950
586	107	-950
457	108	0
456	109	0
476	107	0
478	107	0
475	108	0
477	108	0
479	108	0
480	108	0
474	109	0
481	109	0
482	109	0
474	110	0
474	111	0
474	112	0
483	110	0
474	113	0
572	109	0
571	108	0
573	108	0
433	106	14
423	107	14
425	107	14
427	107	14
428	107	14
429	107	14
430	107	14
431	107	14
432	107	14
434	107	14
435	107	14
436	107	14
420	108	14
422	108	14
424	108	14
426	108	14
437	108	14
438	108	14
439	108	14
452	108	14
413	109	14
415	109	14
417	109	14
418	109	14
419	109	14
421	109	14
440	109	14
441	109	14
442	109	14
444	109	14
446	109	14
448	109	14
450	109	14
451	109	14
453	109	14
401	110	14
403	110	14
404	110	14
405	110	14
406	110	14
407	110	14
408	110	14
409	110	14
410	110	14
411	110	14
412	110	14
414	110	14
416	110	14
443	110	14
445	110	14
447	110	14
449	110	14
454	110	14
402	111	14
455	109	14
400	111	14
574	109	1
574	110	1
573	108	1
319	109	1
318	110	1
317	111	1
319	108	1
320	107	18
321	108	18
322	108	18
323	108	18
324	108	18
325	108	18
326	109	18
327	109	18
328	109	18
329	109	18
330	109	18
331	109	18
332	109	18
333	109	18
335	109	18
334	110	18
336	110	18
337	110	18
338	110	18
339	110	18
340	110	18
342	110	18
384	110	18
386	110	18
388	110	18
390	110	18
392	110	18
394	110	18
396	110	18
398	110	18
399	110	18
341	111	18
343	111	18
344	111	18
345	111	18
346	111	18
347	111	18
348	111	18
350	111	18
379	111	18
381	111	18
382	111	18
383	111	18
385	111	18
387	111	18
389	111	18
391	111	18
393	111	18
395	111	18
397	111	18
349	112	18
351	112	18
353	112	18
371	112	18
373	112	18
375	112	18
376	112	18
377	112	18
378	112	18
380	112	18
352	113	18
354	113	18
355	113	18
356	113	18
357	113	18
358	113	18
359	113	18
360	113	18
361	113	18
362	113	18
363	113	18
364	113	18
365	113	18
366	113	18
367	113	18
368	113	18
369	113	18
370	113	18
372	113	18
374	113	18
319	108	18
400	111	18
292	109	14
292	110	14
291	111	14
291	112	14
292	108	14
291	113	14
170	95	1
171	96	1
172	97	1
172	98	1
173	99	1
174	100	1
174	101	1
175	102	1
175	103	1
176	104	1
177	105	1
176	106	1
177	107	1
178	108	1
178	109	1
178	110	1
178	111	1
178	112	1
178	113	1
169	95	1
178	114	1
210	107	0
211	107	0
208	108	0
209	108	0
205	109	0
207	109	0
204	110	0
206	110	0
202	111	0
203	111	0
200	112	0
201	112	0
196	113	0
197	113	0
198	113	0
199	113	0
212	106	0
195	113	0
311	109	0
310	110	0
309	111	0
308	112	0
307	113	0
311	108	0
306	114	0
578	113	0
579	114	0
481	111	1
482	111	1
480	112	1
478	113	1
479	113	1
476	114	1
477	114	1
483	110	1
475	114	1
484	110	1
485	110	1
486	110	1
487	110	1
488	110	1
489	111	1
490	111	1
491	111	1
492	112	1
493	112	1
494	113	1
495	114	1
483	110	1
496	115	1
499	110	2
498	111	2
498	112	2
498	113	2
497	114	2
496	115	2
589	112	-949
590	113	-949
591	114	-949
272	105	20
272	106	20
272	107	20
272	108	20
272	109	20
271	110	20
270	111	20
270	112	20
270	113	20
270	114	20
270	115	20
272	104	20
270	116	20
578	115	0
579	114	0
580	115	0
579	114	0
192	113	1
190	114	1
191	114	1
179	115	1
180	115	1
182	115	1
186	115	1
188	115	1
189	115	1
181	116	1
183	116	1
184	116	1
185	116	1
187	116	1
193	113	1
178	114	1
307	116	6
306	115	6
400	112	1
400	113	1
400	114	1
400	115	1
400	116	1
400	111	1
159	107	1
160	108	1
161	109	1
162	109	1
163	110	1
164	111	1
165	112	1
166	112	1
167	113	1
168	113	1
169	114	1
170	115	1
171	115	1
176	115	1
177	115	1
172	116	1
174	116	1
175	116	1
173	117	1
158	106	1
178	114	1
292	114	9
293	114	9
294	114	9
295	115	9
296	115	9
297	115	9
304	115	9
298	116	9
299	116	9
302	116	9
303	116	9
300	117	9
301	117	9
291	113	9
305	114	9
457	111	1
458	112	1
459	113	1
460	114	1
461	114	1
462	115	1
463	116	1
465	116	1
464	117	1
466	117	1
467	117	1
456	110	1
468	118	1
472	116	1
469	117	1
470	117	1
471	117	1
473	115	1
468	118	1
289	114	4
290	114	4
288	115	4
286	116	4
287	116	4
271	117	4
272	117	4
273	117	4
284	117	4
285	117	4
274	118	4
275	118	4
278	118	4
279	118	4
280	118	4
281	118	4
282	118	4
283	118	4
276	119	4
277	119	4
291	113	4
270	116	4
496	116	1
495	117	1
494	118	1
494	119	1
496	115	1
493	120	1
474	116	5
475	117	5
476	117	5
477	118	5
478	118	5
483	118	5
485	118	5
487	118	5
479	119	5
480	119	5
481	119	5
482	119	5
484	119	5
486	119	5
488	119	5
489	119	5
490	120	5
492	120	5
491	121	5
473	115	5
493	120	5
468	119	2
468	120	2
468	121	2
467	122	2
466	123	2
466	124	2
468	118	2
494	123	0
494	124	0
494	122	0
495	125	0
496	122	0
497	123	0
497	124	0
495	121	0
497	125	0
494	126	0
495	125	0
194	115	1
194	116	1
194	117	1
194	118	1
195	119	1
195	120	1
196	121	1
196	122	1
197	123	1
198	124	1
199	125	1
199	126	1
199	127	1
194	114	1
199	128	1
128	103	2
128	104	2
128	105	2
128	106	2
128	107	2
128	108	2
128	109	2
128	110	2
128	111	2
128	112	2
128	113	2
128	114	2
128	115	2
128	116	2
128	117	2
128	118	2
128	119	2
129	120	2
130	121	2
131	122	2
131	123	2
131	124	2
131	125	2
131	126	2
131	127	2
131	128	2
128	102	2
131	129	2
197	129	1
194	130	1
195	130	1
196	130	1
193	131	1
191	132	1
192	132	1
189	133	1
190	133	1
187	134	1
188	134	1
186	135	1
184	136	1
185	136	1
182	137	1
183	137	1
181	138	1
180	139	1
198	129	1
180	140	1
269	117	7
268	118	7
267	119	7
266	120	7
264	121	7
265	121	7
263	122	7
262	123	7
260	124	7
261	124	7
259	125	7
258	126	7
257	127	7
256	128	7
254	129	7
255	129	7
253	130	7
252	131	7
270	116	7
251	132	7
498	127	4
499	128	4
500	129	4
501	130	4
502	130	4
503	131	4
504	131	4
505	131	4
506	131	4
508	131	4
510	131	4
512	131	4
507	132	4
509	132	4
511	132	4
497	126	4
250	131	0
246	132	0
248	132	0
249	132	0
242	133	0
244	133	0
245	133	0
247	133	0
238	134	0
240	134	0
241	134	0
243	134	0
235	135	0
236	135	0
237	135	0
239	135	0
233	136	0
234	136	0
251	132	0
232	137	0
130	131	3
129	132	3
128	133	3
127	134	3
126	135	3
125	136	3
131	130	3
125	137	3
200	130	0
201	131	0
202	132	0
203	133	0
204	134	0
205	135	0
206	136	0
199	129	0
207	137	0
210	136	0
222	136	0
224	136	0
231	136	0
209	137	0
211	137	0
212	137	0
214	137	0
216	137	0
218	137	0
219	137	0
220	137	0
221	137	0
223	137	0
225	137	0
226	137	0
227	137	0
228	137	0
230	137	0
213	138	0
215	138	0
217	138	0
229	138	0
208	137	0
232	137	0
550	137	-3
551	138	-3
552	139	-3
553	138	0
552	139	0
146	128	1
142	129	1
143	129	1
144	129	1
145	129	1
147	129	1
148	129	1
150	129	1
133	130	1
134	130	1
135	130	1
136	130	1
137	130	1
138	130	1
139	130	1
140	130	1
141	130	1
149	130	1
151	130	1
152	130	1
153	130	1
154	131	1
155	131	1
156	131	1
157	131	1
158	132	1
159	132	1
160	132	1
161	132	1
162	132	1
165	132	1
163	133	1
164	133	1
166	133	1
167	133	1
168	134	1
169	134	1
170	135	1
171	135	1
172	136	1
173	136	1
174	137	1
175	137	1
176	138	1
177	139	1
177	140	1
132	130	1
177	141	1
179	141	0
178	142	0
180	140	0
177	141	0
553	140	1
554	141	1
555	141	1
556	142	1
557	142	1
552	139	1
71	98	0
71	99	0
70	100	0
70	101	0
69	102	0
69	103	0
68	104	0
68	105	0
67	106	0
67	107	0
66	108	0
66	109	0
65	110	0
65	111	0
64	112	0
64	113	0
63	114	0
63	115	0
62	116	0
62	117	0
61	118	0
61	119	0
60	120	0
60	121	0
59	122	0
60	123	0
60	124	0
61	125	0
61	126	0
62	127	0
62	128	0
63	129	0
63	130	0
64	131	0
64	132	0
65	133	0
65	134	0
66	135	0
66	136	0
67	137	0
67	138	0
68	139	0
68	140	0
69	141	0
69	142	0
70	143	0
72	97	0
71	144	0
175	142	1
176	142	1
174	143	1
177	141	1
173	144	1
124	139	0
123	140	0
122	141	0
121	142	0
120	143	0
72	144	0
73	144	0
74	144	0
75	144	0
76	144	0
77	144	0
78	144	0
79	144	0
80	144	0
81	144	0
82	144	0
83	144	0
84	144	0
85	144	0
86	144	0
87	144	0
88	144	0
89	144	0
90	144	0
91	144	0
92	144	0
93	144	0
94	144	0
95	144	0
96	144	0
97	144	0
98	144	0
99	144	0
100	144	0
101	144	0
102	144	0
103	144	0
104	144	0
105	144	0
106	144	0
107	144	0
108	144	0
109	144	0
110	144	0
111	144	0
112	144	0
113	144	0
114	144	0
115	144	0
116	144	0
117	144	0
118	144	0
119	144	0
125	138	0
71	144	0
205	139	1
206	139	1
204	140	1
181	141	1
182	141	1
183	141	1
202	141	1
203	141	1
184	142	1
185	142	1
186	142	1
200	142	1
201	142	1
187	143	1
188	143	1
189	143	1
199	143	1
190	144	1
191	144	1
192	144	1
194	144	1
196	144	1
197	144	1
198	144	1
193	145	1
195	145	1
207	138	1
180	140	1
281	143	1
282	144	1
283	145	1
287	144	4
285	145	4
286	145	4
284	146	4
283	145	4
448	146	-955
449	146	-955
127	138	2
128	138	2
129	138	2
130	138	2
131	139	2
132	139	2
133	140	2
134	140	2
135	141	2
136	141	2
137	142	2
138	142	2
139	143	2
140	143	2
141	144	2
142	144	2
170	144	2
171	144	2
143	145	2
144	145	2
146	145	2
148	145	2
151	145	2
152	145	2
153	145	2
154	145	2
168	145	2
169	145	2
145	146	2
147	146	2
149	146	2
150	146	2
155	146	2
156	146	2
157	146	2
158	146	2
159	146	2
160	146	2
162	146	2
164	146	2
166	146	2
167	146	2
161	147	2
163	147	2
165	147	2
126	138	2
172	144	2
232	138	1
232	139	1
232	140	1
232	141	1
232	142	1
232	143	1
232	144	1
232	145	1
232	146	1
232	147	1
232	148	1
232	137	1
282	146	10
281	147	10
280	148	10
279	149	10
278	150	10
277	151	10
283	145	10
276	152	10
251	133	6
251	134	6
251	135	6
251	136	6
252	137	6
252	138	6
252	139	6
253	140	6
254	141	6
255	142	6
256	143	6
256	144	6
257	145	6
258	146	6
259	147	6
260	147	6
261	148	6
262	149	6
264	149	6
263	150	6
265	150	6
266	151	6
267	151	6
268	152	6
269	152	6
270	152	6
271	152	6
272	152	6
273	152	6
274	152	6
275	153	6
251	132	6
276	152	6
277	153	1
276	152	1
173	146	1
173	147	1
173	148	1
173	149	1
173	150	1
173	151	1
173	152	1
173	153	1
173	154	1
173	155	1
173	156	1
173	145	1
341	145	16
340	146	16
340	147	16
338	148	16
339	148	16
337	149	16
336	150	16
335	151	16
334	152	16
332	153	16
333	153	16
330	154	16
331	154	16
329	155	16
316	156	16
318	156	16
320	156	16
321	156	16
328	156	16
315	157	16
317	157	16
319	157	16
322	157	16
323	157	16
324	157	16
326	157	16
327	157	16
314	158	16
325	158	16
310	159	16
312	159	16
313	159	16
309	160	16
311	160	16
308	161	16
307	162	16
305	163	16
306	163	16
304	164	16
303	165	16
302	166	16
301	167	16
300	168	16
299	169	16
298	170	16
297	171	16
296	172	16
199	162	1
200	163	1
201	164	1
204	162	1
205	162	1
202	163	1
203	163	1
201	164	1
349	168	1
348	169	1
347	170	1
346	171	1
293	170	1
294	171	1
295	172	1
345	171	1
343	172	1
344	172	1
346	171	1
347	172	0
346	171	0
360	170	6
361	170	6
362	170	6
359	171	6
363	171	6
364	171	6
365	171	6
366	171	6
367	171	6
368	171	6
358	172	6
369	172	6
357	173	6
370	173	6
356	174	6
355	175	6
355	176	6
355	177	6
355	178	6
355	179	6
139	160	8
140	160	8
138	161	8
139	162	8
138	163	8
138	164	8
139	165	8
138	166	8
138	167	8
138	168	8
137	169	8
137	170	8
137	171	8
137	172	8
137	173	8
137	174	8
137	175	8
137	176	8
138	177	8
144	171	3
143	172	3
142	173	3
141	174	3
140	175	3
139	176	3
138	177	3
200	165	11
200	166	11
200	167	11
200	168	11
199	169	11
199	170	11
199	171	11
199	172	11
199	173	11
199	174	11
199	175	11
199	176	11
201	164	11
199	177	11
70	145	1
69	146	1
69	147	1
68	148	1
68	149	1
67	150	1
67	151	1
66	152	1
66	153	1
65	154	1
65	155	1
64	156	1
64	157	1
63	158	1
64	159	1
63	160	1
64	161	1
64	162	1
65	163	1
65	164	1
66	165	1
66	166	1
67	167	1
67	168	1
68	169	1
68	170	1
69	171	1
69	172	1
70	173	1
70	174	1
71	175	1
71	176	1
72	177	1
72	178	1
71	144	1
73	179	1
295	174	2
294	175	2
293	176	2
292	177	2
291	178	2
296	173	2
290	179	2
137	178	1
137	179	1
138	177	1
137	180	1
286	179	4
287	179	4
288	179	4
283	180	4
284	180	4
285	180	4
280	181	4
281	181	4
282	181	4
279	182	4
277	183	4
278	183	4
274	184	4
275	184	4
276	184	4
273	185	4
272	186	4
270	187	4
271	187	4
269	188	4
268	189	4
266	190	4
267	190	4
265	191	4
289	179	4
264	192	4
74	179	1
75	179	1
76	179	1
77	179	1
78	179	1
79	179	1
80	179	1
81	179	1
82	179	1
83	179	1
84	179	1
85	179	1
86	179	1
87	179	1
88	179	1
89	179	1
90	179	1
91	179	1
92	179	1
93	179	1
94	179	1
95	179	1
96	179	1
97	179	1
98	179	1
99	179	1
100	179	1
101	179	1
102	179	1
103	179	1
104	179	1
105	179	1
106	179	1
107	179	1
108	179	1
109	179	1
110	179	1
111	179	1
112	179	1
113	179	1
114	179	1
115	179	1
116	179	1
117	179	1
118	179	1
119	179	1
120	179	1
121	179	1
122	179	1
123	179	1
124	179	1
125	179	1
126	179	1
127	179	1
128	179	1
129	179	1
130	180	1
131	180	1
132	181	1
133	181	1
134	181	1
135	181	1
73	179	1
136	181	1
357	180	2
358	180	2
359	180	2
361	180	2
369	180	2
360	181	2
362	181	2
363	181	2
364	181	2
365	181	2
366	181	2
367	181	2
368	181	2
356	180	2
338	179	7
339	180	7
339	181	7
339	182	7
339	183	7
354	181	1
353	182	1
352	183	1
355	180	1
351	184	1
338	184	1
335	185	1
336	185	1
337	185	1
334	186	1
339	183	1
333	187	1
340	184	2
341	184	2
346	184	2
348	184	2
349	184	2
342	185	2
343	185	2
344	185	2
345	185	2
347	185	2
339	183	2
350	184	2
200	178	5
201	178	5
202	179	5
203	179	5
204	179	5
205	180	5
206	180	5
207	180	5
208	180	5
209	180	5
210	181	5
212	181	5
211	182	5
213	182	5
214	182	5
215	182	5
216	182	5
217	182	5
218	182	5
219	182	5
220	182	5
221	182	5
223	182	5
225	182	5
222	183	5
224	183	5
226	183	5
227	183	5
228	183	5
229	183	5
230	183	5
231	183	5
232	183	5
234	183	5
233	184	5
235	184	5
236	185	5
237	186	5
238	186	5
199	177	5
239	187	5
291	181	11
291	182	11
292	183	11
293	184	11
294	185	11
294	186	11
332	186	11
295	187	11
313	187	11
315	187	11
317	187	11
319	187	11
321	187	11
322	187	11
323	187	11
324	187	11
325	187	11
326	187	11
327	187	11
328	187	11
329	187	11
330	187	11
331	187	11
296	188	11
298	188	11
305	188	11
306	188	11
307	188	11
308	188	11
309	188	11
310	188	11
311	188	11
312	188	11
314	188	11
316	188	11
318	188	11
320	188	11
297	189	11
299	189	11
300	189	11
301	189	11
302	189	11
303	189	11
304	189	11
290	180	11
333	187	11
138	182	0
139	183	0
140	184	0
141	185	0
142	186	0
143	187	0
144	188	0
145	189	0
146	189	0
147	190	0
148	191	0
137	181	0
149	192	0
150	191	0
151	191	0
152	191	0
149	192	0
153	192	0
333	188	2
333	189	2
333	190	2
334	191	2
333	187	2
333	192	2
241	188	3
242	188	3
243	189	3
244	189	3
245	189	3
246	189	3
247	190	3
249	190	3
251	190	3
248	191	3
250	191	3
252	191	3
253	191	3
254	191	3
255	191	3
256	191	3
258	191	3
259	191	3
260	191	3
261	191	3
263	191	3
257	192	3
262	192	3
240	187	3
264	192	3
332	192	1
333	192	1
198	178	0
197	179	0
196	180	0
195	181	0
194	182	0
193	183	0
192	184	0
190	185	0
191	185	0
189	186	0
188	187	0
186	188	0
187	188	0
185	189	0
183	190	0
184	190	0
182	191	0
180	192	0
181	192	0
178	193	0
179	193	0
199	177	0
177	194	0
352	186	6
353	187	6
354	188	6
355	189	6
356	189	6
357	190	6
358	191	6
359	191	6
360	191	6
361	192	6
362	192	6
363	192	6
369	192	6
364	193	6
365	193	6
366	193	6
367	193	6
368	193	6
351	185	6
154	191	2
156	191	2
158	191	2
160	191	2
162	191	2
155	192	2
157	192	2
159	192	2
161	192	2
163	192	2
164	192	2
165	192	2
166	192	2
167	192	2
168	192	2
170	192	2
172	192	2
169	193	2
171	193	2
173	193	2
174	193	2
175	194	2
176	194	2
153	192	2
177	194	2
394	197	-965
395	198	-965
395	199	-965
395	200	-965
396	201	-965
397	202	-965
398	202	-965
399	203	-965
179	195	0
180	195	0
181	195	0
182	195	0
183	195	0
184	195	0
185	195	0
186	195	0
187	195	0
188	195	0
189	195	0
190	196	0
191	197	0
192	198	0
193	198	0
194	199	0
195	200	0
196	201	0
197	202	0
198	203	0
199	204	0
178	195	0
200	205	0
264	193	3
264	194	3
264	195	3
265	196	3
265	197	3
265	198	3
266	199	3
266	200	3
267	201	3
267	202	3
268	203	3
269	204	3
264	192	3
402	204	-969
403	204	-969
404	204	-969
405	204	-969
72	180	1
72	181	1
71	182	1
71	183	1
70	184	1
70	185	1
69	186	1
69	187	1
68	188	1
68	189	1
67	190	1
67	191	1
66	192	1
66	193	1
65	194	1
65	195	1
64	196	1
64	197	1
63	198	1
64	199	1
64	200	1
65	201	1
65	202	1
66	203	1
66	204	1
67	205	1
73	179	1
68	206	1
149	193	1
149	194	1
149	195	1
149	196	1
149	197	1
148	198	1
146	199	1
147	199	1
145	200	1
143	201	1
144	201	1
142	202	1
140	203	1
141	203	1
136	204	1
138	204	1
139	204	1
129	205	1
130	205	1
131	205	1
132	205	1
133	205	1
134	205	1
135	205	1
137	205	1
69	206	1
70	206	1
71	206	1
72	206	1
73	206	1
74	206	1
75	206	1
76	206	1
77	206	1
78	206	1
79	206	1
80	206	1
81	206	1
82	206	1
83	206	1
84	206	1
85	206	1
86	206	1
87	206	1
88	206	1
89	206	1
90	206	1
91	206	1
92	206	1
93	206	1
94	206	1
95	206	1
96	206	1
97	206	1
98	206	1
99	206	1
100	206	1
101	206	1
102	206	1
103	206	1
104	206	1
105	206	1
106	206	1
107	206	1
108	206	1
109	206	1
110	206	1
111	206	1
112	206	1
113	206	1
114	206	1
115	206	1
116	206	1
117	206	1
118	206	1
119	206	1
120	206	1
121	206	1
122	206	1
123	206	1
124	206	1
125	206	1
126	206	1
127	206	1
128	206	1
149	192	1
68	206	1
177	196	0
177	197	0
177	198	0
177	199	0
177	200	0
177	201	0
177	202	0
177	203	0
178	204	0
179	205	0
180	206	0
178	195	0
181	207	0
239	189	6
239	190	6
239	191	6
239	192	6
238	193	6
237	194	6
236	195	6
235	196	6
233	197	6
234	197	6
232	198	6
230	199	6
231	199	6
229	200	6
228	201	6
228	202	6
227	203	6
227	204	6
226	205	6
226	206	6
226	207	6
239	188	6
225	208	6
153	193	1
153	194	1
153	195	1
153	196	1
153	197	1
153	198	1
153	199	1
153	200	1
153	201	1
153	202	1
153	203	1
153	204	1
153	205	1
153	206	1
153	207	1
153	208	1
153	192	1
198	206	0
199	206	0
183	207	0
184	207	0
185	207	0
186	207	0
187	207	0
188	207	0
189	207	0
196	207	0
197	207	0
190	208	0
191	208	0
193	208	0
194	208	0
195	208	0
192	209	0
200	205	0
182	207	0
201	206	1
202	206	1
203	206	1
204	207	1
222	207	1
223	207	1
205	208	1
206	208	1
207	208	1
208	208	1
210	208	1
212	208	1
214	208	1
216	208	1
218	208	1
219	208	1
220	208	1
221	208	1
224	208	1
209	209	1
211	209	1
213	209	1
215	209	1
217	209	1
200	205	1
225	208	1
334	193	14
334	194	14
335	195	14
336	196	14
337	197	14
338	197	14
339	198	14
340	198	14
341	198	14
342	198	14
343	198	14
344	198	14
345	198	14
346	199	14
347	199	14
348	199	14
349	200	14
350	200	14
351	201	14
352	202	14
353	203	14
354	203	14
355	203	14
356	204	14
357	205	14
358	206	14
359	206	14
360	206	14
361	207	14
362	208	14
363	208	14
364	208	14
365	209	14
366	209	14
368	209	14
370	209	14
372	209	14
367	210	14
369	210	14
371	210	14
333	192	14
359	214	3
360	214	3
361	214	3
358	215	3
357	216	3
354	217	3
355	217	3
356	217	3
347	218	3
349	218	3
351	218	3
352	218	3
353	218	3
344	219	3
346	219	3
348	219	3
350	219	3
345	220	3
343	218	3
226	209	1
227	210	1
227	211	1
228	212	1
229	213	1
230	214	1
231	215	1
225	208	1
231	216	1
181	209	1
181	210	1
181	211	1
181	212	1
181	213	1
181	214	1
180	215	1
180	216	1
181	208	1
180	217	1
228	217	0
229	217	0
230	217	0
226	218	0
227	218	0
224	219	0
225	219	0
214	220	0
216	220	0
218	220	0
219	220	0
220	220	0
221	220	0
222	220	0
223	220	0
211	221	0
212	221	0
213	221	0
215	221	0
217	221	0
209	222	0
210	222	0
208	223	0
206	224	0
207	224	0
205	225	0
204	226	0
202	227	0
203	227	0
201	228	0
200	229	0
231	216	0
199	230	0
344	217	1
343	218	1
178	219	0
179	218	0
177	220	0
313	215	15
314	215	15
315	215	15
316	215	15
317	215	15
318	215	15
319	215	15
308	216	15
309	216	15
310	216	15
311	216	15
312	216	15
320	216	15
321	216	15
322	216	15
323	216	15
232	217	15
233	217	15
305	217	15
307	217	15
324	217	15
325	217	15
326	217	15
328	217	15
234	218	15
235	218	15
302	218	15
304	218	15
306	218	15
327	218	15
329	218	15
330	218	15
331	218	15
332	218	15
333	218	15
342	218	15
236	219	15
237	219	15
299	219	15
300	219	15
301	219	15
303	219	15
334	219	15
335	219	15
336	219	15
337	219	15
338	219	15
339	219	15
340	219	15
341	219	15
238	220	15
239	220	15
240	220	15
241	220	15
242	220	15
243	220	15
244	220	15
245	220	15
246	220	15
247	220	15
248	220	15
249	220	15
250	220	15
251	220	15
252	220	15
253	220	15
254	220	15
255	220	15
256	220	15
257	220	15
258	220	15
259	220	15
260	220	15
261	220	15
262	220	15
263	220	15
264	220	15
266	220	15
267	220	15
268	220	15
270	220	15
296	220	15
298	220	15
265	221	15
269	221	15
271	221	15
272	221	15
273	221	15
275	221	15
293	221	15
295	221	15
297	221	15
274	222	15
276	222	15
277	222	15
278	222	15
279	222	15
280	222	15
282	222	15
284	222	15
286	222	15
288	222	15
290	222	15
291	222	15
292	222	15
294	222	15
281	223	15
283	223	15
285	223	15
287	223	15
289	223	15
231	216	15
343	218	15
166	220	1
168	220	1
170	220	1
171	220	1
172	220	1
173	220	1
174	220	1
175	220	1
165	221	1
167	221	1
169	221	1
163	222	1
164	222	1
161	223	1
162	223	1
160	224	1
158	225	1
159	225	1
156	226	1
157	226	1
155	227	1
176	220	1
154	228	1
411	218	-960
411	219	-960
411	220	-960
411	221	-960
407	222	-960
410	222	-960
408	223	-960
409	223	-960
67	207	0
66	208	0
66	209	0
65	210	0
65	211	0
64	212	0
64	213	0
64	214	0
65	215	0
65	216	0
66	217	0
66	218	0
67	219	0
67	220	0
68	221	0
68	222	0
69	223	0
69	224	0
68	206	0
70	225	0
403	224	4
404	224	4
405	224	4
406	224	4
398	225	4
400	225	4
401	225	4
402	225	4
395	226	4
396	226	4
397	226	4
399	226	4
393	227	4
394	227	4
392	228	4
392	229	4
392	230	4
391	231	4
391	232	4
391	233	4
391	234	4
71	225	0
72	225	0
73	225	0
74	225	0
75	225	0
76	225	0
77	225	0
78	225	0
79	225	0
80	225	0
81	225	0
82	225	0
83	225	0
84	225	0
85	225	0
86	225	0
87	225	0
88	225	0
89	225	0
90	225	0
91	225	0
92	225	0
93	225	0
94	225	0
95	225	0
96	225	0
97	225	0
98	225	0
99	225	0
100	225	0
101	225	0
102	225	0
103	225	0
104	225	0
105	225	0
106	225	0
107	225	0
108	225	0
109	225	0
110	225	0
111	225	0
112	225	0
113	225	0
114	225	0
115	225	0
116	225	0
117	225	0
118	225	0
119	225	0
120	225	0
121	225	0
122	225	0
123	225	0
124	225	0
125	225	0
126	226	0
127	226	0
128	227	0
129	227	0
130	228	0
131	228	0
132	228	0
133	228	0
135	228	0
137	228	0
139	228	0
134	229	0
136	229	0
138	229	0
140	229	0
141	229	0
142	229	0
143	229	0
144	229	0
145	229	0
146	229	0
147	229	0
148	229	0
149	229	0
150	229	0
151	229	0
152	229	0
153	229	0
70	225	0
154	228	0
181	219	-1
182	219	-1
183	220	-1
184	220	-1
185	221	-1
186	222	-1
187	222	-1
188	223	-1
189	223	-1
190	224	-1
191	224	-1
192	225	-1
193	226	-1
194	226	-1
195	227	-1
196	228	-1
197	228	-1
198	229	-1
180	218	-1
199	230	-1
177	222	1
177	223	1
177	224	1
177	225	1
177	226	1
177	227	1
177	228	1
177	229	1
177	230	1
177	221	1
177	231	1
155	229	1
156	229	1
157	230	1
158	230	1
159	231	1
160	231	1
161	232	1
162	232	1
175	232	1
176	232	1
163	233	1
164	233	1
165	233	1
167	233	1
168	233	1
169	233	1
170	233	1
171	233	1
172	233	1
173	233	1
174	233	1
166	234	1
154	228	1
177	231	1
199	231	0
198	232	0
198	233	0
198	234	0
199	230	0
198	235	0
178	232	1
179	233	1
180	233	1
181	234	1
182	234	1
183	234	1
184	235	1
185	235	1
186	235	1
187	235	1
188	235	1
189	236	1
190	236	1
191	236	1
192	236	1
193	236	1
194	236	1
195	236	1
196	236	1
177	231	1
197	236	1
445	234	2
446	235	2
447	236	2
446	237	2
392	235	2
393	235	2
394	236	2
396	236	2
395	237	2
397	237	2
398	238	2
399	238	2
400	239	2
391	234	2
401	240	2
389	234	6
387	235	6
388	235	6
390	235	6
385	236	6
386	236	6
384	237	6
382	238	6
383	238	6
381	239	6
379	240	6
380	240	6
391	234	6
378	241	6
445	238	4
443	239	4
444	239	4
441	240	4
442	240	4
446	237	4
440	241	4
403	240	9
404	240	9
405	240	9
406	240	9
407	240	9
408	240	9
409	240	9
438	240	9
410	241	9
412	241	9
434	241	9
435	241	9
436	241	9
437	241	9
411	242	9
413	242	9
414	242	9
415	242	9
416	242	9
418	242	9
430	242	9
432	242	9
433	242	9
417	243	9
419	243	9
420	243	9
421	243	9
422	243	9
423	243	9
424	243	9
425	243	9
426	243	9
427	243	9
428	243	9
429	243	9
431	243	9
402	240	9
439	241	9
447	238	2
448	239	2
448	240	2
449	241	2
450	241	2
446	237	2
371	242	4
373	242	4
374	242	4
375	242	4
376	242	4
377	242	4
368	243	4
370	243	4
372	243	4
367	244	4
369	244	4
366	245	4
378	241	4
365	246	4
199	237	0
200	238	0
201	239	0
202	240	0
203	241	0
204	242	0
204	243	0
204	244	0
198	236	0
204	245	0
291	236	7
291	237	7
291	238	7
291	239	7
291	240	7
291	241	7
291	242	7
291	243	7
291	244	7
291	245	7
291	246	7
310	235	13
312	235	13
314	235	13
316	235	13
306	236	13
307	236	13
308	236	13
309	236	13
311	236	13
313	236	13
315	236	13
317	236	13
318	236	13
319	236	13
305	237	13
320	237	13
321	237	13
322	237	13
324	237	13
303	238	13
304	238	13
323	238	13
325	238	13
327	238	13
301	239	13
302	239	13
326	239	13
328	239	13
330	239	13
300	240	13
329	240	13
331	240	13
332	240	13
298	241	13
299	241	13
333	241	13
334	241	13
336	241	13
338	241	13
297	242	13
335	242	13
337	242	13
339	242	13
340	242	13
341	242	13
343	242	13
296	243	13
342	243	13
344	243	13
345	243	13
346	243	13
347	243	13
348	243	13
349	243	13
351	243	13
296	244	13
350	244	13
352	244	13
353	244	13
354	244	13
355	244	13
356	244	13
357	244	13
358	244	13
359	245	13
296	245	13
360	246	13
362	245	2
363	245	2
364	245	2
361	246	2
365	246	2
379	242	1
380	242	1
381	243	1
382	243	1
383	244	1
384	244	1
385	245	1
386	245	1
387	245	1
378	241	1
388	246	1
389	245	0
390	245	0
388	246	0
391	246	0
400	242	4
399	243	4
397	244	4
398	244	4
392	245	4
393	245	4
394	245	4
395	245	4
396	245	4
401	241	4
391	246	4
293	246	1
295	246	1
292	247	1
294	247	1
296	245	1
291	246	1
203	246	1
202	247	1
200	248	1
201	248	1
204	245	1
199	249	1
290	247	3
287	248	3
288	248	3
289	248	3
284	249	3
285	249	3
286	249	3
282	250	3
283	250	3
281	251	3
291	246	3
280	252	3
388	247	1
388	248	1
388	246	1
391	247	4
391	248	4
391	246	4
170	247	1
171	247	1
172	247	1
173	247	1
174	247	1
175	247	1
176	247	1
177	247	1
178	247	1
180	247	1
182	247	1
184	247	1
168	248	1
169	248	1
179	248	1
181	248	1
183	248	1
185	248	1
186	248	1
187	248	1
188	248	1
189	248	1
190	248	1
166	249	1
167	249	1
191	249	1
192	249	1
193	249	1
194	249	1
195	249	1
196	249	1
197	249	1
164	250	1
165	250	1
162	251	1
163	251	1
160	252	1
161	252	1
159	253	1
159	254	1
198	249	1
158	255	1
440	243	4
440	244	4
441	245	4
442	246	4
443	247	4
444	248	4
445	248	4
446	249	4
447	249	4
440	242	4
205	246	1
206	246	1
207	247	1
208	247	1
210	247	1
209	248	1
211	248	1
212	249	1
213	249	1
214	249	1
215	249	1
217	249	1
216	250	1
218	250	1
219	250	1
220	250	1
221	250	1
222	250	1
223	250	1
224	250	1
225	251	1
226	251	1
227	251	1
258	251	1
260	251	1
262	251	1
264	251	1
265	251	1
266	251	1
268	251	1
270	251	1
271	251	1
272	251	1
273	251	1
228	252	1
229	252	1
230	252	1
231	252	1
232	252	1
252	252	1
253	252	1
254	252	1
255	252	1
256	252	1
257	252	1
259	252	1
261	252	1
263	252	1
267	252	1
269	252	1
233	253	1
234	253	1
236	253	1
246	253	1
248	253	1
249	253	1
250	253	1
251	253	1
235	254	1
237	254	1
238	254	1
240	254	1
241	254	1
242	254	1
243	254	1
244	254	1
245	254	1
247	254	1
239	255	1
204	245	1
274	252	1
276	250	0
277	250	0
275	251	0
278	251	0
279	251	0
274	252	0
280	252	0
361	248	5
361	249	5
361	250	5
360	251	5
361	247	5
359	252	5
365	247	5
365	248	5
365	249	5
365	250	5
365	251	5
365	252	5
365	253	5
365	246	5
365	254	5
297	246	14
298	246	14
299	247	14
300	247	14
301	248	14
302	248	14
303	248	14
309	248	14
314	248	14
316	248	14
318	248	14
304	249	14
305	249	14
306	249	14
307	249	14
308	249	14
310	249	14
311	249	14
312	249	14
313	249	14
315	249	14
317	249	14
319	249	14
320	249	14
321	249	14
322	249	14
323	249	14
324	250	14
325	250	14
326	250	14
327	250	14
328	250	14
329	251	14
330	251	14
331	251	14
333	251	14
332	252	14
334	252	14
335	252	14
336	252	14
338	252	14
337	253	14
339	253	14
341	253	14
352	253	14
358	253	14
340	254	14
342	254	14
343	254	14
344	254	14
345	254	14
346	254	14
347	254	14
348	254	14
349	254	14
351	254	14
353	254	14
354	254	14
355	254	14
356	254	14
357	254	14
350	255	14
296	245	14
359	252	14
437	254	-956
438	254	-956
439	254	-956
440	254	-956
155	254	0
157	254	0
143	255	0
144	255	0
145	255	0
146	255	0
147	255	0
148	255	0
149	255	0
150	255	0
151	255	0
152	255	0
153	255	0
154	255	0
156	255	0
136	256	0
138	256	0
139	256	0
140	256	0
141	256	0
142	256	0
132	257	0
133	257	0
134	257	0
135	257	0
137	257	0
130	258	0
131	258	0
128	259	0
129	259	0
126	260	0
127	260	0
71	261	0
72	261	0
73	261	0
74	261	0
75	261	0
76	261	0
77	261	0
78	261	0
79	261	0
80	261	0
81	261	0
82	261	0
83	261	0
84	261	0
85	261	0
86	261	0
87	261	0
88	261	0
89	261	0
90	261	0
91	261	0
92	261	0
93	261	0
94	261	0
95	261	0
96	261	0
97	261	0
98	261	0
99	261	0
100	261	0
101	261	0
102	261	0
103	261	0
104	261	0
105	261	0
106	261	0
107	261	0
108	261	0
109	261	0
110	261	0
111	261	0
112	261	0
113	261	0
114	261	0
115	261	0
116	261	0
117	261	0
118	261	0
119	261	0
120	261	0
121	261	0
122	261	0
123	261	0
124	261	0
125	261	0
158	255	0
70	261	0
360	253	-1
361	254	-1
362	255	-1
363	255	-1
364	255	-1
359	252	-1
365	254	-1
376	251	0
375	252	0
374	253	0
374	254	0
374	255	0
374	256	0
366	255	2
367	256	2
368	256	2
369	256	2
370	257	2
371	257	2
372	257	2
373	257	2
365	254	2
374	256	2
69	226	1
69	227	1
68	228	1
68	229	1
67	230	1
67	231	1
66	232	1
66	233	1
65	234	1
65	235	1
64	236	1
64	237	1
63	238	1
63	239	1
62	240	1
62	241	1
61	242	1
62	243	1
62	244	1
62	245	1
62	246	1
63	247	1
63	248	1
64	249	1
64	250	1
65	251	1
65	252	1
66	253	1
66	254	1
67	255	1
67	256	1
68	257	1
68	258	1
69	259	1
69	260	1
70	225	1
70	261	1
274	253	2
274	254	2
274	255	2
274	256	2
274	257	2
274	258	2
274	259	2
275	260	2
274	252	2
275	261	2
199	251	1
199	252	1
199	253	1
199	254	1
198	255	1
196	256	1
197	256	1
161	257	1
162	257	1
195	257	1
163	258	1
164	258	1
193	258	1
194	258	1
165	259	1
166	259	1
192	259	1
167	260	1
168	260	1
183	260	1
187	260	1
188	260	1
190	260	1
191	260	1
169	261	1
170	261	1
172	261	1
174	261	1
176	261	1
178	261	1
179	261	1
180	261	1
181	261	1
182	261	1
184	261	1
185	261	1
186	261	1
189	261	1
171	262	1
173	262	1
175	262	1
177	262	1
199	250	1
160	256	1
280	253	4
280	254	4
280	255	4
280	256	4
280	257	4
280	258	4
279	259	4
278	260	4
277	261	4
276	262	4
280	252	4
275	261	4
407	257	-959
408	257	-959
409	258	-959
410	259	-959
411	259	-959
412	260	-959
413	261	-959
414	262	-959
415	262	-959
274	262	1
273	263	1
275	261	1
272	264	1
270	265	1
271	264	1
159	258	0
159	259	0
159	260	0
159	261	0
159	262	0
159	263	0
159	264	0
159	265	0
159	266	0
159	257	0
272	266	0
272	265	0
403	267	4
402	268	4
401	269	4
375	257	7
376	258	7
377	259	7
378	259	7
379	260	7
380	261	7
381	261	7
382	261	7
383	262	7
384	262	7
385	262	7
386	263	7
387	263	7
388	263	7
389	264	7
390	264	7
391	265	7
392	265	7
393	265	7
394	266	7
395	267	7
396	267	7
397	267	7
398	268	7
400	268	7
399	269	7
374	256	7
401	269	7
305	264	5
305	265	5
305	266	5
305	267	5
306	268	5
306	269	5
306	270	5
306	271	5
259	271	0
258	272	0
257	273	0
443	271	-955
443	272	-955
244	271	0
246	271	0
248	271	0
250	271	0
251	271	0
252	271	0
253	271	0
243	272	0
245	272	0
247	272	0
249	272	0
254	272	0
255	272	0
241	273	0
242	273	0
256	273	0
240	274	0
257	273	0
239	275	0
402	270	10
403	270	10
404	271	10
405	272	10
417	272	10
419	272	10
420	272	10
421	272	10
422	272	10
406	273	10
407	273	10
408	273	10
410	273	10
412	273	10
414	273	10
416	273	10
418	273	10
423	273	10
409	274	10
411	274	10
413	274	10
415	274	10
401	269	10
307	272	0
308	273	0
310	273	0
309	274	0
311	274	0
306	271	0
312	275	0
318	269	4
317	270	4
316	271	4
315	272	4
314	273	4
313	274	4
312	275	4
236	274	1
238	274	1
233	275	1
234	275	1
235	275	1
237	275	1
230	276	1
231	276	1
232	276	1
226	277	1
227	277	1
228	277	1
229	277	1
224	278	1
225	278	1
220	279	1
222	279	1
223	279	1
213	280	1
215	280	1
217	280	1
218	280	1
219	280	1
221	280	1
196	281	1
198	281	1
200	281	1
201	281	1
202	281	1
203	281	1
204	281	1
206	281	1
209	281	1
211	281	1
212	281	1
214	281	1
216	281	1
197	282	1
199	282	1
205	282	1
207	282	1
208	282	1
210	282	1
239	275	1
195	282	1
258	274	2
259	275	2
260	276	2
261	277	2
262	278	2
257	273	2
262	279	2
159	278	1
160	278	1
161	278	1
162	278	1
163	278	1
157	279	1
158	279	1
164	279	1
165	279	1
156	280	1
154	281	1
155	281	1
152	282	1
153	282	1
151	283	1
149	284	1
150	284	1
147	285	1
148	285	1
146	286	1
146	287	1
146	288	1
146	289	1
166	280	1
146	290	1
259	280	4
260	280	4
261	280	4
257	281	4
258	281	4
255	282	4
256	282	4
251	283	4
252	283	4
253	283	4
254	283	4
249	284	4
250	284	4
248	285	4
246	286	4
247	286	4
244	287	4
245	287	4
243	288	4
262	279	4
242	288	4
313	276	4
313	277	4
313	278	4
314	279	4
315	280	4
312	275	4
172	276	1
174	276	1
176	276	1
178	276	1
180	276	1
170	277	1
171	277	1
173	277	1
175	277	1
177	277	1
179	277	1
181	277	1
182	277	1
184	277	1
168	278	1
169	278	1
183	278	1
185	278	1
167	279	1
186	279	1
187	279	1
188	279	1
189	280	1
190	280	1
191	280	1
192	280	1
193	281	1
194	281	1
166	280	1
195	282	1
305	272	9
304	273	9
303	274	9
302	275	9
301	276	9
300	277	9
299	278	9
298	279	9
297	280	9
296	281	9
295	282	9
294	283	9
306	271	9
293	284	9
263	280	9
264	281	9
265	281	9
266	282	9
267	283	9
268	284	9
269	285	9
262	279	9
270	286	9
239	276	11
239	277	11
239	278	11
239	279	11
240	280	11
241	281	11
241	282	11
241	283	11
241	284	11
241	285	11
241	286	11
239	275	11
241	287	11
290	284	4
292	284	4
286	285	4
288	285	4
289	285	4
291	285	4
272	286	4
285	286	4
287	286	4
273	287	4
274	287	4
276	287	4
279	287	4
280	287	4
281	287	4
282	287	4
283	287	4
284	287	4
275	288	4
277	288	4
278	288	4
293	284	4
271	286	4
294	285	7
294	286	7
294	287	7
295	288	7
296	289	7
297	290	7
293	284	7
332	281	5
331	282	5
330	283	5
330	284	5
329	285	5
329	286	5
328	287	5
327	288	5
327	289	5
326	290	5
325	291	5
315	291	0
316	291	0
318	291	0
319	291	0
320	291	0
321	291	0
322	291	0
323	291	0
324	291	0
317	292	0
325	291	0
326	292	1
327	293	1
325	291	1
327	294	1
166	281	3
166	282	3
166	283	3
166	284	3
166	285	3
165	286	3
165	287	3
164	288	3
164	289	3
164	290	3
164	291	3
163	292	3
163	293	3
163	294	3
166	280	3
163	295	3
270	288	11
270	289	11
270	290	11
270	291	11
270	292	11
270	293	11
268	294	11
269	294	11
270	287	11
148	291	0
149	291	0
150	291	0
151	291	0
152	291	0
153	291	0
154	292	0
155	292	0
156	293	0
157	294	0
158	294	0
159	295	0
160	296	0
161	296	0
147	291	0
162	296	0
325	296	1
324	297	1
326	295	1
329	296	1
330	297	1
328	295	1
69	262	0
69	263	0
68	264	0
68	265	0
67	266	0
67	267	0
66	268	0
66	269	0
65	270	0
66	271	0
65	272	0
65	273	0
65	274	0
66	275	0
66	276	0
67	277	0
67	278	0
68	279	0
68	280	0
69	281	0
69	282	0
70	283	0
70	284	0
71	285	0
71	286	0
72	287	0
72	288	0
73	289	0
73	290	0
74	291	0
74	292	0
75	293	0
75	294	0
76	295	0
76	296	0
77	297	0
77	298	0
70	261	0
78	299	0
327	297	1
327	298	1
327	296	1
79	299	1
80	299	1
81	299	1
82	299	1
83	299	1
84	299	1
85	299	1
86	299	1
87	299	1
88	299	1
89	299	1
90	299	1
91	299	1
92	299	1
93	299	1
94	299	1
95	299	1
96	299	1
97	299	1
98	299	1
99	299	1
100	299	1
101	299	1
102	299	1
103	299	1
104	299	1
105	299	1
106	299	1
107	299	1
108	299	1
109	299	1
110	299	1
111	299	1
112	299	1
113	299	1
114	299	1
115	299	1
116	299	1
117	299	1
118	299	1
119	299	1
120	299	1
78	299	1
121	300	1
144	292	1
145	292	1
142	293	1
143	293	1
141	294	1
139	295	1
140	295	1
138	296	1
136	297	1
137	297	1
134	298	1
135	298	1
122	299	1
123	299	1
124	299	1
125	299	1
126	299	1
127	299	1
128	299	1
129	299	1
130	299	1
131	299	1
132	299	1
133	299	1
146	291	1
121	300	1
240	289	6
239	290	6
238	291	6
237	292	6
236	293	6
235	294	6
235	295	6
234	296	6
234	297	6
232	298	6
233	298	6
231	299	6
231	300	6
241	288	6
230	301	6
300	299	0
299	300	0
301	300	0
299	301	0
302	301	0
303	296	3
303	297	3
303	298	3
303	299	3
303	300	3
302	301	3
289	301	0
290	301	0
291	301	0
292	301	0
294	301	0
293	302	0
295	302	0
296	302	0
297	302	0
298	302	0
299	301	0
300	302	0
301	302	0
299	301	0
302	301	0
227	302	1
228	302	1
222	303	1
224	303	1
225	303	1
226	303	1
220	304	1
221	304	1
223	304	1
217	305	1
218	305	1
219	305	1
215	306	1
216	306	1
213	307	1
214	307	1
212	308	1
211	309	1
229	302	1
210	310	1
164	297	1
164	298	1
165	299	1
166	300	1
167	301	1
168	302	1
169	303	1
169	304	1
169	305	1
163	296	1
169	306	1
195	283	5
195	284	5
195	285	5
195	286	5
195	287	5
195	288	5
194	289	5
191	290	5
193	290	5
190	291	5
192	291	5
190	292	5
189	293	5
188	294	5
188	295	5
187	296	5
188	297	5
188	298	5
189	299	5
190	300	5
190	301	5
190	302	5
190	303	5
190	304	5
190	305	5
190	306	5
195	282	5
190	307	5
167	307	0
168	307	0
164	308	0
165	308	0
166	308	0
161	309	0
162	309	0
163	309	0
140	310	0
141	310	0
142	310	0
143	310	0
144	310	0
145	310	0
146	310	0
147	310	0
148	310	0
149	310	0
150	310	0
151	310	0
152	310	0
154	310	0
156	310	0
158	310	0
159	310	0
160	310	0
153	311	0
155	311	0
157	311	0
169	306	0
139	310	0
122	301	1
123	302	1
124	303	1
125	304	1
126	304	1
127	304	1
128	305	1
129	305	1
130	306	1
131	306	1
132	306	1
133	307	1
134	307	1
135	308	1
136	309	1
137	309	1
121	300	1
138	310	1
170	307	1
171	308	1
172	309	1
173	309	1
174	310	1
169	306	1
175	311	1
192	308	0
193	308	0
194	308	0
195	308	0
196	308	0
197	308	0
199	308	0
198	309	0
200	309	0
201	309	0
202	309	0
203	309	0
204	310	0
191	308	0
205	311	0
208	309	0
209	309	0
206	310	0
207	310	0
210	310	0
205	311	0
303	302	3
304	302	3
305	303	3
306	304	3
307	305	3
308	306	3
309	307	3
310	308	3
311	309	3
312	310	3
302	301	3
313	311	3
316	309	0
315	310	0
314	311	0
318	311	0
317	312	0
316	313	0
177	312	0
178	312	0
179	313	0
180	314	0
176	311	0
181	315	0
189	309	0
188	310	0
187	311	0
186	312	0
184	313	0
185	313	0
182	314	0
183	314	0
190	308	0
181	315	0
210	311	1
210	312	1
210	313	1
210	314	1
210	310	1
211	315	1
312	313	0
311	314	0
313	312	0
392	313	-965
393	313	-965
394	313	-965
395	313	-965
396	313	-965
399	313	-965
401	313	-965
397	314	-965
398	314	-965
400	314	-965
402	314	-965
403	315	-965
404	316	-965
408	315	-965
407	316	-965
210	316	1
210	317	1
211	315	1
211	318	1
212	316	0
212	317	0
211	315	0
211	318	0
205	312	1
205	313	1
205	314	1
205	315	1
205	316	1
204	317	1
202	318	1
203	318	1
205	311	1
317	315	3
318	315	3
319	316	3
320	317	3
321	318	3
322	319	3
316	314	3
342	319	14
341	320	14
343	320	14
344	320	14
346	320	14
348	320	14
350	320	14
352	320	14
339	321	14
340	321	14
345	321	14
347	321	14
349	321	14
351	321	14
353	321	14
354	321	14
336	322	14
338	322	14
296	323	14
298	323	14
335	323	14
337	323	14
294	324	14
295	324	14
297	324	14
299	324	14
300	324	14
301	324	14
302	324	14
304	324	14
332	324	14
333	324	14
334	324	14
291	325	14
292	325	14
293	325	14
303	325	14
305	325	14
307	325	14
330	325	14
331	325	14
289	326	14
290	326	14
306	326	14
308	326	14
309	326	14
311	326	14
327	326	14
328	326	14
329	326	14
287	327	14
288	327	14
310	327	14
312	327	14
314	327	14
316	327	14
318	327	14
320	327	14
322	327	14
324	327	14
325	327	14
326	327	14
284	328	14
285	328	14
286	328	14
313	328	14
315	328	14
317	328	14
319	328	14
321	328	14
323	328	14
355	322	14
283	329	14
276	316	2
276	317	2
276	318	2
276	319	2
276	320	2
276	321	2
276	322	2
276	323	2
276	324	2
276	325	2
276	326	2
355	323	7
355	324	7
355	325	7
355	326	7
355	322	7
354	327	7
356	321	3
357	322	3
358	322	3
359	323	3
360	324	3
361	324	3
362	325	3
363	326	3
355	322	3
364	327	3
138	312	1
138	313	1
138	314	1
138	315	1
138	316	1
139	317	1
140	318	1
141	318	1
142	319	1
143	320	1
144	320	1
145	321	1
146	321	1
147	322	1
148	323	1
149	323	1
150	324	1
151	325	1
152	325	1
153	326	1
154	326	1
155	326	1
156	327	1
157	327	1
158	327	1
138	311	1
159	328	1
267	326	1
269	326	1
270	326	1
271	326	1
272	326	1
274	326	1
265	327	1
266	327	1
268	327	1
273	327	1
275	327	1
263	328	1
264	328	1
256	329	1
258	329	1
259	329	1
260	329	1
261	329	1
262	329	1
255	330	1
257	330	1
276	326	1
254	329	1
350	327	-1
351	327	-1
352	327	-1
353	327	-1
354	327	-1
231	303	6
232	304	6
233	305	6
233	306	6
234	307	6
234	308	6
235	309	6
235	310	6
236	311	6
236	312	6
237	313	6
238	313	6
239	314	6
240	315	6
240	316	6
241	317	6
242	317	6
243	318	6
244	319	6
245	320	6
246	320	6
247	321	6
248	322	6
249	322	6
250	323	6
251	324	6
252	324	6
253	325	6
254	326	6
254	327	6
254	328	6
230	302	6
254	329	6
277	327	1
278	327	1
280	327	1
279	328	1
281	328	1
282	328	1
276	326	1
283	329	1
345	327	-978
346	327	-978
344	328	-978
355	328	0
356	328	0
357	328	0
358	328	0
359	328	0
360	328	0
361	328	0
362	328	0
354	327	0
363	328	0
212	319	2
212	320	2
212	321	2
212	322	2
212	323	2
212	324	2
212	325	2
212	326	2
212	327	2
212	328	2
212	329	2
211	318	2
212	330	2
340	329	-978
341	329	-978
181	316	2
181	317	2
182	318	2
182	319	2
183	320	2
184	321	2
184	322	2
185	323	2
185	324	2
185	325	2
185	326	2
185	327	2
185	328	2
185	329	2
185	330	2
181	315	2
185	331	2
77	300	1
77	301	1
76	302	1
76	303	1
75	304	1
75	305	1
74	306	1
74	307	1
73	308	1
73	309	1
72	310	1
72	311	1
71	312	1
71	313	1
70	314	1
70	315	1
69	316	1
69	317	1
68	318	1
68	319	1
67	320	1
67	321	1
66	322	1
66	323	1
65	324	1
65	325	1
64	326	1
64	327	1
63	328	1
63	329	1
62	330	1
62	331	1
78	299	1
62	332	1
175	313	2
175	314	2
175	315	2
175	316	2
175	317	2
175	318	2
175	319	2
175	320	2
175	321	2
175	322	2
174	323	2
174	324	2
174	325	2
174	326	2
174	327	2
174	328	2
174	329	2
174	330	2
174	331	2
174	332	2
174	333	2
175	312	2
174	334	2
201	323	1
202	324	1
203	325	1
204	325	1
205	325	1
206	326	1
207	327	1
207	328	1
207	329	1
207	330	1
207	331	1
207	332	1
207	333	1
207	334	1
214	332	0
215	332	0
217	332	0
216	333	0
213	331	0
218	333	0
367	329	2
368	329	2
369	330	2
370	331	2
371	332	2
372	333	2
373	333	2
366	329	2
374	334	2
161	328	0
162	329	0
163	330	0
164	330	0
165	331	0
166	331	0
167	332	0
168	332	0
169	333	0
170	333	0
171	334	0
160	328	0
172	335	0
211	332	0
210	333	0
209	334	0
212	331	0
208	335	0
352	334	2
351	335	2
173	335	0
174	334	0
172	335	0
230	327	0
231	327	0
228	328	0
229	328	0
232	328	0
233	328	0
225	329	0
226	329	0
227	329	0
234	329	0
222	330	0
223	330	0
224	330	0
235	330	0
236	330	0
220	331	0
221	331	0
237	331	0
238	331	0
219	332	0
239	332	0
240	333	0
241	333	0
242	334	0
242	335	0
218	333	0
242	336	0
365	331	4
365	332	4
365	333	4
365	334	4
366	335	4
367	335	4
371	335	4
372	335	4
373	335	4
368	336	4
369	336	4
370	336	4
365	330	4
374	334	4
384	333	4
383	334	4
382	335	4
381	336	4
183	332	0
181	333	0
182	333	0
179	334	0
180	334	0
175	335	0
177	335	0
178	335	0
176	336	0
184	332	0
174	334	0
253	330	0
252	331	0
251	332	0
250	333	0
248	334	0
249	334	0
246	335	0
247	335	0
244	336	0
245	336	0
254	329	0
243	337	0
352	336	1
351	335	1
375	335	2
376	336	2
377	336	2
378	336	2
380	336	2
379	337	2
374	334	2
381	336	2
387	333	1
388	334	1
389	335	1
389	336	1
389	337	1
389	338	1
394	337	1
393	338	1
186	333	0
187	334	0
188	335	0
189	336	0
190	337	0
191	338	0
185	332	0
192	339	0
382	337	3
383	338	3
384	339	3
386	339	3
387	339	3
388	339	3
385	340	3
381	336	3
389	338	3
391	338	0
390	339	0
392	339	0
389	338	0
393	338	0
206	336	0
205	337	0
204	338	0
203	339	0
202	340	0
207	335	0
201	341	0
394	339	1
395	340	1
393	338	1
194	339	0
195	339	0
196	340	0
197	340	0
198	341	0
199	341	0
193	339	0
200	341	0
159	330	1
159	331	1
159	332	1
159	333	1
159	334	1
159	335	1
159	336	1
159	337	1
159	338	1
159	339	1
159	340	1
159	341	1
159	342	1
159	329	1
159	343	1
219	334	0
220	335	0
221	335	0
222	336	0
223	337	0
224	337	0
225	338	0
226	338	0
241	338	0
227	339	0
239	339	0
240	339	0
228	340	0
229	340	0
237	340	0
238	340	0
230	341	0
232	341	0
235	341	0
236	341	0
231	342	0
233	342	0
234	342	0
218	333	0
242	337	0
170	336	0
171	336	0
168	337	0
169	337	0
167	338	0
165	339	0
166	339	0
164	340	0
163	341	0
162	342	0
161	343	0
172	335	0
160	344	0
64	333	8
65	334	8
66	334	8
67	335	8
68	335	8
69	336	8
70	336	8
71	337	8
72	337	8
73	338	8
74	338	8
75	339	8
76	339	8
77	340	8
78	340	8
79	341	8
80	341	8
81	342	8
82	342	8
83	343	8
84	343	8
85	344	8
86	344	8
63	333	8
87	345	8
283	330	13
283	331	13
284	332	13
285	333	13
285	334	13
286	335	13
287	336	13
288	336	13
289	337	13
290	338	13
291	338	13
292	339	13
293	340	13
294	340	13
295	341	13
296	341	13
297	341	13
298	341	13
300	341	13
302	341	13
304	341	13
306	341	13
308	341	13
310	341	13
299	342	13
301	342	13
303	342	13
305	342	13
307	342	13
309	342	13
311	342	13
312	342	13
313	342	13
315	342	13
314	343	13
316	343	13
317	343	13
318	343	13
319	343	13
320	343	13
321	343	13
323	343	13
322	344	13
324	344	13
325	344	13
326	344	13
327	344	13
328	345	13
329	345	13
330	345	13
331	346	13
332	347	13
283	329	13
333	348	13
348	335	9
350	335	9
347	336	9
349	336	9
345	337	9
346	337	9
344	338	9
343	339	9
342	340	9
341	341	9
340	342	9
339	343	9
339	344	9
338	345	9
338	346	9
338	347	9
351	335	9
337	348	9
157	345	0
158	345	0
155	346	0
156	346	0
153	347	0
154	347	0
151	348	0
152	348	0
159	344	0
150	349	0
334	348	0
335	348	0
333	348	0
336	348	0
89	345	7
90	345	7
91	345	7
92	345	7
93	345	7
94	345	7
95	345	7
96	345	7
97	345	7
98	345	7
99	345	7
100	345	7
101	345	7
102	345	7
103	345	7
104	345	7
105	345	7
106	345	7
107	345	7
108	345	7
109	345	7
110	345	7
111	345	7
112	345	7
113	345	7
114	345	7
115	345	7
116	345	7
117	345	7
118	345	7
119	345	7
120	345	7
121	345	7
122	345	7
123	346	7
124	346	7
125	347	7
126	347	7
127	348	7
128	348	7
129	348	7
130	348	7
131	348	7
132	348	7
133	348	7
134	348	7
135	348	7
136	348	7
137	348	7
138	348	7
139	348	7
140	348	7
141	348	7
143	348	7
145	348	7
147	348	7
149	348	7
142	349	7
144	349	7
146	349	7
148	349	7
88	345	7
150	349	7
332	349	0
331	350	0
330	351	0
333	348	0
338	350	2
338	351	2
339	352	2
337	349	2
340	353	2
338	355	0
337	356	0
339	354	0
151	350	0
152	351	0
153	352	0
154	352	0
155	353	0
156	353	0
157	353	0
158	354	0
159	354	0
160	355	0
161	355	0
162	356	0
163	357	0
164	357	0
166	357	0
165	358	0
167	358	0
168	358	0
150	349	0
169	359	0
341	355	0
341	356	0
342	357	0
343	358	0
344	359	0
340	354	0
170	358	0
171	359	0
172	359	0
173	360	0
174	360	0
175	361	0
176	361	0
177	361	0
169	359	0
178	362	0
192	341	1
192	342	1
192	343	1
192	344	1
192	345	1
192	346	1
192	347	1
192	348	1
191	349	1
190	350	1
189	351	1
188	352	1
187	353	1
186	354	1
185	355	1
184	356	1
183	357	1
182	358	1
182	359	1
180	360	1
181	360	1
179	361	1
192	340	1
178	362	1
169	360	1
169	361	1
169	362	1
169	363	1
169	364	1
169	359	1
87	347	2
87	348	2
87	349	2
87	350	2
87	351	2
87	352	2
87	353	2
87	354	2
87	355	2
87	356	2
87	357	2
87	358	2
87	359	2
87	360	2
87	361	2
88	362	2
89	363	2
90	363	2
91	364	2
92	364	2
93	365	2
94	365	2
95	366	2
96	366	2
97	367	2
98	367	2
87	346	2
99	368	2
179	363	1
179	364	1
180	365	1
179	366	1
179	367	1
178	362	1
178	368	1
201	343	1
201	344	1
201	345	1
201	346	1
201	347	1
201	348	1
201	349	1
202	350	1
203	351	1
203	352	1
204	353	1
205	354	1
206	355	1
207	356	1
208	357	1
209	358	1
210	359	1
210	360	1
211	361	1
212	361	1
213	362	1
214	363	1
215	364	1
216	364	1
217	365	1
218	365	1
219	366	1
220	367	1
221	367	1
222	368	1
223	369	1
201	342	1
224	370	1
101	368	4
102	368	4
103	368	4
104	368	4
105	368	4
106	368	4
107	368	4
108	368	4
109	368	4
110	368	4
111	368	4
112	368	4
113	368	4
114	368	4
115	368	4
116	368	4
117	368	4
177	368	4
118	369	4
119	369	4
120	369	4
175	369	4
176	369	4
121	370	4
122	370	4
130	370	4
132	370	4
134	370	4
136	370	4
138	370	4
139	370	4
140	370	4
141	370	4
142	370	4
143	370	4
144	370	4
145	370	4
146	370	4
147	370	4
148	370	4
149	370	4
150	370	4
152	370	4
154	370	4
156	370	4
173	370	4
174	370	4
123	371	4
124	371	4
125	371	4
126	371	4
127	371	4
128	371	4
129	371	4
131	371	4
133	371	4
135	371	4
137	371	4
151	371	4
153	371	4
155	371	4
157	371	4
158	371	4
171	371	4
172	371	4
159	372	4
160	372	4
161	372	4
162	372	4
163	372	4
164	372	4
165	372	4
166	372	4
167	372	4
168	372	4
169	372	4
170	372	4
100	368	4
178	368	4
226	371	4
227	372	4
228	373	4
229	373	4
230	374	4
230	375	4
225	370	4
230	376	4
224	372	1
224	373	1
223	374	1
223	375	1
223	376	1
224	371	1
223	377	1
287	366	10
288	367	10
289	368	10
290	369	10
290	370	10
290	371	10
290	372	10
290	373	10
290	374	10
290	375	10
290	376	10
291	377	10
294	373	8
293	374	8
292	375	8
292	376	8
291	377	8
179	369	0
180	370	0
181	371	0
181	372	0
182	373	0
183	374	0
184	374	0
185	375	0
186	376	0
187	376	0
188	377	0
189	378	0
190	378	0
178	368	0
191	379	0
206	377	0
208	377	0
209	377	0
211	377	0
213	377	0
214	377	0
216	377	0
218	377	0
204	378	0
205	378	0
207	378	0
210	378	0
212	378	0
215	378	0
217	378	0
219	378	0
220	378	0
221	378	0
222	378	0
202	379	0
203	379	0
201	380	0
199	381	0
200	381	0
223	377	0
198	382	0
228	377	0
229	377	0
224	378	0
226	378	0
227	378	0
225	379	0
230	376	0
223	377	0
248	370	8
250	370	8
252	370	8
253	370	8
255	370	8
244	371	8
245	371	8
246	371	8
247	371	8
249	371	8
251	371	8
254	371	8
256	371	8
258	371	8
242	372	8
243	372	8
257	372	8
259	372	8
240	373	8
241	373	8
260	373	8
262	373	8
239	374	8
261	374	8
263	374	8
236	375	8
238	375	8
264	375	8
232	376	8
234	376	8
235	376	8
237	376	8
265	376	8
266	376	8
231	377	8
233	377	8
267	377	8
268	377	8
269	378	8
270	378	8
271	378	8
289	378	8
272	379	8
273	379	8
274	379	8
276	379	8
279	379	8
282	379	8
284	379	8
287	379	8
288	379	8
275	380	8
277	380	8
278	380	8
280	380	8
281	380	8
283	380	8
285	380	8
286	380	8
230	376	8
290	378	8
192	379	0
193	380	0
194	380	0
195	381	0
196	381	0
191	379	0
197	382	0
197	384	0
196	385	0
198	383	0
195	386	0
99	370	1
99	371	1
99	372	1
99	373	1
99	374	1
99	375	1
99	376	1
99	377	1
100	378	1
101	379	1
102	379	1
103	380	1
104	380	1
105	381	1
106	381	1
107	382	1
108	382	1
109	383	1
110	383	1
111	384	1
112	384	1
113	385	1
114	385	1
115	386	1
116	386	1
117	387	1
118	387	1
119	387	1
120	387	1
121	387	1
122	387	1
99	369	1
123	388	1
190	380	2
189	381	2
188	382	2
187	383	2
187	384	2
187	385	2
187	386	2
187	387	2
191	379	2
187	388	2
369	380	8
370	381	8
370	382	8
371	383	8
371	384	8
371	385	8
372	386	8
372	387	8
371	388	8
128	385	4
130	385	4
131	385	4
133	385	4
134	385	4
135	385	4
136	385	4
137	385	4
138	385	4
139	385	4
140	385	4
142	385	4
144	385	4
146	385	4
148	385	4
125	386	4
127	386	4
129	386	4
132	386	4
141	386	4
143	386	4
145	386	4
147	386	4
149	386	4
150	386	4
151	386	4
152	386	4
124	387	4
126	387	4
153	387	4
154	387	4
155	387	4
156	387	4
157	387	4
158	387	4
159	387	4
160	387	4
161	387	4
163	387	4
168	387	4
162	388	4
164	388	4
165	388	4
166	388	4
167	388	4
169	388	4
170	389	4
171	389	4
172	389	4
173	389	4
174	389	4
175	389	4
176	389	4
178	389	4
180	389	4
182	389	4
183	389	4
184	389	4
185	389	4
186	389	4
177	390	4
179	390	4
181	390	4
123	388	4
187	388	4
194	386	0
192	387	0
193	387	0
190	388	0
191	388	0
188	389	0
189	389	0
195	386	0
187	388	0
398	385	8
400	385	8
401	385	8
396	386	8
397	386	8
399	386	8
394	387	8
395	387	8
392	388	8
393	388	8
390	389	8
391	389	8
389	390	8
388	391	8
291	379	13
292	380	13
293	380	13
294	381	13
294	382	13
295	383	13
296	383	13
297	384	13
298	385	13
299	386	13
300	386	13
301	387	13
302	387	13
303	388	13
304	388	13
305	389	13
306	389	13
308	389	13
307	390	13
309	390	13
310	390	13
312	390	13
314	390	13
316	390	13
318	390	13
320	390	13
323	390	13
311	391	13
313	391	13
315	391	13
317	391	13
319	391	13
321	391	13
322	391	13
324	391	13
290	378	13
354	391	0
355	392	0
368	390	1
369	390	1
356	391	1
357	391	1
358	391	1
359	391	1
361	391	1
362	391	1
363	391	1
364	391	1
365	391	1
366	391	1
367	391	1
360	392	1
370	389	1
355	392	1
389	392	1
388	391	1
417	392	-964
418	392	-964
351	393	0
352	393	0
353	393	0
354	393	0
355	392	0
61	334	0
60	335	0
59	336	0
58	337	0
57	338	0
56	339	0
55	340	0
54	341	0
53	342	0
52	343	0
51	344	0
50	345	0
49	346	0
48	347	0
47	348	0
46	349	0
45	350	0
44	351	0
43	352	0
42	353	0
41	354	0
40	355	0
39	356	0
38	357	0
37	358	0
36	359	0
35	360	0
34	361	0
33	362	0
32	363	0
31	364	0
30	365	0
29	366	0
28	367	0
27	368	0
26	369	0
25	370	0
24	371	0
23	372	0
22	373	0
21	374	0
20	375	0
19	376	0
18	377	0
17	378	0
16	379	0
15	380	0
14	381	0
13	382	0
12	383	0
11	384	0
10	385	0
9	386	0
8	387	0
7	388	0
6	389	0
5	390	0
4	391	0
3	392	0
2	393	0
1	394	0
62	333	0
123	389	1
123	390	1
123	391	1
123	392	1
123	393	1
123	394	1
123	388	1
196	387	-1
197	388	-1
198	389	-1
199	390	-1
200	391	-1
201	392	-1
202	392	-1
203	393	-1
204	393	-1
205	394	-1
206	394	-1
207	394	-1
195	386	-1
220	392	-995
222	392	-995
224	392	-995
218	393	-995
219	393	-995
221	393	-995
223	393	-995
216	394	-995
217	394	-995
372	390	6
373	391	6
374	391	6
375	392	6
376	392	6
386	392	6
387	392	6
377	393	6
378	393	6
380	393	6
382	393	6
384	393	6
385	393	6
379	394	6
381	394	6
383	394	6
371	389	6
388	391	6
