230	1	226	2
244	1	244	2
250	1	246	2
260	1	260	2
264	1	264	1
265	1	264	1
266	1	266	1
267	1	266	1
268	1	268	1
269	1	268	1
270	1	270	2
278	1	278	2
280	1	278	2
300	1	300	1
302	1	301	1
2	2	2	2
228	2	226	2
229	2	226	2
245	2	244	2
246	2	246	2
249	2	246	2
261	2	261	2
262	2	262	1
263	2	263	1
271	2	270	2
272	2	271	3
276	2	276	2
277	2	277	2
279	2	278	2
301	2	301	1
3	3	3	3
227	3	226	2
247	3	246	2
248	3	246	2
263	3	263	1
273	3	273	3
275	3	275	2
4	4	4	4
226	4	225	3
248	4	247	5
263	4	261	2
274	4	273	3
5	5	5	5
226	5	224	5
249	5	247	5
264	5	265	2
275	5	274	7
336	5	336	4
6	6	6	6
226	6	226	7
250	6	248	7
276	6	276	8
279	6	279	3
306	6	307	5
333	6	334	6
335	6	335	5
7	7	7	7
226	7	226	7
227	7	227	7
228	7	228	7
229	7	228	7
230	7	230	8
231	7	230	8
232	7	232	9
277	7	276	8
278	7	276	8
305	7	305	9
319	7	319	7
320	7	319	7
321	7	321	7
334	7	334	6
8	8	8	8
224	8	224	7
225	8	225	7
233	8	232	9
234	8	232	9
279	8	279	10
316	8	316	8
317	8	317	8
318	8	318	8
322	8	322	8
333	8	333	8
9	9	9	9
222	9	222	8
223	9	223	8
235	9	233	10
236	9	234	11
304	9	304	9
306	9	306	9
312	9	312	10
315	9	315	9
323	9	323	8
332	9	332	9
10	10	10	10
220	10	220	9
221	10	221	9
237	10	235	12
293	10	293	10
294	10	294	10
295	10	295	10
296	10	296	10
297	10	297	10
299	10	299	10
301	10	301	10
302	10	302	10
303	10	303	10
305	10	305	9
307	10	307	10
313	10	313	10
314	10	314	10
324	10	324	9
325	10	325	10
329	10	329	10
330	10	329	10
331	10	331	10
11	11	11	11
219	11	219	10
238	11	236	13
288	11	288	12
290	11	290	11
291	11	291	11
292	11	292	11
298	11	298	11
300	11	300	10
308	11	308	11
310	11	310	11
311	11	311	11
312	11	312	10
326	11	326	11
327	11	327	11
328	11	328	11
331	11	331	10
12	12	12	12
218	12	217	11
239	12	239	14
279	12	280	12
281	12	281	11
283	12	283	12
284	12	284	12
285	12	285	12
286	12	286	12
287	12	287	12
289	12	289	12
308	12	308	11
309	12	309	11
332	12	333	12
333	12	333	12
13	13	13	13
218	13	216	13
238	13	238	14
240	13	240	14
248	13	248	13
249	13	248	13
250	13	250	13
251	13	250	13
252	13	252	13
253	13	252	13
254	13	254	13
255	13	254	13
256	13	256	13
257	13	256	13
258	13	258	14
260	13	260	14
262	13	262	15
274	13	274	14
276	13	276	13
277	13	276	13
278	13	278	13
280	13	280	12
282	13	282	13
307	13	307	12
334	13	334	13
335	13	335	13
338	13	338	14
14	14	14	14
218	14	218	15
237	14	237	14
241	14	240	14
242	14	242	14
244	14	244	14
245	14	245	14
246	14	246	13
247	14	247	14
259	14	259	14
261	14	260	14
263	14	263	15
264	14	264	15
265	14	265	15
266	14	266	15
267	14	266	15
273	14	273	14
275	14	275	14
306	14	306	13
337	14	337	14
339	14	339	14
15	15	15	15
218	15	218	15
219	15	219	15
220	15	220	15
221	15	221	15
222	15	222	15
223	15	223	15
224	15	224	15
225	15	225	15
226	15	226	15
227	15	226	15
228	15	228	16
235	15	234	14
236	15	237	14
243	15	243	14
268	15	269	15
269	15	269	15
270	15	269	15
271	15	271	15
272	15	272	15
293	15	292	15
304	15	304	14
305	15	304	14
340	15	340	15
16	16	16	16
216	16	216	15
217	16	217	15
229	16	228	16
230	16	230	16
231	16	231	15
232	16	232	15
233	16	232	15
234	16	234	14
293	16	292	15
303	16	302	15
17	17	17	17
214	17	214	16
215	17	215	16
292	17	291	16
302	17	301	17
18	18	18	18
212	18	212	17
213	18	213	17
292	18	291	16
302	18	301	17
19	19	19	19
210	19	210	18
211	19	211	18
292	19	290	17
301	19	300	18
20	20	20	20
208	20	208	19
209	20	209	19
291	20	290	17
300	20	299	20
21	21	21	21
206	21	206	20
207	21	207	20
292	21	291	24
299	21	299	20
22	22	22	22
205	22	205	21
292	22	291	24
299	22	298	22
23	23	23	23
204	23	203	22
280	23	280	24
292	23	291	24
298	23	298	22
299	23	299	23
24	24	24	24
203	24	203	22
276	24	275	24
277	24	277	24
278	24	278	24
279	24	278	24
281	24	280	24
282	24	282	25
287	24	287	24
289	24	289	24
291	24	291	24
293	24	293	24
295	24	294	24
297	24	297	23
300	24	300	24
301	24	300	24
315	24	314	24
25	25	25	25
202	25	200	25
273	25	272	25
275	25	275	24
283	25	283	25
284	25	284	25
285	25	285	25
286	25	286	25
288	25	288	25
290	25	290	24
294	25	294	24
296	25	296	24
302	25	302	25
315	25	314	25
26	26	26	26
202	26	200	26
255	26	254	26
256	26	256	26
258	26	258	26
260	26	260	27
262	26	262	27
264	26	264	27
266	26	266	27
267	26	268	26
269	26	269	26
271	26	271	26
272	26	272	25
274	26	274	25
296	26	295	26
303	26	303	26
304	26	304	26
305	26	305	26
307	26	307	26
308	26	308	26
309	26	308	26
315	26	315	26
316	26	316	26
317	26	317	25
27	27	27	27
202	27	200	27
253	27	253	27
254	27	254	26
257	27	257	27
259	27	259	27
261	27	261	27
263	27	263	27
265	27	265	27
268	27	268	26
270	27	270	26
296	27	295	27
306	27	306	26
310	27	310	26
311	27	311	27
312	27	312	27
313	27	313	26
314	27	314	27
28	28	28	28
202	28	200	28
251	28	251	27
252	28	252	27
297	28	296	29
315	28	314	28
29	29	29	29
202	29	202	30
243	29	243	30
245	29	245	30
246	29	246	30
250	29	250	28
297	29	296	29
316	29	316	29
30	30	30	30
202	30	202	30
234	30	234	31
238	30	238	30
240	30	240	30
241	30	241	29
242	30	242	30
244	30	244	30
247	30	247	30
248	30	248	29
249	30	248	29
298	30	298	30
299	30	299	30
31	31	31	31
202	31	202	30
203	31	203	30
204	31	204	30
205	31	205	30
206	31	206	30
207	31	207	30
208	31	208	30
209	31	209	30
210	31	210	30
211	31	211	30
212	31	212	30
213	31	213	30
214	31	214	30
215	31	215	30
216	31	216	30
217	31	217	30
218	31	218	30
219	31	219	30
220	31	220	30
221	31	221	30
222	31	222	30
223	31	223	30
224	31	224	30
225	31	225	30
226	31	226	31
227	31	227	31
228	31	228	31
229	31	229	31
230	31	230	31
231	31	231	31
232	31	232	31
233	31	233	31
235	31	235	31
236	31	236	30
237	31	237	31
239	31	239	30
250	31	249	32
300	31	299	30
32	32	32	32
200	32	199	31
201	32	201	30
251	32	250	33
33	33	33	33
198	33	197	32
199	33	199	31
252	33	250	33
34	34	34	34
196	34	195	33
197	34	197	32
35	35	35	35
194	35	193	34
195	35	195	33
36	36	36	36
192	36	191	35
193	36	193	34
37	37	37	37
190	37	189	36
191	37	191	35
38	38	38	38
189	38	189	36
271	38	269	38
39	39	39	39
188	39	187	37
270	39	269	38
40	40	40	40
188	40	186	38
270	40	269	38
41	41	41	41
188	41	186	38
270	41	268	39
42	42	42	42
188	42	184	42
269	42	269	44
43	43	43	43
188	43	188	46
267	43	266	43
268	43	268	44
270	43	270	44
271	43	271	44
272	43	272	44
287	43	285	42
296	43	297	45
44	44	44	44
188	44	188	46
264	44	264	43
265	44	265	43
266	44	266	43
268	44	268	44
273	44	272	44
286	44	284	44
295	44	294	45
45	45	45	45
188	45	188	46
189	45	189	46
190	45	190	46
191	45	191	46
192	45	192	46
193	45	193	46
194	45	194	46
195	45	195	46
196	45	196	46
197	45	197	46
198	45	198	46
199	45	199	46
200	45	200	46
201	45	201	46
202	45	202	46
203	45	203	46
204	45	204	46
205	45	205	46
206	45	206	46
207	45	207	46
208	45	208	46
209	45	209	46
210	45	210	46
211	45	211	46
212	45	212	46
213	45	213	46
214	45	214	46
215	45	215	46
216	45	216	46
217	45	217	46
218	45	218	46
219	45	219	46
220	45	220	46
221	45	221	46
222	45	222	46
223	45	223	46
224	45	224	46
225	45	226	45
226	45	226	45
227	45	227	45
228	45	227	45
229	45	229	45
231	45	231	46
233	45	234	45
234	45	234	45
236	45	236	45
238	45	238	45
240	45	240	45
242	45	242	45
244	45	244	45
246	45	246	45
247	45	246	45
248	45	248	45
249	45	248	45
250	45	250	45
252	45	252	45
254	45	254	45
256	45	256	45
258	45	258	45
260	45	260	45
262	45	262	44
263	45	263	44
268	45	268	44
274	45	273	45
285	45	284	44
295	45	294	45
46	46	46	46
186	46	186	46
187	46	187	46
230	46	230	46
232	46	232	46
235	46	235	46
237	46	237	46
239	46	239	46
241	46	241	46
243	46	243	46
245	46	245	46
251	46	251	46
253	46	253	46
255	46	255	46
257	46	257	46
259	46	259	45
261	46	261	45
268	46	267	46
275	46	274	46
285	46	284	46
293	46	293	45
294	46	294	45
296	46	296	46
297	46	297	45
47	47	47	47
184	47	184	46
185	47	185	46
268	47	268	47
276	47	275	47
285	47	284	47
292	47	291	46
298	47	298	48
48	48	48	48
182	48	182	47
183	48	183	47
269	48	269	48
270	48	269	48
276	48	276	48
285	48	284	48
291	48	290	48
299	48	298	48
49	49	49	49
180	49	180	48
181	49	181	48
271	49	271	49
275	49	276	49
277	49	277	49
284	49	284	49
285	49	285	49
286	49	286	49
287	49	287	49
288	49	288	49
289	49	289	48
290	49	290	48
291	49	291	49
50	50	50	50
178	50	178	49
179	50	179	49
272	50	272	50
273	50	273	50
274	50	274	50
278	50	278	49
280	50	279	50
281	50	281	50
282	50	282	50
283	50	283	50
285	50	285	49
292	50	292	50
51	51	51	51
176	51	176	50
177	51	177	50
279	51	279	50
285	51	285	49
293	51	293	51
294	51	293	51
295	51	295	52
296	51	295	52
297	51	297	53
52	52	52	52
175	52	175	51
285	52	284	53
293	52	293	51
317	52	316	52
53	53	53	53
174	53	173	52
285	53	284	53
293	53	294	52
316	53	316	52
318	53	317	53
54	54	54	54
173	54	173	52
286	54	285	54
293	54	294	52
318	54	317	54
55	55	55	55
172	55	170	55
287	55	286	55
294	55	296	54
56	56	56	56
172	56	170	56
288	56	287	56
293	56	294	58
295	56	295	58
307	56	307	56
312	56	312	56
337	56	343	61
57	57	57	57
172	57	170	57
289	57	289	58
296	57	295	58
297	57	298	56
298	57	298	56
302	57	301	58
303	57	304	57
304	57	304	57
305	57	305	57
306	57	306	57
308	57	308	57
310	57	310	57
311	57	310	57
58	58	58	58
172	58	170	58
238	58	238	58
240	58	240	58
242	58	242	58
243	58	243	58
244	58	244	58
245	58	245	58
246	58	245	58
247	58	247	58
249	58	249	58
251	58	251	58
252	58	252	58
253	58	253	58
254	58	254	58
255	58	255	58
256	58	255	58
257	58	257	58
299	58	299	57
301	58	301	58
309	58	309	57
312	58	312	58
342	58	343	61
353	58	353	58
59	59	59	59
172	59	172	60
235	59	235	59
237	59	237	59
239	59	239	59
241	59	241	58
248	59	248	59
250	59	250	58
258	59	258	59
259	59	259	58
260	59	260	59
261	59	261	58
262	59	262	59
263	59	262	59
264	59	264	59
266	59	266	60
300	59	300	58
309	59	309	59
313	59	313	59
342	59	343	61
352	59	352	58
60	60	60	60
172	60	172	60
173	60	173	60
174	60	174	60
175	60	175	60
176	60	176	60
177	60	177	60
178	60	178	60
179	60	179	60
180	60	180	60
181	60	181	60
182	60	182	60
183	60	183	60
184	60	184	60
185	60	185	60
186	60	186	60
187	60	187	60
188	60	188	60
189	60	189	60
190	60	190	60
191	60	191	60
192	60	192	60
193	60	193	60
194	60	194	60
195	60	195	60
196	60	196	60
197	60	197	60
198	60	198	60
199	60	199	60
200	60	200	60
201	60	201	60
202	60	202	60
203	60	203	60
204	60	204	60
205	60	205	60
206	60	206	60
207	60	207	60
208	60	208	60
209	60	209	60
210	60	210	60
211	60	211	60
212	60	212	60
213	60	213	60
214	60	214	60
215	60	215	60
216	60	216	60
217	60	217	60
218	60	218	60
219	60	219	60
220	60	220	60
221	60	221	60
222	60	222	60
223	60	223	60
224	60	224	60
225	60	225	60
226	60	226	60
227	60	227	60
229	60	229	60
230	60	230	60
232	60	232	60
233	60	233	59
234	60	234	59
236	60	235	59
265	60	265	60
267	60	267	60
268	60	268	60
270	60	270	60
272	60	272	60
274	60	274	60
300	60	300	58
307	60	307	60
308	60	308	60
309	60	309	59
311	60	310	59
312	60	313	59
314	60	314	60
341	60	343	61
351	60	351	60
353	60	353	58
61	61	61	61
170	61	170	60
171	61	171	60
228	61	228	60
231	61	231	60
269	61	269	61
271	61	271	61
273	61	273	61
275	61	275	61
276	61	276	60
277	61	277	61
278	61	278	60
279	61	279	61
280	61	280	61
281	61	281	61
282	61	281	61
283	61	283	61
292	61	292	61
294	61	294	61
295	61	294	61
296	61	296	61
297	61	296	61
298	61	298	62
299	61	299	62
301	61	302	61
306	61	306	61
310	61	310	59
315	61	315	61
316	61	316	61
317	61	316	61
318	61	318	61
319	61	318	61
320	61	320	61
340	61	342	62
350	61	351	61
62	62	62	62
168	62	168	61
169	62	169	61
284	62	284	62
285	62	285	61
286	62	286	62
287	62	287	62
288	62	288	62
289	62	289	62
290	62	289	62
291	62	291	62
293	62	293	62
302	62	302	61
303	62	303	62
304	62	304	62
305	62	305	61
321	62	321	62
325	62	325	62
336	62	336	64
337	62	337	64
338	62	338	64
339	62	339	64
349	62	351	61
63	63	63	63
166	63	166	62
167	63	167	62
322	63	321	62
323	63	323	62
324	63	324	63
326	63	326	63
327	63	327	62
328	63	328	63
334	63	334	64
335	63	335	64
340	63	341	63
348	63	347	64
64	64	64	64
164	64	164	63
165	64	165	63
329	64	329	64
330	64	330	63
331	64	331	64
332	64	332	63
333	64	333	64
340	64	340	64
341	64	341	63
348	64	347	64
65	65	65	65
162	65	162	64
163	65	163	64
334	65	334	64
339	65	339	64
342	65	342	64
343	65	343	65
345	65	344	66
348	65	348	65
354	65	354	66
66	66	66	66
161	66	161	65
335	66	335	64
336	66	336	64
337	66	337	64
338	66	338	64
339	66	339	64
341	66	340	64
344	66	344	66
346	66	346	66
347	66	347	66
349	66	349	66
353	66	354	66
355	66	355	66
357	66	357	66
67	67	67	67
160	67	159	66
335	67	335	64
340	67	340	64
350	67	350	66
352	67	351	67
356	67	356	66
358	67	358	67
68	68	68	68
159	68	159	66
243	68	242	70
335	68	335	64
351	68	351	67
358	68	358	67
69	69	69	69
158	69	157	67
243	69	242	70
352	69	352	68
70	70	70	70
157	70	155	68
243	70	242	70
353	70	353	69
354	70	354	70
71	71	71	71
156	71	154	71
243	71	242	70
72	72	72	72
156	72	154	72
243	72	242	70
314	72	314	72
73	73	73	73
156	73	154	73
243	73	242	75
273	73	273	73
275	73	274	73
276	73	275	74
277	73	277	74
278	73	278	74
279	73	279	74
298	73	298	74
313	73	313	72
74	74	74	74
156	74	156	75
240	74	240	74
242	74	242	75
244	74	244	76
271	74	271	74
272	74	272	73
274	74	274	73
280	74	280	74
282	74	282	74
296	74	296	74
297	74	297	74
299	74	299	74
300	74	300	74
311	74	311	74
312	74	312	73
75	75	75	75
156	75	156	75
228	75	227	75
229	75	229	75
231	75	231	75
233	75	232	75
234	75	234	75
235	75	235	75
236	75	236	75
238	75	238	74
239	75	239	75
241	75	241	75
245	75	244	76
246	75	246	77
256	75	256	75
257	75	256	75
258	75	258	75
259	75	258	75
260	75	260	75
262	75	262	75
264	75	264	75
265	75	265	74
266	75	266	75
267	75	267	74
268	75	268	75
269	75	269	74
270	75	269	74
280	75	280	74
281	75	281	75
283	75	283	75
284	75	284	75
286	75	285	75
295	75	295	75
309	75	309	75
310	75	310	75
312	75	312	75
76	76	76	76
156	76	156	75
157	76	157	75
158	76	158	75
159	76	159	75
160	76	160	75
161	76	161	75
162	76	162	75
163	76	163	75
164	76	164	75
165	76	165	75
166	76	166	75
167	76	167	75
168	76	168	75
169	76	169	75
170	76	170	75
171	76	171	75
172	76	172	75
173	76	173	75
174	76	174	75
175	76	175	75
176	76	176	75
177	76	177	75
178	76	178	75
179	76	179	75
180	76	180	75
181	76	181	75
182	76	182	75
183	76	183	75
184	76	184	75
185	76	185	75
186	76	186	75
187	76	187	75
188	76	188	75
189	76	189	75
190	76	190	75
191	76	191	75
192	76	192	75
193	76	193	75
194	76	194	75
195	76	195	75
196	76	196	75
197	76	197	75
198	76	198	75
199	76	199	75
200	76	200	75
201	76	201	75
202	76	202	75
203	76	203	75
204	76	204	75
205	76	205	75
206	76	206	75
207	76	207	75
208	76	208	75
209	76	209	75
210	76	210	75
211	76	211	75
212	76	212	75
213	76	213	75
214	76	214	75
215	76	215	75
216	76	216	75
217	76	217	75
218	76	218	75
219	76	219	75
220	76	220	75
221	76	221	75
222	76	222	75
223	76	223	75
224	76	224	75
225	76	225	76
226	76	226	75
227	76	227	75
230	76	230	75
232	76	232	75
237	76	237	75
247	76	247	77
248	76	248	77
253	76	253	75
254	76	254	75
255	76	255	75
261	76	261	75
263	76	262	75
279	76	279	74
285	76	285	75
287	76	287	76
294	76	294	76
308	76	308	76
313	76	313	76
314	76	313	76
317	76	318	76
77	77	77	77
154	77	153	76
155	77	155	75
249	77	249	77
250	77	250	77
251	77	251	76
252	77	251	76
277	77	276	75
278	77	276	75
288	77	288	76
289	77	289	77
292	77	293	77
293	77	293	77
307	77	307	77
315	77	315	77
316	77	316	77
78	78	78	78
152	78	151	77
153	78	153	76
276	78	275	76
290	78	290	77
291	78	291	78
293	78	293	77
304	78	304	78
305	78	305	78
306	78	306	77
79	79	79	79
150	79	149	78
151	79	151	77
275	79	273	79
294	79	293	79
301	79	301	79
302	79	302	79
303	79	303	78
80	80	80	80
148	80	147	79
149	80	149	78
274	80	273	79
295	80	294	80
300	80	300	79
81	81	81	81
146	81	145	80
147	81	147	79
272	81	272	81
274	81	273	82
296	81	296	81
298	81	298	80
299	81	299	80
82	82	82	82
144	82	143	81
145	82	145	80
253	82	250	82
270	82	270	81
271	82	271	82
273	82	273	82
274	82	273	82
297	82	297	81
83	83	83	83
143	83	143	81
252	83	250	83
266	83	266	82
268	83	268	82
269	83	269	82
275	83	274	83
297	83	296	84
84	84	84	84
142	84	141	82
252	84	250	83
263	84	263	84
264	84	264	83
265	84	265	83
267	84	267	82
276	84	276	84
278	84	278	84
280	84	280	83
281	84	280	83
297	84	296	84
85	85	85	85
142	85	140	83
252	85	252	87
261	85	261	84
262	85	261	84
277	85	277	85
279	85	279	84
298	85	298	86
86	86	86	86
142	86	140	83
251	86	251	87
253	86	254	86
258	86	258	85
259	86	258	85
260	86	260	84
299	86	299	86
300	86	299	86
301	86	299	86
87	87	87	87
142	87	138	87
248	87	248	87
250	87	250	87
254	87	254	86
255	87	255	87
256	87	256	86
257	87	256	86
88	88	88	88
142	88	142	91
247	88	247	88
249	88	248	87
89	89	89	89
142	89	142	91
245	89	245	88
246	89	245	88
90	90	90	90
142	90	142	91
244	90	244	89
91	91	91	91
142	91	142	91
143	91	143	91
144	91	144	91
145	91	145	91
146	91	146	91
147	91	147	91
148	91	148	91
149	91	149	91
150	91	150	91
151	91	151	91
152	91	152	91
153	91	153	91
154	91	154	91
155	91	155	91
156	91	156	91
157	91	157	91
158	91	158	91
159	91	159	91
160	91	160	91
161	91	161	91
162	91	162	91
163	91	163	91
164	91	164	91
165	91	165	91
166	91	166	91
167	91	167	91
168	91	168	91
169	91	169	91
170	91	170	91
171	91	171	91
172	91	172	91
173	91	173	91
174	91	174	91
175	91	175	91
176	91	176	91
177	91	177	91
178	91	178	91
179	91	179	91
180	91	180	91
181	91	181	91
182	91	182	91
183	91	183	91
184	91	184	91
185	91	185	91
186	91	186	91
187	91	187	91
188	91	188	91
189	91	189	91
190	91	190	91
191	91	191	91
192	91	192	91
193	91	193	91
194	91	194	91
195	91	195	91
196	91	196	91
197	91	197	91
198	91	198	91
199	91	199	91
200	91	200	91
201	91	201	91
202	91	202	91
203	91	203	91
204	91	204	91
205	91	205	91
206	91	206	91
207	91	207	91
208	91	208	91
209	91	209	91
210	91	210	91
211	91	211	91
212	91	212	91
213	91	213	91
214	91	214	91
215	91	215	91
216	91	216	91
217	91	217	91
218	91	218	91
219	91	219	91
220	91	220	91
221	91	221	91
222	91	222	91
223	91	223	91
224	91	224	91
225	91	225	91
226	91	226	91
227	91	227	91
228	91	228	91
229	91	229	91
230	91	230	91
231	91	231	91
232	91	232	91
233	91	233	91
234	91	234	91
235	91	234	91
236	91	236	91
238	91	238	91
240	91	241	91
243	91	242	90
92	92	92	92
140	92	140	91
141	92	141	91
237	92	237	92
239	92	239	92
241	92	241	91
242	92	241	91
93	93	93	93
138	93	137	92
139	93	139	91
242	93	242	94
94	94	94	94
136	94	135	93
137	94	137	92
243	94	242	94
244	94	244	95
95	95	95	95
134	95	133	94
135	95	135	93
245	95	244	95
246	95	246	96
96	96	96	96
132	96	131	95
133	96	133	94
247	96	246	96
248	96	249	96
249	96	249	96
251	96	251	97
253	96	253	97
267	96	267	95
97	97	97	97
130	97	129	96
131	97	131	95
250	97	250	97
252	97	252	97
254	97	254	97
255	97	254	97
256	97	256	98
257	97	256	98
265	97	265	96
266	97	266	96
98	98	98	98
129	98	129	96
258	98	258	99
264	98	264	97
307	98	307	98
309	98	309	98
311	98	311	98
99	99	99	99
128	99	127	97
259	99	258	99
260	99	260	99
262	99	262	98
264	99	264	97
306	99	306	98
308	99	307	98
310	99	309	98
100	100	100	100
127	100	126	98
261	100	261	100
263	100	263	101
265	100	263	101
304	100	304	99
305	100	304	99
101	101	101	101
126	101	124	101
266	101	267	102
303	101	302	99
102	102	102	102
126	102	124	102
267	102	267	102
302	102	300	102
103	103	103	103
126	103	124	103
302	103	300	103
104	104	104	104
126	104	124	104
302	104	300	104
105	105	105	105
126	105	126	106
302	105	302	106
106	106	106	106
126	106	126	106
229	106	229	106
230	106	230	106
231	106	231	106
232	106	232	106
233	106	233	106
234	106	234	106
235	106	235	106
236	106	236	106
237	106	236	106
238	106	238	106
239	106	238	106
240	106	240	107
275	106	275	108
276	106	276	108
296	106	296	106
297	106	297	106
298	106	298	105
299	106	299	105
300	106	300	105
301	106	301	106
303	106	303	106
304	106	303	106
305	106	305	107
312	106	313	106
107	107	107	107
126	107	126	106
127	107	127	106
128	107	128	106
129	107	129	106
130	107	130	106
131	107	131	106
132	107	132	106
133	107	133	106
134	107	134	106
135	107	135	106
136	107	136	106
137	107	137	106
138	107	138	106
139	107	139	106
140	107	140	106
141	107	141	106
142	107	142	106
143	107	143	106
144	107	144	106
145	107	145	106
146	107	146	106
147	107	147	106
148	107	148	106
149	107	149	106
150	107	150	106
151	107	151	106
152	107	152	106
153	107	153	106
154	107	154	106
155	107	155	106
156	107	156	106
157	107	157	106
158	107	158	106
159	107	159	106
160	107	160	106
161	107	161	106
162	107	162	106
163	107	163	106
164	107	164	106
165	107	165	106
166	107	166	106
167	107	167	106
168	107	168	106
169	107	169	106
170	107	170	106
171	107	171	106
172	107	172	106
173	107	173	106
174	107	174	106
175	107	175	106
176	107	176	106
177	107	177	106
178	107	178	106
179	107	179	106
180	107	180	106
181	107	181	106
182	107	182	106
183	107	183	106
184	107	184	106
185	107	185	106
186	107	186	106
187	107	187	106
188	107	188	106
189	107	189	106
190	107	190	106
191	107	191	106
192	107	192	106
193	107	193	106
194	107	194	106
195	107	195	106
196	107	196	106
197	107	197	106
198	107	198	106
199	107	199	106
200	107	200	106
201	107	201	106
202	107	202	106
203	107	203	106
204	107	204	106
205	107	205	106
206	107	206	106
207	107	207	106
208	107	208	106
209	107	209	106
210	107	210	106
211	107	211	106
212	107	212	106
213	107	213	106
214	107	214	106
215	107	215	106
216	107	216	106
217	107	217	106
218	107	218	106
219	107	219	106
220	107	220	106
221	107	221	106
222	107	222	106
223	107	223	106
224	107	224	106
225	107	225	106
226	107	226	106
227	107	227	106
228	107	228	106
241	107	241	107
242	107	242	107
243	107	243	107
244	107	244	107
245	107	245	107
246	107	246	107
247	107	246	107
248	107	248	107
250	107	250	107
252	107	252	107
254	107	254	108
256	107	255	108
273	107	273	108
274	107	273	108
277	107	277	108
280	107	280	108
282	107	282	108
284	107	284	107
287	107	287	107
289	107	289	107
291	107	291	107
292	107	292	107
293	107	293	107
294	107	294	106
295	107	295	106
306	107	306	107
307	107	307	107
311	107	312	107
108	108	108	108
124	108	123	107
125	108	125	106
249	108	249	108
251	108	251	108
253	108	253	108
255	108	255	108
257	108	257	109
259	108	258	109
272	108	273	108
278	108	278	108
279	108	279	108
281	108	281	108
283	108	283	108
285	108	285	108
286	108	286	107
288	108	288	108
290	108	290	107
308	108	308	107
309	108	309	108
311	108	310	108
109	109	109	109
122	109	121	108
123	109	123	107
258	109	258	109
260	109	260	110
262	109	262	110
270	109	270	110
272	109	272	109
273	109	273	108
276	109	276	108
277	109	277	108
310	109	310	108
110	110	110	110
120	110	119	109
121	110	121	108
261	110	260	110
263	110	262	110
264	110	264	110
265	110	264	110
266	110	266	110
267	110	266	110
268	110	268	110
269	110	268	110
271	110	271	110
274	110	274	109
275	110	274	109
310	110	311	110
111	111	111	111
118	111	117	110
119	111	119	109
311	111	311	111
320	111	319	112
322	111	322	111
112	112	112	112
116	112	115	111
117	112	117	110
312	112	311	112
319	112	319	112
321	112	321	112
323	112	323	112
325	112	325	112
326	112	326	112
327	112	327	112
113	113	113	113
115	113	115	111
286	113	286	113
308	113	308	115
309	113	311	112
313	113	312	113
314	113	314	113
316	113	316	113
324	113	324	112
114	114	113	113
284	114	285	113
285	114	285	113
315	114	315	114
114	115	113	115
316	115	315	114
114	116	113	116
115	117	114	117
115	118	114	118
116	119	115	119
262	119	262	119
264	119	264	119
265	119	265	119
266	119	266	119
267	119	267	119
268	119	267	119
269	119	269	119
271	119	271	119
273	119	273	119
275	119	274	120
299	119	299	119
307	119	307	119
116	120	115	120
230	120	230	121
255	120	256	120
256	120	256	120
257	120	257	120
259	120	259	120
260	120	260	119
261	120	261	119
263	120	263	119
270	120	270	120
272	120	272	120
274	120	274	120
276	120	276	120
278	120	278	120
298	120	298	120
300	120	300	120
302	120	301	120
306	120	306	120
117	121	117	121
118	121	118	121
119	121	119	121
120	121	120	121
121	121	121	121
122	121	122	121
123	121	123	121
124	121	124	121
125	121	125	121
126	121	126	121
127	121	127	121
128	121	128	121
129	121	129	121
130	121	130	121
131	121	131	121
132	121	132	121
133	121	133	121
134	121	134	121
135	121	135	121
136	121	136	121
137	121	137	121
138	121	138	121
139	121	139	121
140	121	140	121
141	121	141	121
142	121	142	121
143	121	143	121
144	121	144	121
145	121	145	121
146	121	146	121
147	121	147	121
148	121	148	121
149	121	149	121
150	121	150	121
151	121	151	121
152	121	152	121
153	121	153	121
154	121	154	121
155	121	155	121
156	121	156	121
157	121	157	121
158	121	158	121
159	121	159	121
160	121	160	121
161	121	161	121
162	121	162	121
163	121	163	121
164	121	164	121
165	121	165	121
166	121	166	121
167	121	167	121
168	121	168	121
169	121	169	121
170	121	170	121
171	121	171	121
172	121	172	121
173	121	173	121
174	121	174	121
175	121	175	121
176	121	176	121
177	121	177	121
178	121	178	121
179	121	179	121
180	121	180	121
181	121	181	121
182	121	182	121
183	121	183	121
184	121	184	121
185	121	185	121
186	121	186	121
187	121	187	121
188	121	188	121
189	121	189	121
190	121	190	121
191	121	191	121
192	121	192	121
193	121	193	121
194	121	194	121
195	121	195	121
196	121	196	121
197	121	197	121
198	121	198	121
199	121	199	121
200	121	200	121
201	121	201	121
202	121	202	121
203	121	203	121
204	121	204	121
205	121	205	121
206	121	206	121
207	121	207	121
208	121	208	121
209	121	209	121
210	121	210	121
211	121	211	121
212	121	212	121
213	121	213	121
214	121	214	121
215	121	215	121
216	121	216	121
217	121	217	121
218	121	218	121
219	121	219	121
220	121	220	121
221	121	221	121
222	121	222	121
223	121	223	121
224	121	224	121
225	121	225	121
226	121	226	121
227	121	227	121
228	121	228	120
229	121	229	121
231	121	231	121
232	121	232	121
233	121	233	121
234	121	234	121
235	121	235	121
236	121	236	121
237	121	237	121
238	121	238	121
239	121	239	121
240	121	240	121
241	121	241	121
242	121	242	121
243	121	243	121
245	121	245	121
246	121	245	121
248	121	247	122
249	121	250	121
251	121	251	121
252	121	252	121
253	121	253	120
254	121	254	121
258	121	257	120
277	121	277	121
279	121	279	121
280	121	279	121
281	121	281	122
282	121	282	122
296	121	296	120
297	121	296	120
301	121	301	120
303	121	303	120
304	121	304	120
305	121	305	120
307	121	306	121
116	122	116	121
244	122	244	121
247	122	247	122
250	122	250	121
258	122	257	120
283	122	282	122
284	122	284	122
285	122	284	122
286	122	286	123
294	122	294	121
295	122	295	121
308	122	307	122
116	123	115	123
250	123	249	122
258	123	255	123
287	123	287	123
288	123	288	123
289	123	288	123
290	123	290	123
292	123	291	123
293	123	293	123
115	124	115	123
250	124	249	124
257	124	255	123
291	124	291	123
294	124	293	123
115	125	114	125
251	125	251	125
252	125	252	125
257	125	255	123
294	125	293	126
114	126	114	125
253	126	253	125
256	126	254	124
295	126	294	127
114	127	113	127
254	127	254	128
255	127	254	128
296	127	294	127
114	128	113	127
256	128	255	129
296	128	295	129
115	129	113	129
257	129	255	129
296	129	295	129
297	129	295	129
114	130	113	130
295	130	295	130
298	130	296	131
115	131	114	131
298	131	296	131
115	132	114	132
299	132	297	133
116	133	115	133
116	134	115	134
268	134	268	134
269	134	269	134
270	134	270	134
271	134	271	134
272	134	272	134
273	134	273	134
117	135	117	135
230	135	229	135
231	135	231	135
233	135	233	135
235	135	235	135
237	135	236	136
267	135	267	134
274	135	274	135
275	135	274	135
276	135	276	135
118	136	118	135
119	136	119	135
120	136	120	135
121	136	121	135
122	136	122	135
123	136	123	135
124	136	124	135
125	136	125	135
126	136	126	135
127	136	127	135
128	136	128	135
129	136	129	135
130	136	130	135
131	136	131	135
132	136	132	135
133	136	133	135
134	136	134	135
135	136	135	135
136	136	136	135
137	136	137	135
138	136	138	135
139	136	139	135
140	136	140	135
141	136	141	135
142	136	142	135
143	136	143	135
144	136	144	135
145	136	145	135
146	136	146	135
147	136	147	135
148	136	148	135
149	136	149	135
150	136	150	135
151	136	151	135
152	136	152	135
153	136	153	135
154	136	154	135
155	136	155	135
156	136	156	135
157	136	157	135
158	136	158	135
159	136	159	135
160	136	160	135
161	136	161	135
162	136	162	135
163	136	163	135
164	136	164	135
165	136	165	135
166	136	166	135
167	136	167	135
168	136	168	135
169	136	169	135
170	136	170	135
171	136	171	135
172	136	172	135
173	136	173	135
174	136	174	135
175	136	175	135
176	136	176	135
177	136	177	135
178	136	178	135
179	136	179	135
180	136	180	135
181	136	181	135
182	136	182	135
183	136	183	135
184	136	184	135
185	136	185	135
186	136	186	135
187	136	187	135
188	136	188	135
189	136	189	135
190	136	190	135
191	136	191	135
192	136	192	135
193	136	193	135
194	136	194	135
195	136	195	135
196	136	196	135
197	136	197	135
198	136	198	135
199	136	199	135
200	136	200	135
201	136	201	135
202	136	202	135
203	136	203	135
204	136	204	135
205	136	205	135
206	136	206	135
207	136	207	135
208	136	208	135
209	136	209	135
210	136	210	135
211	136	211	135
212	136	212	135
213	136	213	135
214	136	214	135
215	136	215	135
216	136	216	135
217	136	217	135
218	136	218	135
219	136	219	135
220	136	220	135
221	136	221	135
222	136	222	135
223	136	223	135
224	136	224	135
225	136	225	135
226	136	226	135
227	136	227	136
228	136	228	135
229	136	229	135
232	136	232	136
234	136	234	136
236	136	236	136
238	136	238	136
240	136	240	137
265	136	265	135
266	136	265	135
277	136	277	136
313	136	313	136
117	137	117	135
239	137	239	137
241	137	241	137
242	137	242	137
243	137	242	137
244	137	244	137
246	137	246	138
264	137	263	136
278	137	278	137
279	137	279	137
280	137	280	137
312	137	312	137
314	137	314	137
116	138	115	137
245	138	245	138
247	138	247	138
249	138	249	138
251	138	251	139
262	138	262	137
263	138	263	138
265	138	265	139
272	138	272	138
281	138	281	138
282	138	282	138
284	138	284	139
303	138	303	139
304	138	304	139
312	138	312	137
315	138	314	137
316	138	314	137
317	138	314	137
116	139	114	139
248	139	248	139
250	139	250	139
252	139	252	139
253	139	253	139
254	139	254	139
255	139	255	139
256	139	256	139
257	139	257	139
258	139	258	138
259	139	259	138
260	139	260	138
261	139	260	138
266	139	265	139
267	139	267	139
272	139	272	138
283	139	283	139
285	139	285	139
286	139	286	139
287	139	287	139
301	139	302	139
302	139	302	139
305	139	304	139
306	139	306	139
312	139	312	137
115	140	114	139
268	140	268	139
269	140	269	139
270	140	270	139
271	140	271	139
273	140	273	138
288	140	288	140
289	140	289	140
290	140	290	140
291	140	291	140
292	140	292	140
293	140	292	140
294	140	294	141
300	140	300	140
307	140	307	140
308	140	308	140
309	140	309	140
310	140	310	140
311	140	310	140
115	141	113	141
295	141	295	141
296	141	295	141
297	141	296	142
299	141	299	141
312	141	311	141
114	142	113	142
298	142	298	142
313	142	312	142
314	142	313	143
115	143	113	143
299	143	298	142
315	143	315	144
115	144	114	145
300	144	299	145
315	144	315	144
116	145	114	145
301	145	300	146
316	145	316	145
116	146	115	147
302	146	301	147
117	147	115	147
303	147	302	148
117	148	116	149
304	148	304	149
305	148	304	149
118	149	118	150
233	149	232	149
236	149	236	149
238	149	238	149
240	149	240	149
242	149	242	149
119	150	119	150
120	150	120	150
121	150	121	150
122	150	122	150
123	150	123	150
124	150	124	150
125	150	125	150
126	150	126	150
127	150	127	150
128	150	128	150
129	150	129	150
130	150	130	150
131	150	131	150
132	150	132	150
133	150	133	150
134	150	134	150
135	150	135	150
136	150	136	150
137	150	137	150
138	150	138	150
139	150	139	150
140	150	140	150
141	150	141	150
142	150	142	150
143	150	143	150
144	150	144	150
145	150	145	150
146	150	146	150
147	150	147	150
148	150	148	150
149	150	149	150
150	150	150	150
151	150	151	150
152	150	152	150
153	150	153	150
154	150	154	150
155	150	155	150
156	150	156	150
157	150	157	150
158	150	158	150
159	150	159	150
160	150	160	150
161	150	161	150
162	150	162	150
163	150	163	150
164	150	164	150
165	150	165	150
166	150	166	150
167	150	167	150
168	150	168	150
169	150	169	150
170	150	170	150
171	150	171	150
172	150	172	150
173	150	173	150
174	150	174	150
175	150	175	150
176	150	176	150
177	150	177	150
178	150	178	150
179	150	179	150
180	150	180	150
181	150	181	150
182	150	182	150
183	150	183	150
184	150	184	150
185	150	185	150
186	150	186	150
187	150	187	150
188	150	188	150
189	150	189	150
190	150	190	150
191	150	191	150
192	150	192	150
193	150	193	150
194	150	194	150
195	150	195	150
196	150	196	150
197	150	197	150
198	150	198	150
199	150	199	150
200	150	200	150
201	150	201	150
202	150	202	150
203	150	203	150
204	150	204	150
205	150	205	150
206	150	206	150
207	150	207	150
208	150	208	150
209	150	209	150
210	150	210	150
211	150	211	150
212	150	212	150
213	150	213	150
214	150	214	150
215	150	215	150
216	150	216	150
217	150	217	150
218	150	218	150
219	150	219	150
220	150	220	150
221	150	221	150
222	150	222	150
223	150	223	150
224	150	224	150
225	150	225	150
226	150	226	150
227	150	227	150
228	150	228	150
229	150	229	149
230	150	230	150
231	150	231	149
232	150	232	149
234	150	234	149
235	150	235	150
237	150	237	150
239	150	239	150
241	150	241	150
243	150	243	150
244	150	244	150
245	150	244	150
246	150	246	151
118	151	118	150
247	151	246	151
248	151	248	151
252	151	251	151
253	151	253	151
255	151	255	152
274	151	274	150
276	151	275	149
117	152	116	151
249	152	249	152
250	152	250	151
251	152	251	151
254	152	254	152
256	152	256	152
257	152	256	152
258	152	258	153
267	152	267	152
268	152	268	152
269	152	268	152
270	152	270	152
271	152	271	152
273	152	273	152
275	152	274	153
117	153	115	153
259	153	258	153
260	153	260	154
262	153	263	153
266	153	266	152
272	153	271	152
276	153	275	154
116	154	115	153
261	154	260	154
263	154	263	153
265	154	264	153
272	154	271	152
277	154	278	154
116	155	114	155
264	155	264	153
272	155	274	153
277	155	277	155
115	156	114	155
264	156	262	154
273	156	275	154
277	156	277	156
116	157	114	157
265	157	264	159
115	158	114	158
266	158	266	160
116	159	115	159
267	159	267	160
268	159	267	160
116	160	115	160
243	160	240	159
269	160	268	161
271	160	268	161
117	161	116	161
242	161	240	159
270	161	268	161
117	162	116	162
242	162	239	162
118	163	118	163
232	163	232	163
233	163	233	163
234	163	234	163
235	163	235	163
236	163	236	163
237	163	237	163
238	163	238	163
239	163	239	162
240	163	239	162
242	163	240	165
119	164	119	163
120	164	120	163
121	164	121	163
122	164	122	163
123	164	123	163
124	164	124	163
125	164	125	163
126	164	126	163
127	164	127	163
128	164	128	163
129	164	129	163
130	164	130	163
131	164	131	163
132	164	132	163
133	164	133	163
134	164	134	163
135	164	135	163
136	164	136	163
137	164	137	163
138	164	138	163
139	164	139	163
140	164	140	163
141	164	141	163
142	164	142	163
143	164	143	163
144	164	144	163
145	164	145	163
146	164	146	163
147	164	147	163
148	164	148	163
149	164	149	163
150	164	150	163
151	164	151	163
152	164	152	163
153	164	153	163
154	164	154	163
155	164	155	163
156	164	156	163
157	164	157	163
158	164	158	163
159	164	159	163
160	164	160	163
161	164	161	163
162	164	162	163
163	164	163	163
164	164	164	163
165	164	165	163
166	164	166	163
167	164	167	163
168	164	168	163
169	164	169	163
170	164	170	163
171	164	171	163
172	164	172	163
173	164	173	163
174	164	174	163
175	164	175	163
176	164	176	163
177	164	177	163
178	164	178	163
179	164	179	163
180	164	180	163
181	164	181	163
182	164	182	163
183	164	183	163
184	164	184	163
185	164	185	163
186	164	186	163
187	164	187	163
188	164	188	163
189	164	189	163
190	164	190	163
191	164	191	163
192	164	192	163
193	164	193	163
194	164	194	163
195	164	195	163
196	164	196	163
197	164	197	163
198	164	198	163
199	164	199	163
200	164	200	163
201	164	201	163
202	164	202	163
203	164	203	163
204	164	204	163
205	164	205	163
206	164	206	163
207	164	207	163
208	164	208	163
209	164	209	163
210	164	210	163
211	164	211	163
212	164	212	163
213	164	213	163
214	164	214	163
215	164	215	163
216	164	216	163
217	164	217	163
218	164	218	163
219	164	219	163
220	164	220	163
221	164	221	163
222	164	222	163
223	164	223	163
224	164	224	163
225	164	225	163
226	164	226	163
227	164	227	163
228	164	228	163
229	164	229	163
230	164	230	163
231	164	231	163
241	164	240	165
242	164	240	165
118	165	118	163
243	165	241	166
117	166	116	165
117	167	115	167
116	168	115	167
311	168	311	167
116	169	114	169
261	169	258	167
310	169	310	168
115	170	114	169
259	170	257	168
260	170	258	167
308	170	308	169
309	170	309	169
116	171	114	171
256	171	256	170
257	171	256	170
258	171	256	170
307	171	306	170
310	171	309	169
115	172	114	172
253	172	253	172
254	172	254	171
255	172	255	172
305	172	305	171
306	172	305	171
116	173	115	173
252	173	251	172
303	173	303	173
304	173	304	172
116	174	115	174
251	174	250	173
265	174	262	175
301	174	301	174
302	174	302	173
117	175	116	175
249	175	249	174
250	175	249	174
264	175	262	175
298	175	298	175
300	175	299	174
117	176	117	176
232	176	232	177
245	176	245	176
247	176	247	175
248	176	248	177
250	176	249	174
263	176	262	175
297	176	297	175
299	176	298	175
118	177	118	176
119	177	119	176
120	177	120	176
121	177	121	176
122	177	122	176
123	177	123	176
124	177	124	176
125	177	125	176
126	177	126	176
127	177	127	176
128	177	128	176
129	177	129	176
130	177	130	176
131	177	131	176
132	177	132	176
133	177	133	176
134	177	134	176
135	177	135	176
136	177	136	176
137	177	137	176
138	177	138	176
139	177	139	176
140	177	140	176
141	177	141	176
142	177	142	176
143	177	143	176
144	177	144	176
145	177	145	176
146	177	146	176
147	177	147	176
148	177	148	176
149	177	149	176
150	177	150	176
151	177	151	176
152	177	152	176
153	177	153	176
154	177	154	176
155	177	155	176
156	177	156	176
157	177	157	176
158	177	158	176
159	177	159	176
160	177	160	176
161	177	161	176
162	177	162	176
163	177	163	176
164	177	164	176
165	177	165	176
166	177	166	176
167	177	167	176
168	177	168	176
169	177	169	176
170	177	170	176
171	177	171	176
172	177	172	176
173	177	173	176
174	177	174	176
175	177	175	176
176	177	176	176
177	177	177	176
178	177	178	176
179	177	179	176
180	177	180	176
181	177	181	176
182	177	182	176
183	177	183	176
184	177	184	176
185	177	185	176
186	177	186	176
187	177	187	176
188	177	188	176
189	177	189	176
190	177	190	176
191	177	191	176
192	177	192	176
193	177	193	176
194	177	194	176
195	177	195	176
196	177	196	176
197	177	197	176
198	177	198	176
199	177	199	176
200	177	200	176
201	177	201	176
202	177	202	176
203	177	203	176
204	177	204	176
205	177	205	176
206	177	206	176
207	177	207	176
208	177	208	176
209	177	209	176
210	177	210	176
211	177	211	176
212	177	212	176
213	177	213	176
214	177	214	176
215	177	215	176
216	177	216	176
217	177	217	176
218	177	218	176
219	177	219	176
220	177	220	176
221	177	221	176
222	177	222	176
223	177	223	176
224	177	224	176
225	177	225	176
226	177	226	176
227	177	227	176
228	177	228	177
229	177	229	177
230	177	230	177
231	177	231	177
233	177	232	177
234	177	234	177
235	177	234	177
236	177	236	177
237	177	237	177
238	177	238	177
239	177	239	177
240	177	240	177
241	177	241	177
242	177	242	177
243	177	243	176
244	177	244	177
246	177	246	176
251	177	251	179
252	177	251	179
261	177	261	176
262	177	261	176
296	177	296	177
117	178	116	177
253	178	253	179
260	178	260	177
273	178	273	178
274	178	273	178
296	178	296	177
319	178	319	178
117	179	115	179
254	179	253	179
255	179	255	180
257	179	257	180
260	179	259	179
268	179	268	180
270	179	271	179
272	179	272	179
275	179	275	179
296	179	295	179
316	179	316	179
318	179	318	178
320	179	320	178
116	180	115	179
256	180	256	180
258	180	257	180
259	180	259	180
260	180	259	180
266	180	266	180
267	180	267	180
269	180	268	180
271	180	271	179
296	180	295	180
317	180	317	179
321	180	321	179
116	181	114	181
261	181	262	181
264	181	264	180
265	181	265	180
271	181	270	180
294	181	293	181
295	181	295	180
316	181	316	179
115	182	114	181
262	182	262	181
263	182	263	181
272	182	270	180
291	182	293	181
292	182	293	181
293	182	293	181
296	182	296	181
311	182	311	181
315	182	314	180
115	183	113	183
262	183	261	182
273	183	273	185
290	183	288	184
297	183	296	183
311	183	310	183
114	184	113	184
262	184	260	184
274	184	273	185
288	184	288	184
297	184	296	184
310	184	310	184
115	185	113	185
263	185	261	186
264	185	262	187
284	185	285	185
285	185	285	185
295	185	295	185
296	185	296	184
298	185	297	185
309	185	309	185
319	185	317	179
115	186	114	187
265	186	262	187
283	186	283	186
292	186	292	186
293	186	293	186
294	186	294	185
299	186	299	186
309	186	309	185
116	187	114	187
281	187	281	187
282	187	282	186
291	187	291	186
300	187	300	187
302	187	302	188
308	187	308	187
116	188	115	189
278	188	278	189
279	188	280	188
280	188	280	188
290	188	290	187
301	188	301	188
303	188	303	188
305	188	305	188
307	188	307	188
309	188	308	187
117	189	115	189
245	189	245	189
246	189	246	189
247	189	246	189
248	189	248	190
250	189	250	190
274	189	275	188
275	189	275	188
276	189	276	189
277	189	276	189
289	189	289	188
304	189	304	188
306	189	306	188
310	189	309	190
117	190	117	191
243	190	243	189
244	190	244	189
249	190	249	190
251	190	251	190
252	190	251	190
253	190	253	191
255	190	254	191
264	190	264	191
268	190	268	190
269	190	268	190
270	190	270	190
271	190	271	190
272	190	272	190
273	190	273	190
288	190	288	189
310	190	309	190
118	191	118	191
119	191	119	191
120	191	120	191
121	191	121	191
122	191	122	191
123	191	123	191
124	191	124	191
125	191	125	191
126	191	126	191
127	191	127	191
128	191	128	191
129	191	129	191
130	191	130	191
131	191	131	191
132	191	132	191
133	191	133	191
134	191	134	191
135	191	135	191
136	191	136	191
137	191	137	191
138	191	138	191
139	191	139	191
140	191	140	191
141	191	141	191
142	191	142	191
143	191	143	191
144	191	144	191
145	191	145	191
146	191	146	191
147	191	147	191
148	191	148	191
149	191	149	191
150	191	150	191
151	191	151	191
152	191	152	191
153	191	153	191
154	191	154	191
155	191	155	191
156	191	156	191
157	191	157	191
158	191	158	191
159	191	159	191
160	191	160	191
161	191	161	191
162	191	162	191
163	191	163	191
164	191	164	191
165	191	165	191
166	191	166	191
167	191	167	191
168	191	168	191
169	191	169	191
170	191	170	191
171	191	171	191
172	191	172	191
173	191	173	191
174	191	174	191
175	191	175	191
176	191	176	191
177	191	177	191
178	191	178	191
179	191	179	191
180	191	180	191
181	191	181	191
182	191	182	191
183	191	183	191
184	191	184	191
185	191	185	191
186	191	186	191
187	191	187	191
188	191	188	191
189	191	189	191
190	191	190	191
191	191	191	191
192	191	192	191
193	191	193	191
194	191	194	191
195	191	195	191
196	191	196	191
197	191	197	191
198	191	198	191
199	191	199	191
200	191	200	191
201	191	201	191
202	191	202	191
203	191	203	191
204	191	204	191
205	191	205	191
206	191	206	191
207	191	207	191
208	191	208	191
209	191	209	191
210	191	210	191
211	191	211	191
212	191	212	191
213	191	213	191
214	191	214	191
215	191	215	191
216	191	216	191
217	191	217	191
218	191	218	191
219	191	219	191
220	191	220	191
221	191	221	191
222	191	222	191
223	191	223	191
224	191	224	191
225	191	225	191
226	191	226	191
227	191	227	191
228	191	228	191
229	191	229	191
230	191	229	191
231	191	231	192
232	191	232	192
233	191	233	192
236	191	236	192
242	191	242	190
254	191	254	191
256	191	256	191
257	191	256	191
258	191	258	191
259	191	258	191
260	191	260	191
261	191	261	191
262	191	262	191
263	191	263	191
265	191	265	191
266	191	266	190
267	191	267	191
287	191	287	190
311	191	311	191
312	191	311	191
117	192	117	191
234	192	234	192
235	192	234	192
237	192	236	192
238	192	238	192
240	192	240	191
241	192	240	191
287	192	286	191
313	192	313	192
117	193	117	191
239	193	238	192
286	193	285	193
314	193	314	193
116	194	115	193
239	194	237	194
285	194	285	194
315	194	315	193
116	195	114	195
240	195	238	197
284	195	284	194
286	195	286	195
115	196	114	195
241	196	239	198
283	196	283	195
115	197	113	197
241	197	239	198
282	197	281	196
114	198	113	197
242	198	240	199
281	198	280	197
114	199	113	199
280	199	279	198
114	200	113	200
274	200	274	201
276	200	276	201
279	200	278	200
115	201	113	201
267	201	267	201
268	201	268	201
269	201	269	201
270	201	270	201
271	201	271	201
272	201	272	201
273	201	273	201
275	201	275	201
277	201	277	201
278	201	278	201
280	201	279	202
115	202	114	203
262	202	262	203
264	202	264	202
265	202	265	201
266	202	266	202
281	202	280	203
116	203	114	203
258	203	258	203
259	203	259	203
260	203	260	203
261	203	261	203
263	203	263	203
281	203	280	203
292	203	290	203
116	204	115	205
254	204	254	204
256	204	256	203
257	204	257	203
282	204	281	205
290	204	290	204
291	204	290	204
117	205	115	205
253	205	253	204
255	205	255	204
283	205	283	206
287	205	287	205
289	205	289	205
292	205	290	204
118	206	118	207
119	206	119	207
120	206	120	207
121	206	121	207
122	206	122	207
123	206	123	207
124	206	124	207
125	206	125	207
126	206	126	207
127	206	127	207
128	206	128	207
129	206	129	207
130	206	130	207
131	206	131	207
132	206	132	207
133	206	133	207
134	206	134	207
135	206	135	207
136	206	136	207
137	206	137	207
138	206	138	207
139	206	139	207
140	206	140	207
141	206	141	207
142	206	142	207
143	206	143	207
144	206	144	207
145	206	145	207
146	206	146	207
147	206	147	207
148	206	148	207
149	206	149	207
150	206	150	207
151	206	151	207
152	206	152	207
153	206	153	207
154	206	154	207
155	206	155	207
156	206	156	207
157	206	157	207
158	206	158	207
159	206	159	207
160	206	160	207
161	206	161	207
162	206	162	207
163	206	163	207
164	206	164	207
165	206	165	207
166	206	166	207
167	206	167	207
168	206	168	207
169	206	169	207
170	206	170	207
171	206	171	207
172	206	172	207
173	206	173	207
174	206	174	207
175	206	175	207
176	206	176	207
177	206	177	207
178	206	178	207
179	206	179	207
180	206	180	207
181	206	181	207
182	206	182	207
183	206	183	207
184	206	184	207
185	206	185	207
186	206	186	207
187	206	187	207
188	206	188	207
189	206	189	207
190	206	190	207
191	206	191	207
192	206	192	207
193	206	193	207
194	206	194	207
195	206	195	207
196	206	196	207
197	206	197	207
198	206	198	207
199	206	199	207
200	206	200	207
201	206	201	207
202	206	202	207
203	206	203	207
204	206	204	207
205	206	205	207
206	206	206	207
207	206	207	207
208	206	208	207
209	206	209	207
210	206	210	207
211	206	211	207
212	206	212	207
213	206	213	207
214	206	214	207
215	206	215	207
216	206	216	207
217	206	217	207
218	206	218	207
219	206	219	207
220	206	220	207
221	206	221	207
222	206	222	207
223	206	223	207
224	206	224	207
225	206	225	207
226	206	227	206
227	206	227	206
228	206	228	206
229	206	228	206
230	206	230	206
231	206	230	206
232	206	232	206
234	206	234	206
235	206	235	206
236	206	235	206
237	206	237	206
238	206	237	206
239	206	239	206
241	206	241	206
243	206	244	206
245	206	244	206
246	206	246	206
247	206	247	206
248	206	248	206
249	206	249	206
250	206	250	206
251	206	251	205
252	206	251	205
284	206	284	206
285	206	285	206
286	206	286	206
288	206	287	205
117	207	117	207
233	207	233	206
240	207	240	207
242	207	242	207
244	207	244	206
116	208	116	207
116	209	115	209
115	210	115	209
115	211	114	211
114	212	114	211
306	212	306	211
307	212	306	211
308	212	307	210
114	213	113	213
295	213	295	212
305	213	305	212
114	214	113	213
267	214	265	214
268	214	265	214
294	214	294	213
303	214	304	213
304	214	304	213
115	215	113	215
266	215	265	214
294	215	293	215
302	215	304	213
115	216	114	217
265	216	264	215
293	216	293	215
116	217	114	217
265	217	264	215
291	217	291	217
292	217	292	216
294	217	293	217
116	218	115	219
290	218	290	218
295	218	295	219
117	219	115	219
246	219	246	220
248	219	248	220
250	219	250	220
252	219	252	219
289	219	289	219
296	219	295	219
302	219	303	220
118	220	118	221
119	220	119	221
120	220	120	221
121	220	121	221
122	220	122	221
123	220	123	221
124	220	124	221
125	220	125	221
126	220	126	221
127	220	127	221
128	220	128	221
129	220	129	221
130	220	130	221
131	220	131	221
132	220	132	221
133	220	133	221
134	220	134	221
135	220	135	221
136	220	136	221
137	220	137	221
138	220	138	221
139	220	139	221
140	220	140	221
141	220	141	221
142	220	142	221
143	220	143	221
144	220	144	221
145	220	145	221
146	220	146	221
147	220	147	221
148	220	148	221
149	220	149	221
150	220	150	221
151	220	151	221
152	220	152	221
153	220	153	221
154	220	154	221
155	220	155	221
156	220	156	221
157	220	157	221
158	220	158	221
159	220	159	221
160	220	160	221
161	220	161	221
162	220	162	221
163	220	163	221
164	220	164	221
165	220	165	221
166	220	166	221
167	220	167	221
168	220	168	221
169	220	169	221
170	220	170	221
171	220	171	221
172	220	172	221
173	220	173	221
174	220	174	221
175	220	175	221
176	220	176	221
177	220	177	221
178	220	178	221
179	220	179	221
180	220	180	221
181	220	181	221
182	220	182	221
183	220	183	221
184	220	184	221
185	220	185	221
186	220	186	221
187	220	187	221
188	220	188	221
189	220	189	221
190	220	190	221
191	220	191	221
192	220	192	221
193	220	193	221
194	220	194	221
195	220	195	221
196	220	196	221
197	220	197	221
198	220	198	221
199	220	199	221
200	220	200	221
201	220	201	221
202	220	202	221
203	220	203	221
204	220	204	221
205	220	205	221
206	220	206	221
207	220	207	221
208	220	208	221
209	220	209	221
210	220	210	221
211	220	211	221
212	220	212	221
213	220	213	221
214	220	214	221
215	220	215	221
216	220	216	221
217	220	217	221
218	220	218	221
219	220	219	221
220	220	220	221
221	220	221	221
222	220	222	221
223	220	223	221
224	220	224	221
225	220	225	221
226	220	226	221
227	220	228	220
228	220	228	220
229	220	228	220
232	220	232	220
234	220	234	220
236	220	236	220
237	220	237	220
238	220	238	220
239	220	239	220
240	220	240	220
241	220	241	220
242	220	242	220
243	220	243	220
244	220	244	220
245	220	245	220
247	220	247	220
249	220	249	220
251	220	251	220
253	220	253	220
254	220	253	220
255	220	255	220
256	220	255	220
257	220	257	220
258	220	257	220
259	220	259	220
261	220	261	220
285	220	285	220
286	220	286	219
287	220	287	219
288	220	289	220
289	220	289	220
297	220	296	220
303	220	303	220
304	220	304	220
305	220	305	220
306	220	306	219
307	220	307	220
308	220	308	219
309	220	309	220
310	220	310	219
311	220	311	220
312	220	312	220
313	220	313	220
117	221	117	221
230	221	230	220
231	221	231	221
233	221	233	221
235	221	235	221
260	221	260	221
262	221	262	221
263	221	263	221
264	221	264	221
265	221	265	221
266	221	266	221
267	221	267	221
268	221	267	221
269	221	269	221
270	221	270	221
271	221	271	221
272	221	272	221
274	221	273	221
282	221	282	221
284	221	283	220
290	221	289	221
303	221	303	220
314	221	314	220
116	222	116	221
273	222	273	221
275	222	275	221
276	222	276	222
277	222	277	221
278	222	278	221
279	222	279	221
280	222	280	221
281	222	281	221
283	222	282	221
290	222	290	222
302	222	302	221
314	222	314	220
116	223	115	223
291	223	291	223
292	223	292	223
294	223	293	223
300	223	300	224
301	223	300	224
115	224	115	223
293	224	293	223
295	224	295	224
296	224	296	224
297	224	297	223
298	224	298	223
299	224	299	224
115	225	114	225
300	225	300	224
301	225	301	225
114	226	114	225
302	226	302	226
114	227	113	227
303	227	303	227
305	227	305	226
114	228	113	227
304	228	304	227
114	229	113	229
114	230	113	229
115	231	113	231
115	232	114	233
254	232	254	232
256	232	256	232
258	232	258	232
262	232	262	232
116	233	114	233
252	233	252	232
253	233	253	233
255	233	255	233
257	233	257	233
259	233	259	233
260	233	260	232
261	233	261	233
263	233	263	233
264	233	264	233
265	233	265	233
266	233	265	233
267	233	267	234
268	233	268	234
285	233	285	233
286	233	286	233
287	233	286	233
116	234	115	235
250	234	250	233
251	234	251	233
269	234	268	234
271	234	271	235
283	234	283	234
284	234	284	233
288	234	287	234
289	234	288	235
298	234	298	235
117	235	117	236
118	235	118	236
119	235	119	236
120	235	120	236
121	235	121	236
122	235	122	236
123	235	123	236
124	235	124	236
125	235	125	236
126	235	126	236
127	235	127	236
128	235	128	236
129	235	129	236
130	235	130	236
131	235	131	236
132	235	132	236
133	235	133	236
134	235	134	236
135	235	135	236
136	235	136	236
137	235	137	236
138	235	138	236
139	235	139	236
140	235	140	236
141	235	141	236
142	235	142	236
143	235	143	236
144	235	144	236
145	235	145	236
146	235	146	236
147	235	147	236
148	235	148	236
149	235	149	236
150	235	150	236
151	235	151	236
152	235	152	236
153	235	153	236
154	235	154	236
155	235	155	236
156	235	156	236
157	235	157	236
158	235	158	236
159	235	159	236
160	235	160	236
161	235	161	236
162	235	162	236
163	235	163	236
164	235	164	236
165	235	165	236
166	235	166	236
167	235	167	236
168	235	168	236
169	235	169	236
170	235	170	236
171	235	171	236
172	235	172	236
173	235	173	236
174	235	174	236
175	235	175	236
176	235	176	236
177	235	177	236
178	235	178	236
179	235	179	236
180	235	180	236
181	235	181	236
182	235	182	236
183	235	183	236
184	235	184	236
185	235	185	236
186	235	186	236
187	235	187	236
188	235	188	236
189	235	189	236
190	235	190	236
191	235	191	236
192	235	192	236
193	235	193	236
194	235	194	236
195	235	195	236
196	235	196	236
197	235	197	236
198	235	198	236
199	235	199	236
200	235	200	236
201	235	201	236
202	235	202	236
203	235	203	236
204	235	204	236
205	235	205	236
206	235	206	236
207	235	207	236
208	235	208	236
209	235	209	236
210	235	210	236
211	235	211	236
212	235	212	236
213	235	213	236
214	235	214	236
215	235	215	236
216	235	216	236
217	235	217	236
218	235	218	236
219	235	219	236
220	235	220	236
221	235	221	236
222	235	222	236
223	235	223	236
224	235	224	236
225	235	226	235
226	235	226	235
227	235	227	235
228	235	227	235
230	235	229	235
231	235	231	235
233	235	233	235
235	235	235	235
237	235	237	235
238	235	238	235
239	235	239	235
240	235	240	235
241	235	241	235
242	235	242	235
243	235	243	234
244	235	244	235
245	235	245	235
246	235	246	234
247	235	247	235
249	235	249	234
270	235	270	235
272	235	272	235
274	235	273	235
276	235	276	236
282	235	282	234
290	235	289	236
298	235	298	235
116	236	116	236
229	236	229	235
232	236	232	236
234	236	234	236
236	236	236	235
248	236	247	236
273	236	273	235
275	236	274	236
277	236	277	236
278	236	277	236
280	236	280	236
281	236	281	235
291	236	290	237
298	236	298	235
300	236	300	237
301	236	300	237
116	237	116	236
248	237	247	237
279	237	279	236
281	237	280	236
292	237	292	237
293	237	292	237
294	237	294	237
295	237	295	237
296	237	296	236
297	237	297	237
299	237	299	237
115	238	115	237
249	238	247	238
281	238	279	238
115	239	114	239
250	239	248	240
282	239	280	240
114	240	114	239
251	240	248	240
282	240	280	240
114	241	113	241
252	241	248	240
283	241	281	242
114	242	113	241
114	243	113	243
114	244	113	243
312	244	312	244
313	244	313	243
314	244	313	243
115	245	113	245
311	245	312	245
115	246	114	247
311	246	311	246
116	247	114	247
310	247	310	246
116	248	115	249
309	248	309	247
117	249	115	249
305	249	306	250
306	249	307	249
307	249	307	249
308	249	308	248
118	250	118	251
119	250	119	251
120	250	120	251
121	250	121	251
122	250	122	251
123	250	123	251
124	250	124	251
125	250	125	251
126	250	126	251
127	250	127	251
128	250	128	251
129	250	129	251
130	250	130	251
131	250	131	251
132	250	132	251
133	250	133	251
134	250	134	251
135	250	135	251
136	250	136	251
137	250	137	251
138	250	138	251
139	250	139	251
140	250	140	251
141	250	141	251
142	250	142	251
143	250	143	251
144	250	144	251
145	250	145	251
146	250	146	251
147	250	147	251
148	250	148	251
149	250	149	251
150	250	150	251
151	250	151	251
152	250	152	251
153	250	153	251
154	250	154	251
155	250	155	251
156	250	156	251
157	250	157	251
158	250	158	251
159	250	159	251
160	250	160	251
161	250	161	251
162	250	162	251
163	250	163	251
164	250	164	251
165	250	165	251
166	250	166	251
167	250	167	251
168	250	168	251
169	250	169	251
170	250	170	251
171	250	171	251
172	250	172	251
173	250	173	251
174	250	174	251
175	250	175	251
176	250	176	251
177	250	177	251
178	250	178	251
179	250	179	251
180	250	180	251
181	250	181	251
182	250	182	251
183	250	183	251
184	250	184	251
185	250	185	251
186	250	186	251
187	250	187	251
188	250	188	251
189	250	189	251
190	250	190	251
191	250	191	251
192	250	192	251
193	250	193	251
194	250	194	251
195	250	195	251
196	250	196	251
197	250	197	251
198	250	198	251
199	250	199	251
200	250	200	251
201	250	201	251
202	250	202	251
203	250	203	251
204	250	204	251
205	250	205	251
206	250	206	251
207	250	207	251
208	250	208	251
209	250	209	251
210	250	210	251
211	250	211	251
212	250	212	251
213	250	213	251
214	250	214	251
215	250	215	251
216	250	216	251
217	250	217	251
218	250	218	251
219	250	219	251
220	250	220	251
221	250	221	251
222	250	222	251
223	250	223	251
224	250	224	251
225	250	225	251
226	250	226	251
227	250	228	250
228	250	228	250
229	250	228	250
232	250	232	250
234	250	234	250
236	250	235	250
239	250	238	250
241	250	240	250
242	250	242	250
244	250	244	251
260	250	260	250
262	250	262	250
264	250	264	250
266	250	266	250
268	250	268	250
270	250	270	251
292	250	293	250
294	250	293	250
295	250	295	250
296	250	296	250
297	250	297	250
298	250	298	250
300	250	300	250
301	250	300	250
304	250	304	251
308	250	307	250
319	250	323	250
117	251	117	251
230	251	230	250
231	251	231	251
233	251	233	251
235	251	235	250
237	251	237	250
238	251	238	250
240	251	240	250
243	251	243	251
245	251	244	251
246	251	246	252
256	251	256	251
257	251	257	251
258	251	258	251
259	251	259	251
261	251	261	250
263	251	263	250
265	251	265	251
267	251	267	251
269	251	269	251
271	251	271	251
272	251	271	251
273	251	273	251
274	251	273	251
275	251	275	252
287	251	287	251
288	251	288	251
289	251	289	251
290	251	290	251
291	251	291	251
293	251	293	250
299	251	299	251
302	251	302	251
303	251	303	251
309	251	308	251
316	251	316	254
318	251	316	254
320	251	323	250
116	252	116	251
247	252	246	252
248	252	249	252
251	252	251	252
253	252	253	252
254	252	254	251
255	252	255	252
276	252	276	252
277	252	276	252
278	252	278	252
279	252	279	252
280	252	280	252
281	252	281	252
282	252	282	252
283	252	283	252
284	252	284	252
285	252	285	252
286	252	286	251
304	252	304	251
310	252	309	252
315	252	315	254
116	253	115	253
249	253	249	252
250	253	250	253
252	253	252	252
305	253	305	253
310	253	310	253
315	253	315	254
115	254	115	253
306	254	306	254
307	254	307	254
309	254	309	254
311	254	310	254
313	254	312	254
314	254	314	254
316	254	316	254
115	255	114	255
308	255	308	255
312	255	312	254
317	255	317	255
318	255	318	255
114	256	114	255
319	256	319	256
114	257	113	257
114	258	113	257
264	258	264	259
266	258	266	259
114	259	113	259
263	259	264	259
265	259	265	259
267	259	266	259
268	259	267	260
114	260	113	260
261	260	262	260
262	260	262	260
269	260	268	261
295	260	295	261
115	261	114	261
258	261	258	261
260	261	260	261
270	261	270	262
271	261	271	262
295	261	295	261
115	262	114	262
257	262	257	261
259	262	259	261
261	262	261	261
269	262	269	262
272	262	271	262
273	262	272	263
294	262	294	262
296	262	296	262
297	262	297	261
298	262	298	262
299	262	299	262
116	263	115	263
255	263	255	262
256	263	255	262
262	263	262	262
267	263	267	262
268	263	267	262
274	263	274	264
275	263	275	264
292	263	292	262
293	263	292	262
300	263	300	263
310	263	309	264
320	263	319	264
116	264	115	264
254	264	254	263
263	264	263	264
266	264	266	263
276	264	276	264
277	264	277	264
278	264	278	264
280	264	280	264
282	264	282	265
284	264	284	265
286	264	286	265
291	264	290	263
301	264	301	264
302	264	302	263
303	264	303	264
304	264	303	264
305	264	305	264
309	264	309	264
317	264	317	265
319	264	319	264
117	265	117	265
230	265	230	265
231	265	231	265
232	265	232	265
233	265	233	265
234	265	234	265
235	265	235	265
236	265	236	265
237	265	237	265
238	265	238	265
240	265	240	265
242	265	242	265
244	265	245	265
247	265	247	266
252	265	252	265
253	265	252	265
255	265	254	263
256	265	254	263
264	265	263	264
265	265	265	263
279	265	279	265
281	265	281	265
283	265	283	265
285	265	285	265
287	265	287	265
288	265	287	265
289	265	289	265
290	265	289	265
309	265	309	264
316	265	317	265
318	265	317	265
320	265	320	265
118	266	118	265
119	266	119	265
120	266	120	265
121	266	121	265
122	266	122	265
123	266	123	265
124	266	124	265
125	266	125	265
126	266	126	265
127	266	127	265
128	266	128	265
129	266	129	265
130	266	130	265
131	266	131	265
132	266	132	265
133	266	133	265
134	266	134	265
135	266	135	265
136	266	136	265
137	266	137	265
138	266	138	265
139	266	139	265
140	266	140	265
141	266	141	265
142	266	142	265
143	266	143	265
144	266	144	265
145	266	145	265
146	266	146	265
147	266	147	265
148	266	148	265
149	266	149	265
150	266	150	265
151	266	151	265
152	266	152	265
153	266	153	265
154	266	154	265
155	266	155	265
156	266	156	265
157	266	157	265
158	266	158	265
159	266	159	265
160	266	160	265
161	266	161	265
162	266	162	265
163	266	163	265
164	266	164	265
165	266	165	265
166	266	166	265
167	266	167	265
168	266	168	265
169	266	169	265
170	266	170	265
171	266	171	265
172	266	172	265
173	266	173	265
174	266	174	265
175	266	175	265
176	266	176	265
177	266	177	265
178	266	178	265
179	266	179	265
180	266	180	265
181	266	181	265
182	266	182	265
183	266	183	265
184	266	184	265
185	266	185	265
186	266	186	265
187	266	187	265
188	266	188	265
189	266	189	265
190	266	190	265
191	266	191	265
192	266	192	265
193	266	193	265
194	266	194	265
195	266	195	265
196	266	196	265
197	266	197	265
198	266	198	265
199	266	199	265
200	266	200	265
201	266	201	265
202	266	202	265
203	266	203	265
204	266	204	265
205	266	205	265
206	266	206	265
207	266	207	265
208	266	208	265
209	266	209	265
210	266	210	265
211	266	211	265
212	266	212	265
213	266	213	265
214	266	214	265
215	266	215	265
216	266	216	265
217	266	217	265
218	266	218	265
219	266	219	265
220	266	220	265
221	266	221	265
222	266	222	265
223	266	223	265
224	266	224	265
225	266	225	265
226	266	226	265
227	266	227	265
228	266	228	265
229	266	229	265
239	266	239	266
241	266	241	266
243	266	243	266
245	266	245	265
246	266	246	266
248	266	248	266
249	266	249	266
250	266	250	266
251	266	251	266
255	266	254	263
257	266	261	266
291	266	289	265
310	266	309	264
311	266	309	264
312	266	309	264
313	266	317	265
314	266	317	265
315	266	317	265
117	267	117	265
251	267	251	266
256	267	254	263
291	267	290	268
116	268	115	267
252	268	251	266
253	268	251	266
256	268	252	265
292	268	292	269
296	268	296	268
297	268	296	268
298	268	296	268
116	269	114	269
254	269	251	266
256	269	252	265
292	269	292	269
293	269	292	269
295	269	295	269
115	270	114	269
255	270	251	266
291	270	291	269
294	270	294	270
115	271	113	271
114	272	113	271
114	273	113	273
114	274	113	274
115	275	114	275
115	276	114	276
116	277	115	277
116	278	115	278
248	278	247	279
116	279	116	279
117	279	117	279
118	279	118	279
231	279	231	280
238	279	238	279
240	279	240	279
242	279	242	278
243	279	243	279
244	279	244	278
245	279	245	279
246	279	246	278
247	279	247	279
249	279	249	280
115	280	115	280
119	280	119	279
120	280	120	279
121	280	121	279
122	280	122	279
123	280	123	279
124	280	124	279
125	280	125	279
126	280	126	279
127	280	127	279
128	280	128	279
129	280	129	279
130	280	130	279
131	280	131	279
132	280	132	279
133	280	133	279
134	280	134	279
135	280	135	279
136	280	136	279
137	280	137	279
138	280	138	279
139	280	139	279
140	280	140	279
141	280	141	279
142	280	142	279
143	280	143	279
144	280	144	279
145	280	145	279
146	280	146	279
147	280	147	279
148	280	148	279
149	280	149	279
150	280	150	279
151	280	151	279
152	280	152	279
153	280	153	279
154	280	154	279
155	280	155	279
156	280	156	279
157	280	157	279
158	280	158	279
159	280	159	279
160	280	160	279
161	280	161	279
162	280	162	279
163	280	163	279
164	280	164	279
165	280	165	279
166	280	166	279
167	280	167	279
168	280	168	279
169	280	169	279
170	280	170	279
171	280	171	279
172	280	172	279
173	280	173	279
174	280	174	279
175	280	175	279
176	280	176	279
177	280	177	279
178	280	178	279
179	280	179	279
180	280	180	279
181	280	181	279
182	280	182	279
183	280	183	279
184	280	184	279
185	280	185	279
186	280	186	279
187	280	187	279
188	280	188	279
189	280	189	279
190	280	190	279
191	280	191	279
192	280	192	279
193	280	193	279
194	280	194	279
195	280	195	279
196	280	196	279
197	280	197	279
198	280	198	279
199	280	199	279
200	280	200	279
201	280	201	279
202	280	202	279
203	280	203	279
204	280	204	279
205	280	205	279
206	280	206	279
207	280	207	279
208	280	208	279
209	280	209	279
210	280	210	279
211	280	211	279
212	280	212	279
213	280	213	279
214	280	214	279
215	280	215	279
216	280	216	279
217	280	217	279
218	280	218	279
219	280	219	279
220	280	220	279
221	280	221	279
222	280	222	279
223	280	223	279
224	280	224	279
225	280	225	279
226	280	226	279
227	280	227	279
228	280	228	280
229	280	229	279
230	280	230	280
232	280	232	280
233	280	233	280
234	280	234	279
235	280	235	280
236	280	236	279
237	280	237	279
239	280	239	279
241	280	241	279
250	280	250	280
251	280	251	280
252	280	251	280
253	280	254	280
256	280	256	280
258	280	258	280
260	280	260	280
261	280	261	280
262	280	262	280
263	280	262	280
264	280	263	281
318	280	318	280
114	281	114	281
119	281	119	279
254	281	254	280
255	281	255	281
257	281	257	281
259	281	259	280
265	281	265	281
266	281	265	281
267	281	267	282
273	281	273	281
274	281	274	281
275	281	275	281
276	281	276	281
277	281	277	281
278	281	278	281
279	281	278	281
280	281	280	282
290	281	288	284
318	281	318	280
113	282	113	282
119	282	119	279
268	282	268	282
270	282	269	282
272	282	272	282
281	282	280	282
282	282	282	282
302	282	302	282
304	282	304	282
305	282	305	282
306	282	306	282
307	282	307	282
308	282	307	282
314	282	314	282
316	282	316	282
317	282	317	281
112	283	112	283
119	283	119	279
269	283	269	282
271	283	271	282
283	283	283	283
284	283	283	283
285	283	285	284
301	283	301	283
303	283	303	282
309	283	309	283
311	283	311	283
312	283	312	283
313	283	313	283
315	283	315	283
318	283	317	283
111	284	111	284
119	284	116	286
262	284	262	283
271	284	270	284
286	284	286	284
290	284	289	285
300	284	300	284
310	284	310	283
319	284	318	284
110	285	110	285
119	285	117	287
261	285	261	284
272	285	270	285
287	285	287	285
288	285	288	284
289	285	289	285
291	285	291	286
298	285	298	285
299	285	299	285
310	285	310	283
109	286	109	286
119	286	117	287
261	286	261	284
271	286	270	286
292	286	292	286
293	286	293	286
294	286	294	286
295	286	294	286
296	286	296	286
297	286	297	286
311	286	311	283
108	287	108	287
120	287	120	289
242	287	241	287
258	287	258	286
259	287	258	286
260	287	259	285
272	287	271	287
276	287	276	287
278	287	276	287
298	287	298	287
107	288	107	288
121	288	120	289
122	288	122	290
243	288	241	287
257	288	257	287
273	288	273	288
274	288	274	288
275	288	275	288
277	288	276	287
299	288	299	288
106	289	106	289
123	289	122	290
124	289	124	291
243	289	241	287
256	289	255	288
300	289	300	288
301	289	301	289
302	289	302	289
304	289	305	289
105	290	105	290
125	290	124	291
126	290	126	292
243	290	240	289
255	290	255	288
300	290	301	289
303	290	303	290
305	290	305	290
306	290	305	290
104	291	104	291
127	291	126	292
128	291	128	293
242	291	240	289
254	291	253	289
300	291	301	289
307	291	306	291
103	292	103	292
129	292	128	293
130	292	130	294
242	292	239	292
253	292	251	291
301	292	303	290
102	293	102	293
131	293	130	294
132	293	132	295
242	293	240	295
253	293	251	291
266	293	263	294
101	294	101	294
133	294	133	295
134	294	134	295
135	294	135	295
136	294	136	295
137	294	137	295
138	294	138	295
139	294	139	295
140	294	140	295
141	294	141	295
142	294	142	295
143	294	143	295
144	294	144	295
145	294	145	295
146	294	146	295
147	294	147	295
148	294	148	295
149	294	149	295
150	294	150	295
151	294	151	295
152	294	152	295
153	294	153	295
154	294	154	295
155	294	155	295
156	294	156	295
157	294	157	295
158	294	158	295
159	294	159	295
160	294	160	295
161	294	161	295
162	294	162	295
163	294	163	295
164	294	164	295
165	294	165	295
166	294	166	295
167	294	167	295
168	294	168	295
169	294	169	295
170	294	170	295
171	294	171	295
172	294	172	295
173	294	173	295
174	294	174	295
175	294	175	295
176	294	176	295
177	294	177	295
178	294	178	295
179	294	179	295
180	294	180	295
181	294	181	295
182	294	182	295
183	294	183	295
184	294	184	295
185	294	185	295
186	294	186	295
187	294	187	295
188	294	188	295
189	294	189	295
190	294	190	295
191	294	191	295
192	294	192	295
193	294	193	295
194	294	194	295
195	294	195	295
196	294	196	295
197	294	197	295
198	294	198	295
199	294	199	295
200	294	200	295
201	294	201	295
202	294	202	295
203	294	203	295
204	294	204	295
205	294	205	295
206	294	206	295
207	294	207	295
208	294	208	295
209	294	209	295
210	294	210	295
211	294	211	295
212	294	212	295
213	294	213	295
214	294	214	295
215	294	215	295
216	294	216	295
217	294	217	295
218	294	218	295
219	294	219	295
220	294	220	295
221	294	221	295
222	294	222	295
223	294	223	295
224	294	224	295
225	294	225	295
226	294	226	295
227	294	227	295
228	294	228	295
229	294	230	294
232	294	232	294
234	294	234	294
236	294	235	294
239	294	238	294
241	294	240	295
252	294	250	293
265	294	263	294
100	295	100	295
133	295	133	295
230	295	230	294
231	295	231	295
233	295	233	295
235	295	235	294
237	295	237	294
238	295	238	294
240	295	240	295
242	295	241	296
252	295	250	293
262	295	262	295
263	295	263	294
264	295	263	294
99	296	99	296
133	296	133	295
243	296	243	297
244	296	243	297
252	296	250	297
261	296	260	295
265	296	264	297
98	297	98	297
133	297	133	295
245	297	245	298
251	297	250	297
252	297	251	298
260	297	260	295
265	297	264	297
97	298	97	298
133	298	131	298
246	298	246	298
247	298	247	297
248	298	248	297
249	298	248	297
250	298	250	297
253	298	253	299
254	298	255	298
259	298	258	296
265	298	265	298
96	299	96	299
133	299	131	299
255	299	255	298
257	299	257	297
258	299	257	297
95	300	95	300
134	300	132	302
256	300	255	301
94	301	94	301
135	301	134	303
257	301	256	302
258	301	256	302
93	302	93	302
136	302	136	304
259	302	257	303
92	303	92	303
137	303	136	304
260	303	261	304
91	304	91	304
138	304	138	305
261	304	261	304
262	304	262	303
296	304	296	303
297	304	296	303
90	305	90	305
139	305	138	305
140	305	140	306
263	305	262	303
288	305	288	304
289	305	289	305
290	305	289	305
291	305	291	305
295	305	296	303
89	306	89	306
141	306	140	306
142	306	142	307
287	306	287	305
292	306	292	306
293	306	292	306
294	306	293	307
88	307	88	307
143	307	142	307
144	307	144	308
286	307	285	306
294	307	293	307
87	308	87	308
145	308	144	308
146	308	146	309
279	308	279	308
280	308	280	308
281	308	280	308
282	308	283	308
285	308	284	307
295	308	294	308
86	309	86	309
147	309	146	309
148	309	148	310
230	309	229	309
231	309	231	309
233	309	233	309
235	309	235	310
276	309	276	309
278	309	278	308
283	309	283	308
284	309	283	308
296	309	296	309
297	309	296	309
298	309	298	309
85	310	85	310
149	310	149	310
150	310	150	310
151	310	151	310
152	310	152	310
153	310	153	310
154	310	154	310
155	310	155	310
156	310	156	310
157	310	157	310
158	310	158	310
159	310	159	310
160	310	160	310
161	310	161	310
162	310	162	310
163	310	163	310
164	310	164	310
165	310	165	310
166	310	166	310
167	310	167	310
168	310	168	310
169	310	169	310
170	310	170	310
171	310	171	310
172	310	172	310
173	310	173	310
174	310	174	310
175	310	175	310
176	310	176	310
177	310	177	310
178	310	178	310
179	310	179	310
180	310	180	310
181	310	181	310
182	310	182	310
183	310	183	310
184	310	184	310
185	310	185	310
186	310	186	310
187	310	187	310
188	310	188	310
189	310	189	310
190	310	190	310
191	310	191	310
192	310	192	310
193	310	193	310
194	310	194	310
195	310	195	310
196	310	196	310
197	310	197	310
198	310	198	310
199	310	199	310
200	310	200	310
201	310	201	310
202	310	202	310
203	310	203	310
204	310	204	310
205	310	205	310
206	310	206	310
207	310	207	310
208	310	208	310
209	310	209	310
210	310	210	310
211	310	211	310
212	310	212	310
213	310	213	310
214	310	214	310
215	310	215	310
216	310	216	310
217	310	217	310
218	310	218	310
219	310	219	310
220	310	220	310
221	310	221	310
222	310	222	310
223	310	223	310
224	310	224	310
225	310	225	310
226	310	226	310
227	310	227	310
228	310	228	310
229	310	229	309
232	310	232	310
234	310	234	310
236	310	236	310
237	310	236	310
238	310	238	311
239	310	239	311
272	310	272	310
274	310	274	310
275	310	275	310
277	310	276	309
285	310	284	311
299	310	298	309
84	311	84	311
149	311	149	310
240	311	240	311
241	311	240	311
242	311	242	311
244	311	244	311
246	311	246	311
247	311	246	311
248	311	248	311
249	311	248	311
250	311	250	311
251	311	250	311
252	311	252	312
254	311	254	312
267	311	267	312
269	311	269	311
271	311	271	311
273	311	273	310
286	311	286	312
83	312	83	312
149	312	149	310
243	312	243	312
245	312	245	311
253	312	253	312
255	312	254	312
256	312	256	312
257	312	256	312
258	312	258	312
260	312	260	313
261	312	261	313
262	312	262	313
263	312	263	313
264	312	265	312
265	312	265	312
266	312	266	312
268	312	268	312
270	312	269	311
287	312	287	312
289	312	288	312
82	313	82	313
149	313	147	313
259	313	259	313
288	313	288	312
81	314	81	314
149	314	147	314
287	314	287	312
80	315	80	315
149	315	147	315
287	315	285	315
79	316	79	316
150	316	150	318
288	316	288	318
78	317	78	317
151	317	150	318
152	317	152	319
289	317	289	318
77	318	77	318
153	318	152	319
154	318	154	320
289	318	289	318
76	319	76	319
155	319	154	320
156	319	156	321
311	319	312	319
313	319	313	319
75	320	75	320
157	320	156	321
158	320	158	322
309	320	310	320
310	320	310	320
312	320	312	319
74	321	74	321
159	321	158	322
160	321	160	323
308	321	309	321
73	322	73	322
161	322	160	323
162	322	162	324
260	322	260	322
262	322	262	323
264	322	263	323
307	322	308	322
323	322	324	321
72	323	72	323
163	323	163	324
164	323	164	324
165	323	165	324
166	323	166	324
167	323	167	324
168	323	168	324
169	323	169	324
170	323	170	324
171	323	171	324
172	323	172	324
173	323	173	324
174	323	174	324
175	323	175	324
176	323	176	324
177	323	177	324
178	323	178	324
179	323	179	324
180	323	180	324
181	323	181	324
182	323	182	324
183	323	183	324
184	323	184	324
185	323	185	324
186	323	186	324
187	323	187	324
188	323	188	324
189	323	189	324
190	323	190	324
191	323	191	324
192	323	192	324
193	323	193	324
194	323	194	324
195	323	195	324
196	323	196	324
197	323	197	324
198	323	198	324
199	323	199	324
200	323	200	324
201	323	201	324
202	323	202	324
203	323	203	324
204	323	204	324
205	323	205	324
206	323	206	324
207	323	207	324
208	323	208	324
209	323	209	324
210	323	210	324
211	323	211	324
212	323	212	324
213	323	213	324
214	323	214	324
215	323	215	324
216	323	216	324
217	323	217	324
218	323	218	324
219	323	219	324
220	323	220	324
221	323	221	324
222	323	222	324
223	323	223	324
224	323	224	324
225	323	225	324
226	323	226	324
227	323	227	324
228	323	229	323
229	323	229	323
230	323	229	323
231	323	231	323
233	323	233	324
250	323	250	323
252	323	252	323
254	323	254	323
255	323	255	323
256	323	256	322
257	323	257	323
258	323	258	322
259	323	259	323
261	323	261	323
263	323	263	323
265	323	265	323
266	323	265	323
267	323	267	323
269	323	269	324
271	323	271	324
307	323	307	323
322	323	322	325
71	324	71	324
163	324	163	324
232	324	232	324
234	324	234	324
235	324	235	324
236	324	236	324
237	324	237	324
238	324	237	324
239	324	239	324
241	324	241	324
243	324	243	324
245	324	245	324
247	324	247	324
248	324	248	323
249	324	249	324
251	324	251	323
253	324	253	323
268	324	268	324
270	324	270	324
272	324	272	324
273	324	272	324
274	324	274	324
276	324	276	324
301	324	301	324
303	324	303	324
304	324	304	324
305	324	305	323
306	324	306	324
321	324	321	325
70	325	70	325
163	325	163	324
240	325	240	325
242	325	242	325
244	325	244	324
246	325	245	324
275	325	275	325
277	325	277	325
278	325	278	325
279	325	279	325
280	325	279	325
281	325	281	325
282	325	281	325
283	325	283	325
285	325	285	326
296	325	297	325
298	325	298	325
299	325	299	325
300	325	300	325
302	325	302	324
307	325	307	324
320	325	320	325
322	325	322	325
69	326	69	326
163	326	163	324
284	326	284	326
286	326	286	326
287	326	287	326
288	326	288	326
289	326	289	326
290	326	290	326
291	326	291	326
292	326	292	326
293	326	293	326
294	326	294	326
295	326	295	326
297	326	297	325
307	326	308	325
315	326	316	327
317	326	317	326
318	326	317	326
319	326	319	326
323	326	323	326
325	326	325	326
326	326	326	326
327	326	326	326
328	326	329	326
68	327	68	327
163	327	161	327
308	327	308	327
309	327	309	326
310	327	310	327
312	327	312	327
314	327	314	328
316	327	316	327
324	327	324	326
329	327	329	326
67	328	67	328
163	328	161	328
311	328	311	328
313	328	313	328
66	329	66	329
164	329	162	331
65	330	65	330
165	330	164	332
305	330	304	329
306	330	306	328
321	330	318	327
64	331	64	331
166	331	166	333
304	331	303	331
316	331	315	328
317	331	315	328
322	331	323	326
63	332	63	332
167	332	166	333
168	332	168	334
304	332	303	332
62	333	62	333
169	333	168	334
170	333	170	335
304	333	304	333
305	333	305	333
61	334	61	334
171	334	170	335
172	334	172	336
302	334	302	333
303	334	302	333
306	334	305	333
307	334	307	332
60	335	60	335
173	335	172	336
174	335	174	337
301	335	301	334
59	336	59	336
175	336	174	337
176	336	176	338
254	336	254	338
255	336	254	338
277	336	277	336
278	336	278	336
286	336	286	336
287	336	287	336
288	336	287	336
296	336	296	336
297	336	297	336
298	336	298	336
300	336	300	336
58	337	58	337
177	337	177	338
178	337	178	338
179	337	179	338
180	337	180	338
181	337	181	338
182	337	182	338
183	337	183	338
184	337	184	338
185	337	185	338
186	337	186	338
187	337	187	338
188	337	188	338
189	337	189	338
190	337	190	338
191	337	191	338
192	337	192	338
193	337	193	338
194	337	194	338
195	337	195	338
196	337	196	338
197	337	197	338
198	337	198	338
199	337	199	338
200	337	200	338
201	337	201	338
202	337	202	338
203	337	203	338
204	337	204	338
205	337	205	338
206	337	206	338
207	337	207	338
208	337	208	338
209	337	209	338
210	337	210	338
211	337	211	338
212	337	212	338
213	337	213	338
214	337	214	338
215	337	215	338
216	337	216	338
217	337	217	338
218	337	218	338
219	337	219	338
220	337	220	338
221	337	221	338
222	337	222	338
223	337	223	338
224	337	224	338
225	337	225	338
226	337	226	338
227	337	227	338
228	337	229	337
229	337	229	337
230	337	229	337
231	337	231	337
233	337	233	338
247	337	247	337
248	337	248	337
249	337	249	336
250	337	250	337
251	337	250	337
253	337	253	338
256	337	256	339
276	337	276	336
279	337	279	336
280	337	280	337
281	337	281	336
282	337	282	337
283	337	283	336
284	337	284	336
285	337	285	336
289	337	289	337
290	337	290	337
292	337	292	337
295	337	295	336
299	337	300	337
300	337	300	337
57	338	57	338
177	338	177	338
232	338	232	338
234	338	234	338
235	338	235	338
236	338	236	338
237	338	237	338
238	338	238	338
239	338	239	338
240	338	240	338
241	338	241	338
242	338	242	338
243	338	243	337
244	338	244	337
245	338	245	337
246	338	246	337
252	338	252	338
257	338	256	339
272	338	272	337
274	338	274	338
275	338	274	338
291	338	291	337
293	338	293	337
294	338	294	337
301	338	300	338
306	338	306	340
56	339	56	339
177	339	177	338
252	339	252	338
263	339	263	340
269	339	269	339
270	339	270	338
271	339	271	338
273	339	274	339
294	339	294	337
302	339	301	340
306	339	306	340
308	339	307	340
55	340	55	340
177	340	177	338
253	340	253	338
254	340	255	339
257	340	257	340
259	340	259	340
260	340	260	340
261	340	261	340
262	340	262	340
264	340	264	340
265	340	265	340
266	340	266	340
267	340	267	339
268	340	268	339
284	340	283	340
285	340	283	340
295	340	294	341
303	340	303	340
305	340	305	340
307	340	307	340
54	341	54	341
177	341	175	341
255	341	255	339
256	341	257	340
258	341	258	340
278	341	278	340
296	341	295	342
304	341	304	340
53	342	53	342
177	342	175	342
277	342	276	341
296	342	295	342
305	342	304	343
52	343	52	343
177	343	175	343
277	343	276	341
297	343	297	343
298	343	297	343
51	344	51	344
178	344	178	346
276	344	274	342
299	344	297	343
50	345	50	345
179	345	178	346
275	345	273	345
49	346	49	346
180	346	180	347
276	346	273	345
48	347	48	347
181	347	180	347
182	347	182	348
275	347	273	345
47	348	47	348
183	348	182	348
184	348	184	349
274	348	272	347
46	349	46	349
185	349	184	349
186	349	186	350
274	349	272	347
45	350	45	350
187	350	186	350
188	350	188	351
273	350	273	352
44	351	44	351
189	351	188	351
190	351	190	352
247	351	247	351
248	351	248	351
249	351	248	351
250	351	250	351
251	351	250	351
252	351	252	351
254	351	254	352
256	351	256	352
273	351	273	352
287	351	287	351
43	352	43	352
191	352	191	352
192	352	192	352
193	352	193	352
194	352	194	352
195	352	195	352
196	352	196	352
197	352	197	352
198	352	198	352
199	352	199	352
200	352	200	352
201	352	201	352
202	352	202	352
203	352	203	352
204	352	204	352
205	352	205	352
206	352	206	352
207	352	207	352
208	352	208	352
209	352	209	352
210	352	210	352
211	352	211	352
212	352	212	352
213	352	213	352
214	352	214	352
215	352	215	352
216	352	216	352
217	352	217	352
218	352	218	352
219	352	219	352
220	352	220	352
221	352	221	352
222	352	222	352
223	352	223	352
224	352	224	352
225	352	225	352
226	352	226	352
227	352	227	352
228	352	228	352
229	352	228	352
230	352	230	352
231	352	230	352
232	352	232	352
234	352	234	352
236	352	236	353
238	352	238	353
245	352	245	351
246	352	246	351
253	352	253	352
255	352	255	352
257	352	256	352
258	352	258	353
265	352	265	353
273	352	273	352
274	352	274	352
275	352	274	352
276	352	275	353
285	352	285	351
286	352	286	351
42	353	42	353
191	353	191	352
233	353	233	353
235	353	235	353
237	353	237	353
239	353	239	353
240	353	240	353
241	353	241	353
242	353	242	353
243	353	243	352
244	353	244	352
259	353	259	353
260	353	260	353
261	353	261	353
262	353	262	353
263	353	263	353
264	353	264	353
266	353	265	353
267	353	267	354
268	353	269	353
269	353	269	353
272	353	272	352
277	353	278	353
278	353	278	353
279	353	278	353
282	353	281	353
283	353	283	353
284	353	284	352
41	354	41	354
191	354	191	352
270	354	269	353
271	354	271	352
280	354	280	354
281	354	281	353
285	354	284	352
40	355	40	355
191	355	189	355
271	355	269	353
39	356	39	356
191	356	189	356
271	356	268	356
38	357	38	357
191	357	189	357
271	357	269	359
37	358	37	358
192	358	190	359
272	358	270	360
36	359	36	359
193	359	191	360
273	359	270	360
35	360	35	360
194	360	194	362
272	360	270	360
293	360	293	360
294	360	293	360
295	360	294	361
296	360	294	361
34	361	34	361
195	361	194	362
196	361	196	363
292	361	292	361
33	362	33	362
197	362	196	363
198	362	198	364
291	362	291	361
32	363	32	363
199	363	198	364
200	363	200	365
290	363	289	363
31	364	31	364
201	364	200	365
202	364	202	366
290	364	289	364
303	364	303	364
304	364	303	364
30	365	30	365
203	365	202	366
204	365	204	367
251	365	251	368
286	365	286	365
288	365	288	365
289	365	289	365
290	365	289	365
291	365	290	366
292	365	290	366
302	365	302	364
29	366	29	366
205	366	205	367
206	366	206	367
232	366	233	366
237	366	237	366
239	366	239	366
241	366	241	367
243	366	242	367
250	366	250	368
282	366	282	366
283	366	283	366
284	366	284	365
285	366	285	365
287	366	287	365
290	366	290	366
293	366	291	367
302	366	302	364
28	367	28	367
207	367	207	367
208	367	208	367
209	367	209	367
210	367	210	367
211	367	211	367
212	367	212	367
213	367	213	367
214	367	214	367
215	367	215	367
216	367	216	367
217	367	217	367
218	367	218	367
219	367	219	367
220	367	220	367
221	367	221	367
222	367	222	367
223	367	223	367
224	367	224	367
225	367	225	367
226	367	226	367
227	367	227	367
228	367	228	367
229	367	229	367
230	367	230	367
231	367	231	367
233	367	233	366
234	367	234	367
235	367	235	366
236	367	236	367
238	367	238	367
240	367	240	367
242	367	242	367
244	367	244	367
246	367	246	367
247	367	247	367
248	367	248	367
249	367	248	367
250	367	250	368
259	367	259	367
260	367	259	367
261	367	261	368
280	367	281	367
281	367	281	367
290	367	290	366
294	367	294	368
302	367	302	368
305	367	304	368
306	367	306	369
27	368	27	368
207	368	207	367
245	368	245	367
251	368	251	368
257	368	257	367
258	368	258	367
262	368	262	368
263	368	262	368
264	368	264	368
266	368	266	368
268	368	268	368
269	368	269	368
270	368	270	368
271	368	271	368
272	368	272	368
273	368	273	368
274	368	274	368
275	368	275	368
276	368	276	368
277	368	277	368
278	368	277	368
279	368	279	368
291	368	291	367
293	368	292	368
294	368	294	368
296	368	296	368
300	368	300	368
301	368	300	368
302	368	302	368
304	368	304	368
307	368	307	369
312	368	313	369
26	369	26	369
207	369	207	367
252	369	252	369
253	369	253	369
254	369	254	369
255	369	255	368
256	369	256	368
265	369	265	369
267	369	267	369
280	369	280	368
292	369	292	368
295	369	295	369
297	369	297	369
298	369	298	368
299	369	299	369
303	369	303	369
308	369	308	369
312	369	313	369
25	370	25	370
207	370	207	367
280	370	281	369
304	370	303	369
305	370	305	369
307	370	307	369
309	370	309	369
310	370	310	370
311	370	311	370
24	371	24	371
207	371	204	373
281	371	281	369
306	371	306	369
312	371	312	370
23	372	23	372
207	372	205	374
281	372	279	372
22	373	22	373
207	373	205	374
282	373	279	372
21	374	21	374
208	374	208	376
20	375	20	375
209	375	208	376
210	375	210	377
19	376	19	376
211	376	210	377
212	376	212	378
18	377	18	377
213	377	212	378
214	377	214	379
17	378	17	378
215	378	214	379
216	378	216	380
16	379	16	379
217	379	216	380
218	379	218	381
15	380	15	380
219	380	218	381
220	380	220	382
14	381	14	381
221	381	221	382
222	381	222	382
223	381	223	382
224	381	224	382
225	381	225	382
226	381	226	382
227	381	228	381
228	381	228	381
229	381	229	381
230	381	230	381
233	381	232	381
234	381	234	381
235	381	234	381
236	381	236	381
237	381	236	381
238	381	238	382
266	381	266	381
268	381	268	381
270	381	269	382
288	381	287	381
13	382	13	382
221	382	221	382
231	382	231	381
232	382	232	381
239	382	238	382
240	382	240	383
242	382	242	383
249	382	249	382
251	382	251	382
253	382	253	382
255	382	255	383
257	382	257	383
264	382	264	381
265	382	265	382
267	382	267	382
269	382	269	382
271	382	271	382
272	382	271	382
273	382	273	383
275	382	275	383
284	382	284	382
286	382	286	382
287	382	287	381
12	383	12	383
221	383	221	382
241	383	241	383
243	383	243	383
244	383	244	383
246	383	246	383
247	383	247	382
248	383	248	383
250	383	250	383
252	383	252	383
254	383	254	383
256	383	256	383
258	383	258	383
259	383	259	383
260	383	260	382
261	383	261	382
262	383	262	382
263	383	263	382
274	383	274	383
276	383	275	383
278	383	278	384
283	383	283	382
285	383	284	382
288	383	288	382
11	384	11	384
221	384	221	382
245	384	245	383
277	384	277	384
279	384	278	384
281	384	281	384
282	384	282	383
10	385	10	385
221	385	219	385
280	385	280	384
9	386	9	386
221	386	219	386
281	386	280	387
8	387	8	387
221	387	219	387
282	387	281	388
288	387	288	388
7	388	7	388
222	388	220	389
283	388	283	389
286	388	286	387
287	388	287	388
6	389	6	389
223	389	221	390
284	389	284	389
285	389	285	388
5	390	5	390
224	390	224	392
285	390	284	389
4	391	4	391
225	391	224	392
226	391	226	393
286	391	286	393
288	391	287	393
3	392	3	392
227	392	227	393
228	392	228	393
287	392	287	393
2	393	2	393
229	393	228	393
230	393	230	393
232	393	232	394
246	393	246	393
248	393	248	394
250	393	250	394
1	394	1	394
231	394	231	394
233	394	233	394
234	394	234	394
235	394	235	394
236	394	236	394
237	394	237	394
238	394	238	394
239	394	239	394
240	394	240	394
241	394	241	394
242	394	242	394
243	394	243	394
244	394	244	393
245	394	245	394
247	394	247	394
249	394	249	394
251	394	251	394
252	394	251	394
253	394	251	394
254	394	251	394
