22	22	24
23	23	13
18	18	8
21	21	7
4	4	6
1	1	5
17	17	5
10	10	5
7	7	5
6	6	4
17	16	4
1000	10	4
11	11	4
17	17	3
19	19	3
8	8	3
10	10	3
1000	9	3
1000	1	2
18	19	2
9	9	2
1000	7	2
12	12	2
1000	8	2
7	7	2
17	17	2
14	14	2
8	10	2
17	17	2
19	20	2
21	21	2
4	5	2
23	22	2
18	18	2
1	1	1
1000	4	1
1000	2	1
1000	2	1
2	2	1
1	1	1
2	1	1
1000	1	1
1	1	1
1	1	1
1	2	1
2	2	1
1	1	1
1	1	1
10	5	1
1	2	1
9	5	1
10	11	1
14	13	1
7	3	1
1000	2	1
1000	4	1
1000	5	1
7	17	1
14	12	1
6	5	1
7	17	1
18	9	1
17	17	1
4	4	1
17	16	1
1000	14	1
15	15	1
15	16	1
1000	12	1
4	6	1
18	18	1
10	12	1
8	8	1
8	7	1
9	7	1
16	19	1
8	7	1
1000	8	1
15	7	1
11	6	1
11	11	1
11	7	1
16	14	1
22	21	1
1000	12	1
1000	11	1
11	6	1
1000	10	1
11	10	1
1000	8	1
21	20	1
1000	11	1
16	17	1
22	21	1
22	22	1
21	21	1
22	21	1
22	21	1
23	22	1
21	21	1
22	21	1
16	15	1
21	21	1
22	20	1
22	22	1
21	21	1
11	11	1
22	20	1
17	16	1
16	16	1
10	11	1
17	14	1
18	18	1
5	6	1
5	6	1
17	18	1
5	4	1
10	10	1
17	15	1
9	9	1
22	21	1
22	21	1
10	7	1
6	7	1
4	5	1
1000	8	1
3	3	1
7	6	1
9	14	1
20	20	1
20	19	1
20	19	1
6	3	1
1000	9	1
1000	6	1
1000	6	1
17	18	1
15	15	1
17	17	1
17	17	1
22	10	1
6	6	1
6	3	1
18	17	1
18	18	1
15	13	1
15	14	1
7	3	1
6	10	1
22	20	1
18	20	1
7	5	1
12	12	1
12	15	1
19	20	1
22	15	1
19	19	1
14	13	1
1000	3	1
8	9	1
9	9	1
9	11	1
8	6	1
10	10	1
13	8	1
10	12	1
1000	6	1
9	11	1
1000	12	1
9	10	1
12	12	1
14	16	1
17	17	1
13	13	1
1000	12	1
1000	13	1
1000	16	1
16	16	1
18	18	1
1000	20	1
6	6	1
10	12	1
6	4	1
9	9	1
1000	17	1
16	18	1
6	6	1
19	19	1
18	18	1
1000	8	1
12	15	1
12	15	1
18	16	1
9	10	1
1000	4	1
18	16	1
19	20	1
19	19	1
21	21	1
16	16	1
6	10	1
6	5	1
15	14	1
4	4	1
6	6	1
16	14	1
24	23	1
16	18	1
24	23	1
4	4	1
4	3	1
23	22	1
22	21	1
23	22	1
22	21	1
22	22	1
19	13	1
19	20	1
23	22	1
19	18	1
23	22	1
22	22	1
5	7	1
22	21	1
17	18	1
17	17	1
1000	5	1
1000	10	1
22	21	1
21	21	1
1000	5	1
21	22	1
21	21	1
23	21	1
22	21	1
21	20	1
20	18	1
16	16	1
22	22	1
21	22	1
1000	19	1
17	10	1
22	21	1
1000	18	1
20	20	1
1000	4	1
4	10	1
17	18	1
17	19	1
1000	4	1
22	21	1
17	17	1
17	17	1
1000	5	1
18	16	1
1000	5	1
1000	6	1
21	19	1
8	14	1
5	5	1
6	4	1
5	5	1
5	7	1
8	7	1
8	8	1
6	6	1
5	3	1
1000	13	1
5	12	1
17	19	1
21	21	1
20	20	1
1000	7	1
1000	3	1
17	11	1
1000	20	1
21	21	1
22	21	1
17	18	1
19	18	1
21	20	1
9	7	1
13	15	1
20	20	1
19	19	1
21	20	1
20	20	1
7	7	1
22	20	1
9	8	1
7	7	1
11	10	1
8	8	1
7	8	1
6	7	1
6	6	1
12	12	1
7	8	1
7	5	1
1000	7	1
1000	6	1
1000	8	1
1000	10	1
1000	4	1
1000	5	1
1000	5	1
1000	9	1
14	9	1
1000	11	1
23	22	1
22	22	1
15	18	1
13	14	1
1000	5	1
1000	7	1
14	10	1
17	16	1
18	17	1
22	23	1
18	18	1
1000	5	1
1000	13	1
1000	8	1
15	15	1
1000	6	1
4	9	1
10	8	1
8	7	1
9	10	1
12	12	1
6	6	1
6	6	1
6	6	1
6	7	1
5	7	1
15	14	1
1	1	1
1	2	1
1000	5	1
1000	3	1
1	1	1
2	2	1
2	2	1
1	1	1
1	1	1
1	1	1
1	1	1
2	2	1
2	1	1
1	2	1
1	3	1
