214	377	1
489	91	36
72	205	1
53	53	1
144	229	1
37	358	1
330	240	17
121	205	1
303	104	5
92	346	7
202	310	2
351	321	16
173	247	1
410	219	39
341	219	17
217	280	2
220	182	3
167	371	1
151	21	3
82	179	1
226	214	2
319	249	11
269	106	8
127	138	2
181	248	1
346	185	23
186	302	6
294	114	19
226	329	1
281	223	2
87	226	1
161	100	1
452	80	29
254	220	2
75	97	1
184	376	1
312	248	11
330	251	11
176	18	1
9	9	1
190	72	1
390	53	42
358	180	30
292	373	16
384	393	27
355	24	18
392	110	24
177	70	1
13	13	1
163	55	1
382	393	26
401	224	34
366	71	16
296	31	6
282	222	2
301	274	14
124	13	5
289	32	4
381	111	24
328	69	13
297	32	7
354	179	31
101	368	6
104	97	1
231	38	3
125	106	1
234	275	3
417	273	40
222	106	1
115	44	3
225	137	3
278	328	2
298	65	10
84	143	1
236	66	1
290	112	17
441	4	40
187	53	1
223	137	3
157	192	1
216	377	1
306	16	9
186	304	5
442	109	36
334	55	11
373	24	22
72	226	1
200	55	1
453	80	29
168	192	2
336	252	14
321	328	11
358	215	19
126	371	4
99	226	1
321	249	11
302	325	10
103	97	1
345	243	18
254	23	1
245	133	3
299	219	10
343	242	19
254	102	1
350	320	16
232	21	7
93	226	1
102	368	6
211	107	1
340	144	31
179	18	1
294	188	13
199	241	3
291	16	7
184	54	1
401	314	33
480	55	38
133	131	1
135	163	7
192	54	1
265	283	10
391	53	43
305	188	16
255	101	1
311	311	15
97	143	1
150	292	1
298	341	10
283	286	4
340	340	24
144	87	2
256	102	1
365	113	24
440	56	31
149	229	1
152	55	1
100	226	1
345	253	14
130	348	2
246	271	3
137	310	1
484	91	35
125	300	1
306	61	13
169	371	1
353	254	19
124	17	6
90	97	1
142	229	1
235	254	2
94	226	1
248	131	3
176	53	1
303	18	9
234	375	1
292	222	9
137	97	1
105	226	1
323	55	10
345	198	27
473	57	36
72	143	1
346	111	15
94	346	7
80	260	1
182	71	1
93	205	1
170	192	2
446	109	37
161	387	4
73	97	1
143	23	3
271	66	2
185	261	1
244	254	2
190	22	3
247	67	1
319	187	19
352	23	19
112	226	1
256	146	3
276	288	4
333	348	17
322	344	11
527	83	42
141	255	1
217	182	3
128	348	2
260	329	1
388	339	28
503	93	39
123	300	1
106	300	2
196	174	8
366	335	26
47	47	1
106	226	1
566	99	47
533	90	42
300	275	14
249	103	1
90	260	1
238	67	1
111	179	1
185	53	1
34	361	1
307	61	13
364	391	21
241	254	2
293	114	18
101	143	1
264	328	1
322	25	13
341	358	22
256	66	2
82	300	1
89	179	1
252	329	2
270	152	8
186	197	2
370	243	22
152	386	4
26	369	1
192	105	2
101	97	1
137	229	1
246	220	2
300	189	15
323	187	20
323	328	11
379	240	26
308	188	17
273	118	15
322	16	11
177	360	1
18	377	1
382	238	28
458	13	43
77	143	1
100	368	6
154	255	1
28	367	1
393	235	33
123	100	1
288	31	4
342	198	26
344	172	30
274	30	2
221	378	1
437	7	38
298	168	17
204	357	1
190	208	3
119	346	3
321	391	20
337	185	24
147	255	1
20	375	1
349	71	15
350	111	19
26	26	1
279	380	4
211	26	4
176	200	3
322	107	8
303	63	12
342	110	13
270	251	2
81	205	1
363	113	24
346	219	19
164	358	1
114	143	1
12	383	1
307	342	11
18	18	1
228	106	1
176	112	1
176	389	3
161	55	1
201	72	1
147	4	4
313	236	12
403	110	25
100	44	3
485	91	35
88	97	1
341	198	26
431	243	38
486	91	35
163	388	3
236	105	1
150	130	1
100	179	1
228	328	1
416	82	24
108	179	1
302	247	9
329	187	22
240	133	3
187	248	1
226	277	3
192	237	3
339	110	13
362	181	30
399	114	26
94	179	1
311	236	12
332	55	10
225	107	1
99	260	1
347	111	16
315	70	10
83	226	1
340	70	15
412	110	28
89	143	1
87	97	1
343	219	17
183	71	1
299	17	7
319	391	18
139	229	1
103	300	2
91	300	1
97	371	5
176	110	1
268	9	3
323	292	17
153	255	1
118	44	3
392	235	32
121	179	1
85	354	5
429	26	39
398	385	36
110	346	5
77	179	1
242	319	1
318	248	11
339	341	24
252	191	3
116	97	1
133	205	1
351	112	20
230	217	2
160	101	1
218	106	1
312	235	12
148	292	1
97	372	4
188	248	1
282	117	15
232	66	1
284	222	2
109	260	1
36	36	1
201	99	1
219	332	1
272	67	2
168	372	1
296	244	10
409	110	28
582	91	48
178	277	1
379	2	33
433	80	25
479	39	37
154	353	1
84	226	1
139	130	1
103	205	1
86	143	1
400	225	34
114	179	1
134	204	1
361	391	21
111	226	1
99	97	1
249	332	1
265	28	2
428	243	37
467	56	35
400	314	32
274	287	3
245	371	1
339	242	21
323	108	8
413	242	32
273	221	4
320	16	11
284	14	6
322	249	11
89	226	1
365	181	31
331	109	10
186	303	6
406	66	26
390	264	30
321	55	10
266	327	1
453	109	38
188	142	2
189	248	1
445	110	37
122	205	1
33	33	1
342	21	16
127	348	2
77	205	1
96	346	7
320	248	11
434	80	26
58	337	1
241	23	2
169	389	3
214	281	2
107	260	1
366	68	18
438	108	34
171	54	1
373	30	30
428	82	25
250	331	1
124	14	5
196	54	1
215	378	1
324	3	13
361	113	24
96	226	1
188	344	2
50	345	1
231	33	3
125	105	1
344	70	15
340	242	21
214	106	1
269	10	3
198	240	3
185	336	1
152	82	1
106	44	3
90	226	1
329	240	17
336	110	12
284	179	9
205	313	3
117	226	1
7	7	1
355	254	20
171	262	1
261	67	2
119	179	1
155	55	1
156	191	1
268	187	7
454	1	42
402	27	38
301	189	15
321	26	12
85	97	1
267	66	2
162	372	1
91	205	1
74	143	1
199	25	4
313	187	18
349	23	18
150	104	1
243	67	1
283	66	7
319	318	17
250	19	8
140	22	3
215	249	3
290	16	7
219	250	2
310	215	12
22	22	1
78	179	1
280	102	2
106	143	1
107	346	5
490	110	43
326	55	10
219	107	1
129	348	2
208	248	3
341	111	13
406	110	26
356	23	18
315	343	11
118	226	1
125	116	2
184	388	2
304	270	16
126	205	1
82	143	1
300	218	10
250	252	2
325	238	16
162	192	1
310	391	15
314	391	16
332	349	16
171	18	2
430	107	34
124	18	6
268	66	2
311	188	18
426	108	33
120	260	1
137	23	3
210	378	1
269	221	6
70	205	1
382	243	26
97	97	1
243	254	2
335	219	16
103	143	1
358	72	16
160	372	2
346	253	15
184	197	2
113	97	1
203	310	2
277	222	2
78	300	1
315	391	17
100	300	2
176	276	1
158	132	1
253	282	13
54	341	1
298	324	10
428	45	42
144	55	1
198	309	2
143	348	1
322	4	12
30	365	1
140	3	4
87	260	1
341	339	24
380	242	25
92	260	1
128	128	1
202	324	1
332	109	10
154	310	1
409	38	39
162	99	1
491	91	37
150	351	1
360	56	14
413	82	24
163	192	1
222	279	2
481	50	38
263	101	1
105	260	1
268	112	21
275	30	2
170	261	1
393	111	25
103	44	3
182	389	2
95	205	1
78	143	1
149	255	1
85	300	1
139	370	4
158	103	1
161	372	1
256	251	2
76	97	1
59	59	1
114	300	2
296	66	9
118	300	1
447	79	28
325	217	14
142	385	5
110	143	1
457	81	29
173	277	1
229	328	1
304	17	9
397	386	35
77	260	1
371	27	27
408	15	32
104	179	1
394	110	25
344	55	11
312	32	11
298	31	7
299	167	19
251	21	3
343	54	11
55	55	1
3	392	1
39	356	1
192	106	1
581	91	48
87	205	1
215	333	1
452	1	40
43	43	1
140	89	2
69	205	1
88	346	8
251	371	1
361	73	16
440	109	35
258	12	3
133	385	5
83	97	1
119	205	1
231	105	1
316	188	19
103	179	1
140	370	4
177	53	1
434	19	39
138	229	1
177	390	2
341	21	17
287	370	19
108	205	1
91	143	1
255	14	4
73	179	1
81	179	1
176	201	3
345	185	23
382	22	26
130	205	1
248	22	2
212	4	21
5	390	1
244	66	1
278	251	2
284	67	8
254	191	3
186	71	1
410	82	22
176	113	1
428	8	36
325	69	13
470	56	35
399	116	26
384	110	24
148	255	1
186	54	1
374	73	16
85	351	6
194	54	1
328	326	11
202	355	1
334	348	17
82	205	1
111	97	1
424	243	37
150	370	2
188	116	2
10	385	1
121	386	6
270	29	2
258	102	1
280	380	4
154	55	1
213	221	2
35	360	1
237	220	2
176	199	3
312	391	16
299	342	10
322	237	15
268	292	13
270	117	12
155	311	1
356	71	16
252	16	6
489	111	43
423	243	36
101	346	5
120	205	1
174	53	1
176	111	1
216	182	3
325	55	10
453	2	41
92	179	1
75	205	1
261	101	1
135	385	5
85	353	5
429	25	38
416	242	33
348	111	17
257	275	3
124	371	4
107	205	1
179	277	1
268	291	13
109	44	3
341	184	23
405	65	25
193	113	2
140	229	1
74	97	1
169	248	1
281	380	4
318	390	18
218	26	4
296	245	9
95	143	1
354	23	18
191	237	3
367	113	24
387	111	24
299	324	10
320	26	12
448	79	29
104	300	2
110	205	1
129	24	4
113	179	1
183	197	2
115	179	1
257	67	2
353	55	13
134	348	1
262	220	4
378	41	35
88	260	1
450	1	40
126	348	2
271	29	2
239	67	1
388	110	24
279	66	5
282	287	4
158	191	1
197	309	2
127	180	1
255	67	2
383	30	35
437	108	34
80	300	1
103	346	5
108	346	5
57	57	1
170	309	1
120	226	1
355	243	18
429	243	37
361	24	18
125	111	2
74	226	1
493	86	38
313	272	16
98	179	1
321	237	15
305	62	13
89	300	1
127	300	1
183	53	1
368	256	24
119	45	3
228	276	3
49	49	1
108	143	1
366	69	18
21	374	1
367	244	21
156	387	4
301	219	10
11	384	1
47	348	1
124	15	5
214	137	3
251	330	1
73	260	1
143	370	4
94	260	1
188	345	1
98	260	1
6	389	1
354	177	34
119	260	1
231	32	4
412	273	39
125	104	1
290	31	5
418	72	33
41	41	1
173	231	2
229	26	2
13	382	1
491	121	45
222	251	2
369	210	38
79	205	1
45	45	1
264	66	2
252	220	2
182	206	3
313	64	11
354	217	19
283	223	2
431	79	25
142	22	3
56	339	1
114	44	3
205	312	2
378	393	25
364	113	24
419	83	24
440	44	32
141	386	5
180	54	1
363	171	35
146	386	4
237	67	1
205	26	6
207	330	1
83	143	1
48	347	1
135	371	4
405	110	26
227	66	2
211	307	2
376	242	24
402	314	33
115	143	1
169	221	1
425	107	33
209	377	1
46	46	1
268	220	7
71	226	1
388	264	29
409	82	22
341	253	14
217	378	1
186	337	1
279	102	2
373	71	17
302	189	15
413	70	31
253	220	2
41	354	1
258	191	4
115	346	3
208	136	2
124	20	5
92	205	1
172	53	1
337	242	21
321	344	11
125	115	2
72	97	1
127	371	4
274	379	2
311	215	12
317	268	20
262	66	2
302	341	10
116	44	3
10	10	1
327	68	13
297	324	10
409	258	35
527	79	41
124	19	6
96	143	1
314	58	10
385	236	29
316	343	11
141	348	1
280	117	16
448	1	40
303	342	10
160	192	1
413	274	39
218	378	1
220	106	1
172	261	1
155	327	1
320	390	19
93	346	7
202	99	1
354	253	20
411	110	28
86	300	1
147	229	1
60	335	1
99	179	1
336	218	16
338	242	21
502	92	38
213	364	1
470	117	41
77	226	1
116	387	6
9	386	1
298	189	14
338	20	19
250	271	3
181	53	1
184	188	2
354	244	18
303	189	16
268	113	20
306	188	17
381	3	33
148	228	1
202	179	3
150	228	1
117	260	1
227	137	3
280	67	6
84	179	1
138	97	1
161	192	1
416	72	32
225	278	2
62	213	1
311	277	17
61	334	1
264	251	2
266	284	9
109	300	2
146	310	1
314	215	12
353	112	21
321	292	16
203	335	1
313	328	11
295	221	12
80	205	1
150	255	1
152	21	3
173	54	1
249	253	2
469	85	34
362	113	24
20	20	1
367	256	24
95	346	7
225	303	1
192	107	1
178	18	1
290	302	12
165	221	1
223	107	1
353	24	18
104	44	3
379	242	25
324	68	13
291	222	7
128	300	2
19	376	1
436	107	34
298	116	20
177	366	1
184	115	2
239	24	2
227	183	3
100	143	1
338	110	12
448	109	37
375	23	23
417	72	32
326	2	13
419	243	34
257	252	2
422	108	32
449	2	40
88	179	1
35	35	1
145	348	1
328	55	10
397	237	34
115	260	1
336	55	11
173	262	1
229	377	1
282	31	3
212	220	2
357	180	30
309	236	11
240	24	2
176	202	3
218	182	3
435	241	40
292	302	12
314	328	11
170	53	1
29	366	1
86	97	1
344	320	16
107	300	2
287	32	4
479	82	39
102	97	1
224	330	1
132	24	4
87	179	1
421	38	38
134	256	1
85	350	6
139	256	1
176	193	3
141	370	4
180	70	1
343	111	14
353	321	17
136	313	2
387	392	28
246	370	1
175	361	1
213	107	1
285	67	8
199	72	1
113	143	1
4	391	1
97	376	6
260	220	3
304	62	13
381	32	34
275	66	3
314	235	13
85	359	5
178	212	3
124	179	1
251	67	1
305	17	9
424	108	32
197	345	1
417	83	24
181	234	2
201	337	1
147	310	1
425	243	37
316	57	10
432	107	34
86	226	1
178	54	1
110	179	1
118	179	1
195	339	1
492	92	37
114	97	1
167	233	1
596	87	50
562	99	45
85	352	6
106	368	5
215	182	3
166	372	1
149	292	1
424	83	25
207	360	1
245	272	3
320	4	12
174	276	1
231	342	1
329	218	15
352	218	19
6	6	1
136	97	1
389	390	31
407	316	34
301	239	11
88	143	1
15	380	1
307	248	9
170	247	1
133	348	2
261	220	4
335	69	14
305	325	10
326	327	11
76	205	1
204	26	5
315	249	11
32	363	1
125	205	1
437	241	40
311	109	8
337	69	15
125	371	4
417	109	30
327	109	9
385	4	32
83	300	1
360	113	24
395	111	25
199	55	1
327	2	13
112	300	2
24	371	1
116	300	1
578	92	47
135	97	1
355	205	30
139	98	2
233	67	1
285	223	2
273	66	2
110	44	3
401	21	31
493	92	37
171	277	1
426	23	37
322	68	12
107	368	5
270	220	5
75	260	1
419	12	34
148	3	4
131	205	1
95	260	1
408	315	35
100	260	1
501	93	38
449	79	29
16	379	1
159	54	1
181	197	2
302	17	8
306	236	11
396	110	25
415	274	39
300	31	8
286	222	3
125	110	2
359	113	23
92	300	2
164	97	1
111	346	4
113	260	1
116	346	3
339	253	14
178	261	2
220	136	3
296	115	20
24	24	1
132	204	1
408	258	33
321	157	22
251	220	2
107	179	1
252	371	1
97	300	2
28	28	1
84	97	1
139	3	4
285	32	4
158	310	1
428	76	25
112	346	4
258	66	2
188	346	1
351	254	18
408	32	39
100	97	1
155	387	4
195	248	1
231	35	3
196	71	1
16	16	1
140	98	2
143	55	1
85	260	1
196	281	2
252	283	13
363	181	31
294	16	7
229	106	1
249	190	3
200	352	1
385	111	24
295	115	19
145	292	1
382	262	29
296	323	9
205	311	2
152	370	2
147	386	4
276	102	1
95	226	1
356	321	17
266	28	2
323	69	12
344	254	14
271	152	8
37	37	1
275	221	2
161	147	1
325	250	11
342	338	24
113	205	1
386	110	24
352	253	19
213	26	4
73	226	1
128	371	4
309	188	18
421	109	31
333	251	12
272	152	8
132	298	1
364	248	22
112	97	1
351	55	12
373	70	17
427	24	37
104	368	6
326	68	13
204	334	1
314	65	10
350	334	27
352	244	18
573	93	46
252	66	1
310	61	13
357	254	22
125	114	2
342	55	11
54	54	1
128	180	1
202	336	1
148	191	1
418	82	24
80	226	1
297	169	16
299	189	14
333	69	14
34	34	1
179	141	2
491	111	43
364	247	21
259	101	1
282	379	5
105	143	1
320	319	18
107	44	3
162	388	4
255	252	2
76	143	1
315	187	18
136	385	5
308	74	8
146	349	1
418	109	31
419	73	34
101	226	1
466	84	33
357	72	16
342	185	23
312	327	11
105	368	6
197	282	2
324	217	14
342	359	22
96	40	5
477	58	38
353	244	18
481	63	39
302	63	12
404	64	24
389	111	24
339	54	11
232	342	1
357	113	22
393	245	26
468	84	33
184	206	3
595	86	49
229	183	3
377	22	24
322	292	16
160	55	1
234	66	1
144	145	1
108	226	1
143	310	1
309	111	8
274	67	2
97	346	6
118	346	3
245	23	2
445	42	32
230	341	1
268	114	19
396	63	21
431	107	34
297	115	20
188	185	2
117	205	1
320	188	20
283	32	4
390	110	24
381	243	26
240	67	1
314	188	18
98	97	1
245	254	2
407	67	27
120	387	6
102	226	1
328	187	22
164	372	1
38	357	1
8	387	1
133	228	1
317	391	17
83	179	1
144	349	1
91	179	1
345	70	15
292	16	7
113	226	1
310	110	8
331	55	10
332	324	13
329	109	10
310	327	11
96	260	1
278	380	3
337	110	12
359	323	18
159	102	1
402	111	25
297	278	11
81	97	1
192	108	1
321	69	11
400	25	38
292	31	5
98	346	6
79	300	1
120	179	1
265	251	2
212	281	2
378	1	34
214	182	4
159	132	1
254	329	2
164	388	3
418	30	36
492	121	46
76	179	1
295	324	9
150	4	3
460	82	31
172	17	2
410	241	32
378	112	24
112	44	3
466	56	35
110	300	2
165	372	1
132	131	1
104	346	5
420	83	24
114	226	1
207	181	4
481	91	35
157	54	1
177	277	1
232	105	1
492	112	43
310	235	11
475	40	36
81	260	1
354	113	21
408	31	39
102	260	1
302	273	15
106	260	1
475	89	35
296	170	15
352	71	15
317	236	14
407	110	27
319	216	13
343	198	26
494	86	38
352	54	13
371	210	39
427	107	33
380	73	19
273	287	3
257	101	1
294	281	8
97	179	1
259	220	3
402	240	32
317	3	12
119	300	1
288	247	4
306	161	23
219	378	1
293	106	4
277	288	4
85	349	7
339	219	17
382	31	35
80	179	1
315	66	10
136	229	1
136	314	2
105	205	1
269	66	2
182	278	1
165	358	1
382	110	24
418	242	34
149	386	4
245	67	1
135	228	1
355	72	15
413	13	33
108	368	5
325	187	21
327	22	15
93	143	1
183	248	1
247	272	3
197	113	1
221	107	1
260	279	13
85	358	5
177	205	3
15	15	1
128	124	1
436	240	40
241	104	1
79	226	1
298	241	11
179	197	3
184	248	1
222	336	1
367	210	38
464	83	32
192	72	1
97	205	1
228	27	2
401	26	38
220	378	1
350	71	15
388	235	30
117	179	1
153	311	1
140	385	5
412	241	32
361	180	30
288	372	19
471	43	35
292	324	8
185	134	2
43	352	1
173	18	2
447	2	40
303	265	20
270	66	2
401	241	32
96	97	1
439	243	41
209	137	2
109	368	5
308	235	11
183	206	3
168	232	1
349	55	12
389	22	30
122	371	4
432	242	39
179	53	1
276	67	4
331	350	15
297	66	9
320	237	15
85	360	6
139	310	1
357	56	14
486	67	42
162	54	1
363	193	32
417	243	33
311	108	7
295	246	6
480	40	37
102	179	1
212	26	4
396	225	34
185	248	1
330	109	10
7	388	1
119	387	6
193	72	1
212	137	3
251	190	3
180	261	2
91	226	1
311	327	11
95	97	1
243	104	1
98	368	7
303	116	18
280	13	5
461	114	40
429	9	36
124	300	1
142	349	1
471	57	36
366	209	38
170	17	2
101	44	3
338	69	15
85	226	1
250	220	2
124	387	6
376	112	24
89	346	8
342	243	20
427	76	26
46	349	1
52	343	1
308	249	9
327	250	11
589	88	48
187	338	1
481	113	43
265	10	3
231	37	3
125	109	2
312	107	7
439	56	30
81	143	1
172	226	1
438	240	40
313	391	16
352	113	20
44	351	1
248	66	1
377	111	24
288	67	9
345	22	17
328	250	11
418	273	40
347	253	16
420	29	36
186	248	1
494	124	46
136	23	4
175	277	1
359	24	18
143	129	1
92	226	1
420	108	31
225	28	3
353	71	15
405	272	36
408	33	39
356	244	18
339	20	18
231	34	3
450	17	43
141	310	1
331	325	12
101	205	1
379	42	35
197	239	3
275	288	3
330	55	10
298	220	10
338	55	11
230	105	1
177	115	1
284	31	4
90	346	8
53	342	1
218	279	2
253	371	1
222	136	3
258	276	3
392	339	29
211	249	3
181	71	1
401	110	25
97	226	1
248	370	1
45	350	1
376	22	24
195	113	1
341	242	20
14	381	1
142	310	1
200	281	2
153	82	1
483	65	40
324	237	16
380	2	33
140	130	1
234	254	2
272	10	3
4	4	1
357	244	18
195	233	3
213	138	3
111	368	5
206	310	2
151	371	2
246	66	1
104	226	1
286	67	9
215	107	1
344	198	26
433	106	34
592	87	49
373	69	18
162	283	3
90	300	1
198	112	1
272	327	1
328	239	17
239	283	10
114	205	1
352	320	17
351	71	15
321	16	11
216	250	3
400	385	36
110	97	1
131	371	4
98	226	1
433	18	38
125	113	2
142	145	2
19	19	1
58	58	1
281	102	2
379	394	25
390	339	29
85	143	1
438	79	27
574	93	46
194	281	2
50	50	1
267	117	7
288	222	4
143	229	1
383	394	27
457	12	43
335	55	11
174	115	1
214	26	4
129	306	1
93	97	1
322	187	20
109	97	1
366	255	24
258	329	1
42	42	1
279	118	17
392	53	44
301	165	20
86	179	1
89	205	1
180	327	1
255	23	1
330	186	22
96	41	5
168	17	2
403	224	34
209	209	3
219	280	2
240	254	2
149	130	1
169	54	1
351	218	19
342	70	15
130	228	1
248	253	2
416	51	26
397	111	25
293	174	11
427	14	36
430	9	36
366	113	24
313	107	7
315	270	18
499	93	38
409	274	39
174	18	2
268	115	17
270	379	2
98	143	1
244	271	3
337	219	16
196	170	12
343	69	15
218	219	2
345	171	30
315	57	10
394	245	26
153	55	1
135	131	1
86	205	1
203	99	1
259	277	3
404	224	34
351	187	27
299	65	10
111	300	2
385	245	26
333	151	23
118	205	1
482	41	38
265	66	2
288	338	10
292	247	5
241	67	1
281	66	6
444	109	37
125	134	3
163	98	1
78	260	1
83	260	1
192	109	1
103	260	1
324	55	10
108	260	1
144	128	1
316	390	17
301	342	10
176	70	1
73	143	1
418	31	36
79	97	1
304	341	11
340	198	26
87	300	1
75	179	1
313	343	11
151	254	1
390	232	33
121	260	1
107	226	1
52	52	1
380	393	26
182	261	2
183	116	2
388	22	30
174	361	1
343	185	23
271	379	2
474	56	37
111	205	1
333	323	13
101	300	2
593	87	49
169	18	2
336	184	22
266	66	2
419	109	31
221	137	3
206	359	1
297	246	9
215	26	4
198	54	1
93	260	1
112	179	1
184	235	2
227	15	22
421	83	25
205	358	1
8	8	1
211	182	7
213	209	3
219	182	3
255	330	1
399	113	26
132	348	2
189	72	1
157	372	2
12	12	1
106	179	1
158	55	1
411	242	32
368	181	33
136	315	2
102	143	1
85	205	1
138	3	4
377	73	18
396	245	26
180	247	1
91	97	1
364	193	32
420	243	35
331	69	13
154	387	4
300	166	19
305	248	9
107	97	1
307	236	11
189	208	3
190	198	2
355	216	19
263	67	2
578	113	51
269	152	8
74	205	1
146	229	1
148	129	1
39	39	1
313	249	11
440	5	40
408	110	27
338	198	26
85	357	5
175	18	1
160	132	1
124	205	1
178	210	3
128	125	1
312	63	12
222	27	5
27	27	1
195	55	1
106	205	1
396	236	34
396	313	26
225	329	1
498	92	38
355	112	22
31	31	1
200	25	3
36	359	1
21	21	1
97	375	5
481	109	43
192	248	1
191	144	2
378	34	34
147	22	3
244	132	3
248	191	3
156	344	1
57	338	1
316	67	10
358	23	18
88	226	1
341	69	15
324	344	11
180	197	2
218	304	2
401	240	32
413	109	28
590	87	49
204	310	2
423	20	35
280	222	2
391	111	24
157	104	1
564	99	46
341	54	11
489	85	37
381	394	26
98	205	1
206	26	5
49	346	1
288	285	5
316	235	14
99	205	1
160	146	1
144	385	5
129	371	4
182	248	1
426	243	37
318	317	16
138	370	4
211	280	2
109	179	1
193	248	1
212	249	3
362	170	35
327	326	11
23	372	1
33	362	1
368	209	38
333	55	11
302	164	21
287	15	6
423	10	35
410	13	33
467	84	33
90	143	1
73	205	1
145	229	1
181	116	1
148	310	1
25	370	1
116	226	1
282	67	7
123	205	1
231	36	3
267	285	7
125	108	2
70	226	1
472	56	36
168	358	1
172	227	2
262	101	1
175	54	1
415	50	30
294	31	5
78	205	1
358	56	14
17	378	1
219	393	3
110	226	1
111	143	1
112	205	1
365	170	35
223	28	4
134	178	1
253	191	3
109	346	5
163	372	1
272	29	2
496	54	43
408	34	39
317	56	10
121	226	1
194	248	1
287	223	3
308	112	8
123	179	1
340	254	14
187	72	1
480	62	39
483	91	35
301	64	11
104	260	1
195	24	7
289	67	9
348	253	16
168	54	1
87	143	1
89	97	1
329	69	13
386	4	32
152	191	1
336	241	20
354	71	15
84	300	1
105	97	1
250	20	5
332	69	13
297	189	14
171	193	2
299	276	13
102	205	1
111	44	3
244	22	2
408	274	39
444	43	33
71	260	1
145	386	4
165	308	1
76	260	1
477	45	37
105	300	2
363	391	21
153	371	2
279	328	2
122	226	1
284	328	3
322	55	10
181	261	2
130	24	4
369	112	24
242	254	2
207	26	5
154	146	1
317	187	19
89	260	1
110	260	1
114	260	1
276	222	2
188	72	1
370	209	39
281	13	5
137	385	5
322	328	11
236	134	3
98	300	2
81	300	1
208	26	4
387	339	27
216	106	1
125	112	2
197	72	1
325	3	13
414	13	33
94	143	1
320	216	13
565	99	46
362	24	19
490	85	38
127	205	1
366	245	20
368	244	21
412	82	23
307	188	17
273	327	1
369	256	24
277	66	4
25	25	1
188	54	1
265	221	6
103	368	6
253	67	1
421	29	36
116	205	1
99	143	1
374	23	23
29	29	1
358	253	23
71	205	1
273	30	2
129	228	1
497	53	43
17	17	1
490	92	37
454	110	40
260	102	1
226	137	3
248	102	1
156	55	1
267	28	2
96	42	6
42	353	1
187	197	2
133	257	1
226	376	1
250	370	1
323	344	11
328	109	9
95	179	1
132	370	4
497	93	38
119	226	1
196	172	10
162	12	2
383	244	26
75	143	1
310	188	18
321	216	13
347	185	24
367	170	35
369	244	22
320	69	10
107	143	1
90	205	1
201	281	2
327	55	10
336	69	15
193	55	1
405	240	32
196	171	12
415	13	33
326	23	14
112	143	1
313	2	14
385	42	36
205	378	1
133	371	4
134	131	1
210	208	3
356	55	14
231	31	4
14	14	1
470	43	34
349	112	18
339	198	26
213	182	6
430	243	37
108	44	3
142	370	4
180	116	1
83	205	1
358	113	23
252	326	4
434	20	41
330	69	13
259	67	2
192	110	1
155	146	1
304	189	16
115	205	1
117	44	3
375	242	24
212	208	3
74	260	1
312	188	18
189	53	1
406	240	32
101	179	1
485	84	41
286	31	4
126	133	3
118	387	6
390	233	32
104	205	1
141	3	4
342	219	17
147	292	1
114	346	3
367	193	32
300	64	11
196	113	1
141	229	1
131	348	2
226	66	2
316	269	19
335	19	18
356	180	30
285	144	18
220	209	3
314	343	11
195	72	1
250	191	3
414	273	39
200	338	1
455	81	29
79	143	1
82	97	1
134	229	1
32	32	1
360	24	18
144	255	1
182	140	2
96	205	1
370	113	24
482	64	40
285	248	4
88	300	1
159	372	2
219	137	3
399	112	25
94	205	1
594	87	49
315	215	12
407	240	32
55	340	1
365	390	21
133	181	1
105	179	1
72	260	1
366	170	35
211	209	3
488	84	37
416	273	40
116	143	1
153	387	4
482	91	35
427	243	37
306	342	11
200	98	1
399	386	36
182	54	1
96	179	1
495	53	43
315	236	13
227	277	3
85	356	5
178	211	3
128	126	1
364	170	35
151	4	3
153	106	1
157	253	1
362	391	21
254	66	1
383	111	24
421	243	35
428	107	34
90	179	1
94	300	2
97	374	4
295	32	6
315	315	16
334	69	14
482	82	41
193	237	3
411	82	23
267	188	7
344	111	14
92	143	1
172	247	1
105	44	3
213	280	2
340	219	17
451	56	32
82	260	1
198	24	5
400	239	33
261	328	1
247	371	1
247	190	3
179	390	2
306	249	9
131	299	2
167	18	2
482	109	43
472	43	35
272	184	7
255	191	3
311	249	10
314	248	11
410	218	40
218	137	3
185	141	3
511	91	39
303	272	15
269	107	14
342	254	14
434	42	38
274	118	17
275	380	3
3	3	1
591	87	49
353	218	19
356	113	22
51	344	1
217	64	1
127	24	4
145	310	1
579	91	47
295	280	9
350	55	12
133	24	4
408	68	28
100	205	1
154	191	1
274	222	3
136	131	1
140	256	1
141	89	2
343	253	14
366	70	17
313	58	10
114	368	5
369	181	33
441	109	36
459	55	34
494	123	46
124	12	5
159	192	1
255	220	2
242	67	1
354	178	33
123	371	4
125	107	2
217	250	3
253	22	1
247	103	1
104	143	1
178	247	2
344	243	19
143	88	2
110	368	5
2	393	1
130	370	4
148	21	4
219	27	5
379	337	25
514	89	40
410	21	34
302	31	8
205	315	2
80	97	1
325	23	14
291	302	12
309	216	11
368	113	24
99	300	2
117	346	3
408	82	22
248	220	2
80	143	1
207	329	1
154	327	1
249	67	1
140	310	1
323	238	15
340	110	13
146	22	3
147	348	1
309	15	9
329	251	11
134	170	4
321	4	12
86	260	1
91	260	1
111	260	1
113	346	3
167	54	1
116	260	1
190	237	2
356	253	21
218	250	3
75	226	1
106	346	5
289	285	6
311	391	15
348	70	15
314	271	17
172	276	1
108	300	2
182	197	2
239	284	13
115	226	1
149	4	4
477	44	37
481	41	38
281	180	8
264	220	5
320	292	16
102	44	3
304	115	15
231	253	1
372	243	22
143	145	2
254	251	2
182	116	1
435	21	41
169	193	2
337	253	14
249	371	1
384	42	35
113	300	2
293	32	5
385	263	29
99	346	5
117	300	1
318	56	10
249	220	2
301	32	8
231	276	3
177	18	1
429	107	34
451	2	40
108	97	1
415	40	39
369	192	33
151	55	1
319	27	12
88	205	1
216	333	1
345	111	15
22	373	1
101	260	1
410	110	28
212	182	7
124	16	5
109	143	1
74	179	1
346	22	17
330	281	21
496	92	38
242	103	1
259	328	1
333	241	20
338	252	14
159	309	1
197	55	1
76	226	1
340	20	17
181	190	2
93	300	2
257	147	3
224	106	1
385	393	27
283	380	6
103	226	1
146	3	4
149	22	4
136	53	2
339	69	15
504	132	47
324	108	9
115	97	1
285	327	3
51	51	1
215	138	3
287	178	10
387	21	29
81	226	1
100	346	5
480	108	43
287	67	9
131	24	4
371	242	22
397	314	29
573	108	48
115	300	1
295	16	7
138	256	1
289	223	4
112	368	5
137	3	4
31	364	1
196	173	9
162	13	2
471	117	41
224	137	3
331	280	22
439	108	35
153	131	1
281	118	16
410	274	39
194	71	1
141	23	3
143	386	5
272	287	3
148	386	4
185	197	2
367	181	32
424	21	36
23	23	1
316	3	13
318	188	19
580	90	48
180	328	1
363	24	19
188	197	2
278	67	5
191	72	1
11	11	1
598	87	51
290	222	5
59	336	1
78	97	1
40	355	1
94	97	1
311	62	12
5	5	1
298	17	7
82	226	1
333	109	10
443	110	36
233	342	1
324	187	20
345	218	18
273	152	8
185	206	3
293	282	7
167	305	1
79	179	1
253	252	2
109	226	1
38	38	1
296	385	12
403	240	32
231	30	3
200	71	1
127	386	6
146	255	1
113	368	5
334	150	23
414	110	29
227	329	1
30	30	1
323	16	11
454	80	29
186	207	3
77	97	1
208	208	3
498	54	44
192	111	1
247	220	2
235	67	1
142	88	2
162	308	1
180	139	2
203	26	5
277	101	1
116	179	1
334	110	11
463	83	32
418	29	36
224	303	2
331	190	23
338	219	17
392	245	26
357	24	18
250	66	1
290	67	9
551	95	44
2	2	1
384	4	32
458	55	34
422	17	35
78	226	1
407	82	22
246	190	3
84	205	1
322	157	22
340	55	11
253	328	3
291	32	5
348	55	12
224	13	22
117	387	6
27	368	1
299	32	8
106	97	1
404	240	32
422	243	36
134	370	4
335	109	11
158	372	2
251	271	3
164	91	1
496	118	44
461	82	31
154	81	1
263	220	5
364	181	31
183	389	2
321	187	20
449	110	38
394	236	33
179	261	2
179	248	1
144	310	1
180	234	2
56	56	1
344	185	23
260	66	2
423	107	32
85	179	1
105	346	5
488	110	43
217	107	1
198	71	1
109	205	1
308	342	11
93	179	1
112	260	1
384	244	26
60	60	1
425	22	36
358	322	17
305	342	11
1	394	1
399	115	26
404	110	26
150	21	4
152	255	1
497	113	44
48	48	1
375	112	24
96	300	2
95	300	2
409	14	33
391	234	32
345	54	11
256	220	2
224	27	3
411	274	39
447	110	37
252	22	2
145	255	1
40	40	1
278	102	2
79	260	1
84	260	1
102	346	5
122	179	1
176	109	1
126	300	1
91	346	7
293	16	7
316	215	12
44	44	1
391	338	29
85	355	5
128	127	1
237	104	1
419	29	36
389	264	29
155	192	1
300	341	10
469	117	42
127	132	2
97	260	1
226	183	3
118	260	1
228	183	3
122	260	1
323	157	22
568	97	45
326	250	11
238	104	1
402	225	34
97	373	4
177	317	1
178	389	2
145	129	1
329	55	10
224	203	3
336	346	21
337	55	11
102	300	2
203	356	1
134	385	5
303	266	20
488	52	41
92	97	1
113	44	3
166	54	1
366	181	32
265	327	1
164	232	1
518	97	41
532	86	42
225	14	21
557	58	51
194	237	3
199	380	1
309	273	16
129	139	3
220	332	1
171	231	2
207	59	1
334	252	13
407	30	38
426	40	37
107	383	7
446	47	31
315	106	7
65	233	2
371	258	25
585	88	49
197	130	3
180	206	3
71	290	1
258	221	2
62	238	1
66	264	1
263	27	1
304	72	7
318	291	15
432	29	41
438	7	40
315	328	11
261	193	5
351	244	18
542	82	45
194	228	2
201	110	1
130	50	2
223	371	2
172	230	2
361	171	35
142	288	1
206	328	2
318	236	14
215	394	5
125	179	1
548	83	47
609	91	52
259	149	4
188	21	2
151	387	4
209	248	3
63	237	1
225	338	1
266	321	3
140	144	1
162	357	1
326	239	17
487	43	39
331	240	18
489	69	43
150	386	4
154	20	3
192	207	3
194	255	2
214	250	3
269	186	7
237	187	3
182	19	1
255	273	3
414	23	35
208	378	1
336	148	26
191	286	4
213	306	2
583	87	49
216	63	1
379	22	25
451	46	33
329	352	15
406	257	31
70	57	3
452	55	32
549	84	47
312	279	18
193	386	2
247	132	3
165	145	1
311	342	11
205	314	3
188	342	2
188	131	2
224	376	2
457	21	45
177	345	2
280	30	2
318	15	11
157	296	1
390	39	38
291	107	3
607	90	52
113	386	6
368	193	33
555	96	45
134	24	4
210	105	1
427	46	42
412	71	31
158	146	1
444	46	31
180	219	3
325	328	11
134	171	4
65	109	1
229	300	1
66	222	1
410	29	36
326	217	15
58	68	1
195	229	2
177	338	2
250	18	8
285	379	6
324	391	22
129	300	2
184	71	1
292	275	11
189	117	3
337	20	19
501	131	46
378	261	29
75	303	1
202	224	2
398	110	25
64	193	1
63	326	1
300	303	12
162	287	4
180	373	1
181	220	2
363	63	18
148	350	1
454	394	37
260	26	1
118	370	5
229	341	1
266	378	2
285	14	6
396	23	34
400	82	21
386	29	37
278	23	3
319	292	15
125	117	2
236	24	2
238	332	1
304	269	18
329	283	20
419	44	41
242	335	1
558	57	52
560	99	46
65	206	1
63	335	1
140	293	1
284	104	3
400	58	23
401	204	35
332	348	16
189	22	3
465	56	34
177	332	2
309	327	11
327	285	19
224	252	3
172	193	2
83	51	3
263	282	12
504	92	39
289	302	14
569	102	47
183	20	1
221	278	2
149	351	1
167	261	1
65	266	1
135	348	1
230	17	21
484	66	41
325	291	17
474	88	35
132	51	3
225	375	2
190	308	3
334	19	17
322	321	20
70	180	2
167	220	1
231	67	1
69	100	1
346	199	27
570	103	47
221	218	2
278	222	2
135	142	1
282	149	17
285	104	3
360	55	14
180	322	3
180	191	2
210	220	2
472	117	41
403	82	22
444	272	39
303	32	9
516	87	40
371	333	27
99	368	6
228	340	1
148	56	1
373	392	23
286	369	19
380	33	34
309	107	7
148	370	3
310	107	7
348	218	19
280	287	4
377	336	26
158	256	1
166	192	2
556	143	40
176	218	2
446	31	44
160	297	1
208	331	1
151	229	1
276	327	2
167	304	1
140	201	1
125	304	1
306	33	10
377	35	35
386	73	19
170	359	1
599	87	51
547	85	48
126	305	1
455	394	37
217	305	2
185	280	1
480	114	43
155	231	2
175	232	2
306	73	8
127	227	1
149	371	2
65	278	1
285	115	15
303	217	10
167	115	2
206	58	1
373	208	40
445	56	31
69	183	1
268	28	2
221	28	5
311	158	23
137	53	3
71	179	2
201	208	3
148	102	1
166	333	1
297	242	11
317	292	16
135	296	1
249	137	3
376	74	17
216	393	5
305	114	11
395	240	33
253	327	5
130	306	1
434	13	37
223	206	3
426	275	44
560	61	52
137	348	1
265	151	7
212	106	1
165	193	2
185	72	1
367	389	22
205	362	2
442	44	34
554	96	45
67	172	1
122	347	2
69	176	1
215	305	2
357	191	30
361	52	18
362	330	23
363	328	22
453	17	44
493	122	46
429	40	39
177	215	4
158	388	4
196	309	2
347	22	17
276	26	3
167	334	1
575	93	47
172	334	1
64	335	1
136	311	2
137	143	1
156	253	1
541	93	42
202	56	1
353	188	27
63	195	1
138	349	1
156	108	2
397	342	32
201	315	2
256	373	1
169	143	1
438	56	30
389	39	38
301	325	10
374	208	41
411	70	30
235	193	8
145	150	2
171	243	2
176	198	4
304	326	10
286	15	6
288	378	9
382	3	33
220	279	2
312	59	11
205	69	1
335	348	17
395	238	34
197	347	1
71	310	2
182	234	2
274	11	4
203	179	3
189	380	1
228	137	3
448	239	47
157	147	1
233	194	8
143	287	1
201	316	1
240	188	4
188	225	2
212	306	2
177	315	2
359	72	16
164	74	1
336	356	22
390	65	25
124	259	1
178	209	4
200	243	3
290	109	10
293	341	10
193	308	2
176	332	2
303	268	20
161	291	1
200	322	2
273	380	2
61	245	1
158	223	1
164	226	2
403	20	31
517	87	40
98	378	6
260	192	5
442	57	31
177	316	2
159	356	1
235	191	9
164	113	2
131	181	1
153	192	1
136	349	1
336	347	19
426	46	42
161	331	1
268	151	8
359	214	20
184	20	2
203	208	3
399	314	31
402	384	38
442	238	43
317	328	11
483	32	38
161	292	1
72	308	2
179	206	3
398	59	21
494	111	44
121	99	1
413	27	35
180	314	2
487	52	40
488	68	42
478	116	43
372	257	25
388	388	33
193	228	2
304	33	9
306	326	10
132	308	1
196	230	3
287	114	16
201	245	3
476	41	37
134	52	3
65	232	2
300	324	10
378	337	26
159	387	4
269	105	3
362	64	19
548	85	48
221	336	1
77	54	5
62	239	1
66	265	1
67	224	1
449	250	46
234	134	3
326	288	18
314	30	11
261	192	5
320	329	11
74	296	1
424	274	44
149	192	1
443	56	31
207	3	17
576	111	50
355	321	17
485	120	45
607	87	52
330	1	15
98	37	5
154	371	2
318	344	11
427	51	42
559	144	52
202	71	1
383	4	32
59	121	1
294	106	4
494	121	46
63	236	1
265	189	7
66	205	1
354	176	35
408	222	36
431	52	43
87	363	7
450	18	43
275	101	1
280	24	3
151	352	1
174	195	3
109	384	6
145	4	4
359	253	24
515	133	50
459	81	31
386	339	27
387	67	23
422	39	38
427	40	38
365	63	18
392	22	32
157	223	1
68	337	5
161	132	1
488	42	39
321	320	19
186	305	4
538	81	44
190	281	1
193	385	3
290	339	10
188	343	2
333	196	26
299	387	12
193	207	3
316	329	11
195	255	2
175	390	3
69	143	1
177	344	2
345	321	16
146	370	3
357	206	31
147	55	1
130	5	5
315	3	13
245	334	1
280	31	2
298	386	12
91	47	3
75	297	1
256	24	1
207	331	1
83	345	8
135	165	6
447	34	44
398	23	33
473	86	36
239	273	3
241	335	1
187	186	2
207	248	3
279	223	2
65	108	1
210	249	3
229	299	1
232	22	3
127	49	3
332	241	19
297	17	7
263	150	6
194	206	3
177	337	1
145	101	2
181	313	2
96	367	6
208	361	1
189	116	2
373	258	26
443	79	28
250	130	3
412	40	39
343	21	16
75	302	1
364	254	24
323	217	14
162	284	4
397	269	32
201	354	1
474	87	36
239	286	14
477	42	37
60	118	1
307	32	10
478	91	35
542	79	45
361	245	18
327	295	19
292	283	6
151	192	1
444	78	28
390	22	31
191	308	2
329	282	20
238	316	1
556	97	45
64	217	1
212	65	1
449	46	32
380	21	26
400	59	21
373	242	23
319	106	7
484	43	38
70	178	1
291	374	16
166	220	1
134	309	1
485	52	40
220	250	2
458	22	45
120	371	5
569	101	47
163	74	1
64	208	1
120	45	3
316	15	11
325	290	17
332	143	28
150	311	1
79	343	8
376	337	27
302	388	13
359	56	14
70	181	1
71	57	4
91	365	7
145	191	1
290	375	14
188	379	1
478	109	42
411	28	35
235	135	3
289	181	11
406	273	37
227	340	1
156	131	1
202	26	4
222	217	2
295	189	14
154	345	1
137	295	1
523	102	43
449	56	32
380	43	35
328	1	14
428	36	39
196	24	6
237	255	2
196	175	6
369	24	20
295	293	14
197	381	1
271	251	2
297	303	12
62	212	1
524	103	43
162	288	4
200	392	1
76	299	2
474	43	36
372	209	40
135	23	4
267	103	1
268	111	21
287	285	5
163	259	1
506	53	45
512	91	40
536	81	42
152	229	1
152	346	1
156	354	1
611	91	52
223	330	1
387	5	32
576	87	47
135	309	1
165	333	1
168	116	2
276	253	3
209	182	6
63	215	1
210	60	1
262	375	1
377	34	33
164	192	2
386	70	20
139	386	5
393	8	35
270	326	1
381	22	26
256	272	3
382	337	27
404	83	22
80	52	5
153	226	1
372	335	27
388	245	26
195	206	3
267	294	14
141	321	1
285	336	10
199	309	2
147	102	2
203	325	2
119	98	1
66	106	1
232	329	1
231	307	1
249	135	3
339	184	27
390	245	26
507	132	48
166	17	3
64	60	1
65	277	1
528	80	42
146	101	2
147	145	1
258	148	4
326	156	22
187	237	2
389	52	41
579	114	51
121	46	4
231	17	21
69	182	1
392	64	22
236	220	2
292	107	3
493	128	47
294	371	18
336	197	26
408	37	39
70	288	2
276	28	2
575	87	46
171	334	1
262	27	1
156	231	1
249	136	3
395	243	27
185	222	2
221	370	2
421	272	42
277	251	2
153	5	3
63	197	1
66	148	2
68	144	2
314	314	16
141	145	2
108	383	7
417	392	36
271	327	1
484	110	43
330	218	15
205	180	3
206	2	12
378	21	25
362	331	24
151	130	1
561	98	45
177	214	3
394	27	34
429	39	38
397	62	21
128	99	1
292	340	10
76	54	5
276	27	3
310	159	23
152	105	1
136	312	2
317	316	16
540	82	45
157	232	1
468	117	41
486	43	39
221	331	1
459	23	46
352	203	29
63	194	1
193	103	2
430	41	39
181	19	1
128	385	6
201	314	3
97	377	6
171	101	1
145	149	2
146	285	1
219	369	2
235	192	9
258	25	1
398	268	32
371	384	30
117	369	5
171	242	2
320	157	22
485	67	42
363	209	36
128	122	3
363	49	20
368	169	37
475	85	38
277	156	9
354	331	23
245	221	2
197	346	1
66	230	1
160	111	2
159	233	1
214	365	1
236	186	3
164	228	2
381	73	20
366	24	20
294	277	11
314	2	14
97	370	6
298	277	13
354	173	35
199	392	1
330	351	14
267	322	2
178	206	3
127	305	2
200	244	4
510	92	39
476	84	39
189	259	1
335	147	27
138	54	3
161	290	2
115	368	5
229	216	2
215	366	1
70	98	1
164	227	2
203	56	1
204	394	1
317	16	11
194	144	2
376	393	24
322	390	21
234	292	5
198	381	1
74	295	1
219	335	1
235	190	7
327	155	22
443	45	31
263	197	7
302	303	13
410	222	37
73	56	5
309	391	15
409	30	38
72	309	2
147	325	1
293	302	12
186	293	6
258	269	4
208	181	5
249	21	3
456	110	43
166	135	1
557	56	52
194	340	1
158	342	1
447	239	47
237	274	3
297	69	7
210	308	2
264	282	11
356	171	35
415	72	32
310	310	14
476	42	37
121	301	1
269	104	1
385	30	36
204	246	3
277	24	3
487	44	39
143	190	1
326	289	18
164	17	4
291	340	10
208	59	1
279	288	4
159	341	1
399	81	21
171	222	1
334	197	26
318	3	12
500	56	45
358	170	35
492	52	42
202	245	3
131	51	3
227	199	6
135	182	1
427	50	42
483	81	42
72	291	1
307	274	16
59	120	1
247	322	1
419	272	41
450	19	44
492	71	43
277	328	2
295	274	14
280	25	3
335	198	26
486	51	40
292	382	12
221	251	2
224	65	2
209	102	1
441	10	40
580	115	51
123	47	3
66	280	1
193	384	3
229	252	1
68	225	1
450	251	46
320	344	11
267	221	7
360	244	18
513	133	49
165	96	2
477	43	37
226	14	21
190	120	2
377	394	25
195	143	2
130	181	1
135	164	6
318	156	22
581	116	51
162	258	1
367	335	27
295	105	4
135	53	2
230	253	1
394	266	31
294	291	11
152	131	1
210	137	2
177	141	2
195	231	3
274	183	7
170	100	2
461	24	46
124	227	1
342	174	32
388	66	24
126	385	6
162	285	4
201	353	1
220	11	25
94	366	7
60	119	1
349	254	17
67	223	1
125	386	6
163	358	1
477	90	35
67	281	1
68	102	1
159	329	1
165	18	4
223	337	1
315	16	10
374	392	23
504	87	40
323	391	21
346	243	18
364	246	20
64	218	1
65	204	1
319	4	12
228	66	2
211	138	3
467	116	41
396	8	36
145	197	1
290	381	10
152	145	1
212	363	1
362	245	18
128	138	3
425	275	44
174	220	2
95	367	6
150	325	1
64	209	1
104	381	6
232	253	2
394	340	31
469	43	34
456	80	29
432	41	38
126	258	1
146	145	1
496	86	38
67	263	1
123	226	1
178	331	1
340	356	22
360	208	34
347	55	11
383	262	29
515	88	40
131	140	2
192	339	1
121	371	5
174	231	2
217	333	1
164	332	1
437	42	35
385	391	29
264	101	1
229	136	3
175	332	1
420	37	38
349	201	28
370	389	22
152	293	1
374	243	23
92	365	7
310	1	15
457	56	34
187	387	2
151	292	1
212	377	1
502	87	39
451	109	38
367	65	19
295	292	13
611	85	52
160	222	1
414	242	32
218	332	1
326	16	12
275	328	1
221	209	3
162	289	3
162	234	1
147	130	1
239	317	1
279	251	2
138	310	1
282	13	6
67	187	1
410	70	29
399	24	36
208	3	20
371	26	23
232	308	1
361	208	34
242	286	14
99	379	7
133	93	3
156	146	1
68	284	1
204	281	2
276	254	3
353	175	35
65	168	1
479	108	42
69	315	1
269	286	4
397	244	27
494	54	42
559	56	52
191	114	2
502	54	45
546	95	43
268	103	1
197	391	1
296	275	14
171	142	1
262	150	5
334	149	25
482	34	37
429	52	43
303	389	14
178	372	1
328	345	14
291	175	10
550	83	47
422	29	36
225	183	3
153	146	1
137	131	1
66	107	1
243	221	2
68	283	1
231	306	1
263	376	1
320	56	10
364	209	37
368	335	27
295	171	15
462	55	34
198	391	1
183	235	2
400	31	36
66	320	2
303	72	6
450	35	45
145	154	10
537	86	45
370	257	24
188	280	1
264	376	1
84	345	8
319	328	11
505	132	47
179	71	1
362	208	35
276	29	2
244	220	2
279	32	2
155	254	1
90	364	6
395	242	27
491	70	43
313	16	10
187	116	2
66	149	1
68	145	2
158	232	1
231	184	3
391	6	33
400	22	31
331	219	16
282	102	3
145	147	1
273	102	1
329	1	14
478	41	37
153	294	1
429	38	38
127	258	1
384	30	36
540	83	44
156	255	1
232	184	3
175	248	2
161	279	1
479	91	35
192	112	2
193	102	2
563	99	45
163	337	1
201	313	3
202	393	1
77	342	9
375	38	38
409	241	32
264	151	6
193	23	8
145	148	2
218	9	24
364	24	19
168	136	1
97	38	5
260	278	5
171	245	1
390	76	19
156	327	1
266	118	6
159	257	1
356	191	29
446	57	31
187	21	2
226	200	6
268	293	14
491	52	42
353	203	30
66	231	1
449	21	46
597	86	50
164	229	2
203	2	11
97	369	7
230	183	3
497	111	45
426	37	37
178	207	4
289	379	9
200	245	3
288	371	19
275	261	4
330	18	16
64	234	2
335	146	27
395	25	35
409	20	33
269	117	11
365	193	32
437	25	41
68	142	1
161	111	2
70	99	1
324	16	11
129	6	5
568	100	47
336	19	19
234	293	4
307	105	6
506	88	40
535	92	43
443	44	33
85	361	6
177	248	2
69	58	3
198	141	3
268	324	2
267	378	2
269	29	2
289	380	9
168	261	1
395	340	31
243	190	3
441	246	42
191	381	2
269	110	21
513	90	40
201	323	1
455	56	33
394	338	31
277	30	2
133	308	1
191	55	1
159	222	1
235	25	3
273	260	4
313	157	22
517	94	41
561	60	52
567	98	46
220	335	1
239	221	2
242	220	2
268	323	2
396	341	31
399	269	32
149	310	1
166	358	1
277	182	8
458	81	30
585	93	49
308	390	14
148	325	1
366	67	18
206	247	3
405	82	22
326	294	18
308	309	14
346	55	11
438	26	42
296	341	10
431	41	38
535	82	42
298	69	6
117	143	1
571	108	47
229	16	22
448	47	32
268	378	2
324	292	17
60	244	1
207	327	2
559	146	52
72	292	1
181	206	3
342	320	14
165	260	1
362	73	16
494	127	46
276	182	8
64	110	1
374	335	27
327	240	17
518	86	40
213	249	3
241	189	5
280	26	3
336	322	13
64	268	1
191	283	2
485	111	43
486	119	45
198	246	2
217	367	1
136	142	1
524	79	40
144	190	1
199	141	3
166	94	1
443	273	46
82	51	4
263	10	3
600	87	51
88	363	7
431	78	25
435	11	37
102	380	6
543	83	45
195	308	2
404	19	32
190	121	2
66	59	1
193	382	1
179	191	2
163	89	1
473	43	35
486	110	43
387	74	19
480	51	39
389	338	28
427	35	40
575	110	49
66	170	1
212	61	1
347	200	28
185	21	2
331	18	16
169	262	1
134	174	3
498	116	44
539	92	42
66	221	1
489	52	41
539	81	45
478	86	37
281	288	4
177	343	2
360	252	23
307	74	8
199	349	1
86	49	3
305	32	9
235	291	6
164	336	1
310	275	16
173	105	1
393	339	31
437	79	27
368	389	22
166	72	1
243	272	3
337	352	20
139	54	2
145	195	2
170	221	1
425	83	25
460	55	34
390	389	32
391	265	30
285	369	19
68	103	1
350	23	18
64	273	1
268	286	5
218	368	2
365	255	24
166	389	3
66	188	1
508	92	39
400	61	21
384	263	29
348	200	28
145	196	2
237	342	2
312	158	23
401	82	21
152	327	2
405	224	35
209	362	1
248	134	3
230	298	2
301	388	13
543	78	45
361	252	23
199	339	1
436	7	37
154	230	1
194	113	2
70	338	7
381	338	26
165	336	1
149	348	1
373	72	17
180	326	2
163	221	1
398	238	34
474	39	37
516	130	50
243	286	14
207	209	3
278	181	8
163	279	1
310	15	9
294	341	10
593	116	50
319	343	11
67	262	1
340	357	22
362	253	23
162	14	3
295	302	12
88	48	4
415	26	36
505	88	40
128	49	3
293	276	11
115	387	6
206	181	4
63	163	1
246	284	14
290	285	6
257	25	1
62	162	1
393	28	34
213	62	1
360	73	16
393	267	31
435	108	34
295	342	10
559	60	52
305	390	14
358	206	31
397	24	33
326	390	23
273	10	3
309	342	11
186	387	2
557	144	49
193	339	1
124	347	2
180	18	1
201	179	3
386	263	29
556	59	51
207	310	2
537	80	43
311	276	16
420	45	41
134	141	2
281	148	16
442	30	43
67	186	1
183	261	2
387	246	26
232	309	1
302	263	22
503	87	40
199	318	2
219	209	3
62	114	1
318	216	12
125	348	2
203	136	2
441	56	31
207	319	2
228	301	1
280	250	2
353	174	36
69	314	1
379	260	29
407	258	32
230	327	1
398	313	30
256	274	3
133	52	3
138	385	5
123	136	2
394	23	34
480	117	42
412	28	35
89	364	6
128	6	5
62	196	1
232	218	2
159	252	1
186	186	2
386	392	28
425	40	38
408	240	32
300	70	6
66	321	1
68	58	2
145	153	4
93	46	4
116	369	5
176	203	4
287	146	20
181	374	1
257	270	4
204	70	1
360	391	21
161	234	1
162	133	1
163	17	3
129	385	6
162	331	1
236	275	3
201	311	2
129	50	2
499	54	44
123	348	2
506	133	48
145	146	1
362	329	22
389	76	19
265	118	6
178	218	3
429	37	39
197	25	5
142	321	1
582	117	52
454	55	33
422	12	35
206	361	1
229	67	1
139	144	1
160	251	1
305	104	6
390	229	35
316	35	13
192	113	2
286	336	10
201	312	3
166	144	1
348	185	24
352	188	27
574	109	48
144	3	4
418	43	40
128	306	2
201	393	1
202	281	2
366	390	22
497	117	44
171	244	2
373	336	27
178	213	3
414	71	31
384	22	27
368	171	36
226	201	4
335	148	26
234	25	3
402	83	21
60	64	1
459	14	43
153	21	3
388	2	33
449	20	45
69	286	2
164	230	2
483	42	38
97	368	7
205	281	2
332	218	16
62	328	1
156	296	1
522	102	42
375	259	27
69	175	1
235	187	3
418	34	37
497	110	45
122	46	3
429	23	38
272	222	5
238	274	3
275	260	4
476	86	36
64	235	1
136	296	1
281	32	3
395	24	34
500	92	38
584	92	48
274	1	8
437	24	41
498	86	39
246	333	1
211	221	2
389	389	32
452	110	38
260	374	1
207	137	3
173	361	1
374	33	34
85	50	3
266	291	14
90	47	4
507	93	39
567	100	47
220	369	2
368	74	16
336	350	18
263	199	7
176	247	2
268	325	2
252	271	3
410	220	38
462	82	32
259	26	1
215	63	1
71	289	2
456	1	44
348	23	17
213	5	20
250	324	2
142	3	4
324	24	13
388	391	29
337	147	27
463	56	34
157	19	3
414	41	39
453	242	49
368	65	20
299	302	12
376	1	35
194	24	8
451	36	45
504	54	45
207	377	1
65	336	2
216	367	1
366	64	19
168	71	1
67	229	1
163	332	1
169	232	1
63	113	1
67	319	2
266	152	8
411	39	39
328	284	19
356	206	31
170	137	1
191	285	3
177	233	2
160	340	1
206	332	1
317	343	11
483	83	41
548	95	43
385	21	27
205	247	3
538	85	44
64	111	1
65	151	1
194	309	2
288	178	10
168	221	1
205	317	1
78	53	5
101	380	6
125	102	1
414	27	35
114	386	6
367	25	20
280	27	3
316	316	16
154	131	1
120	346	3
191	282	2
161	339	1
132	180	1
150	191	1
387	68	21
480	61	38
488	45	41
183	189	2
274	101	1
406	83	22
62	156	1
464	54	35
160	388	4
73	307	2
310	32	10
173	333	1
158	329	2
270	263	3
436	43	36
221	65	1
495	93	37
194	101	2
158	7	3
303	325	10
287	106	3
75	298	2
293	383	12
318	329	11
427	34	39
319	16	11
447	47	32
72	339	8
271	264	2
350	243	18
477	46	38
134	175	2
487	85	38
143	322	1
165	134	1
241	221	2
123	260	1
177	342	2
143	4	4
480	92	35
465	83	33
175	194	3
124	304	1
270	185	7
364	249	22
203	246	3
296	105	4
223	251	2
369	194	34
227	252	2
173	104	1
372	73	17
377	2	34
322	216	13
392	7	34
179	321	2
144	370	4
206	208	3
134	166	6
539	84	44
304	104	5
145	194	2
275	12	4
260	149	4
374	31	31
160	257	1
214	3	20
577	112	50
79	53	5
461	15	44
155	6	3
264	319	3
139	320	2
268	287	5
273	183	7
222	210	3
171	390	3
388	75	19
228	253	2
355	56	14
66	189	1
196	390	1
159	18	3
343	337	24
449	35	45
350	253	17
337	344	24
264	200	7
70	177	1
73	294	1
308	273	16
289	177	10
552	95	44
201	55	1
473	117	41
425	273	44
195	100	3
196	382	1
182	313	2
150	347	1
479	115	43
65	219	1
155	345	1
174	333	1
391	39	38
72	179	1
92	46	3
220	27	5
119	370	5
338	353	20
268	116	10
489	46	41
153	327	2
426	82	25
162	15	4
218	208	3
128	131	1
400	270	34
168	335	1
169	71	1
293	221	11
576	92	48
118	98	1
155	20	3
390	7	34
140	320	1
344	219	18
325	391	22
490	70	43
65	220	1
283	328	2
581	86	49
217	9	23
253	272	3
509	91	39
383	43	35
166	114	2
302	71	6
269	379	2
272	118	13
210	363	1
411	22	34
177	370	1
178	320	1
219	219	2
294	220	12
295	294	15
170	70	1
577	91	47
251	17	8
491	85	38
222	370	2
374	258	26
87	49	4
214	333	1
307	327	10
413	40	39
96	39	5
167	388	3
267	152	8
450	47	32
146	129	1
267	290	13
485	44	39
272	252	2
273	2	7
296	189	14
223	183	3
476	116	41
62	115	1
249	131	3
174	247	1
158	109	1
161	258	1
162	112	2
147	284	1
219	65	1
368	330	24
186	378	1
398	81	21
373	34	38
375	393	23
68	173	1
158	252	1
217	27	4
182	189	2
308	326	10
430	27	40
438	43	34
189	197	2
299	70	6
138	319	2
487	111	43
309	310	14
402	270	34
294	383	12
544	93	42
188	259	1
153	346	1
244	285	14
333	144	28
423	274	43
157	354	1
273	251	2
389	234	30
159	110	2
179	314	1
270	103	1
434	14	37
132	140	2
223	205	3
351	24	19
65	167	1
264	28	1
84	50	3
157	132	1
377	40	36
410	39	39
489	121	45
528	83	42
188	208	3
425	47	42
67	171	1
547	94	43
546	84	47
479	56	38
145	152	2
291	284	6
475	43	37
176	204	4
361	192	31
185	293	7
61	117	1
100	379	7
190	54	1
395	244	26
197	341	1
401	269	35
59	67	1
369	334	27
545	84	45
144	323	1
371	66	21
298	302	12
393	63	21
414	50	42
608	87	52
77	300	1
497	115	44
557	98	46
192	281	2
85	348	8
439	79	27
395	237	34
313	31	11
131	96	2
186	279	1
264	10	3
254	272	3
327	17	13
553	95	45
294	273	14
171	102	1
66	336	3
157	7	3
435	80	27
74	304	1
244	189	3
493	111	44
286	115	15
344	22	16
475	86	36
225	216	2
372	25	22
172	142	1
126	8	5
199	178	3
496	112	45
60	65	1
69	285	1
164	231	1
364	335	27
259	374	1
169	335	1
297	386	12
62	329	1
172	103	1
447	250	45
431	28	40
234	312	1
439	44	33
429	22	39
267	327	2
502	131	46
106	382	7
288	373	18
235	331	1
507	52	45
182	374	1
271	185	7
81	52	4
354	321	17
246	132	3
67	105	1
213	394	6
230	66	1
303	264	21
306	105	6
383	21	26
61	241	1
246	322	1
174	389	3
289	16	6
540	93	42
189	226	2
65	60	1
86	362	6
505	53	45
436	80	27
128	257	1
165	73	1
203	394	1
238	220	2
336	351	20
338	184	27
263	198	7
176	232	2
266	102	1
268	326	2
362	50	19
416	12	33
219	10	25
542	93	42
189	281	1
324	327	11
164	134	1
150	282	2
138	143	1
213	4	20
413	23	35
532	83	42
261	195	7
281	330	4
165	114	2
166	277	1
170	143	1
81	344	8
172	228	2
335	253	14
582	86	50
158	19	3
412	22	35
235	313	1
224	182	3
297	219	12
479	40	37
193	282	2
179	219	3
325	344	12
276	380	3
278	157	10
446	249	43
67	228	1
457	110	43
402	204	32
477	115	43
170	231	1
190	226	2
63	112	1
206	100	1
67	318	2
74	340	9
110	384	6
271	103	1
295	278	10
244	334	1
191	284	3
319	156	22
359	192	31
365	25	20
167	359	1
245	190	3
63	155	1
301	71	6
319	237	14
447	56	31
125	259	1
142	99	2
200	379	1
186	306	3
307	160	23
65	150	1
210	3	21
366	72	16
484	51	39
124	10	6
288	179	10
184	260	2
240	220	2
205	316	2
188	340	2
153	353	1
213	332	1
177	347	1
450	110	38
125	101	1
142	189	1
398	9	36
454	243	49
470	85	35
204	1	11
280	28	3
82	344	8
409	69	29
544	83	45
139	348	1
490	120	45
149	326	1
503	132	47
456	55	34
538	93	42
297	342	10
464	55	34
66	279	1
73	306	2
294	303	12
188	339	2
262	196	7
284	369	20
304	389	14
409	221	37
325	17	11
471	86	35
271	117	12
274	260	4
189	119	2
140	349	1
175	196	4
379	34	34
257	373	1
167	277	1
226	252	3
280	146	17
372	67	21
174	313	2
69	338	6
395	60	22
501	54	45
239	285	14
403	204	31
420	12	35
261	150	5
134	172	3
610	86	52
122	300	1
450	241	48
144	198	1
236	340	1
185	388	2
224	372	2
464	116	40
262	191	4
195	232	3
177	341	2
379	74	19
200	178	3
75	341	9
199	351	1
170	99	2
439	6	40
68	316	1
342	173	31
419	42	40
130	139	3
373	68	20
558	59	51
286	286	5
162	280	1
203	70	1
239	282	7
348	243	18
170	389	3
423	46	42
481	35	37
303	163	22
327	217	15
440	78	27
386	22	28
67	282	1
266	189	7
433	17	38
131	131	1
206	318	2
171	360	1
376	37	37
410	259	36
196	205	3
161	357	1
569	96	45
261	375	1
444	57	31
479	117	41
191	385	3
162	220	1
73	340	9
325	293	18
278	12	4
349	244	18
423	39	38
264	201	8
442	3	40
73	293	1
407	222	36
125	9	6
111	385	6
312	15	10
64	165	1
434	107	34
514	132	50
533	83	42
204	180	3
205	2	10
63	164	1
139	201	1
483	119	44
452	16	43
202	110	1
442	10	40
428	41	38
266	220	7
233	135	3
487	67	42
453	394	37
256	271	4
70	312	1
366	329	24
495	112	44
172	360	1
178	140	2
288	15	6
305	73	7
130	299	2
185	377	1
441	44	33
455	109	42
155	132	1
319	55	10
68	184	1
580	89	48
203	109	1
399	239	34
455	2	43
487	120	45
163	286	4
453	56	32
75	55	5
369	387	23
497	86	39
152	226	2
261	27	1
525	84	41
176	216	3
160	279	1
380	261	29
508	133	48
367	66	19
277	379	3
63	272	1
157	256	1
200	317	1
202	1	11
312	343	11
510	133	48
192	23	7
488	120	45
141	98	2
159	8	3
311	278	18
61	331	1
172	389	3
337	322	13
547	83	47
296	303	12
225	66	2
369	388	22
334	145	28
478	59	38
192	309	2
360	193	31
146	324	1
272	253	3
221	182	3
308	33	10
401	385	37
550	95	44
196	340	1
184	222	2
222	207	3
297	276	13
189	339	2
388	40	37
63	211	1
228	303	1
68	174	1
377	38	35
180	138	2
152	310	1
72	56	4
496	126	45
386	245	26
153	230	1
151	311	1
426	76	27
482	33	37
145	55	1
397	8	36
220	218	2
131	228	1
166	335	1
415	243	33
272	259	4
128	24	5
240	317	1
434	15	37
222	182	3
223	204	3
243	335	1
63	216	1
452	242	49
265	292	15
479	86	39
558	61	50
558	97	46
236	278	4
606	88	52
76	341	9
362	332	25
381	43	35
389	65	25
214	62	1
162	16	3
310	343	11
132	229	1
242	271	3
61	116	1
64	152	1
422	11	35
306	390	14
543	94	42
220	64	1
59	66	1
65	191	1
279	146	16
407	274	38
127	100	1
393	62	24
67	147	2
450	57	32
472	86	36
271	5	5
165	93	1
497	114	44
558	145	52
337	198	26
283	14	6
85	347	9
394	7	35
482	51	38
196	143	2
70	287	2
500	55	45
238	187	3
274	327	1
208	309	2
64	324	1
381	262	29
185	235	2
388	5	32
156	105	1
301	303	13
145	323	1
163	233	1
517	96	41
477	110	42
521	101	42
371	74	16
176	108	1
74	305	1
291	246	6
327	346	15
421	44	41
171	246	1
318	107	7
503	53	45
160	330	1
362	193	31
366	194	32
476	89	35
500	87	39
65	323	1
192	384	3
541	81	45
268	288	10
584	87	49
164	145	1
456	21	45
205	209	3
259	191	4
350	186	27
393	40	41
266	294	15
177	318	1
235	189	5
506	92	39
330	347	14
331	347	14
336	345	23
151	347	1
265	102	1
288	374	17
289	376	12
206	377	1
245	285	14
67	104	1
303	267	20
395	26	35
126	48	3
93	366	7
165	278	1
296	16	7
61	240	1
265	320	3
448	251	46
162	338	1
364	327	22
365	335	26
224	338	1
170	335	1
387	264	29
154	5	3
345	360	23
129	180	1
492	86	38
211	61	1
526	83	41
196	228	2
362	51	19
202	207	3
203	282	2
233	294	3
585	89	48
117	97	1
231	217	2
130	386	6
460	23	46
152	352	1
261	194	6
281	329	2
124	100	1
535	86	44
224	216	2
244	320	1
172	229	3
204	99	1
155	353	1
190	385	3
524	84	41
395	8	35
222	331	1
131	95	2
123	386	6
451	241	48
163	133	1
460	14	43
477	114	42
389	6	33
284	380	6
192	381	1
360	324	19
448	34	44
416	27	36
205	100	1
225	251	3
515	131	50
63	154	2
178	70	1
254	126	3
74	55	5
168	389	3
132	94	2
155	279	1
247	133	3
124	11	5
288	180	10
180	277	1
218	64	1
188	341	2
482	118	43
300	17	7
177	346	2
201	25	3
166	260	1
495	86	38
280	29	2
448	57	32
178	315	2
397	80	21
382	43	35
293	372	17
402	29	37
484	84	41
179	373	1
549	94	43
276	259	4
347	244	18
610	92	52
609	86	52
435	12	37
278	31	2
368	25	20
478	82	39
177	339	2
200	140	3
292	175	10
204	57	1
167	135	1
189	118	3
354	55	14
121	347	3
178	233	2
160	356	1
162	88	1
163	90	1
199	246	2
94	45	4
402	20	31
280	147	16
64	192	1
63	327	1
66	169	1
427	36	39
148	349	1
134	173	3
103	381	6
69	226	1
236	341	1
399	59	22
187	379	1
358	192	31
177	340	2
378	73	19
125	118	3
198	340	1
199	350	1
312	2	14
296	220	12
154	294	1
279	13	5
176	140	2
68	317	1
380	337	25
258	373	1
133	141	2
65	207	1
178	115	1
288	106	3
326	187	22
182	220	2
328	17	14
452	35	45
452	37	45
78	342	9
391	64	24
428	52	43
272	3	7
477	86	36
154	107	1
155	107	2
157	387	4
124	135	4
433	16	38
222	65	2
480	85	41
209	60	1
64	276	1
216	26	4
570	95	46
185	187	2
222	208	3
388	53	41
424	39	38
65	267	1
67	59	2
145	371	4
147	371	3
347	219	19
187	207	3
187	280	1
443	239	43
393	23	33
124	47	3
269	327	1
286	145	20
236	254	2
236	331	1
237	339	1
291	381	11
60	332	1
69	101	1
196	166	14
181	278	1
270	286	3
395	267	31
420	273	41
152	4	3
64	166	1
301	18	7
122	100	1
416	393	37
163	113	2
365	245	20
424	46	42
405	20	32
360	54	15
214	305	2
343	360	22
96	43	5
95	45	3
499	86	39
337	343	24
445	46	31
237	332	1
399	22	32
186	20	2
191	208	3
211	4	21
70	313	1
490	53	41
311	33	11
315	34	12
300	387	12
175	219	2
505	93	39
344	360	22
534	91	43
205	58	1
62	214	1
173	390	3
282	328	2
302	218	10
68	185	1
105	382	7
233	254	2
343	172	31
484	119	44
370	385	25
169	359	1
404	272	34
338	342	24
428	33	39
159	147	1
369	386	23
425	75	29
140	55	2
160	296	1
179	116	1
195	282	2
395	313	21
387	3	32
461	56	34
71	339	8
534	82	42
223	217	2
243	320	1
192	104	2
156	6	3
211	363	1
391	23	32
332	186	22
61	330	1
445	32	44
428	24	38
234	219	2
235	219	2
128	228	1
327	188	22
329	18	16
364	48	21
536	86	44
213	378	1
340	185	24
361	212	24
159	297	1
143	99	2
272	254	3
151	227	1
317	215	12
160	233	1
161	221	1
179	234	2
534	85	43
63	210	1
216	304	2
452	14	43
314	107	7
67	337	4
357	322	17
272	102	1
608	91	52
167	193	2
296	279	10
289	339	10
164	278	1
238	373	1
249	138	3
323	25	13
197	165	14
391	244	26
395	241	29
168	96	2
80	343	8
151	105	1
155	295	1
156	20	3
191	22	5
211	377	1
376	259	27
126	100	1
396	80	20
605	89	51
606	89	52
187	224	2
208	102	1
361	53	16
362	333	27
146	292	1
291	286	7
239	188	3
453	18	44
242	189	4
120	300	1
209	332	1
232	294	2
214	394	6
196	129	3
551	84	46
276	25	3
64	153	1
136	310	1
122	387	6
233	329	1
231	295	2
271	221	5
272	379	2
204	208	3
349	184	25
365	210	38
65	190	1
441	79	27
233	218	2
89	48	4
169	136	1
350	201	28
209	308	2
228	16	22
521	99	42
67	146	2
363	334	27
145	151	2
271	4	7
165	92	1
222	391	3
481	118	42
571	95	46
85	346	9
288	377	10
126	180	1
307	391	14
274	251	2
311	2	14
168	276	1
335	349	17
64	325	1
395	239	35
71	311	1
328	218	15
509	133	48
494	92	37
439	254	42
442	78	28
559	98	46
156	106	1
223	66	2
521	100	42
192	227	2
210	181	7
363	327	21
572	94	46
333	185	22
375	73	17
178	208	4
486	84	40
200	242	3
164	259	1
275	183	7
290	108	3
278	287	4
209	4	21
65	322	1
541	80	45
268	289	13
146	56	1
309	33	10
120	99	1
190	380	1
157	109	1
430	53	43
435	42	37
164	225	1
314	15	10
280	328	2
249	324	2
357	171	35
235	188	4
112	385	6
296	243	11
426	33	39
191	227	2
196	254	2
125	48	3
288	375	14
165	388	3
311	16	9
501	87	39
161	293	1
257	220	2
427	83	25
138	130	1
446	1	40
445	2	40
444	2	40
443	3	40
134	3	4
133	4	5
135	3	4
136	3	4
132	4	5
131	5	5
323	4	13
323	5	13
214	6	20
215	7	20
271	6	3
271	7	3
271	8	3
270	9	3
271	9	3
324	6	13
127	7	5
160	8	3
161	9	3
216	8	21
426	8	36
427	8	36
433	8	36
435	8	36
434	9	36
434	10	36
439	8	40
440	9	40
424	9	35
425	9	36
432	9	36
431	10	36
430	11	36
162	10	3
162	11	2
261	10	3
262	10	3
266	10	3
267	10	3
221	11	25
222	11	25
259	11	3
260	11	3
443	11	40
223	12	24
276	12	4
277	12	4
307	12	9
307	13	9
307	14	9
307	15	9
308	15	9
418	12	34
417	13	33
429	12	36
429	13	36
430	14	36
444	12	40
446	12	40
445	13	40
455	12	43
456	12	43
256	13	3
257	13	3
411	13	33
412	13	33
421	13	35
422	13	35
447	13	41
448	13	41
449	14	42
453	13	43
454	13	43
423	14	35
428	14	36
450	14	42
451	15	43
450	16	43
253	15	5
254	15	4
424	15	35
423	16	35
425	15	36
426	15	37
431	15	36
407	16	32
407	17	32
432	16	37
161	17	3
160	18	3
232	18	21
232	19	20
407	18	32
406	19	32
407	19	32
421	18	35
420	19	35
422	19	35
332	19	17
333	19	17
454	19	45
455	20	45
232	20	15
330	20	16
331	20	17
408	20	32
419	20	35
418	21	36
124	21	4
124	22	3
125	24	3
126	24	4
328	21	15
329	21	16
144	22	3
145	22	3
246	22	2
247	22	2
417	22	36
416	23	36
436	22	42
436	23	41
124	23	3
124	24	3
123	25	3
138	23	3
139	23	3
232	23	3
232	24	4
232	25	4
233	25	4
242	23	2
243	23	2
237	24	2
238	24	2
415	24	36
415	25	36
122	25	3
121	26	4
370	25	21
120	26	4
119	27	4
209	26	4
210	26	4
230	26	3
231	26	3
231	27	3
118	27	4
117	28	4
226	27	3
227	27	2
439	27	42
440	28	43
116	28	4
115	29	5
231	28	2
231	29	2
317	28	12
318	28	12
371	28	28
372	29	29
403	28	37
404	28	36
405	28	36
417	28	36
114	29	5
113	30	5
316	29	12
406	29	37
441	29	43
112	30	5
111	31	5
315	30	11
401	30	37
423	30	37
110	31	5
109	32	6
424	31	37
108	32	6
107	33	5
313	32	11
314	33	11
375	32	32
418	32	36
418	33	36
425	32	38
106	33	5
105	34	5
376	33	32
446	33	44
104	34	5
103	35	4
102	35	4
101	36	4
408	35	39
408	36	39
419	35	37
420	36	38
100	36	4
99	37	5
376	36	36
480	36	37
480	37	37
479	38	37
392	40	38
386	41	36
387	41	37
416	41	39
417	42	39
96	44	4
97	44	4
98	44	4
99	44	3
422	45	41
478	47	38
477	48	39
425	48	42
426	49	42
478	49	39
479	50	39
483	52	38
493	53	42
164	54	1
165	54	1
141	55	2
142	55	2
149	55	1
150	55	1
399	56	26
399	57	25
468	56	35
469	56	35
361	57	14
361	58	14
475	57	37
476	57	37
478	57	38
362	59	15
362	60	16
397	59	21
398	61	21
399	61	21
311	60	12
401	60	21
401	61	21
479	60	38
61	61	1
62	61	1
61	62	1
63	61	1
61	63	1
308	61	13
309	61	13
363	61	16
394	61	22
394	63	21
395	63	21
364	62	17
402	62	22
403	63	23
214	64	1
213	65	1
369	65	21
370	65	21
211	66	1
210	67	1
209	67	1
208	68	1
291	67	9
292	67	9
293	67	9
294	67	9
295	67	9
296	68	8
207	68	1
206	69	1
317	68	10
316	69	10
58	69	1
58	70	1
58	71	1
318	69	10
319	69	10
386	69	21
172	70	1
171	71	1
173	70	1
174	70	1
175	70	1
346	70	15
347	70	15
314	71	10
313	72	9
386	71	19
386	72	19
384	73	18
385	73	19
58	72	1
59	73	1
167	72	1
312	72	9
311	73	9
310	73	9
309	74	9
364	73	16
363	74	16
365	73	16
367	73	16
382	73	19
383	73	18
420	73	34
421	73	34
59	74	1
60	75	1
369	74	16
370	74	16
422	74	33
423	74	31
424	75	30
162	75	1
160	76	1
161	76	1
60	76	1
61	77	1
159	77	1
391	77	20
392	77	20
429	77	25
430	77	25
61	78	1
62	79	1
158	78	1
393	78	20
394	78	20
395	79	20
446	78	28
445	79	28
157	79	2
157	82	2
450	79	29
451	79	29
525	79	40
526	79	41
62	80	1
63	81	1
155	80	2
156	80	2
156	81	2
431	80	25
432	80	25
429	81	25
430	81	25
481	81	40
480	82	40
529	81	42
63	82	1
64	83	1
414	82	24
415	82	24
529	82	42
530	82	42
150	83	1
151	83	1
158	83	1
422	83	25
423	83	25
477	83	39
531	83	42
531	84	42
532	85	42
533	85	42
64	84	1
65	85	1
148	84	2
149	84	1
159	84	1
522	84	40
523	84	41
147	85	2
160	85	1
519	85	40
520	85	40
521	85	40
65	86	1
66	87	1
145	86	2
146	86	2
161	86	1
162	87	1
532	87	42
532	88	42
532	89	42
577	87	48
578	87	49
580	87	49
579	88	49
601	87	51
602	87	51
603	87	51
604	88	51
66	88	1
67	89	1
586	88	48
587	88	48
588	89	48
67	90	1
68	91	1
138	90	2
139	90	2
583	90	48
584	90	48
584	91	48
136	91	3
137	91	2
487	91	36
488	91	36
68	92	1
69	93	1
135	92	3
536	92	43
537	92	43
134	93	3
69	94	1
70	95	1
545	94	42
165	95	2
166	96	2
167	96	2
169	98	2
70	96	1
71	97	1
131	97	2
132	97	2
133	97	2
134	97	1
169	97	2
519	97	42
520	98	42
130	98	1
129	99	1
197	99	2
196	100	2
198	99	2
199	99	1
144	100	2
207	101	1
250	102	1
251	102	1
252	102	1
253	102	1
125	103	1
149	103	1
210	103	1
210	104	1
244	103	1
245	103	1
246	103	1
283	103	3
239	104	1
240	104	1
298	104	4
297	105	4
299	104	4
300	104	5
301	104	5
302	104	5
501	104	46
501	105	46
500	106	46
499	107	46
499	108	46
498	109	46
571	104	47
233	105	1
234	105	1
235	105	1
286	105	3
572	105	47
573	105	47
174	106	1
175	107	1
210	106	1
209	107	1
226	106	1
227	106	1
308	106	7
316	106	7
317	106	7
574	106	47
573	107	48
572	108	48
208	107	1
207	108	1
289	107	3
320	107	7
321	107	7
587	107	50
587	108	50
206	108	1
204	109	1
205	109	1
269	108	19
269	109	21
325	108	9
326	108	9
415	109	29
416	109	30
290	110	14
290	111	16
400	110	25
399	111	25
483	110	43
483	111	43
200	111	1
199	112	1
379	111	24
380	111	24
458	111	41
477	111	42
477	112	43
477	113	42
371	112	24
372	112	24
373	112	24
374	112	24
459	112	40
482	112	43
289	113	17
288	114	17
291	113	18
292	113	18
306	113	9
307	113	8
460	113	40
176	114	1
175	115	1
185	115	2
186	115	2
190	115	2
302	115	19
301	116	20
462	115	40
463	115	40
169	116	1
170	116	1
172	116	1
173	116	1
171	117	1
284	116	15
283	117	15
299	116	20
300	116	20
465	116	40
466	116	40
474	116	41
475	116	41
278	117	17
277	118	17
275	118	18
276	118	17
126	119	3
126	120	3
127	121	3
264	119	6
262	120	5
263	120	6
495	119	44
494	120	45
261	121	4
58	122	1
59	123	1
191	122	2
260	122	3
258	123	3
259	123	3
128	123	2
192	123	2
193	124	2
194	125	2
59	124	1
60	125	1
257	124	3
256	125	3
495	125	46
495	126	46
60	126	1
61	127	1
194	126	3
192	127	3
193	127	3
194	127	3
191	128	2
255	126	3
253	127	3
252	128	3
497	127	45
61	128	1
62	129	1
195	128	3
498	128	45
128	129	1
128	130	1
129	131	1
130	131	1
141	129	1
142	129	1
190	129	2
189	130	2
251	129	3
498	129	46
499	129	46
497	130	46
496	131	46
62	130	1
63	131	1
500	130	46
198	131	3
63	132	1
64	133	1
187	132	2
186	133	2
199	132	2
200	133	2
241	133	3
242	133	3
243	133	3
512	133	49
511	134	49
64	134	1
65	135	1
201	134	2
237	134	3
238	134	3
239	134	3
184	135	2
183	136	2
202	135	2
231	135	3
230	136	3
232	136	3
65	136	1
66	137	1
182	136	2
181	137	2
205	136	2
204	137	2
123	137	1
124	137	1
125	137	1
126	137	1
171	137	1
172	138	1
206	137	2
216	137	3
217	137	3
66	138	1
67	139	1
122	138	1
203	138	2
121	139	1
173	139	1
202	139	3
201	140	3
250	139	3
250	140	3
251	141	3
67	140	1
68	141	1
120	140	1
173	140	2
173	141	3
175	141	2
174	142	3
180	140	2
181	140	2
119	141	1
183	141	2
184	141	3
118	142	1
186	142	3
187	142	2
197	142	2
252	142	3
70	143	1
71	143	1
189	143	2
190	143	2
253	143	3
167	144	1
168	144	1
192	144	2
193	144	2
254	144	3
255	145	3
255	146	3
254	147	3
253	148	3
283	144	18
281	145	17
282	145	18
149	145	1
148	146	1
150	145	1
151	145	1
284	145	17
339	145	30
338	146	29
162	146	1
163	146	1
278	147	12
277	148	10
276	149	9
275	150	8
274	151	8
274	153	8
332	152	24
331	153	24
330	153	22
329	154	22
275	154	8
276	155	8
328	155	22
316	156	22
317	156	22
62	157	1
62	158	1
62	159	1
314	157	22
315	157	22
324	157	22
325	157	22
136	159	8
135	160	8
135	161	8
135	162	7
62	160	1
62	161	1
308	160	23
309	160	23
201	161	15
199	162	15
200	162	15
198	163	15
197	164	14
305	162	23
304	163	23
134	167	5
134	168	5
134	169	5
196	167	13
196	168	13
196	169	13
346	170	30
347	170	30
359	170	35
360	170	35
295	172	15
294	173	14
355	172	35
134	176	2
134	177	1
196	176	3
196	177	3
197	177	3
198	178	3
290	176	10
195	178	3
134	179	1
134	180	1
134	181	1
194	179	3
283	179	9
282	180	9
285	179	9
286	179	10
193	180	3
354	180	31
355	180	31
359	180	30
360	180	30
192	181	3
279	181	8
280	181	8
353	181	28
191	182	3
289	182	11
289	183	12
290	184	12
352	182	27
136	183	1
190	183	3
189	184	2
351	183	26
137	184	1
350	184	26
350	185	26
138	185	1
233	185	3
234	186	3
291	185	12
334	185	22
335	185	22
139	186	1
292	186	13
293	187	13
140	187	1
331	187	22
331	188	22
331	189	22
141	188	1
354	189	27
264	190	6
263	191	5
355	190	28
146	191	1
147	191	1
145	192	1
145	193	1
256	191	4
257	191	4
331	191	26
331	192	27
178	192	3
177	193	3
173	194	2
234	194	8
232	195	8
231	196	7
176	197	4
177	197	4
178	197	3
230	197	7
228	198	7
229	198	7
62	198	1
63	199	1
142	199	1
143	199	1
141	200	1
191	199	3
192	200	3
63	200	1
64	201	1
193	201	3
64	202	1
65	203	1
138	202	1
194	202	3
225	202	3
265	202	8
266	203	9
266	204	9
351	202	29
136	203	1
137	203	1
135	204	1
195	203	3
196	204	3
354	204	30
67	205	1
68	205	1
128	205	1
129	205	1
197	206	3
198	206	3
199	206	3
200	207	3
359	207	32
214	208	3
215	208	3
216	208	3
217	208	3
223	211	3
224	212	3
225	213	3
226	215	2
227	215	2
228	216	2
312	215	12
313	215	12
306	216	11
304	217	11
305	217	11
307	216	11
308	216	11
356	216	19
357	216	19
176	217	2
177	218	2
334	218	16
333	219	16
349	218	19
350	218	19
214	220	2
215	220	2
216	220	2
217	220	2
173	221	1
183	221	2
207	221	2
209	221	2
208	222	2
164	222	1
164	223	1
164	224	1
172	222	1
172	223	1
172	224	1
172	225	1
206	222	2
204	223	2
205	223	2
186	223	2
156	224	1
154	225	1
155	225	1
203	224	2
399	224	34
397	225	34
398	225	34
201	225	2
200	226	2
393	226	34
392	227	35
394	226	34
395	226	34
68	227	1
125	227	1
126	227	1
198	227	2
199	227	2
197	228	2
391	228	35
390	230	34
390	231	34
165	233	1
166	233	1
195	234	3
195	235	3
195	236	3
195	237	3
387	234	30
386	235	29
447	235	47
446	236	46
186	236	2
188	237	2
189	237	2
304	237	11
305	237	11
383	237	28
384	237	29
445	237	46
446	238	46
196	238	3
302	238	11
303	238	11
444	238	44
380	239	27
381	239	28
441	239	41
440	240	41
299	240	11
300	240	11
449	240	47
334	241	20
335	241	20
377	241	24
378	241	25
433	241	39
434	241	40
439	241	41
439	242	41
60	242	1
60	243	1
399	242	30
400	242	30
398	243	29
358	244	18
359	244	18
440	244	42
440	245	42
294	245	5
293	246	5
61	246	1
62	247	1
298	246	9
299	246	9
363	246	20
389	246	26
168	247	1
167	248	1
197	247	1
289	247	5
290	247	5
300	247	9
301	247	9
62	248	1
63	249	1
166	248	1
165	249	1
190	248	1
191	248	1
196	248	1
196	249	1
196	250	1
196	251	1
196	252	1
284	248	4
283	249	3
286	248	4
287	248	4
303	248	9
304	248	9
309	248	10
310	248	10
316	248	11
317	248	11
164	249	1
163	250	1
282	249	3
281	250	3
323	249	11
324	249	11
63	250	1
64	251	1
162	250	1
161	251	1
363	250	21
362	251	21
258	251	2
259	251	2
260	251	2
261	251	2
262	251	2
263	251	2
266	251	2
267	251	2
268	251	2
269	251	2
331	251	11
332	251	12
64	252	1
65	253	1
251	252	2
252	252	2
275	252	2
276	252	2
196	253	1
246	253	2
247	253	2
363	253	23
65	254	1
66	255	1
238	254	2
239	254	2
142	255	1
143	255	1
272	255	3
276	255	3
438	255	42
66	256	1
67	257	1
132	256	1
131	257	1
135	256	1
136	256	1
137	256	1
193	256	1
191	257	1
192	257	1
272	256	3
276	256	3
130	257	1
129	258	1
272	257	3
276	257	3
67	258	1
68	259	1
190	258	1
272	258	3
276	258	3
69	260	1
70	260	1
68	261	1
186	260	1
187	260	1
377	260	28
411	260	37
174	261	1
175	261	2
176	261	2
177	261	2
412	261	38
273	262	2
274	262	3
413	262	39
272	263	2
414	263	40
392	266	31
396	268	32
64	269	1
64	270	1
64	271	1
248	271	3
249	271	3
304	271	16
305	272	16
306	273	16
403	271	33
241	272	3
240	273	3
311	273	16
310	274	16
312	273	16
422	273	42
63	274	1
64	275	1
232	275	3
233	275	3
235	275	3
236	276	3
236	277	3
170	276	1
169	277	1
229	276	3
230	276	3
224	277	2
223	278	2
157	278	1
156	279	1
158	278	1
159	278	1
183	278	1
184	279	1
236	279	5
237	280	5
238	281	5
154	280	1
153	281	1
215	280	2
216	280	2
258	280	13
259	280	13
261	280	14
262	281	13
152	281	1
151	282	2
162	281	1
162	282	1
198	281	3
199	281	2
207	281	2
206	282	2
208	281	2
209	281	2
210	281	2
255	281	13
254	282	13
256	281	13
257	281	13
149	283	1
148	284	1
249	283	13
248	284	13
250	283	13
251	283	13
247	284	14
145	285	1
144	286	1
284	286	4
285	286	5
327	286	18
327	287	18
191	287	4
191	288	5
191	289	5
190	290	5
239	287	14
240	287	14
241	287	14
271	287	3
292	287	8
293	288	8
293	289	8
238	288	8
142	289	1
142	290	1
143	292	1
144	292	1
237	289	6
189	290	5
188	291	6
236	290	6
294	290	9
142	291	1
142	292	1
141	293	1
139	294	1
138	295	1
160	294	1
160	295	1
158	296	1
185	295	6
185	296	6
185	297	6
185	298	6
231	296	2
230	297	2
134	297	1
133	298	1
161	298	1
162	299	1
163	300	2
185	299	6
186	300	7
186	301	7
76	301	1
164	301	1
122	302	1
165	302	1
222	302	2
221	303	2
223	303	2
226	302	1
227	302	1
123	303	1
166	303	1
220	303	2
219	304	2
229	304	1
303	304	13
230	305	1
304	305	12
167	306	1
166	307	1
305	306	13
131	307	1
168	307	1
169	308	1
186	307	2
188	309	2
189	309	2
306	307	13
163	308	1
164	308	1
186	308	2
186	309	2
187	309	2
307	308	13
160	309	1
161	309	1
156	310	1
157	310	1
171	310	1
172	311	1
185	310	2
200	310	2
233	310	1
234	311	1
184	311	2
183	312	2
173	312	2
312	312	15
313	313	16
175	314	2
176	314	2
236	314	1
237	315	1
403	315	34
403	316	34
136	316	2
136	317	2
137	318	2
241	318	1
178	319	1
207	320	2
340	320	13
341	320	13
346	320	16
347	320	16
348	320	16
349	320	16
207	321	2
207	322	3
207	323	3
207	324	2
245	321	1
338	321	13
339	321	13
343	321	15
180	323	3
180	324	3
180	325	2
248	323	1
294	323	9
293	324	8
334	323	13
335	323	13
207	325	2
207	326	2
205	327	2
251	325	3
289	325	7
288	326	6
290	325	7
291	325	8
329	325	11
330	325	12
361	325	19
151	326	2
204	326	2
287	326	5
286	327	4
362	326	20
157	328	1
231	328	1
262	328	1
263	328	1
365	328	23
180	329	1
180	330	1
179	331	1
180	331	1
181	332	1
256	329	1
257	329	1
234	330	1
367	330	24
281	331	6
281	332	7
282	333	7
369	331	25
210	332	1
211	332	1
212	333	1
353	332	27
352	333	29
351	334	29
352	335	29
370	332	26
61	333	1
62	334	1
177	333	1
177	334	1
177	335	1
177	336	1
182	333	1
183	334	1
184	335	1
205	333	1
239	333	1
248	333	1
247	334	1
218	334	1
240	334	1
283	334	9
284	335	10
349	334	27
347	335	26
348	335	27
370	334	27
371	334	27
346	335	25
240	336	1
345	336	24
344	337	24
375	336	27
239	337	1
238	338	1
287	337	10
383	338	26
384	338	26
385	338	26
190	339	1
191	339	1
226	339	1
234	341	1
235	341	1
197	342	1
197	343	1
197	344	1
157	343	1
326	345	14
86	346	9
87	346	8
329	346	14
188	347	1
177	348	1
183	354	1
188	348	1
188	349	1
198	348	1
187	350	1
186	351	1
185	352	1
184	353	1
338	354	20
339	355	21
158	355	1
182	355	1
337	355	20
181	356	1
180	357	1
179	358	1
178	359	1
176	361	1
176	362	1
176	363	1
177	364	1
177	365	2
177	367	1
176	368	1
177	369	1
174	369	1
175	369	1
136	370	4
137	370	4
171	370	1
170	371	1
172	370	1
173	370	1
178	371	1
243	371	1
244	371	1
254	371	1
255	372	1
155	372	2
156	372	2
241	372	1
242	372	1
225	373	2
225	374	2
239	373	1
240	373	1
237	374	1
235	375	1
236	375	1
183	375	1
227	376	1
228	376	1
230	376	1
231	376	1
232	376	1
233	376	1
204	377	1
203	378	1
222	377	1
223	377	1
265	377	1
202	378	1
201	379	1
286	379	6
287	379	7
194	383	1
195	383	1
295	384	12
131	385	6
132	385	5
188	386	2
189	386	3
395	386	35
396	386	35
193	387	2
194	388	1
373	387	22
372	388	22
392	387	34
391	388	33
393	387	34
394	387	35
180	389	2
181	389	2
195	389	1
371	389	22
371	390	22
372	391	22
218	392	3
217	393	4
220	392	3
221	392	3

