73	193	1
346	33	11
146	66	1
203	63	1
335	65	6
339	2	38
67	137	1
70	246	1
237	276	1
170	130	1
387	197	27
426	40	31
118	57	1
355	345	12
619	75	50
195	150	2
412	203	38
160	345	1
397	36	18
239	65	1
152	67	1
246	157	3
392	103	20
90	332	1
328	207	4
283	207	2
549	51	54
120	224	1
355	241	7
412	280	27
547	101	42
294	139	4
668	73	59
9	9	1
337	33	8
215	64	1
272	207	2
205	106	1
136	132	1
248	393	1
13	13	1
89	351	2
279	206	2
568	118	54
163	132	1
219	291	1
242	64	1
595	137	62
44	129	1
334	95	1
175	67	1
195	330	1
361	345	14
160	343	1
550	100	45
511	72	41
244	2	35
162	182	1
164	182	1
309	5	11
459	47	31
87	240	1
287	328	1
164	5	8
96	248	1
405	200	35
279	308	3
429	231	29
76	246	1
294	133	4
535	103	39
80	241	1
101	202	1
321	249	3
302	325	1
490	102	32
71	376	2
271	159	3
372	70	13
210	105	1
743	81	69
229	150	3
85	241	1
142	104	1
508	51	36
677	104	65
517	36	42
294	103	1
115	339	1
227	64	1
96	255	2
316	327	1
173	330	1
69	137	1
453	234	40
419	86	20
93	19	1
170	102	1
265	394	1
565	31	57
362	20	33
71	369	2
94	18	1
296	101	1
299	208	2
105	129	1
123	59	1
234	106	1
341	96	2
253	265	1
110	242	1
438	112	27
386	106	16
115	344	1
243	271	1
405	105	20
157	67	1
472	96	28
109	330	1
148	205	1
96	246	1
349	17	38
190	149	2
335	34	7
157	393	21
357	241	7
287	207	2
515	104	36
495	103	35
82	255	3
100	226	1
121	355	1
31	257	1
71	366	2
466	241	46
284	104	1
412	85	20
660	70	56
182	221	1
297	326	1
423	40	30
228	64	1
140	180	1
425	87	21
137	16	3
175	103	1
360	274	15
638	69	53
344	33	11
273	27	1
382	242	16
679	72	62
95	220	1
333	65	4
544	122	50
105	226	1
323	55	4
90	387	2
71	359	1
455	121	34
239	107	1
555	87	46
424	40	30
456	46	31
209	221	2
430	109	26
509	55	36
393	103	20
747	80	71
217	222	2
97	123	1
169	67	1
82	241	1
545	101	41
583	48	61
183	109	2
185	195	2
369	241	15
351	33	14
176	266	1
213	64	1
341	123	33
309	98	1
112	226	1
257	4	30
274	68	1
167	68	1
327	56	4
331	61	5
207	221	2
62	191	1
246	392	1
338	348	14
670	101	63
620	74	50
431	110	27
236	246	1
522	36	42
411	18	31
430	231	29
273	21	1
240	64	1
420	281	30
96	266	1
95	194	1
115	22	1
476	97	29
501	103	35
358	69	9
106	226	1
323	37	2
34	48	1
345	208	9
183	106	2
296	65	2
175	331	1
216	291	1
180	329	1
531	44	45
168	27	1
573	100	44
279	249	3
338	343	12
34	361	1
608	78	48
370	273	15
423	281	30
522	47	39
134	281	1
137	11	19
96	257	2
89	358	2
342	207	8
368	342	14
26	369	1
264	17	1
305	209	2
314	97	1
208	105	1
227	106	1
245	28	1
409	280	26
176	66	1
122	329	1
357	344	13
502	48	35
215	291	1
547	85	50
492	126	41
225	64	1
137	12	3
33	227	1
18	377	1
220	221	2
38	257	1
407	84	17
28	367	1
417	74	21
346	208	9
271	206	2
165	375	1
368	333	22
276	251	3
338	3	38
267	5	27
346	67	6
573	118	54
132	23	1
499	44	35
118	168	2
254	333	1
20	375	1
26	26	1
122	22	1
177	222	1
744	80	71
119	120	1
399	343	22
187	114	2
386	277	20
66	298	1
12	383	1
144	335	1
18	18	1
164	68	1
226	64	1
429	40	31
711	75	70
521	128	46
117	282	1
466	47	35
218	290	1
330	117	3
205	221	2
66	293	1
249	3	33
448	232	36
430	40	31
397	342	22
371	71	12
233	106	1
623	104	59
110	21	1
116	324	1
152	192	2
69	74	1
291	64	1
516	50	38
241	107	1
167	327	1
121	283	1
234	26	1
166	5	7
72	192	1
200	21	1
330	207	4
349	33	13
187	330	1
262	237	2
285	207	2
165	68	1
296	269	18
648	98	61
460	123	35
198	148	2
367	105	12
442	231	32
107	202	1
89	331	1
343	208	8
474	97	29
40	129	1
294	65	1
243	292	1
102	20	1
267	33	1
218	106	1
181	102	1
271	339	2
386	36	18
339	124	33
671	72	60
286	238	2
124	282	1
269	31	1
274	234	2
368	273	15
413	106	24
257	211	2
114	179	1
50	97	1
468	240	46
111	226	1
204	384	1
543	122	50
54	93	1
166	273	1
160	346	1
111	21	1
293	327	1
369	33	15
377	97	14
103	202	1
322	249	3
36	257	1
168	68	1
115	383	1
286	329	1
328	95	1
589	91	45
331	250	4
150	392	26
320	329	1
265	5	27
339	10	41
325	35	2
73	90	1
164	103	1
75	241	1
182	25	1
572	100	44
320	248	3
305	63	2
486	126	39
343	14	41
129	329	1
315	98	1
89	350	2
570	33	57
329	207	4
573	52	59
43	227	1
527	104	39
317	60	2
126	329	2
201	22	1
75	246	1
458	242	44
334	207	6
468	47	35
162	68	1
366	273	15
224	64	1
242	291	1
225	249	1
427	40	31
230	106	1
657	97	62
161	132	1
180	221	1
542	50	46
620	104	58
536	103	39
96	249	1
152	187	1
7	7	1
357	206	15
290	25	1
390	36	18
271	158	3
41	188	1
186	329	1
204	147	2
315	112	22
136	179	1
249	65	1
345	99	7
115	338	2
324	113	22
181	67	1
206	384	1
211	106	1
678	73	62
347	33	11
22	22	1
189	116	2
227	289	1
101	242	1
71	368	2
326	55	4
418	204	40
330	58	5
155	374	1
345	100	8
185	24	1
222	290	1
539	83	48
136	9	19
462	123	36
621	104	58
148	206	1
96	247	1
187	381	1
198	330	1
292	208	2
312	4	11
77	241	1
276	106	1
81	246	1
82	252	1
193	330	1
393	197	29
197	221	2
126	205	1
71	361	2
622	104	58
366	241	14
368	240	15
80	383	2
316	112	22
560	100	45
72	137	1
108	242	1
380	21	31
204	331	1
80	270	1
634	102	59
249	393	1
113	330	1
340	348	13
450	118	32
470	125	38
220	250	1
541	102	41
155	26	1
102	242	1
198	220	2
71	358	1
569	101	45
295	132	6
188	66	1
300	209	2
179	330	1
327	66	4
166	68	1
706	73	69
211	144	3
506	35	37
253	64	1
275	25	1
426	87	22
30	365	1
433	15	32
380	242	16
516	105	36
165	5	8
239	2	36
97	122	1
137	105	1
303	348	1
343	32	11
570	100	45
626	73	51
183	108	2
185	194	2
556	87	46
205	63	1
302	209	2
395	36	18
490	234	55
331	60	5
336	65	6
210	221	2
302	64	2
58	89	1
543	50	46
68	82	1
75	381	3
96	267	1
367	70	11
500	104	35
368	336	15
41	129	1
432	87	22
178	26	1
549	121	52
417	40	30
238	64	1
44	188	1
272	106	1
673	72	60
397	19	31
73	18	1
96	258	2
89	357	2
570	118	54
165	333	1
3	392	1
370	240	15
377	34	16
447	116	32
341	12	41
215	333	1
184	329	1
310	99	1
303	64	2
362	345	14
235	221	2
223	290	1
81	269	1
337	208	6
526	104	38
461	47	31
253	333	1
345	33	11
401	279	25
368	334	22
319	38	2
144	132	1
509	105	36
536	48	45
353	18	36
118	169	2
515	36	42
94	198	1
224	289	1
151	133	1
339	208	7
639	101	60
290	65	1
519	48	39
119	123	1
486	48	34
270	107	1
5	390	1
116	21	1
423	108	25
615	77	49
66	299	1
84	385	2
360	20	34
489	125	40
399	199	34
75	78	1
574	100	44
278	106	1
329	2	52
571	88	49
348	343	10
268	235	2
236	106	1
551	86	51
167	329	1
540	82	48
233	335	1
533	125	49
43	129	1
10	385	1
66	290	1
217	105	1
145	335	1
456	121	34
670	73	60
35	360	1
404	104	20
116	325	1
225	106	1
251	64	1
69	73	1
167	326	1
305	99	1
416	106	24
188	115	2
231	175	3
341	32	10
531	80	46
334	65	4
393	36	18
306	341	1
572	88	49
296	270	19
557	87	46
507	51	35
166	375	1
367	104	13
387	102	16
245	166	3
82	264	1
254	65	1
110	202	1
39	257	1
283	243	3
230	222	2
377	199	21
161	104	1
91	235	1
271	338	1
76	381	2
331	207	5
206	23	1
408	202	36
423	232	27
542	102	41
440	16	34
439	40	34
341	208	8
395	341	22
520	36	42
79	246	1
226	221	2
469	124	38
200	330	1
38	227	1
424	232	27
702	74	68
99	19	1
390	278	20
247	332	1
378	198	23
92	18	1
117	22	1
543	101	41
85	386	2
73	80	1
271	29	1
571	100	44
220	334	1
457	241	44
680	72	62
360	345	14
622	74	51
220	176	2
300	325	1
247	3	34
177	67	1
548	86	50
418	280	30
524	47	45
321	54	4
450	233	36
403	37	22
42	303	1
282	68	1
507	105	36
470	95	28
273	68	1
291	238	2
388	198	28
247	107	1
513	36	42
248	64	1
84	241	1
139	179	1
89	349	2
199	149	2
112	202	1
21	374	1
425	232	28
319	113	22
11	384	1
492	48	34
131	282	1
314	38	2
6	389	1
317	59	2
89	388	2
159	338	1
165	103	1
229	26	1
104	242	1
356	345	13
13	382	1
273	206	2
347	67	6
541	50	46
264	66	1
467	240	46
356	98	9
284	140	3
529	46	45
419	281	30
96	250	1
152	188	1
43	104	1
506	127	43
409	73	19
263	297	1
196	220	2
491	126	41
274	207	2
38	188	1
279	105	1
46	257	1
106	20	1
144	180	1
345	98	7
272	334	1
369	273	15
115	341	1
121	126	1
376	242	16
49	188	1
529	39	45
537	103	39
169	221	1
283	69	1
339	32	10
431	197	45
382	198	24
71	371	2
402	19	31
538	49	45
223	249	1
373	71	13
214	291	1
235	106	1
115	346	1
295	102	1
563	88	47
451	233	39
252	65	1
72	18	1
128	329	1
37	257	1
242	107	1
278	21	1
425	108	25
123	283	1
236	26	1
240	392	1
383	197	24
151	195	2
82	253	1
544	101	41
376	34	16
286	68	1
71	360	1
163	68	1
330	34	7
10	10	1
162	276	1
373	241	15
324	96	1
426	109	25
502	69	38
91	388	2
309	325	1
471	96	28
165	27	1
384	36	17
59	191	1
95	222	1
281	105	1
118	21	1
318	38	2
267	394	1
491	101	32
627	103	59
352	18	37
220	25	1
38	48	1
205	331	1
298	325	1
393	20	31
304	100	1
158	276	1
325	103	2
271	394	1
149	132	1
119	225	1
672	73	60
358	241	7
325	8	11
439	16	34
97	121	1
9	386	1
185	193	2
70	18	1
531	41	45
328	2	52
141	253	1
623	73	51
291	208	2
94	210	1
371	21	31
191	221	2
374	98	14
410	238	24
653	98	61
160	276	1
490	48	34
218	221	2
184	101	1
107	242	1
89	355	2
270	151	3
569	118	54
330	95	1
368	337	15
116	57	1
264	108	1
66	136	1
306	36	2
162	289	1
307	325	1
380	35	17
716	82	69
135	22	1
284	313	5
621	75	51
142	252	1
357	19	34
268	255	3
219	222	2
256	393	1
96	259	3
495	389	50
410	280	27
429	76	23
89	356	2
534	81	47
20	20	1
46	303	1
160	68	1
308	324	1
399	240	21
492	233	56
645	67	54
499	41	35
599	81	47
214	177	2
289	238	2
73	137	1
381	21	31
470	47	35
19	376	1
241	245	1
336	207	6
392	241	19
213	178	2
162	26	1
104	202	1
87	387	2
368	335	15
204	221	2
422	108	24
407	280	26
48	364	1
324	60	4
331	34	7
463	92	26
197	384	1
133	62	1
250	65	1
360	204	16
271	160	3
419	107	24
242	272	1
119	122	1
137	132	1
29	366	1
117	384	1
282	247	3
66	296	1
374	273	16
468	222	51
34	257	1
161	68	1
306	209	2
324	59	4
96	202	1
258	108	1
83	385	2
356	33	15
94	206	1
116	383	1
247	393	1
503	35	37
69	79	1
34	227	1
70	280	3
167	328	1
412	17	31
398	36	18
186	220	2
66	291	1
528	79	46
109	202	1
296	377	2
4	391	1
422	233	26
193	23	1
71	18	1
36	48	1
628	103	59
711	66	66
269	235	2
108	21	1
258	393	1
424	108	25
102	128	1
301	101	1
140	280	1
468	125	38
437	16	34
370	21	31
267	42	1
606	78	48
365	345	14
228	26	1
325	54	4
74	246	1
421	40	30
496	103	35
540	50	46
323	96	1
414	73	21
203	221	2
293	238	2
367	107	12
352	107	9
82	265	1
123	2	28
488	48	34
677	72	62
326	110	22
6	6	1
210	24	1
283	242	3
160	103	1
568	100	45
15	380	1
91	234	1
127	22	1
326	249	4
546	122	51
305	325	1
567	101	45
259	394	1
633	102	59
207	63	1
32	363	1
125	205	1
241	27	1
167	375	1
79	241	1
82	256	3
172	130	1
339	348	13
449	118	32
609	78	48
334	33	7
336	123	22
138	372	2
640	67	53
327	2	53
274	394	1
24	371	1
115	178	1
170	331	1
230	284	2
414	40	25
200	148	2
388	277	20
262	108	1
485	125	39
396	341	22
434	87	22
154	374	1
656	97	62
16	379	1
89	347	1
164	131	1
120	116	2
413	18	32
183	221	1
142	180	1
714	64	68
255	160	3
129	129	1
408	72	19
459	90	26
24	24	1
170	27	1
505	35	37
89	348	1
39	303	1
441	113	28
78	382	2
426	231	28
228	175	3
28	28	1
138	179	1
428	76	23
175	266	1
206	105	1
317	58	2
372	273	15
32	257	1
103	20	1
124	127	1
16	16	1
452	233	40
715	75	69
146	392	27
382	36	17
229	106	1
178	66	1
115	335	1
210	252	1
410	17	31
432	14	32
397	362	22
96	251	1
152	189	1
244	291	1
154	26	1
408	39	22
356	242	7
271	107	1
76	241	1
130	3	26
171	376	1
261	65	1
397	76	17
71	373	2
130	178	1
555	101	45
138	210	1
183	187	2
115	340	1
44	227	1
46	188	1
218	384	1
197	65	1
77	246	1
429	110	26
71	370	2
419	40	30
294	2	12
167	272	1
226	249	1
321	96	1
230	26	1
141	64	1
386	105	16
351	68	7
649	98	61
153	374	1
265	39	1
86	386	2
455	236	43
390	20	31
466	93	28
565	101	46
413	280	27
71	363	2
202	22	1
275	235	2
262	393	1
282	142	3
133	282	1
212	178	2
562	88	47
48	99	1
416	204	39
95	217	1
101	226	2
174	221	1
160	374	1
291	3	12
511	105	36
40	257	1
221	222	2
371	241	15
391	36	18
145	375	1
349	207	9
42	188	1
132	62	1
206	221	2
267	107	1
325	102	2
260	333	1
116	202	1
49	364	1
195	221	2
530	40	45
217	291	1
74	380	3
464	234	50
337	124	22
545	122	50
175	222	1
641	68	54
185	192	2
108	226	1
398	241	21
491	234	55
331	62	4
81	384	3
564	32	57
487	126	40
74	276	2
94	211	1
257	394	1
417	204	39
313	326	1
315	38	2
248	3	33
102	226	1
89	354	2
252	333	1
533	103	39
368	338	14
8	387	1
44	303	1
209	179	2
360	33	15
113	226	1
370	70	12
539	49	46
123	329	1
325	104	2
292	103	1
294	327	1
648	66	54
176	221	1
125	22	1
515	73	45
96	260	3
180	25	1
331	95	1
259	65	1
208	221	2
67	18	1
146	104	1
553	101	45
40	48	1
295	2	12
499	40	35
231	26	1
307	7	11
273	107	1
318	112	22
379	98	15
52	132	1
147	104	1
221	177	3
171	331	1
119	124	1
282	311	5
157	276	1
195	65	1
445	286	45
396	198	29
126	22	1
163	104	1
291	63	1
153	2	11
66	302	1
324	61	4
253	241	2
328	56	4
554	100	45
257	108	1
114	226	1
717	77	69
425	40	30
280	368	2
410	73	19
396	36	18
487	101	32
493	126	41
221	25	1
297	102	1
246	3	34
382	20	31
132	251	1
185	220	1
367	273	15
420	203	41
279	144	3
66	297	1
411	280	27
324	36	2
343	264	7
364	344	14
646	66	54
277	106	1
118	166	2
94	207	1
322	97	1
69	78	1
148	104	1
720	84	69
560	88	46
320	55	4
304	209	2
676	73	62
382	110	16
147	304	1
383	100	15
41	227	1
520	128	46
280	207	2
45	102	1
66	288	1
692	73	65
117	57	1
171	103	1
194	329	1
140	64	1
216	177	2
141	281	1
304	63	2
128	205	1
492	102	34
280	56	1
374	70	13
47	100	1
251	393	1
15	15	1
237	107	1
292	349	1
312	62	2
541	83	48
409	18	31
114	329	1
229	221	2
272	48	1
167	27	1
521	104	37
172	102	1
282	105	1
359	69	11
289	137	3
143	210	1
276	68	1
45	257	1
120	318	1
215	177	2
56	91	1
367	106	12
352	108	9
444	15	34
376	98	14
339	342	12
417	107	24
326	111	22
271	303	2
130	282	1
44	257	1
211	221	2
283	312	5
283	245	3
384	198	26
366	33	15
477	98	29
218	24	1
401	19	31
537	49	45
168	375	1
315	248	2
99	202	1
618	76	50
181	330	1
204	106	1
82	257	2
299	326	1
232	174	3
528	38	45
323	249	3
197	330	1
514	73	45
187	147	2
7	388	1
427	87	22
141	179	1
257	65	1
47	130	1
375	273	16
447	233	36
603	79	48
287	238	2
35	257	1
306	325	1
492	390	47
146	209	1
203	384	1
332	95	1
208	384	1
533	46	45
365	33	15
40	227	1
422	40	30
480	47	34
209	106	1
708	68	69
89	346	1
296	28	2
522	128	47
427	76	22
193	65	1
270	394	1
327	250	4
405	279	26
171	67	1
654	97	62
431	40	31
348	268	8
100	202	1
318	1	11
394	36	18
485	101	31
219	25	1
275	206	2
458	89	26
377	111	16
288	67	1
71	279	3
109	21	1
39	227	1
600	81	47
272	28	1
238	1	37
317	57	3
322	36	2
196	64	1
183	330	1
575	19	59
740	82	69
123	176	1
88	387	2
379	42	17
256	4	30
276	207	2
320	97	1
709	68	66
45	188	1
289	61	1
420	107	24
39	105	1
96	252	3
152	190	2
256	108	1
192	329	1
14	381	1
71	372	2
127	220	1
237	65	1
271	155	3
293	138	3
662	98	63
103	242	1
364	273	15
115	343	1
521	37	42
372	241	15
163	182	1
112	329	1
421	108	24
4	4	1
613	77	48
207	106	1
337	255	5
205	384	1
387	37	18
104	226	1
357	69	9
71	365	2
493	389	47
348	67	6
510	104	36
408	280	26
134	23	1
501	48	35
288	104	1
570	57	57
519	128	46
299	101	1
231	248	1
124	22	1
216	250	1
289	207	2
368	21	31
42	257	1
614	76	48
286	59	1
19	19	1
224	249	1
82	251	1
372	33	15
176	129	1
302	347	1
216	24	1
71	362	2
244	27	1
174	330	1
585	97	46
383	37	17
337	344	13
300	100	1
76	136	1
460	47	31
444	286	45
400	279	25
95	216	1
373	273	16
33	257	1
162	103	1
326	36	4
570	88	48
207	291	1
548	122	52
289	104	1
109	242	1
256	159	3
39	188	1
313	98	1
191	65	1
428	40	31
325	101	1
403	81	16
177	377	1
425	282	30
483	236	53
249	241	1
125	329	1
52	95	1
164	334	1
365	240	14
183	105	2
58	191	1
382	72	15
260	108	1
248	108	1
282	330	1
531	43	45
354	242	7
374	241	15
47	256	1
94	208	1
151	294	2
233	26	1
378	111	16
127	360	1
381	242	16
383	242	16
207	384	1
139	375	1
194	64	1
89	353	2
513	105	36
147	279	1
368	339	14
258	238	2
249	107	1
252	240	1
716	76	69
147	132	1
574	118	54
361	69	11
363	345	14
271	47	1
571	54	57
402	279	25
186	24	1
408	18	31
137	15	3
343	66	6
435	229	29
96	261	2
64	137	1
389	278	20
138	22	1
505	105	35
395	198	29
184	221	1
383	72	15
419	204	40
187	120	1
488	126	40
235	65	1
180	137	1
363	20	33
115	202	1
404	239	22
116	177	1
499	43	35
339	95	2
216	221	2
591	128	61
394	20	31
231	106	1
711	81	66
159	276	1
269	254	3
239	26	1
107	226	1
274	26	1
385	37	18
140	252	1
324	62	3
236	277	1
327	35	4
166	103	1
118	172	2
579	119	54
232	106	1
250	393	1
158	374	1
290	237	2
219	177	2
255	333	1
663	97	63
155	67	1
274	21	1
66	294	1
384	242	16
111	202	1
186	66	1
8	8	1
118	167	2
317	2	11
406	18	31
431	14	32
532	46	45
169	27	1
386	198	27
478	47	34
338	207	6
12	12	1
583	120	57
69	77	1
343	105	9
201	221	2
367	103	13
684	107	66
172	330	1
262	17	1
137	179	1
138	3	22
338	94	2
341	179	11
306	119	21
41	303	1
59	88	1
556	45	55
188	119	1
353	176	14
738	82	69
66	289	1
563	101	45
49	98	1
554	87	46
114	21	1
223	64	1
631	71	51
542	123	50
342	13	41
146	280	1
418	40	30
275	68	1
411	203	38
160	132	1
51	96	1
124	205	1
550	122	53
36	129	1
167	323	1
78	241	1
187	23	1
523	36	43
27	27	1
135	282	1
389	197	28
340	66	6
412	106	24
553	55	54
402	80	16
281	207	2
564	100	45
31	31	1
181	25	1
36	359	1
238	106	1
21	21	1
403	19	31
268	5	26
629	102	59
133	23	1
35	227	1
516	37	42
683	73	62
352	109	9
326	108	2
553	56	55
383	21	31
192	64	1
283	244	3
175	377	1
91	236	1
166	131	1
208	64	1
174	67	1
547	122	51
145	132	1
255	353	1
297	65	2
226	105	1
261	107	1
182	329	1
362	69	11
381	274	19
60	87	1
151	392	26
138	370	1
487	48	34
128	361	1
399	36	19
148	303	1
317	38	2
233	65	1
361	20	34
329	35	7
23	372	1
33	362	1
530	104	39
185	330	1
295	238	2
338	66	6
390	198	29
340	95	2
88	240	1
89	345	1
508	35	37
201	330	1
309	62	2
593	131	62
25	370	1
116	226	1
506	104	36
344	67	6
604	79	48
407	18	31
434	76	24
236	64	1
38	129	1
560	124	54
616	105	58
135	179	1
580	119	54
391	197	29
17	378	1
549	86	50
110	226	1
538	82	47
122	282	1
307	209	2
73	246	1
624	104	59
164	27	1
182	101	1
402	199	35
258	64	1
582	49	61
552	100	45
100	242	1
102	202	1
416	17	32
326	57	4
271	157	3
551	101	45
131	61	1
584	121	58
146	25	1
113	202	1
115	337	1
79	383	2
66	192	1
302	33	2
96	253	2
424	282	30
152	191	2
268	32	1
219	249	1
457	233	42
221	64	1
367	33	15
572	118	54
80	246	1
105	242	1
416	40	26
71	375	2
642	100	61
187	65	1
205	23	1
260	393	1
333	34	7
212	63	1
115	342	1
319	96	1
232	26	1
337	254	5
174	102	1
267	256	3
322	55	4
361	240	7
179	25	1
81	241	1
280	106	1
540	102	41
266	5	27
71	364	2
201	149	2
254	3	31
607	78	48
173	103	1
508	71	39
514	37	42
114	202	1
645	99	61
356	19	35
67	192	1
375	348	14
377	242	16
57	90	1
206	64	1
561	87	46
137	18	2
193	221	2
475	97	29
222	64	1
577	119	54
209	384	1
262	65	1
302	344	1
106	242	1
359	345	14
127	205	1
364	241	14
458	122	34
224	105	1
370	200	19
718	78	69
338	33	10
319	1	11
55	92	1
25	25	1
245	3	34
463	124	36
339	66	6
411	106	24
346	16	40
29	29	1
194	220	2
285	328	1
485	48	34
639	68	53
290	62	1
418	107	24
493	48	34
95	219	1
132	282	1
247	65	1
393	242	20
17	17	1
259	108	1
528	104	39
529	126	48
413	85	20
397	198	32
331	59	5
373	199	20
378	242	16
325	100	1
327	207	4
112	383	1
152	336	1
180	102	1
199	330	1
201	63	1
555	50	54
96	264	1
161	375	1
151	67	1
464	123	37
155	337	1
319	55	4
234	64	1
487	235	54
531	42	45
605	79	48
553	121	53
437	88	23
265	207	2
376	348	14
365	273	15
94	209	1
482	47	34
392	198	29
267	300	1
270	235	2
363	240	13
338	123	22
566	100	45
89	352	2
713	93	65
40	188	1
166	27	1
368	340	14
719	83	69
558	87	46
192	23	1
392	36	18
391	20	31
529	104	39
413	39	25
549	101	45
270	5	25
400	36	22
182	187	2
255	4	30
262	259	2
462	91	26
450	44	35
268	107	1
14	14	1
107	21	1
518	37	42
23	243	1
137	14	3
710	75	69
379	111	16
272	253	3
96	262	2
369	21	31
43	257	1
216	384	1
269	394	1
219	64	1
241	392	1
373	33	15
119	22	1
484	100	31
420	86	20
438	40	34
499	42	35
118	170	2
375	242	16
293	102	1
537	82	47
171	131	1
426	76	22
211	24	1
505	128	43
179	67	1
200	220	2
550	86	50
523	48	45
434	15	32
72	278	3
326	1	53
514	104	36
455	88	26
66	300	1
263	394	1
268	394	1
324	63	3
428	13	32
680	105	65
240	27	1
39	48	1
249	291	1
240	106	1
204	64	1
276	24	1
377	71	14
105	202	1
162	131	1
36	227	1
220	64	1
113	58	1
221	334	1
439	230	29
260	65	1
316	38	2
264	4	28
66	295	1
427	109	26
32	32	1
270	30	1
387	277	20
261	238	2
190	220	2
336	33	7
578	119	54
122	356	1
344	97	2
381	36	17
271	5	25
298	101	1
210	332	1
46	101	1
69	76	1
292	237	2
367	102	14
167	325	1
519	37	42
637	68	53
161	276	1
400	241	21
128	22	1
491	48	34
275	361	1
441	81	25
556	46	55
245	65	1
356	68	9
174	376	1
263	66	1
49	303	1
504	35	37
582	98	45
343	97	2
202	221	2
167	322	1
78	246	1
227	175	3
444	114	30
448	117	32
176	330	1
106	202	1
159	68	1
553	54	54
494	102	34
558	122	53
65	137	1
446	286	45
302	3	11
432	110	27
251	162	3
457	122	34
420	74	21
518	105	36
194	149	2
232	64	1
53	94	1
435	88	22
147	25	1
293	26	1
493	103	34
375	71	13
337	65	6
217	385	1
326	109	2
42	227	1
262	334	1
282	207	2
68	137	1
143	180	1
73	277	2
98	202	1
99	127	1
176	26	1
502	104	35
329	57	5
132	330	1
332	34	7
151	336	1
465	124	37
156	336	1
160	344	1
400	343	22
354	345	12
176	376	1
269	107	1
437	111	27
3	3	1
41	257	1
295	65	2
649	66	54
499	103	35
138	371	1
156	393	21
217	64	1
235	26	1
312	247	2
330	250	4
77	382	2
371	33	15
481	126	39
262	208	2
308	99	1
436	88	22
273	394	1
367	21	32
652	97	61
123	21	1
89	344	1
366	70	11
420	16	32
593	130	61
263	17	1
512	104	36
216	143	3
217	250	1
206	291	2
333	94	1
121	329	1
160	342	1
490	126	40
471	48	35
399	279	25
2	393	1
37	48	1
293	134	3
371	273	15
560	125	54
392	20	31
37	129	1
148	335	1
202	64	1
367	240	14
156	68	1
163	375	1
218	64	1
438	16	34
172	68	1
303	4	11
360	241	7
342	33	11
571	118	54
350	33	13
261	394	1
207	23	1
669	72	59
544	84	49
69	18	1
269	5	26
641	100	60
71	377	2
271	156	3
743	86	70
563	33	57
125	283	1
289	66	1
415	203	39
219	385	1
115	336	1
392	341	22
446	232	36
301	208	2
379	199	23
489	48	34
162	374	1
96	254	2
243	65	1
152	373	1
192	220	2
286	207	2
127	329	2
218	250	1
177	25	1
106	129	1
231	287	1
359	241	7
71	374	2
40	303	1
277	206	2
647	67	54
64	192	1
181	221	1
40	105	1
115	226	1
115	345	1
171	27	1
406	104	21
48	302	1
308	208	2
398	342	22
165	132	1
337	253	5
525	47	45
43	303	1
82	254	1
335	208	6
246	64	1
301	32	2
318	56	3
486	100	31
415	40	25
71	367	2
43	188	1
278	207	2
264	393	1
22	373	1
370	33	15
92	201	1
297	29	2
137	17	2
177	186	2
288	328	1
95	221	1
406	280	26
62	85	1
394	198	29
124	329	1
344	207	9
149	336	1
65	192	1
103	226	1
340	123	33
344	265	7
39	129	1
367	345	14
288	208	2
509	56	38
353	97	8
362	241	7
365	100	13
95	218	1
332	115	3
61	86	1
245	292	1
320	208	2
176	186	2
287	67	1
199	221	2
285	105	1
548	100	46
347	208	9
221	385	1
630	103	59
650	97	61
64	68	1
355	176	15
263	107	1
360	69	11
109	129	1
329	96	1
473	221	53
45	303	1
378	98	14
31	364	1
289	328	1
96	265	1
120	383	1
183	107	2
23	23	1
150	336	1
141	104	1
469	48	35
35	48	1
345	66	6
11	11	1
288	238	2
200	64	1
146	132	1
310	5	11
113	383	1
385	242	17
117	202	1
32	227	1
216	64	1
555	42	56
96	256	2
5	5	1
170	68	1
250	163	3
340	33	10
89	359	2
164	375	1
348	33	12
368	341	14
667	72	59
227	26	1
266	393	1
303	209	2
161	181	1
109	226	1
75	94	1
348	208	9
403	240	22
95	19	1
420	40	30
48	188	1
266	207	2
283	141	3
358	345	14
379	241	16
137	13	3
241	65	1
96	263	1
366	344	14
152	25	1
301	125	9
30	30	1
368	332	23
559	87	46
173	67	1
198	384	1
217	25	1
398	198	32
74	79	1
499	45	35
118	171	2
411	73	20
324	64	3
307	8	11
290	208	2
386	242	18
443	15	34
374	112	15
375	98	14
710	67	66
436	230	29
2	2	1
166	332	1
119	121	1
636	69	53
159	104	1
244	64	1
27	368	1
523	128	47
66	301	1
640	100	60
108	202	1
400	19	31
493	234	57
228	105	1
177	266	1
368	33	15
385	197	26
315	209	2
340	207	7
214	63	1
342	96	2
507	35	37
439	112	27
372	21	31
473	96	29
534	103	39
367	201	18
556	48	54
63	192	1
66	292	1
272	394	1
328	34	7
224	334	1
118	165	2
301	326	1
121	58	1
284	207	2
159	375	1
1	394	1
148	132	1
82	384	2
317	113	22
318	97	1
304	325	1
526	127	48
561	101	45
69	75	1
180	66	1
308	63	2
273	235	2
167	324	1
150	132	1
612	77	48
229	64	1
158	68	1
163	27	1
326	112	22
37	227	1
556	47	54
316	62	2
376	273	17
428	109	26
42	129	1
354	175	15
283	105	1
374	42	15
47	303	1
546	100	41
364	20	32
241	156	4
562	100	45
433	88	22
234	334	1
270	207	2
222	25	1
82	266	1
196	329	1
326	107	2
553	53	54
313	38	2
538	124	50
149	392	27
353	207	14
153	26	1
261	334	1
137	368	1
283	241	3
449	233	36
748	80	71
91	233	1
517	104	36
467	48	35
68	18	1
41	48	1
351	344	12
117	176	1
292	327	1
651	98	61
83	241	1
114	383	1
277	17	1
354	206	14
394	360	22
91	238	1
240	169	3
22	154	1
188	329	1
25	217	1
154	2	11
249	333	1
378	43	16
344	119	35
270	302	1
589	52	62
152	212	1
336	337	7
193	150	2
252	266	1
429	13	32
504	50	35
510	72	40
348	99	8
583	97	45
352	102	9
575	118	54
355	19	35
319	249	3
68	354	1
255	65	1
423	15	32
391	102	20
727	93	68
234	153	3
90	130	1
91	231	1
92	239	1
40	29	1
595	128	61
26	208	1
100	127	1
155	393	21
122	204	1
449	289	46
73	91	1
56	306	1
589	45	62
535	81	47
119	162	2
322	64	3
471	58	34
294	26	1
261	296	1
523	77	45
263	334	1
378	347	14
160	26	1
456	11	36
111	128	1
241	350	1
439	194	47
298	376	8
596	138	62
634	69	53
381	111	16
92	230	1
471	237	52
26	219	1
133	330	1
336	5	48
268	44	1
472	58	33
418	74	21
153	212	1
172	221	1
192	382	1
248	214	2
362	34	15
379	22	31
114	281	1
575	100	44
100	271	2
156	214	1
29	320	1
273	345	2
442	109	29
280	309	3
46	363	1
67	239	1
321	2	12
431	77	23
129	109	2
518	74	45
152	186	1
28	143	1
29	55	1
249	352	1
268	43	1
307	64	2
275	107	1
169	103	1
133	9	25
99	226	1
210	291	1
158	3	9
375	42	16
526	37	45
292	379	2
76	69	2
242	349	1
460	228	45
373	112	15
459	229	44
617	100	59
306	11	11
222	143	3
187	187	2
277	53	1
247	157	3
527	127	48
71	83	1
435	15	32
256	293	1
130	108	1
186	113	2
574	62	59
761	72	74
359	99	10
433	229	29
255	263	1
57	191	1
442	285	43
244	350	1
765	76	73
694	72	65
460	227	49
133	131	1
449	86	25
345	101	8
534	47	45
635	68	53
85	107	1
322	335	2
143	335	1
74	137	1
574	33	57
100	19	1
231	390	1
340	340	7
253	32	1
143	1	21
128	177	1
147	66	1
136	209	1
409	85	18
124	248	1
291	25	1
473	48	34
755	83	72
295	140	4
422	75	21
343	341	10
270	47	1
590	131	62
573	89	49
32	96	1
431	88	22
440	80	24
386	20	31
722	81	69
67	284	3
277	366	1
263	282	2
107	329	2
234	390	1
131	18	2
258	333	1
154	337	1
390	342	19
84	18	1
180	379	1
162	218	1
198	110	2
753	82	71
97	332	2
205	152	3
45	164	1
122	316	1
588	100	47
22	75	1
341	340	9
419	77	22
78	135	1
409	39	22
29	140	1
86	71	1
251	4	32
362	1	36
712	93	65
533	81	46
355	34	14
320	64	2
159	4	9
380	42	17
527	34	45
566	27	57
113	244	1
24	238	1
252	108	1
512	67	40
163	283	2
571	61	59
537	125	50
118	246	1
340	180	11
34	193	1
587	93	45
145	66	1
346	351	13
257	294	1
97	124	1
154	304	1
441	193	49
462	361	39
157	261	1
76	96	1
185	196	2
388	36	18
120	58	1
157	182	1
107	129	1
152	298	2
578	17	60
671	102	64
131	363	1
22	69	1
279	366	2
375	111	16
582	13	61
745	84	71
308	36	2
130	250	1
759	80	72
208	331	1
298	30	2
27	59	1
83	198	1
673	58	61
288	24	1
142	280	1
127	250	1
143	394	30
112	129	1
347	176	12
416	77	22
245	107	1
192	105	1
135	331	1
210	63	1
228	149	3
338	8	42
580	66	62
183	144	2
438	87	23
386	73	15
404	280	25
282	22	1
301	346	1
143	253	1
163	265	1
347	350	13
114	127	1
314	208	2
150	1	22
79	101	1
404	82	16
264	335	1
576	62	59
195	258	1
126	128	1
36	104	1
54	22	1
57	306	1
223	176	3
312	38	2
345	177	12
735	83	71
122	126	1
128	3	27
131	14	2
443	215	45
282	238	2
449	12	35
31	36	1
234	176	3
72	352	1
112	279	1
554	121	53
442	37	35
26	235	1
589	101	47
47	228	1
707	70	69
68	63	2
506	70	38
568	53	56
436	112	27
382	347	14
147	255	1
132	361	1
119	203	1
391	358	23
54	233	1
271	166	5
329	336	3
347	17	40
77	136	1
352	68	7
79	19	1
100	383	2
232	335	1
266	41	1
124	357	1
144	304	1
326	7	12
369	330	23
278	250	3
519	70	43
762	73	72
265	151	3
31	45	1
324	57	5
108	382	1
379	273	18
57	21	1
129	61	1
292	2	12
118	163	2
45	129	1
57	134	1
384	109	16
27	145	1
482	54	35
286	4	16
76	53	2
626	103	59
556	49	54
426	282	34
66	238	1
32	34	1
285	69	1
235	391	1
421	80	22
44	167	1
601	140	64
49	255	1
52	231	1
74	193	1
594	85	45
619	103	58
159	263	1
488	269	47
181	379	1
182	379	1
199	289	3
576	89	46
299	128	9
335	348	16
263	357	1
34	111	1
604	141	65
203	179	2
349	176	13
239	348	1
24	216	1
115	281	1
248	332	1
211	64	1
29	89	1
157	4	9
232	390	2
732	83	70
327	340	18
116	323	1
61	19	1
373	348	14
29	202	1
359	274	15
754	83	72
352	105	11
62	18	1
318	248	3
191	330	1
358	19	34
553	52	54
275	368	3
590	83	46
283	240	3
301	241	2
91	232	1
350	269	8
152	276	1
61	358	1
335	123	3
72	86	1
327	333	2
240	2	36
111	330	1
461	124	35
705	72	69
526	78	46
31	227	1
569	54	57
348	101	8
59	250	1
296	131	6
297	238	2
388	102	16
592	113	58
82	258	2
447	14	36
341	66	6
513	68	42
144	284	2
494	48	35
590	90	45
277	16	2
135	214	1
46	162	1
319	64	2
727	71	75
162	336	1
22	155	1
421	75	21
664	71	56
121	204	1
230	286	1
122	383	1
302	123	21
344	120	33
325	58	5
767	77	73
149	199	2
204	23	1
500	48	35
120	329	1
283	23	1
429	12	32
597	83	47
107	382	1
436	194	46
148	1	22
352	103	9
298	239	2
439	87	24
160	4	9
434	40	34
585	95	46
272	344	2
404	346	22
373	21	31
138	369	1
301	227	4
50	24	1
86	241	1
89	19	1
254	264	1
167	5	4
557	50	54
26	209	1
278	8	24
140	105	1
33	33	1
235	173	3
228	388	1
266	108	1
251	109	1
413	203	38
220	142	3
60	250	1
153	67	1
228	222	2
155	214	1
284	5	16
342	247	5
127	178	1
147	336	1
184	145	2
49	131	1
160	394	21
469	240	46
415	281	27
127	3	27
146	181	1
101	383	2
377	273	17
213	251	1
567	118	54
456	234	42
296	233	3
740	87	69
599	140	62
196	287	2
141	394	31
270	168	5
454	14	35
222	250	1
299	229	3
137	213	1
272	342	2
223	25	1
498	127	43
280	310	3
448	285	45
467	94	28
285	59	1
359	20	34
360	100	11
329	65	4
332	250	5
574	52	59
117	226	1
102	382	2
29	54	1
436	40	34
408	84	18
157	295	2
31	199	1
711	26	74
36	175	2
76	70	2
60	136	1
26	264	1
278	307	3
300	228	3
455	12	36
329	249	4
93	368	2
403	200	35
262	296	1
68	239	1
267	66	1
142	24	2
361	99	11
588	126	59
94	241	1
151	257	1
119	283	1
391	278	20
94	128	1
148	182	1
156	182	1
375	34	15
412	40	24
426	13	32
465	94	28
530	80	46
235	289	1
272	309	3
403	279	25
693	73	65
119	57	1
390	357	23
447	43	34
31	93	1
570	58	57
242	27	1
115	347	1
386	107	16
229	340	1
329	115	3
538	103	41
186	121	1
261	36	1
340	341	9
269	164	6
200	181	2
55	361	1
130	23	1
41	29	1
61	66	1
350	17	38
602	109	56
399	364	29
275	306	3
59	20	1
242	332	1
144	374	1
255	109	1
590	128	60
279	237	2
272	5	25
536	124	50
294	348	1
314	61	2
78	18	1
297	3	11
26	60	1
338	250	5
455	235	40
95	223	1
242	244	1
226	26	1
497	49	35
28	260	1
303	343	1
269	46	1
130	129	1
131	21	1
441	39	34
459	125	36
484	49	34
558	65	55
687	104	66
345	118	35
163	219	1
259	290	1
205	151	3
337	348	15
432	40	32
51	132	1
91	365	2
21	74	1
258	35	1
465	48	36
342	67	6
566	29	58
586	95	46
419	76	22
148	67	1
333	121	3
153	184	1
62	66	1
134	106	1
264	298	1
443	82	25
250	159	4
575	51	59
342	178	11
217	334	1
24	64	1
405	18	31
718	84	69
427	13	32
200	385	1
721	80	69
184	187	2
24	239	1
27	263	1
598	82	47
284	238	2
285	24	1
163	282	2
576	33	60
116	282	1
123	248	2
341	348	12
159	293	1
572	21	59
76	18	1
276	7	24
64	356	1
587	45	62
510	129	45
38	359	1
76	97	1
275	252	3
134	252	1
63	357	1
762	86	74
655	97	62
271	360	1
152	299	2
741	87	70
131	362	1
557	122	53
478	392	55
137	10	19
30	138	1
131	251	1
60	307	1
95	202	1
27	58	1
601	81	47
161	218	1
416	78	22
237	26	1
187	103	1
280	248	3
281	238	2
462	47	32
338	9	41
253	293	1
256	353	1
499	38	37
64	84	1
741	80	69
46	228	1
301	345	1
33	113	1
323	331	1
453	46	38
190	185	2
29	229	1
68	64	2
273	6	24
225	176	3
371	346	14
154	259	1
407	202	36
65	356	1
246	165	3
356	272	8
68	282	3
305	120	21
651	67	54
313	8	11
243	331	1
210	384	1
284	68	1
728	83	70
35	32	1
472	220	53
54	305	1
312	208	2
499	47	35
135	5	24
707	73	69
266	257	3
30	318	1
68	56	1
564	51	55
236	220	2
150	25	1
260	295	1
562	121	53
121	159	3
319	329	1
446	14	35
180	126	1
53	232	1
271	161	3
365	70	11
459	129	36
386	355	18
495	392	50
85	199	1
215	25	1
440	285	43
369	329	23
25	82	1
190	329	1
206	147	3
281	248	3
52	362	1
444	215	45
202	385	1
421	86	20
717	72	70
28	88	1
378	21	31
731	84	70
567	31	57
91	334	2
309	246	2
94	201	1
148	255	1
497	126	43
557	101	45
27	144	1
764	72	73
157	375	1
413	237	25
417	234	26
110	329	1
605	142	65
76	54	2
661	71	56
81	197	1
248	29	1
124	381	1
268	301	1
583	12	62
126	2	27
476	392	54
331	64	4
421	281	30
32	35	1
287	352	1
343	178	12
715	83	68
148	279	1
96	192	2
173	377	1
28	87	1
268	19	1
608	107	58
274	307	3
384	101	16
756	83	73
704	73	68
619	102	58
125	60	1
328	333	2
384	20	31
133	178	1
479	48	34
483	53	35
252	161	3
396	241	20
513	73	45
534	124	49
441	86	24
243	350	1
247	165	3
145	253	1
127	110	2
271	341	2
256	333	1
290	136	3
265	17	1
50	255	1
710	27	73
398	279	24
56	234	1
401	36	22
436	78	23
277	308	3
25	267	1
352	106	9
317	249	2
161	290	1
118	282	1
66	308	1
69	281	3
237	392	1
79	271	2
153	393	25
209	292	1
280	330	1
72	87	1
272	68	1
271	20	1
75	194	1
130	62	1
96	333	2
265	107	1
305	12	12
348	102	9
82	259	2
317	327	1
428	283	35
212	24	1
723	82	69
89	339	1
144	285	2
326	96	1
276	362	1
406	72	19
135	209	1
46	163	1
212	143	3
306	244	2
532	80	46
588	85	46
441	286	43
259	355	1
477	125	38
27	207	1
304	34	2
767	76	74
201	107	1
92	129	1
149	198	2
280	11	3
153	259	1
429	11	33
305	5	11
160	347	1
185	146	2
607	105	58
611	106	58
28	322	1
395	20	31
345	15	41
120	115	2
265	334	1
674	73	61
269	302	1
72	246	1
531	103	39
290	350	1
229	384	2
690	73	65
234	278	2
235	172	3
76	194	1
239	219	2
552	122	53
243	28	1
171	267	1
44	27	1
64	308	1
136	332	1
171	222	1
174	185	2
189	104	1
481	236	53
386	345	17
79	196	1
247	24	2
379	349	15
125	177	1
327	96	1
414	204	38
222	334	1
593	135	63
278	145	3
498	69	35
266	335	1
430	76	23
34	310	1
727	84	70
665	72	57
27	221	1
361	1	37
586	49	62
56	134	1
436	34	35
296	234	2
482	237	53
729	84	70
451	16	35
609	142	66
76	72	1
612	106	58
81	19	1
524	78	45
272	343	2
681	106	66
76	274	3
349	343	11
443	286	43
445	14	35
430	87	22
71	84	1
517	74	45
116	245	1
263	152	3
430	198	44
235	154	3
184	66	1
238	245	1
370	328	24
26	83	1
407	39	22
31	198	1
765	86	74
71	378	2
110	382	1
76	71	2
278	304	3
26	265	1
281	7	23
280	143	3
138	213	1
157	215	1
197	288	2
609	107	58
224	386	1
226	336	1
635	65	54
125	393	2
235	2	37
53	23	1
163	353	1
736	82	71
188	148	2
120	247	1
358	273	15
241	168	3
332	65	4
243	243	1
340	1	39
268	358	1
505	70	38
179	133	1
215	105	1
592	85	45
461	233	44
686	105	66
87	19	1
566	52	55
733	82	70
149	1	22
260	4	29
499	68	35
48	156	1
229	339	2
103	382	2
141	210	1
254	293	1
21	71	1
25	329	1
418	85	20
111	383	1
455	237	43
332	120	3
139	334	1
712	81	68
134	8	25
246	269	1
528	126	48
358	33	15
404	201	35
205	157	3
244	392	1
262	283	2
233	153	3
268	67	1
52	304	1
285	5	16
400	75	17
56	360	1
527	79	46
111	279	1
168	183	1
205	291	2
188	381	1
421	16	32
26	61	1
44	103	1
173	186	1
322	10	11
277	364	1
440	193	48
154	300	1
27	86	1
28	261	1
136	367	1
269	45	1
337	4	38
71	353	1
181	187	2
312	326	1
415	18	32
131	20	2
441	38	34
459	124	35
228	250	1
719	64	72
394	340	22
198	108	2
345	117	37
516	129	46
115	245	1
442	15	34
91	364	2
239	156	4
77	273	3
722	70	72
724	83	69
48	25	1
128	129	1
238	348	1
419	79	21
311	37	2
278	365	1
443	85	24
591	88	45
35	191	1
636	101	59
438	285	43
24	65	1
666	71	59
566	25	57
384	276	20
331	63	4
351	176	13
27	262	1
119	329	1
136	63	1
248	292	1
163	285	2
561	69	58
725	84	69
32	314	1
303	34	2
159	292	1
572	22	59
96	268	1
298	21	2
318	208	2
181	141	2
255	394	1
90	201	1
343	354	13
508	104	36
152	300	2
559	51	55
158	262	1
325	105	2
347	347	13
536	82	47
78	100	1
561	126	57
119	247	1
120	282	1
212	384	1
30	139	1
195	287	2
411	237	24
508	129	43
314	326	1
575	32	57
100	331	2
118	126	1
135	308	1
416	79	21
131	11	25
24	79	1
72	379	3
142	393	30
168	4	4
716	73	69
33	112	1
97	19	1
562	127	58
29	228	1
412	236	24
68	65	2
289	351	1
36	106	1
56	190	1
516	71	45
697	74	65
149	256	1
80	196	1
335	190	12
119	125	1
741	81	70
68	283	3
178	186	2
330	65	4
132	130	1
188	103	1
26	326	1
133	215	1
388	20	31
377	42	16
691	72	65
518	129	46
522	76	45
499	46	35
118	174	1
707	72	69
30	319	2
68	57	2
270	334	1
258	4	30
332	3	51
83	105	1
128	109	2
76	56	2
224	145	3
459	128	36
123	127	1
248	23	1
602	80	48
512	66	38
277	250	3
25	81	1
78	272	2
133	208	1
283	239	2
252	3	31
588	50	62
223	386	1
205	179	2
207	179	2
742	81	69
70	137	1
178	221	1
746	80	71
129	362	1
419	16	32
76	55	2
367	101	13
259	36	1
422	15	32
245	270	1
652	66	54
33	313	1
88	18	1
269	67	1
548	51	53
182	273	1
498	39	35
443	231	35
155	305	1
191	24	1
600	109	56
726	72	75
380	71	14
109	383	1
96	193	2
281	369	2
389	37	18
392	279	20
252	393	1
237	219	2
152	194	2
243	3	35
153	303	1
391	342	21
285	314	7
214	384	1
489	391	49
586	98	46
37	31	1
347	97	7
224	175	3
167	321	1
61	137	1
82	197	1
300	345	1
319	207	2
144	288	2
53	362	1
309	37	2
417	83	21
331	120	3
23	77	1
134	208	1
137	332	1
28	56	1
305	243	2
289	25	1
201	290	3
271	340	2
113	128	1
149	66	1
191	150	2
34	130	1
72	81	1
326	332	2
456	240	44
277	307	3
25	266	1
99	271	2
495	49	35
503	49	35
558	100	45
130	362	2
458	47	31
577	51	59
31	117	1
231	342	1
34	100	1
288	61	1
163	5	8
273	370	5
417	84	20
553	58	55
66	309	1
138	333	1
246	332	1
445	233	36
163	351	1
236	178	3
447	286	45
666	98	63
463	48	37
598	128	61
157	27	1
433	197	45
199	384	1
219	334	1
55	305	1
183	380	1
310	246	2
260	260	2
336	349	15
86	18	1
213	292	1
346	266	7
293	348	1
348	103	9
352	98	8
279	68	1
262	4	29
299	240	2
231	335	1
158	181	1
89	338	1
144	286	2
270	68	1
165	274	1
238	391	1
240	349	1
23	67	1
98	384	2
63	248	1
155	260	1
394	279	20
469	236	47
147	181	1
425	14	32
27	206	1
45	227	1
524	128	47
52	254	1
472	47	35
399	75	17
330	334	3
739	83	69
705	71	69
338	181	11
357	34	15
250	108	1
429	10	33
160	348	1
178	266	1
168	268	2
64	248	1
65	238	1
28	323	1
462	242	46
86	132	1
258	261	2
405	82	16
62	237	1
559	122	53
249	29	1
585	46	61
470	237	52
184	379	1
517	71	44
478	125	39
278	14	2
300	31	2
46	26	1
339	12	41
123	382	1
251	293	1
71	246	1
436	36	35
244	332	1
83	19	1
122	58	1
50	303	1
487	269	48
253	394	1
270	167	5
560	122	53
300	240	2
137	210	1
304	243	2
379	348	14
35	101	1
159	394	21
179	222	1
324	331	1
455	46	32
313	62	2
296	2	12
25	63	1
150	278	1
66	286	3
158	310	1
34	311	1
180	266	1
211	292	1
251	333	1
240	218	2
111	242	1
450	16	36
436	35	35
714	75	69
222	105	1
353	270	8
151	183	1
354	33	14
57	360	1
365	20	32
460	232	44
207	332	1
342	347	12
162	264	1
325	332	1
135	63	1
300	126	9
159	181	1
145	209	1
446	116	30
250	22	1
35	309	2
53	190	1
267	358	1
729	92	68
512	129	46
380	351	15
272	304	2
130	329	1
42	48	1
387	74	15
558	50	55
617	105	58
30	92	1
252	212	2
325	250	3
422	282	30
136	4	24
499	126	43
635	64	54
531	125	48
163	352	1
236	346	1
700	73	67
59	307	1
96	242	1
333	251	5
724	71	74
191	184	2
746	84	72
32	196	1
363	274	15
501	128	43
30	52	1
565	28	58
730	93	68
755	79	72
422	87	20
556	100	45
342	341	9
254	108	1
401	200	35
570	56	57
682	107	66
334	4	50
62	137	1
192	184	2
229	338	2
375	322	24
675	72	61
87	131	1
161	5	9
148	200	2
21	70	1
594	136	62
25	328	1
170	221	1
300	3	11
121	247	1
338	257	6
33	195	1
167	184	1
172	376	1
209	63	1
227	149	3
245	350	1
279	9	5
35	176	2
53	305	1
388	74	15
466	236	47
393	340	22
449	44	35
656	68	56
610	106	58
205	156	4
277	68	1
512	72	45
403	73	19
560	63	56
389	102	20
321	336	2
160	263	1
395	278	21
272	150	3
445	115	30
277	363	2
154	301	1
47	26	1
30	38	1
194	113	2
230	389	1
587	49	62
581	14	61
459	127	36
206	178	2
189	330	1
316	9	13
423	77	22
527	38	45
142	64	1
198	109	2
26	146	1
337	338	7
546	51	47
93	202	1
707	71	70
449	284	54
419	78	22
385	277	20
562	34	57
565	119	54
584	11	62
35	190	1
235	278	2
514	129	46
437	41	34
610	141	67
133	251	1
377	22	31
231	151	3
566	30	57
108	277	1
180	186	2
242	2	35
481	48	34
48	130	1
230	341	1
567	53	56
163	284	2
92	366	2
220	384	1
244	270	1
122	248	1
32	315	1
71	193	1
146	335	1
587	94	46
96	269	3
223	335	1
101	20	1
251	30	1
197	182	2
218	333	1
182	266	1
183	103	1
185	380	1
352	33	14
261	356	1
31	51	1
164	219	1
75	93	1
273	308	3
152	301	1
521	75	45
340	260	6
234	220	2
237	246	1
347	346	11
460	91	26
23	241	1
170	266	1
62	308	1
562	69	58
304	349	2
603	141	65
52	189	1
328	339	7
552	51	54
138	105	1
122	114	2
266	34	1
200	290	3
201	180	2
254	32	1
183	124	2
186	381	1
24	80	1
418	233	26
86	199	1
180	136	1
165	220	1
42	169	1
23	153	1
60	19	1
223	106	1
239	170	3
244	167	3
461	92	26
427	283	34
68	66	2
160	291	2
142	375	2
36	107	1
569	22	58
57	234	1
735	92	70
334	336	7
444	107	31
376	70	13
551	51	54
737	83	70
222	176	3
26	327	1
82	104	1
46	130	1
226	175	3
763	73	73
91	129	1
118	175	1
135	7	25
104	20	1
139	64	1
32	134	2
68	58	2
86	329	1
251	266	1
269	359	1
94	196	2
295	381	3
188	281	1
756	79	72
618	104	58
433	41	34
184	123	1
572	60	58
76	57	2
41	105	1
224	146	3
119	117	2
49	25	1
89	130	1
96	385	2
424	14	32
440	287	44
728	92	68
31	46	1
396	76	16
73	380	3
182	142	2
416	280	28
588	51	62
22	242	1
152	258	1
63	84	1
364	34	15
201	384	1
535	48	45
295	378	2
246	26	1
51	24	1
126	177	1
235	346	1
569	32	57
437	229	29
167	331	1
277	145	3
33	312	1
306	118	21
323	2	12
416	85	20
573	20	59
97	270	2
410	40	23
445	214	45
511	128	46
353	34	14
227	386	2
264	152	3
432	196	45
274	305	2
383	346	14
153	302	1
226	387	2
600	140	64
530	126	48
353	345	12
723	70	72
417	82	21
54	361	1
274	6	24
419	233	26
61	249	1
62	249	1
298	128	9
28	57	1
728	42	73
529	79	46
251	160	4
143	280	1
36	358	1
381	71	15
348	176	12
435	41	34
352	270	8
25	211	1
156	296	2
574	20	59
34	131	1
72	82	1
757	82	72
80	18	1
260	286	1
28	223	1
343	124	33
715	63	68
348	105	9
82	262	2
445	290	46
284	59	1
31	116	1
344	342	10
528	47	45
127	128	1
58	306	1
186	280	1
402	74	18
442	85	24
553	57	55
560	37	56
357	273	8
702	65	70
91	237	1
23	271	1
406	38	22
63	67	1
374	33	15
51	254	1
399	77	16
58	20	1
117	321	1
464	360	38
232	287	1
33	133	2
438	230	29
590	46	62
352	99	8
447	287	45
662	70	56
83	245	1
138	63	1
233	288	1
89	337	1
144	287	2
456	1	39
590	89	46
23	66	1
405	72	19
138	373	1
48	256	1
596	128	61
72	241	1
150	67	1
281	331	1
561	51	55
229	389	1
230	285	2
443	36	35
705	70	69
84	133	1
602	141	65
583	93	46
415	74	21
168	269	2
439	80	23
84	244	1
376	112	16
126	60	1
324	333	2
246	351	1
143	375	1
328	66	4
478	98	29
26	220	1
411	39	24
50	230	1
436	37	35
309	209	2
557	64	55
316	248	2
137	64	1
396	333	27
270	164	5
560	123	53
282	356	1
274	106	1
257	34	1
328	250	4
385	21	31
25	62	1
442	110	29
66	287	1
121	114	2
484	50	35
158	311	1
380	99	15
181	126	1
168	221	1
260	355	1
557	40	56
502	127	43
715	74	69
77	195	1
296	236	2
402	345	22
194	106	1
266	18	1
214	105	1
513	51	38
454	13	35
58	359	1
221	249	1
261	285	2
121	317	1
85	244	1
584	120	57
35	109	1
108	128	1
36	306	1
363	69	11
241	331	1
398	19	31
570	55	57
406	83	16
263	5	28
300	127	9
32	95	1
103	330	2
108	330	1
91	201	1
75	19	1
241	292	1
80	102	1
539	102	41
561	38	56
613	106	58
685	108	66
761	75	73
33	48	1
125	127	1
35	308	2
477	392	54
370	326	24
245	331	1
173	222	1
249	213	2
303	325	1
730	83	70
379	35	16
148	25	1
132	179	1
444	42	34
465	235	51
472	238	51
326	66	3
609	105	58
24	150	1
442	112	28
635	67	54
47	364	1
213	25	1
233	173	3
275	7	24
297	22	1
480	237	52
761	76	73
177	131	1
32	197	1
196	182	2
250	30	1
368	109	12
459	243	44
576	119	54
30	53	1
395	360	22
179	135	1
765	72	74
608	141	66
41	170	1
592	87	45
580	99	45
31	94	1
400	199	35
437	78	23
606	141	66
115	348	1
229	337	1
194	286	2
266	358	1
307	37	2
396	19	31
457	11	37
148	201	2
95	66	1
118	225	1
725	71	75
761	85	74
33	194	1
550	50	54
55	191	1
311	209	2
368	100	13
740	79	71
244	244	1
263	281	4
131	17	2
422	79	22
667	99	63
65	309	2
155	183	1
265	256	3
253	211	2
41	361	1
96	18	1
169	375	1
295	25	1
331	3	51
118	329	1
66	355	1
93	240	1
243	393	1
374	22	31
530	46	45
70	192	1
144	66	1
440	195	48
152	2	11
540	123	51
703	66	70
376	43	16
106	329	2
131	22	1
459	126	36
43	168	1
423	76	21
527	33	45
159	27	1
363	33	15
147	374	1
259	295	1
455	10	35
26	147	1
118	320	1
282	57	1
502	35	37
399	20	31
37	305	1
401	74	18
208	23	1
50	188	1
125	3	27
369	100	13
459	230	44
541	124	50
429	88	22
562	35	57
160	217	1
280	237	2
267	18	1
527	46	45
125	314	1
474	47	34
149	26	1
152	295	2
61	307	1
32	114	1
435	111	27
92	367	2
25	149	1
118	202	1
188	186	2
28	230	1
335	5	48
372	324	24
236	1	37
202	330	1
98	126	1
443	108	29
342	263	7
183	102	1
186	198	2
131	4	25
39	360	1
42	28	1
338	13	42
31	50	1
214	333	1
606	105	58
240	157	4
612	141	67
25	237	1
170	376	1
338	339	7
267	152	3
69	193	1
285	238	2
347	349	13
675	103	64
23	240	1
261	5	29
372	323	24
265	66	1
525	78	45
68	68	1
69	82	1
106	275	1
198	181	2
364	69	11
40	360	1
495	391	49
315	62	2
211	385	1
339	180	11
431	282	36
287	60	1
507	128	43
77	99	1
131	13	2
278	236	2
570	23	58
156	3	10
139	253	1
449	15	35
324	55	4
717	83	69
168	6	8
276	306	3
23	152	1
707	69	69
68	60	2
440	112	28
295	327	1
576	50	59
245	393	1
29	226	1
68	67	1
582	120	57
271	165	5
91	19	1
54	133	1
130	311	1
556	63	55
79	135	1
156	26	1
568	74	62
186	187	2
352	175	14
230	383	3
32	135	2
68	59	2
94	197	2
349	67	6
288	352	1
164	275	1
271	162	4
516	72	45
76	58	2
440	230	29
459	130	36
136	308	1
123	113	2
566	72	60
164	354	1
330	118	3
262	356	1
229	287	1
448	288	45
32	47	1
144	254	1
182	143	2
203	22	1
442	40	34
334	122	3
742	87	70
567	24	58
109	277	1
418	17	33
274	311	4
94	204	2
183	275	1
222	385	1
757	79	72
246	27	1
234	345	1
344	15	41
57	251	1
58	235	1
59	235	1
167	330	1
575	89	50
584	47	61
199	181	2
237	2	37
511	50	38
206	153	3
464	93	26
233	221	2
88	131	1
234	174	3
289	6	20
585	48	61
308	339	5
133	360	1
134	366	1
361	33	15
87	330	1
163	288	1
489	268	47
410	203	36
123	158	2
267	334	1
341	262	7
75	275	2
256	34	1
367	108	12
42	104	1
43	362	1
82	268	1
213	385	1
417	81	21
509	128	44
74	18	1
403	345	22
60	65	1
27	325	1
190	382	1
728	43	72
49	155	1
158	216	1
674	59	61
398	363	22
25	210	1
261	209	2
156	297	2
378	34	16
507	71	39
345	352	13
766	75	74
59	136	1
242	168	3
260	287	1
277	305	3
350	68	6
443	41	34
704	67	70
268	335	1
31	317	1
289	377	2
329	335	3
55	252	1
348	106	10
223	144	3
151	2	21
134	62	1
82	263	2
445	289	45
528	32	45
234	1	38
252	352	1
401	240	21
590	87	45
442	82	25
66	307	1
67	246	1
471	221	51
93	128	1
129	4	26
314	8	11
23	270	1
279	303	4
389	21	31
230	283	2
266	151	3
158	338	1
238	220	2
154	183	1
246	108	1
354	18	36
356	175	15
33	132	1
401	344	22
239	392	1
352	100	9
78	195	1
44	362	1
372	111	13
462	233	44
191	383	1
52	23	1
89	336	1
676	103	64
348	16	40
439	284	42
573	62	59
591	84	45
299	3	11
66	247	1
563	120	53
726	83	70
86	242	1
159	216	1
380	110	16
236	171	3
382	275	20
186	102	1
243	107	1
409	202	36
427	231	29
49	230	1
266	299	1
87	337	1
197	107	1
311	247	2
370	346	14
79	75	1
99	242	1
705	69	69
395	335	23
433	77	24
71	136	1
330	2	52
168	270	1
257	354	1
560	69	58
247	28	1
253	352	1
205	253	1
260	35	1
264	38	1
428	87	22
484	52	35
250	332	1
70	83	1
163	335	1
129	22	1
123	205	1
414	17	32
436	38	34
331	335	3
315	9	11
596	110	56
45	363	1
191	284	2
157	337	1
158	26	1
451	44	35
125	221	1
515	128	46
402	37	22
556	121	53
460	243	47
246	292	1
379	350	15
215	385	1
204	291	2
442	111	29
206	252	1
484	51	35
564	120	53
185	122	1
291	350	1
152	184	1
336	250	5
27	222	1
62	357	1
592	129	61
213	332	1
146	375	1
273	50	1
440	40	34
296	237	2
30	200	1
258	354	1
562	52	55
261	284	2
558	41	56
30	91	1
89	240	1
35	108	1
36	307	2
385	109	16
758	79	72
84	106	1
532	104	39
93	228	1
24	330	1
754	79	71
761	74	72
124	112	2
254	393	1
272	163	4
310	208	2
370	327	24
150	196	2
454	234	40
120	354	1
599	129	63
196	258	1
454	5	37
441	16	34
150	183	1
63	137	1
65	247	1
284	23	1
709	76	69
345	103	8
605	107	58
386	108	16
24	151	1
95	386	2
442	113	28
635	66	54
158	294	1
625	104	59
127	61	1
588	116	57
96	244	1
388	356	20
47	161	1
177	130	1
430	283	35
434	230	29
383	276	20
586	46	62
672	101	64
179	134	1
257	334	1
211	332	1
246	242	1
283	356	1
339	259	6
306	63	2
393	337	23
273	334	1
309	18	12
752	83	72
186	146	2
161	27	1
269	335	1
270	359	1
532	126	48
237	347	1
238	27	1
39	30	1
594	134	62
761	84	73
355	272	8
216	106	1
34	177	1
90	18	1
418	80	21
455	238	43
136	214	1
448	13	36
340	11	41
34	32	1
38	173	2
275	310	4
131	16	2
167	267	1
517	128	46
581	99	45
585	96	46
346	97	7
239	291	1
366	100	13
187	281	1
259	289	1
295	24	1
45	166	1
247	291	1
352	344	12
568	23	58
291	378	2
509	57	38
589	116	57
593	113	58
259	334	1
594	129	61
387	344	18
663	71	56
231	65	1
345	344	10
419	75	21
274	369	3
277	361	1
378	272	18
71	354	1
54	190	1
240	273	1
185	189	2
134	6	24
616	76	49
110	129	1
273	312	4
189	185	2
120	160	2
282	6	22
230	336	1
68	192	1
33	98	1
251	352	1
163	281	2
37	304	1
22	76	1
351	270	8
47	188	1
429	198	43
547	50	48
510	51	37
703	74	68
245	243	1
103	128	1
271	254	3
183	104	2
204	179	2
276	235	2
617	75	49
103	273	2
430	14	32
197	257	1
143	304	1
74	92	1
455	2	38
332	335	7
43	49	1
152	296	2
225	387	1
479	392	55
481	54	35
32	115	1
88	336	1
124	60	1
198	288	2
145	180	1
132	377	1
404	73	19
25	148	1
28	231	1
102	273	2
36	103	1
55	133	1
256	64	1
203	331	1
255	294	1
97	119	1
441	196	49
510	58	39
678	105	65
431	284	36
161	264	1
416	75	21
277	236	2
228	288	1
75	95	1
296	384	4
612	142	67
25	236	1
278	69	1
134	131	1
65	69	1
122	158	2
230	151	3
333	336	7
36	31	1
347	348	13
153	336	1
614	105	58
390	103	20
69	81	1
451	87	25
140	375	1
89	361	2
768	75	74
368	331	23
131	12	25
77	98	1
351	18	37
81	103	1
135	251	1
452	13	35
185	65	1
24	268	1
27	233	1
135	8	23
85	19	1
68	61	2
377	348	14
734	83	70
126	314	1
307	9	11
128	250	1
94	195	1
496	126	42
444	291	46
29	225	1
304	342	1
450	86	25
271	164	4
329	338	7
510	36	42
76	60	1
130	206	1
97	385	2
221	143	3
298	2	11
262	36	1
683	108	66
236	391	1
164	356	1
494	390	49
498	48	35
61	236	1
595	111	56
373	42	15
193	105	1
29	259	1
307	340	2
189	221	2
118	173	2
603	108	58
695	73	65
94	202	1
295	383	4
593	86	45
28	204	1
266	67	1
525	127	47
141	374	2
380	274	18
516	73	45
76	59	2
149	278	1
243	167	3
443	114	28
442	215	46
119	119	2
572	62	59
164	355	1
168	102	1
330	119	3
355	69	9
302	241	2
588	45	62
167	103	1
350	200	12
260	208	2
118	164	2
325	65	3
94	205	1
313	247	2
668	100	63
389	74	15
30	227	1
158	393	21
342	122	33
53	253	1
698	73	65
55	233	1
76	50	2
572	53	58
63	308	1
483	48	34
179	267	1
414	280	27
224	26	1
206	158	3
189	382	1
155	306	1
299	31	2
595	125	61
234	175	3
366	21	32
97	202	1
227	388	1
219	142	3
221	105	1
131	330	1
341	261	7
142	334	1
769	74	74
348	108	10
154	213	1
335	347	14
249	158	4
339	339	7
31	137	1
417	80	21
272	360	1
326	106	2
23	78	1
27	324	1
134	215	1
307	244	2
255	33	1
370	99	13
297	385	4
450	11	35
512	50	38
714	82	68
669	100	63
529	30	46
31	316	1
164	265	1
329	334	2
348	107	10
276	53	1
208	291	1
298	230	3
333	4	50
82	260	2
607	142	66
34	99	1
144	282	1
327	113	3
346	177	12
276	367	3
208	178	2
297	377	2
539	124	50
763	87	74
362	273	15
37	359	1
185	102	1
25	218	1
123	357	1
234	288	1
253	4	31
714	93	68
293	3	12
314	248	2
280	8	23
104	129	1
105	21	1
587	99	46
200	255	1
551	121	53
607	108	58
476	47	34
555	122	53
352	101	9
151	26	1
227	221	2
66	69	1
90	335	2
273	360	1
271	310	3
296	23	1
404	344	23
337	256	5
86	243	1
473	238	51
98	270	2
212	333	1
212	250	1
302	124	9
767	72	74
417	281	28
56	252	1
166	266	1
705	68	70
448	43	35
194	22	1
339	249	5
395	334	23
269	19	1
238	290	1
168	271	1
259	5	29
206	331	1
389	356	20
616	99	59
528	31	45
51	304	1
709	80	66
38	30	1
615	106	58
324	1	13
144	210	1
599	109	57
92	229	1
589	86	45
185	112	2
496	48	35
350	175	13
225	25	1
760	71	74
134	331	1
428	231	29
250	3	32
436	39	34
576	100	44
228	385	2
233	391	1
76	77	1
132	207	1
223	142	3
281	57	1
424	75	21
83	133	1
29	321	1
463	234	44
545	50	47
324	249	3
558	39	56
35	102	1
273	346	3
275	394	1
350	344	11
650	66	54
134	179	1
120	126	1
190	283	1
247	350	1
374	322	24
69	240	1
236	154	4
554	51	54
152	185	2
315	327	1
353	69	8
406	201	36
28	142	1
321	329	1
760	78	72
513	128	46
273	49	1
456	239	44
383	353	15
577	99	44
26	84	1
30	201	1
323	65	3
161	337	1
126	221	1
179	187	2
76	68	2
241	3	35
454	3	38
461	243	47
120	22	1
581	119	54
306	10	11
397	278	24
165	266	1
696	73	65
189	148	2
211	251	1
429	283	35
250	351	1
124	2	28
272	21	1
254	240	2
182	125	1
310	38	2
381	98	15
24	331	1
296	326	1
354	68	9
156	261	1
387	356	18
685	106	66
213	143	3
535	125	50
150	197	3
562	61	58
526	47	45
76	67	1
80	134	1
261	260	2
227	249	1
135	367	1
480	54	35
584	97	46
709	75	69
306	5	11
345	102	8
605	106	58
385	101	16
169	267	1
464	47	37
376	321	24
374	348	14
105	275	1
601	108	56
759	79	72
96	245	2
518	71	43
117	246	1
47	160	1
177	129	1
284	329	1
53	132	1
112	21	1
404	37	22
155	3	10
160	182	1
337	14	42
252	292	1
444	35	35
45	27	1
686	109	67
85	132	1
339	258	6
216	333	1
343	346	12
574	88	49
460	360	37
51	189	1
325	113	22
151	277	1
597	138	62
67	285	3
325	2	53
345	342	10
131	130	1
27	85	1
279	10	3
448	14	36
764	87	74
131	19	2
349	269	8
459	123	35
172	266	1
563	52	55
175	186	2
509	71	40
259	288	1
295	27	2
349	243	5
758	81	72
45	165	1
91	363	2
290	377	2
165	182	1
440	86	24
281	311	4
503	69	38
50	131	1
124	158	2
214	24	1
271	67	1
75	137	1
129	251	1
458	19	46
387	21	31
29	141	1
765	88	74
344	353	13
125	249	1
126	249	1
56	21	1
128	61	1
185	188	2
384	354	15
713	82	68
423	78	22
244	108	1
394	336	23
417	17	32
37	174	2
455	4	38
371	99	13
82	18	1
121	21	1
120	161	2
281	143	3
33	97	1
88	330	1
163	280	2
75	49	1
313	209	2
568	31	57
322	1	12
285	139	3
34	192	1
202	180	2
274	361	1
97	125	1
480	99	31
575	62	59
407	71	19
30	44	1
141	23	2
185	197	2
61	192	1
135	132	1
137	253	1
283	330	1
199	107	1
273	304	2
531	45	45
114	244	1
42	361	1
477	48	34
152	297	3
67	355	1
255	239	2
183	265	1
22	68	1
256	263	1
154	68	1
101	128	1
28	224	1
137	4	24
279	367	2
561	121	53
162	4	9
710	81	66
436	16	32
510	59	39
238	156	4
385	355	18
297	129	9
301	4	11
416	76	22
398	76	16
113	22	1
369	345	14
405	38	22
479	99	31
580	65	59
138	252	1
321	65	2
432	76	24
236	289	1
39	172	1
276	309	4
207	160	3
635	102	59
286	138	3
253	109	1
598	110	58
188	262	1
425	76	21
248	158	3
618	101	59
233	1	38
69	80	1
178	377	1
129	206	1
209	24	1
463	360	38
84	198	1
361	274	15
89	360	2
396	279	21
131	15	2
60	191	1
152	392	26
31	37	1
87	200	1
397	240	20
292	26	1
490	268	60
24	269	1
26	234	1
27	232	1
392	358	22
68	62	2
323	334	2
345	266	7
359	34	15
457	46	31
591	130	61
373	322	25
156	374	1
329	337	7
679	106	65
266	40	1
344	178	12
362	100	12
566	119	54
382	99	15
701	74	67
265	299	1
29	258	1
250	292	1
324	56	4
270	20	1
241	273	1
97	191	2
259	261	2
192	149	2
212	291	1
304	4	11
51	231	1
410	84	19
142	210	1
94	203	2
59	359	1
295	382	3
209	332	1
504	70	38
28	205	1
600	129	62
270	253	3
274	333	1
76	52	2
119	118	2
393	278	20
565	72	59
182	274	1
738	89	69
77	19	1
560	51	55
559	101	45
597	111	56
252	31	1
402	239	21
131	311	1
132	4	24
43	28	1
337	180	11
305	342	1
567	26	57
435	77	24
608	105	58
60	358	1
246	25	2
124	176	1
342	123	33
76	51	2
441	231	31
383	110	16
745	81	71
34	110	1
277	15	2
206	159	3
465	359	38
121	389	1
120	203	1
29	90	1
254	353	1
237	290	1
149	182	1
116	322	2
544	50	46
283	6	16
29	203	1
145	25	1
54	253	1
454	45	38
348	109	10
60	236	1
352	104	9
688	103	67
320	1	12
31	136	1
55	22	1
94	386	2
240	291	1
225	335	1
154	392	22
263	37	1
277	8	24
674	57	64
327	8	13
588	92	45
132	10	25
481	99	31
134	359	2
119	319	1
411	85	19
139	104	1
766	73	74
72	85	1
200	106	1
453	13	35
129	178	1
475	48	34
131	178	1
596	83	47
348	100	8
58	251	1
296	130	9
311	16	11
98	18	1
99	384	2
82	261	2
230	64	1
344	345	12
144	283	2
242	392	1
150	257	1
283	246	3
249	23	1
119	1	28
120	1	28
122	1	28
121	2	28
142	1	21
141	2	21
316	1	11
315	2	11
140	2	21
139	3	22
290	2	12
289	3	12
314	2	11
313	3	11
288	3	12
287	4	16
288	5	16
133	5	24
308	5	11
307	6	11
311	5	11
311	6	11
336	6	48
337	7	47
454	6	37
454	7	36
312	7	11
324	8	11
323	9	11
454	8	36
455	9	35
192	9	1
193	10	1
194	11	1
195	12	1
195	13	1
195	14	1
195	15	1
195	16	1
195	17	1
195	18	1
195	19	1
195	20	1
195	21	1
196	22	1
197	22	1
279	12	3
278	13	2
450	14	35
451	14	35
452	16	35
453	15	35
455	15	35
580	15	61
579	16	60
259	17	1
258	18	1
260	17	1
261	17	1
310	17	11
577	17	60
576	18	59
64	18	1
63	19	1
65	18	1
66	18	1
277	18	1
277	19	1
275	21	1
276	21	1
137	19	1
139	22	1
140	23	2
256	19	1
257	19	1
404	19	31
137	20	1
137	21	1
136	22	1
254	20	1
255	20	1
277	20	1
277	21	1
277	22	1
277	23	1
252	21	1
251	22	1
253	21	1
279	21	1
280	22	1
281	22	1
198	22	1
199	22	1
375	22	31
376	22	31
188	23	1
189	23	1
190	23	1
143	24	2
144	24	2
183	24	1
184	24	1
286	24	1
287	24	1
172	26	1
173	26	1
174	26	1
175	26	1
265	35	1
264	36	1
305	35	2
526	35	44
524	36	43
525	36	44
511	36	42
512	36	42
561	36	57
320	37	2
321	37	2
383	38	17
383	39	18
559	38	56
30	39	1
30	40	1
30	41	1
382	40	18
381	41	18
30	42	1
30	43	1
445	42	34
446	42	34
557	42	55
556	43	55
556	44	55
452	45	35
70	47	1
69	48	1
68	49	1
56	61	1
71	47	1
72	47	1
68	50	1
68	51	1
57	62	1
73	47	1
68	52	1
68	53	1
58	63	1
74	48	1
68	54	1
68	55	1
59	64	1
520	48	39
521	48	39
32	49	1
44	49	1
45	50	1
515	49	38
514	50	38
517	49	39
518	49	39
580	49	60
581	49	61
505	50	35
506	50	35
578	50	60
579	50	60
46	51	1
274	51	1
275	52	1
47	52	1
509	52	36
509	53	36
509	54	36
565	52	55
48	53	1
49	54	1
278	54	1
50	55	1
279	55	1
51	56	1
52	57	1
112	57	1
111	58	1
114	57	1
115	57	1
53	58	1
110	58	1
109	59	1
283	58	1
717	58	72
716	59	72
716	60	72
716	61	72
716	62	68
717	63	72
718	63	72
54	59	1
108	59	1
107	60	1
571	59	58
55	60	1
106	60	1
105	61	1
509	60	39
726	60	72
723	61	72
724	61	72
725	61	72
722	62	72
76	61	1
76	62	1
68	69	1
67	70	1
68	70	1
317	61	2
317	62	2
103	62	1
102	63	1
104	62	1
310	62	2
311	62	2
76	63	1
76	64	1
69	71	1
101	63	1
100	64	1
318	63	2
720	63	72
721	63	72
99	64	1
98	65	1
198	64	1
199	64	1
298	64	2
299	64	2
300	64	2
301	64	2
559	64	56
76	65	1
76	66	1
69	72	1
97	65	1
96	66	1
143	65	1
189	65	1
190	65	1
292	65	1
293	65	1
712	65	66
713	65	68
182	66	1
183	66	1
559	66	57
94	67	1
93	68	1
559	67	57
559	68	57
642	67	54
643	67	54
644	67	54
653	67	54
654	67	54
655	67	56
92	68	1
91	69	1
281	68	1
280	69	1
90	69	1
89	70	1
500	69	38
501	69	38
657	69	56
658	69	56
659	70	56
88	70	1
87	71	1
368	70	11
369	70	12
515	70	45
563	70	58
632	70	52
633	70	52
378	71	14
379	71	14
564	71	59
629	71	51
630	71	51
20	72	1
21	73	1
85	72	1
84	73	1
384	72	15
385	72	15
627	72	51
628	72	51
681	72	62
682	72	62
684	72	62
685	73	62
686	72	62
687	73	63
688	72	63
689	73	64
76	73	1
76	74	1
76	75	1
76	76	1
78	76	1
77	77	1
83	73	1
82	74	1
412	73	20
413	73	21
567	73	60
624	73	51
625	73	51
81	74	1
80	75	1
391	74	15
390	75	15
699	74	66
708	74	69
392	75	15
393	75	15
519	75	45
520	75	45
712	75	70
713	75	70
394	76	15
395	76	16
610	77	48
611	77	48
709	77	69
709	78	69
709	79	69
761	77	73
762	77	73
763	77	73
764	77	73
765	77	73
766	78	73
400	78	16
401	79	16
438	79	23
719	79	69
720	79	69
751	79	71
749	80	71
750	80	72
752	80	71
753	80	71
753	81	71
759	82	72
66	83	1
67	83	1
444	83	25
721	83	69
722	83	69
760	83	73
65	84	1
444	84	24
445	84	25
446	85	25
542	84	48
543	84	49
595	84	46
414	85	20
415	85	20
447	85	25
448	85	25
545	85	50
546	85	50
744	85	70
552	86	51
553	86	46
423	87	21
424	87	21
452	87	25
453	87	25
73	88	1
73	89	1
454	88	25
564	88	47
565	88	47
566	88	47
567	88	48
568	88	48
569	88	48
581	88	46
577	89	46
578	89	46
579	89	46
580	89	46
580	90	46
739	88	69
456	89	26
457	89	26
581	91	46
582	92	46
731	92	69
732	92	69
733	92	69
734	92	70
335	94	1
337	94	2
336	95	2
469	94	28
468	95	28
584	94	46
350	96	8
351	97	8
316	97	1
317	97	1
325	97	1
325	98	1
325	99	1
349	97	8
348	98	8
354	97	9
355	98	9
658	97	62
659	97	62
660	97	62
661	97	63
311	98	1
312	98	1
357	98	10
358	99	10
372	98	14
373	98	14
646	98	61
647	98	61
664	98	63
665	98	63
306	99	1
307	99	1
483	99	31
482	100	31
579	99	45
578	100	44
643	99	61
644	99	61
302	100	1
303	100	1
363	100	13
364	100	13
488	101	32
489	101	32
637	101	59
638	101	60
176	102	1
177	102	1
178	102	1
179	102	1
386	102	16
386	103	16
386	104	16
631	102	59
632	102	60
673	102	64
674	103	64
717	102	69
717	103	69
717	104	69
290	103	1
291	103	1
394	103	20
395	103	20
396	103	20
397	103	20
398	103	20
399	104	20
497	103	35
498	103	35
143	104	1
144	104	1
145	104	1
149	104	1
150	104	1
151	104	1
152	104	1
153	104	1
154	104	1
155	104	1
156	104	1
157	104	1
158	104	1
190	104	1
191	104	1
286	104	1
287	104	1
344	104	9
348	104	9
400	104	20
401	104	20
402	104	20
403	104	20
503	104	35
504	104	35
519	104	36
520	104	37
522	104	37
523	104	37
524	104	37
525	104	38
37	105	1
38	105	1
136	105	1
135	106	1
212	105	1
213	105	1
219	105	1
220	105	1
407	105	21
408	105	21
409	105	21
410	105	24
195	106	1
196	106	1
202	106	1
203	106	1
342	106	9
341	107	9
414	106	24
415	106	24
132	107	1
133	107	1
86	108	1
131	108	1
340	108	9
605	108	58
604	109	58
606	109	58
87	109	1
339	109	9
88	110	1
183	110	2
184	111	2
338	110	9
349	110	10
351	110	9
350	111	38
349	112	38
348	113	38
347	114	38
347	115	38
346	116	38
369	110	12
370	110	12
433	110	27
434	110	27
89	111	1
126	111	2
125	112	2
197	111	2
306	111	21
307	112	21
308	113	21
308	114	21
308	115	21
308	116	21
309	116	21
337	111	9
371	111	12
90	112	1
196	112	2
314	112	22
312	113	22
313	113	22
336	112	3
594	112	58
91	113	1
195	113	2
320	113	22
321	113	22
322	113	22
323	113	22
334	113	3
335	113	3
92	114	1
193	114	2
192	115	2
191	116	2
190	117	2
189	118	2
311	114	22
328	114	3
333	114	3
591	114	58
93	115	1
310	115	21
331	115	3
330	116	3
590	115	58
94	116	1
95	117	1
307	117	21
587	117	57
30	118	1
30	119	1
96	118	1
586	118	57
451	119	33
452	119	33
585	119	57
30	120	1
31	121	1
97	120	1
453	120	33
454	120	34
304	121	21
343	121	33
599	121	63
600	121	63
601	121	63
598	122	62
31	122	1
32	123	1
303	122	21
585	122	58
585	123	58
597	123	62
32	124	1
33	125	1
466	124	38
467	124	38
586	124	58
596	124	62
601	129	62
471	125	38
472	125	38
473	125	38
474	125	38
475	125	38
476	125	38
480	125	39
479	126	39
482	125	39
484	125	39
483	126	39
587	125	59
33	126	1
34	127	1
96	126	1
95	127	1
494	126	42
495	126	42
595	126	61
595	127	61
597	128	61
115	127	1
116	127	1
117	127	1
179	127	1
500	127	43
504	127	43
503	128	43
589	127	60
34	128	1
35	129	1
178	128	1
178	132	1
173	130	1
174	130	1
175	130	1
167	131	1
168	131	1
169	131	1
138	132	1
139	132	1
140	132	1
141	132	1
142	132	1
143	132	1
152	132	1
153	132	1
154	132	1
155	132	1
156	132	1
157	132	1
158	132	1
159	132	1
589	132	62
593	132	62
593	133	62
81	134	1
82	134	1
58	135	1
292	135	3
291	136	3
292	137	3
180	138	2
180	139	2
181	140	2
288	138	3
287	139	3
268	139	3
269	140	3
268	151	3
269	151	3
598	139	62
224	141	3
270	141	3
271	142	3
272	143	3
273	144	3
274	145	3
275	146	3
275	147	3
217	142	3
218	142	3
214	143	3
215	143	3
208	145	3
209	145	3
210	145	3
207	146	3
276	146	3
225	147	3
202	148	2
203	148	2
205	148	3
205	149	3
205	150	3
226	148	3
274	148	3
196	149	2
197	149	2
273	149	3
271	151	3
271	152	3
271	153	3
271	154	3
232	152	3
262	153	3
261	154	3
49	154	1
237	155	4
260	155	3
260	156	3
21	156	1
21	157	1
48	157	1
48	158	1
48	159	1
242	157	3
243	157	3
244	157	3
245	157	3
258	157	3
259	157	3
21	158	1
22	159	1
257	158	3
22	160	1
23	161	1
253	161	3
254	161	3
23	162	1
24	163	1
24	164	1
25	165	1
249	164	3
248	165	3
25	166	1
26	167	1
26	168	1
27	169	1
27	170	1
28	171	1
238	170	3
237	171	3
40	171	1
28	172	1
29	173	1
29	174	1
30	175	1
230	174	3
229	175	3
119	175	1
120	175	1
121	175	1
122	175	1
30	176	1
31	177	1
218	176	2
217	177	2
235	177	3
31	178	1
33	178	1
32	179	1
210	178	2
211	178	2
336	179	11
334	182	11
337	182	11
335	183	11
336	183	11
336	184	11
32	180	1
33	181	1
113	180	1
112	181	1
33	182	1
34	183	1
111	182	1
194	182	2
193	183	2
195	183	2
109	183	1
110	183	1
108	184	1
166	183	1
34	184	1
35	185	1
169	184	1
171	184	1
170	185	1
172	185	1
106	185	1
107	185	1
105	186	1
335	185	11
35	186	1
36	187	1
335	186	12
334	187	12
104	187	1
102	188	1
103	188	2
37	188	1
335	188	12
335	189	12
36	189	1
100	189	1
101	189	1
99	190	1
185	190	2
185	191	2
98	191	1
152	193	2
438	194	47
437	195	47
435	195	46
434	196	45
380	198	24
381	198	24
94	199	1
94	200	1
374	199	21
375	199	21
376	199	21
428	199	43
427	200	43
88	200	1
89	200	1
371	200	19
372	200	20
368	201	19
369	201	19
426	201	42
148	202	2
148	203	2
148	204	1
365	202	18
366	202	18
423	202	41
421	203	41
422	203	41
424	202	41
425	202	42
362	203	17
361	204	17
363	203	17
364	203	18
358	205	16
359	205	16
352	206	14
350	207	11
351	207	14
355	206	15
356	206	15
131	207	1
148	207	1
148	208	1
147	209	1
149	209	1
267	207	2
268	207	2
269	207	2
321	207	2
322	207	2
323	207	2
324	207	3
325	207	3
326	207	4
332	207	5
333	207	6
263	208	2
264	208	2
293	208	2
294	208	2
295	208	2
296	208	2
297	208	2
298	208	2
316	208	2
317	208	2
259	209	2
258	210	2
139	210	1
139	212	1
150	210	1
151	211	1
256	210	2
254	211	2
255	211	2
140	211	1
24	212	1
24	213	1
94	212	1
94	213	1
95	214	1
95	215	1
250	213	2
251	213	2
24	214	1
24	215	1
247	214	2
246	215	2
131	216	1
132	216	1
130	217	1
244	216	2
243	217	2
245	216	2
242	217	2
241	218	2
129	218	1
128	219	1
166	220	1
167	220	1
187	220	2
188	220	2
212	221	2
213	221	2
214	221	2
215	221	2
222	221	2
223	221	2
224	221	2
225	221	2
231	221	2
232	221	2
124	222	1
123	223	1
469	222	51
470	222	51
122	223	1
121	224	1
465	223	51
464	224	51
466	223	51
467	223	51
95	224	2
97	226	2
98	226	1
95	225	2
95	226	1
96	226	2
462	225	50
461	226	50
463	225	50
94	227	1
48	229	1
431	230	29
432	230	29
298	231	3
297	232	3
458	231	44
458	232	42
459	232	44
444	232	36
496	232	58
494	233	57
495	233	58
420	233	26
421	233	26
488	234	54
489	234	54
271	235	2
272	235	2
296	235	2
294	238	2
415	235	26
416	235	26
484	235	53
485	235	54
486	235	54
265	236	2
263	237	2
264	237	2
266	236	2
267	236	2
414	236	25
467	236	47
468	236	47
63	237	1
64	237	1
260	237	2
259	238	2
408	238	22
409	238	24
90	239	1
256	239	2
257	239	2
405	239	22
406	239	22
407	239	22
70	240	1
71	240	1
465	240	46
464	241	46
73	241	1
74	241	1
95	241	1
250	241	1
251	241	1
387	241	18
388	241	19
389	241	19
390	241	19
391	241	19
394	241	20
395	241	20
97	242	1
98	242	1
96	243	1
247	242	1
248	242	1
303	242	2
351	242	6
350	243	6
352	242	6
353	242	7
463	242	46
112	243	1
23	244	1
24	245	1
348	244	5
347	245	5
239	245	1
240	245	1
308	245	2
346	245	5
345	246	5
24	246	1
25	247	1
68	246	2
69	246	1
82	246	1
82	247	1
82	248	1
82	249	1
82	250	1
344	246	5
343	247	5
233	247	1
232	248	1
234	247	1
235	247	1
25	248	1
26	249	1
341	248	5
340	249	5
229	249	1
230	249	1
26	250	1
27	251	1
214	250	1
215	250	1
334	250	5
335	250	5
209	251	1
208	252	1
337	251	5
337	252	5
27	252	1
28	253	1
136	252	1
207	252	1
274	252	3
273	253	3
204	253	1
203	254	1
28	254	1
29	255	1
146	254	1
202	254	1
201	255	1
29	256	1
30	257	1
199	256	1
198	257	1
264	257	3
263	258	3
194	259	1
193	260	1
192	260	1
191	261	1
190	261	1
189	262	1
257	262	2
187	263	1
186	264	1
185	264	1
184	265	1
173	266	1
174	266	1
82	267	1
181	267	1
181	268	1
250	267	1
249	268	1
347	267	7
181	269	1
181	270	2
181	271	2
181	272	1
247	269	1
248	269	1
145	271	1
145	280	1
144	281	1
354	271	8
22	272	1
23	273	1
101	272	2
23	274	1
24	275	1
104	274	1
239	274	1
238	275	1
24	276	1
25	277	1
107	276	1
153	276	1
154	276	1
155	276	1
156	276	1
163	276	1
163	277	2
163	278	2
184	276	1
184	277	1
185	278	1
25	278	1
26	279	1
110	278	1
163	279	2
186	279	1
233	279	3
232	280	2
265	279	7
264	280	5
26	280	1
27	281	1
113	280	1
136	281	1
137	281	1
138	281	1
139	281	1
231	281	2
230	282	2
27	282	1
28	283	1
126	282	1
127	282	1
128	282	1
129	282	1
189	282	1
28	284	1
29	285	1
192	284	2
193	285	2
29	286	1
30	287	1
163	286	2
163	287	1
30	288	1
31	289	1
226	288	1
225	289	1
446	288	45
31	290	1
32	291	1
202	290	3
203	290	3
220	290	1
221	290	1
148	291	3
149	292	3
150	293	2
258	291	1
258	292	1
258	293	1
258	294	1
32	292	1
33	293	1
443	292	46
33	294	1
34	295	1
34	296	1
35	297	1
35	298	1
36	299	1
155	298	2
155	299	2
36	300	1
37	301	1
37	302	1
38	303	1
150	302	1
151	302	1
149	303	1
66	303	1
66	304	1
66	305	1
66	306	1
146	303	1
145	304	1
140	305	1
141	305	1
142	305	1
139	306	1
137	307	1
138	307	1
156	307	1
156	308	1
157	309	1
134	309	1
132	310	1
133	310	1
67	310	1
68	311	1
69	312	1
129	312	1
127	313	1
128	313	1
159	312	1
160	313	1
160	314	1
70	313	1
71	314	1
72	315	1
124	315	1
123	316	1
161	315	1
73	316	1
162	316	1
74	317	1
163	317	1
75	318	1
164	318	1
76	319	1
165	319	1
77	320	1
166	320	1
78	321	1
79	322	1
80	323	1
81	324	1
310	324	1
311	325	1
82	325	1
371	325	24
83	326	1
116	326	1
116	327	1
116	328	1
116	329	1
117	329	1
84	327	1
290	327	1
291	327	1
85	328	1
318	328	1
104	330	2
105	330	2
115	330	1
115	331	1
115	332	1
115	333	1
115	334	1
177	330	1
178	330	1
322	330	1
101	331	2
102	331	2
168	331	1
169	331	1
240	331	1
239	332	1
278	331	1
277	332	1
279	331	1
23	332	1
24	333	1
98	332	2
99	332	2
238	332	1
237	333	1
276	332	1
275	333	1
91	333	1
94	333	2
95	333	2
236	333	1
235	334	1
24	334	1
25	335	1
92	334	2
93	334	2
140	334	1
141	334	1
227	335	1
228	336	1
271	335	1
271	336	1
271	337	1
25	336	1
26	337	1
335	337	7
26	338	1
27	339	1
86	338	1
89	340	1
89	341	1
160	338	1
160	339	1
160	340	1
160	341	1
393	338	23
393	339	22
85	339	1
89	342	1
89	343	1
27	340	1
28	341	1
84	340	1
83	341	1
28	342	1
29	343	1
82	342	1
81	343	1
232	343	1
233	344	1
346	343	10
368	343	14
368	344	14
389	343	19
388	344	19
29	344	1
30	345	1
80	344	1
347	344	10
347	345	11
79	345	1
336	345	13
335	346	14
30	346	1
31	347	1
78	346	1
299	346	1
297	347	1
298	347	1
384	346	17
385	346	17
77	347	1
296	347	1
295	348	1
372	347	14
380	347	14
381	347	14
404	347	22
405	348	22
31	348	1
32	349	1
76	348	1
75	349	1
116	349	1
117	350	1
118	351	1
161	349	1
162	350	1
32	350	1
33	351	1
74	350	1
73	351	1
248	351	1
33	352	1
34	353	1
119	352	1
381	352	15
382	353	15
70	353	1
69	354	2
120	353	1
286	353	1
34	354	1
35	355	1
285	354	1
284	355	1
71	355	1
71	356	3
71	357	1
35	356	1
36	357	1
165	357	1
264	357	1
265	357	1
281	357	1
280	358	1
125	358	1
126	359	1
279	359	1
278	360	1
393	359	22
396	361	22
90	362	2
50	363	1
51	363	1
132	364	1
133	365	1
94	369	2
95	370	1
282	370	2
283	371	3
96	371	1
97	372	1
283	372	3
284	373	3
98	373	1
99	374	1
138	374	1
137	375	1
148	374	1
149	374	1
150	374	1
151	374	1
285	374	3
286	375	3
287	376	3
100	375	1
136	375	1
135	376	1
101	376	1
134	376	1
133	377	1
288	376	3
102	377	1
103	378	1
129	378	1
131	378	1
130	379	1
179	378	1
104	379	1
128	379	1
126	380	1
127	380	1
293	379	2
294	379	2
294	380	2
105	380	1
104	381	2
106	381	2
125	381	1
118	383	1
119	383	1
193	383	1
121	384	1
121	385	1
121	386	1
121	387	1
121	388	1
194	384	1
195	384	1
196	384	1
92	387	2
93	387	2
122	390	2
123	391	2
124	392	2
490	391	47
491	391	47
147	392	27
148	392	27
144	393	30
145	393	29

