194	295	2
159	221	2
53	53	1
163	150	2
182	150	2
37	358	1
168	235	2
280	335	1
177	310	1
288	287	7
202	310	2
222	120	2
192	352	1
193	150	3
210	310	2
195	150	3
211	60	1
124	221	1
214	91	2
289	368	10
340	227	22
168	265	1
189	279	2
66	66	1
156	192	2
157	206	2
180	206	3
258	262	2
209	135	3
263	27	1
319	78	13
91	304	1
327	254	15
183	192	3
319	256	14
285	219	7
251	288	3
234	296	4
286	219	8
287	235	7
308	108	10
293	11	7
294	139	12
171	265	1
189	106	1
9	9	1
193	367	1
196	279	2
162	76	1
217	353	1
187	60	1
205	106	1
228	221	2
13	13	1
178	76	1
179	221	2
144	265	1
215	394	2
270	83	2
276	382	2
313	57	11
169	279	1
205	251	3
206	251	3
207	235	3
120	120	1
211	236	3
157	120	1
175	265	1
292	43	12
224	353	1
206	106	1
209	265	1
135	90	1
265	15	1
125	106	1
198	352	1
154	135	2
172	221	2
193	352	1
232	368	1
196	235	3
308	26	12
164	295	1
296	119	11
208	265	1
172	295	1
318	322	14
157	192	2
303	289	12
163	60	1
220	59	1
256	191	3
186	135	3
258	280	3
196	60	1
145	295	1
236	352	1
185	120	2
168	192	2
116	235	1
151	265	1
190	235	3
228	58	1
336	252	17
104	104	1
174	90	1
177	150	2
306	370	14
308	114	11
128	163	1
202	150	3
220	236	3
223	353	1
297	186	10
153	221	1
285	275	11
326	63	12
291	107	7
149	324	2
150	178	1
136	178	1
154	324	1
210	105	1
144	178	1
253	368	1
165	265	1
111	150	1
226	338	1
121	120	1
191	46	1
211	250	3
304	125	13
215	265	2
253	182	4
163	178	2
224	383	1
208	46	1
171	178	3
172	60	1
192	221	2
321	321	13
123	221	1
177	338	1
233	58	1
198	338	1
199	352	1
225	155	4
176	150	2
232	382	1
88	88	1
233	368	1
221	207	3
167	279	1
242	340	1
135	163	1
137	192	1
234	106	1
253	222	2
92	92	1
239	287	3
208	150	3
264	221	2
283	286	6
217	163	4
145	206	1
236	137	3
219	310	2
237	352	1
240	204	3
168	206	2
169	192	2
80	80	1
186	120	2
250	29	1
231	77	2
235	150	3
150	221	1
208	367	1
154	295	1
280	108	1
137	120	1
251	118	2
196	192	3
202	235	3
203	235	3
295	140	12
137	310	1
210	91	2
373	66	18
139	221	1
143	295	1
164	163	3
182	221	2
203	120	2
166	76	1
327	74	15
297	326	7
182	76	1
327	219	19
296	309	9
116	192	1
152	324	1
155	106	1
121	251	1
122	235	1
123	235	1
230	311	2
178	338	1
286	62	6
338	253	18
273	27	2
220	249	3
220	294	2
183	338	1
168	324	1
169	90	1
312	10	10
301	24	10
160	206	2
270	135	3
239	107	1
257	325	1
207	295	2
246	203	3
138	192	1
158	135	2
217	60	1
181	46	1
273	325	1
112	235	1
187	206	3
150	310	1
226	383	1
209	221	2
261	134	3
322	321	13
152	150	1
170	192	2
190	135	3
177	178	3
123	279	1
285	326	6
236	14	1
223	325	2
297	150	15
317	256	13
137	106	1
138	120	1
246	83	2
175	221	2
179	150	2
197	192	3
221	367	1
241	46	1
258	324	1
137	251	1
284	126	4
312	57	10
110	135	1
271	352	3
207	221	2
193	60	1
194	367	1
231	235	3
250	368	1
288	232	10
200	90	1
168	163	3
117	192	1
153	324	1
155	120	1
124	150	1
178	324	1
126	150	1
199	324	1
241	86	2
242	233	2
98	98	1
170	90	1
298	23	9
47	47	1
176	178	3
196	352	1
251	29	1
268	264	2
183	106	1
135	135	1
229	179	4
139	192	1
199	106	1
282	15	4
212	279	2
34	361	1
255	339	1
310	26	12
166	192	2
169	60	1
170	178	3
116	221	1
234	352	1
146	331	1
184	106	1
237	138	3
185	279	2
311	57	10
167	163	3
118	120	1
119	106	1
138	106	1
85	310	1
196	367	1
197	178	4
198	192	3
275	335	1
26	369	1
151	90	1
246	220	2
230	58	1
235	77	2
239	312	2
370	66	18
188	221	2
207	163	4
209	192	3
210	206	3
226	264	3
227	106	1
266	281	3
145	163	1
163	265	2
77	318	1
166	251	2
152	235	1
118	192	1
154	76	1
319	321	13
18	377	1
181	352	1
275	154	7
204	76	1
205	90	2
170	76	1
244	203	3
136	265	1
28	367	1
157	279	1
179	310	1
197	352	1
240	312	2
183	120	2
313	9	10
204	163	4
276	251	2
140	192	1
213	91	2
269	281	3
328	53	12
164	206	2
112	279	1
201	265	1
240	151	3
187	295	2
258	151	3
261	250	2
300	75	7
271	49	3
20	375	1
186	46	1
167	192	2
295	320	13
314	219	16
26	26	1
190	163	4
191	206	3
139	265	1
124	163	1
160	295	1
198	163	4
234	338	1
164	279	1
184	120	2
235	352	1
342	110	19
168	295	1
314	330	11
151	251	1
136	251	1
245	204	3
119	120	1
121	265	1
105	199	1
216	393	1
268	309	1
342	217	22
199	192	3
219	91	2
277	252	2
176	310	1
12	383	1
214	338	1
231	190	3
252	1	16
18	18	1
143	265	1
111	206	1
314	115	13
118	163	1
192	150	3
210	192	3
211	178	4
177	265	1
219	178	4
183	279	2
149	163	1
316	194	12
189	76	1
119	192	1
126	178	1
182	352	1
166	324	1
205	76	1
276	26	2
171	324	1
333	23	17
191	324	1
196	324	1
197	338	1
179	251	2
180	235	3
341	183	21
348	15	17
205	221	2
207	265	1
280	204	4
135	235	1
299	24	9
138	150	1
115	221	1
135	120	1
145	150	1
237	221	2
219	382	1
312	76	13
332	55	12
152	192	1
170	150	2
209	324	1
317	112	14
339	223	21
127	265	1
241	107	1
190	60	1
227	383	1
175	135	2
231	351	1
305	108	9
179	192	2
197	150	3
326	113	15
221	325	2
316	63	11
136	120	1
282	251	5
283	251	5
326	319	15
163	235	2
164	251	2
185	90	1
207	135	3
335	114	18
210	178	4
142	221	1
146	279	1
245	353	2
320	147	17
160	135	2
87	308	1
181	324	1
131	221	1
223	148	3
225	221	2
313	367	15
135	279	1
157	251	2
158	76	1
197	324	1
127	135	1
166	60	1
131	106	1
192	76	1
215	367	1
235	46	1
253	152	3
199	60	1
208	76	1
261	222	2
154	56	1
192	251	3
265	27	1
300	47	18
231	58	1
36	36	1
152	206	1
153	192	1
262	119	2
199	279	2
221	294	2
226	220	2
190	46	1
252	182	4
179	206	3
180	192	2
185	251	3
186	235	3
264	59	2
229	311	2
232	58	1
186	90	1
150	76	1
335	64	15
269	135	3
253	2	15
307	108	10
146	265	1
164	120	1
342	18	17
79	79	1
154	178	2
137	90	1
191	235	3
176	235	3
338	183	20
341	218	21
347	114	20
317	321	13
177	76	1
179	352	1
197	310	1
270	73	3
273	366	2
132	106	1
277	25	2
189	135	3
118	279	1
190	367	1
192	90	1
193	76	1
122	279	1
144	221	1
270	391	2
111	235	1
331	250	17
169	235	3
170	251	2
315	331	11
209	279	2
281	335	1
195	324	1
33	33	1
271	27	2
220	324	2
131	163	1
149	192	1
274	220	3
58	337	1
203	206	3
125	178	1
161	310	1
127	178	1
181	192	2
255	73	3
113	221	1
204	295	2
186	310	1
366	68	16
83	312	1
194	310	1
267	84	2
163	135	2
255	222	2
239	368	1
225	31	1
192	192	3
210	150	3
229	394	1
50	345	1
123	206	1
177	295	1
250	1	17
165	120	1
241	191	3
138	90	1
195	135	3
106	157	1
124	295	1
160	163	2
180	46	1
143	90	1
347	64	15
230	106	1
180	352	1
180	221	2
218	264	3
219	394	1
112	192	1
255	118	2
224	394	1
204	235	3
191	32	1
180	279	2
199	32	1
182	120	2
296	321	19
115	135	1
7	7	1
196	76	1
197	90	1
144	90	1
200	135	3
238	323	2
240	46	1
204	60	1
294	186	10
150	192	1
151	178	1
153	279	1
228	394	1
157	295	1
302	330	12
124	235	1
197	235	3
198	235	3
199	251	3
218	352	1
293	370	11
275	219	3
243	152	3
162	206	2
182	192	2
260	28	1
334	63	15
120	135	1
140	135	1
305	267	13
324	113	15
307	219	15
329	74	15
131	265	1
149	106	1
117	235	1
118	235	1
244	296	3
193	192	3
194	206	3
211	106	1
213	338	1
317	78	13
219	250	3
165	106	1
129	150	1
131	150	1
22	22	1
154	150	2
299	265	11
180	60	1
241	58	1
188	76	1
243	353	2
68	327	1
161	150	2
235	107	1
180	163	3
254	110	1
272	324	1
113	192	1
114	206	1
186	150	3
169	265	1
134	163	1
105	273	1
175	295	1
181	76	1
219	265	3
254	249	2
148	206	1
183	295	1
259	325	1
177	135	2
196	178	4
197	76	1
235	137	3
128	178	1
202	338	1
132	279	1
208	352	1
151	192	1
134	120	1
244	233	2
192	324	1
194	120	2
175	206	3
197	221	2
235	294	4
343	18	17
316	112	13
155	178	2
305	180	12
162	279	1
162	192	2
207	206	3
210	235	3
304	108	9
213	46	1
214	148	3
288	219	8
323	367	18
218	91	2
145	265	1
163	163	3
147	221	1
225	59	1
260	324	1
151	279	1
171	163	3
211	120	2
194	192	3
238	137	3
97	97	1
333	64	15
127	206	1
164	324	1
165	338	1
218	381	1
203	310	2
220	105	1
150	324	1
243	367	1
155	324	1
228	310	2
157	163	2
175	324	1
140	221	1
180	324	1
54	341	1
114	192	1
263	108	1
158	279	1
215	279	3
240	251	3
189	46	1
265	83	2
30	365	1
177	324	1
234	383	1
198	324	1
200	163	4
217	221	2
219	193	3
202	324	1
204	32	1
280	123	3
134	106	1
136	192	1
154	310	1
192	338	1
193	324	1
329	260	16
257	234	2
137	295	1
282	335	4
231	149	3
73	322	1
146	120	1
163	192	2
113	235	1
114	251	1
115	251	1
186	163	4
311	285	13
120	163	1
210	221	2
194	163	4
252	109	1
288	233	10
147	235	1
166	206	2
134	295	1
83	83	1
195	192	3
195	279	2
128	135	1
201	60	1
202	178	4
271	74	3
243	204	3
317	195	13
160	221	2
198	206	3
163	120	1
254	59	1
165	324	1
275	252	2
59	59	1
222	192	3
295	186	10
338	14	15
160	76	1
161	178	2
144	150	1
180	135	3
111	178	1
257	28	1
115	192	1
336	56	14
190	295	2
63	63	1
65	65	1
138	265	1
176	76	1
209	206	3
198	295	2
129	90	1
240	233	2
223	293	2
188	265	1
171	150	2
118	206	1
189	32	1
177	163	3
196	150	3
197	32	1
130	251	1
131	251	1
169	76	1
136	206	1
177	60	1
86	86	1
219	76	2
55	55	1
203	150	3
3	392	1
39	356	1
242	368	1
118	295	1
192	106	1
301	147	15
253	250	2
126	120	1
163	206	2
164	192	2
146	106	1
110	150	1
204	367	1
238	75	2
314	110	13
43	43	1
208	106	1
336	63	15
101	294	1
305	289	13
235	221	2
238	58	1
121	150	1
191	192	3
195	206	3
201	46	1
238	368	1
117	279	1
248	15	1
338	113	18
174	251	2
175	235	3
160	235	2
197	367	1
234	46	1
339	184	20
200	295	2
204	279	2
276	335	1
301	140	14
157	135	2
160	90	1
161	76	1
217	31	1
289	119	9
111	192	1
222	264	3
115	206	1
191	120	2
212	294	2
284	251	5
177	279	2
292	107	7
130	90	1
315	218	16
153	235	1
120	295	1
177	221	2
268	236	2
143	106	1
347	16	17
206	352	1
177	46	1
159	106	1
197	163	4
162	135	2
127	235	1
254	44	2
5	390	1
278	251	3
192	120	2
283	236	7
158	235	2
159	251	2
144	251	1
126	106	1
127	120	1
180	295	1
147	150	1
165	192	2
235	58	1
254	191	3
256	383	1
270	26	2
296	369	11
194	135	3
266	264	2
231	14	1
270	336	1
163	310	1
171	310	1
117	163	1
153	295	1
226	394	1
263	222	2
176	192	2
250	75	3
196	310	1
214	61	1
305	25	12
316	264	17
236	106	1
154	206	2
291	43	12
114	135	1
331	64	14
208	192	3
10	385	1
247	353	2
162	324	1
236	264	3
292	10	7
148	279	1
131	313	2
187	251	3
188	235	3
279	284	5
320	366	16
301	324	9
35	360	1
253	118	2
164	76	1
165	90	1
168	135	2
225	106	1
207	46	1
266	73	3
339	222	21
124	178	1
160	310	1
178	352	1
143	120	1
180	76	1
219	59	1
296	150	13
133	178	1
207	352	1
245	221	2
279	55	4
181	235	3
182	235	3
201	338	1
202	32	1
203	178	4
256	222	2
328	220	19
193	120	2
247	382	1
252	16	1
289	26	6
143	163	1
110	178	1
171	90	1
118	178	1
144	120	1
224	310	2
171	235	3
172	251	2
121	178	1
177	192	2
178	206	3
272	220	2
290	106	7
183	46	1
227	208	3
228	383	1
174	279	2
204	192	3
205	206	3
103	292	1
234	149	3
306	253	11
165	251	2
256	324	1
131	295	1
149	76	1
62	333	1
154	57	1
263	180	4
174	60	1
139	106	1
145	135	1
165	76	1
226	106	1
207	60	1
124	192	1
125	206	1
160	324	1
200	251	3
215	76	2
273	219	3
239	58	1
132	221	1
187	32	1
243	191	3
314	367	15
176	324	1
195	32	1
197	135	3
329	220	19
130	279	1
247	187	4
231	221	2
233	179	4
269	309	1
322	366	17
147	178	1
166	135	2
294	263	10
172	90	1
193	251	3
194	235	3
145	120	1
240	58	1
221	120	2
296	252	7
311	250	13
315	255	13
117	135	1
102	293	1
265	108	1
285	262	7
160	150	2
178	192	2
252	260	2
198	135	3
127	295	1
218	148	3
235	324	2
183	60	1
293	326	7
224	179	4
137	279	1
300	325	8
229	121	2
284	15	5
312	267	15
148	324	2
187	150	3
205	192	3
262	324	1
135	206	1
85	85	1
158	206	2
57	57	1
297	61	8
226	310	2
118	135	1
335	72	17
267	280	3
140	106	1
159	341	2
198	367	1
218	236	3
166	265	1
152	221	1
61	61	1
266	109	1
177	235	3
178	251	2
250	118	2
125	192	1
161	324	1
182	324	1
130	163	1
186	324	1
224	74	2
152	76	1
133	150	1
207	324	1
191	352	1
49	49	1
195	46	1
212	46	1
159	60	1
345	16	17
168	76	1
21	374	1
208	163	4
133	295	1
190	279	2
282	220	5
138	178	1
11	384	1
47	348	1
247	137	3
319	113	14
180	265	1
143	135	1
272	26	2
146	178	1
129	106	1
147	192	1
165	150	2
6	389	1
121	221	1
145	106	1
181	310	1
41	41	1
150	206	1
99	296	1
264	264	2
174	192	2
13	382	1
215	91	2
220	134	3
114	279	1
189	295	2
45	45	1
173	120	1
193	279	2
175	163	3
197	295	2
182	206	3
183	163	4
114	221	1
188	46	1
171	46	1
206	192	3
262	310	1
234	137	3
289	63	6
56	339	1
329	64	13
170	295	1
248	368	1
156	265	2
193	206	3
287	219	8
256	106	2
274	265	2
293	59	8
311	193	11
332	74	15
153	163	2
226	14	1
190	120	2
119	178	1
178	310	1
126	192	1
200	279	2
221	265	3
187	76	1
152	90	1
153	76	1
318	331	12
137	221	1
48	347	1
127	163	1
113	206	1
203	76	1
205	235	3
207	251	3
194	265	1
212	163	4
200	32	1
147	206	1
130	106	1
148	192	1
166	163	3
169	221	2
208	32	1
279	335	1
300	11	9
46	46	1
218	249	3
273	47	3
238	252	3
230	394	1
175	192	2
160	178	2
232	352	1
125	235	1
269	59	2
114	265	1
206	163	4
172	279	2
173	106	1
322	218	19
240	383	1
239	281	3
41	354	1
187	178	4
188	60	1
207	192	3
223	14	1
249	58	1
145	279	1
224	264	3
242	107	1
243	75	2
116	251	1
258	46	3
84	311	1
174	106	1
249	368	1
213	149	3
266	190	3
275	123	3
190	106	1
335	221	20
233	383	1
127	192	1
181	178	3
130	135	1
187	90	1
10	10	1
228	264	3
174	324	1
140	295	1
233	264	3
179	324	1
142	120	1
252	233	2
284	106	5
110	251	1
202	120	2
76	319	1
185	32	1
204	324	1
205	338	1
189	163	4
120	150	1
193	32	1
157	90	1
323	366	18
142	235	1
200	46	1
146	150	1
164	60	1
111	279	1
166	221	2
159	310	1
269	220	2
308	73	11
131	135	1
160	192	2
178	150	2
198	221	2
219	120	2
237	46	1
240	286	3
138	206	1
267	27	1
180	178	3
183	135	3
276	283	3
187	192	3
205	150	3
64	64	1
227	121	2
229	325	2
245	15	1
255	250	2
148	221	1
60	335	1
170	206	3
263	252	2
176	46	1
250	45	2
148	76	1
166	295	1
9	386	1
119	150	1
323	62	12
197	206	3
242	383	1
188	90	1
189	324	1
190	338	1
278	220	4
229	136	3
304	140	14
179	338	1
202	106	1
205	324	1
191	76	1
139	90	1
117	206	1
154	120	1
207	76	1
191	221	2
122	251	1
123	251	1
193	163	4
235	383	1
281	123	3
154	235	2
155	235	2
337	118	19
122	106	1
233	338	1
161	192	2
142	279	1
220	120	2
130	295	1
203	295	2
258	349	3
223	221	2
318	366	15
283	335	4
188	192	3
61	334	1
171	120	1
189	206	3
138	310	1
206	46	1
264	251	2
140	163	1
146	310	1
149	150	1
337	222	20
123	295	1
215	149	3
289	326	6
127	279	1
290	76	6
296	187	10
206	279	2
227	325	2
288	26	6
181	150	2
20	20	1
227	31	1
210	61	1
137	235	1
138	251	1
139	251	1
174	352	1
175	338	1
180	338	1
307	330	11
165	221	2
185	60	1
186	178	4
259	280	3
134	135	1
120	178	1
66	329	1
194	178	4
140	90	1
158	265	2
287	261	8
182	46	1
19	376	1
192	265	1
213	178	4
267	236	2
128	150	1
292	252	5
203	324	1
222	32	1
223	178	4
208	324	1
242	281	3
243	221	2
228	324	2
269	390	2
346	222	22
256	202	3
204	221	2
264	26	1
155	150	2
282	236	4
35	35	1
180	150	2
74	74	1
112	265	1
183	235	3
199	90	1
205	367	1
239	323	2
242	46	1
189	192	3
172	120	1
298	313	14
161	60	1
142	206	1
236	221	2
237	233	3
292	148	13
171	135	2
134	265	1
246	2	18
194	60	1
200	192	3
365	69	16
185	295	2
293	243	10
149	265	1
193	295	2
29	366	1
161	235	2
324	148	19
185	221	2
203	135	3
222	353	1
151	106	1
263	59	2
290	288	7
308	330	11
256	368	1
113	150	1
148	265	1
167	106	1
259	262	2
298	288	10
120	192	1
301	330	12
285	251	5
286	251	5
198	265	1
200	120	2
166	235	2
167	251	2
152	251	1
188	279	2
207	32	1
243	58	1
244	353	2
232	297	4
123	135	1
178	221	2
214	393	2
179	76	1
129	221	1
202	352	1
239	46	1
293	252	5
152	106	1
170	60	1
195	76	1
340	57	15
161	279	1
168	106	1
186	265	1
244	74	2
118	265	1
265	337	1
269	265	2
145	251	1
271	335	1
4	391	1
190	192	3
148	135	1
222	394	1
316	219	17
321	256	14
177	206	3
200	206	3
201	192	3
238	191	3
168	279	1
189	265	1
136	235	1
139	150	1
233	311	2
215	46	1
162	150	2
110	192	1
147	310	1
164	150	2
220	91	2
151	120	1
155	310	1
302	252	9
231	174	4
216	264	2
180	310	1
145	327	2
189	235	3
120	206	1
121	192	1
191	150	3
194	150	3
142	163	1
163	295	1
201	120	2
255	181	4
255	382	1
258	17	1
171	295	1
190	90	1
245	367	1
179	90	1
220	163	4
185	135	3
203	221	2
203	352	1
241	98	2
152	120	1
136	295	1
140	279	1
158	178	2
216	352	1
144	295	1
180	251	2
200	324	1
96	96	1
331	113	16
6	6	1
84	84	1
157	106	1
158	221	2
15	380	1
236	383	1
240	181	4
334	73	16
196	106	1
217	235	3
241	138	3
173	251	2
32	363	1
179	163	3
202	192	3
275	266	2
208	295	2
133	163	1
227	367	1
286	309	7
215	60	1
271	309	1
112	221	1
203	163	4
116	106	1
225	325	2
281	219	5
163	324	1
164	235	2
113	178	1
185	106	1
24	371	1
115	178	1
188	324	1
99	99	1
262	221	2
122	192	1
201	106	1
203	385	3
166	279	1
239	221	2
123	163	1
180	90	1
201	251	3
185	324	1
222	14	1
149	310	1
206	324	1
153	120	1
207	382	2
315	111	13
248	58	1
247	2	18
212	32	1
216	366	1
16	379	1
287	13	6
162	163	3
272	346	5
201	324	1
202	90	1
220	32	1
222	324	2
131	90	1
226	324	2
227	46	1
121	106	1
191	60	1
247	324	1
183	221	2
208	60	1
320	331	12
270	308	1
237	191	3
310	192	11
224	220	2
149	206	1
277	334	1
268	135	3
269	15	1
142	295	1
203	192	3
203	279	2
24	24	1
136	135	1
228	277	4
139	178	1
345	23	19
181	206	3
114	163	1
186	251	3
224	58	1
116	120	1
28	28	1
158	310	1
203	46	1
186	106	1
167	60	1
188	135	3
123	192	1
175	76	1
233	77	2
16	16	1
199	367	1
236	46	1
202	295	2
222	105	1
206	295	2
278	335	1
268	190	3
217	367	1
219	31	1
185	163	4
221	250	3
204	150	3
257	382	1
67	67	1
157	221	2
307	167	12
200	352	1
202	76	1
132	90	1
122	295	1
236	150	3
181	120	2
184	265	1
111	251	1
170	235	3
315	148	15
336	255	18
118	150	1
263	155	3
122	221	1
267	265	2
322	62	12
168	338	1
224	234	3
246	74	2
196	221	2
127	221	1
218	366	1
37	37	1
130	178	1
258	383	1
132	178	1
259	119	2
133	135	1
294	11	7
137	265	1
212	61	1
251	234	2
125	279	1
198	120	2
272	335	1
271	265	2
165	310	1
309	11	10
187	265	1
117	120	1
173	310	1
300	117	12
302	42	19
159	178	2
70	70	1
165	135	2
310	58	9
316	322	13
284	334	5
231	394	1
160	265	2
268	221	2
270	265	2
273	46	3
221	91	2
222	91	2
172	206	3
191	265	1
287	80	6
108	102	1
254	29	1
185	352	1
276	220	4
225	265	3
207	338	1
62	62	1
281	15	4
138	221	1
323	219	19
201	352	1
240	368	1
167	90	1
190	265	1
193	46	1
329	113	15
184	279	2
111	265	1
170	221	2
244	305	3
317	69	13
248	383	1
54	54	1
202	135	3
293	44	12
277	354	3
133	120	1
191	310	1
124	251	1
34	34	1
199	235	3
110	265	1
184	192	3
167	265	1
100	295	1
136	163	1
137	206	1
319	7	12
69	326	1
144	163	1
198	106	1
199	120	2
241	383	1
122	135	1
212	178	4
169	206	3
150	120	1
98	297	1
117	251	1
118	251	1
119	235	1
156	279	1
263	134	3
181	265	1
147	76	1
149	235	1
150	235	1
118	106	1
245	295	3
174	221	2
176	135	2
163	76	1
186	352	1
206	178	4
227	235	3
262	384	1
90	305	1
163	221	2
253	280	3
241	368	1
115	299	2
206	221	2
208	135	3
281	138	3
334	22	17
230	338	1
217	178	4
163	279	1
218	32	1
182	90	1
165	178	2
220	393	1
254	340	1
314	194	12
206	76	1
173	178	3
195	221	2
179	106	1
197	60	1
256	119	2
276	122	3
133	106	1
82	313	1
136	279	1
321	218	19
157	265	2
195	106	1
161	206	2
271	252	2
112	150	1
184	206	3
130	150	1
185	192	3
132	150	1
133	251	1
134	251	1
214	309	2
162	295	1
143	310	1
212	192	3
159	150	2
238	46	1
292	120	9
115	106	1
151	295	1
340	183	20
159	295	1
147	90	1
277	381	2
153	135	2
172	178	3
173	60	1
266	59	2
162	120	1
38	357	1
243	383	1
8	387	1
207	310	2
264	109	1
101	101	1
250	279	3
234	77	2
162	235	2
184	324	1
205	135	3
228	120	2
287	287	7
201	90	1
174	135	2
176	221	2
266	83	2
214	46	1
179	120	2
180	106	1
197	46	1
220	193	3
295	220	10
171	338	1
134	90	1
245	306	3
194	90	1
232	324	2
125	135	1
257	250	2
186	192	3
206	135	3
208	221	2
114	235	1
386	68	21
223	106	1
229	383	1
247	261	2
230	136	3
213	192	3
255	325	1
146	251	1
147	251	1
148	235	1
115	120	1
261	15	1
134	279	1
231	107	1
216	75	2
126	135	1
148	90	1
173	46	1
320	57	11
176	163	3
87	87	1
71	324	1
190	324	1
246	353	2
341	19	18
141	150	1
215	324	2
235	394	1
75	75	1
184	338	1
204	352	1
265	252	2
230	382	1
303	75	8
215	309	2
198	279	2
234	206	3
254	368	1
202	279	2
224	291	4
294	369	11
170	163	3
151	135	1
207	90	2
173	150	2
319	331	12
267	337	1
233	14	1
69	69	1
180	120	2
219	47	1
293	242	9
131	235	1
132	251	1
167	338	1
244	221	2
172	338	1
64	331	1
263	368	2
233	324	2
178	178	3
303	370	13
342	220	21
218	294	2
112	178	1
202	60	1
258	250	2
131	120	1
293	264	10
318	256	14
355	67	16
102	102	1
328	63	13
146	90	1
165	206	2
205	178	4
208	90	2
207	178	4
264	145	3
214	192	3
272	81	2
129	163	1
258	28	1
119	221	1
343	110	19
94	94	1
172	150	2
121	279	1
302	139	14
175	251	2
160	251	2
179	265	1
186	221	2
276	351	3
169	310	1
189	352	1
160	106	1
178	60	1
323	147	19
184	352	1
186	76	1
187	310	1
205	352	1
152	265	1
223	394	1
176	106	1
305	330	12
307	26	12
255	368	1
153	251	1
336	181	20
193	135	3
174	163	3
216	32	1
234	323	2
15	15	1
217	265	3
237	107	1
130	221	1
227	352	1
159	90	1
202	46	1
132	120	1
135	221	1
155	265	1
229	221	2
176	295	1
251	160	4
159	235	2
144	235	1
146	76	1
113	135	1
259	202	3
278	122	3
67	328	1
195	338	1
128	265	1
149	178	1
244	368	1
159	265	2
126	163	1
43	352	1
209	120	2
248	45	1
156	206	2
193	265	1
231	337	1
247	15	1
179	279	2
288	62	6
243	297	3
226	179	4
190	352	1
228	179	4
299	11	7
138	135	1
266	336	1
160	120	1
178	46	1
148	295	1
183	206	3
187	324	1
241	312	1
152	279	1
188	251	3
333	221	20
156	295	1
212	324	1
305	324	10
306	330	11
113	265	1
148	150	1
223	265	3
170	135	2
311	255	12
244	383	1
319	367	15
139	310	1
285	267	8
164	310	1
271	135	3
204	106	1
225	235	3
172	310	1
135	265	1
155	221	2
139	135	1
175	150	2
181	251	2
182	251	2
7	388	1
214	381	1
286	325	6
254	260	2
290	325	6
182	106	1
237	383	1
260	202	3
207	150	3
120	221	1
191	135	3
210	163	4
194	338	1
282	123	4
124	106	1
142	178	1
236	57	1
290	11	7
242	221	2
153	206	1
172	235	3
262	109	1
175	46	1
199	265	1
220	178	4
296	141	12
223	135	3
209	106	1
192	46	1
210	120	2
228	367	1
174	295	1
233	297	4
282	285	6
300	250	10
306	26	12
272	347	4
111	135	1
97	298	1
336	115	18
279	205	4
46	349	1
303	140	14
52	343	1
161	120	1
215	382	1
287	326	6
165	235	2
131	279	1
187	338	1
150	90	1
119	265	1
264	180	4
174	76	1
213	324	2
300	24	9
268	49	3
182	28	1
237	265	3
223	383	1
190	76	1
213	309	2
216	60	1
89	306	1
200	235	3
292	369	11
44	351	1
245	191	3
306	59	8
324	255	15
150	279	1
193	90	1
302	25	10
267	73	3
217	76	2
113	163	1
168	221	2
81	314	1
120	235	1
194	251	3
195	251	3
124	120	1
141	310	1
216	148	3
328	259	15
148	163	1
208	382	2
244	340	1
156	163	2
194	106	1
175	60	1
233	394	1
244	14	1
192	60	1
282	367	6
216	381	1
252	222	2
162	265	2
162	178	2
53	342	1
164	178	2
240	323	2
225	367	1
189	150	3
321	6	12
214	134	3
216	236	3
144	206	1
328	112	15
187	352	1
188	338	1
205	310	2
191	178	4
142	135	1
73	73	1
171	206	3
189	120	2
45	350	1
178	235	3
14	381	1
142	310	1
162	90	1
289	287	7
293	138	14
77	77	1
211	324	1
139	163	1
250	233	2
158	150	2
257	60	2
168	60	1
169	178	3
225	352	1
133	279	1
255	201	3
241	221	2
4	4	1
225	46	1
188	150	3
206	120	2
190	150	3
207	106	1
210	135	3
125	120	1
215	250	3
145	90	1
217	207	3
273	45	3
129	235	1
206	310	2
323	77	15
179	135	3
201	150	3
237	58	1
238	312	2
208	251	3
260	119	2
197	279	2
253	261	2
200	367	1
229	337	1
230	234	3
196	46	1
216	250	3
235	253	3
292	76	6
168	178	3
115	150	1
188	352	1
170	279	1
279	326	3
210	382	2
284	326	6
175	90	1
285	368	7
234	264	3
218	206	3
19	19	1
310	376	14
58	58	1
151	221	1
157	310	1
93	302	1
211	338	1
141	120	1
255	110	1
165	295	1
221	394	1
168	42	1
261	153	3
262	281	3
173	295	1
265	222	2
176	90	1
301	370	13
50	50	1
159	163	2
116	279	1
207	120	2
335	55	14
246	45	1
213	353	1
199	338	1
328	319	15
75	320	1
262	59	2
156	135	2
158	120	1
125	251	1
126	251	1
147	265	1
276	227	8
42	42	1
259	109	1
277	219	4
173	90	1
265	265	2
176	279	2
212	75	2
286	267	8
321	113	14
347	222	22
115	298	2
208	120	2
259	250	2
302	60	8
175	310	1
251	353	2
183	310	1
275	26	2
188	163	4
196	163	4
185	265	1
244	250	2
191	295	2
179	295	1
235	265	3
291	11	7
274	49	3
275	325	2
204	178	4
187	106	1
205	60	1
211	352	1
247	204	3
213	76	2
141	106	1
252	249	2
164	221	2
182	163	3
203	106	1
255	28	1
116	163	1
152	295	1
279	252	3
248	294	3
122	150	1
233	137	3
141	251	1
142	251	1
143	235	1
128	235	1
190	178	4
262	154	3
198	178	4
312	28	13
168	310	1
204	90	1
367	67	17
193	338	1
229	46	1
123	106	1
158	106	1
159	120	1
161	265	2
201	178	4
147	279	1
276	324	2
78	317	1
209	178	4
228	234	3
173	76	1
157	178	2
140	206	1
181	60	1
242	58	1
211	163	4
234	221	2
219	163	4
165	163	3
224	278	4
167	206	2
173	163	3
318	78	13
68	68	1
278	381	2
135	310	1
247	45	1
231	311	2
199	206	3
184	221	2
187	120	2
188	106	1
205	46	1
280	251	3
283	326	6
214	324	2
142	90	1
162	310	1
213	207	3
323	332	13
159	135	2
253	104	2
200	76	1
219	367	1
221	31	1
243	46	1
119	206	1
318	113	14
338	221	20
199	310	2
202	163	4
297	141	13
154	251	2
155	251	2
156	235	2
191	338	1
123	120	1
196	338	1
320	58	12
52	52	1
274	26	2
259	73	3
193	106	1
211	192	3
229	278	4
216	309	2
144	135	1
333	323	14
122	163	1
232	106	1
306	167	12
220	366	1
242	191	3
244	175	4
261	119	2
174	150	2
196	135	3
129	279	1
311	11	10
149	279	1
154	265	1
184	235	3
204	265	1
205	32	1
188	120	2
206	150	3
227	15	1
242	353	2
138	235	1
139	235	1
140	251	1
250	289	3
161	90	1
252	29	1
263	384	1
201	310	2
185	76	1
331	221	19
116	135	1
8	8	1
209	310	2
337	182	20
174	46	1
139	120	1
126	295	1
218	12	1
201	76	1
154	90	1
262	134	3
283	15	5
12	12	1
124	265	1
201	221	2
176	338	1
182	279	2
130	265	1
330	113	15
186	279	2
246	368	1
301	251	7
157	150	2
233	221	2
322	256	15
141	135	1
183	251	3
131	314	2
168	251	2
332	220	19
260	222	2
212	236	3
216	178	4
90	90	1
272	73	3
128	206	1
221	106	1
39	39	1
186	60	1
295	370	11
173	135	2
214	75	2
235	338	1
218	134	3
27	27	1
155	206	2
190	32	1
161	251	2
198	32	1
199	178	4
133	192	1
82	82	1
245	75	2
31	31	1
215	338	1
36	359	1
238	106	1
257	118	2
21	21	1
205	163	4
277	123	3
280	326	3
227	394	1
321	366	16
230	352	1
232	394	1
140	120	1
266	236	2
287	251	5
288	262	8
143	221	1
359	68	16
113	279	1
167	235	2
188	295	2
117	178	1
153	310	1
189	90	1
192	279	2
196	295	2
162	60	1
291	77	6
57	338	1
292	325	7
320	6	12
195	60	1
250	203	3
251	203	3
125	163	1
161	295	1
165	279	1
312	256	12
168	90	1
204	310	2
169	295	1
206	235	3
276	155	8
247	368	1
247	191	3
230	221	2
233	207	3
285	83	8
145	235	1
326	255	15
258	119	2
259	383	1
152	163	2
243	98	2
135	106	1
49	346	1
213	236	3
225	121	2
174	178	3
196	251	3
269	27	2
202	206	3
293	149	13
269	108	1
184	135	3
275	381	1
222	148	3
223	46	1
224	46	1
171	60	1
134	192	1
136	106	1
211	280	2
216	280	3
141	178	1
143	178	1
236	368	1
254	222	2
242	75	2
189	251	3
190	251	3
122	206	1
232	77	2
268	59	2
200	150	3
146	206	1
23	372	1
151	163	2
171	279	2
227	265	3
245	383	1
191	279	2
33	362	1
181	338	1
156	221	2
141	90	1
144	279	1
254	118	2
272	348	4
203	90	1
332	318	15
156	76	1
140	150	1
218	120	2
199	46	1
148	310	1
224	367	1
25	370	1
100	100	1
172	76	1
156	310	1
230	277	4
196	90	1
159	342	1
72	72	1
219	235	3
255	279	3
129	135	1
169	120	1
167	150	2
153	265	1
173	235	3
318	6	12
139	295	1
125	221	1
76	76	1
203	265	1
132	206	1
208	279	2
226	234	3
297	220	10
263	325	1
231	383	1
305	140	14
161	135	2
17	378	1
199	150	3
222	134	3
134	178	1
135	192	1
283	219	5
105	290	1
285	62	6
159	206	2
219	294	2
237	368	1
203	32	1
259	338	1
317	56	11
212	338	1
123	265	1
290	26	6
146	192	1
164	106	1
312	115	12
323	255	15
117	150	1
227	311	2
103	103	1
235	311	2
182	338	1
201	235	3
202	251	3
203	251	3
317	367	15
155	163	2
174	310	1
141	76	1
142	106	1
91	91	1
312	284	13
299	118	11
263	4	12
157	76	1
141	221	1
235	14	1
200	60	1
326	219	19
221	47	1
296	325	7
95	95	1
121	235	1
265	59	2
195	310	1
159	324	1
255	261	2
256	109	1
169	106	1
170	120	1
151	206	1
173	221	2
174	206	3
266	26	1
310	286	13
330	63	14
112	251	1
184	163	4
241	323	2
188	32	1
206	206	3
226	367	1
192	163	4
138	163	1
196	32	1
143	150	1
146	163	1
260	338	1
334	178	19
209	382	2
119	279	1
228	46	1
176	60	1
212	352	1
141	295	1
200	178	4
74	321	1
129	295	1
184	76	1
148	178	1
309	368	14
334	221	20
210	279	2
138	72	1
156	178	2
249	221	2
196	265	1
126	206	1
235	293	4
164	338	1
273	189	3
153	90	1
189	310	1
175	178	3
286	286	7
183	178	4
222	294	2
245	58	1
211	134	3
229	235	3
233	149	3
126	279	1
71	71	1
218	393	1
205	295	2
116	265	1
134	310	1
154	106	1
191	163	4
193	221	2
212	367	1
285	335	5
142	150	1
144	76	1
253	59	1
204	46	1
224	250	3
170	106	1
153	178	2
226	31	1
263	280	3
178	295	1
269	49	3
182	295	1
297	312	13
172	265	1
251	250	2
125	295	1
161	163	3
270	48	3
201	367	1
169	163	3
25	25	1
226	353	1
190	310	1
285	2	8
198	310	1
310	10	10
149	120	1
242	97	2
29	29	1
234	368	1
270	281	3
181	279	2
309	322	10
184	90	1
222	75	2
136	221	1
105	229	1
251	2	16
17	17	1
201	135	3
242	323	1
297	289	10
261	368	2
320	78	13
174	338	1
285	106	5
270	59	2
185	46	1
166	120	1
42	353	1
225	394	1
214	163	4
218	46	1
181	90	1
184	295	1
208	8	1
336	221	20
192	295	2
121	135	1
288	325	6
145	76	1
203	338	1
208	338	1
279	25	4
240	97	2
234	394	1
200	310	2
240	264	3
139	206	1
198	90	1
236	297	3
187	279	2
189	178	4
299	75	7
213	60	1
307	59	9
146	135	1
277	266	2
261	27	1
119	251	1
194	46	1
160	279	1
235	368	1
201	32	1
310	322	10
312	29	13
149	251	1
150	251	1
151	235	1
137	150	1
156	150	2
105	215	1
178	135	3
251	16	1
167	310	1
136	90	1
262	368	2
147	135	1
183	150	3
166	106	1
167	120	1
169	150	2
241	352	2
257	16	1
260	251	2
14	14	1
253	110	1
254	324	1
294	325	7
188	178	4
189	60	1
208	6	1
232	311	2
250	58	1
218	163	4
272	253	2
220	264	3
133	90	1
227	179	4
195	90	1
179	235	3
70	325	1
287	63	6
114	150	1
168	120	1
186	206	3
222	207	3
133	235	1
134	235	1
135	251	1
247	221	2
306	218	15
182	178	3
169	338	1
116	178	1
152	310	1
286	140	8
288	251	5
218	59	1
114	120	1
168	150	2
295	326	7
117	221	1
246	14	1
193	178	4
139	279	1
194	32	1
195	178	4
195	265	1
159	279	1
129	192	1
130	206	1
147	106	1
165	60	1
320	59	12
305	124	14
198	60	1
163	106	1
201	163	4
209	163	4
324	63	12
162	251	2
163	251	2
115	265	1
189	221	2
138	295	1
214	207	3
89	89	1
252	118	2
289	228	15
146	295	1
164	90	1
271	60	2
223	279	4
121	163	1
238	383	1
93	93	1
240	106	1
222	46	1
224	148	3
135	295	1
157	235	2
200	338	1
183	76	1
243	340	1
81	81	1
133	221	1
264	4	12
32	32	1
267	49	3
199	76	1
259	222	2
170	338	1
79	316	1
192	235	3
229	367	1
266	251	2
196	120	2
234	311	2
217	149	3
143	206	1
251	261	2
146	235	1
148	251	1
114	106	1
317	114	14
304	324	10
339	221	21
216	91	2
199	295	2
55	340	1
130	192	1
96	299	1
147	120	1
148	106	1
150	135	1
202	367	1
206	367	1
65	330	1
137	178	1
174	265	1
198	46	1
185	235	3
222	367	1
204	206	3
225	311	2
356	68	16
163	338	1
236	191	3
182	135	3
147	163	1
166	150	2
224	324	2
115	279	1
119	295	1
191	106	1
122	178	1
265	236	2
195	367	1
88	307	1
141	279	1
268	15	1
290	252	5
191	251	3
176	251	2
124	206	1
344	23	18
198	150	3
202	221	2
185	310	1
132	235	1
153	106	1
282	270	9
193	310	1
253	340	1
258	202	3
258	311	1
187	135	3
80	315	1
150	265	1
209	150	3
223	59	1
278	137	3
254	280	3
127	106	1
201	295	2
169	251	2
205	279	2
116	150	1
170	324	1
154	58	1
190	206	3
209	295	2
124	86	1
179	46	1
197	120	2
219	135	3
146	221	1
183	352	1
78	78	1
304	370	13
123	150	1
322	113	14
178	279	2
164	265	2
201	206	3
148	120	1
131	192	1
242	312	1
225	208	3
299	252	7
282	265	6
121	295	1
234	14	1
110	206	1
327	113	15
208	178	4
134	206	1
279	185	5
229	265	3
319	70	13
158	192	2
162	338	1
203	60	1
314	9	10
121	206	1
230	173	4
284	219	7
141	265	1
235	178	4
181	295	1
128	221	1
255	191	3
202	265	1
238	221	2
313	266	15
192	367	1
124	279	1
341	220	21
308	11	10
219	13	1
313	379	16
259	28	1
227	221	2
300	330	11
140	265	1
217	394	1
199	163	4
164	135	2
111	120	1
3	3	1
204	251	3
243	304	3
122	265	1
51	344	1
145	310	1
181	106	1
205	265	1
170	310	1
171	76	1
212	250	3
305	371	14
179	60	1
144	106	1
197	106	1
219	149	3
253	29	1
307	115	11
203	386	2
188	310	1
280	15	4
171	221	2
119	163	1
232	264	3
250	107	1
178	265	1
197	251	3
198	251	3
112	120	1
185	150	3
257	190	3
131	206	1
132	192	1
150	163	1
226	208	3
244	58	1
192	32	1
158	163	2
125	265	1
252	202	3
117	106	1
300	139	13
213	12	1
159	192	2
166	178	3
149	90	1
152	178	1
192	206	3
211	90	2
217	250	3
92	303	1
226	120	2
251	96	2
179	178	3
128	90	1
2	393	1
185	338	1
275	208	3
206	338	1
135	178	1
177	120	1
112	206	1
184	150	3
166	90	1
187	163	4
155	279	1
175	279	2
141	163	1
145	221	1
240	221	2
239	383	1
173	338	1
213	134	3
158	324	1
128	279	1
183	324	1
293	62	6
132	295	1
243	233	2
244	153	3
337	28	19
246	118	2
248	220	2
123	178	1
126	221	1
181	163	3
184	46	1
113	120	1
274	208	3
209	90	2
140	310	1
326	73	15
295	108	7
209	235	3
249	44	1
144	192	1
217	91	2
218	75	2
291	326	7
150	106	1
149	221	1
167	135	2
223	367	1
171	192	2
163	90	1
256	29	1
186	338	1
276	208	3
177	106	1
178	120	2
286	276	11
181	221	2
199	135	3
204	338	1
276	266	2
150	295	1
138	279	1
156	90	1
285	15	6
158	295	1
234	252	3
129	120	1
152	135	1
120	251	1
173	324	1
195	235	3
166	310	1
296	220	10
333	73	16
298	61	8
119	135	1
318	56	11
195	120	2
217	382	1
184	60	1
113	106	1
185	178	4
204	135	3
63	332	1
320	113	14
113	251	1
115	235	1
22	373	1
225	383	1
213	32	1
250	353	2
141	206	1
325	113	15
145	192	1
338	252	18
195	295	2
124	135	1
239	251	3
209	60	1
172	192	2
173	206	3
247	75	2
268	281	3
196	206	3
162	106	1
200	265	1
293	186	10
224	106	1
132	163	1
151	76	1
279	123	3
135	150	1
282	326	6
250	249	2
160	60	1
178	106	1
286	262	7
72	323	1
162	221	2
309	26	12
184	178	4
327	64	13
167	76	1
245	2	19
192	178	4
191	90	1
194	279	2
140	178	1
272	122	2
130	120	1
149	135	1
167	221	2
116	206	1
209	367	1
120	265	1
248	137	3
194	221	2
213	367	1
233	46	1
51	51	1
322	6	12
219	207	3
129	251	1
130	235	1
167	178	3
245	233	2
227	338	1
229	58	1
194	76	1
232	338	1
142	265	1
181	135	3
199	221	2
223	235	3
208	235	3
176	265	1
201	279	2
223	120	2
188	206	3
206	32	1
134	150	1
284	236	7
267	108	1
141	192	1
145	178	1
209	352	1
246	58	1
174	120	1
175	106	1
213	163	4
31	364	1
218	222	2
129	265	1
220	206	3
238	352	1
293	219	10
294	219	10
206	265	1
226	46	1
313	322	11
262	48	3
173	192	2
301	11	9
174	235	3
342	183	21
289	313	8
182	310	1
256	249	2
224	120	2
23	23	1
155	135	2
286	368	7
287	386	15
325	219	19
309	108	11
327	54	12
187	221	2
133	265	1
173	279	2
320	256	14
11	11	1
268	109	1
126	265	1
110	120	1
183	265	1
59	336	1
206	90	2
120	279	1
318	69	13
272	135	3
40	355	1
166	338	1
132	265	1
5	5	1
257	312	1
245	251	2
228	338	1
302	370	13
234	57	1
126	235	1
127	251	1
182	265	1
273	152	6
185	206	3
212	91	2
158	251	2
197	265	1
38	38	1
313	114	12
192	135	3
194	352	1
267	154	3
214	178	4
142	192	1
184	310	1
242	139	3
315	195	12
170	265	1
208	7	1
209	338	1
192	310	1
210	352	1
302	266	12
175	120	1
340	185	21
288	340	9
129	206	1
224	135	3
225	178	4
117	265	1
30	30	1
233	351	1
161	221	2
271	207	3
112	135	1
132	135	1
189	338	1
300	187	10
254	182	4
187	235	3
262	251	2
173	265	1
176	120	1
86	309	1
141	235	1
143	251	1
128	251	1
219	353	1
241	233	2
151	310	1
279	381	2
155	76	1
265	73	3
303	60	8
200	221	2
128	106	1
2	2	1
153	150	2
172	163	3
137	135	1
122	120	1
158	90	1
237	14	1
147	295	1
167	295	1
27	368	1
155	295	1
281	250	5
212	105	1
232	221	2
267	59	2
198	76	1
330	220	19
169	135	2
223	92	2
206	60	1
171	106	1
317	7	10
334	113	18
195	352	1
268	26	1
289	251	5
143	192	1
128	295	1
332	63	14
171	251	2
118	221	1
210	338	1
176	206	3
323	113	14
218	178	4
221	135	3
154	279	1
136	310	1
154	192	2
246	177	4
262	28	1
125	150	1
144	310	1
127	150	1
56	56	1
270	108	1
257	201	3
324	365	19
208	206	3
246	383	1
230	46	1
380	68	20
143	279	1
60	60	1
190	221	2
248	324	1
233	107	1
325	64	12
1	394	1
182	60	1
151	324	1
155	90	1
48	48	1
156	324	1
195	163	4
128	120	1
274	324	2
204	120	2
95	300	1
167	324	1
208	310	2
172	324	1
297	253	7
156	251	2
247	58	1
177	90	1
207	279	2
134	221	1
228	136	3
261	325	1
156	106	1
318	270	18
214	367	1
255	59	1
40	40	1
111	221	1
115	163	1
169	324	1
172	106	1
193	235	3
194	324	1
267	134	3
124	88	1
128	192	1
220	382	1
151	150	1
44	44	1
154	163	2
210	324	1
244	191	3
158	60	1
203	367	1
149	295	1
207	367	1
298	252	7
155	192	2
104	291	1
178	163	3
306	108	10
269	120	2
287	18	7
112	163	1
184	251	3
133	206	1
212	134	3
140	235	1
161	106	1
292	62	6
94	301	1
223	75	2
249	324	1
267	191	3
124	87	1
200	106	1
129	178	1
131	178	1
157	324	1
177	251	2
215	178	4
143	76	1
256	59	2
187	46	1
150	150	1
205	120	2
136	150	1
154	221	2
137	163	1
172	135	2
206	382	2
178	90	1
159	76	1
254	74	3
220	46	1
183	90	1
114	178	1
186	295	2
120	106	1
211	222	2
156	120	1
360	14	22
260	369	2
199	380	2
274	390	2
331	251	16
255	360	3
107	190	1
188	21	2
283	267	6
328	287	15
224	208	3
257	182	4
348	113	20
233	279	3
257	80	2
263	158	4
286	197	11
336	326	18
229	150	4
323	271	17
342	57	16
261	77	2
227	295	4
296	108	7
297	309	11
249	76	2
311	268	14
258	184	4
187	371	3
281	107	2
221	193	3
239	301	4
257	3	14
267	199	4
310	187	12
252	108	1
290	369	10
346	25	20
208	10	2
299	370	12
118	303	2
307	140	15
292	318	13
326	21	16
107	134	1
245	28	1
311	129	17
279	359	6
141	322	2
304	288	12
153	61	1
339	294	20
234	176	5
261	338	1
253	312	1
228	106	1
309	247	13
223	166	4
217	106	1
131	310	1
284	200	10
226	91	2
279	52	4
246	137	3
306	114	11
212	120	2
282	106	2
315	238	15
311	26	12
282	268	7
381	67	20
257	75	3
243	15	1
263	202	3
333	2	18
337	71	17
158	337	1
219	325	2
264	83	2
191	376	3
303	112	10
203	388	2
317	148	16
320	23	14
358	221	23
267	367	2
277	186	5
225	249	3
352	117	21
328	254	15
105	125	1
285	353	7
159	344	1
253	45	2
361	11	22
314	147	15
295	264	10
336	327	18
319	23	14
266	368	2
241	169	4
261	76	2
227	251	3
341	111	19
322	332	12
350	17	18
279	15	3
231	278	4
258	185	4
306	141	14
187	370	1
287	183	7
225	148	3
281	27	5
239	300	4
196	17	1
254	235	2
267	198	4
105	260	1
208	11	1
265	310	1
321	78	13
142	76	1
217	13	1
345	64	15
236	125	3
240	120	2
221	352	1
245	106	1
107	121	1
259	236	2
287	56	10
267	4	11
234	177	4
244	281	3
177	352	1
106	262	1
256	81	2
232	176	4
105	198	1
309	246	13
251	75	3
269	236	2
236	97	2
329	321	15
292	339	9
331	319	15
136	319	2
259	187	3
254	359	2
291	251	5
268	153	3
282	269	8
324	23	16
294	150	13
318	24	14
133	318	3
317	34	16
344	64	15
302	313	18
108	120	1
221	311	2
245	177	4
249	182	4
107	176	1
231	32	1
106	154	1
310	256	11
225	248	3
338	57	15
281	344	7
105	124	1
234	280	3
229	3	17
257	368	2
261	280	3
176	352	1
276	187	5
228	92	2
252	74	3
261	75	3
223	249	3
307	178	13
227	75	2
320	197	17
168	40	3
282	48	9
254	300	3
106	254	1
253	95	2
244	262	2
290	58	10
310	185	13
280	235	3
111	293	2
241	251	3
289	333	9
293	286	9
307	142	14
270	6	11
317	219	18
258	235	2
245	105	1
325	193	20
221	178	4
106	210	1
234	190	3
253	325	1
229	172	4
265	119	2
270	192	3
238	180	4
274	14	2
131	312	2
170	350	1
212	309	2
283	2	11
329	320	15
279	54	4
249	153	3
108	164	1
222	164	4
259	186	4
316	57	11
273	266	2
339	121	19
254	356	3
277	307	3
305	10	10
282	266	6
295	247	11
262	4	13
285	46	10
242	303	4
240	340	1
247	179	4
296	341	10
269	190	3
245	176	4
249	181	4
282	76	5
273	391	2
245	323	1
267	353	2
106	155	1
281	61	5
262	81	2
314	256	13
285	385	7
171	38	2
299	109	8
309	188	11
342	175	21
260	5	13
199	16	1
297	24	7
226	1	18
168	41	1
297	331	11
282	49	6
339	64	14
330	261	16
187	372	3
144	65	1
106	255	1
277	77	4
347	212	23
247	311	1
294	332	11
332	23	17
312	27	12
227	136	3
332	324	14
298	308	11
255	301	4
364	68	16
335	325	14
107	234	1
221	382	1
245	104	2
249	109	1
255	3	14
106	211	1
291	63	6
324	76	15
281	384	3
343	183	21
309	244	14
270	193	4
251	58	1
342	215	22
260	78	2
327	22	16
131	315	3
269	153	3
296	265	10
302	146	15
108	165	1
297	370	12
316	58	11
145	326	2
302	108	8
254	357	2
334	317	16
282	267	7
230	77	2
229	207	3
309	167	12
119	304	2
214	236	3
241	130	4
237	86	2
271	140	5
341	72	18
247	178	4
341	57	16
251	183	4
302	319	11
325	331	13
105	243	1
105	156	1
333	261	18
134	318	3
209	392	2
252	298	4
275	229	3
260	6	13
240	192	3
264	336	1
216	105	1
283	378	2
122	305	1
244	98	2
234	88	2
324	218	19
315	265	16
186	22	2
172	37	2
239	15	1
266	49	3
256	261	2
274	153	6
345	212	23
228	295	4
107	237	1
296	76	6
226	149	3
245	119	2
224	156	4
352	65	16
290	237	9
106	261	1
286	1	8
299	39	20
137	320	2
265	155	3
242	182	4
213	279	3
302	288	12
259	47	3
249	159	4
316	59	12
272	49	3
145	325	3
248	191	3
282	264	6
257	222	2
352	220	23
257	79	3
334	79	17
233	88	2
276	76	3
347	113	19
276	51	3
232	175	4
299	289	11
288	77	6
294	119	11
316	249	15
335	316	17
246	233	2
107	181	1
301	47	18
254	17	1
210	250	3
361	15	22
309	375	14
205	390	2
180	363	1
322	55	11
147	64	1
270	190	3
275	228	4
260	7	13
308	267	13
113	294	2
340	11	16
340	122	20
127	82	2
255	105	2
292	219	8
230	10	2
266	385	1
280	285	5
270	235	2
237	29	1
294	44	12
251	382	1
169	39	3
107	236	1
292	25	6
248	309	2
277	284	4
202	381	2
211	393	2
325	369	19
243	167	4
209	11	1
232	180	4
324	364	19
242	262	2
240	299	3
203	14	1
259	368	2
340	220	21
127	308	1
316	69	13
249	15	1
163	347	1
145	324	3
272	208	3
352	110	20
348	26	20
239	352	1
257	78	3
304	47	20
233	95	2
310	245	13
115	95	2
343	228	23
312	247	13
260	383	1
242	298	3
317	62	11
307	120	17
107	180	1
235	123	2
286	386	7
248	75	2
301	208	19
105	241	1
105	130	1
313	77	13
104	228	1
270	191	3
288	106	6
321	22	15
340	20	18
230	297	4
230	11	2
253	234	2
239	299	3
239	152	3
309	330	11
256	74	3
209	46	1
337	113	18
263	265	2
148	63	1
299	61	8
242	1	20
105	271	1
274	151	6
312	30	13
345	218	23
341	14	16
236	122	3
326	15	17
287	368	9
248	310	2
305	115	11
304	181	12
310	127	15
139	69	2
290	316	12
295	45	16
321	188	19
341	177	20
293	318	14
131	316	3
226	294	4
154	59	1
316	283	14
306	289	13
352	111	20
287	27	6
314	249	14
238	280	3
347	115	20
263	337	1
232	32	1
204	13	1
251	106	1
341	228	22
348	285	16
105	240	1
149	333	1
312	148	15
164	347	1
107	147	1
306	52	21
279	235	3
282	61	5
382	68	20
315	266	16
210	367	1
267	252	2
257	343	2
256	361	3
336	71	17
105	270	1
270	152	3
114	294	2
284	76	5
283	140	6
251	368	1
288	230	11
307	288	13
236	394	1
386	64	22
338	329	17
224	14	1
325	256	15
239	191	3
158	51	1
319	196	17
312	366	15
294	285	11
261	236	2
271	7	7
223	286	5
389	72	22
260	74	3
264	156	3
284	199	10
288	369	9
317	250	15
254	286	3
235	191	3
329	54	12
107	278	1
352	223	23
230	208	3
257	76	4
281	326	4
291	317	13
265	180	4
251	109	1
252	369	1
251	312	1
222	250	3
301	266	12
187	367	1
278	26	3
231	94	2
106	132	1
235	296	4
126	82	2
333	253	17
285	378	10
333	78	17
323	72	16
295	150	13
110	98	1
214	12	1
317	269	17
318	62	11
289	276	11
345	109	20
189	21	2
341	330	17
122	91	1
217	325	2
282	139	3
279	347	4
106	248	1
196	378	3
272	282	3
230	9	2
305	166	12
295	340	10
333	114	17
239	120	2
257	342	2
343	174	21
312	194	12
295	11	7
232	121	2
285	130	9
318	218	18
321	71	17
341	12	16
288	231	10
264	368	2
269	82	2
344	173	21
335	23	17
282	385	3
277	138	3
301	116	11
325	271	17
263	73	3
343	221	21
313	26	13
309	255	11
271	183	5
294	252	6
170	38	2
240	302	4
222	338	1
264	157	4
283	107	5
355	220	23
237	288	3
278	285	4
279	76	3
108	162	1
235	33	1
291	224	17
281	43	12
362	70	18
267	182	5
244	324	1
228	208	3
308	255	11
265	4	12
294	24	6
260	47	3
298	265	11
296	234	10
235	124	3
278	27	3
316	330	12
325	20	16
372	64	19
277	51	3
233	175	5
220	338	1
105	246	1
324	272	17
215	105	1
219	106	1
313	195	12
242	250	2
274	80	2
296	311	9
249	234	2
316	8	10
236	311	2
316	366	15
279	346	8
129	309	1
210	75	1
315	268	17
220	310	2
135	319	2
229	32	1
215	13	1
342	257	19
257	341	1
232	235	3
285	127	6
313	110	13
213	382	1
322	23	15
271	82	2
167	349	1
226	76	2
303	48	20
255	299	3
246	186	4
108	191	1
222	179	4
197	17	1
245	261	2
106	108	1
337	176	20
300	60	8
357	14	21
290	315	12
342	15	18
238	204	3
241	152	3
326	332	13
198	379	3
273	80	2
283	27	6
118	93	1
296	45	16
248	341	1
106	174	1
311	109	13
281	42	19
107	264	1
276	363	2
266	144	4
105	170	1
324	332	13
336	114	18
261	189	3
308	248	13
238	121	2
312	251	13
280	345	8
132	317	4
194	18	1
246	294	3
318	147	17
179	363	1
320	322	13
387	69	21
108	135	1
225	135	3
372	65	18
220	13	1
285	376	11
256	17	1
314	267	16
228	245	4
270	353	2
114	95	2
275	13	2
218	193	3
227	149	3
303	313	18
107	148	1
108	235	1
324	177	14
287	79	6
324	192	19
348	222	22
315	380	17
257	340	1
253	298	3
208	4	2
247	82	2
252	324	1
345	222	22
269	366	2
283	62	5
250	182	4
182	364	1
281	77	3
304	218	15
106	109	1
149	63	1
281	367	5
324	75	15
120	304	2
299	140	13
265	157	4
284	286	6
313	250	13
299	315	18
308	59	9
104	288	1
327	15	18
240	14	1
341	256	19
340	72	18
255	44	2
107	267	1
233	177	4
215	353	1
253	353	2
147	332	1
209	251	3
256	340	1
241	298	3
104	126	1
247	101	2
161	346	1
320	323	13
245	184	4
254	313	1
277	351	3
106	131	1
305	46	21
311	112	13
352	15	19
254	106	2
304	113	12
262	190	3
266	181	4
275	12	3
260	344	2
223	339	1
240	281	3
216	338	1
331	3	17
354	224	23
216	193	3
351	221	23
339	72	18
211	2	2
291	186	9
287	78	6
230	12	1
106	118	1
305	219	15
328	4	13
385	67	20
309	341	14
343	58	14
208	5	1
345	172	22
270	15	2
212	393	2
217	309	2
283	351	4
301	318	20
338	325	18
330	289	16
210	45	1
106	106	1
144	323	2
272	392	2
371	66	18
106	268	1
257	262	2
337	80	19
299	314	14
342	124	21
299	331	11
270	120	2
264	49	3
344	110	19
249	311	1
255	94	2
245	84	2
311	111	13
224	191	3
300	252	7
305	146	17
107	266	1
362	69	17
125	83	3
182	26	3
276	58	2
232	150	3
336	116	18
327	319	15
247	100	3
321	147	17
251	222	2
297	43	17
320	324	13
249	354	2
269	6	11
363	68	17
340	323	16
310	367	14
268	183	5
277	207	3
248	81	2
201	381	2
304	114	11
291	332	10
266	5	11
357	68	16
214	294	2
232	1	12
333	317	16
271	281	3
249	382	1
288	334	8
107	249	1
344	213	22
310	331	11
267	388	1
230	13	1
254	135	3
385	66	21
262	264	2
337	329	17
153	335	1
286	45	10
295	289	9
171	351	1
209	32	1
309	118	12
284	308	6
308	178	14
256	285	5
261	4	13
218	338	1
350	222	23
216	222	2
237	312	2
246	185	5
279	266	5
282	26	6
258	3	14
316	269	17
178	362	2
310	113	11
280	51	5
281	286	5
106	269	1
319	195	16
343	217	22
309	74	12
128	308	1
298	108	8
270	206	3
284	62	6
288	57	10
218	310	2
351	118	21
109	192	1
344	111	19
340	219	21
301	289	12
306	249	11
224	338	1
225	15	1
211	76	1
315	250	14
311	110	13
282	272	10
291	339	9
182	27	1
336	117	18
265	191	3
312	109	13
252	287	3
293	331	10
104	286	1
284	2	11
223	31	1
354	218	23
297	42	17
155	53	2
340	255	18
273	194	3
296	12	7
287	310	7
311	114	12
254	104	2
266	179	8
105	105	1
337	14	15
124	306	1
324	284	14
247	293	3
275	14	2
185	366	1
237	339	1
107	137	1
278	59	3
268	197	4
221	163	4
258	350	2
230	2	17
385	65	21
286	131	9
324	368	18
300	265	11
285	236	7
303	222	14
269	252	2
278	266	2
246	190	3
320	60	12
130	309	1
211	32	1
106	182	1
315	78	13
339	324	16
211	382	2
215	207	3
183	365	1
286	14	6
347	108	20
256	45	3
209	3	2
319	194	16
346	172	22
309	73	12
238	97	2
228	31	1
214	222	2
313	255	13
299	316	19
240	1	20
293	25	6
316	238	14
246	107	1
121	92	1
302	11	9
250	312	1
173	358	1
311	248	13
150	62	1
224	32	1
336	328	18
214	280	3
253	382	1
243	312	1
241	303	4
261	202	3
313	283	13
369	67	17
191	367	1
294	108	7
354	219	23
227	91	2
246	341	1
326	285	15
109	163	1
297	41	17
264	190	3
378	68	19
255	286	4
273	48	3
193	377	3
335	263	18
340	111	19
268	83	2
278	28	4
272	308	1
314	66	11
334	1	18
211	310	2
337	252	17
239	98	2
379	69	19
246	262	2
108	291	1
260	8	13
264	203	3
109	135	1
271	392	2
351	222	23
292	264	10
226	135	3
245	153	3
107	136	1
255	16	1
211	150	3
287	277	11
306	190	11
278	56	3
339	58	15
231	120	2
221	162	4
358	69	16
349	286	20
233	253	3
106	117	1
233	31	1
105	213	1
243	323	1
261	352	2
210	392	3
319	62	11
227	2	18
320	61	11
231	297	4
326	150	22
273	282	3
329	3	13
151	334	1
106	183	1
315	65	11
107	291	1
304	60	8
323	6	12
124	89	1
294	246	10
351	112	20
269	142	4
329	332	14
107	195	1
272	43	11
311	330	11
173	357	2
106	171	1
304	250	10
358	13	21
348	19	18
210	12	1
266	157	5
357	220	23
238	288	3
295	235	9
295	120	11
252	59	1
260	352	2
289	144	11
219	339	1
237	75	2
283	77	5
273	192	3
107	175	1
359	13	22
348	64	15
314	67	13
391	69	22
105	111	1
290	43	10
205	13	1
280	267	6
252	95	2
123	91	1
142	66	1
350	112	20
250	159	4
107	250	1
117	94	2
248	291	3
221	161	4
258	348	4
105	212	1
299	52	18
228	150	4
323	186	20
280	359	8
308	189	11
223	192	3
341	21	18
308	322	10
194	377	3
283	53	9
123	306	1
293	244	10
246	188	4
377	67	19
329	288	16
301	314	18
268	389	2
107	119	1
287	379	11
315	64	11
248	29	1
301	109	8
314	123	19
220	353	1
232	190	3
252	161	4
336	27	18
294	247	6
298	141	13
303	109	8
273	74	3
237	281	3
107	194	1
173	356	2
338	293	16
106	168	1
268	143	4
338	71	18
230	121	2
285	287	6
309	58	9
332	252	16
104	242	1
241	15	1
307	164	14
284	140	7
288	183	9
217	192	3
268	367	2
231	368	1
282	46	11
257	134	3
253	77	2
105	110	1
238	338	1
300	288	11
109	99	1
113	96	3
156	52	1
274	75	3
107	253	1
344	217	23
353	14	20
248	292	4
106	224	1
349	284	20
244	118	2
286	375	11
286	17	7
343	64	14
276	15	2
110	292	2
228	151	4
319	56	11
309	114	11
214	32	1
318	194	15
298	150	15
303	219	15
246	189	3
269	74	3
326	5	13
175	352	1
287	267	8
106	196	1
272	382	1
263	48	3
305	250	10
290	225	17
291	264	9
275	75	3
293	339	10
307	248	11
236	178	4
327	5	13
184	365	1
259	394	11
250	101	2
283	385	3
173	355	2
306	324	10
277	325	2
106	169	1
281	51	5
290	146	11
266	155	3
105	113	1
159	340	2
300	317	19
298	76	7
247	99	2
222	310	2
297	46	17
355	224	23
278	326	2
277	391	2
282	47	11
272	9	6
206	390	2
315	26	13
300	108	8
253	76	4
243	251	2
266	14	1
275	308	3
253	287	3
256	135	3
238	28	1
379	70	21
327	286	15
294	60	6
308	287	12
350	118	21
107	252	1
245	102	3
250	383	1
221	14	1
225	75	2
231	117	3
106	225	1
215	295	2
346	212	23
241	283	4
109	292	1
251	44	2
222	383	1
330	73	15
169	350	1
255	134	3
106	197	1
243	2	19
337	57	15
266	119	2
229	76	2
265	134	3
241	263	3
232	94	2
124	84	2
294	245	10
264	134	3
303	111	10
255	358	2
216	46	1
273	362	4
250	324	1
330	252	15
173	354	2
305	59	8
281	50	5
239	263	3
324	7	12
159	343	1
384	67	20
208	391	2
280	306	5
256	299	3
284	377	2
308	119	12
289	262	8
303	146	15
251	325	1
259	344	2
108	104	2
264	384	1
353	224	23
282	44	12
302	43	18
245	340	1
106	138	1
254	2	15
277	58	2
253	75	3
291	370	10
334	180	19
261	264	2
228	76	2
266	353	3
105	287	1
332	113	17
322	187	19
252	312	1
303	182	12
296	288	10
217	339	1
245	101	3
249	98	2
278	77	3
224	287	4
231	116	3
106	238	1
258	347	4
125	307	1
280	76	3
241	282	3
289	236	9
237	127	3
288	19	7
240	139	3
354	14	20
203	383	2
344	183	21
310	75	12
300	53	21
230	178	4
238	264	3
214	352	1
124	85	2
271	8	6
299	307	13
143	66	1
298	249	10
317	331	12
213	394	2
251	297	3
303	110	10
296	248	15
292	332	10
221	339	1
258	223	2
325	149	19
349	15	17
116	302	3
225	1	18
173	353	1
301	61	8
319	271	18
157	337	1
314	380	16
290	340	9
298	221	10
297	44	16
108	105	1
283	367	6
302	185	10
329	253	15
279	219	4
282	45	12
248	233	2
304	267	12
106	139	1
277	57	3
334	10	14
281	303	6
286	56	10
312	322	12
242	14	1
295	24	6
270	366	2
308	165	13
212	381	2
292	309	8
316	147	16
140	321	2
245	100	3
307	321	11
282	1	12
231	119	2
315	56	11
334	324	14
106	239	1
258	344	2
230	4	13
286	378	10
310	108	12
276	308	3
361	68	17
281	267	6
177	362	1
239	28	1
309	127	15
295	60	6
289	227	16
237	126	3
274	136	3
264	236	2
269	357	4
240	27	1
203	382	2
250	191	4
108	177	1
268	385	1
107	107	1
145	330	1
339	330	16
304	49	21
343	214	22
252	44	2
252	353	2
321	56	11
108	149	1
296	23	7
311	321	11
335	79	17
173	352	1
231	46	1
121	305	1
225	339	1
286	178	10
200	15	1
290	145	11
262	203	3
105	144	1
195	18	1
200	380	2
294	309	8
259	346	4
216	12	1
108	106	1
278	308	3
151	62	1
268	73	3
349	18	18
340	331	16
235	292	3
311	75	13
239	138	3
152	61	1
105	227	1
324	283	14
256	235	2
105	140	1
115	295	2
243	282	3
105	285	1
308	166	12
346	17	17
284	351	6
298	47	17
321	198	17
240	353	1
274	361	4
250	152	3
344	221	22
383	68	20
245	99	2
108	221	1
231	118	3
306	267	13
335	180	19
339	177	20
258	345	4
338	11	15
314	322	11
289	226	16
289	339	9
342	216	22
331	73	15
223	207	3
269	356	2
249	290	3
331	260	17
212	1	1
306	122	16
145	329	2
140	68	2
258	394	12
107	281	1
120	92	1
262	236	2
304	50	21
310	248	14
295	253	6
346	183	22
260	281	3
322	78	15
237	97	2
119	93	1
284	54	9
303	266	12
342	228	22
213	121	2
322	272	16
327	150	23
246	98	2
250	97	2
160	345	2
236	76	2
331	288	16
198	16	1
306	320	11
338	177	20
310	267	14
233	191	3
315	321	12
266	135	3
261	384	1
263	310	1
275	284	3
289	57	10
332	249	18
265	48	3
265	385	1
284	26	6
247	157	4
226	250	3
154	335	1
349	224	23
325	24	17
292	215	11
168	349	1
235	295	4
314	77	13
105	226	1
323	55	11
209	76	1
232	10	2
105	284	1
285	177	11
298	44	16
165	348	1
341	123	20
212	264	1
278	358	4
320	71	13
302	219	15
307	323	10
349	117	21
211	12	1
268	253	2
277	234	3
230	149	3
295	331	11
286	26	6
195	378	3
275	50	3
389	70	22
260	235	2
142	322	2
340	63	14
107	220	1
296	61	8
145	328	2
154	54	2
254	383	1
328	332	14
107	280	1
305	253	10
230	177	4
310	249	13
239	205	3
280	60	5
285	309	6
257	284	6
299	249	10
263	354	2
105	186	1
213	294	2
223	157	4
247	184	4
240	170	4
212	149	3
258	77	2
248	353	2
339	10	15
192	376	4
106	146	1
272	351	3
257	45	3
286	176	11
314	25	13
105	116	1
159	339	1
215	235	3
300	314	18
232	47	1
237	179	5
274	191	3
241	1	20
247	156	4
265	354	3
236	34	1
264	309	1
108	100	2
150	333	1
230	31	1
232	252	3
289	107	6
115	297	2
232	11	2
223	311	2
218	324	2
273	123	2
145	65	1
207	391	2
192	19	1
235	87	2
225	191	3
267	15	1
325	285	16
315	283	14
253	107	2
336	264	19
300	371	12
346	64	15
280	366	2
332	2	17
269	384	1
269	354	2
107	223	1
154	55	2
244	178	5
254	94	2
206	12	1
263	191	3
295	76	6
289	19	8
290	332	10
242	85	2
356	221	23
327	332	14
284	48	9
274	122	3
321	61	12
307	254	11
146	64	1
320	226	19
235	31	1
258	74	3
348	116	20
107	263	1
159	338	1
256	2	14
229	107	1
229	252	3
274	188	3
109	120	1
264	73	3
217	47	1
259	351	3
250	16	1
108	101	1
112	96	3
107	167	1
278	186	5
325	6	12
106	247	1
183	25	2
282	378	2
315	367	15
295	310	9
346	109	20
115	296	1
232	12	1
294	340	10
342	64	14
237	150	3
190	20	2
288	234	7
293	119	11
269	206	3
279	138	3
353	112	21
338	119	19
272	265	2
106	122	1
263	235	2
347	26	20
241	285	3
345	184	22
237	122	2
293	107	7
246	180	4
107	222	1
306	121	17
259	181	4
301	306	19
339	112	19
316	256	13
106	188	1
211	264	1
309	268	13
232	279	3
343	125	21
280	220	4
313	148	15
285	198	11
237	205	3
309	192	11
284	386	3
341	64	14
332	261	17
250	108	1
330	4	16
307	268	13
249	29	1
235	30	1
338	63	16
148	332	1
286	182	7
328	72	16
280	26	5
210	295	2
289	77	6
241	340	1
261	48	3
237	177	4
241	182	4
332	75	15
143	323	2
117	303	2
107	166	1
201	15	1
139	321	2
291	26	6
258	369	2
328	21	16
228	251	3
232	13	1
105	257	1
152	334	1
275	136	3
104	214	1
270	141	4
303	188	10
216	206	3
288	235	7
197	379	3
249	100	2
273	308	3
212	207	3
281	236	3
106	123	1
324	54	12
257	107	1
337	325	18
266	203	3
267	158	4
299	47	17
241	284	4
297	248	11
212	13	1
107	209	1
273	135	3
231	176	5
254	354	2
248	183	4
262	337	1
215	192	3
218	105	1
228	2	18
104	112	1
223	158	4
246	324	1
203	384	3
297	75	7
107	189	1
207	12	1
106	145	1
210	2	2
253	160	4
328	73	15
284	368	8
321	332	12
216	324	2
296	331	11
236	29	1
278	350	3
108	103	1
273	190	3
245	138	3
107	153	1
254	299	3
236	338	1
244	313	1
172	46	1
281	305	5
286	77	6
105	256	1
252	81	2
285	141	7
298	40	20
298	330	11
320	270	16
166	348	2
107	133	1
255	234	2
349	113	20
304	188	11
233	234	3
266	200	3
304	11	9
106	282	1
181	364	1
310	128	15
228	152	4
191	20	2
289	229	15
223	165	4
284	47	10
240	130	3
269	159	5
246	27	1
264	353	3
279	59	3
107	208	1
297	264	11
226	190	3
316	60	12
211	206	3
231	179	4
254	355	3
244	83	2
210	31	1
138	320	2
162	346	1
286	235	7
390	69	22
360	12	22
204	389	3
184	24	2
251	192	3
252	383	1
298	371	12
203	387	2
368	66	17
246	103	2
250	221	2
222	159	4
353	220	23
112	293	2
339	14	15
291	147	13
315	9	10
301	54	21
305	51	21
234	122	2
211	294	2
253	16	1
138	70	2
280	139	3
247	340	1
285	55	10
289	173	12
308	127	15
298	53	21
260	393	11
388	70	21
227	246	4
273	44	6
278	206	4
226	247	4
249	78	2
107	152	1
282	52	5
277	352	3
221	195	4
116	94	2
314	57	11
281	304	6
290	62	6
210	265	1
186	366	1
314	283	13
115	301	2
285	27	6
317	283	14
289	314	9
108	279	1
222	196	4
278	234	3
349	223	22
126	307	2
278	52	3
305	123	14
258	339	1
233	122	2
267	144	4
239	180	4
186	32	1
106	283	1
157	52	1
293	310	8
193	19	1
297	109	8
316	78	13
222	160	4
316	61	12
325	74	15
339	226	21
106	187	1
268	158	4
348	108	19
187	22	2
333	179	19
336	22	17
271	16	2
260	263	2
156	336	1
322	72	16
104	272	1
109	178	1
331	248	19
260	180	4
288	277	11
249	192	3
273	208	3
272	182	5
292	185	10
339	254	18
244	1	19
105	127	1
138	71	2
128	81	1
256	181	4
243	263	2
238	14	1
241	171	4
388	71	22
247	234	2
247	155	3
109	150	1
303	10	9
340	13	15
268	354	2
273	188	3
249	77	3
302	48	19
254	297	3
291	142	11
221	194	3
304	146	16
234	95	2
243	84	2
310	186	12
115	300	2
336	79	18
360	69	17
346	24	19
242	153	3
208	9	1
155	336	1
202	14	1
222	197	4
306	179	12
248	158	5
172	351	1
301	125	13
376	66	19
234	32	1
211	368	1
286	354	8
234	179	4
256	95	2
215	31	1
265	144	3
285	77	5
238	87	2
313	124	16
284	267	7
270	253	2
322	148	19
131	311	1
288	266	8
274	309	3
344	17	17
293	248	6
279	53	4
230	367	1
231	2	12
211	46	1
287	141	8
282	271	9
325	363	19
272	361	4
305	320	11
215	221	2
286	120	6
337	64	16
248	1	18
249	2	17
259	4	13
258	5	13
257	6	13
231	5	13
232	6	12
231	7	13
230	8	2
268	5	11
233	7	12
233	8	12
232	9	2
273	10	6
274	11	5
307	10	10
306	11	10
332	10	14
333	10	14
297	11	7
298	11	7
288	12	6
289	12	7
228	14	1
229	14	1
264	14	1
262	15	1
263	15	1
351	14	19
350	15	17
355	14	21
356	14	21
272	15	2
273	15	2
277	15	2
278	15	3
259	16	1
260	16	1
286	16	7
348	20	19
347	21	19
346	22	19
322	21	15
323	21	15
324	21	16
323	23	16
338	21	18
339	21	18
329	22	17
330	22	17
331	22	17
337	22	18
342	22	18
343	23	18
185	23	2
317	24	14
316	25	13
303	25	12
304	25	12
241	27	1
242	27	1
243	27	1
244	27	1
247	28	1
182	29	1
182	30	1
183	32	1
184	32	1
182	31	1
182	32	1
181	33	1
180	33	1
179	34	2
178	34	2
177	35	2
315	34	14
316	34	14
176	35	2
175	36	2
236	35	1
237	36	1
174	36	2
173	37	2
238	37	1
168	43	1
168	44	1
169	46	1
170	46	1
288	44	10
289	44	10
299	44	18
300	44	18
301	44	18
168	45	1
168	46	1
167	47	1
244	45	1
245	45	1
287	45	10
166	47	1
165	48	1
164	48	1
163	49	2
298	48	17
162	49	2
161	50	2
283	49	9
298	49	18
298	50	18
298	51	18
160	50	2
159	51	2
326	53	12
325	54	12
331	54	12
330	55	12
333	55	14
334	55	14
346	57	14
345	58	14
344	59	14
345	60	14
222	58	1
221	59	1
226	58	1
227	58	1
291	58	10
292	58	8
258	59	2
259	59	2
260	59	2
261	59	2
272	59	2
273	59	2
274	59	2
275	59	2
154	60	1
155	60	1
156	60	1
157	60	1
294	61	6
353	66	16
354	67	16
374	66	19
375	66	19
141	67	2
314	68	13
315	68	13
313	69	13
312	70	13
311	71	13
310	72	13
138	73	1
138	74	1
139	76	1
140	76	1
262	74	3
304	74	10
305	74	10
306	74	10
307	74	11
138	75	1
138	76	1
137	77	1
220	75	2
221	75	2
239	75	2
240	75	2
241	75	2
301	75	7
302	75	8
293	76	6
294	76	6
333	76	15
333	77	16
136	77	1
135	78	1
134	78	1
133	79	1
253	78	2
253	79	2
253	80	2
254	81	2
255	81	2
259	78	2
258	81	2
259	81	2
276	78	2
132	79	1
131	80	1
250	79	2
250	80	2
251	80	2
249	81	2
260	79	2
260	80	2
261	81	2
275	79	2
130	80	1
129	81	1
287	81	6
287	82	7
263	82	2
239	86	2
240	86	2
236	87	2
232	89	2
231	90	2
124	90	1
125	90	1
126	90	1
127	90	1
230	90	2
229	91	2
229	92	2
224	91	2
225	91	2
230	93	2
235	96	2
111	97	1
248	98	2
249	99	2
247	102	2
250	105	2
250	102	2
251	103	2
251	104	2
252	105	2
213	105	1
214	105	1
109	106	1
110	106	1
111	106	1
112	106	1
286	106	5
287	106	6
243	107	1
244	107	1
247	108	1
248	108	1
247	109	1
247	110	1
247	111	1
247	112	1
258	108	1
257	109	1
260	108	1
261	108	1
271	108	1
272	108	1
273	108	1
274	108	1
275	108	1
276	108	1
277	108	1
278	108	1
279	108	1
349	108	19
345	112	19
346	112	19
104	114	1
105	115	1
315	114	13
316	114	14
303	115	11
302	116	11
242	118	2
241	119	2
243	119	2
247	118	2
248	118	2
249	118	2
263	119	2
264	119	2
268	119	2
267	120	2
290	119	9
291	119	9
298	119	11
297	120	11
214	120	2
215	120	2
216	120	2
217	120	2
287	120	8
288	120	9
339	120	19
271	121	2
285	121	6
284	122	4
298	121	11
298	122	11
283	122	4
283	124	4
283	125	4
299	123	11
300	124	13
302	125	13
303	125	13
306	125	14
307	126	15
312	125	16
311	126	15
104	128	1
105	129	1
238	128	3
239	129	3
284	128	6
285	129	9
287	132	9
288	133	10
215	134	3
216	134	3
217	134	3
258	134	3
259	134	3
260	134	3
289	134	10
253	135	3
251	136	3
252	136	3
290	135	13
289	136	13
231	136	3
232	136	3
250	136	3
249	137	3
291	136	13
276	137	3
292	137	13
243	138	3
244	138	3
294	140	12
293	141	12
105	141	1
105	142	1
105	143	1
288	142	8
290	142	11
289	143	8
292	142	12
263	146	3
262	147	3
220	148	3
221	148	3
261	148	3
300	148	15
299	149	15
319	148	17
260	149	3
259	150	3
108	151	1
238	151	3
252	151	3
251	152	3
254	151	3
255	151	3
256	151	3
257	151	3
272	151	5
271	152	5
259	152	3
260	152	3
227	153	4
226	154	4
246	154	3
248	154	3
106	158	1
107	159	1
107	160	1
108	161	1
110	163	1
111	163	1
215	163	4
216	163	4
224	167	4
224	168	4
225	169	4
242	168	4
226	170	4
227	171	4
228	172	4
294	171	13
292	172	12
293	172	13
105	172	1
106	173	1
240	172	4
241	173	4
242	173	4
243	174	4
291	172	12
290	173	12
336	173	20
335	174	20
335	175	20
336	176	20
335	177	19
240	174	4
288	174	12
287	175	12
239	175	4
238	176	4
108	179	1
249	179	5
250	179	5
248	180	5
262	179	4
261	180	4
286	179	10
285	180	10
285	181	7
245	181	4
244	182	4
243	183	4
244	183	4
258	182	4
258	183	4
282	182	7
284	182	7
283	183	7
269	183	5
270	183	5
281	183	7
280	184	5
303	183	12
303	184	12
105	184	1
105	185	1
271	184	5
272	185	5
289	184	9
290	185	9
273	186	4
302	186	10
301	187	10
302	187	10
273	187	3
275	187	4
298	187	10
299	187	10
259	188	3
259	189	3
258	190	3
260	190	3
272	188	3
271	189	3
305	189	11
320	189	19
321	190	19
321	191	16
323	192	16
228	190	3
227	191	3
229	190	3
230	190	3
308	190	11
307	191	11
308	191	11
252	191	3
253	191	3
275	192	3
274	193	3
321	192	16
322	192	16
320	193	16
108	193	1
271	194	4
272	194	4
270	195	4
269	196	4
223	198	4
222	199	4
223	199	4
221	200	4
224	200	4
105	200	1
106	201	1
266	201	3
266	202	3
265	203	3
283	201	10
282	202	10
281	203	8
106	202	1
107	203	1
253	202	3
254	202	3
248	203	3
249	203	3
107	204	1
108	205	1
241	204	3
242	204	3
267	204	3
268	205	3
109	206	1
235	206	3
236	206	3
108	207	1
231	207	3
232	207	3
105	216	1
106	217	1
291	216	8
290	217	8
289	218	8
291	218	8
106	218	1
107	219	1
308	218	15
309	218	15
310	218	15
311	218	15
312	218	15
313	218	16
319	218	19
320	218	19
270	220	2
271	220	2
299	220	11
300	220	13
301	220	13
109	221	1
110	221	1
212	221	2
213	221	2
219	221	2
220	221	2
221	221	2
222	221	2
266	221	2
267	221	2
302	221	14
339	224	21
339	225	21
321	226	19
322	226	20
105	230	1
106	231	1
275	230	3
275	231	3
106	232	1
107	233	1
275	232	3
276	233	3
238	233	3
239	233	3
272	233	2
273	233	2
274	233	2
234	234	3
235	234	3
236	234	3
271	234	2
109	235	1
110	235	1
221	235	3
222	235	3
294	236	9
293	237	9
291	239	9
292	239	9
291	237	9
292	237	9
290	238	9
293	240	9
293	241	9
104	244	1
105	245	1
313	248	13
343	248	18
341	249	18
342	249	18
340	250	18
343	250	18
339	251	18
344	251	18
213	250	3
214	250	3
246	250	2
247	250	2
248	250	2
249	250	2
108	251	1
109	251	1
303	251	9
230	252	3
231	252	3
236	252	3
237	252	3
273	252	2
274	252	2
304	252	10
334	253	17
335	253	17
335	254	17
326	257	15
104	258	1
105	259	1
327	258	15
250	260	2
248	261	2
249	261	2
334	262	18
283	263	7
284	263	7
290	263	9
214	264	1
213	265	1
230	264	3
231	264	3
108	265	1
109	265	1
290	265	9
289	266	9
321	271	16
283	273	10
284	274	11
105	274	1
106	275	1
106	276	1
107	277	1
227	277	4
225	278	4
226	278	4
109	279	1
110	279	1
217	279	4
218	279	4
219	279	4
220	279	4
221	279	4
222	279	4
235	280	3
236	280	3
246	280	3
245	281	3
247	280	3
248	280	3
249	280	3
251	280	3
252	280	3
256	280	3
257	280	3
264	280	3
265	280	3
274	283	3
291	287	7
292	287	9
293	287	9
294	288	9
309	287	12
310	287	13
311	288	13
312	289	13
224	288	4
224	289	4
224	290	4
105	289	1
106	290	1
236	289	3
236	290	3
235	291	3
224	292	4
224	293	4
225	294	4
216	294	2
217	294	2
116	295	1
117	295	1
249	295	3
250	296	3
288	295	14
287	296	9
229	296	4
237	297	3
238	298	3
286	297	9
285	298	9
284	299	6
283	300	6
283	301	6
282	302	6
246	307	3
247	308	3
279	307	3
281	307	5
300	307	13
282	308	5
283	308	6
266	309	1
267	309	1
132	310	1
133	310	1
261	310	1
259	311	1
260	311	1
291	310	8
290	311	8
289	312	8
288	311	8
245	312	1
246	312	1
255	312	1
256	312	1
294	319	13
303	319	11
304	319	11
324	320	14
325	320	15
330	320	15
323	321	14
330	322	15
236	323	2
237	323	2
331	323	14
146	324	3
147	324	2
230	324	2
231	324	2
264	324	1
265	324	1
266	324	1
267	324	1
268	324	1
269	324	1
270	324	1
271	324	1
302	324	9
303	324	10
298	325	7
299	325	8
303	330	12
304	330	12
313	330	11
312	331	11
286	334	8
287	334	8
273	335	1
274	335	1
268	336	1
269	336	1
160	338	1
161	338	1
239	339	1
249	340	1
250	340	1
251	340	1
252	340	1
286	340	12
285	341	7
287	341	9
284	342	7
283	343	7
282	344	7
279	348	4
279	349	4
280	349	4
272	349	3
272	350	3
273	351	3
274	351	3
275	352	3
281	349	4
282	350	4
229	351	1
228	352	1
257	351	2
286	351	7
287	351	7
285	352	7
256	352	2
255	353	2
262	353	2
277	353	3
269	355	2
277	355	4
277	356	4
278	357	4
270	358	4
271	359	4
271	360	4
174	359	1
175	360	1
176	361	1
281	360	9
283	360	10
282	361	9
275	362	4
276	364	2
276	365	2
277	366	2
278	365	2
279	366	2
271	366	2
272	366	2
274	366	2
275	366	2
188	367	1
189	367	1
187	368	1
187	369	1
311	367	15
265	369	2
308	369	14
307	370	14
308	371	14
308	372	14
188	373	3
189	374	3
190	375	3
309	373	14
309	374	14
311	377	14
312	378	14
281	379	2
280	380	2
280	382	2
280	383	2
204	382	2
205	382	2
273	382	1
274	382	1
271	383	1
270	384	1
267	386	1
267	387	1
275	390	2
276	391	2

