88	147	1
307	252	11
53	53	1
37	358	1
116	289	1
190	246	1
102	340	6
230	281	3
127	340	3
240	56	1
239	208	3
296	250	5
347	393	21
227	258	1
335	246	16
323	109	10
458	82	32
134	55	2
66	66	1
85	230	1
175	147	2
306	30	10
159	384	4
342	255	15
367	310	19
186	302	2
187	148	2
277	26	2
117	96	1
373	22	22
233	182	3
161	100	1
453	110	38
254	220	2
183	192	2
518	88	40
207	147	3
192	200	3
308	108	7
274	281	3
203	389	1
99	289	1
9	9	1
157	342	1
158	17	4
399	265	33
114	286	1
224	72	2
318	236	16
191	358	1
376	115	24
392	110	25
13	13	1
324	243	16
287	9	6
345	18	17
363	72	16
349	320	16
115	325	3
80	289	1
156	385	4
211	291	4
265	369	1
231	209	3
301	221	11
357	256	24
217	72	1
361	114	26
400	109	26
92	230	1
114	55	3
167	3	3
195	247	2
306	379	13
144	98	1
151	353	1
248	214	3
544	94	43
365	23	20
134	33	3
320	109	9
84	254	1
231	377	1
86	147	1
325	244	16
328	253	13
442	109	37
336	109	13
327	236	17
111	254	1
118	147	1
154	31	3
192	198	3
230	258	1
147	385	5
147	52	2
341	246	16
178	312	1
361	322	20
347	70	15
204	146	3
136	178	1
318	325	11
119	33	3
233	280	3
307	171	20
325	253	12
147	351	1
202	72	1
348	255	19
114	355	5
78	325	1
207	249	3
226	338	1
267	67	2
214	133	3
108	325	4
143	139	1
145	280	1
199	30	1
333	254	14
207	110	2
172	60	1
283	67	11
88	286	1
270	266	2
168	342	1
349	393	21
81	254	1
99	340	7
426	12	36
104	254	1
341	255	15
530	83	43
345	244	18
201	146	3
130	325	1
192	54	1
473	88	35
202	115	2
420	14	35
356	22	19
232	28	2
98	230	1
320	340	11
84	309	1
195	234	3
394	77	20
92	309	1
184	387	2
206	309	1
337	13	16
121	355	4
125	230	1
217	381	1
310	279	16
111	55	3
368	255	25
171	386	3
119	55	3
197	276	2
90	254	1
182	221	2
115	289	1
295	29	8
226	356	1
122	309	1
377	240	25
251	340	1
432	48	30
117	254	1
123	286	1
197	54	1
418	110	33
184	85	1
80	230	1
139	325	1
140	333	1
196	207	3
242	326	1
140	220	2
107	147	1
159	31	2
508	88	40
145	370	4
328	25	15
147	370	4
346	111	18
377	249	24
323	341	12
324	109	10
128	325	1
164	57	1
115	96	1
169	50	1
206	73	1
446	109	38
160	283	1
126	367	4
374	388	23
126	254	1
112	147	1
366	311	19
133	254	1
374	311	20
140	219	2
178	98	2
233	244	2
288	121	17
180	191	3
348	195	28
96	44	2
97	325	5
101	309	1
86	289	1
196	31	1
109	309	1
113	325	4
169	59	1
497	83	37
260	134	3
465	42	35
263	251	2
377	312	20
234	377	1
342	69	15
383	246	27
439	111	37
82	309	1
47	47	1
177	4	3
231	258	1
215	115	1
140	210	3
213	73	1
430	12	36
180	134	2
307	323	10
457	82	32
148	370	4
185	53	1
132	33	4
193	53	1
158	256	1
34	361	1
306	185	17
218	55	1
381	30	34
296	298	12
370	273	25
152	228	1
421	13	36
100	55	3
85	325	5
104	178	1
123	254	1
344	54	12
108	55	3
180	111	1
237	138	3
220	198	10
256	66	2
404	58	22
102	230	1
429	78	26
341	156	22
469	87	35
415	15	34
147	280	1
296	72	6
26	369	1
153	52	1
245	107	1
232	208	3
105	358	5
285	122	15
323	187	22
292	28	5
76	289	2
113	230	1
117	33	4
345	256	17
200	72	1
348	320	16
116	367	6
133	55	2
172	22	2
137	12	5
138	386	5
191	193	2
285	156	14
106	286	1
18	377	1
173	49	1
28	367	1
191	342	1
107	309	1
364	215	22
202	54	1
257	254	2
454	81	31
114	289	1
210	387	1
138	228	1
180	148	2
145	350	1
398	199	31
147	142	1
400	29	39
96	49	2
187	234	3
128	289	1
20	375	1
153	228	1
26	26	1
406	246	32
392	246	26
342	110	14
383	237	31
220	257	1
131	230	1
313	340	11
226	56	1
82	286	1
434	13	37
346	219	19
329	289	18
384	335	27
313	18	12
369	330	27
12	383	1
18	18	1
133	355	2
408	244	33
268	27	2
161	55	1
254	372	1
201	72	1
188	277	1
407	245	32
191	247	1
361	197	31
108	28	4
126	178	1
217	259	1
328	325	13
152	104	2
372	22	21
135	289	1
180	235	2
115	355	4
424	242	37
190	371	1
137	325	1
355	71	16
104	325	4
93	178	1
311	383	14
317	31	12
339	110	13
357	184	29
414	49	26
391	340	31
375	115	24
175	22	2
214	55	1
344	18	16
294	255	10
354	330	24
172	146	2
412	110	31
125	355	3
324	341	12
343	219	19
442	79	29
225	309	2
246	375	1
282	251	3
356	70	16
91	147	1
199	71	1
76	325	1
168	254	1
187	330	1
403	15	31
153	385	4
482	89	36
119	289	1
193	234	3
191	148	2
88	309	1
92	325	5
92	178	1
202	261	1
238	209	3
224	309	2
123	147	1
363	215	22
241	108	1
243	183	3
262	15	4
191	330	1
163	3	3
114	325	3
294	65	9
179	387	3
72	199	1
254	286	13
237	393	1
115	286	1
211	73	1
126	340	3
272	67	2
36	36	1
329	54	11
130	33	4
152	206	1
337	54	11
264	274	3
211	54	1
380	313	21
151	31	3
191	371	1
417	111	32
230	208	3
86	254	1
361	391	22
290	326	8
188	330	1
154	3	4
265	28	2
197	111	3
147	32	3
76	202	1
115	33	5
351	320	17
280	10	6
352	392	21
176	235	2
267	369	1
341	218	19
429	12	36
416	15	34
167	370	1
315	109	7
279	67	7
299	247	10
246	146	7
157	205	1
238	392	1
331	109	12
171	49	1
207	237	3
356	392	21
105	309	1
452	81	30
91	230	1
308	299	13
112	289	1
314	30	12
116	230	1
152	354	1
192	201	3
33	33	1
168	354	1
367	23	21
98	178	1
188	304	2
208	388	1
335	254	14
451	40	33
362	56	16
199	261	1
274	220	4
58	337	1
185	148	2
366	213	22
243	138	3
83	254	1
449	66	33
250	216	3
215	389	1
125	178	1
90	340	8
127	178	1
181	192	2
342	322	14
311	299	13
343	255	16
206	248	3
122	286	1
304	64	13
196	54	1
326	236	17
128	355	3
187	342	1
150	94	2
188	133	2
50	345	1
360	311	19
127	325	1
219	236	3
255	272	3
207	8	18
249	184	3
274	102	2
133	289	1
160	385	4
143	141	2
92	254	1
148	312	1
224	377	1
149	97	1
98	286	1
7	7	1
192	199	3
140	31	3
360	243	19
345	321	16
380	238	28
146	370	4
132	289	1
388	203	27
117	147	1
261	67	2
388	256	30
103	96	3
273	192	7
275	219	3
186	329	1
369	212	22
228	281	4
284	27	4
252	218	3
182	192	2
276	269	2
226	339	1
464	42	35
266	368	1
375	331	27
143	138	1
218	73	1
97	230	1
122	230	1
179	21	2
292	284	8
22	22	1
117	289	1
280	102	3
334	217	17
354	392	21
231	281	3
124	309	1
326	55	10
164	342	1
293	182	10
208	248	3
279	103	3
68	327	1
89	254	1
90	289	1
328	236	17
400	196	33
112	254	1
119	355	4
319	109	9
145	205	1
236	138	3
148	206	1
114	33	5
311	167	23
188	357	1
189	28	1
411	14	33
128	178	1
104	230	1
128	33	4
274	192	7
137	309	1
355	55	14
174	327	1
232	245	2
447	80	29
159	17	3
437	74	28
169	370	1
373	242	23
293	70	6
311	188	19
98	254	1
81	289	1
134	309	1
101	147	1
146	351	1
273	26	2
238	137	3
366	322	23
168	325	1
132	286	1
99	325	5
407	51	26
174	223	2
140	334	1
125	254	1
287	68	11
326	33	15
147	260	1
130	340	2
183	23	2
369	255	25
259	104	1
373	74	16
140	221	2
305	173	18
54	341	1
329	236	18
76	309	1
242	13	17
187	193	2
208	133	3
136	55	2
228	72	2
250	374	1
88	325	6
162	385	4
255	251	2
244	261	2
354	111	23
119	230	1
103	55	3
30	365	1
332	109	12
210	260	1
229	56	1
263	274	3
68	301	1
114	309	1
208	237	3
135	340	2
140	212	3
360	56	14
197	261	1
366	114	25
96	45	2
374	242	25
401	78	21
149	142	1
154	123	2
318	64	11
195	192	3
451	106	38
127	367	4
381	245	27
220	200	7
475	112	42
280	66	9
279	26	3
137	146	1
394	246	27
468	81	35
125	325	2
126	230	1
130	147	1
59	59	1
132	147	1
149	352	2
133	230	1
207	308	1
299	63	13
140	211	3
94	325	5
111	178	1
348	219	19
98	325	5
63	63	1
65	65	1
230	334	1
364	59	17
128	340	2
348	330	23
96	147	1
368	62	19
134	286	1
162	2	3
220	199	8
147	97	1
151	228	1
135	309	1
318	218	14
85	309	1
177	60	1
89	178	1
343	54	11
164	369	2
55	55	1
93	309	1
130	289	1
3	392	1
39	356	1
101	96	3
528	89	40
456	68	33
184	329	1
168	3	3
43	43	1
193	13	2
139	386	5
230	138	3
128	230	1
132	355	3
242	137	3
195	261	1
160	289	2
216	73	1
286	27	4
378	114	24
239	25	2
476	112	42
316	188	20
227	331	1
389	237	32
124	367	5
149	370	4
167	296	1
88	178	1
145	349	2
328	54	11
96	50	2
336	54	11
284	251	4
123	325	3
88	289	1
164	385	4
365	256	24
349	70	15
334	159	22
69	71	1
415	111	31
218	169	14
165	57	1
206	352	1
353	329	24
377	67	21
86	96	1
107	230	1
396	264	32
185	222	2
424	12	36
5	390	1
206	147	3
102	96	3
284	67	11
90	286	1
399	199	32
121	55	3
287	264	6
273	103	1
99	286	1
151	130	1
226	394	1
194	54	1
394	27	35
87	289	1
108	29	3
312	384	15
238	183	3
276	27	2
95	289	1
152	105	2
277	147	8
154	206	1
246	183	3
215	22	3
420	240	35
166	3	3
204	261	1
258	288	13
150	370	4
10	385	1
304	174	17
305	251	11
252	25	1
329	186	22
94	289	1
166	146	1
350	256	20
301	324	10
122	355	4
86	325	6
234	306	2
35	360	1
74	309	1
275	67	3
116	325	3
133	33	4
316	218	13
120	309	1
124	178	1
291	67	9
347	110	18
133	178	1
246	142	3
322	237	16
87	96	1
166	58	1
227	56	1
264	14	3
138	325	1
283	289	10
488	87	36
110	178	1
348	182	24
423	243	37
133	340	2
118	178	1
212	307	2
157	3	3
230	182	3
364	22	20
77	289	1
114	96	1
192	276	2
121	178	1
359	216	21
197	13	4
416	242	35
272	220	7
348	111	18
227	208	3
299	248	9
138	54	2
179	277	1
226	181	3
136	96	1
247	375	1
323	159	22
164	227	1
62	333	1
178	387	3
141	269	1
343	394	21
401	29	39
243	14	17
99	309	1
409	109	29
193	147	2
196	248	2
162	56	1
273	219	5
337	70	15
389	202	27
88	230	1
126	55	3
198	31	1
80	309	1
133	309	1
108	355	5
290	154	14
182	148	2
184	371	1
257	67	2
330	254	14
364	322	22
333	216	17
99	96	3
214	238	3
197	110	3
361	23	20
132	309	1
295	284	8
136	325	1
191	234	3
299	246	11
83	325	3
246	147	8
193	261	1
255	67	2
455	54	34
189	134	2
410	14	33
326	289	18
346	54	13
57	57	1
203	54	1
331	253	14
517	88	40
269	191	8
271	26	2
309	280	16
401	15	31
387	204	27
61	61	1
121	325	3
247	107	1
106	147	1
197	248	2
287	122	16
368	213	22
313	385	16
316	109	8
155	354	1
524	87	42
49	49	1
362	72	16
126	33	4
21	374	1
205	249	3
351	110	20
84	96	2
11	384	1
47	348	1
250	328	1
304	65	13
162	355	1
91	254	1
143	370	4
328	71	14
6	389	1
100	96	3
155	384	4
266	133	3
198	358	1
237	260	2
291	298	13
309	220	12
41	41	1
223	378	1
150	206	1
13	382	1
89	309	1
167	355	1
371	274	26
424	78	25
172	289	2
45	45	1
377	114	24
158	169	5
180	222	2
110	230	1
186	133	2
354	217	20
359	23	19
143	140	1
56	339	1
239	376	1
167	58	1
152	369	3
206	115	1
190	233	3
278	27	2
84	289	1
121	230	1
177	148	2
336	254	14
199	357	1
92	289	1
238	245	2
241	183	3
115	55	3
353	256	22
495	83	37
100	254	1
119	178	1
249	215	3
373	312	20
196	220	2
141	386	5
161	342	1
197	234	3
164	296	1
131	33	4
387	75	19
79	202	1
172	280	1
48	347	1
358	55	14
437	71	29
224	55	1
173	311	1
85	96	1
122	289	1
254	247	2
147	206	1
421	110	33
248	375	1
46	46	1
268	220	7
234	259	2
361	243	19
436	48	30
274	256	2
357	71	16
179	133	2
75	289	2
112	96	1
205	19	1
228	257	1
319	31	12
323	216	15
341	110	13
326	71	14
400	197	32
41	354	1
211	133	3
91	286	1
109	147	1
292	66	9
97	254	1
120	254	1
342	54	11
126	355	3
113	289	1
294	181	10
333	70	15
262	66	2
140	336	1
200	261	1
129	340	2
239	108	1
368	241	22
209	73	1
10	10	1
283	376	6
103	230	1
400	60	21
309	30	11
456	41	33
241	376	1
314	75	11
170	385	3
463	115	41
377	246	26
268	67	2
143	342	1
112	325	4
319	303	15
157	384	4
269	220	7
97	96	2
242	245	2
209	388	1
248	244	2
319	188	21
140	335	1
106	254	1
202	16	3
113	96	1
534	76	43
479	113	43
281	26	4
246	260	2
212	73	1
140	222	2
325	289	18
203	115	1
64	64	1
135	32	3
104	55	3
377	255	28
213	54	1
255	250	2
457	55	34
60	335	1
223	310	2
386	237	31
190	133	2
84	325	4
161	385	4
182	387	2
129	309	1
130	230	1
206	261	1
9	386	1
100	325	5
161	370	2
240	277	3
365	242	22
185	372	1
224	100	1
95	340	8
370	255	25
192	29	1
248	106	1
320	66	12
85	147	1
285	102	3
307	380	13
96	46	2
370	389	23
169	355	1
223	101	1
354	244	18
118	325	3
229	334	1
122	325	3
124	33	3
255	340	1
277	269	2
119	254	1
220	201	5
98	96	3
82	230	1
128	55	3
312	340	11
441	48	31
405	26	37
190	341	1
377	24	29
125	309	1
325	216	15
73	330	9
109	230	1
187	222	2
61	334	1
122	147	1
361	71	16
344	393	21
186	26	2
150	12	4
98	309	1
387	247	26
289	326	8
380	257	29
273	12	4
95	309	1
295	221	9
193	341	1
20	20	1
330	70	15
189	342	1
135	325	1
212	102	2
231	138	3
234	183	3
362	311	19
162	229	1
129	33	4
205	374	1
350	219	19
172	385	3
120	178	1
66	329	1
209	198	3
124	55	3
268	103	1
217	134	3
19	376	1
440	110	37
331	186	22
151	143	1
388	246	26
83	96	1
120	289	1
410	240	33
360	197	31
160	290	2
351	393	21
81	202	1
103	178	1
175	234	2
150	353	1
280	192	7
462	55	35
375	388	23
35	35	1
126	96	1
198	72	1
240	137	3
308	323	10
96	51	2
169	342	1
98	340	7
226	257	1
334	109	13
119	340	4
229	377	1
230	377	1
109	286	1
128	254	1
77	309	1
156	369	2
123	309	1
163	385	4
148	96	1
352	70	16
245	261	2
317	237	16
319	217	14
29	366	1
195	71	1
125	367	5
363	115	26
365	214	22
371	211	22
388	19	30
134	230	1
212	116	1
270	27	2
335	110	13
266	252	2
285	251	5
286	251	5
126	289	1
221	19	14
95	147	1
454	54	34
274	255	2
310	299	13
152	106	2
170	60	1
82	202	1
140	353	1
125	147	1
215	17	4
127	147	1
269	67	2
111	96	1
285	67	12
413	14	34
127	96	1
309	77	9
384	247	27
366	22	21
4	391	1
298	299	12
304	62	14
326	341	12
346	393	21
390	76	20
357	55	14
214	384	1
251	67	2
237	108	1
129	355	3
312	61	14
246	143	3
161	229	1
381	258	29
113	55	3
276	146	7
425	243	37
83	286	1
301	299	12
283	288	8
163	342	1
131	289	1
134	355	2
156	303	1
291	250	5
148	142	1
313	252	11
207	54	1
227	281	4
283	27	4
122	33	3
411	206	33
412	240	34
402	58	22
204	114	1
339	343	17
413	111	31
162	145	1
455	67	33
96	96	2
294	71	6
6	6	1
153	31	3
15	380	1
254	284	13
163	146	1
112	309	1
169	255	1
213	238	3
141	268	1
111	340	5
241	138	3
311	252	11
116	340	5
171	284	2
314	253	11
338	186	23
156	341	1
32	363	1
412	207	34
89	289	1
142	341	1
110	355	5
165	385	4
300	335	10
102	178	1
319	253	11
158	181	1
327	109	10
184	133	2
113	33	5
186	233	3
204	248	3
349	331	24
206	236	3
157	99	1
87	230	1
113	178	1
403	31	39
24	371	1
115	178	1
170	254	1
133	325	1
353	54	14
216	133	3
197	109	2
235	182	3
363	310	19
273	66	2
96	325	5
277	325	2
322	68	12
270	220	7
291	121	17
79	254	1
245	183	3
246	144	4
16	379	1
159	54	1
197	143	3
269	103	1
209	132	3
83	309	1
338	394	23
467	82	34
215	383	1
91	309	1
109	355	5
205	261	1
314	28	12
134	340	2
124	96	1
110	55	3
149	206	1
117	340	5
118	55	4
262	103	1
177	234	2
305	61	14
308	30	11
24	24	1
154	369	3
121	309	1
194	389	2
105	147	1
359	392	21
324	254	12
161	308	1
342	245	18
163	56	1
146	32	3
184	147	2
28	28	1
304	66	12
163	370	2
272	27	2
402	201	31
258	66	2
150	385	4
392	314	25
102	325	5
16	16	1
111	355	5
275	103	2
99	254	1
304	283	13
124	289	1
106	340	5
220	135	3
203	249	3
330	54	11
149	312	1
264	67	2
338	54	11
373	116	24
67	67	1
125	286	1
226	342	1
90	147	1
329	71	14
93	230	1
365	310	19
211	103	1
411	50	26
267	220	7
125	96	1
234	281	3
364	114	26
129	147	1
131	147	1
276	102	2
278	326	2
37	37	1
130	178	1
203	261	1
132	178	1
85	254	1
195	31	1
108	254	1
381	312	22
111	147	1
168	59	1
115	340	5
226	337	1
101	286	1
358	391	21
73	309	1
243	69	2
81	309	1
336	246	16
378	74	17
129	289	1
404	26	38
100	230	1
398	109	25
370	211	22
244	19	8
62	62	1
120	33	3
300	221	11
217	55	1
368	389	22
115	230	1
350	245	18
225	378	1
99	55	4
372	255	26
107	55	3
308	220	12
254	255	2
110	96	1
310	61	14
94	254	1
77	286	2
207	112	1
249	375	1
176	49	1
177	133	2
177	328	1
160	256	1
284	325	3
289	185	10
341	335	19
54	54	1
327	289	18
346	321	16
414	15	34
105	254	1
140	337	1
34	34	1
454	113	39
183	24	2
203	236	3
422	78	25
225	258	1
195	13	4
69	326	1
307	186	18
325	236	17
327	71	14
240	375	1
148	352	2
132	55	2
280	269	4
174	3	3
377	245	26
127	33	4
255	252	2
187	372	1
210	376	1
358	256	24
380	245	27
129	230	1
280	118	19
140	328	1
124	325	3
415	29	37
148	53	1
189	330	1
247	244	2
103	286	1
324	217	15
108	286	1
456	81	32
183	134	2
114	254	1
353	244	18
134	147	1
211	146	3
236	327	1
146	142	1
310	15	10
183	311	1
99	178	1
389	111	25
339	54	11
195	221	2
433	13	37
215	134	3
235	377	1
347	54	13
165	3	3
81	230	1
100	147	1
85	289	1
122	96	1
106	230	1
195	106	2
251	25	2
217	332	1
143	385	5
393	245	27
93	289	1
416	50	26
78	309	1
207	297	5
284	121	15
160	55	1
274	67	3
96	47	2
136	32	3
233	138	3
144	32	3
184	300	1
150	10	3
171	147	1
320	188	21
390	110	25
123	289	1
177	371	1
360	216	22
130	254	1
186	387	2
222	55	1
311	61	14
314	188	20
190	28	1
173	60	1
412	14	34
127	254	1
328	187	22
38	357	1
205	54	1
371	255	25
8	387	1
262	370	1
173	386	3
316	31	12
284	112	20
73	329	7
254	136	3
183	148	2
257	18	6
313	109	7
188	193	2
264	252	2
191	116	2
339	394	21
329	109	11
116	355	4
150	13	4
121	147	1
265	67	2
319	325	11
202	372	1
257	316	3
166	342	1
367	73	16
281	67	10
337	110	13
123	96	1
141	12	5
240	260	2
95	325	5
201	261	1
349	218	19
97	340	8
170	354	1
206	54	1
118	340	4
265	251	2
212	281	2
122	340	3
450	41	33
379	245	26
238	56	1
457	41	33
460	82	32
209	342	1
175	4	3
160	291	1
361	216	22
433	48	30
290	68	9
382	237	30
339	186	23
322	158	22
71	324	1
114	147	1
207	260	1
264	27	2
395	77	21
202	388	1
94	309	1
96	52	2
148	259	1
79	309	1
117	55	3
408	240	32
158	369	2
132	340	2
150	142	1
117	286	1
64	331	1
248	24	2
360	391	21
112	178	1
360	22	19
159	229	1
289	14	10
417	49	27
330	216	15
367	390	22
259	220	5
226	281	4
409	239	32
192	233	3
211	183	3
161	52	1
171	255	1
389	76	20
106	178	1
125	33	4
343	110	15
222	19	13
152	107	1
356	256	23
377	74	17
418	242	35
93	286	1
347	152	30
186	221	2
229	281	4
180	296	1
325	187	22
154	53	1
248	328	1
372	311	19
212	227	2
304	63	13
268	13	3
197	113	3
309	253	11
366	390	22
331	160	22
388	313	23
172	254	1
159	256	1
15	15	1
291	69	8
365	54	17
205	211	3
259	189	4
83	289	1
120	96	1
229	258	1
283	252	4
91	289	1
189	234	3
67	328	1
174	59	1
305	323	10
220	378	1
221	100	1
150	32	3
334	246	16
124	286	1
198	139	3
235	328	1
185	134	2
43	352	1
371	312	19
84	230	1
121	289	1
156	206	1
106	55	3
323	240	16
358	22	18
166	51	1
297	379	12
306	251	11
489	86	36
254	285	13
326	254	12
312	238	14
111	230	1
353	393	21
116	147	1
249	328	1
123	355	3
196	107	2
141	267	1
269	139	4
276	67	4
245	375	1
120	325	3
304	375	13
375	66	19
160	145	1
367	115	24
95	286	1
422	49	27
100	286	1
317	325	11
322	253	11
395	17	32
330	109	12
420	239	35
7	388	1
121	96	1
199	54	1
327	253	13
135	96	1
463	56	35
194	233	3
342	17	16
289	155	13
255	186	4
130	55	3
204	18	1
242	221	2
153	206	1
244	137	3
301	62	14
448	41	33
196	276	2
286	103	3
127	289	1
96	309	1
246	145	6
338	69	15
323	254	12
342	334	20
197	142	3
76	286	2
46	349	1
467	85	34
103	340	6
52	343	1
87	254	1
108	340	5
287	326	6
128	367	4
93	147	1
242	69	2
314	29	12
282	66	10
176	22	3
357	217	21
358	217	21
378	62	22
126	325	2
325	32	15
128	286	1
77	202	1
404	14	31
150	53	1
333	160	22
340	246	16
360	322	19
379	21	25
44	351	1
395	15	31
107	178	1
90	230	1
288	67	10
343	333	22
186	309	2
349	348	21
459	42	33
318	302	15
304	67	12
181	387	2
309	169	22
332	254	14
405	203	31
117	230	1
153	354	1
356	244	18
267	275	3
221	72	1
96	340	8
331	325	13
80	254	1
280	27	3
388	260	30
227	308	2
192	370	1
466	113	41
175	60	1
268	191	8
381	333	25
75	309	1
459	82	32
212	55	1
123	33	3
53	342	1
456	54	34
367	255	25
538	92	43
392	339	32
102	55	3
144	206	1
109	340	5
452	66	33
205	310	2
207	109	2
354	70	16
176	4	3
340	322	14
197	71	1
145	97	1
202	146	3
113	309	1
99	230	1
45	350	1
178	235	2
124	230	1
14	381	1
344	255	16
277	192	7
155	370	2
232	138	3
161	146	1
162	256	1
324	237	17
254	106	1
79	325	1
135	55	2
376	244	27
394	264	32
161	3	3
307	220	12
163	355	1
93	254	1
4	4	1
116	254	1
176	59	1
357	244	18
381	238	29
204	54	1
243	245	2
298	63	12
81	325	1
136	355	1
317	188	20
286	67	11
202	236	3
148	32	3
78	289	1
351	54	14
82	147	1
300	299	12
177	109	1
235	108	1
144	370	4
346	153	26
398	29	39
150	312	1
238	26	2
140	8	5
235	138	3
19	19	1
58	58	1
350	20	20
281	102	3
120	367	6
102	254	1
85	286	1
103	147	1
177	21	3
465	84	34
107	340	5
165	342	1
388	75	19
390	339	31
135	355	1
246	244	2
452	40	33
113	254	1
420	49	27
277	67	5
373	255	26
50	50	1
399	15	31
94	230	1
224	257	1
225	56	1
260	327	1
374	22	23
395	265	32
146	346	2
309	323	10
382	246	27
133	96	1
280	119	19
389	246	26
105	230	1
140	329	1
178	148	2
379	387	25
220	100	1
366	255	24
42	42	1
140	216	2
125	289	1
209	209	3
462	72	34
374	254	27
303	182	15
378	245	26
431	109	34
312	166	23
111	286	1
275	26	2
116	286	1
98	289	1
122	254	1
106	289	1
126	147	1
127	355	3
129	254	1
293	221	8
277	371	4
154	309	1
192	341	1
301	13	7
321	217	15
158	99	1
344	219	19
297	299	12
120	55	3
210	73	1
229	182	3
345	393	21
253	272	3
112	230	1
170	369	1
375	253	27
266	275	3
308	170	21
399	29	39
186	17	1
150	11	3
152	342	1
87	286	1
343	69	15
92	286	1
134	96	1
124	340	3
178	134	2
203	146	3
293	284	8
186	371	1
249	107	1
321	67	12
391	21	33
73	328	6
91	178	1
331	54	11
332	325	13
121	33	3
231	28	3
237	245	2
131	367	4
369	389	23
188	260	2
411	239	34
68	68	1
359	184	30
397	16	32
143	97	1
369	22	21
314	324	11
317	217	14
177	49	1
359	322	18
127	230	1
181	148	2
184	221	2
186	193	2
243	327	1
280	251	3
104	340	6
342	393	21
314	109	7
277	103	2
337	324	13
375	243	26
266	261	2
306	172	19
126	309	1
112	355	5
111	309	1
131	340	2
166	255	1
348	348	21
117	355	4
209	341	1
160	292	1
362	215	22
127	286	1
129	286	1
466	57	36
125	340	3
52	52	1
270	103	1
383	113	24
198	389	2
113	147	1
96	53	3
203	17	1
402	246	31
192	147	2
215	308	3
307	15	9
200	115	2
403	109	28
450	80	29
158	385	4
197	31	1
110	325	4
244	222	2
355	392	21
394	238	34
160	229	1
344	322	15
198	54	1
114	340	5
352	55	14
189	358	1
191	29	1
105	340	6
396	77	21
312	218	12
131	309	1
97	178	1
8	8	1
133	367	4
300	62	13
361	56	15
98	147	1
387	236	32
426	49	29
304	323	10
12	12	1
305	30	10
365	60	18
205	72	1
152	108	1
101	55	3
157	229	1
378	313	20
215	19	4
109	55	3
328	216	15
131	96	1
149	385	5
367	212	22
254	272	3
400	15	31
207	186	3
263	67	2
174	49	1
123	340	3
267	132	4
159	370	2
197	112	3
146	280	1
113	286	1
39	39	1
96	178	1
315	237	15
371	389	23
388	237	32
408	110	29
127	309	1
96	289	1
27	27	1
83	230	1
155	206	1
104	289	1
213	385	1
89	147	1
400	247	30
223	56	1
352	197	29
464	84	33
355	112	24
283	290	11
174	386	3
31	31	1
90	178	1
254	283	14
36	359	1
21	21	1
208	73	1
227	394	1
213	227	2
287	251	5
199	389	2
310	253	11
168	369	1
260	287	13
316	236	15
117	178	1
335	239	21
318	109	9
232	281	3
140	386	5
302	299	13
286	122	16
57	338	1
154	354	1
318	252	11
356	311	18
341	69	15
270	67	2
329	216	15
364	311	19
115	373	4
132	96	1
155	257	1
391	111	25
103	289	1
341	54	11
379	312	21
162	341	1
236	377	1
240	183	3
349	54	14
421	78	25
152	280	1
425	11	36
49	346	1
141	266	1
330	325	13
334	254	14
102	289	1
269	27	2
345	154	24
417	242	35
130	355	3
275	268	2
205	115	1
172	311	1
448	66	33
357	392	21
177	79	1
171	60	1
406	79	22
95	96	1
191	134	2
285	221	3
158	341	1
146	206	1
350	54	14
23	372	1
244	327	1
318	31	12
339	246	16
33	362	1
413	206	34
433	77	26
380	332	25
201	249	3
185	330	1
78	202	1
246	150	12
251	217	3
89	230	1
344	154	23
108	147	1
296	29	8
441	110	37
188	27	1
151	385	4
139	12	5
158	205	1
312	253	11
365	322	22
25	370	1
116	309	1
79	286	1
226	309	2
317	63	10
84	286	1
355	244	18
378	386	24
159	342	1
215	238	3
271	103	1
94	147	1
222	100	1
95	254	1
152	32	3
120	340	3
339	255	14
160	341	1
269	13	3
415	50	26
133	147	1
319	237	16
448	80	29
395	14	31
17	378	1
366	72	16
134	178	1
304	68	12
311	340	11
96	230	1
353	70	16
99	147	1
210	146	3
228	56	1
237	182	3
336	324	13
191	261	1
363	183	30
241	12	18
424	49	27
340	109	13
88	254	1
216	382	1
323	239	17
398	16	31
185	18	1
367	323	24
226	340	1
376	313	20
103	325	5
143	137	1
164	2	3
129	96	1
185	387	2
296	325	10
401	109	27
244	301	1
119	286	1
175	386	3
196	72	1
440	47	31
151	206	1
84	147	1
121	340	3
176	148	2
362	22	20
348	69	15
186	341	1
208	261	1
282	375	4
321	109	9
449	80	29
289	68	9
343	322	15
181	222	2
329	253	14
352	330	24
259	134	3
423	49	27
190	260	2
209	237	3
227	71	2
194	260	1
213	24	3
86	286	1
363	391	22
380	114	24
292	70	7
106	309	1
217	206	3
365	115	25
152	53	1
151	370	4
101	254	1
124	254	1
197	208	3
108	96	2
343	17	16
348	393	21
151	52	1
372	74	16
322	217	15
397	265	32
93	325	5
97	309	1
351	70	16
245	58	1
109	325	4
130	96	1
368	22	21
440	78	28
336	239	22
118	230	1
140	9	4
166	296	1
82	325	2
160	369	2
214	115	1
345	192	27
219	100	1
291	28	5
100	289	1
123	55	3
108	289	1
110	254	1
94	340	8
349	244	18
385	112	24
25	25	1
105	286	1
126	286	1
217	175	6
235	245	2
253	67	2
254	339	1
293	66	9
382	313	22
453	54	34
496	82	37
335	54	11
121	254	1
29	29	1
340	344	18
201	54	1
93	96	1
172	369	1
389	314	24
407	79	22
121	367	5
140	330	1
179	148	2
17	17	1
109	96	2
459	113	40
225	281	4
211	346	1
140	217	2
267	28	2
330	187	22
96	42	3
42	353	1
205	147	3
350	318	17
263	104	1
266	220	7
302	61	14
195	389	2
285	27	4
87	147	1
286	155	13
328	109	11
81	286	1
102	286	1
257	288	13
208	338	1
119	147	1
358	71	16
412	49	26
107	254	1
107	325	4
468	86	34
326	28	14
148	385	5
349	256	19
207	299	5
354	256	22
159	3	3
142	386	5
200	389	1
309	109	7
165	296	1
185	55	1
386	112	25
336	69	15
322	341	12
305	299	13
325	109	10
435	110	36
313	219	13
150	8	4
371	22	21
207	73	1
405	240	32
124	147	1
220	196	11
94	96	1
294	221	8
313	324	11
300	377	12
345	219	19
437	48	30
155	342	1
178	22	3
286	378	7
110	147	1
112	286	1
310	108	7
79	289	1
356	55	14
393	11	32
14	14	1
309	300	13
401	59	22
310	31	11
410	244	34
142	370	4
112	55	3
220	195	11
316	161	23
209	25	1
390	246	26
358	113	25
70	325	1
347	183	23
402	109	27
259	67	2
363	23	20
145	344	2
346	69	15
403	246	31
116	178	1
371	119	24
279	269	3
235	209	3
327	186	22
421	49	27
132	367	4
295	326	10
406	240	32
281	268	4
137	55	2
338	218	18
372	331	27
322	109	10
303	61	15
160	293	1
374	115	24
218	170	14
365	73	16
458	54	34
132	254	1
243	222	2
317	294	15
335	187	23
338	109	13
391	245	26
340	54	11
342	219	19
165	370	1
274	27	2
348	54	14
385	36	35
190	330	1
106	96	3
341	17	17
149	52	1
422	242	36
355	173	31
157	52	1
113	355	5
167	255	1
461	83	32
335	19	21
374	74	16
266	67	2
287	156	13
128	96	1
136	309	1
107	289	1
215	21	3
252	340	1
110	309	1
164	355	1
455	81	31
243	340	1
118	309	1
281	252	3
32	32	1
103	309	1
413	50	26
101	340	7
362	183	30
398	265	32
201	115	2
131	325	1
242	183	3
370	311	19
244	183	3
262	135	3
281	286	4
286	9	6
379	114	24
129	367	4
55	340	1
183	387	2
185	301	1
167	325	1
365	390	22
65	330	1
250	198	9
324	158	22
215	18	5
396	246	28
91	96	1
182	276	1
271	219	7
78	286	2
135	230	1
211	260	1
139	227	1
107	96	3
271	328	1
371	74	16
354	174	30
134	367	4
281	374	4
122	178	1
122	367	5
87	325	6
535	75	44
169	3	3
136	340	2
104	147	1
110	340	5
329	325	13
317	252	11
121	286	1
138	11	5
195	54	1
230	72	2
362	391	22
89	325	6
253	340	1
254	66	2
164	145	1
416	110	32
105	325	4
160	99	1
238	107	1
347	256	18
352	256	21
223	72	2
387	259	30
334	69	15
288	263	6
237	209	3
384	112	24
350	69	15
118	33	3
173	255	1
246	106	1
451	56	35
200	248	3
458	42	33
325	341	12
326	109	10
92	96	1
401	247	31
204	311	2
97	286	1
115	372	4
295	72	6
118	286	1
190	358	1
435	48	30
77	325	1
294	256	11
206	27	1
209	280	2
119	309	1
335	70	15
356	217	21
177	311	1
141	265	2
297	64	11
81	147	1
299	299	12
122	55	3
215	72	1
144	386	5
162	52	1
184	25	2
166	354	1
160	2	3
141	32	3
293	298	12
3	3	1
258	220	4
295	65	9
353	218	20
137	355	1
247	328	1
265	329	1
51	344	1
145	227	1
109	178	1
308	252	11
94	286	1
192	247	1
306	323	10
470	88	35
192	358	1
358	183	30
216	55	1
419	49	27
333	54	11
226	208	3
215	54	1
163	52	1
459	55	35
209	249	3
318	293	15
374	331	28
212	146	3
255	220	2
183	222	2
314	27	12
120	230	1
104	96	3
286	221	4
71	243	1
136	368	4
264	261	2
175	49	1
196	234	3
434	77	27
2	393	1
131	55	2
135	178	1
104	286	1
103	254	1
97	289	1
334	54	11
118	355	4
263	14	3
105	289	1
250	340	1
234	138	3
305	284	14
200	54	1
453	81	30
165	146	1
131	286	1
188	341	1
208	54	1
192	197	2
92	147	1
95	230	1
123	178	1
158	2	3
196	260	1
340	255	15
129	325	1
202	248	3
100	309	1
210	104	1
265	275	3
174	311	1
323	238	17
108	309	1
347	244	18
222	309	2
80	286	1
226	341	1
216	238	3
89	96	1
234	245	2
127	55	3
326	216	15
112	340	5
96	254	1
207	111	1
134	325	1
209	260	1
393	77	20
105	96	3
180	387	2
332	70	15
354	55	14
120	355	4
266	27	2
281	11	6
83	147	1
135	367	4
447	41	33
185	26	2
348	245	18
332	159	22
162	369	2
115	147	1
332	238	20
352	314	18
153	370	3
210	133	3
341	323	14
310	168	22
167	188	2
315	31	12
171	370	1
82	254	1
100	340	7
443	66	31
106	325	4
346	244	18
402	15	31
116	33	4
63	332	1
449	40	33
177	99	2
109	254	1
326	187	22
347	194	27
384	259	29
186	147	2
331	12	16
22	373	1
437	76	28
133	286	1
120	147	1
212	182	3
90	96	1
327	216	15
113	340	5
239	138	3
259	328	1
297	29	8
334	186	23
172	49	1
382	205	24
117	309	1
335	217	17
101	230	1
320	217	15
140	332	1
361	310	19
346	255	17
364	242	21
312	323	11
265	262	2
90	309	1
347	219	19
259	288	13
261	135	3
339	69	15
377	250	24
217	174	9
255	249	3
315	188	20
351	256	21
118	254	1
321	341	11
194	221	2
51	51	1
328	289	18
271	67	2
400	265	33
222	72	1
140	331	1
116	55	3
423	78	25
140	218	2
469	55	36
108	230	1
96	43	2
97	147	1
149	31	3
350	319	17
425	49	28
359	55	14
236	245	2
256	256	3
347	321	16
131	355	3
95	178	1
134	289	1
123	230	1
31	364	1
288	326	7
118	96	1
196	359	1
89	286	1
397	109	25
346	193	27
110	286	1
458	109	41
296	64	10
23	23	1
207	298	5
244	107	1
318	188	21
340	393	21
327	54	11
222	280	3
115	254	1
115	309	1
278	67	6
370	74	16
299	74	6
119	325	3
11	11	1
234	208	3
364	390	22
111	289	1
59	336	1
150	9	3
225	72	2
405	255	34
317	109	8
407	239	32
357	22	18
451	81	30
364	72	16
220	197	10
40	355	1
5	5	1
80	202	1
245	251	2
333	109	13
353	313	18
443	110	37
234	57	1
324	187	22
362	114	27
110	289	1
152	385	4
118	289	1
390	314	24
302	221	11
105	359	5
267	13	3
180	343	1
399	247	30
38	38	1
187	303	2
196	12	4
120	286	1
340	185	23
414	110	31
128	147	1
131	254	1
480	113	43
119	96	1
376	66	20
30	30	1
159	99	1
179	234	2
161	256	1
105	360	5
162	308	1
144	343	1
290	298	13
239	326	1
96	48	2
114	230	1
257	104	1
101	289	1
375	312	20
86	309	1
109	289	1
272	102	1
399	109	26
239	183	3
226	72	2
101	178	1
105	55	3
2	2	1
383	313	22
96	286	1
167	342	1
82	289	1
102	147	1
156	229	1
415	242	35
130	309	1
494	82	36
350	392	21
27	368	1
233	209	3
158	229	1
236	279	4
353	21	18
406	25	36
282	27	4
325	71	14
163	308	1
363	329	26
192	260	1
373	331	27
88	96	1
292	298	12
240	107	1
221	135	3
310	340	11
132	230	1
170	49	1
187	27	2
278	269	3
100	178	1
229	71	2
104	309	1
175	255	2
124	355	3
395	246	28
215	20	4
108	178	1
56	56	1
441	79	28
260	66	2
288	155	13
253	135	3
129	55	3
258	104	1
294	284	8
60	60	1
188	233	3
358	322	18
341	394	21
91	325	5
1	394	1
201	389	1
236	208	3
94	178	1
111	325	4
311	237	14
332	54	11
48	48	1
157	370	2
158	53	1
196	136	3
145	32	3
294	254	8
187	16	1
79	230	1
151	14	4
466	41	35
105	178	1
340	69	15
345	54	12
165	355	1
185	234	2
256	220	2
258	317	4
331	71	15
80	325	1
208	197	3
154	385	4
316	62	10
370	22	21
302	249	10
40	40	1
259	371	1
278	102	3
409	245	34
355	218	20
198	260	1
327	341	12
128	309	1
146	227	1
535	74	44
258	18	4
132	325	1
44	44	1
102	309	1
214	73	1
87	309	1
125	55	3
130	367	4
166	369	1
259	17	4
189	261	2
140	276	1
341	186	23
107	286	1
130	286	1
421	242	36
187	134	2
116	96	1
86	230	1
236	183	3
364	329	26
101	325	5
391	314	24
194	146	2
284	221	3
123	367	5
267	191	9
129	178	1
131	178	1
117	325	3
219	55	1
184	19	2
239	56	1
311	16	10
78	254	1
434	48	30
90	325	6
257	220	2
114	178	1
319	65	11
232	57	1
389	19	30
143	36	4
271	128	5
216	282	2
123	381	6
407	23	36
249	199	9
198	248	2
140	144	1
74	156	1
457	108	41
173	344	1
130	13	6
225	137	3
409	66	30
466	117	41
432	11	37
148	319	1
475	28	37
370	330	27
101	202	1
161	158	8
342	351	28
200	356	1
205	237	3
426	234	38
91	202	1
399	61	21
195	312	2
156	181	2
289	284	7
242	340	2
146	14	4
260	26	2
321	28	13
216	246	3
142	226	1
112	22	8
75	154	2
165	20	3
169	81	1
193	331	1
192	13	1
250	255	3
562	93	45
292	222	8
183	20	2
291	380	11
367	62	19
158	127	1
181	134	2
229	138	3
256	257	2
536	73	44
380	383	29
218	334	1
165	325	1
242	376	1
146	114	2
169	147	1
355	184	28
527	88	40
363	242	20
255	288	14
202	188	3
249	255	3
302	371	16
397	246	29
98	351	6
79	101	1
334	290	18
70	296	1
221	180	4
300	75	7
159	128	1
232	335	2
289	9	6
209	306	3
80	176	2
412	23	34
80	335	8
155	319	2
85	178	2
165	202	1
166	157	7
108	27	5
212	9	22
179	192	3
71	310	1
400	243	31
254	279	13
467	42	35
409	22	34
126	15	6
225	334	2
438	10	38
441	135	41
366	186	31
115	374	5
191	53	1
109	364	6
474	27	37
147	179	1
260	370	1
143	39	4
167	157	7
251	197	9
365	181	32
445	110	38
249	341	1
401	8	33
407	22	36
236	68	2
433	264	38
74	157	1
477	112	43
202	313	2
150	299	1
206	195	3
138	355	1
72	114	1
413	78	24
299	107	5
403	57	22
190	98	1
293	379	12
165	130	1
74	332	9
217	380	1
373	65	19
187	261	2
377	247	25
231	244	2
430	107	37
211	120	2
552	92	45
258	330	2
405	9	33
210	226	2
319	341	11
285	325	4
289	221	7
322	31	13
223	333	1
271	251	2
275	252	2
179	344	1
146	115	2
297	118	20
95	202	1
540	69	45
250	272	3
386	70	20
338	335	19
79	100	1
70	297	1
558	93	45
210	55	1
81	179	2
210	345	1
209	23	6
313	17	11
209	305	3
194	135	2
357	329	24
76	167	1
356	183	28
274	254	2
541	92	43
392	77	20
303	377	12
194	331	1
284	201	12
288	379	9
75	165	1
377	62	22
250	308	1
430	48	30
173	370	1
177	192	3
182	371	1
174	279	1
72	200	1
452	108	40
238	279	3
208	294	5
101	37	5
218	114	1
403	28	39
228	15	25
356	196	30
143	38	4
218	229	3
318	24	15
189	277	1
445	139	42
123	17	6
179	355	1
240	339	1
365	180	33
155	282	1
122	202	1
217	246	3
293	9	7
71	132	1
112	202	1
282	220	2
481	116	44
386	336	29
206	337	1
120	18	6
286	297	12
300	12	7
72	115	1
200	136	3
219	228	2
229	3	23
232	377	1
256	25	1
299	106	5
76	152	1
403	56	23
167	51	1
379	73	18
190	99	2
184	56	1
425	108	34
166	309	1
444	79	29
226	243	2
178	110	1
376	331	27
73	237	1
255	253	2
391	263	31
69	121	1
153	182	1
373	275	28
183	22	2
258	331	2
277	221	3
135	147	1
220	392	1
404	54	26
120	379	6
252	136	3
185	193	2
385	391	28
243	375	1
441	47	31
214	308	2
290	284	7
360	72	16
76	188	1
218	332	1
146	112	2
308	381	14
259	275	6
297	117	20
202	13	4
353	175	30
155	145	1
69	315	1
168	147	1
386	246	26
150	7	4
211	23	4
244	68	2
285	296	13
234	336	1
347	19	17
152	99	2
390	237	33
464	100	43
289	15	12
209	304	4
219	379	1
460	71	33
228	330	1
203	188	3
204	211	3
155	305	1
109	202	1
260	220	7
166	226	1
407	12	33
202	222	2
320	13	11
420	79	25
70	266	1
500	83	38
192	388	2
414	263	37
376	208	23
206	20	2
91	340	8
366	201	36
77	170	1
324	325	12
143	33	3
191	277	2
161	322	1
271	141	6
354	341	25
288	186	10
142	5	5
354	183	28
472	54	37
221	310	2
434	33	38
444	138	42
430	77	26
140	98	1
141	311	1
287	221	5
552	98	45
74	234	2
187	54	1
415	206	35
462	111	40
219	231	3
323	69	13
219	20	10
152	91	2
389	338	31
158	145	1
162	204	1
437	70	30
403	202	31
299	109	6
76	153	1
321	326	11
378	256	29
241	56	1
555	90	45
218	280	2
478	89	35
226	1	24
118	19	7
198	219	3
154	341	1
73	236	1
386	19	29
102	353	7
69	120	1
220	244	3
291	3	7
476	29	37
220	26	6
96	40	5
116	202	1
404	55	25
357	113	25
76	189	1
393	109	25
218	333	1
318	160	23
345	70	15
146	113	2
227	102	1
335	325	13
302	374	13
231	308	2
306	77	9
217	350	1
316	22	15
175	349	2
69	314	1
549	96	44
73	136	1
254	329	1
150	4	4
139	354	1
419	242	35
254	186	3
177	277	1
183	283	5
81	177	2
451	67	33
162	18	3
423	110	33
380	73	19
370	115	24
87	178	1
294	251	6
479	90	35
155	304	1
203	12	5
363	322	22
193	135	2
424	109	33
154	282	1
136	289	1
192	72	1
283	291	12
282	198	10
254	282	15
164	230	1
463	42	34
306	339	11
70	267	1
144	280	1
538	120	45
352	219	19
405	79	22
262	328	1
438	9	39
428	247	38
382	378	32
475	52	38
181	330	1
77	169	1
208	280	2
513	89	40
351	316	17
294	148	16
251	105	1
342	243	22
354	197	30
169	232	2
251	292	12
71	241	1
550	97	44
150	93	2
225	28	4
154	16	3
74	235	1
207	21	4
233	394	2
220	55	1
253	185	3
186	114	2
390	392	33
389	337	30
176	354	1
204	336	1
299	108	6
309	187	18
167	130	1
171	199	2
318	58	10
401	318	31
368	311	19
393	338	31
288	104	3
421	21	36
250	25	2
250	136	3
216	24	4
409	256	36
467	118	42
140	7	5
490	95	38
258	329	1
395	32	40
96	41	4
115	21	7
161	205	1
533	93	42
181	51	1
241	249	2
136	202	1
469	74	36
398	78	21
146	110	2
444	109	38
383	72	19
131	13	5
222	206	3
306	221	12
245	24	2
410	79	23
235	367	5
174	254	2
352	175	30
262	252	2
291	284	7
159	285	2
176	347	2
200	337	1
437	12	38
289	13	9
111	202	1
185	76	1
241	276	3
274	253	2
80	180	2
136	230	1
308	339	11
350	178	29
283	151	11
307	29	10
198	145	3
75	166	1
222	27	6
151	5	4
231	57	1
178	278	1
538	121	45
210	22	5
408	205	32
244	376	1
181	250	2
426	243	37
356	112	25
403	33	40
156	319	1
446	65	32
143	35	4
327	326	13
294	149	15
355	22	20
365	177	35
251	182	3
71	240	1
368	121	23
142	293	1
278	148	9
127	15	6
306	372	16
102	202	1
442	135	40
144	261	1
417	15	34
78	334	9
181	79	1
184	76	1
356	330	24
555	92	45
137	203	1
143	293	1
332	290	18
421	20	36
198	334	1
155	182	2
221	393	1
187	281	5
352	344	24
188	54	1
144	52	2
400	78	21
255	254	2
154	228	1
201	135	3
352	21	19
225	394	1
262	273	3
163	172	3
451	105	38
310	188	19
208	225	2
209	184	3
447	66	32
204	373	1
171	4	3
375	252	26
261	27	2
459	111	41
167	310	1
449	53	32
146	111	2
259	276	11
227	104	2
425	77	25
165	51	1
155	229	1
302	372	15
197	388	2
292	104	4
277	284	4
429	49	30
178	371	1
235	366	5
334	342	15
196	339	1
182	282	3
391	10	32
96	54	4
442	46	31
358	330	24
263	221	7
159	284	1
181	372	1
152	102	2
176	348	2
105	202	1
323	31	13
437	11	38
289	12	7
399	195	34
256	371	1
143	206	1
80	181	1
247	59	1
435	34	39
436	265	39
283	150	10
216	179	3
288	256	6
222	393	1
188	15	1
212	133	3
359	71	16
439	47	30
305	15	8
225	208	3
210	23	5
72	204	1
305	378	13
159	355	1
153	318	2
125	202	1
149	298	1
299	245	11
447	53	32
403	32	40
336	13	16
143	34	4
219	344	1
218	144	3
271	142	8
165	280	1
193	71	1
388	392	30
179	5	3
198	13	3
222	135	3
330	236	18
225	18	19
384	390	28
476	52	38
206	196	3
372	244	24
159	182	1
291	326	9
233	59	1
290	18	12
82	336	8
323	70	14
261	260	2
190	148	2
242	255	2
161	355	1
270	191	7
237	56	1
401	316	31
294	1	11
345	111	17
127	383	7
140	291	1
273	326	1
93	349	6
187	280	3
248	137	3
338	247	16
224	242	2
443	80	29
371	242	23
234	70	2
451	104	39
295	299	12
519	88	40
134	254	1
90	202	1
238	66	2
333	342	15
191	72	1
280	286	4
512	89	40
252	106	1
113	22	8
459	110	41
351	20	20
143	312	1
146	108	2
213	181	3
341	352	29
302	373	14
221	142	3
300	178	12
211	377	1
404	240	32
386	391	29
159	287	3
475	90	35
314	340	11
152	103	2
162	128	1
399	194	35
76	333	10
436	69	31
137	32	3
147	123	2
369	63	19
288	257	6
278	287	5
227	357	1
396	238	36
221	351	1
282	197	8
175	370	1
254	281	15
387	258	30
352	111	21
409	24	35
395	29	36
287	27	4
538	71	45
210	20	5
72	205	1
139	97	1
220	332	1
232	258	1
413	243	35
200	335	1
437	110	37
204	303	6
157	127	1
157	16	4
214	227	2
87	339	8
143	45	3
369	74	16
109	25	7
425	234	37
251	328	1
193	247	1
344	69	15
71	131	1
296	119	19
83	337	9
224	393	1
391	393	33
69	128	1
248	221	2
225	243	2
239	278	3
372	245	24
152	129	1
371	55	19
233	58	1
286	204	13
414	1	36
370	325	26
153	281	1
219	310	2
313	189	20
160	183	1
180	58	1
189	308	3
392	10	32
284	104	3
226	29	4
434	110	36
207	295	5
69	211	1
255	248	2
221	56	1
68	300	1
233	363	3
476	25	38
337	342	17
408	7	34
451	107	38
180	329	1
446	140	42
104	35	5
375	254	28
209	344	1
450	66	33
312	31	12
252	329	1
227	29	4
137	229	1
217	23	5
146	109	2
269	369	2
297	120	19
133	386	7
160	288	3
550	93	44
75	191	1
273	144	9
175	345	1
453	40	33
168	295	1
172	343	1
183	113	1
277	252	2
116	20	7
528	86	42
404	241	32
196	115	2
243	56	1
171	311	1
159	286	2
389	261	31
215	23	4
190	194	2
242	260	2
85	202	1
344	332	22
155	308	1
350	177	30
132	12	5
288	258	6
75	202	1
166	231	1
278	284	4
151	6	4
140	277	1
107	202	1
302	112	8
92	348	6
383	335	27
225	101	1
395	28	35
210	21	5
286	326	5
395	109	25
438	13	39
186	90	2
281	326	2
428	243	38
200	146	3
182	6	3
465	114	41
180	257	2
143	44	3
351	329	24
393	314	27
114	366	5
204	236	3
425	233	38
283	199	11
317	60	10
151	181	1
359	310	19
549	83	45
168	50	1
302	29	10
254	20	7
372	246	24
376	241	25
391	76	20
159	176	1
101	353	7
68	126	1
159	321	2
280	149	9
209	226	2
191	389	2
284	105	4
284	152	12
184	284	6
169	200	1
164	324	1
316	15	11
164	171	4
187	282	5
121	18	6
377	248	24
69	210	1
396	6	32
168	189	2
362	255	24
201	277	2
408	8	34
417	206	36
220	309	2
234	393	2
200	313	4
252	245	2
152	299	1
156	354	1
218	167	14
156	145	1
218	342	2
407	256	35
217	22	5
146	106	3
271	369	2
368	53	18
84	337	9
75	190	1
140	370	4
397	238	36
292	250	5
376	75	17
138	339	2
438	38	37
315	297	15
371	65	19
138	290	1
305	339	11
186	54	1
176	192	3
171	327	1
232	183	3
124	381	6
427	110	36
423	250	39
184	7	3
294	252	6
217	114	1
317	23	15
445	66	32
288	259	7
407	10	34
188	10	3
254	287	14
386	37	35
248	340	1
121	202	1
535	93	42
395	31	40
183	84	1
210	18	4
304	83	10
262	220	7
243	23	3
408	64	28
413	241	35
228	208	3
474	112	42
261	190	6
389	393	32
351	315	17
143	47	3
247	24	2
223	19	14
425	232	38
118	367	5
194	311	3
259	337	1
260	190	5
317	59	10
75	233	2
189	97	1
355	329	24
193	358	1
268	368	2
306	14	8
549	82	45
463	100	42
406	204	32
372	64	19
258	273	3
405	110	28
253	180	4
182	112	1
408	45	41
285	377	7
290	17	11
239	246	2
385	259	29
210	280	2
299	210	21
346	155	24
241	327	1
242	24	2
158	298	1
536	118	44
132	385	6
242	250	2
313	300	15
473	54	37
459	71	33
284	106	4
169	190	2
303	175	16
199	14	5
259	333	2
154	300	1
268	276	3
246	201	9
69	320	1
175	327	1
297	333	10
107	34	5
371	326	26
281	114	21
305	84	10
371	247	24
79	174	1
139	205	1
257	26	1
432	32	38
148	228	2
404	78	22
408	9	35
152	14	4
138	97	1
215	13	7
414	242	35
157	180	2
105	355	6
238	65	2
369	310	19
295	10	7
503	84	38
185	277	1
223	181	3
416	79	25
218	343	2
146	107	3
540	93	43
141	6	5
197	366	2
145	348	2
397	237	36
362	321	21
221	26	6
130	202	1
153	4	4
456	115	40
96	202	1
206	3	29
100	352	6
162	159	7
403	8	33
158	354	1
323	289	18
147	15	4
223	280	4
147	124	1
294	253	7
365	200	35
213	116	1
203	2	23
402	229	34
246	23	2
198	138	4
227	358	1
164	157	7
188	11	3
178	49	1
145	312	1
74	110	1
273	259	2
70	242	1
304	374	14
395	30	39
210	19	5
461	115	41
172	234	2
427	77	26
143	46	3
436	36	39
223	141	3
213	8	21
216	228	2
142	12	5
146	179	1
260	191	9
212	336	1
198	359	1
75	232	2
165	102	2
189	96	1
387	69	20
302	176	16
329	246	16
396	28	35
220	239	3
244	20	4
211	306	2
394	65	21
257	328	1
276	220	3
157	175	3
252	66	2
180	5	3
199	235	3
289	298	13
184	192	2
189	305	2
284	107	8
322	325	11
184	286	4
259	332	2
140	223	2
175	311	1
93	202	1
178	328	1
419	78	25
415	26	35
291	8	6
205	323	2
243	206	5
215	12	14
295	180	11
157	179	2
403	239	33
436	109	36
298	29	8
218	340	1
146	104	3
167	386	4
293	120	17
397	236	35
477	30	38
338	324	14
301	336	10
69	69	1
201	213	5
382	20	27
301	114	21
339	323	14
224	1	25
174	371	1
315	299	15
418	16	35
182	57	1
485	88	36
208	307	2
215	16	3
223	394	1
110	24	6
180	78	1
354	312	18
303	241	11
531	82	43
71	117	1
203	5	21
86	338	9
251	273	3
293	28	6
273	369	2
539	122	45
207	280	2
74	111	1
330	245	16
168	232	2
224	207	3
151	342	1
154	182	2
139	310	1
239	393	1
210	16	3
211	281	2
186	89	2
183	372	1
336	341	16
367	120	22
318	340	11
200	371	1
185	114	2
123	202	1
143	41	4
100	202	1
160	175	1
170	24	1
160	30	2
142	98	1
455	41	33
184	259	2
193	203	3
431	49	30
468	42	35
302	177	16
539	70	45
226	343	1
248	259	3
206	303	5
244	21	3
367	329	27
205	303	6
262	190	6
162	85	1
295	147	17
157	174	3
137	386	5
247	299	1
399	6	32
143	13	5
218	206	3
204	188	4
288	222	6
434	264	39
303	30	10
340	17	18
454	105	39
282	150	10
236	305	1
154	127	1
150	227	2
524	107	40
73	327	4
304	29	10
78	146	1
215	15	2
200	316	2
314	300	15
157	178	2
289	122	17
347	349	21
170	190	2
208	5	20
274	144	8
288	28	5
218	341	2
368	330	27
155	300	1
303	220	11
251	135	3
146	105	3
422	250	37
303	77	9
189	54	1
217	309	3
278	372	4
250	183	3
250	294	7
397	235	35
481	90	36
409	229	34
330	289	18
201	212	5
301	113	17
129	384	6
183	77	1
315	298	15
537	93	42
105	35	5
560	89	45
135	285	1
313	31	12
447	108	38
256	329	1
114	21	8
170	146	1
194	12	3
218	134	3
242	256	3
71	116	1
350	181	28
203	354	1
335	289	18
140	224	2
144	227	1
73	195	1
339	241	23
182	329	1
395	16	32
210	17	3
489	94	38
200	7	12
471	75	36
408	67	30
210	307	2
209	105	2
214	282	2
162	161	7
403	38	38
143	40	4
493	83	36
313	277	17
392	19	32
222	333	1
247	138	3
274	269	2
222	111	1
296	11	6
248	260	3
193	389	2
207	108	2
316	325	11
409	78	22
192	330	1
376	23	26
254	24	1
201	236	3
244	22	3
233	259	2
462	116	41
72	238	1
68	122	1
366	242	22
319	24	16
157	173	3
484	89	36
114	202	1
247	298	1
209	375	1
156	282	1
160	204	1
252	290	14
270	129	5
179	329	1
269	328	1
240	248	2
136	387	6
274	369	2
444	65	32
127	202	1
226	137	3
207	211	3
74	164	1
224	281	4
405	316	34
154	124	1
338	241	23
358	244	18
70	312	1
272	143	9
202	320	1
383	259	29
224	136	3
371	331	27
248	254	3
139	369	4
206	187	3
73	326	3
220	19	15
182	83	1
337	218	17
181	281	2
309	340	11
215	14	3
200	317	2
256	255	2
77	105	1
379	257	29
474	55	37
366	121	20
323	326	11
167	201	1
333	289	18
209	339	1
403	316	33
247	221	2
146	102	3
317	15	11
288	251	5
297	285	10
279	149	9
559	93	45
529	90	41
235	57	1
307	340	11
164	203	1
202	277	2
292	151	14
163	19	3
404	109	28
152	109	1
228	30	4
470	55	36
365	197	33
246	328	1
344	111	16
166	280	1
340	219	19
140	274	1
169	294	1
140	225	2
73	194	1
338	294	20
248	199	9
82	178	2
301	84	10
182	249	2
210	14	3
200	8	9
314	16	11
177	296	1
414	47	31
404	1	34
427	49	29
214	283	3
143	43	3
204	11	10
81	336	8
213	307	2
160	161	8
298	211	21
317	341	11
412	79	24
199	145	3
246	340	1
331	246	16
320	325	11
213	134	3
530	91	41
140	310	1
279	221	2
248	261	2
439	8	39
338	157	22
490	96	38
182	298	1
183	7	3
221	240	2
150	180	1
244	23	3
343	349	26
149	4	4
372	243	23
68	212	1
72	239	1
315	341	11
561	93	45
68	123	1
148	179	1
404	37	39
149	343	2
157	172	3
180	371	1
312	299	14
205	224	2
124	16	6
308	78	9
75	333	10
252	291	13
89	202	1
398	234	34
411	109	30
284	149	10
207	301	5
226	377	1
292	124	18
151	299	1
70	313	1
466	74	36
174	235	2
73	325	2
97	351	6
290	222	7
181	280	2
77	151	1
77	104	1
370	242	23
464	115	41
157	176	2
332	186	22
208	7	19
213	378	1
199	315	2
270	13	3
146	103	3
303	79	10
288	252	5
160	294	2
227	334	1
258	254	2
420	207	38
108	202	1
173	147	2
174	148	2
337	394	32
301	111	6
304	221	11
68	270	1
281	195	7
314	236	14
77	187	1
385	335	28
152	110	1
369	325	25
186	277	1
299	30	8
229	209	3
241	259	2
218	21	6
171	233	2
402	78	21
554	92	45
268	329	1
160	322	1
292	327	10
140	275	1
226	334	1
140	226	2
141	264	2
177	252	2
415	78	25
301	83	10
159	53	1
548	84	45
150	280	1
210	15	3
200	9	6
465	116	41
290	121	17
299	122	21
265	190	7
143	42	3
294	29	7
160	17	3
283	221	2
198	234	3
292	379	11
302	180	13
71	265	1
248	262	2
487	89	37
408	50	26
319	292	16
215	247	3
309	382	14
427	28	37
157	171	4
309	16	10
342	186	23
402	7	33
284	103	3
199	116	2
217	173	12
155	99	1
175	108	1
216	115	1
71	207	1
387	20	29
155	16	3
207	300	5
292	125	18
405	314	34
287	186	10
230	3	23
159	146	1
78	102	1
77	150	1
78	145	1
176	312	1
181	57	1
474	53	38
242	57	1
199	314	3
184	113	1
227	181	3
425	154	41
227	2	24
146	100	3
303	78	9
288	253	6
74	258	1
350	111	19
397	6	32
406	316	34
249	137	3
197	361	1
222	180	3
250	293	9
292	2	6
457	69	33
424	154	43
362	330	25
442	213	44
68	271	1
128	202	1
172	3	3
238	260	2
384	19	29
77	186	1
152	111	1
72	262	1
347	156	25
138	145	1
289	27	5
241	258	2
427	245	38
271	12	3
108	363	6
260	192	12
217	229	3
353	342	25
320	25	16
217	391	1
226	335	2
467	56	36
141	263	2
282	286	5
301	82	10
103	202	1
348	19	17
210	12	16
138	369	4
200	10	5
163	158	7
148	298	1
300	29	8
233	70	2
461	110	41
414	207	35
295	120	18
393	65	21
204	5	21
223	136	3
264	191	7
445	96	42
302	181	15
71	264	1
248	263	3
487	88	36
168	200	1
439	10	39
480	89	35
359	243	18
126	202	1
290	184	10
333	246	16
181	258	2
149	228	2
314	276	17
134	11	5
157	170	4
380	21	25
232	4	23
76	141	1
199	337	1
137	96	1
217	172	13
237	337	1
71	206	1
75	139	1
140	325	1
468	74	36
207	303	4
444	51	31
93	340	9
168	21	4
259	254	2
350	317	17
163	282	1
292	126	18
338	14	16
174	344	1
73	331	9
281	150	10
78	103	1
232	307	2
394	110	25
358	311	19
215	11	20
276	253	2
105	357	6
399	241	32
403	242	32
208	106	2
256	272	3
241	246	2
119	19	6
392	46	41
146	101	3
189	193	2
288	254	6
74	259	1
117	367	5
145	52	2
245	203	8
197	360	1
278	251	2
175	353	1
287	379	9
273	281	3
141	226	2
386	203	27
279	372	3
486	88	36
359	170	32
233	335	2
305	106	7
163	229	1
210	184	3
557	94	45
152	112	1
560	93	45
72	263	1
157	146	1
241	257	3
427	244	38
80	175	1
299	335	10
378	332	26
180	250	2
218	309	2
156	99	1
554	90	45
298	284	12
355	197	30
198	140	3
164	308	1
212	24	3
71	295	1
353	198	30
226	332	1
467	74	36
122	380	7
467	59	36
92	340	9
301	81	10
239	261	2
281	221	2
210	13	8
200	11	5
163	129	1
290	4	6
418	49	28
110	364	6
263	328	1
158	166	6
256	186	4
447	140	42
181	112	1
195	332	1
199	364	1
436	34	39
167	146	1
416	30	38
132	202	1
216	379	1
255	280	16
388	257	30
468	55	36
397	77	21
222	226	2
222	141	3
226	336	1
248	264	3
70	208	1
325	29	14
361	329	24
221	205	3
173	106	1
343	350	28
148	344	2
206	210	3
300	115	21
238	338	1
172	196	3
228	243	2
161	174	2
119	379	6
393	19	33
76	142	1
170	199	2
426	109	36
194	193	2
483	114	43
332	341	14
297	11	6
140	326	1
278	220	2
377	23	26
187	387	2
211	9	21
525	87	42
224	140	3
153	128	1
150	343	1
79	183	1
385	70	20
428	28	37
103	354	6
385	247	26
129	202	1
215	10	21
128	14	6
105	356	7
417	32	39
208	107	2
375	241	25
546	95	44
270	327	1
298	116	21
209	343	1
99	352	6
104	202	1
179	312	1
227	4	24
146	98	2
288	255	6
113	366	5
329	342	13
245	202	9
444	97	41
178	4	3
477	24	38
141	370	4
391	238	34
163	228	1
201	313	4
177	256	2
182	51	1
461	72	34
334	238	21
152	113	1
332	217	16
470	75	36
392	237	34
375	74	17
124	202	1
136	146	1
401	242	32
179	50	1
288	283	8
368	73	16
501	84	38
71	294	1
420	238	35
226	333	1
211	227	2
163	324	1
311	324	11
467	58	36
141	261	1
268	136	4
301	80	10
276	370	3
210	10	21
200	12	7
254	195	10
253	25	1
290	5	6
219	233	3
176	371	1
158	167	5
72	292	2
241	339	1
190	276	2
266	332	2
158	321	2
436	35	39
299	285	12
392	24	35
483	89	36
223	27	5
165	158	7
378	67	22
406	267	37
539	92	43
487	90	38
187	358	1
173	327	1
70	209	1
201	6	14
245	341	1
162	282	1
253	219	2
230	245	2
266	191	8
219	245	3
78	184	1
172	197	2
390	20	32
346	18	17
303	337	11
218	379	1
86	178	2
422	208	38
527	87	41
217	178	3
170	280	1
203	336	1
396	63	21
73	158	1
211	8	20
79	182	1
462	42	34
174	350	2
163	203	1
181	356	1
78	148	2
157	283	1
181	6	3
228	103	2
426	78	25
185	285	5
375	22	24
422	109	33
216	308	3
146	99	2
166	102	2
240	25	2
355	312	18
407	110	28
141	143	1
168	130	1
277	288	6
139	144	1
337	287	19
152	114	1
176	328	1
208	185	3
176	295	1
180	311	1
280	325	2
427	246	38
440	11	39
369	52	18
134	386	7
133	202	1
531	91	41
303	111	8
492	84	36
520	87	40
99	202	1
354	21	19
293	150	14
231	334	2
383	19	29
207	225	2
73	197	1
225	2	25
117	20	7
197	108	2
268	137	4
419	15	35
372	117	24
173	4	3
301	79	10
210	11	21
200	13	6
348	157	26
219	232	3
418	79	25
106	362	6
200	235	3
219	25	6
471	54	36
214	284	3
161	128	1
72	293	1
180	356	1
284	377	7
218	245	3
133	12	5
289	262	6
170	3	3
455	38	38
170	293	1
482	115	44
160	354	1
207	197	3
410	25	35
254	288	15
74	138	1
349	20	19
126	382	6
415	46	29
301	179	12
72	133	1
272	327	1
376	251	25
183	288	3
337	240	22
78	185	1
172	198	2
314	386	17
157	88	1
394	314	29
161	29	2
290	379	10
398	239	36
521	88	40
351	218	19
75	140	1
245	244	2
197	369	1
207	296	5
529	112	42
279	252	2
292	121	17
168	310	1
409	44	40
534	92	42
386	260	29
83	178	2
174	351	2
305	220	12
384	237	31
78	149	1
399	242	32
261	253	2
551	93	44
185	284	5
392	66	21
216	390	1
161	283	1
166	20	3
204	223	2
198	276	2
296	284	8
108	33	5
273	252	2
84	202	1
175	253	2
444	210	44
69	299	1
144	13	5
339	218	18
433	33	38
201	221	2
395	237	35
272	368	2
405	60	26
333	187	22
413	227	37
149	281	1
152	115	1
209	6	20
285	203	13
219	331	1
213	281	2
298	249	7
354	321	17
228	378	1
146	53	2
251	184	3
478	113	43
412	263	36
326	325	13
237	278	3
226	105	2
511	88	40
424	235	36
268	138	4
220	179	4
372	118	24
301	78	10
197	141	3
314	26	13
305	373	14
219	235	3
96	350	6
229	30	4
275	282	3
214	285	3
312	277	16
367	241	22
194	248	1
143	49	3
111	365	5
204	1	24
298	74	6
190	116	2
289	261	7
90	347	7
113	202	1
203	72	1
435	13	37
218	391	1
251	309	1
142	311	1
164	186	2
70	68	2
174	102	2
73	113	1
173	103	2
301	178	13
72	134	1
343	347	19
300	110	6
159	165	6
182	78	1
405	229	35
232	362	2
437	37	39
556	93	45
484	64	38
171	22	2
265	221	7
181	81	1
146	347	2
217	176	4
308	281	16
397	29	38
226	17	22
435	263	39
140	208	3
168	25	1
187	279	2
173	280	1
292	122	17
235	368	6
334	324	13
70	322	1
558	87	45
391	20	32
210	208	3
138	309	1
234	365	4
105	361	6
253	289	14
214	180	3
312	188	19
536	92	42
294	380	12
209	340	1
204	73	1
242	276	3
393	238	34
327	34	17
445	51	31
378	22	26
94	202	1
335	341	15
307	300	13
444	211	45
559	90	45
69	298	1
182	357	1
301	105	5
233	307	2
405	59	24
201	318	1
239	338	1
206	9	18
120	202	1
176	108	1
382	334	26
153	300	1
152	116	1
115	367	6
228	182	3
265	132	3
488	91	38
167	21	3
285	202	12
351	345	24
412	243	34
199	277	2
203	222	2
193	117	2
98	202	1
425	10	37
226	102	1
217	281	2
89	343	9
73	203	1
164	101	2
316	296	15
183	56	1
301	77	10
328	245	16
135	202	1
219	234	3
404	8	33
319	159	23
261	274	3
219	392	1
185	8	3
143	48	3
318	14	11
289	260	7
199	249	2
402	29	39
434	127	35
350	330	24
283	287	6
453	67	33
383	390	28
73	112	1
334	11	16
210	237	3
159	164	7
73	291	2
337	246	16
172	192	4
290	262	6
181	80	2
214	24	4
416	207	36
312	16	11
288	9	6
459	112	40
99	38	5
145	178	1
308	282	16
351	196	29
355	257	23
435	262	39
140	209	3
352	343	24
187	278	1
248	296	2
338	342	17
292	123	17
117	202	1
310	323	11
372	56	20
391	23	34
537	72	44
408	20	33
68	70	1
200	214	4
77	144	1
171	343	1
367	187	32
137	340	2
152	311	1
357	322	17
218	171	14
223	207	3
193	104	1
213	101	2
402	244	31
411	78	24
237	304	1
224	334	1
74	192	1
267	331	2
178	354	1
281	196	8
428	109	36
186	75	1
442	49	31
267	134	3
152	117	1
366	178	34
137	368	4
488	92	38
322	272	19
165	230	1
166	129	1
293	2	7
320	31	12
89	342	9
249	24	2
69	269	1
338	286	20
359	197	31
301	76	10
325	326	12
438	111	37
215	379	1
219	237	4
286	109	20
299	115	21
294	298	12
80	98	1
450	108	38
143	51	2
194	105	1
179	372	1
240	326	1
189	147	2
321	27	13
407	205	32
193	193	2
198	338	1
274	258	3
169	104	1
317	160	23
272	13	3
74	137	1
154	144	1
68	318	1
433	111	36
187	88	1
405	1	35
79	335	8
102	36	5
304	107	7
73	290	2
92	202	1
465	56	35
361	255	24
384	34	35
280	115	21
172	193	3
186	357	1
417	31	38
161	18	3
147	227	1
460	42	33
146	345	2
247	67	2
369	241	23
104	354	6
160	52	1
251	245	2
94	349	6
351	182	28
166	201	1
246	59	1
179	110	1
359	329	24
202	4	21
377	26	31
255	25	1
349	196	29
248	297	1
244	204	7
372	57	20
196	367	2
235	259	2
391	22	34
408	230	34
153	342	1
200	215	4
77	143	1
343	189	24
308	187	18
100	37	5
218	168	14
422	22	36
142	32	3
402	245	31
122	17	6
431	243	39
397	63	21
166	324	1
188	388	2
197	338	1
179	251	2
344	186	23
221	332	1
168	104	1
553	91	45
292	9	6
231	4	23
70	130	1
74	193	1
292	152	14
267	330	2
224	28	4
432	105	38
182	133	2
183	357	1
557	88	45
171	293	1
215	180	3
471	46	36
152	118	2
208	302	4
366	179	34
115	369	6
413	2	36
488	93	38
404	315	34
427	234	38
460	114	40
393	264	31
294	120	17
89	341	9
164	129	1
69	268	1
73	201	1
453	109	40
130	384	6
139	291	1
220	142	3
408	256	36
210	116	1
210	7	20
73	261	1
357	197	30
384	71	19
229	108	2
158	168	5
266	329	1
80	99	1
143	50	3
228	394	1
252	272	3
237	68	2
321	26	13
326	277	22
402	317	31
203	312	2
250	245	2
164	52	1
178	344	1
220	227	2
301	30	9
233	376	1
211	337	1
391	45	40
300	105	5
376	255	28
304	108	7
391	66	21
333	239	21
384	35	35
280	116	20
390	9	31
161	160	7
474	89	35
190	309	3
464	31	34
336	217	17
199	334	1
436	12	37
185	260	2
76	106	1
216	349	1
355	259	24
84	178	2
435	264	39
202	5	18
151	92	2
448	141	43
377	25	31
338	340	17
88	339	8
406	229	35
315	61	11
244	205	6
443	96	41
70	321	1
135	255	1
547	84	44
195	206	3
162	29	2
208	210	3
87	202	1
343	188	24
205	187	4
76	168	1
171	132	1
119	202	1
222	352	1
298	144	23
554	97	45
331	216	16
170	342	1
169	22	3
179	77	1
297	250	6
227	377	1
364	198	34
188	116	2
231	182	4
97	39	6
362	197	31
172	326	1
196	332	1
129	14	6
438	48	30
91	348	6
149	180	1
208	303	4
523	88	42
110	202	1
115	368	6
134	202	1
261	221	7
167	231	2
351	346	23
356	172	31
308	15	10
283	200	11
303	106	6
400	315	32
407	24	35
178	192	3
292	328	10
131	202	1
331	290	18
140	260	1
89	340	8
453	108	40
192	202	3
202	319	1
221	226	2
210	117	2
106	34	5
395	13	31
168	385	3
159	205	1
73	260	1
152	181	1
158	30	2
324	290	18
275	286	6
441	10	39
261	287	13
342	346	19
147	344	2
256	288	14
171	191	3
294	10	7
425	107	34
189	115	2
175	294	1
396	17	32
315	163	23
188	147	2
151	281	2
477	90	35
315	16	11
197	220	2
391	44	40
304	109	7
215	281	2
385	236	31
280	117	20
299	179	11
172	195	3
176	134	2
437	33	39
556	89	45
403	79	22
366	330	27
270	140	5
76	107	1
398	240	35
351	176	30
355	258	23
212	377	1
296	180	11
154	318	1
249	244	2
338	341	17
353	112	22
103	36	5
258	340	2
174	352	1
230	56	1
219	166	14
183	259	2
125	16	6
333	325	13
228	109	2
247	259	3
388	253	31
389	68	21
179	257	2
402	243	32
350	197	29
193	30	1
303	81	10
251	256	3
255	328	1
249	295	5
108	30	4
236	107	1
353	321	17
245	211	4
364	199	34
420	241	36
349	181	27
169	311	1
387	392	29
245	68	2
197	114	2
330	341	13
304	376	12
235	336	1
163	28	2
381	72	19
263	190	6
451	55	34
252	185	3
147	319	1
275	370	2
186	283	5
115	371	5
280	220	2
336	19	21
289	380	10
75	109	1
472	47	37
526	87	41
169	386	3
377	208	23
396	110	25
429	242	38
359	113	25
221	112	1
268	135	4
358	171	31
183	52	1
197	136	3
442	97	40
290	28	5
219	238	3
408	79	22
119	367	5
357	310	19
545	94	43
341	243	22
413	262	36
388	68	20
227	244	2
303	299	13
321	24	16
425	106	34
274	257	3
448	52	32
207	338	1
88	202	1
198	115	2
236	337	1
349	110	19
315	162	23
358	196	31
69	127	1
201	15	5
202	336	1
535	118	44
235	280	4
182	289	3
405	14	32
230	29	4
196	389	2
276	285	5
205	337	1
404	202	31
428	48	29
304	110	8
379	384	29
205	4	23
143	227	1
208	22	5
194	72	1
199	217	3
227	16	23
146	118	2
377	332	26
165	187	2
202	3	21
212	207	3
73	135	1
151	316	2
121	380	7
304	300	13
220	112	1
177	387	3
254	179	4
253	105	1
381	20	25
408	24	35
157	355	1
233	5	22
186	260	2
370	120	24
388	254	30
411	66	30
303	80	10
155	89	1
202	212	5
203	373	1
293	251	6
245	210	3
349	180	28
222	162	16
151	98	2
70	118	1
457	115	40
279	286	5
70	129	1
306	299	13
311	30	12
201	336	2
452	103	40
381	71	20
148	280	1
77	334	9
135	387	6
257	273	3
172	132	2
115	370	6
214	378	1
426	154	43
218	24	5
399	77	21
167	225	1
131	385	6
160	127	1
75	108	1
165	226	1
411	46	38
472	48	37
236	57	1
363	198	34
89	346	7
164	19	3
339	15	18
172	292	1
248	66	2
215	228	2
183	330	1
244	340	1
195	136	2
243	261	2
247	341	1
366	61	19
332	245	16
389	10	31
470	111	42
369	120	24
223	242	3
165	309	1
425	105	34
307	77	9
458	114	40
245	138	3
352	320	17
406	109	28
279	326	2
173	191	3
211	116	1
340	336	19
201	14	6
315	387	18
159	163	7
537	119	45
219	205	4
261	369	1
289	104	3
270	368	2
199	216	3
455	114	40
86	202	1
431	106	38
118	202	1
355	260	24
502	85	38
341	345	19
140	206	1
406	9	33
463	72	34
409	132	33
174	132	2
430	242	38
272	252	2
83	202	1
272	267	2
182	258	2
258	338	1
206	132	3
558	89	45
115	202	1
371	116	24
417	78	25
191	101	1
176	386	3
232	106	2
388	255	30
298	12	7
190	54	1
156	17	4
293	105	4
344	190	25
349	179	29
222	163	15
559	96	45
529	85	42
70	119	1
230	361	2
302	106	5
248	184	3
391	336	29
304	378	12
339	336	19
206	224	2
72	196	1
277	123	8
357	173	31
153	310	1
414	79	24
290	105	4
289	16	12
294	259	11
228	3	24
392	263	31
170	132	1
460	110	41
321	272	19
446	41	33
75	257	1
203	212	3
170	23	2
365	329	27
198	363	1
331	342	13
250	106	1
145	14	4
98	38	5
178	78	1
89	345	7
164	28	2
383	377	33
107	363	6
287	103	3
201	371	1
385	20	28
428	78	26
315	324	11
414	24	35
475	26	38
360	330	24
229	104	1
464	55	35
170	233	2
412	45	37
551	98	45
184	52	1
483	64	37
271	267	2
156	89	1
321	30	12
425	104	34
142	143	1
406	256	35
246	67	2
302	337	10
231	362	2
467	112	41
211	119	3
340	337	18
244	245	2
196	368	1
390	336	29
334	13	17
262	286	14
159	162	8
181	279	1
280	120	17
209	54	1
336	288	18
162	100	1
137	290	1
319	14	11
253	278	4
522	87	41
158	283	1
199	219	3
246	274	3
398	247	30
146	116	2
491	84	36
95	350	6
69	319	1
553	98	45
311	278	16
192	134	2
112	365	5
387	335	29
141	324	1
328	341	13
163	101	2
324	71	14
200	220	2
461	43	34
289	11	7
152	317	2
191	100	1
546	85	44
436	125	38
189	387	2
85	338	9
228	334	1
482	64	37
303	82	10
402	257	35
175	133	2
344	191	26
400	241	32
454	68	33
353	183	28
316	61	11
529	84	42
236	260	2
97	202	1
74	202	1
476	89	35
339	339	17
106	202	1
125	382	6
432	110	35
219	135	3
158	177	2
261	328	1
474	29	36
403	27	38
143	37	4
218	230	3
194	31	1
75	256	1
241	24	2
247	183	3
166	187	2
170	310	1
297	73	6
178	252	2
89	344	7
453	104	39
74	159	1
316	295	15
245	327	1
173	234	2
178	256	2
235	305	1
452	54	34
514	89	40
432	10	38
382	258	29
414	25	35
200	276	2
143	136	2
128	383	7
214	247	3
180	50	1
264	220	7
321	29	12
296	333	10
317	73	13
75	155	1
249	220	2
166	385	4
410	110	30
316	340	11
211	118	2
310	382	14
183	21	2
139	32	3
408	63	28
152	4	4
380	382	30
199	218	3
146	117	2
260	253	2
240	247	2
141	97	1
410	66	30
302	76	10
291	221	7
144	312	1
443	212	44
558	95	45
183	287	4
385	204	26
465	30	36
177	354	1
394	18	33
138	31	3
253	328	1
289	10	7
343	187	23
313	237	14
255	372	1
435	77	27
169	25	1
374	66	19
411	244	34
160	308	1
108	26	7
71	311	1
192	116	2
211	208	3
207	132	3
173	133	2
245	275	3
409	23	35
339	338	18
197	144	3
224	18	16
72	198	1
205	278	2
352	182	28
357	171	31
295	250	5
379	333	25
252	181	4
162	173	3
115	375	6
299	12	7
236	1	22
235	2	22
234	3	22
234	4	22
234	5	22
416	1	37
415	2	37
156	2	3
155	3	4
146	3	4
145	4	5
147	3	4
148	3	4
144	4	5
143	5	5
410	4	35
410	5	35
409	6	34
235	6	21
234	9	21
233	10	22
290	6	6
290	7	6
290	8	6
236	7	21
235	8	21
237	8	20
398	7	32
400	7	33
186	8	3
187	9	3
214	9	20
238	9	20
284	9	6
285	9	6
140	10	4
140	11	5
205	10	16
239	10	19
282	10	6
283	10	6
136	11	5
135	12	5
240	11	18
277	11	5
278	11	6
279	11	6
332	11	16
333	11	16
407	11	34
188	12	1
190	14	1
191	14	1
274	12	4
275	12	5
276	12	5
322	12	12
324	12	12
326	12	12
321	13	11
323	13	12
325	13	12
335	12	16
394	12	31
427	12	36
428	12	36
431	12	37
432	12	37
188	13	1
188	14	1
189	15	1
303	13	8
302	14	7
304	14	8
406	13	33
408	13	33
409	13	33
422	13	36
423	13	36
148	14	4
149	14	4
265	14	3
266	14	3
153	15	4
244	15	17
244	16	17
260	16	4
261	16	4
339	16	19
338	17	20
244	17	17
244	18	14
419	17	35
419	18	35
337	18	21
255	19	8
256	19	8
313	19	12
314	20	12
334	19	21
333	20	20
420	19	35
182	20	2
180	21	2
181	21	2
254	21	5
254	22	3
315	21	13
332	21	20
173	22	2
174	22	2
331	22	19
111	23	7
254	23	3
324	23	15
325	24	15
326	25	15
327	26	15
327	27	14
330	23	19
423	23	36
423	24	36
210	24	4
329	24	17
392	25	35
393	26	35
424	25	37
423	26	37
166	26	2
167	26	2
165	27	2
208	26	1
207	27	1
236	26	2
237	26	2
258	26	1
259	26	1
425	26	37
234	27	2
235	27	2
262	27	2
263	27	2
378	27	32
379	28	32
415	27	36
415	28	36
426	27	37
204	28	1
205	28	1
233	28	2
201	29	1
200	30	1
202	29	1
203	29	1
380	29	33
429	29	37
324	30	14
403	30	39
430	30	38
429	31	38
473	30	36
108	31	5
108	32	5
109	33	5
110	33	5
155	31	3
156	31	3
157	31	3
325	31	14
382	31	35
382	32	35
431	31	38
469	31	36
470	31	36
471	31	36
472	31	36
111	33	5
112	33	5
383	33	35
404	34	41
403	35	41
404	36	40
386	38	35
386	39	35
387	40	35
439	38	33
440	39	31
444	43	32
454	39	33
454	40	33
440	40	31
443	44	31
388	41	36
389	42	38
390	43	39
445	42	32
470	42	35
469	43	35
470	44	35
470	45	36
410	45	39
442	45	31
413	46	34
416	47	28
417	48	28
409	50	26
410	50	26
443	50	31
142	52	2
155	52	1
156	52	1
406	52	26
405	53	26
446	52	31
140	53	2
141	53	2
139	54	2
366	53	17
367	53	18
370	53	18
325	54	10
324	55	10
371	54	18
450	54	33
96	55	4
95	56	4
97	55	4
98	55	4
363	55	16
364	55	17
460	55	35
461	55	35
94	56	4
93	57	4
322	56	10
321	57	10
323	56	10
92	57	4
91	58	4
244	57	1
320	57	10
319	58	10
363	57	16
363	58	16
90	58	4
89	59	4
373	58	21
374	59	21
88	59	4
87	60	5
178	59	1
179	59	1
86	60	5
85	61	5
233	60	1
234	61	1
248	60	1
248	61	2
375	60	21
84	61	5
83	62	5
306	61	13
307	61	13
308	61	13
309	61	13
313	61	13
314	61	12
376	61	22
406	61	26
407	62	27
82	62	5
81	63	5
235	62	1
248	62	2
248	63	2
398	62	21
80	63	5
79	64	6
236	63	1
78	64	6
77	65	6
237	64	1
248	64	2
248	65	2
250	66	2
249	67	2
370	64	19
395	64	21
76	65	6
75	66	5
409	65	29
442	65	31
441	66	30
74	66	5
73	67	4
72	67	4
71	68	3
238	67	3
239	68	3
240	68	3
241	69	3
390	67	21
440	67	30
379	68	22
380	69	21
439	68	30
235	69	2
438	69	30
381	70	20
458	70	33
231	71	2
232	71	2
321	71	14
320	72	14
322	71	14
69	72	1
70	73	1
219	72	1
220	72	1
319	72	14
318	73	14
437	72	29
437	73	28
190	73	1
189	74	1
382	73	19
384	73	19
464	73	34
70	74	1
71	75	1
188	74	1
187	75	1
316	74	12
315	75	11
385	74	19
386	74	19
437	75	28
436	76	28
71	76	1
72	77	1
311	76	11
310	77	10
312	76	11
313	76	11
304	77	9
305	77	9
432	77	26
431	78	26
438	77	28
439	77	28
533	77	43
533	78	43
72	78	1
73	79	1
173	79	1
172	80	1
174	79	1
175	79	1
176	79	1
532	79	43
73	80	1
74	81	1
171	80	1
170	81	1
445	80	29
446	80	29
531	80	43
531	81	43
74	82	1
75	83	1
168	82	1
167	83	1
182	82	1
166	83	1
165	84	1
462	83	33
463	83	33
466	83	34
466	84	34
498	83	37
499	83	37
75	84	1
76	85	1
164	84	1
163	85	1
490	85	36
504	85	39
505	86	39
76	86	1
77	87	1
161	86	2
160	87	2
185	86	1
186	87	1
506	86	39
507	87	40
159	87	2
158	88	2
77	88	1
78	89	1
471	88	35
472	88	35
509	88	40
510	88	40
515	88	40
516	89	40
78	90	1
79	91	1
154	90	1
153	91	1
186	91	1
184	92	1
185	92	1
186	92	1
79	92	1
80	93	1
532	92	41
183	93	1
187	93	1
188	94	1
188	95	1
542	93	43
543	93	43
80	94	1
81	95	1
182	94	2
549	94	44
150	95	2
150	96	2
150	97	2
181	95	2
547	95	44
548	95	44
82	96	1
180	96	2
179	97	2
81	97	1
153	99	1
154	99	1
152	100	1
152	101	1
218	99	1
216	100	1
217	100	1
176	100	2
175	101	2
215	100	1
214	101	2
191	102	2
192	103	1
282	102	3
283	102	3
167	103	1
264	103	1
265	103	1
266	103	1
267	103	1
173	104	1
173	105	1
171	106	1
172	106	1
230	104	1
231	105	1
260	104	1
261	104	1
294	104	4
295	105	4
296	105	4
170	105	1
255	105	1
256	105	1
291	105	4
290	106	4
297	105	4
298	105	5
225	106	2
225	107	2
225	108	2
225	109	2
227	109	2
226	110	2
454	106	39
454	107	39
455	107	39
174	107	1
231	107	2
230	108	2
233	107	2
234	107	2
242	107	1
243	107	1
289	107	12
288	108	15
306	107	7
307	108	7
506	107	42
505	108	42
285	108	16
286	110	20
285	111	20
430	108	34
430	109	34
429	110	35
449	108	38
448	109	38
456	108	40
525	108	41
287	109	19
311	109	7
312	109	7
526	109	42
224	110	1
223	111	1
419	110	33
420	110	33
527	110	42
387	111	25
388	111	25
453	111	38
453	112	39
468	111	41
469	111	42
528	111	42
207	113	1
207	114	1
208	115	1
209	115	1
219	113	1
283	113	21
282	114	21
381	113	24
382	113	24
481	113	43
482	113	43
484	113	43
485	113	43
530	113	43
360	114	26
368	114	24
369	115	24
531	114	43
187	115	2
532	115	43
194	116	2
195	116	2
533	116	43
534	117	44
146	119	2
152	119	2
146	120	2
153	120	2
146	121	2
154	121	2
147	122	2
154	122	2
212	121	2
213	122	2
280	121	16
281	121	16
282	121	16
283	121	15
298	121	19
279	122	11
214	123	2
215	124	2
278	123	8
67	124	1
68	125	1
276	124	8
275	125	8
147	125	1
147	126	1
147	127	1
147	128	1
147	129	1
147	130	1
150	131	1
149	132	1
154	125	1
154	126	1
155	127	1
156	127	1
274	126	7
435	126	37
273	127	7
272	128	6
269	130	5
268	131	4
147	131	1
148	133	1
169	131	1
147	132	1
147	133	1
146	134	1
205	133	3
204	134	3
264	133	3
263	134	3
203	134	3
202	135	3
144	135	1
145	135	1
255	135	3
256	135	3
257	135	3
258	135	3
199	136	3
198	137	3
443	136	40
228	137	3
227	138	3
444	137	41
226	139	3
225	140	3
246	139	3
246	140	3
246	141	3
143	142	2
144	142	2
145	142	2
152	143	1
153	143	1
219	143	3
217	144	3
215	145	3
216	145	3
295	144	21
296	145	21
296	146	21
196	145	2
195	146	2
214	145	3
213	146	3
275	145	7
297	145	21
79	147	1
80	147	1
208	147	3
209	147	3
246	148	9
246	149	9
340	151	25
341	152	25
342	153	24
291	153	14
343	154	24
342	155	23
339	157	22
340	157	22
336	158	22
337	158	22
335	159	22
320	159	22
321	159	22
325	159	22
326	159	22
327	159	22
328	159	22
329	159	22
330	159	22
73	160	1
74	161	1
74	162	1
74	163	1
221	164	15
314	164	23
313	165	24
220	165	14
78	171	1
78	172	1
79	173	1
217	177	3
218	179	3
219	179	3
137	178	1
138	178	1
139	178	1
140	178	1
141	178	1
142	178	1
143	178	1
144	178	1
298	179	11
297	180	11
224	181	3
225	181	3
364	182	31
161	183	1
162	184	1
292	183	10
291	184	10
304	183	16
305	184	16
360	183	30
361	183	30
346	184	23
345	185	23
364	184	30
163	185	1
365	185	31
336	186	23
337	186	23
257	187	4
286	187	10
284	188	9
285	188	10
321	187	22
322	187	22
258	188	4
201	189	3
200	190	3
204	189	4
204	190	4
204	191	4
283	189	8
199	190	3
198	191	3
282	190	7
174	191	3
175	191	3
172	194	3
197	191	3
196	192	3
272	191	7
271	192	7
281	191	7
281	193	7
281	194	7
204	192	4
204	193	4
205	194	3
275	192	7
276	192	7
278	192	7
279	192	7
258	193	11
257	194	10
259	193	11
192	194	2
192	195	2
192	196	2
256	194	10
255	195	10
253	196	10
252	197	10
400	198	32
400	199	32
210	199	3
211	200	3
353	199	32
353	200	33
353	201	33
353	202	33
394	199	29
395	199	29
393	200	28
396	199	30
397	199	31
247	200	9
401	200	31
212	201	3
392	201	28
213	202	3
220	202	4
220	203	4
220	204	4
390	202	27
391	202	27
214	203	4
354	203	33
138	204	1
194	204	3
195	205	3
215	204	3
355	204	33
354	205	33
216	205	3
215	206	3
356	205	33
383	205	24
384	205	25
410	205	33
409	206	32
141	206	1
142	206	1
140	207	1
214	206	3
213	207	3
357	206	34
380	206	23
381	206	24
243	207	4
243	208	4
244	209	3
378	207	23
379	207	23
418	207	37
419	207	37
240	208	3
241	208	3
242	208	3
198	209	3
199	210	3
372	210	23
373	210	23
200	211	4
246	212	3
247	213	3
68	213	1
68	214	1
69	215	1
140	213	3
140	214	3
140	215	2
69	216	1
70	217	1
70	218	1
71	219	1
314	218	13
315	218	13
413	218	37
414	218	37
415	218	37
416	218	37
251	219	2
250	220	2
310	219	12
311	219	12
71	220	1
72	221	1
188	221	2
189	221	2
190	221	2
191	221	2
192	221	2
193	221	2
230	221	2
229	222	2
231	221	2
232	221	2
233	221	2
234	221	2
235	221	2
236	221	2
237	221	2
238	221	2
239	221	2
240	221	2
241	221	2
296	221	9
297	221	10
298	221	10
299	221	11
72	222	1
73	223	1
173	222	2
172	223	2
175	222	2
176	222	2
177	222	2
178	222	2
179	222	2
227	222	2
228	222	2
245	222	2
246	222	2
171	223	2
170	224	2
225	223	2
226	223	2
224	224	2
73	224	1
74	225	1
169	224	2
168	225	2
223	225	2
74	226	1
75	227	1
75	228	1
76	229	1
411	228	35
410	229	35
412	228	36
403	229	35
404	229	35
407	229	34
77	230	1
78	230	1
76	231	1
401	230	34
400	231	34
181	234	2
182	234	2
183	234	2
184	234	2
320	236	16
321	236	16
212	237	3
211	238	3
331	237	19
217	238	3
218	238	3
308	238	12
307	239	11
309	238	13
310	238	14
306	239	11
305	240	11
378	239	27
379	239	28
222	241	3
304	241	11
323	241	16
323	242	16
302	242	11
301	243	11
340	242	23
222	243	2
221	244	2
344	243	20
343	244	21
362	243	20
71	244	1
72	245	1
229	244	2
300	244	11
351	244	18
352	244	18
326	245	16
327	245	16
72	246	1
73	247	1
253	246	2
404	246	32
405	246	32
186	247	1
185	248	2
187	247	1
188	247	1
189	247	1
73	248	1
74	249	1
184	248	2
183	249	2
210	248	3
211	248	3
212	248	3
213	248	3
369	248	24
370	248	24
401	248	31
401	249	31
300	249	9
301	249	9
74	250	1
75	251	1
243	250	2
244	250	2
242	251	2
242	252	2
242	253	2
242	254	2
289	250	5
290	250	5
303	250	10
304	250	11
401	250	31
402	251	32
267	251	2
268	251	2
269	251	2
270	251	2
75	252	1
76	253	1
246	252	2
247	253	3
315	252	11
316	252	11
402	252	32
402	253	33
176	253	2
176	255	2
320	253	11
321	253	11
77	254	1
337	254	14
338	254	14
403	254	33
76	255	1
163	255	1
164	255	1
165	255	1
253	255	2
252	256	3
359	255	24
360	255	24
364	255	24
363	256	24
404	255	33
136	256	1
154	256	1
153	257	1
156	256	1
157	256	1
403	256	34
137	257	1
152	257	1
151	258	1
221	257	1
222	257	1
223	257	1
251	257	2
249	258	2
250	258	2
294	257	11
294	258	12
138	258	1
150	258	1
149	259	1
216	258	1
214	259	1
215	259	1
218	258	1
219	258	1
257	258	2
258	259	2
139	259	1
213	259	1
212	260	1
259	259	2
260	260	2
145	260	1
146	260	1
272	260	2
293	260	9
292	261	7
142	261	1
143	261	1
141	262	1
262	261	2
263	261	2
271	261	2
270	262	2
267	262	2
268	262	2
291	262	7
390	262	31
415	262	37
417	262	37
416	263	37
418	263	37
419	263	37
420	263	37
269	263	2
269	264	2
269	265	2
284	263	6
285	264	6
286	265	6
285	266	6
401	265	33
403	265	33
402	266	33
404	266	33
405	266	34
284	267	5
273	268	2
282	268	4
283	268	5
141	270	1
141	271	1
67	272	1
68	273	1
141	272	1
141	273	1
319	272	18
320	272	19
249	273	3
247	274	3
248	274	3
260	273	3
259	274	3
318	273	18
323	273	19
68	274	1
69	275	1
317	274	17
316	275	17
323	274	19
244	275	3
243	276	3
324	275	19
325	276	19
69	276	1
70	277	1
180	276	1
181	277	1
181	278	1
183	276	1
184	276	1
193	276	2
194	276	2
195	276	2
315	276	17
258	277	14
269	277	3
70	278	1
71	279	1
140	278	1
142	280	1
143	280	1
176	278	1
175	279	1
203	278	2
204	278	2
257	278	14
270	278	3
140	279	1
140	280	1
141	280	1
206	279	2
256	279	15
271	279	3
71	280	1
72	281	1
167	280	1
168	280	1
169	280	1
219	280	2
220	280	2
221	280	2
272	280	3
139	281	1
164	281	1
171	281	1
171	282	1
171	283	1
72	282	1
73	283	1
138	282	1
137	283	1
276	283	4
306	283	14
307	283	15
73	284	1
74	285	1
136	284	1
287	284	7
286	285	6
300	284	13
301	284	13
302	284	13
303	284	13
171	285	2
171	286	3
172	287	3
172	288	2
279	285	4
75	286	2
214	286	4
284	286	5
285	286	5
74	287	2
214	287	4
214	288	4
73	288	2
74	289	2
213	289	4
212	290	4
172	290	1
172	291	1
173	293	1
174	294	1
182	290	1
182	291	1
182	292	1
322	290	17
321	291	17
209	291	4
210	292	4
209	293	4
335	291	18
141	292	1
280	292	13
281	292	13
282	292	13
283	293	13
283	294	13
320	292	17
336	292	18
181	293	1
178	296	1
179	296	1
337	293	18
144	294	1
145	295	1
181	294	1
181	295	1
181	297	1
160	295	1
160	296	1
161	296	1
284	295	13
146	296	1
162	296	1
163	296	1
147	297	1
159	297	1
287	297	12
288	297	12
157	299	1
156	300	1
156	301	1
156	302	1
183	299	1
246	300	1
245	301	1
246	302	1
316	300	15
317	301	15
68	302	1
69	303	1
242	302	1
243	302	1
239	303	1
238	304	1
240	303	1
241	303	1
247	303	1
69	304	1
70	305	1
248	304	1
249	305	1
249	306	1
320	304	15
321	305	15
70	306	1
71	307	1
155	306	1
155	307	1
156	308	1
157	308	1
189	306	3
189	307	3
322	306	15
250	307	1
323	307	16
71	308	1
72	309	1
158	308	1
159	308	1
228	308	2
229	308	2
230	308	2
324	308	17
187	309	2
188	309	3
184	310	1
185	310	1
191	310	2
192	310	2
193	311	2
252	310	1
253	311	1
253	312	1
181	311	1
182	311	1
146	312	1
147	312	1
151	312	1
151	313	1
151	314	1
151	315	1
196	312	2
197	313	2
198	313	2
254	313	1
384	313	23
385	313	23
386	313	23
387	313	23
255	314	1
256	315	2
68	316	1
68	317	1
150	317	1
149	318	1
146	320	1
144	321	1
145	321	1
157	320	1
203	321	1
356	321	17
355	322	17
143	322	1
204	322	1
368	322	25
368	324	25
71	323	1
72	324	1
142	323	1
162	323	1
302	323	10
303	323	10
299	324	10
300	324	10
74	325	2
75	325	1
169	325	1
170	326	1
282	325	2
283	325	2
297	325	10
298	325	10
274	326	2
275	326	2
276	326	2
294	326	10
293	327	10
140	327	1
237	327	1
238	327	1
232	328	1
231	329	1
233	328	1
234	328	1
230	329	1
229	330	1
264	329	1
293	329	10
293	330	10
294	331	10
295	332	10
346	331	23
347	331	23
265	332	3
264	333	3
263	334	2
345	332	23
197	333	1
215	333	1
216	333	1
218	335	1
218	336	1
214	334	1
218	337	1
218	338	1
259	334	1
259	335	1
259	336	1
261	336	1
260	337	1
298	334	10
213	335	1
218	339	1
262	335	2
388	336	29
392	337	30
140	338	1
140	339	1
141	340	1
210	338	1
304	338	11
139	339	1
256	339	2
257	339	2
194	340	1
195	340	1
184	341	1
183	342	1
185	342	1
182	342	1
181	343	1
225	344	1
177	345	1
176	346	1
220	345	1
221	346	1
221	348	1
220	349	1
220	350	1
224	345	1
223	346	1
212	347	1
210	348	1
211	348	1
222	347	1
344	347	19
345	347	19
343	348	19
350	347	22
350	349	21
213	348	1
214	348	1
215	349	1
346	348	20
209	349	1
218	349	1
219	349	1
208	350	1
207	351	1
351	350	22
144	351	1
143	352	1
352	351	23
142	352	1
141	353	1
353	352	25
173	353	1
171	354	1
172	354	1
205	353	1
204	354	1
223	353	1
224	354	1
225	355	1
106	355	6
107	355	5
202	355	1
201	356	1
184	357	1
185	357	1
194	359	1
195	359	1
228	359	1
228	360	1
229	360	1
227	361	1
226	362	1
198	362	1
234	364	4
198	365	2
300	368	18
301	369	17
194	369	1
195	369	1
193	370	1
198	369	1
199	370	1
263	369	1
264	369	1
258	370	1
257	371	1
302	370	17
188	371	1
189	371	1
253	372	1
252	373	1
280	373	3
251	374	1
206	375	1
207	375	1
208	375	1
302	375	12
302	376	12
301	377	12
116	376	6
117	377	6
118	378	6
237	376	1
238	376	1
222	377	1
221	378	1
298	378	12
299	378	12
295	379	12
296	379	12
382	379	31
382	380	31
381	381	30
145	385	5
146	385	5
379	385	27
380	387	26
212	386	1
211	387	1
212	387	1
376	387	23
377	387	23
190	388	2
204	388	1
205	388	1
206	388	1
207	388	1
213	388	1
214	388	1
372	388	23
373	388	23
381	388	27
382	389	27
236	392	2
235	393	2

