258	1	0
257	2	0
256	3	0
256	4	0
254	5	0
255	5	0
252	6	0
253	6	0
251	7	0
250	8	0
250	9	0
250	10	0
250	11	0
249	12	0
248	13	0
248	14	0
246	15	0
247	15	0
245	16	0
244	17	0
242	18	0
243	18	0
240	19	0
241	19	0
238	20	0
239	20	0
237	21	0
236	22	0
235	23	0
234	24	0
234	25	0
234	26	0
234	27	0
234	28	0
233	29	0
234	30	1
235	30	1
236	30	1
237	30	1
238	30	1
239	30	1
240	30	1
241	30	1
242	30	1
243	30	1
244	30	1
245	30	1
246	30	1
247	30	1
248	30	1
249	30	1
250	30	1
251	30	1
252	30	1
253	30	1
254	30	1
255	30	1
256	30	1
257	30	1
258	30	1
259	30	1
260	30	1
261	30	1
262	30	1
233	29	1
232	30	0
231	31	0
230	32	0
228	33	0
229	33	0
226	34	0
227	34	0
224	35	0
225	35	0
222	36	0
223	36	0
221	37	0
220	38	0
219	39	0
218	40	0
218	41	0
218	42	0
218	43	0
233	29	0
218	44	0
220	45	2
221	45	2
222	45	2
223	45	2
224	45	2
225	45	2
226	45	2
227	45	2
228	45	2
229	45	2
230	45	2
231	45	2
232	45	2
233	45	2
234	45	2
235	45	2
236	45	2
237	45	2
238	45	2
239	45	2
240	45	2
241	45	2
242	45	2
243	45	2
244	45	2
245	45	2
246	45	2
247	45	2
248	45	2
249	45	2
250	45	2
251	45	2
252	45	2
253	45	2
254	45	2
255	45	2
256	45	2
257	46	2
258	47	2
259	48	2
260	49	2
219	45	2
216	46	0
217	46	0
214	47	0
215	47	0
212	48	0
213	48	0
210	49	0
211	49	0
208	50	0
209	50	0
206	51	0
207	51	0
205	52	0
204	53	0
204	54	0
203	55	0
202	56	0
202	57	0
202	58	0
202	59	0
218	45	0
202	60	0
260	59	1
259	60	1
204	61	1
205	61	1
206	61	1
207	61	1
208	61	1
209	61	1
210	61	1
211	61	1
212	61	1
213	61	1
214	61	1
215	61	1
216	61	1
217	61	1
218	61	1
219	61	1
220	61	1
221	61	1
222	61	1
223	61	1
224	61	1
225	61	1
226	61	1
227	61	1
228	61	1
229	61	1
230	61	1
231	61	1
232	61	1
233	61	1
234	61	1
235	61	1
236	61	1
237	61	1
238	61	1
239	61	1
240	61	1
241	61	1
242	61	1
243	61	1
244	61	1
245	61	1
246	61	1
247	61	1
248	61	1
249	61	1
250	61	1
251	61	1
252	61	1
253	61	1
254	61	1
255	61	1
256	61	1
257	61	1
258	61	1
203	61	1
200	62	0
201	62	0
198	63	0
199	63	0
196	64	0
197	64	0
194	65	0
195	65	0
192	66	0
193	66	0
190	67	0
191	67	0
189	68	0
188	69	0
188	70	0
188	71	0
187	72	0
186	73	0
186	74	0
202	61	0
186	75	0
260	75	0
259	76	0
188	76	2
189	76	2
190	76	2
191	76	2
192	76	2
193	76	2
194	76	2
195	76	2
196	76	2
197	76	2
198	76	2
199	76	2
200	76	2
201	76	2
202	76	2
203	76	2
204	76	2
205	76	2
206	76	2
207	76	2
208	76	2
209	76	2
210	76	2
211	76	2
212	76	2
213	76	2
214	76	2
215	76	2
216	76	2
217	76	2
218	76	2
219	76	2
220	76	2
221	76	2
222	76	2
223	76	2
224	76	2
225	76	2
226	76	2
227	76	2
228	76	2
229	76	2
230	76	2
231	76	2
232	76	2
233	76	2
234	76	2
235	76	2
236	76	2
237	76	2
238	76	2
239	76	2
240	76	2
241	76	2
242	76	2
243	76	2
244	76	2
245	76	2
246	76	2
247	76	2
248	76	2
249	76	2
250	76	2
251	76	2
252	76	2
253	76	2
254	76	2
255	76	2
256	76	2
257	76	2
258	76	2
187	76	2
259	76	2
260	77	0
259	76	0
184	77	0
185	77	0
182	78	0
183	78	0
180	79	0
181	79	0
178	80	0
179	80	0
177	81	0
176	82	0
174	83	0
175	83	0
173	84	0
172	85	0
172	86	0
172	87	0
172	88	0
172	89	0
186	76	0
172	90	0
174	91	1
175	91	1
176	91	1
177	91	1
178	91	1
179	91	1
180	91	1
181	91	1
182	91	1
183	91	1
184	91	1
185	91	1
186	91	1
187	91	1
188	91	1
189	91	1
190	91	1
191	91	1
192	91	1
193	91	1
194	91	1
195	91	1
196	91	1
197	91	1
198	91	1
199	91	1
200	91	1
201	91	1
202	91	1
203	91	1
204	91	1
205	91	1
206	91	1
207	91	1
208	91	1
209	91	1
210	91	1
211	91	1
212	91	1
213	91	1
214	91	1
215	91	1
216	91	1
217	91	1
218	91	1
219	91	1
220	91	1
221	91	1
222	91	1
223	91	1
224	91	1
225	91	1
226	91	1
227	91	1
228	91	1
229	91	1
230	91	1
231	91	1
232	91	1
233	91	1
234	91	1
235	91	1
236	91	1
237	91	1
238	91	1
239	91	1
240	91	1
241	91	1
242	91	1
243	91	1
244	91	1
245	91	1
246	91	1
247	91	1
248	91	1
249	91	1
250	91	1
251	91	1
252	91	1
253	91	1
254	91	1
255	91	1
256	91	1
257	91	1
258	91	1
259	91	1
260	91	1
261	92	1
262	93	1
173	91	1
170	92	0
171	92	0
168	93	0
169	93	0
166	94	0
167	94	0
164	95	0
165	95	0
162	96	0
163	96	0
161	97	0
160	98	0
159	99	0
158	100	0
157	101	0
156	102	0
156	103	0
156	104	0
156	105	0
172	91	0
156	106	0
260	103	0
259	104	0
258	105	0
257	106	0
158	107	0
159	107	0
160	107	0
161	107	0
162	107	0
163	107	0
164	107	0
165	107	0
166	107	0
167	107	0
168	107	0
169	107	0
170	107	0
171	107	0
172	107	0
173	107	0
174	107	0
175	107	0
176	107	0
177	107	0
178	107	0
179	107	0
180	107	0
181	107	0
182	107	0
183	107	0
184	107	0
185	107	0
186	107	0
187	107	0
188	107	0
189	107	0
190	107	0
191	107	0
192	107	0
193	107	0
194	107	0
195	107	0
196	107	0
197	107	0
198	107	0
199	107	0
200	107	0
201	107	0
202	107	0
203	107	0
204	107	0
205	107	0
206	107	0
207	107	0
208	107	0
209	107	0
210	107	0
211	107	0
212	107	0
213	107	0
214	107	0
215	107	0
216	107	0
217	107	0
218	107	0
219	107	0
220	107	0
221	107	0
222	107	0
223	107	0
224	107	0
225	107	0
226	107	0
227	107	0
228	107	0
229	107	0
230	107	0
231	107	0
232	107	0
233	107	0
234	107	0
235	107	0
236	107	0
237	107	0
238	107	0
239	107	0
240	107	0
241	107	0
242	107	0
243	107	0
244	107	0
245	107	0
246	107	0
247	107	0
248	107	0
249	107	0
250	107	0
251	107	0
252	107	0
253	107	0
254	107	0
255	107	0
256	107	0
157	107	0
154	108	0
155	108	0
152	109	0
153	109	0
150	110	0
151	110	0
148	111	0
149	111	0
146	112	0
147	112	0
145	113	0
144	114	0
143	115	0
142	116	0
142	117	0
142	118	0
142	119	0
142	120	0
156	107	0
141	121	0
142	122	1
143	122	1
144	122	1
145	122	1
146	122	1
147	122	1
148	122	1
149	122	1
150	122	1
151	122	1
152	122	1
153	122	1
154	122	1
155	122	1
156	122	1
157	122	1
158	122	1
159	122	1
160	122	1
161	122	1
162	122	1
163	122	1
164	122	1
165	122	1
166	122	1
167	122	1
168	122	1
169	122	1
170	122	1
171	122	1
172	122	1
173	122	1
174	122	1
175	122	1
176	122	1
177	122	1
178	122	1
179	122	1
180	122	1
181	122	1
182	122	1
183	122	1
184	122	1
185	122	1
186	122	1
187	122	1
188	122	1
189	122	1
190	122	1
191	122	1
192	122	1
193	122	1
194	122	1
195	122	1
196	122	1
197	122	1
198	122	1
199	122	1
200	122	1
201	122	1
202	122	1
203	122	1
204	122	1
205	122	1
206	122	1
207	122	1
208	122	1
209	122	1
210	122	1
211	122	1
212	122	1
213	122	1
214	122	1
215	122	1
216	122	1
217	122	1
218	122	1
219	122	1
220	122	1
221	122	1
222	122	1
223	122	1
224	122	1
225	122	1
226	122	1
227	122	1
228	122	1
229	122	1
230	122	1
231	122	1
232	122	1
233	122	1
234	122	1
235	122	1
236	122	1
237	122	1
238	122	1
239	122	1
240	122	1
241	122	1
242	122	1
243	122	1
244	122	1
245	122	1
246	122	1
247	122	1
248	122	1
249	122	1
250	122	1
251	122	1
252	122	1
253	122	1
254	122	1
255	122	1
256	122	1
257	122	1
258	123	1
259	124	1
260	125	1
141	121	1
2	2	0
3	3	0
4	4	0
5	5	0
6	6	0
7	7	0
8	8	0
9	9	0
10	10	0
11	11	0
12	12	0
13	13	0
14	14	0
15	15	0
16	16	0
17	17	0
18	18	0
19	19	0
20	20	0
21	21	0
22	22	0
23	23	0
24	24	0
25	25	0
26	26	0
27	27	0
28	28	0
29	29	0
30	30	0
31	31	0
32	32	0
33	33	0
34	34	0
35	35	0
36	36	0
37	37	0
38	38	0
39	39	0
40	40	0
41	41	0
42	42	0
43	43	0
44	44	0
45	45	0
46	46	0
47	47	0
48	48	0
49	49	0
50	50	0
51	51	0
52	52	0
53	53	0
54	54	0
55	55	0
56	56	0
57	57	0
58	58	0
59	59	0
60	60	0
61	61	0
62	62	0
63	63	0
64	64	0
65	65	0
66	66	0
67	67	0
68	68	0
69	69	0
70	70	0
71	71	0
72	72	0
73	73	0
74	74	0
75	75	0
76	76	0
77	77	0
78	78	0
79	79	0
80	80	0
81	81	0
82	82	0
83	83	0
84	84	0
85	85	0
86	86	0
87	87	0
88	88	0
89	89	0
90	90	0
91	91	0
92	92	0
93	93	0
94	94	0
95	95	0
96	96	0
97	97	0
98	98	0
99	99	0
100	100	0
101	101	0
102	102	0
103	103	0
104	104	0
105	105	0
106	106	0
107	107	0
108	108	0
109	109	0
110	110	0
111	111	0
112	112	0
113	113	0
114	114	0
115	115	0
116	116	0
117	117	0
118	118	0
119	119	0
120	120	0
121	121	0
122	122	0
123	123	0
124	124	0
125	125	0
126	126	0
127	127	0
128	128	0
129	129	0
140	122	0
138	123	0
139	123	0
136	124	0
137	124	0
134	125	0
135	125	0
133	126	0
132	127	0
131	128	0
141	121	0
130	129	0
130	131	0
129	132	0
130	133	0
130	134	0
131	135	0
130	136	0
131	137	0
130	138	0
131	139	0
130	140	0
130	141	0
129	142	0
130	143	0
129	144	0
130	145	0
129	146	0
130	147	0
130	148	0
130	149	0
130	150	0
131	151	0
130	152	0
131	153	0
130	154	0
130	155	0
130	156	0
130	157	0
130	158	0
130	159	0
130	160	0
130	161	0
130	162	0
130	163	0
130	164	0
130	165	0
130	166	0
130	167	0
130	168	0
130	169	0
130	170	0
130	171	0
130	172	0
131	173	0
130	174	0
131	175	0
130	176	0
131	177	0
130	178	0
130	179	0
130	180	0
130	181	0
129	182	0
130	183	0
129	184	0
130	185	0
130	186	0
131	187	0
130	188	0
131	189	0
130	190	0
131	191	0
130	192	0
131	193	0
130	194	0
130	195	0
129	196	0
130	197	0
129	198	0
130	199	0
129	200	0
130	201	0
130	202	0
131	203	0
131	204	0
131	205	0
131	206	0
131	207	0
130	208	0
130	209	0
129	210	0
130	211	0
129	212	0
129	213	0
129	214	0
130	215	0
129	216	0
130	217	0
130	218	0
131	219	0
129	130	0
132	220	0
260	217	1
259	218	1
258	219	1
133	220	1
134	220	1
135	220	1
136	220	1
137	220	1
138	220	1
139	220	1
140	220	1
141	220	1
142	220	1
143	220	1
144	220	1
145	220	1
146	220	1
147	220	1
148	220	1
149	220	1
150	220	1
151	220	1
152	220	1
153	220	1
154	220	1
155	220	1
156	220	1
157	220	1
158	220	1
159	220	1
160	220	1
161	220	1
162	220	1
163	220	1
164	220	1
165	220	1
166	220	1
167	220	1
168	220	1
169	220	1
170	220	1
171	220	1
172	220	1
173	220	1
174	220	1
175	220	1
176	220	1
177	220	1
178	220	1
179	220	1
180	220	1
181	220	1
182	220	1
183	220	1
184	220	1
185	220	1
186	220	1
187	220	1
188	220	1
189	220	1
190	220	1
191	220	1
192	220	1
193	220	1
194	220	1
195	220	1
196	220	1
197	220	1
198	220	1
199	220	1
200	220	1
201	220	1
202	220	1
203	220	1
204	220	1
205	220	1
206	220	1
207	220	1
208	220	1
209	220	1
210	220	1
211	220	1
212	220	1
213	220	1
214	220	1
215	220	1
216	220	1
217	220	1
218	220	1
219	220	1
220	220	1
221	220	1
222	220	1
223	220	1
224	220	1
225	220	1
226	220	1
227	220	1
228	220	1
229	220	1
230	220	1
231	220	1
232	220	1
233	220	1
234	220	1
235	220	1
236	220	1
237	220	1
238	220	1
239	220	1
240	220	1
241	220	1
242	220	1
243	220	1
244	220	1
245	220	1
246	220	1
247	220	1
248	220	1
249	220	1
250	220	1
251	220	1
252	220	1
253	220	1
254	220	1
255	220	1
256	220	1
257	220	1
132	220	1
131	221	0
131	222	0
131	223	0
130	224	0
130	225	0
129	226	0
129	227	0
129	228	0
129	229	0
129	230	0
130	231	0
130	232	0
131	233	0
131	234	0
131	235	0
131	236	0
131	237	0
130	238	0
130	239	0
129	240	0
130	241	0
129	242	0
129	243	0
129	244	0
130	245	0
129	246	0
130	247	0
130	248	0
131	249	0
131	250	0
131	251	0
131	252	0
131	253	0
130	254	0
130	255	0
129	256	0
130	257	0
129	258	0
129	259	0
129	260	0
130	261	0
130	262	0
131	263	0
132	220	0
130	264	0
129	266	0
128	267	0
127	268	0
126	269	0
125	270	0
124	271	0
123	272	0
122	273	0
121	274	0
120	275	0
119	276	0
118	277	0
117	278	0
116	279	0
115	280	0
114	281	0
113	282	0
112	283	0
111	284	0
110	285	0
109	286	0
108	287	0
107	288	0
106	289	0
105	290	0
104	291	0
103	292	0
102	293	0
101	294	0
100	295	0
99	296	0
98	297	0
97	298	0
96	299	0
95	300	0
94	301	0
93	302	0
92	303	0
91	304	0
90	305	0
89	306	0
88	307	0
87	308	0
86	309	0
85	310	0
84	311	0
83	312	0
82	313	0
81	314	0
80	315	0
79	316	0
78	317	0
77	318	0
76	319	0
75	320	0
74	321	0
73	322	0
72	323	0
71	324	0
70	325	0
69	326	0
68	327	0
67	328	0
66	329	0
65	330	0
64	331	0
63	332	0
62	333	0
61	334	0
60	335	0
59	336	0
58	337	0
57	338	0
56	339	0
55	340	0
54	341	0
53	342	0
52	343	0
51	344	0
50	345	0
49	346	0
48	347	0
47	348	0
46	349	0
45	350	0
44	351	0
43	352	0
42	353	0
41	354	0
40	355	0
39	356	0
38	357	0
37	358	0
36	359	0
35	360	0
34	361	0
33	362	0
32	363	0
31	364	0
30	365	0
29	366	0
28	367	0
27	368	0
26	369	0
25	370	0
24	371	0
23	372	0
22	373	0
21	374	0
20	375	0
19	376	0
18	377	0
17	378	0
16	379	0
15	380	0
14	381	0
13	382	0
12	383	0
11	384	0
10	385	0
9	386	0
8	387	0
7	388	0
6	389	0
5	390	0
4	391	0
3	392	0
2	393	0
1	394	0
130	265	0
132	265	0
133	266	0
133	267	0
133	268	0
134	269	0
135	270	0
135	271	0
135	272	0
136	273	0
137	274	0
138	274	0
139	275	0
140	275	0
141	276	0
142	276	0
143	277	0
144	278	0
145	279	0
146	279	0
147	280	0
147	281	0
148	282	0
149	283	0
149	284	0
149	285	0
150	286	0
151	287	0
152	288	0
153	289	0
154	290	0
155	291	0
156	291	0
157	292	0
158	292	0
159	293	0
160	294	0
161	295	0
162	296	0
163	297	0
163	298	0
163	299	0
164	300	0
165	301	0
166	302	0
167	303	0
168	304	0
169	305	0
170	305	0
171	306	0
172	306	0
173	307	0
174	308	0
175	309	0
176	310	0
177	311	0
177	312	0
177	313	0
178	314	0
179	315	0
180	316	0
181	317	0
182	318	0
183	319	0
184	319	0
185	320	0
186	320	0
187	321	0
188	322	0
189	323	0
190	324	0
191	325	0
191	326	0
192	327	0
193	328	0
193	329	0
194	330	0
195	331	0
196	332	0
197	333	0
198	333	0
199	334	0
200	335	0
201	336	0
202	336	0
203	337	0
204	338	0
205	339	0
205	340	0
206	341	0
207	342	0
207	343	0
208	344	0
209	345	0
210	346	0
211	347	0
212	347	0
213	348	0
214	348	0
215	349	0
216	350	0
217	351	0
218	352	0
219	353	0
220	354	0
221	355	0
221	356	0
221	357	0
222	358	0
223	359	0
224	360	0
225	361	0
226	362	0
227	363	0
228	363	0
229	364	0
230	364	0
231	365	0
232	366	0
233	367	0
234	368	0
235	369	0
235	370	0
235	371	0
236	372	0
237	373	0
238	374	0
239	375	0
240	376	0
241	377	0
242	377	0
243	378	0
244	378	0
245	379	0
246	380	0
247	381	0
248	382	0
249	383	0
250	384	0
251	385	0
251	386	0
251	387	0
252	388	0
253	389	0
254	390	0
255	391	0
256	391	0
257	392	0
258	393	0
259	394	0
260	394	0
131	265	0
