1	1	38
2	2	15
3	3	8
2	3	5
6	6	5
9	9	4
9	10	4
10	10	4
6	7	3
2	3	3
3	4	3
5	9	2
5	6	2
10	11	2
1	1	2
9	9	2
5	5	2
2	4	2
3	5	2
7	10	2
5	6	2
7	7	2
2	2	2
3	4	2
3	3	2
6	6	2
8	10	2
8	9	2
1	2	2
1000	7	1
2	4	1
7	8	1
1	1	1
2	5	1
7	8	1
6	7	1
1	1	1
6	6	1
2	2	1
1	1	1
10	12	1
8	9	1
3	4	1
8	10	1
2	3	1
1	1	1
6	7	1
1000	9	1
1000	10	1
1	1	1
3	5	1
1000	8	1
2	3	1
1	1	1
2	3	1
1	2	1
5	7	1
9	9	1
5	7	1
1	1	1
10	10	1
9	9	1
8	8	1
3	5	1
2	2	1
8	9	1
1	1	1
3	6	1
3	3	1
5	9	1
1	2	1
5	8	1
1	2	1
3	4	1
3	3	1
1	3	1
4	6	1
1	3	1
4	6	1
3	5	1
1	2	1
3	3	1
6	8	1
3	3	1
1	2	1
6	7	1
3	3	1
1000	6	1
7	7	1
1	1	1
4	5	1
2	2	1
4	5	1
2	2	1
5	7	1
10	10	1
1	2	1
3	4	1
10	10	1
1	2	1
2	3	1
5	5	1
7	8	1
7	9	1
6	8	1
2	4	1
6	8	1
1	2	1
1000	5	1
2	3	1
5	8	1
1	2	1
7	8	1
3	3	1
7	8	1
1	2	1
3	5	1
1	2	1
8	8	1
1	1	1
1	3	1
6	6	1
1	1	1
4	5	1
4	4	1
7	7	1
4	7	1
1	1	1
9	9	1
4	7	1
1	1	1
3	5	1
2	2	1
1	1	1
7	8	1
2	2	1
1	2	1
2	6	1
1	1	1
2	5	1
1	1	1
