270	1	0
269	2	0
250	1	-1
251	2	-1
252	2	-1
253	3	-1
256	1	-2
255	2	-2
254	3	-2
266	1	0
267	2	0
268	2	0
272	1	-990
273	2	-990
278	1	-990
278	2	-990
300	1	0
302	1	0
299	2	0
301	2	0
298	3	0
297	4	0
269	4	1
269	3	1
236	1	0
235	2	0
234	3	0
233	4	0
232	5	0
232	6	0
255	5	-1
255	6	-1
254	4	-1
320	6	0
320	7	0
320	8	0
296	5	0
295	6	0
296	7	0
295	8	0
297	4	0
295	9	0
311	8	1
312	9	1
284	9	0
285	10	0
298	5	0
300	5	0
299	6	0
301	6	0
302	7	0
303	7	0
304	8	0
305	9	0
297	4	0
306	10	0
316	8	0
318	8	0
313	9	0
315	9	0
317	9	0
319	9	0
314	10	0
320	8	0
312	9	0
321	9	0
322	9	0
323	10	0
320	8	0
269	10	0
267	11	0
268	11	0
270	11	0
266	12	0
307	11	0
306	10	0
308	12	0
311	10	0
309	11	0
310	11	0
312	9	0
308	12	0
234	7	0
235	7	0
236	7	0
238	7	0
240	7	0
237	8	0
239	8	0
241	8	0
242	9	0
243	10	0
244	11	0
245	12	0
233	7	0
245	13	0
282	11	-1
277	12	-1
279	12	-1
280	12	-1
281	12	-1
283	12	-1
267	13	-1
274	13	-1
276	13	-1
278	13	-1
268	14	-1
269	14	-1
270	14	-1
271	14	-1
272	14	-1
273	14	-1
275	14	-1
284	11	-1
266	12	-1
296	10	0
297	11	0
298	12	0
299	12	0
295	9	0
300	13	0
230	8	0
231	8	0
228	9	0
229	9	0
226	10	0
227	10	0
225	11	0
224	12	0
224	13	0
232	7	0
224	14	0
254	12	0
256	12	0
258	12	0
260	12	0
262	12	0
263	12	0
265	12	0
248	13	0
251	13	0
253	13	0
255	13	0
257	13	0
259	13	0
261	13	0
264	13	0
246	14	0
247	14	0
249	14	0
250	14	0
252	14	0
266	12	0
245	13	0
294	10	0
290	11	0
292	11	0
293	11	0
286	12	0
287	12	0
289	12	0
291	12	0
288	13	0
295	9	0
285	11	0
305	11	1
301	12	1
303	12	1
304	12	1
302	13	1
306	10	1
300	13	1
300	14	-1
300	13	-1
308	13	0
309	14	0
308	12	0
326	13	-987
328	13	-987
329	13	-987
330	13	-987
323	14	-987
325	14	-987
327	14	-987
331	14	-987
324	15	-987
312	14	-988
312	15	-988
316	15	-988
317	15	-988
318	15	-988
244	14	0
226	15	0
227	15	0
228	15	0
229	15	0
230	15	0
231	15	0
232	15	0
233	15	0
234	15	0
240	15	0
242	15	0
243	15	0
235	16	0
236	16	0
237	16	0
238	16	0
239	16	0
241	16	0
245	13	0
225	15	0
296	19	0
295	20	0
295	21	0
295	22	0
295	23	0
302	22	0
303	22	0
301	23	0
300	24	0
297	25	0
296	24	0
298	26	0
299	25	0
300	24	0
298	26	0
272	25	0
258	26	0
259	26	0
260	26	0
261	26	0
262	26	0
264	26	0
266	26	0
268	26	0
269	26	0
270	26	0
271	26	0
273	26	0
256	27	0
257	27	0
263	27	0
265	27	0
267	27	0
255	28	0
274	26	0
254	29	0
280	22	0
282	22	0
277	23	0
278	23	0
279	23	0
281	23	0
283	23	0
276	24	0
284	24	0
275	25	0
285	25	0
287	25	0
286	26	0
288	26	0
289	26	0
290	26	0
274	26	0
291	27	0
294	25	0
292	26	0
293	26	0
295	24	0
291	27	0
301	25	0
302	25	0
304	25	0
306	25	0
303	26	0
305	26	0
307	26	0
300	24	0
222	16	0
223	16	0
220	17	0
221	17	0
218	18	0
219	18	0
216	19	0
217	19	0
214	20	0
215	20	0
213	21	0
212	22	0
211	23	0
210	24	0
210	25	0
210	26	0
210	27	0
210	28	0
224	15	0
210	29	0
275	27	0
276	27	0
277	28	0
274	26	0
278	29	0
280	26	0
280	27	0
279	28	0
278	29	0
250	28	0
245	29	0
246	29	0
247	29	0
248	29	0
249	29	0
251	29	0
252	29	0
212	30	0
213	30	0
214	30	0
215	30	0
216	30	0
217	30	0
218	30	0
219	30	0
220	30	0
221	30	0
222	30	0
223	30	0
224	30	0
225	30	0
226	30	0
227	30	0
228	30	0
229	30	0
230	30	0
231	30	0
232	30	0
233	30	0
234	30	0
235	30	0
236	30	0
238	30	0
240	30	0
242	30	0
244	30	0
237	31	0
239	31	0
241	31	0
243	31	0
253	29	0
211	30	0
279	30	1
278	29	1
291	28	0
291	29	0
291	30	0
291	27	0
298	27	0
299	28	0
300	29	0
301	30	0
298	26	0
255	31	0
256	32	0
254	30	0
276	38	2
275	39	2
274	40	2
275	41	1
276	42	1
274	40	1
208	31	0
209	31	0
206	32	0
207	32	0
204	33	0
205	33	0
202	34	0
203	34	0
200	35	0
201	35	0
198	36	0
199	36	0
196	37	0
197	37	0
195	38	0
194	39	0
194	40	0
194	41	0
194	42	0
194	43	0
210	30	0
194	44	0
273	41	0
272	42	0
271	43	0
270	44	0
274	40	0
269	45	0
256	44	0
196	45	0
197	45	0
198	45	0
199	45	0
200	45	0
201	45	0
202	45	0
203	45	0
204	45	0
205	45	0
206	45	0
207	45	0
208	45	0
209	45	0
210	45	0
211	45	0
212	45	0
213	45	0
214	45	0
215	45	0
216	45	0
217	45	0
218	45	0
219	45	0
220	45	0
221	45	0
222	45	0
223	45	0
224	45	0
225	45	0
226	45	0
227	45	0
228	45	0
229	45	0
230	45	0
231	45	0
232	45	0
233	45	0
234	45	0
235	45	0
237	45	0
239	45	0
240	45	0
242	45	0
244	45	0
246	45	0
255	45	0
257	45	0
258	45	0
259	45	0
260	45	0
236	46	0
238	46	0
241	46	0
243	46	0
245	46	0
247	46	0
248	46	0
249	46	0
250	46	0
251	46	0
252	46	0
253	46	0
254	46	0
261	46	0
262	46	0
264	46	0
265	46	0
266	46	0
267	46	0
268	46	0
263	47	0
195	45	0
269	45	0
291	44	0
290	45	0
289	46	0
289	47	0
291	48	1
292	48	1
290	48	1
293	49	1
294	48	0
293	49	0
288	49	0
289	48	0
287	50	0
270	46	1
271	47	1
272	47	1
273	48	1
274	48	1
276	48	1
278	48	1
279	48	1
281	48	1
275	49	1
277	49	1
280	49	1
282	49	1
283	49	1
286	49	1
284	50	1
285	50	1
269	45	1
287	50	1
293	50	0
294	51	0
294	52	0
293	49	0
313	52	0
314	53	0
315	52	0
316	52	0
314	53	0
287	51	1
288	52	1
289	53	1
290	53	1
291	54	1
287	50	1
325	54	-987
324	55	-987
324	56	-987
313	54	0
312	55	0
311	56	0
311	57	0
314	53	0
311	58	0
192	46	0
193	46	0
190	47	0
191	47	0
188	48	0
189	48	0
186	49	0
187	49	0
184	50	0
185	50	0
182	51	0
183	51	0
181	52	0
180	53	0
179	54	0
178	55	0
178	56	0
178	57	0
178	58	0
194	45	0
178	59	0
249	58	0
251	58	0
258	58	0
260	58	0
243	59	0
245	59	0
246	59	0
247	59	0
248	59	0
250	59	0
252	59	0
254	59	0
255	59	0
256	59	0
257	59	0
259	59	0
261	59	0
262	59	0
263	59	0
265	59	0
267	59	0
306	59	0
308	59	0
309	59	0
310	59	0
180	60	0
181	60	0
182	60	0
183	60	0
184	60	0
185	60	0
186	60	0
187	60	0
188	60	0
189	60	0
190	60	0
191	60	0
192	60	0
193	60	0
194	60	0
195	60	0
196	60	0
197	60	0
198	60	0
199	60	0
200	60	0
201	60	0
202	60	0
203	60	0
204	60	0
205	60	0
206	60	0
207	60	0
208	60	0
209	60	0
210	60	0
211	60	0
212	60	0
213	60	0
214	60	0
215	60	0
216	60	0
217	60	0
218	60	0
219	60	0
220	60	0
221	60	0
222	60	0
223	60	0
224	60	0
225	60	0
226	60	0
227	60	0
228	60	0
229	60	0
230	60	0
231	60	0
232	60	0
233	60	0
235	60	0
236	60	0
238	60	0
240	60	0
241	60	0
242	60	0
244	60	0
253	60	0
264	60	0
266	60	0
268	60	0
269	60	0
270	60	0
271	60	0
272	60	0
295	60	0
297	60	0
298	60	0
299	60	0
300	60	0
305	60	0
307	60	0
234	61	0
237	61	0
239	61	0
273	61	0
274	61	0
275	61	0
276	61	0
277	61	0
278	61	0
279	61	0
280	61	0
281	61	0
282	61	0
284	61	0
286	61	0
288	61	0
290	61	0
292	61	0
293	61	0
294	61	0
296	61	0
301	61	0
302	61	0
303	61	0
304	61	0
283	62	0
285	62	0
287	62	0
289	62	0
291	62	0
311	58	0
179	60	0
320	58	0
320	59	0
320	60	0
320	61	0
325	60	0
325	61	0
334	60	0
334	61	0
312	59	0
313	60	0
315	60	0
314	61	0
316	61	0
317	62	0
318	62	0
319	62	0
311	58	0
320	61	0
321	62	0
320	61	0
322	63	0
324	62	0
325	61	0
323	63	0
332	62	0
333	62	0
334	61	0
331	63	0
335	62	0
334	61	0
326	62	0
327	63	0
329	63	0
328	64	0
325	61	0
330	64	0
339	64	0
340	64	0
332	65	0
336	65	0
337	65	0
338	65	0
333	66	0
334	66	0
335	66	0
331	64	0
322	65	0
323	66	0
322	64	0
250	72	0
249	73	0
248	74	0
176	61	0
177	61	0
174	62	0
175	62	0
172	63	0
173	63	0
170	64	0
171	64	0
168	65	0
169	65	0
167	66	0
166	67	0
165	68	0
164	69	0
163	70	0
162	71	0
162	72	0
162	73	0
162	74	0
178	60	0
162	75	0
234	75	0
235	75	0
237	75	0
239	75	0
241	75	0
242	75	0
244	75	0
245	75	0
246	75	0
247	75	0
164	76	0
165	76	0
166	76	0
167	76	0
168	76	0
169	76	0
170	76	0
171	76	0
172	76	0
173	76	0
174	76	0
175	76	0
176	76	0
177	76	0
178	76	0
179	76	0
180	76	0
181	76	0
182	76	0
183	76	0
184	76	0
185	76	0
186	76	0
187	76	0
188	76	0
189	76	0
190	76	0
191	76	0
192	76	0
193	76	0
194	76	0
195	76	0
196	76	0
197	76	0
198	76	0
199	76	0
200	76	0
201	76	0
202	76	0
203	76	0
204	76	0
205	76	0
206	76	0
207	76	0
208	76	0
209	76	0
210	76	0
211	76	0
212	76	0
213	76	0
214	76	0
215	76	0
216	76	0
217	76	0
218	76	0
219	76	0
220	76	0
221	76	0
222	76	0
223	76	0
224	76	0
225	76	0
226	76	0
227	76	0
228	76	0
229	76	0
230	76	0
231	76	0
232	76	0
233	76	0
236	76	0
238	76	0
240	76	0
243	76	0
248	74	0
163	76	0
296	73	1
295	74	1
295	75	1
294	76	1
293	77	1
249	75	0
250	75	0
261	75	0
263	75	0
265	75	0
267	75	0
269	75	0
271	75	0
273	75	0
275	75	0
276	75	0
277	75	0
278	75	0
279	75	0
280	75	0
281	75	0
282	75	0
283	75	0
284	75	0
285	75	0
251	76	0
252	76	0
253	76	0
255	76	0
257	76	0
258	76	0
259	76	0
260	76	0
262	76	0
264	76	0
266	76	0
268	76	0
270	76	0
272	76	0
274	76	0
286	76	0
287	76	0
288	76	0
290	76	0
254	77	0
256	77	0
289	77	0
291	77	0
292	77	0
248	74	0
293	77	0
304	76	0
304	77	0
304	78	0
309	76	0
308	77	0
307	78	0
306	79	0
305	79	0
304	78	0
306	79	0
275	80	-3
275	81	-3
307	80	0
306	79	0
294	78	0
295	79	0
296	80	0
298	80	0
297	81	0
299	81	0
293	77	0
300	82	0
303	79	0
302	80	0
301	81	0
304	78	0
300	82	0
278	81	-992
278	82	-992
269	80	0
269	81	0
269	82	0
270	83	0
271	84	0
276	83	0
275	82	0
260	81	1
259	82	1
258	83	1
258	84	1
258	85	1
273	83	0
272	84	0
274	82	0
271	84	0
282	84	-991
282	85	-991
300	83	1
301	84	1
302	85	1
300	82	1
271	86	0
272	87	0
270	85	0
257	86	0
256	87	0
251	88	0
252	88	0
253	88	0
254	88	0
255	88	0
250	89	0
248	90	0
249	90	0
247	91	0
258	85	0
246	92	0
268	85	-1
269	85	-1
259	86	-1
264	86	-1
266	86	-1
267	86	-1
260	87	-1
261	87	-1
263	87	-1
265	87	-1
262	88	-1
258	85	-1
270	85	-1
160	77	0
161	77	0
158	78	0
159	78	0
156	79	0
157	79	0
154	80	0
155	80	0
152	81	0
153	81	0
151	82	0
150	83	0
149	84	0
148	85	0
148	86	0
148	87	0
148	88	0
148	89	0
162	76	0
148	90	0
150	91	0
151	91	0
152	91	0
153	91	0
154	91	0
155	91	0
156	91	0
157	91	0
158	91	0
159	91	0
160	91	0
161	91	0
162	91	0
163	91	0
164	91	0
165	91	0
166	91	0
167	91	0
168	91	0
169	91	0
170	91	0
171	91	0
172	91	0
173	91	0
174	91	0
175	91	0
176	91	0
177	91	0
178	91	0
179	91	0
180	91	0
181	91	0
182	91	0
183	91	0
184	91	0
185	91	0
186	91	0
187	91	0
188	91	0
189	91	0
190	91	0
191	91	0
192	91	0
193	91	0
194	91	0
195	91	0
196	91	0
197	91	0
198	91	0
199	91	0
200	91	0
201	91	0
202	91	0
203	91	0
204	91	0
205	91	0
206	91	0
207	91	0
208	91	0
209	91	0
210	91	0
211	91	0
212	91	0
213	91	0
214	91	0
215	91	0
216	91	0
217	91	0
218	91	0
219	91	0
220	91	0
221	91	0
222	91	0
223	91	0
224	91	0
225	91	0
226	91	0
227	91	0
228	91	0
229	91	0
230	91	0
231	91	0
232	91	0
233	91	0
234	91	0
235	91	0
236	91	0
237	91	0
238	91	0
239	91	0
241	91	0
244	91	0
240	92	0
242	92	0
243	92	0
245	92	0
149	91	0
246	92	0
272	95	0
271	96	0
270	97	0
269	98	0
247	93	0
248	94	0
249	95	0
250	95	0
251	96	0
252	96	0
253	96	0
254	96	0
255	96	0
256	96	0
257	96	0
258	96	0
259	96	0
260	96	0
261	96	0
262	97	0
263	97	0
264	97	0
265	98	0
266	98	0
268	98	0
267	99	0
246	92	0
269	98	0
270	99	1
269	98	1
309	100	0
310	100	0
307	101	0
308	101	0
306	102	0
146	92	0
147	92	0
144	93	0
145	93	0
142	94	0
143	94	0
140	95	0
141	95	0
138	96	0
139	96	0
136	97	0
137	97	0
135	98	0
134	99	0
133	100	0
132	101	0
132	102	0
132	103	0
132	104	0
132	105	0
148	91	0
132	106	0
274	105	0
276	105	0
277	105	0
278	105	0
279	105	0
280	105	0
281	105	0
272	106	0
273	106	0
275	106	0
282	106	0
271	107	0
304	104	0
303	105	0
305	103	0
302	106	0
283	105	0
284	105	0
285	105	0
286	106	0
282	106	0
287	107	0
264	106	0
265	106	0
266	106	0
267	106	0
269	106	0
262	107	0
263	107	0
268	107	0
270	107	0
261	108	0
282	107	1
282	106	1
282	108	1
304	107	1
303	107	1
235	106	0
236	106	0
238	106	0
239	106	0
240	106	0
241	106	0
242	106	0
243	106	0
245	106	0
247	106	0
249	106	0
251	106	0
134	107	0
135	107	0
136	107	0
137	107	0
138	107	0
139	107	0
140	107	0
141	107	0
142	107	0
143	107	0
144	107	0
145	107	0
146	107	0
147	107	0
148	107	0
149	107	0
150	107	0
151	107	0
152	107	0
153	107	0
154	107	0
155	107	0
156	107	0
157	107	0
158	107	0
159	107	0
160	107	0
161	107	0
162	107	0
163	107	0
164	107	0
165	107	0
166	107	0
167	107	0
168	107	0
169	107	0
170	107	0
171	107	0
172	107	0
173	107	0
174	107	0
175	107	0
176	107	0
177	107	0
178	107	0
179	107	0
180	107	0
181	107	0
182	107	0
183	107	0
184	107	0
185	107	0
186	107	0
187	107	0
188	107	0
189	107	0
190	107	0
191	107	0
192	107	0
193	107	0
194	107	0
195	107	0
196	107	0
197	107	0
198	107	0
199	107	0
200	107	0
201	107	0
202	107	0
203	107	0
204	107	0
205	107	0
206	107	0
207	107	0
208	107	0
209	107	0
210	107	0
211	107	0
212	107	0
213	107	0
214	107	0
215	107	0
216	107	0
217	107	0
218	107	0
219	107	0
220	107	0
221	107	0
222	107	0
223	107	0
224	107	0
225	107	0
226	107	0
227	107	0
228	107	0
229	107	0
230	107	0
231	107	0
232	107	0
233	107	0
234	107	0
237	107	0
244	107	0
246	107	0
248	107	0
250	107	0
252	107	0
253	107	0
254	107	0
256	107	0
258	107	0
260	107	0
255	108	0
257	108	0
259	108	0
133	107	0
261	108	0
288	107	-3
298	107	-3
300	107	-3
289	108	-3
290	108	-3
291	108	-3
292	108	-3
293	108	-3
294	108	-3
295	108	-3
296	108	-3
297	108	-3
299	108	-3
287	107	-3
301	107	-3
276	109	0
277	109	0
278	109	0
279	109	0
280	109	0
281	109	0
272	110	0
273	110	0
274	110	0
275	110	0
282	108	0
271	109	0
286	108	0
283	109	0
284	109	0
285	109	0
287	107	0
282	108	0
307	104	0
308	105	0
308	106	0
309	107	0
309	108	0
310	109	0
306	103	0
262	109	0
263	109	0
264	110	0
265	110	0
266	110	0
267	110	0
268	110	0
269	110	0
270	110	0
261	108	0
271	109	0
303	109	0
304	110	0
305	111	0
306	111	0
307	112	0
308	112	0
302	108	0
321	112	-986
321	113	-986
2	2	0
3	3	0
4	4	0
5	5	0
6	6	0
7	7	0
8	8	0
9	9	0
10	10	0
11	11	0
12	12	0
13	13	0
14	14	0
15	15	0
16	16	0
17	17	0
18	18	0
19	19	0
20	20	0
21	21	0
22	22	0
23	23	0
24	24	0
25	25	0
26	26	0
27	27	0
28	28	0
29	29	0
30	30	0
31	31	0
32	32	0
33	33	0
34	34	0
35	35	0
36	36	0
37	37	0
38	38	0
39	39	0
40	40	0
41	41	0
42	42	0
43	43	0
44	44	0
45	45	0
46	46	0
47	47	0
48	48	0
49	49	0
50	50	0
51	51	0
52	52	0
53	53	0
54	54	0
55	55	0
56	56	0
57	57	0
58	58	0
59	59	0
60	60	0
61	61	0
62	62	0
63	63	0
64	64	0
65	65	0
66	66	0
67	67	0
68	68	0
69	69	0
70	70	0
71	71	0
72	72	0
73	73	0
74	74	0
75	75	0
76	76	0
77	77	0
78	78	0
79	79	0
80	80	0
81	81	0
82	82	0
83	83	0
84	84	0
85	85	0
86	86	0
87	87	0
88	88	0
89	89	0
90	90	0
91	91	0
92	92	0
93	93	0
94	94	0
95	95	0
96	96	0
97	97	0
98	98	0
99	99	0
100	100	0
101	101	0
102	102	0
103	103	0
104	104	0
105	105	0
106	106	0
107	107	0
108	108	0
109	109	0
110	110	0
111	111	0
112	112	0
113	113	0
114	114	0
115	115	0
116	116	0
117	117	0
130	108	0
131	108	0
128	109	0
129	109	0
126	110	0
127	110	0
124	111	0
125	111	0
122	112	0
123	112	0
121	113	0
120	114	0
119	115	0
118	116	0
132	107	0
117	117	0
288	115	1
289	115	1
287	116	1
286	117	1
287	118	1
286	119	1
286	120	1
263	119	0
256	120	0
257	120	0
258	120	0
259	120	0
260	120	0
261	120	0
262	120	0
264	120	0
255	121	0
265	120	0
254	122	0
118	118	0
119	119	0
119	120	0
120	121	0
117	117	0
121	122	0
236	121	0
237	121	0
238	121	0
239	121	0
240	121	0
241	121	0
242	121	0
243	121	0
244	121	0
245	121	0
246	121	0
247	121	0
248	121	0
249	121	0
251	121	0
252	121	0
122	122	0
123	122	0
124	122	0
125	122	0
126	122	0
127	122	0
128	122	0
129	122	0
130	122	0
131	122	0
132	122	0
133	122	0
134	122	0
135	122	0
136	122	0
137	122	0
138	122	0
139	122	0
140	122	0
141	122	0
142	122	0
143	122	0
144	122	0
145	122	0
146	122	0
147	122	0
148	122	0
149	122	0
150	122	0
151	122	0
152	122	0
153	122	0
154	122	0
155	122	0
156	122	0
157	122	0
158	122	0
159	122	0
160	122	0
161	122	0
162	122	0
163	122	0
164	122	0
165	122	0
166	122	0
167	122	0
168	122	0
169	122	0
170	122	0
171	122	0
172	122	0
173	122	0
174	122	0
175	122	0
176	122	0
177	122	0
178	122	0
179	122	0
180	122	0
181	122	0
182	122	0
183	122	0
184	122	0
185	122	0
186	122	0
187	122	0
188	122	0
189	122	0
190	122	0
191	122	0
192	122	0
193	122	0
194	122	0
195	122	0
196	122	0
197	122	0
198	122	0
199	122	0
200	122	0
201	122	0
202	122	0
203	122	0
204	122	0
205	122	0
206	122	0
207	122	0
208	122	0
209	122	0
210	122	0
211	122	0
212	122	0
213	122	0
214	122	0
215	122	0
216	122	0
217	122	0
218	122	0
219	122	0
220	122	0
221	122	0
222	122	0
223	122	0
224	122	0
225	122	0
226	122	0
227	122	0
228	122	0
229	122	0
230	122	0
231	122	0
232	122	0
233	122	0
234	122	0
235	122	0
250	122	0
121	122	0
253	122	0
267	122	2
266	121	2
267	119	0
268	119	0
269	119	0
271	119	0
273	119	0
274	119	0
275	119	0
276	119	0
278	119	0
270	120	0
272	120	0
277	120	0
279	120	0
280	120	0
281	121	0
282	121	0
283	121	0
284	122	0
266	120	0
285	121	0
297	121	0
298	121	0
299	121	0
300	121	0
302	121	0
304	121	0
301	122	0
303	122	0
305	122	0
296	122	0
287	122	1
288	122	1
289	122	1
290	122	1
291	123	1
292	123	1
293	123	1
294	124	1
286	121	1
295	123	1
265	122	1
264	123	1
263	124	1
262	125	1
262	126	1
266	121	1
261	127	1
297	124	0
297	125	0
298	126	0
299	126	0
300	126	0
296	123	0
254	124	0
255	125	0
256	125	0
257	126	0
258	127	0
259	128	0
260	128	0
254	123	0
261	127	0
262	128	0
263	129	0
261	127	0
120	123	0
119	124	0
119	125	0
118	126	0
118	127	0
117	128	0
118	129	0
117	130	0
118	131	0
118	132	0
119	133	0
119	134	0
120	135	0
121	122	0
121	136	0
305	136	0
305	137	0
304	138	0
263	137	0
264	137	0
265	137	0
261	138	0
262	138	0
266	138	0
267	138	0
260	139	0
272	135	-1
274	135	-1
270	136	-1
271	136	-1
273	136	-1
275	136	-1
276	136	-1
277	136	-1
278	136	-1
268	137	-1
269	137	-1
279	137	-1
280	138	-1
267	138	-1
281	139	-1
302	137	0
300	138	0
301	138	0
303	138	0
299	139	0
282	138	-1
283	138	-1
284	138	-1
286	138	-1
285	139	-1
287	139	-1
281	139	-1
288	140	-1
236	135	0
122	136	0
123	136	0
124	136	0
125	136	0
126	136	0
127	136	0
128	136	0
129	136	0
130	136	0
131	136	0
132	136	0
133	136	0
134	136	0
135	136	0
136	136	0
137	136	0
138	136	0
139	136	0
140	136	0
141	136	0
142	136	0
143	136	0
144	136	0
145	136	0
146	136	0
147	136	0
148	136	0
149	136	0
150	136	0
151	136	0
152	136	0
153	136	0
154	136	0
155	136	0
156	136	0
157	136	0
158	136	0
159	136	0
160	136	0
161	136	0
162	136	0
163	136	0
164	136	0
165	136	0
166	136	0
167	136	0
168	136	0
169	136	0
170	136	0
171	136	0
172	136	0
173	136	0
174	136	0
175	136	0
176	136	0
177	136	0
178	136	0
179	136	0
180	136	0
181	136	0
182	136	0
183	136	0
184	136	0
185	136	0
186	136	0
187	136	0
188	136	0
189	136	0
190	136	0
191	136	0
192	136	0
193	136	0
194	136	0
195	136	0
196	136	0
197	136	0
198	136	0
199	136	0
200	136	0
201	136	0
202	136	0
203	136	0
204	136	0
205	136	0
206	136	0
207	136	0
208	136	0
209	136	0
210	136	0
211	136	0
212	136	0
213	136	0
214	136	0
215	136	0
216	136	0
217	136	0
218	136	0
219	136	0
220	136	0
221	136	0
222	136	0
223	136	0
224	136	0
225	136	0
226	136	0
227	136	0
228	136	0
229	136	0
230	136	0
231	136	0
232	136	0
233	136	0
234	136	0
235	136	0
237	136	0
238	136	0
239	136	0
240	136	0
241	136	0
242	136	0
243	136	0
244	136	0
246	136	0
245	137	0
247	137	0
248	137	0
250	137	0
249	138	0
251	138	0
253	138	0
255	138	0
252	139	0
254	139	0
256	139	0
258	139	0
257	140	0
259	140	0
121	136	0
260	139	0
269	139	1
270	140	1
271	140	1
268	139	1
281	140	0
281	139	0
289	139	0
290	139	0
291	139	0
292	139	0
293	139	0
294	139	0
295	139	0
296	140	0
297	140	0
288	140	0
298	140	0
308	139	0
309	139	0
305	140	0
306	140	0
307	140	0
304	139	0
261	140	0
266	140	0
267	140	0
262	141	0
263	141	0
265	141	0
264	142	0
260	139	0
268	139	0
274	140	-992
274	141	-992
275	142	-992
288	141	2
289	142	2
288	140	2
300	141	1
300	142	1
301	143	1
302	143	1
303	144	1
299	140	1
120	137	0
119	138	0
119	139	0
118	140	0
118	141	0
118	142	0
118	143	0
118	144	0
119	145	0
119	146	0
120	147	0
120	148	0
121	149	0
121	136	0
122	150	0
123	150	0
124	150	0
125	150	0
126	150	0
127	150	0
128	150	0
129	150	0
130	150	0
131	150	0
132	150	0
133	150	0
134	150	0
135	150	0
136	150	0
137	150	0
138	150	0
139	150	0
140	150	0
141	150	0
142	150	0
143	150	0
144	150	0
145	150	0
146	150	0
147	150	0
148	150	0
149	150	0
150	150	0
151	150	0
152	150	0
153	150	0
154	150	0
155	150	0
156	150	0
157	150	0
158	150	0
159	150	0
160	150	0
161	150	0
162	150	0
163	150	0
164	150	0
165	150	0
166	150	0
167	150	0
168	150	0
169	150	0
170	150	0
171	150	0
172	150	0
173	150	0
174	150	0
175	150	0
176	150	0
177	150	0
178	150	0
179	150	0
180	150	0
181	150	0
182	150	0
183	150	0
184	150	0
185	150	0
186	150	0
187	150	0
188	150	0
189	150	0
190	150	0
191	150	0
192	150	0
193	150	0
194	150	0
195	150	0
196	150	0
197	150	0
198	150	0
199	150	0
200	150	0
201	150	0
202	150	0
203	150	0
204	150	0
205	150	0
206	150	0
207	150	0
208	150	0
209	150	0
210	150	0
211	150	0
212	150	0
213	150	0
214	150	0
215	150	0
216	150	0
217	150	0
218	150	0
219	150	0
220	150	0
221	150	0
222	150	0
223	150	0
224	150	0
225	150	0
226	150	0
227	150	0
228	150	0
229	150	0
230	150	0
231	150	0
232	150	0
233	150	0
234	150	0
235	150	0
236	150	0
237	150	0
238	150	0
239	150	0
240	150	0
241	150	0
242	150	0
243	150	0
245	150	0
247	150	0
249	150	0
244	151	0
246	151	0
248	151	0
250	151	0
251	151	0
252	151	0
253	152	0
122	150	0
254	153	0
274	152	0
272	153	0
273	153	0
275	153	0
276	153	0
277	153	0
271	154	0
270	155	0
257	151	0
259	151	0
255	152	0
256	152	0
258	152	0
260	152	0
262	152	0
261	153	0
263	153	0
264	153	0
266	153	0
265	154	0
267	154	0
268	154	0
269	154	0
254	153	0
270	155	0
254	154	0
255	155	0
255	156	0
256	157	0
254	153	0
270	156	0
271	157	0
271	158	0
272	159	0
274	159	0
273	160	0
270	155	0
121	151	0
120	152	0
120	153	0
119	154	0
119	155	0
118	156	0
119	157	0
119	158	0
120	159	0
120	160	0
121	161	0
121	162	0
122	150	0
122	163	0
249	162	0
123	163	0
124	163	0
125	163	0
126	163	0
127	163	0
128	163	0
129	163	0
130	163	0
131	163	0
132	163	0
133	163	0
134	163	0
135	163	0
136	163	0
137	163	0
138	163	0
139	163	0
140	163	0
141	163	0
142	163	0
143	163	0
144	163	0
145	163	0
146	163	0
147	163	0
148	163	0
149	163	0
150	163	0
151	163	0
152	163	0
153	163	0
154	163	0
155	163	0
156	163	0
157	163	0
158	163	0
159	163	0
160	163	0
161	163	0
162	163	0
163	163	0
164	163	0
165	163	0
166	163	0
167	163	0
168	163	0
169	163	0
170	163	0
171	163	0
172	163	0
173	163	0
174	163	0
175	163	0
176	163	0
177	163	0
178	163	0
179	163	0
180	163	0
181	163	0
182	163	0
183	163	0
184	163	0
185	163	0
186	163	0
187	163	0
188	163	0
189	163	0
190	163	0
191	163	0
192	163	0
193	163	0
194	163	0
195	163	0
196	163	0
197	163	0
198	163	0
199	163	0
200	163	0
201	163	0
202	163	0
203	163	0
204	163	0
205	163	0
206	163	0
207	163	0
208	163	0
209	163	0
210	163	0
211	163	0
212	163	0
213	163	0
214	163	0
215	163	0
216	163	0
217	163	0
218	163	0
219	163	0
220	163	0
221	163	0
222	163	0
223	163	0
224	163	0
225	163	0
226	163	0
227	163	0
228	163	0
229	163	0
230	163	0
231	163	0
232	163	0
233	163	0
234	163	0
235	163	0
236	163	0
237	163	0
238	163	0
239	163	0
240	163	0
241	163	0
242	163	0
243	163	0
244	163	0
245	163	0
246	163	0
247	163	0
248	163	0
122	163	0
266	169	0
264	170	0
265	170	0
262	171	0
263	171	0
261	172	0
259	171	0
257	172	0
258	172	0
256	173	0
255	174	0
260	172	0
254	175	0
261	174	0
261	173	0
121	164	0
121	165	0
120	166	0
120	167	0
119	168	0
119	169	0
118	170	0
119	171	0
119	172	0
120	173	0
120	174	0
121	175	0
122	163	0
122	176	0
123	176	0
124	176	0
125	176	0
126	176	0
127	176	0
128	176	0
129	176	0
130	176	0
131	176	0
132	176	0
133	176	0
134	176	0
135	176	0
136	176	0
137	176	0
138	176	0
139	176	0
140	176	0
141	176	0
142	176	0
143	176	0
144	176	0
145	176	0
146	176	0
147	176	0
148	176	0
149	176	0
150	176	0
151	176	0
152	176	0
153	176	0
154	176	0
155	176	0
156	176	0
157	176	0
158	176	0
159	176	0
160	176	0
161	176	0
162	176	0
163	176	0
164	176	0
165	176	0
166	176	0
167	176	0
168	176	0
169	176	0
170	176	0
171	176	0
172	176	0
173	176	0
174	176	0
175	176	0
176	176	0
177	176	0
178	176	0
179	176	0
180	176	0
181	176	0
182	176	0
183	176	0
184	176	0
185	176	0
186	176	0
187	176	0
188	176	0
189	176	0
190	176	0
191	176	0
192	176	0
193	176	0
194	176	0
195	176	0
196	176	0
197	176	0
198	176	0
199	176	0
200	176	0
201	176	0
202	176	0
203	176	0
204	176	0
205	176	0
206	176	0
207	176	0
208	176	0
209	176	0
210	176	0
211	176	0
212	176	0
213	176	0
214	176	0
215	176	0
216	176	0
217	176	0
218	176	0
219	176	0
220	176	0
221	176	0
222	176	0
223	176	0
224	176	0
225	176	0
226	176	0
227	176	0
228	176	0
229	176	0
230	176	0
231	176	0
232	176	0
233	176	0
234	176	0
235	176	0
236	176	0
237	176	0
238	176	0
241	176	0
243	176	0
245	176	0
247	176	0
249	176	0
251	176	0
252	176	0
253	176	0
239	177	0
240	177	0
242	177	0
244	177	0
246	177	0
248	177	0
250	177	0
254	175	0
122	176	0
306	173	1
305	174	1
305	175	1
302	176	1
303	176	1
304	176	1
301	177	1
300	178	1
269	174	1
271	174	1
268	175	1
270	175	1
267	176	1
266	177	1
265	178	1
275	178	0
274	179	0
255	176	0
256	177	0
257	178	0
258	178	0
260	178	0
259	179	0
261	179	0
262	179	0
263	179	0
254	175	0
264	179	0
266	180	1
265	179	1
267	181	1
275	180	0
274	179	0
301	180	2
300	179	2
272	179	0
273	179	0
270	180	0
271	180	0
269	181	0
274	179	0
268	181	0
298	180	0
297	181	0
299	179	0
296	182	0
297	183	0
296	182	0
298	184	0
315	182	0
312	183	0
313	183	0
314	183	0
311	184	0
309	185	0
310	185	0
308	186	0
307	187	0
295	182	-1
294	183	-1
289	184	-1
291	184	-1
292	184	-1
293	184	-1
286	185	-1
287	185	-1
288	185	-1
290	185	-1
283	186	-1
284	186	-1
285	186	-1
278	187	-1
280	187	-1
281	187	-1
282	187	-1
253	188	-1
273	188	-1
275	188	-1
277	188	-1
279	188	-1
251	189	-1
252	189	-1
254	189	-1
255	189	-1
256	189	-1
257	189	-1
270	189	-1
272	189	-1
274	189	-1
276	189	-1
249	190	-1
250	190	-1
258	190	-1
259	190	-1
260	190	-1
262	190	-1
264	190	-1
265	190	-1
266	190	-1
267	190	-1
268	190	-1
269	190	-1
271	190	-1
247	191	-1
248	191	-1
261	191	-1
263	191	-1
296	182	-1
246	192	-1
267	183	0
268	184	0
269	184	0
270	185	0
267	182	0
299	184	0
300	185	0
300	186	0
298	184	0
298	187	1
297	186	1
301	188	-1
302	188	-1
303	188	-1
304	188	-1
305	188	-1
306	188	-1
307	187	-1
121	177	0
120	178	0
120	179	0
119	180	0
119	181	0
118	182	0
118	183	0
118	184	0
118	185	0
118	186	0
119	187	0
119	188	0
120	189	0
120	190	0
122	176	0
121	191	0
308	188	0
309	189	0
309	190	0
310	191	0
307	187	0
238	190	0
122	191	0
123	191	0
124	191	0
125	191	0
126	191	0
127	191	0
128	191	0
129	191	0
130	191	0
131	191	0
132	191	0
133	191	0
134	191	0
135	191	0
136	191	0
137	191	0
138	191	0
139	191	0
140	191	0
141	191	0
142	191	0
143	191	0
144	191	0
145	191	0
146	191	0
147	191	0
148	191	0
149	191	0
150	191	0
151	191	0
152	191	0
153	191	0
154	191	0
155	191	0
156	191	0
157	191	0
158	191	0
159	191	0
160	191	0
161	191	0
162	191	0
163	191	0
164	191	0
165	191	0
166	191	0
167	191	0
168	191	0
169	191	0
170	191	0
171	191	0
172	191	0
173	191	0
174	191	0
175	191	0
176	191	0
177	191	0
178	191	0
179	191	0
180	191	0
181	191	0
182	191	0
183	191	0
184	191	0
185	191	0
186	191	0
187	191	0
188	191	0
189	191	0
190	191	0
191	191	0
192	191	0
193	191	0
194	191	0
195	191	0
196	191	0
197	191	0
198	191	0
199	191	0
200	191	0
201	191	0
202	191	0
203	191	0
204	191	0
205	191	0
206	191	0
207	191	0
208	191	0
209	191	0
210	191	0
211	191	0
212	191	0
213	191	0
214	191	0
215	191	0
216	191	0
217	191	0
218	191	0
219	191	0
220	191	0
221	191	0
222	191	0
223	191	0
224	191	0
225	191	0
226	191	0
227	191	0
228	191	0
229	191	0
230	191	0
231	191	0
232	191	0
233	191	0
234	191	0
235	191	0
236	191	0
237	191	0
239	191	0
241	191	0
242	191	0
244	191	0
240	192	0
243	192	0
121	191	0
245	192	0
287	192	0
288	193	0
295	187	0
294	188	0
293	189	0
292	190	0
291	191	0
290	192	0
296	186	0
289	193	0
246	194	-1
247	195	-1
248	196	-1
246	193	-1
288	195	0
287	196	0
286	197	0
285	198	0
284	199	0
289	194	0
283	200	0
272	200	0
274	200	0
276	200	0
278	200	0
280	200	0
281	200	0
270	201	0
271	201	0
273	201	0
275	201	0
277	201	0
279	201	0
282	201	0
269	202	0
267	201	0
265	202	0
266	202	0
261	203	0
262	203	0
263	203	0
264	203	0
259	204	0
260	204	0
244	205	0
246	205	0
248	205	0
250	205	0
253	205	0
254	205	0
256	205	0
257	205	0
258	205	0
122	206	0
123	206	0
124	206	0
125	206	0
126	206	0
127	206	0
128	206	0
129	206	0
130	206	0
131	206	0
132	206	0
133	206	0
134	206	0
135	206	0
136	206	0
137	206	0
138	206	0
139	206	0
140	206	0
141	206	0
142	206	0
143	206	0
144	206	0
145	206	0
146	206	0
147	206	0
148	206	0
149	206	0
150	206	0
151	206	0
152	206	0
153	206	0
154	206	0
155	206	0
156	206	0
157	206	0
158	206	0
159	206	0
160	206	0
161	206	0
162	206	0
163	206	0
164	206	0
165	206	0
166	206	0
167	206	0
168	206	0
169	206	0
170	206	0
171	206	0
172	206	0
173	206	0
174	206	0
175	206	0
176	206	0
177	206	0
178	206	0
179	206	0
180	206	0
181	206	0
182	206	0
183	206	0
184	206	0
185	206	0
186	206	0
187	206	0
188	206	0
189	206	0
190	206	0
191	206	0
192	206	0
193	206	0
194	206	0
195	206	0
196	206	0
197	206	0
198	206	0
199	206	0
200	206	0
201	206	0
202	206	0
203	206	0
204	206	0
205	206	0
206	206	0
207	206	0
208	206	0
209	206	0
210	206	0
211	206	0
212	206	0
213	206	0
214	206	0
215	206	0
216	206	0
217	206	0
218	206	0
219	206	0
220	206	0
221	206	0
222	206	0
223	206	0
224	206	0
225	206	0
226	206	0
227	206	0
228	206	0
229	206	0
230	206	0
231	206	0
232	206	0
233	206	0
234	206	0
235	206	0
236	206	0
237	206	0
238	206	0
240	206	0
241	206	0
242	206	0
243	206	0
245	206	0
247	206	0
249	206	0
251	206	0
252	206	0
255	206	0
239	207	0
268	202	0
121	206	0
269	204	0
269	203	0
120	192	0
120	193	0
119	194	0
119	195	0
118	196	0
118	197	0
117	198	0
118	199	0
117	200	0
118	201	0
118	202	0
119	203	0
119	204	0
120	205	0
121	191	0
121	206	0
284	202	0
285	203	0
286	204	0
287	205	0
288	205	0
291	205	0
289	206	0
290	206	0
292	206	0
283	201	0
304	216	0
304	217	0
303	218	0
302	219	0
120	207	0
119	208	0
119	209	0
118	210	0
118	211	0
117	212	0
117	213	0
117	214	0
118	215	0
118	216	0
119	217	0
119	218	0
120	219	0
121	206	0
121	220	0
272	214	0
273	214	0
271	215	0
270	216	0
270	217	0
270	218	0
270	219	0
270	220	0
294	216	0
296	216	0
297	216	0
293	217	0
295	217	0
292	218	0
291	219	0
291	220	0
301	220	0
299	221	0
300	221	0
302	219	0
298	222	0
250	219	0
252	219	0
254	219	0
122	220	0
123	220	0
124	220	0
125	220	0
126	220	0
127	220	0
128	220	0
129	220	0
130	220	0
131	220	0
132	220	0
133	220	0
134	220	0
135	220	0
136	220	0
137	220	0
138	220	0
139	220	0
140	220	0
141	220	0
142	220	0
143	220	0
144	220	0
145	220	0
146	220	0
147	220	0
148	220	0
149	220	0
150	220	0
151	220	0
152	220	0
153	220	0
154	220	0
155	220	0
156	220	0
157	220	0
158	220	0
159	220	0
160	220	0
161	220	0
162	220	0
163	220	0
164	220	0
165	220	0
166	220	0
167	220	0
168	220	0
169	220	0
170	220	0
171	220	0
172	220	0
173	220	0
174	220	0
175	220	0
176	220	0
177	220	0
178	220	0
179	220	0
180	220	0
181	220	0
182	220	0
183	220	0
184	220	0
185	220	0
186	220	0
187	220	0
188	220	0
189	220	0
190	220	0
191	220	0
192	220	0
193	220	0
194	220	0
195	220	0
196	220	0
197	220	0
198	220	0
199	220	0
200	220	0
201	220	0
202	220	0
203	220	0
204	220	0
205	220	0
206	220	0
207	220	0
208	220	0
209	220	0
210	220	0
211	220	0
212	220	0
213	220	0
214	220	0
215	220	0
216	220	0
217	220	0
218	220	0
219	220	0
220	220	0
221	220	0
222	220	0
223	220	0
224	220	0
225	220	0
226	220	0
227	220	0
228	220	0
229	220	0
230	220	0
231	220	0
232	220	0
233	220	0
234	220	0
235	220	0
238	220	0
240	220	0
241	220	0
243	220	0
245	220	0
246	220	0
247	220	0
248	220	0
249	220	0
251	220	0
253	220	0
255	220	0
256	220	0
257	220	0
258	220	0
259	220	0
260	220	0
261	220	0
262	220	0
263	220	0
236	221	0
237	221	0
239	221	0
242	221	0
244	221	0
264	221	0
268	221	0
269	221	0
265	222	0
266	222	0
267	222	0
121	220	0
270	220	0
303	220	0
304	221	0
305	221	0
306	221	0
308	221	0
307	222	0
302	219	0
271	221	0
272	221	0
274	221	0
275	221	0
276	221	0
277	221	0
290	221	0
273	222	0
278	222	0
279	222	0
281	222	0
283	222	0
285	222	0
287	222	0
289	222	0
280	223	0
282	223	0
284	223	0
286	223	0
288	223	0
270	220	0
291	220	0
292	221	0
293	221	0
294	222	0
295	222	0
296	223	0
297	223	0
291	220	0
298	222	0
299	223	0
300	224	0
301	225	0
302	225	0
303	226	0
298	222	0
120	221	0
119	222	0
119	223	0
118	224	0
118	225	0
117	226	0
117	227	0
117	228	0
117	229	0
117	230	0
118	231	0
118	232	0
119	233	0
119	234	0
120	235	0
121	220	0
121	236	0
237	235	0
239	235	0
241	235	0
243	235	0
245	235	0
246	235	0
248	235	0
249	235	0
250	235	0
251	235	0
252	235	0
253	235	0
122	236	0
123	236	0
124	236	0
125	236	0
126	236	0
127	236	0
128	236	0
129	236	0
130	236	0
131	236	0
132	236	0
133	236	0
134	236	0
135	236	0
136	236	0
137	236	0
138	236	0
139	236	0
140	236	0
141	236	0
142	236	0
143	236	0
144	236	0
145	236	0
146	236	0
147	236	0
148	236	0
149	236	0
150	236	0
151	236	0
152	236	0
153	236	0
154	236	0
155	236	0
156	236	0
157	236	0
158	236	0
159	236	0
160	236	0
161	236	0
162	236	0
163	236	0
164	236	0
165	236	0
166	236	0
167	236	0
168	236	0
169	236	0
170	236	0
171	236	0
172	236	0
173	236	0
174	236	0
175	236	0
176	236	0
177	236	0
178	236	0
179	236	0
180	236	0
181	236	0
182	236	0
183	236	0
184	236	0
185	236	0
186	236	0
187	236	0
188	236	0
189	236	0
190	236	0
191	236	0
192	236	0
193	236	0
194	236	0
195	236	0
196	236	0
197	236	0
198	236	0
199	236	0
200	236	0
201	236	0
202	236	0
203	236	0
204	236	0
205	236	0
206	236	0
207	236	0
208	236	0
209	236	0
210	236	0
211	236	0
212	236	0
213	236	0
214	236	0
215	236	0
216	236	0
217	236	0
218	236	0
219	236	0
220	236	0
221	236	0
222	236	0
223	236	0
224	236	0
225	236	0
226	236	0
227	236	0
228	236	0
229	236	0
230	236	0
231	236	0
232	236	0
233	236	0
234	236	0
235	236	0
236	236	0
238	236	0
240	236	0
242	236	0
244	236	0
247	236	0
121	236	0
254	236	0
259	233	0
260	233	0
261	233	0
262	233	0
264	233	0
266	233	0
268	233	0
269	233	0
270	233	0
271	233	0
273	233	0
257	234	0
258	234	0
263	234	0
265	234	0
267	234	0
272	234	0
274	234	0
276	234	0
255	235	0
256	235	0
275	235	0
277	235	0
278	235	0
279	235	0
280	236	0
281	236	0
282	236	0
283	236	0
254	236	0
284	237	0
288	233	0
290	233	0
286	234	0
287	234	0
289	234	0
291	234	0
285	235	0
292	235	0
293	235	0
300	235	0
294	236	0
295	236	0
298	236	0
299	236	0
296	237	0
297	237	0
285	236	0
254	237	0
254	238	0
255	239	0
256	240	0
257	241	0
254	236	0
286	238	1
286	239	1
287	240	1
286	241	1
285	237	1
307	247	0
305	248	0
306	248	0
304	249	0
120	237	0
119	238	0
119	239	0
118	240	0
118	241	0
117	242	0
117	243	0
117	244	0
118	245	0
118	246	0
119	247	0
119	248	0
120	249	0
121	236	0
121	250	0
297	249	0
299	249	0
300	249	0
301	249	0
122	250	0
123	250	0
124	250	0
125	250	0
126	250	0
127	250	0
128	250	0
129	250	0
130	250	0
131	250	0
132	250	0
133	250	0
134	250	0
135	250	0
136	250	0
137	250	0
138	250	0
139	250	0
140	250	0
141	250	0
142	250	0
143	250	0
144	250	0
145	250	0
146	250	0
147	250	0
148	250	0
149	250	0
150	250	0
151	250	0
152	250	0
153	250	0
154	250	0
155	250	0
156	250	0
157	250	0
158	250	0
159	250	0
160	250	0
161	250	0
162	250	0
163	250	0
164	250	0
165	250	0
166	250	0
167	250	0
168	250	0
169	250	0
170	250	0
171	250	0
172	250	0
173	250	0
174	250	0
175	250	0
176	250	0
177	250	0
178	250	0
179	250	0
180	250	0
181	250	0
182	250	0
183	250	0
184	250	0
185	250	0
186	250	0
187	250	0
188	250	0
189	250	0
190	250	0
191	250	0
192	250	0
193	250	0
194	250	0
195	250	0
196	250	0
197	250	0
198	250	0
199	250	0
200	250	0
201	250	0
202	250	0
203	250	0
204	250	0
205	250	0
206	250	0
207	250	0
208	250	0
209	250	0
210	250	0
211	250	0
212	250	0
213	250	0
214	250	0
215	250	0
216	250	0
217	250	0
218	250	0
219	250	0
220	250	0
221	250	0
222	250	0
223	250	0
224	250	0
225	250	0
226	250	0
227	250	0
228	250	0
229	250	0
230	250	0
231	250	0
232	250	0
233	250	0
234	250	0
235	250	0
238	250	0
240	250	0
242	250	0
244	250	0
247	250	0
249	250	0
264	250	0
266	250	0
268	250	0
270	250	0
272	250	0
274	250	0
294	250	0
296	250	0
298	250	0
302	250	0
236	251	0
237	251	0
239	251	0
241	251	0
243	251	0
245	251	0
246	251	0
248	251	0
250	251	0
251	251	0
252	251	0
253	251	0
261	251	0
262	251	0
263	251	0
265	251	0
267	251	0
269	251	0
271	251	0
273	251	0
275	251	0
276	251	0
277	251	0
285	251	0
287	251	0
288	251	0
289	251	0
290	251	0
291	251	0
292	251	0
293	251	0
295	251	0
254	252	0
255	252	0
258	252	0
259	252	0
260	252	0
278	252	0
279	252	0
280	252	0
282	252	0
284	252	0
286	252	0
256	253	0
257	253	0
281	253	0
283	253	0
121	250	0
303	250	0
305	251	0
306	252	0
304	250	0
307	253	0
310	251	0
308	252	0
309	252	0
307	253	0
307	254	0
307	253	0
267	259	1
268	259	1
269	259	1
270	259	1
271	259	1
272	259	1
273	259	1
274	259	1
266	260	1
275	260	1
264	261	1
265	261	1
276	261	1
263	262	1
309	262	0
308	263	0
294	261	0
293	262	0
295	262	0
296	262	0
297	262	0
299	262	0
292	263	0
298	263	0
300	263	0
301	263	0
302	263	0
304	263	0
303	264	0
305	264	0
306	264	0
307	264	0
308	263	0
291	264	0
120	251	0
119	252	0
119	253	0
118	254	0
118	255	0
117	256	0
117	257	0
117	258	0
117	259	0
117	260	0
118	261	0
118	262	0
119	263	0
119	264	0
120	265	0
121	250	0
121	266	0
261	262	0
260	263	0
262	263	0
258	264	0
259	264	0
256	265	0
257	265	0
263	262	0
255	266	0
277	263	0
278	263	0
279	264	0
280	264	0
281	264	0
282	264	0
283	264	0
284	264	0
285	264	0
286	264	0
287	264	0
288	264	0
290	264	0
289	265	0
276	262	0
291	264	0
309	264	0
310	265	0
308	263	0
236	265	0
237	265	0
238	265	0
239	265	0
240	265	0
242	265	0
244	265	0
246	265	0
248	265	0
250	265	0
122	266	0
123	266	0
124	266	0
125	266	0
126	266	0
127	266	0
128	266	0
129	266	0
130	266	0
131	266	0
132	266	0
133	266	0
134	266	0
135	266	0
136	266	0
137	266	0
138	266	0
139	266	0
140	266	0
141	266	0
142	266	0
143	266	0
144	266	0
145	266	0
146	266	0
147	266	0
148	266	0
149	266	0
150	266	0
151	266	0
152	266	0
153	266	0
154	266	0
155	266	0
156	266	0
157	266	0
158	266	0
159	266	0
160	266	0
161	266	0
162	266	0
163	266	0
164	266	0
165	266	0
166	266	0
167	266	0
168	266	0
169	266	0
170	266	0
171	266	0
172	266	0
173	266	0
174	266	0
175	266	0
176	266	0
177	266	0
178	266	0
179	266	0
180	266	0
181	266	0
182	266	0
183	266	0
184	266	0
185	266	0
186	266	0
187	266	0
188	266	0
189	266	0
190	266	0
191	266	0
192	266	0
193	266	0
194	266	0
195	266	0
196	266	0
197	266	0
198	266	0
199	266	0
200	266	0
201	266	0
202	266	0
203	266	0
204	266	0
205	266	0
206	266	0
207	266	0
208	266	0
209	266	0
210	266	0
211	266	0
212	266	0
213	266	0
214	266	0
215	266	0
216	266	0
217	266	0
218	266	0
219	266	0
220	266	0
221	266	0
222	266	0
223	266	0
224	266	0
225	266	0
226	266	0
227	266	0
228	266	0
229	266	0
230	266	0
231	266	0
232	266	0
233	266	0
234	266	0
235	266	0
241	266	0
243	266	0
245	266	0
247	266	0
249	266	0
251	266	0
252	266	0
253	266	0
121	266	0
254	266	0
264	263	0
273	263	0
274	263	0
265	264	0
266	264	0
271	264	0
272	264	0
267	265	0
269	265	0
270	265	0
268	266	0
263	262	0
275	262	0
292	265	0
293	266	0
291	264	0
294	267	0
296	265	0
295	266	0
294	267	0
261	268	0
261	269	0
260	270	0
295	268	0
296	268	0
297	269	0
294	267	0
255	268	0
256	269	0
257	269	0
258	270	0
259	271	0
255	267	0
260	270	0
261	271	1
260	270	1
120	267	0
119	268	0
119	269	0
118	270	0
118	271	0
117	272	0
118	273	0
117	274	0
118	275	0
121	266	0
118	276	0
120	277	0
121	278	0
122	278	0
123	279	0
124	279	0
119	277	0
125	280	0
294	280	-988
295	280	-988
237	279	0
242	279	0
244	279	0
246	279	0
248	279	0
250	279	0
252	279	0
255	279	0
127	280	0
128	280	0
129	280	0
130	280	0
131	280	0
132	280	0
133	280	0
134	280	0
135	280	0
136	280	0
137	280	0
138	280	0
139	280	0
140	280	0
141	280	0
142	280	0
143	280	0
144	280	0
145	280	0
146	280	0
147	280	0
148	280	0
149	280	0
150	280	0
151	280	0
152	280	0
153	280	0
154	280	0
155	280	0
156	280	0
157	280	0
158	280	0
159	280	0
160	280	0
161	280	0
162	280	0
163	280	0
164	280	0
165	280	0
166	280	0
167	280	0
168	280	0
169	280	0
170	280	0
171	280	0
172	280	0
173	280	0
174	280	0
175	280	0
176	280	0
177	280	0
178	280	0
179	280	0
180	280	0
181	280	0
182	280	0
183	280	0
184	280	0
185	280	0
186	280	0
187	280	0
188	280	0
189	280	0
190	280	0
191	280	0
192	280	0
193	280	0
194	280	0
195	280	0
196	280	0
197	280	0
198	280	0
199	280	0
200	280	0
201	280	0
202	280	0
203	280	0
204	280	0
205	280	0
206	280	0
207	280	0
208	280	0
209	280	0
210	280	0
211	280	0
212	280	0
213	280	0
214	280	0
215	280	0
216	280	0
217	280	0
218	280	0
219	280	0
220	280	0
221	280	0
222	280	0
223	280	0
224	280	0
225	280	0
226	280	0
227	280	0
228	280	0
229	280	0
230	280	0
231	280	0
232	280	0
233	280	0
234	280	0
235	280	0
236	280	0
238	280	0
239	280	0
240	280	0
241	280	0
243	280	0
245	280	0
247	280	0
249	280	0
251	280	0
253	280	0
254	280	0
256	280	0
257	280	0
258	280	0
259	280	0
264	280	0
266	280	0
260	281	0
261	281	0
262	281	0
263	281	0
265	281	0
267	281	0
268	281	0
269	281	0
270	282	0
271	282	0
272	282	0
273	283	0
126	280	0
274	284	0
305	282	0
304	283	0
303	284	0
302	283	0
300	284	0
301	284	0
303	284	0
299	285	0
277	281	0
279	281	0
280	281	0
281	281	0
283	281	0
276	282	0
278	282	0
282	282	0
284	282	0
286	282	0
275	283	0
285	283	0
287	283	0
288	283	0
289	284	0
290	285	0
274	284	0
291	286	0
304	285	0
303	284	0
292	285	0
293	285	0
295	285	0
297	285	0
294	286	0
296	286	0
298	285	0
291	286	0
275	285	-1
275	286	-1
276	287	-1
277	288	-1
279	288	-1
278	289	-1
280	289	-1
274	284	-1
291	287	1
291	288	1
291	289	1
291	286	1
300	287	0
301	288	0
302	288	0
303	288	0
304	289	0
299	286	0
265	288	0
264	289	0
261	290	0
262	290	0
263	290	0
260	291	0
259	292	0
258	293	0
258	294	0
257	295	0
256	296	0
250	288	0
249	289	0
249	290	0
248	291	0
248	292	0
247	293	0
247	294	0
125	282	0
125	283	0
125	284	0
125	285	0
126	286	0
127	287	0
128	288	0
129	289	0
130	289	0
131	290	0
132	290	0
133	291	0
134	291	0
135	292	0
136	292	0
137	293	0
138	293	0
139	294	0
140	294	0
125	281	0
141	295	0
238	294	0
240	294	0
242	294	0
143	295	0
144	295	0
145	295	0
146	295	0
147	295	0
148	295	0
149	295	0
150	295	0
151	295	0
152	295	0
153	295	0
154	295	0
155	295	0
156	295	0
157	295	0
158	295	0
159	295	0
160	295	0
161	295	0
162	295	0
163	295	0
164	295	0
165	295	0
166	295	0
167	295	0
168	295	0
169	295	0
170	295	0
171	295	0
172	295	0
173	295	0
174	295	0
175	295	0
176	295	0
177	295	0
178	295	0
179	295	0
180	295	0
181	295	0
182	295	0
183	295	0
184	295	0
185	295	0
186	295	0
187	295	0
188	295	0
189	295	0
190	295	0
191	295	0
192	295	0
193	295	0
194	295	0
195	295	0
196	295	0
197	295	0
198	295	0
199	295	0
200	295	0
201	295	0
202	295	0
203	295	0
204	295	0
205	295	0
206	295	0
207	295	0
208	295	0
209	295	0
210	295	0
211	295	0
212	295	0
213	295	0
214	295	0
215	295	0
216	295	0
217	295	0
218	295	0
219	295	0
220	295	0
221	295	0
222	295	0
223	295	0
224	295	0
225	295	0
226	295	0
227	295	0
228	295	0
229	295	0
230	295	0
231	295	0
232	295	0
233	295	0
234	295	0
235	295	0
236	295	0
237	295	0
239	295	0
241	295	0
243	295	0
244	295	0
245	295	0
246	295	0
247	294	0
142	295	0
266	296	0
267	296	0
268	296	0
269	296	0
265	297	0
264	298	0
263	299	0
248	295	0
249	296	0
250	296	0
251	297	0
255	297	0
252	298	0
253	298	0
254	298	0
247	294	0
256	296	0
257	297	0
258	297	0
259	298	0
260	299	0
262	299	0
261	300	0
256	296	0
263	299	0
267	300	-2
266	301	-2
264	300	1
265	301	1
263	299	1
266	301	1
267	302	1
268	302	1
266	301	1
292	304	0
292	305	0
285	304	1
285	305	1
285	306	1
294	305	0
293	306	0
141	297	0
141	298	0
141	299	0
141	300	0
141	301	0
142	302	0
143	303	0
144	303	0
145	304	0
146	304	0
147	305	0
148	305	0
149	306	0
150	306	0
151	307	0
152	307	0
153	308	0
154	308	0
141	296	0
155	309	0
286	307	0
287	308	0
285	306	0
288	309	0
290	307	1
291	307	1
289	308	1
292	306	1
288	309	1
284	307	0
283	308	0
157	309	0
158	309	0
159	309	0
160	309	0
161	309	0
162	309	0
163	309	0
164	309	0
165	309	0
166	309	0
167	309	0
168	309	0
169	309	0
170	309	0
171	309	0
172	309	0
173	309	0
174	309	0
175	309	0
176	309	0
177	309	0
178	309	0
179	309	0
180	309	0
181	309	0
182	309	0
183	309	0
184	309	0
185	309	0
186	309	0
187	309	0
188	309	0
189	309	0
190	309	0
191	309	0
192	309	0
193	309	0
194	309	0
195	309	0
196	309	0
197	309	0
198	309	0
199	309	0
200	309	0
201	309	0
202	309	0
203	309	0
204	309	0
205	309	0
206	309	0
207	309	0
208	309	0
209	309	0
210	309	0
211	309	0
212	309	0
213	309	0
214	309	0
215	309	0
216	309	0
217	309	0
218	309	0
219	309	0
220	309	0
221	309	0
222	309	0
223	309	0
224	309	0
225	309	0
226	309	0
227	309	0
228	309	0
229	309	0
230	309	0
231	309	0
232	309	0
233	309	0
234	309	0
235	309	0
236	309	0
237	309	0
239	309	0
240	309	0
241	309	0
242	309	0
282	309	0
238	310	0
243	310	0
244	310	0
245	310	0
247	310	0
255	310	0
257	310	0
259	310	0
276	310	0
278	310	0
279	310	0
280	310	0
281	310	0
246	311	0
248	311	0
249	311	0
250	311	0
251	311	0
252	311	0
253	311	0
254	311	0
256	311	0
258	311	0
260	311	0
262	311	0
264	311	0
266	311	0
267	311	0
268	311	0
269	311	0
270	311	0
271	311	0
272	311	0
273	311	0
274	311	0
275	311	0
277	311	0
261	312	0
263	312	0
265	312	0
285	306	0
156	309	0
288	311	-3
287	312	-3
289	310	-3
290	311	0
290	312	0
291	313	0
291	314	0
289	310	0
155	311	0
155	312	0
155	313	0
155	314	0
156	315	0
157	316	0
158	317	0
159	318	0
160	318	0
161	319	0
162	319	0
163	320	0
164	320	0
165	321	0
166	321	0
167	322	0
168	322	0
155	310	0
169	323	0
310	321	0
308	322	0
309	322	0
307	323	0
306	324	0
266	322	0
268	322	0
270	322	0
171	323	0
172	323	0
173	323	0
174	323	0
175	323	0
176	323	0
177	323	0
178	323	0
179	323	0
180	323	0
181	323	0
182	323	0
183	323	0
184	323	0
185	323	0
186	323	0
187	323	0
188	323	0
189	323	0
190	323	0
191	323	0
192	323	0
193	323	0
194	323	0
195	323	0
196	323	0
197	323	0
198	323	0
199	323	0
200	323	0
201	323	0
202	323	0
203	323	0
204	323	0
205	323	0
206	323	0
207	323	0
208	323	0
209	323	0
210	323	0
211	323	0
212	323	0
213	323	0
214	323	0
215	323	0
216	323	0
217	323	0
218	323	0
219	323	0
220	323	0
221	323	0
222	323	0
223	323	0
224	323	0
225	323	0
226	323	0
227	323	0
228	323	0
229	323	0
230	323	0
231	323	0
232	323	0
233	323	0
234	323	0
235	323	0
236	323	0
237	323	0
239	323	0
242	323	0
260	323	0
262	323	0
263	323	0
264	323	0
265	323	0
267	323	0
269	323	0
271	323	0
272	323	0
273	323	0
274	323	0
276	323	0
238	324	0
240	324	0
241	324	0
243	324	0
244	324	0
245	324	0
247	324	0
249	324	0
251	324	0
252	324	0
253	324	0
254	324	0
255	324	0
256	324	0
257	324	0
258	324	0
259	324	0
261	324	0
275	324	0
277	324	0
278	324	0
279	324	0
280	324	0
281	324	0
283	324	0
285	324	0
287	324	0
302	324	0
304	324	0
246	325	0
248	325	0
250	325	0
282	325	0
284	325	0
286	325	0
288	325	0
289	325	0
290	325	0
291	325	0
292	325	0
293	325	0
299	325	0
300	325	0
301	325	0
303	325	0
305	325	0
294	326	0
295	326	0
296	326	0
297	326	0
298	326	0
170	323	0
306	324	0
307	325	0
308	326	0
309	327	0
306	324	0
310	328	0
311	327	0
312	327	0
310	328	0
313	328	0
315	326	0
314	327	0
313	328	0
314	329	0
313	328	0
309	329	0
309	330	0
310	328	0
281	334	0
281	335	0
281	336	0
291	334	1
290	335	1
290	336	1
169	325	0
169	326	0
169	327	0
169	328	0
170	329	0
171	330	0
172	331	0
173	332	0
174	332	0
175	333	0
176	333	0
177	334	0
178	334	0
179	335	0
180	335	0
181	336	0
182	336	0
169	324	0
183	337	0
258	335	0
259	335	0
256	336	0
257	336	0
255	337	0
185	337	0
186	337	0
187	337	0
188	337	0
189	337	0
190	337	0
191	337	0
192	337	0
193	337	0
194	337	0
195	337	0
196	337	0
197	337	0
198	337	0
199	337	0
200	337	0
201	337	0
202	337	0
203	337	0
204	337	0
205	337	0
206	337	0
207	337	0
208	337	0
209	337	0
210	337	0
211	337	0
212	337	0
213	337	0
214	337	0
215	337	0
216	337	0
217	337	0
218	337	0
219	337	0
220	337	0
221	337	0
222	337	0
223	337	0
224	337	0
225	337	0
226	337	0
227	337	0
228	337	0
229	337	0
230	337	0
231	337	0
232	337	0
233	337	0
234	337	0
235	337	0
236	337	0
237	337	0
239	337	0
242	337	0
244	337	0
253	337	0
238	338	0
240	338	0
241	338	0
243	338	0
245	338	0
246	338	0
247	338	0
248	338	0
249	338	0
250	338	0
251	338	0
252	338	0
184	337	0
254	338	0
280	337	1
279	338	1
281	336	1
278	339	1
282	337	0
283	337	0
284	337	0
286	337	0
288	337	0
289	337	0
285	338	0
287	338	0
281	336	0
290	336	0
291	337	1
292	338	1
293	338	1
294	338	1
290	336	1
295	339	1
297	337	0
298	337	0
299	337	0
300	337	0
302	337	0
296	338	0
301	338	0
295	339	0
256	339	0
257	339	0
264	339	0
265	339	0
267	339	0
275	339	0
258	340	0
259	340	0
260	340	0
261	340	0
262	340	0
263	340	0
266	340	0
268	340	0
269	340	0
270	340	0
271	340	0
272	340	0
273	340	0
274	340	0
276	340	0
255	338	0
277	339	0
278	341	0
284	341	0
286	341	0
279	342	0
280	342	0
281	342	0
283	342	0
285	342	0
287	342	0
288	342	0
282	343	0
278	340	0
296	340	0
297	341	0
298	341	0
299	342	0
295	339	0
280	348	0
279	349	0
279	350	0
183	339	0
183	340	0
183	341	0
183	342	0
184	343	0
185	344	0
186	345	0
187	346	0
188	347	0
189	348	0
190	348	0
191	349	0
192	349	0
193	350	0
194	350	0
195	351	0
196	351	0
197	352	0
198	352	0
183	338	0
199	353	0
237	352	0
238	352	0
240	352	0
242	352	0
244	352	0
201	353	0
202	353	0
203	353	0
204	353	0
205	353	0
206	353	0
207	353	0
208	353	0
209	353	0
210	353	0
211	353	0
212	353	0
213	353	0
214	353	0
215	353	0
216	353	0
217	353	0
218	353	0
219	353	0
220	353	0
221	353	0
222	353	0
223	353	0
224	353	0
225	353	0
226	353	0
227	353	0
228	353	0
229	353	0
230	353	0
231	353	0
232	353	0
233	353	0
234	353	0
235	353	0
236	353	0
239	353	0
241	353	0
243	353	0
245	353	0
246	353	0
247	353	0
248	353	0
200	353	0
249	354	0
255	350	0
253	351	0
254	351	0
256	351	0
257	351	0
258	351	0
251	352	0
252	352	0
259	352	0
260	352	0
261	352	0
268	352	0
271	352	0
250	353	0
262	353	0
263	353	0
264	353	0
265	353	0
266	353	0
267	353	0
269	353	0
270	353	0
272	353	0
273	353	0
249	354	0
274	354	0
277	352	0
275	353	0
276	353	0
278	351	0
274	354	0
280	352	-1
281	353	-1
282	353	-1
284	353	-1
285	353	-1
286	353	-1
283	354	-1
287	354	-1
279	351	-1
249	355	0
249	356	0
250	357	0
251	358	0
249	354	0
275	355	1
275	356	1
276	357	1
277	358	1
278	359	1
274	354	1
294	361	1
293	362	1
291	363	1
292	363	1
290	364	1
289	365	1
256	363	1
255	364	1
255	365	1
254	366	1
199	355	0
199	356	0
199	357	0
199	358	0
199	359	0
200	360	0
201	361	0
202	361	0
203	362	0
204	362	0
205	363	0
206	363	0
207	364	0
208	364	0
209	365	0
210	365	0
211	366	0
212	366	0
199	354	0
213	367	0
266	365	2
265	366	2
265	367	2
284	365	0
285	365	0
283	366	0
286	366	0
287	366	0
288	366	0
282	367	0
289	365	0
281	368	0
238	366	0
243	366	0
245	366	0
215	367	0
216	367	0
217	367	0
218	367	0
219	367	0
220	367	0
221	367	0
222	367	0
223	367	0
224	367	0
225	367	0
226	367	0
227	367	0
228	367	0
229	367	0
230	367	0
231	367	0
232	367	0
233	367	0
234	367	0
235	367	0
236	367	0
237	367	0
239	367	0
240	367	0
241	367	0
242	367	0
244	367	0
246	367	0
247	367	0
248	367	0
249	367	0
250	367	0
251	367	0
252	367	0
214	367	0
253	367	0
290	366	1
291	367	1
289	365	1
292	368	1
277	367	0
279	367	0
266	368	0
267	368	0
272	368	0
274	368	0
275	368	0
276	368	0
278	368	0
268	369	0
269	369	0
270	369	0
271	369	0
273	369	0
265	367	0
280	368	0
293	367	0
294	367	0
297	367	0
295	368	0
296	368	0
298	368	0
299	368	0
292	368	0
263	367	0
255	368	0
256	368	0
258	368	0
261	368	0
262	368	0
264	368	0
257	369	0
259	369	0
260	369	0
254	367	0
265	367	0
286	370	0
285	371	0
292	369	0
293	370	0
292	368	0
282	370	0
283	371	0
281	369	0
284	372	0
286	373	0
287	374	0
288	374	0
285	372	0
245	377	0
244	378	0
243	379	0
243	380	0
213	369	0
213	370	0
213	371	0
213	372	0
213	373	0
214	374	0
215	375	0
216	375	0
217	376	0
218	376	0
219	377	0
220	377	0
221	378	0
222	378	0
223	379	0
224	379	0
225	380	0
226	380	0
213	368	0
227	381	0
229	381	0
230	381	0
231	381	0
232	381	0
233	381	0
234	381	0
235	381	0
236	381	0
239	381	0
240	381	0
241	381	0
242	381	0
237	382	0
238	382	0
243	380	0
228	381	0
252	379	0
253	380	0
253	381	0
253	382	0
244	381	0
245	382	0
246	382	0
247	383	0
248	383	0
250	383	0
252	383	0
249	384	0
251	384	0
243	380	0
253	382	0
273	380	0
271	381	0
272	381	0
274	381	0
255	382	0
257	382	0
258	382	0
259	382	0
260	382	0
261	382	0
263	382	0
270	382	0
275	382	0
276	382	0
278	382	0
254	383	0
256	383	0
262	383	0
264	383	0
265	383	0
267	383	0
269	383	0
277	383	0
279	383	0
280	383	0
282	383	0
266	384	0
268	384	0
281	384	0
283	384	0
284	385	0
285	385	0
286	386	0
286	387	0
286	388	0
253	382	0
117	278	0
116	279	0
115	280	0
114	281	0
113	282	0
112	283	0
111	284	0
110	285	0
109	286	0
108	287	0
107	288	0
106	289	0
105	290	0
104	291	0
103	292	0
102	293	0
101	294	0
100	295	0
99	296	0
98	297	0
97	298	0
96	299	0
95	300	0
94	301	0
93	302	0
92	303	0
91	304	0
90	305	0
89	306	0
88	307	0
87	308	0
86	309	0
85	310	0
84	311	0
83	312	0
82	313	0
81	314	0
80	315	0
79	316	0
78	317	0
77	318	0
76	319	0
75	320	0
74	321	0
73	322	0
72	323	0
71	324	0
70	325	0
69	326	0
68	327	0
67	328	0
66	329	0
65	330	0
64	331	0
63	332	0
62	333	0
61	334	0
60	335	0
59	336	0
58	337	0
57	338	0
56	339	0
55	340	0
54	341	0
53	342	0
52	343	0
51	344	0
50	345	0
49	346	0
48	347	0
47	348	0
46	349	0
45	350	0
44	351	0
43	352	0
42	353	0
41	354	0
40	355	0
39	356	0
38	357	0
37	358	0
36	359	0
35	360	0
34	361	0
33	362	0
32	363	0
31	364	0
30	365	0
29	366	0
28	367	0
27	368	0
26	369	0
25	370	0
24	371	0
23	372	0
22	373	0
21	374	0
20	375	0
19	376	0
18	377	0
17	378	0
16	379	0
15	380	0
14	381	0
13	382	0
12	383	0
11	384	0
10	385	0
9	386	0
8	387	0
7	388	0
6	389	0
5	390	0
4	391	0
3	392	0
2	393	0
1	394	0
118	277	0
227	383	-1
227	384	-1
227	385	-1
227	386	-1
228	387	-1
229	388	-1
230	389	-1
231	390	-1
232	391	-1
233	392	-1
234	392	-1
235	393	-1
236	393	-1
238	393	-1
252	393	-1
254	393	-1
256	393	-1
237	394	-1
239	394	-1
240	394	-1
241	394	-1
242	394	-1
243	394	-1
244	394	-1
245	394	-1
246	394	-1
247	394	-1
248	394	-1
249	394	-1
250	394	-1
251	394	-1
253	394	-1
255	394	-1
257	394	-1
258	394	-1
259	394	-1
227	382	-1
