1	1	103
2	2	57
3	3	38
12	12	12
1	2	9
15	15	9
19	19	9
4	4	9
16	16	8
2	3	8
3	4	7
19	20	6
22	22	6
22	23	5
30	30	5
25	25	5
24	24	5
6	6	5
23	23	5
32	33	5
28	29	5
32	32	5
10	10	4
29	29	4
18	18	4
21	21	4
25	26	3
17	17	3
15	16	3
16	17	3
31	32	3
4	3	3
3	2	3
18	19	3
7	7	3
1000	17	2
9	9	2
13	13	2
27	28	2
28	30	2
1000	26	2
20	21	2
17	18	2
33	34	2
15	17	2
14	14	2
1000	18	2
11	11	2
3	5	2
11	12	2
9	11	1
29	30	1
19	21	1
30	27	1
6	7	1
6	10	1
15	14	1
21	22	1
9	10	1
24	23	1
31	31	1
1000	31	1
28	28	1
30	31	1
20	23	1
27	27	1
29	31	1
1000	32	1
1000	16	1
1000	7	1
20	20	1
12	17	1
10	11	1
1000	30	1
31	30	1
23	24	1
24	25	1
1000	25	1
7	12	1
5	5	1
16	18	1
25	24	1
1000	10	1
23	25	1
1000	23	1
22	21	1
