434	1	0
435	2	0
436	1	0
435	2	0
296	1	1
297	1	1
298	1	1
300	1	1
299	2	1
301	2	1
302	3	1
376	1	2
375	2	2
374	3	2
196	2	3
195	3	3
194	4	3
370	1	2
371	2	2
372	2	2
373	3	2
374	3	2
182	1	0
184	1	0
183	2	0
185	2	0
186	2	0
188	2	0
187	3	0
189	3	0
190	3	0
191	4	0
192	4	0
193	5	0
301	4	1
302	3	1
258	1	4
257	2	4
256	3	4
256	4	4
256	5	4
256	6	4
303	3	3
304	3	3
305	3	3
306	4	3
307	4	3
308	5	3
309	5	3
310	5	3
311	5	3
312	5	3
313	5	3
314	5	3
302	3	3
315	6	3
435	3	3
434	4	3
434	5	3
435	2	3
434	6	3
321	2	1
322	2	1
324	2	1
326	2	1
319	3	1
320	3	1
323	3	1
325	3	1
327	3	1
328	3	1
330	3	1
317	4	1
318	4	1
329	4	1
331	4	1
316	5	1
332	5	1
333	5	1
334	5	1
335	6	1
336	7	1
315	6	1
462	5	1
463	6	1
462	7	1
462	8	1
435	8	1
434	7	1
436	9	1
483	8	1
484	8	1
485	8	1
481	9	1
482	9	1
480	10	1
479	11	1
479	12	1
478	13	1
375	4	2
376	5	2
377	6	2
378	7	2
379	7	2
380	8	2
382	8	2
381	9	2
383	9	2
384	9	2
385	9	2
387	9	2
389	9	2
386	10	2
388	10	2
390	10	2
374	3	2
391	11	2
430	7	1
432	7	1
429	8	1
431	8	1
427	9	1
428	9	1
426	10	1
423	11	1
424	11	1
425	11	1
422	12	1
421	13	1
421	14	1
420	15	1
421	16	1
421	17	1
421	18	1
433	7	1
422	19	1
391	12	0
391	11	0
464	10	0
465	10	0
466	11	0
467	12	0
463	9	0
195	6	3
196	6	3
197	7	3
198	8	3
199	9	3
200	10	3
201	11	3
202	11	3
203	12	3
204	12	3
205	13	3
206	13	3
194	5	3
207	14	3
461	10	0
460	11	0
459	12	0
458	13	0
462	9	0
457	14	0
476	13	0
477	13	0
478	13	0
208	13	0
209	14	0
207	14	0
210	15	0
438	10	3
439	11	3
440	11	3
441	12	3
442	12	3
443	13	3
444	13	3
445	13	3
449	13	3
446	14	3
447	14	3
448	14	3
450	14	3
451	14	3
452	14	3
453	14	3
454	14	3
455	14	3
437	9	3
456	14	3
120	3	1
122	3	1
124	3	1
126	3	1
118	4	1
119	4	1
121	4	1
123	4	1
125	4	1
127	4	1
128	4	1
130	4	1
116	5	1
117	5	1
129	5	1
131	5	1
132	5	1
114	6	1
115	6	1
133	6	1
134	6	1
113	7	1
135	7	1
136	7	1
112	8	1
137	8	1
138	8	1
111	9	1
139	9	1
110	10	1
140	10	1
110	11	1
140	11	1
110	12	1
140	12	1
110	13	1
140	13	1
110	14	1
140	14	1
110	15	1
140	15	1
110	16	1
110	17	1
110	18	1
110	19	1
110	20	1
140	16	1
110	21	1
316	7	0
316	8	0
317	9	0
318	10	0
319	11	0
320	12	0
320	13	0
321	14	0
322	15	0
315	6	0
323	16	0
472	15	0
473	15	0
474	15	0
471	16	0
471	17	0
470	18	0
469	19	0
324	17	1
323	16	1
324	18	1
392	10	5
393	10	5
394	10	5
395	11	5
396	11	5
397	11	5
399	11	5
398	12	5
400	12	5
401	13	5
402	13	5
403	13	5
404	14	5
406	14	5
405	15	5
407	15	5
414	15	5
408	16	5
409	16	5
410	16	5
411	16	5
413	16	5
412	17	5
391	11	5
479	14	1
479	15	1
479	16	1
480	17	1
481	18	1
478	13	1
254	8	6
252	9	6
253	9	6
251	10	6
249	11	6
250	11	6
247	12	6
248	12	6
246	13	6
244	14	6
245	14	6
243	15	6
243	16	6
242	17	6
242	18	6
242	19	6
255	7	6
242	20	6
322	17	3
321	18	3
320	19	3
323	16	3
319	20	3
325	19	1
324	18	1
324	20	1
435	11	0
433	12	0
434	12	0
432	13	0
430	14	0
431	14	0
429	15	0
428	16	0
427	17	0
424	18	0
426	18	0
423	19	0
425	19	0
436	10	0
422	19	0
257	8	0
258	8	0
259	9	0
260	10	0
261	11	0
262	11	0
264	11	0
263	12	0
265	12	0
266	13	0
267	13	0
268	13	0
269	14	0
270	14	0
271	14	0
272	14	0
274	14	0
273	15	0
275	15	0
276	15	0
277	15	0
294	15	0
295	15	0
296	15	0
297	15	0
298	15	0
299	15	0
300	15	0
301	15	0
302	15	0
303	15	0
304	15	0
306	15	0
308	15	0
278	16	0
279	16	0
280	16	0
281	16	0
282	16	0
283	16	0
284	16	0
285	16	0
286	16	0
287	16	0
289	16	0
291	16	0
292	16	0
293	16	0
305	16	0
307	16	0
309	16	0
288	17	0
290	17	0
310	17	0
311	17	0
312	18	0
313	19	0
314	19	0
315	20	0
256	7	0
316	21	0
458	16	1
459	16	1
460	17	1
461	18	1
462	19	1
463	19	1
464	19	1
465	19	1
467	19	1
468	19	1
466	20	1
457	15	1
469	19	1
470	20	1
469	19	1
471	21	1
138	17	0
139	17	0
136	18	0
137	18	0
134	19	0
135	19	0
132	20	0
133	20	0
125	21	0
126	21	0
127	21	0
128	21	0
129	21	0
130	21	0
131	21	0
112	22	0
113	22	0
114	22	0
115	22	0
116	22	0
117	22	0
118	22	0
119	22	0
122	22	0
123	22	0
124	22	0
120	23	0
121	23	0
140	16	0
111	22	0
236	21	0
238	21	0
239	21	0
240	21	0
241	21	0
232	22	0
234	22	0
235	22	0
237	22	0
225	23	0
226	23	0
227	23	0
228	23	0
229	23	0
230	23	0
231	23	0
233	23	0
220	24	0
221	24	0
222	24	0
223	24	0
224	24	0
219	25	0
242	20	0
218	24	0
318	20	0
317	21	0
319	20	0
316	21	0
320	21	0
319	20	0
321	22	0
322	21	1
323	20	1
321	22	1
470	22	0
471	21	0
211	14	18
212	15	18
213	15	18
214	16	18
215	17	18
216	17	18
217	18	18
218	19	18
218	20	18
218	21	18
218	22	18
218	23	18
210	15	18
218	24	18
472	22	1
472	23	1
471	21	1
473	24	1
381	23	1
382	23	1
383	23	1
384	24	1
380	24	1
385	25	1
207	15	1
207	16	1
207	17	1
207	18	1
207	19	1
207	20	1
207	21	1
207	22	1
207	23	1
207	24	1
207	25	1
207	14	1
207	26	1
210	16	1
210	17	1
209	18	1
209	19	1
209	20	1
209	21	1
209	22	1
209	23	1
209	24	1
209	25	1
210	15	1
209	26	1
472	25	1
473	24	1
474	25	1
473	24	1
141	17	0
142	17	0
143	17	0
144	17	0
145	17	0
146	17	0
147	17	0
148	17	0
150	17	0
152	17	0
154	17	0
156	17	0
149	18	0
151	18	0
153	18	0
155	18	0
157	18	0
158	18	0
159	18	0
160	18	0
161	18	0
162	19	0
163	19	0
164	20	0
166	20	0
165	21	0
167	21	0
168	21	0
170	21	0
172	21	0
169	22	0
171	22	0
173	22	0
174	22	0
175	23	0
176	23	0
177	23	0
179	23	0
178	24	0
180	24	0
182	24	0
181	25	0
183	25	0
184	25	0
185	25	0
186	25	0
188	25	0
190	25	0
191	25	0
193	25	0
196	25	0
187	26	0
189	26	0
192	26	0
194	26	0
195	26	0
197	26	0
198	26	0
199	26	0
200	26	0
202	26	0
204	26	0
201	27	0
203	27	0
205	27	0
206	27	0
140	16	0
207	26	0
322	23	6
323	23	6
324	24	6
325	24	6
326	24	6
328	24	6
330	24	6
332	24	6
327	25	6
329	25	6
331	25	6
333	25	6
334	25	6
335	25	6
336	25	6
337	25	6
338	25	6
339	25	6
346	25	6
348	25	6
350	25	6
352	25	6
354	25	6
355	25	6
356	25	6
357	25	6
359	25	6
361	25	6
362	25	6
364	25	6
340	26	6
341	26	6
342	26	6
343	26	6
344	26	6
345	26	6
347	26	6
349	26	6
351	26	6
353	26	6
358	26	6
360	26	6
363	26	6
365	26	6
366	26	6
368	26	6
367	27	6
369	27	6
370	27	6
321	22	6
371	28	6
379	23	1
378	24	1
376	25	1
377	25	1
374	26	1
375	26	1
372	27	1
373	27	1
380	24	1
371	28	1
216	25	0
217	25	0
215	26	0
213	27	0
214	27	0
210	28	0
211	28	0
212	28	0
218	24	0
209	27	0
421	20	1
420	21	1
419	22	1
418	23	1
418	24	1
417	25	1
417	26	1
417	27	1
417	28	1
422	19	1
417	29	1
371	29	1
371	28	1
372	30	1
380	25	1
380	26	1
380	27	1
380	28	1
381	29	1
382	30	1
380	24	1
383	31	1
385	26	4
385	27	4
385	28	4
385	29	4
384	30	4
385	25	4
383	31	4
387	23	3
389	23	3
390	23	3
391	23	3
386	24	3
388	24	3
392	24	3
393	24	3
394	24	3
395	25	3
396	25	3
397	25	3
398	26	3
399	26	3
400	26	3
401	27	3
402	27	3
403	27	3
404	27	3
405	28	3
407	28	3
409	28	3
406	29	3
408	29	3
410	29	3
411	30	3
412	30	3
414	30	3
415	30	3
413	31	3
385	25	3
416	30	3
500	31	1
501	32	1
503	30	0
502	31	0
501	32	0
418	31	0
419	32	0
417	30	0
420	33	0
315	22	0
314	23	0
313	24	0
312	25	0
311	26	0
310	27	0
309	28	0
308	29	0
306	30	0
307	30	0
304	31	0
305	31	0
303	32	0
303	33	0
316	21	0
302	34	0
448	33	0
447	34	0
458	33	1
459	34	1
465	31	0
467	31	0
462	32	0
464	32	0
466	32	0
468	32	0
461	33	0
463	33	0
469	33	0
460	34	0
382	32	0
381	33	0
381	34	0
383	31	0
380	35	0
435	30	3
436	30	3
437	30	3
438	30	3
433	31	3
434	31	3
439	31	3
440	31	3
431	32	3
432	32	3
441	32	3
442	32	3
430	33	3
443	33	3
444	33	3
428	34	3
429	34	3
445	34	3
426	35	3
427	35	3
446	35	3
425	36	3
243	21	0
244	22	0
245	22	0
246	23	0
247	24	0
248	24	0
249	25	0
250	25	0
251	26	0
252	27	0
253	27	0
254	28	0
256	28	0
258	28	0
255	29	0
257	29	0
259	29	0
260	29	0
261	29	0
263	29	0
262	30	0
264	30	0
266	30	0
268	30	0
265	31	0
267	31	0
269	31	0
270	31	0
272	31	0
274	31	0
276	31	0
278	31	0
271	32	0
273	32	0
275	32	0
277	32	0
279	32	0
280	32	0
281	32	0
283	32	0
285	32	0
287	32	0
282	33	0
284	33	0
286	33	0
288	33	0
289	33	0
290	33	0
291	34	0
293	34	0
298	34	0
300	34	0
301	34	0
292	35	0
294	35	0
295	35	0
296	35	0
297	35	0
299	35	0
242	20	0
302	34	0
373	31	5
374	32	5
375	33	5
376	33	5
377	34	5
378	34	5
379	35	5
372	30	5
380	35	5
423	35	0
422	34	0
424	36	0
371	31	4
371	32	4
371	33	4
371	34	4
370	35	4
369	36	4
372	30	4
381	36	1
380	35	1
448	36	0
449	36	0
447	35	0
500	33	0
499	34	0
500	35	0
500	36	0
501	32	0
501	37	0
419	34	0
418	35	0
417	36	0
416	37	0
415	38	0
420	33	0
456	36	1
455	37	1
456	38	1
457	36	1
457	38	1
487	38	961
488	38	961
504	37	0
503	38	0
502	38	0
458	39	1
457	38	1
498	40	0
497	41	0
499	40	0
303	35	0
303	36	0
304	37	0
305	38	0
305	39	0
306	40	0
307	41	0
308	42	0
302	34	0
389	40	0
389	41	0
388	42	0
388	43	0
424	38	0
425	39	0
426	40	0
426	41	0
427	42	0
424	37	0
428	43	0
108	23	0
109	23	0
106	24	0
107	24	0
104	25	0
105	25	0
102	26	0
103	26	0
100	27	0
101	27	0
98	28	0
99	28	0
96	29	0
97	29	0
94	30	0
95	30	0
92	31	0
93	31	0
90	32	0
91	32	0
88	33	0
89	33	0
86	34	0
87	34	0
84	35	0
85	35	0
82	36	0
83	36	0
80	37	0
81	37	0
79	38	0
78	39	0
77	40	0
76	41	0
76	42	0
76	43	0
110	22	0
76	44	0
501	41	0
501	42	0
502	43	0
500	40	0
356	44	1
357	45	1
358	44	0
357	45	0
387	44	1
388	43	1
389	44	0
388	43	0
421	36	1
421	37	1
421	38	1
421	39	1
420	40	1
420	41	1
420	42	1
420	43	1
421	44	1
426	44	1
427	44	1
422	45	1
423	45	1
424	45	1
425	45	1
421	35	1
428	43	1
523	46	950
524	46	950
522	47	950
525	47	950
521	48	950
520	49	950
520	50	950
520	51	950
521	52	950
520	53	950
521	54	950
521	55	950
521	56	950
522	57	950
467	48	0
466	49	0
465	50	0
464	51	0
463	52	0
357	46	9
356	47	9
356	48	9
355	49	9
355	50	9
354	51	9
354	52	9
353	53	9
357	45	9
353	54	9
429	44	3
430	45	3
431	46	3
432	46	3
433	47	3
434	47	3
435	48	3
436	48	3
438	48	3
440	48	3
442	48	3
443	48	3
445	48	3
437	49	3
439	49	3
441	49	3
444	49	3
446	49	3
447	49	3
448	50	3
450	50	3
449	51	3
451	51	3
452	51	3
453	51	3
454	52	3
455	52	3
456	52	3
458	52	3
461	52	3
457	53	3
459	53	3
460	53	3
462	53	3
428	43	3
463	52	3
2	2	0
3	3	0
4	4	0
5	5	0
6	6	0
7	7	0
8	8	0
9	9	0
10	10	0
11	11	0
12	12	0
13	13	0
14	14	0
15	15	0
16	16	0
17	17	0
18	18	0
19	19	0
20	20	0
21	21	0
22	22	0
23	23	0
24	24	0
25	25	0
26	26	0
27	27	0
28	28	0
29	29	0
30	30	0
31	31	0
32	32	0
33	33	0
34	34	0
35	35	0
36	36	0
37	37	0
38	38	0
39	39	0
40	40	0
41	41	0
42	42	0
43	43	0
44	44	0
45	45	0
46	46	0
47	47	0
48	48	0
49	49	0
50	50	0
51	51	0
52	52	0
53	53	0
54	54	0
55	55	0
335	54	1
337	54	1
339	54	1
341	54	1
342	54	1
343	54	1
344	54	1
346	54	1
347	54	1
349	54	1
350	54	1
351	54	1
319	55	1
321	55	1
323	55	1
325	55	1
326	55	1
327	55	1
328	55	1
329	55	1
330	55	1
331	55	1
332	55	1
333	55	1
334	55	1
336	55	1
338	55	1
340	55	1
345	55	1
348	55	1
317	56	1
318	56	1
320	56	1
322	56	1
324	56	1
316	57	1
314	58	1
315	58	1
313	59	1
313	60	1
313	61	1
313	62	1
313	63	1
352	55	1
313	64	1
464	53	0
465	54	0
463	52	0
74	46	0
75	46	0
72	47	0
73	47	0
70	48	0
71	48	0
68	49	0
69	49	0
66	50	0
67	50	0
64	51	0
65	51	0
62	52	0
63	52	0
60	53	0
61	53	0
58	54	0
59	54	0
57	55	0
76	45	0
56	55	0
507	54	955
506	55	955
481	56	962
482	56	962
483	56	962
480	57	962
486	55	957
488	55	957
487	56	957
489	56	957
490	56	957
491	56	957
493	56	957
501	56	957
502	56	957
503	56	957
492	57	957
494	57	957
495	57	957
496	57	957
497	57	957
498	57	957
499	57	957
500	57	957
394	58	1
394	59	1
394	60	1
394	61	1
394	62	1
162	53	0
164	53	0
166	53	0
168	53	0
170	53	0
172	53	0
160	54	0
161	54	0
163	54	0
165	54	0
167	54	0
169	54	0
171	54	0
173	54	0
174	54	0
157	55	0
158	55	0
159	55	0
175	55	0
176	55	0
155	56	0
156	56	0
177	56	0
153	57	0
154	57	0
178	57	0
179	57	0
151	58	0
152	58	0
180	58	0
181	58	0
149	59	0
150	59	0
182	59	0
147	60	0
148	60	0
183	60	0
184	60	0
144	61	0
145	61	0
146	61	0
185	61	0
142	62	0
143	62	0
186	62	0
141	63	0
187	63	0
140	64	0
390	63	2
391	63	2
392	63	2
393	63	2
389	64	2
387	65	2
388	65	2
385	66	2
386	66	2
383	67	2
384	67	2
382	68	2
381	69	2
380	70	2
380	71	2
394	62	2
379	72	2
78	45	0
79	45	0
80	45	0
81	45	0
82	45	0
83	45	0
84	45	0
85	45	0
86	45	0
87	45	0
88	45	0
89	45	0
90	45	0
91	45	0
92	45	0
93	45	0
94	45	0
95	45	0
96	45	0
97	45	0
98	45	0
99	45	0
100	46	0
101	46	0
102	46	0
103	47	0
104	47	0
105	48	0
106	49	0
107	49	0
108	50	0
109	50	0
110	51	0
111	52	0
112	52	0
113	53	0
114	53	0
115	54	0
116	54	0
118	54	0
117	55	0
119	55	0
120	55	0
121	55	0
122	55	0
123	56	0
124	56	0
125	57	0
126	57	0
127	58	0
128	58	0
129	59	0
130	59	0
131	60	0
132	60	0
133	61	0
134	61	0
135	62	0
136	62	0
137	63	0
138	63	0
139	64	0
77	45	0
140	64	0
189	62	0
188	63	0
190	63	0
191	63	0
192	63	0
193	63	0
194	63	0
195	63	0
196	63	0
197	63	0
198	64	0
199	64	0
200	64	0
201	64	0
309	64	0
311	64	0
202	65	0
203	65	0
205	65	0
245	65	0
247	65	0
249	65	0
251	65	0
253	65	0
255	65	0
257	65	0
259	65	0
261	65	0
263	65	0
302	65	0
304	65	0
305	65	0
306	65	0
307	65	0
308	65	0
310	65	0
312	65	0
204	66	0
206	66	0
207	66	0
208	66	0
209	66	0
211	66	0
226	66	0
228	66	0
230	66	0
232	66	0
234	66	0
236	66	0
238	66	0
240	66	0
241	66	0
242	66	0
243	66	0
244	66	0
246	66	0
248	66	0
250	66	0
252	66	0
254	66	0
256	66	0
258	66	0
260	66	0
262	66	0
264	66	0
265	66	0
266	66	0
267	66	0
268	66	0
269	66	0
270	66	0
271	66	0
272	66	0
273	66	0
274	66	0
275	66	0
276	66	0
277	66	0
278	66	0
280	66	0
282	66	0
284	66	0
286	66	0
288	66	0
290	66	0
292	66	0
294	66	0
296	66	0
297	66	0
298	66	0
299	66	0
300	66	0
301	66	0
303	66	0
210	67	0
212	67	0
213	67	0
214	67	0
215	67	0
216	67	0
217	67	0
218	67	0
219	67	0
220	67	0
221	67	0
223	67	0
225	67	0
227	67	0
229	67	0
231	67	0
233	67	0
235	67	0
237	67	0
239	67	0
279	67	0
281	67	0
283	67	0
285	67	0
287	67	0
289	67	0
291	67	0
293	67	0
295	67	0
222	68	0
224	68	0
187	63	0
313	64	0
185	64	0
186	64	0
143	65	0
144	65	0
145	65	0
146	65	0
147	65	0
148	65	0
149	65	0
150	65	0
151	65	0
152	65	0
153	65	0
154	65	0
155	65	0
184	65	0
156	66	0
157	66	0
182	66	0
183	66	0
158	67	0
180	67	0
181	67	0
159	68	0
160	68	0
178	68	0
179	68	0
161	69	0
162	69	0
163	69	0
176	69	0
177	69	0
164	70	0
165	70	0
166	70	0
167	70	0
169	70	0
174	70	0
175	70	0
168	71	0
170	71	0
171	71	0
172	71	0
173	71	0
187	63	0
142	65	0
354	56	2
355	57	2
355	58	2
356	59	2
356	60	2
357	61	2
358	62	2
358	63	2
359	64	2
360	65	2
361	66	2
362	67	2
362	68	2
362	69	2
362	70	2
362	71	2
353	55	2
362	72	2
633	73	0
634	73	0
632	74	0
314	65	4
315	65	4
316	66	4
317	66	4
318	67	4
319	67	4
320	68	4
321	68	4
322	68	4
323	68	4
324	68	4
325	68	4
326	68	4
328	68	4
330	68	4
332	68	4
334	68	4
327	69	4
329	69	4
331	69	4
333	69	4
335	69	4
336	69	4
337	69	4
338	69	4
339	69	4
340	69	4
342	69	4
341	70	4
343	70	4
344	70	4
345	70	4
347	70	4
346	71	4
348	71	4
350	71	4
352	71	4
349	72	4
351	72	4
353	72	4
355	72	4
354	73	4
356	73	4
357	74	4
358	74	4
359	74	4
360	74	4
313	64	4
361	73	4
364	73	0
366	73	0
372	73	0
374	73	0
377	73	0
363	74	0
365	74	0
367	74	0
368	74	0
369	74	0
370	74	0
371	74	0
373	74	0
375	74	0
376	74	0
362	73	0
378	73	0
395	63	2
396	63	2
397	63	2
398	64	2
399	65	2
400	66	2
400	67	2
401	68	2
402	69	2
403	70	2
404	70	2
405	71	2
406	71	2
407	71	2
408	72	2
410	72	2
412	72	2
414	72	2
409	73	2
411	73	2
413	73	2
415	73	2
417	73	2
419	73	2
416	74	2
418	74	2
420	74	2
394	62	2
628	76	0
627	77	0
626	78	0
629	76	0
626	79	0
629	78	0
628	79	0
630	77	0
627	80	0
642	79	943
643	80	943
425	74	2
424	75	2
426	75	2
427	75	2
428	75	2
429	76	2
430	76	2
431	76	2
432	76	2
433	76	2
435	76	2
434	77	2
436	77	2
437	77	2
438	77	2
439	78	2
440	79	2
440	80	2
440	81	2
440	82	2
531	79	1
532	79	1
533	79	1
534	79	1
535	79	1
536	79	1
537	79	1
538	79	1
539	79	1
540	79	1
541	79	1
542	79	1
543	79	1
544	79	1
528	80	1
529	80	1
530	80	1
545	80	1
546	80	1
547	80	1
548	80	1
527	81	1
549	81	1
550	81	1
551	81	1
553	81	1
526	82	1
552	82	1
554	82	1
555	82	1
556	82	1
524	83	1
525	83	1
557	83	1
523	84	1
522	85	1
522	86	1
558	84	1
522	87	1
627	81	0
628	82	0
629	82	0
631	82	0
635	82	0
636	82	0
630	83	0
632	83	0
633	83	0
634	83	0
627	80	0
380	74	2
381	75	2
382	75	2
383	76	2
384	76	2
385	77	2
386	78	2
387	78	2
388	79	2
389	80	2
390	80	2
391	81	2
392	81	2
394	81	2
393	82	2
395	82	2
396	82	2
397	83	2
398	83	2
399	83	2
400	83	2
401	83	2
403	83	2
439	83	2
402	84	2
404	84	2
405	84	2
406	84	2
407	84	2
408	84	2
409	84	2
410	84	2
411	84	2
413	84	2
415	84	2
435	84	2
436	84	2
437	84	2
438	84	2
412	85	2
414	85	2
416	85	2
418	85	2
420	85	2
422	85	2
424	85	2
426	85	2
428	85	2
429	85	2
430	85	2
431	85	2
432	85	2
433	85	2
434	85	2
417	86	2
419	86	2
421	86	2
423	86	2
425	86	2
427	86	2
379	73	2
440	82	2
588	83	1
589	84	1
590	85	1
599	83	3
601	83	3
603	83	3
605	83	3
612	83	3
596	84	3
597	84	3
598	84	3
600	84	3
602	84	3
604	84	3
606	84	3
607	84	3
609	84	3
611	84	3
613	84	3
614	84	3
615	84	3
616	84	3
617	84	3
618	84	3
591	85	3
592	85	3
593	85	3
594	85	3
595	85	3
608	85	3
610	85	3
590	85	3
619	85	3
625	80	0
623	81	0
624	81	0
622	82	0
621	83	0
620	84	0
626	79	0
619	85	0
560	84	0
561	85	0
562	86	0
563	86	0
559	84	0
564	87	0
589	86	0
590	85	0
588	87	0
557	86	0
557	87	0
558	85	0
557	88	0
141	67	0
141	68	0
141	69	0
140	70	0
139	71	0
138	72	0
137	73	0
136	74	0
135	75	0
134	76	0
133	77	0
133	78	0
133	79	0
133	80	0
133	81	0
133	82	0
133	83	0
132	84	0
132	85	0
132	86	0
131	87	0
131	88	0
141	66	0
130	89	0
565	86	1
566	86	1
567	87	1
568	87	1
569	87	1
570	87	1
571	87	1
572	87	1
573	87	1
574	87	1
575	87	1
576	87	1
577	87	1
578	87	1
579	88	1
564	87	1
580	89	1
582	87	0
584	87	0
586	87	0
581	88	0
583	88	0
585	88	0
587	87	0
580	89	0
521	88	1
518	89	1
519	89	1
520	89	1
513	90	1
515	90	1
517	90	1
507	91	1
509	91	1
510	91	1
511	91	1
512	91	1
514	91	1
516	91	1
501	92	1
503	92	1
504	92	1
505	92	1
506	92	1
508	92	1
499	93	1
500	93	1
502	93	1
495	94	1
496	94	1
497	94	1
498	94	1
522	87	1
494	95	1
543	85	6
545	85	6
547	85	6
538	86	6
540	86	6
541	86	6
542	86	6
544	86	6
546	86	6
548	86	6
549	86	6
550	86	6
535	87	6
537	87	6
539	87	6
551	87	6
552	87	6
553	87	6
523	88	6
524	88	6
525	88	6
534	88	6
536	88	6
554	88	6
555	88	6
526	89	6
527	89	6
529	89	6
532	89	6
533	89	6
556	89	6
528	90	6
530	90	6
531	90	6
522	87	6
557	88	6
563	88	0
562	89	0
564	87	0
562	90	0
588	89	1
588	90	1
588	88	1
128	90	0
129	90	0
125	91	0
126	91	0
127	91	0
123	92	0
124	92	0
120	93	0
121	93	0
122	93	0
118	94	0
119	94	0
116	95	0
117	95	0
114	96	0
115	96	0
113	97	0
111	98	0
112	98	0
109	99	0
110	99	0
108	100	0
106	101	0
107	101	0
104	102	0
105	102	0
103	103	0
101	104	0
102	104	0
67	105	0
68	105	0
69	105	0
70	105	0
71	105	0
72	105	0
73	105	0
74	105	0
75	105	0
76	105	0
77	105	0
78	105	0
79	105	0
80	105	0
81	105	0
82	105	0
83	105	0
84	105	0
85	105	0
86	105	0
87	105	0
88	105	0
89	105	0
90	105	0
91	105	0
92	105	0
93	105	0
94	105	0
95	105	0
96	105	0
97	105	0
98	105	0
99	105	0
100	105	0
130	89	0
66	105	0
558	89	0
559	90	0
560	91	0
561	91	0
557	88	0
562	90	0
619	86	1
619	87	1
620	88	1
620	89	1
620	90	1
621	91	1
622	92	1
623	93	1
619	85	1
442	82	9
444	82	9
446	82	9
447	82	9
449	82	9
441	83	9
443	83	9
445	83	9
448	83	9
450	83	9
451	83	9
452	83	9
454	83	9
456	83	9
453	84	9
455	84	9
457	84	9
458	84	9
459	84	9
460	84	9
461	84	9
462	84	9
463	84	9
464	84	9
468	84	9
465	85	9
466	85	9
467	85	9
469	85	9
470	86	9
471	86	9
472	86	9
474	86	9
473	87	9
475	87	9
476	88	9
478	88	9
477	89	9
479	89	9
480	89	9
481	90	9
482	90	9
483	90	9
484	91	9
486	91	9
485	92	9
487	92	9
488	93	9
489	93	9
490	93	9
491	94	9
492	94	9
493	94	9
440	82	9
494	95	9
578	90	1
579	90	1
563	91	1
576	91	1
577	91	1
564	92	1
565	92	1
573	92	1
575	92	1
566	93	1
568	93	1
572	93	1
574	93	1
567	94	1
569	94	1
570	94	1
571	94	1
580	89	1
562	90	1
636	96	946
637	96	946
638	96	946
518	97	957
519	97	957
629	98	1
628	99	1
494	96	1
494	97	1
494	98	1
494	99	1
494	100	1
494	95	1
626	100	1
627	100	1
628	99	1
629	100	1
628	99	1
630	101	1
522	101	949
523	101	949
524	101	949
525	101	949
526	101	949
527	101	949
528	101	949
529	101	949
530	101	949
531	101	949
532	101	949
633	102	0
633	103	0
186	98	2
184	99	2
185	99	2
183	100	2
182	101	2
182	102	2
182	103	2
187	99	2
183	104	2
187	100	2
186	101	2
185	102	2
184	103	2
187	99	2
183	104	2
628	103	1
629	102	1
631	103	0
630	102	0
632	104	0
55	57	0
54	58	0
54	59	0
53	60	0
53	61	0
52	62	0
52	63	0
51	64	0
51	65	0
50	66	0
50	67	0
49	68	0
49	69	0
48	70	0
49	71	0
49	72	0
50	73	0
50	74	0
51	75	0
51	76	0
52	77	0
52	78	0
53	79	0
53	80	0
54	81	0
54	82	0
55	83	0
55	84	0
56	85	0
56	86	0
57	87	0
57	88	0
58	89	0
58	90	0
59	91	0
59	92	0
60	93	0
60	94	0
61	95	0
61	96	0
62	97	0
62	98	0
63	99	0
63	100	0
64	101	0
64	102	0
65	103	0
65	104	0
55	56	0
66	105	0
188	98	2
189	99	2
190	100	2
191	100	2
192	101	2
193	102	2
193	103	2
193	104	2
187	99	2
193	105	2
636	103	0
634	104	0
635	104	0
633	103	0
597	105	0
596	106	0
182	105	0
182	106	0
183	104	0
182	107	0
591	105	1
592	105	1
593	105	1
595	105	1
594	106	1
596	106	1
632	105	0
631	106	0
632	104	0
236	101	0
238	101	0
240	101	0
241	101	0
242	101	0
243	101	0
244	101	0
245	101	0
246	101	0
229	102	0
230	102	0
231	102	0
232	102	0
233	102	0
234	102	0
235	102	0
237	102	0
239	102	0
247	102	0
248	102	0
224	103	0
225	103	0
226	103	0
227	103	0
228	103	0
249	103	0
250	103	0
214	104	0
216	104	0
218	104	0
219	104	0
220	104	0
221	104	0
222	104	0
223	104	0
251	104	0
252	104	0
253	104	0
198	105	0
200	105	0
202	105	0
204	105	0
206	105	0
208	105	0
209	105	0
210	105	0
211	105	0
212	105	0
213	105	0
215	105	0
217	105	0
254	105	0
255	105	0
194	106	0
195	106	0
196	106	0
197	106	0
199	106	0
201	106	0
203	106	0
205	106	0
207	106	0
256	106	0
257	107	0
193	105	0
258	108	0
467	106	2
468	106	2
469	106	2
465	107	2
466	107	2
470	107	2
464	108	2
463	109	2
462	110	2
462	111	2
461	112	2
460	113	2
521	106	2
522	107	2
523	108	2
191	106	0
192	106	0
190	107	0
184	108	0
185	108	0
186	108	0
187	108	0
188	108	0
189	108	0
193	105	0
183	108	0
526	107	0
524	108	0
525	108	0
523	108	0
597	107	0
597	108	0
596	106	0
522	109	0
523	108	0
522	110	0
510	106	0
510	107	0
510	108	0
510	109	0
510	110	0
510	111	0
530	109	0
529	110	0
529	111	0
529	112	0
514	111	0
512	112	0
513	112	0
515	112	0
516	112	0
517	113	0
511	112	0
518	114	0
521	111	0
520	112	0
519	113	0
522	110	0
518	114	0
262	106	22
312	106	22
314	106	22
315	106	22
316	106	22
317	106	22
318	106	22
319	106	22
321	106	22
322	106	22
323	106	22
259	107	22
260	107	22
261	107	22
263	107	22
264	107	22
265	107	22
266	107	22
268	107	22
300	107	22
305	107	22
307	107	22
308	107	22
309	107	22
310	107	22
311	107	22
313	107	22
320	107	22
324	107	22
325	107	22
326	107	22
327	107	22
328	107	22
329	107	22
331	107	22
333	107	22
425	107	22
427	107	22
429	107	22
430	107	22
431	107	22
432	107	22
433	107	22
435	107	22
437	107	22
267	108	22
269	108	22
270	108	22
271	108	22
272	108	22
273	108	22
274	108	22
276	108	22
278	108	22
280	108	22
281	108	22
282	108	22
283	108	22
285	108	22
287	108	22
289	108	22
290	108	22
291	108	22
292	108	22
294	108	22
296	108	22
297	108	22
298	108	22
299	108	22
301	108	22
302	108	22
303	108	22
304	108	22
306	108	22
330	108	22
332	108	22
334	108	22
335	108	22
336	108	22
337	108	22
338	108	22
420	108	22
422	108	22
423	108	22
424	108	22
426	108	22
428	108	22
434	108	22
436	108	22
438	108	22
440	108	22
275	109	22
277	109	22
279	109	22
284	109	22
286	109	22
288	109	22
293	109	22
295	109	22
339	109	22
340	109	22
341	109	22
342	109	22
343	109	22
344	109	22
346	109	22
348	109	22
350	109	22
352	109	22
372	109	22
374	109	22
376	109	22
378	109	22
380	109	22
382	109	22
385	109	22
387	109	22
389	109	22
391	109	22
414	109	22
416	109	22
417	109	22
418	109	22
419	109	22
421	109	22
439	109	22
441	109	22
442	109	22
345	110	22
347	110	22
349	110	22
351	110	22
353	110	22
354	110	22
355	110	22
356	110	22
357	110	22
358	110	22
359	110	22
360	110	22
361	110	22
362	110	22
363	110	22
364	110	22
366	110	22
367	110	22
368	110	22
369	110	22
370	110	22
371	110	22
373	110	22
375	110	22
377	110	22
379	110	22
381	110	22
383	110	22
384	110	22
386	110	22
388	110	22
390	110	22
392	110	22
393	110	22
394	110	22
395	110	22
396	110	22
397	110	22
398	110	22
399	110	22
400	110	22
401	110	22
402	110	22
403	110	22
405	110	22
407	110	22
409	110	22
411	110	22
412	110	22
413	110	22
415	110	22
443	110	22
444	110	22
365	111	22
404	111	22
406	111	22
408	111	22
410	111	22
445	111	22
446	111	22
448	111	22
447	112	22
449	112	22
450	112	22
451	112	22
452	112	22
453	113	22
454	113	22
455	113	22
456	113	22
458	113	22
457	114	22
459	114	22
258	108	22
460	113	22
505	112	0
507	112	0
502	113	0
504	113	0
506	113	0
508	113	0
498	114	0
499	114	0
500	114	0
501	114	0
503	114	0
496	115	0
497	115	0
494	116	0
495	116	0
493	117	0
492	118	0
491	119	0
490	120	0
489	121	0
509	112	0
488	122	0
523	111	0
524	111	0
525	112	0
526	113	0
527	114	0
522	110	0
528	113	0
530	114	0
529	113	0
638	113	943
639	114	943
518	115	0
518	114	0
517	116	0
510	114	0
511	115	0
512	116	0
513	116	0
514	116	0
515	116	0
510	113	0
516	116	0
517	118	0
517	117	0
180	109	0
181	109	0
179	110	0
178	111	0
177	112	0
176	113	0
175	114	0
174	115	0
172	116	0
173	116	0
171	117	0
170	118	0
169	119	0
169	120	0
182	108	0
168	121	0
131	90	1
131	91	1
132	92	1
133	93	1
134	94	1
134	95	1
135	96	1
136	96	1
137	97	1
137	98	1
138	99	1
139	99	1
140	100	1
141	101	1
142	102	1
143	103	1
144	104	1
145	105	1
146	105	1
147	106	1
148	106	1
149	107	1
150	108	1
151	109	1
152	109	1
153	110	1
154	110	1
155	111	1
156	112	1
157	113	1
158	114	1
159	115	1
160	116	1
161	117	1
162	118	1
163	119	1
164	120	1
165	121	1
166	121	1
130	89	1
167	122	1
461	114	1
462	115	1
463	115	1
464	116	1
465	117	1
466	117	1
467	118	1
468	119	1
469	119	1
470	119	1
471	119	1
472	119	1
474	119	1
476	119	1
473	120	1
475	120	1
477	120	1
478	120	1
479	120	1
480	120	1
481	120	1
482	120	1
483	120	1
484	120	1
485	121	1
486	121	1
460	113	1
487	122	1
595	120	944
597	120	944
596	121	944
598	121	944
599	122	944
600	123	944
601	124	944
602	124	944
603	125	944
604	126	944
605	127	944
606	127	944
169	123	1
170	124	1
171	125	1
171	126	1
171	127	1
171	128	1
168	122	1
171	129	1
534	129	0
533	130	0
65	106	0
65	107	0
64	108	0
64	109	0
63	110	0
63	111	0
62	112	0
62	113	0
61	114	0
61	115	0
60	116	0
60	117	0
59	118	0
59	119	0
59	120	0
60	121	0
60	122	0
61	123	0
61	124	0
62	125	0
62	126	0
63	127	0
63	128	0
64	129	0
64	130	0
66	105	0
65	131	0
258	109	1
258	110	1
257	111	1
256	112	1
254	113	1
255	113	1
253	114	1
251	115	1
252	115	1
250	116	1
249	117	1
247	118	1
248	118	1
246	119	1
245	120	1
243	121	1
244	121	1
242	122	1
240	123	1
241	123	1
239	124	1
238	125	1
236	126	1
237	126	1
235	127	1
234	128	1
232	129	1
233	129	1
231	130	1
258	108	1
230	131	1
173	131	1
174	131	1
175	131	1
227	131	1
228	131	1
229	131	1
176	132	1
177	132	1
224	132	1
226	132	1
178	133	1
179	133	1
180	133	1
218	133	1
220	133	1
221	133	1
222	133	1
223	133	1
225	133	1
181	134	1
182	134	1
215	134	1
216	134	1
217	134	1
219	134	1
183	135	1
184	135	1
185	135	1
186	135	1
188	135	1
190	135	1
199	135	1
201	135	1
203	135	1
205	135	1
212	135	1
214	135	1
187	136	1
189	136	1
191	136	1
192	136	1
193	136	1
194	136	1
195	136	1
196	136	1
197	136	1
198	136	1
200	136	1
202	136	1
204	136	1
206	136	1
207	136	1
208	136	1
209	136	1
210	136	1
211	136	1
213	136	1
172	130	1
230	131	1
488	124	0
488	125	0
488	126	0
489	127	0
489	128	0
490	129	0
490	130	0
491	131	0
488	123	0
492	132	0
532	130	2
528	131	2
529	131	2
530	131	2
531	131	2
527	132	2
533	130	2
534	131	0
533	130	0
491	134	0
492	133	0
544	137	0
543	138	0
538	139	0
532	140	0
533	140	0
534	140	0
535	140	0
537	140	0
539	140	0
540	140	0
530	141	0
531	141	0
536	141	0
528	142	0
529	142	0
541	140	0
527	143	0
545	139	0
546	139	0
547	140	0
544	139	0
66	131	1
67	131	1
68	131	1
69	131	1
70	131	1
71	131	1
72	131	1
73	131	1
74	131	1
75	131	1
76	131	1
77	131	1
78	131	1
79	131	1
80	131	1
81	131	1
82	131	1
83	131	1
84	131	1
85	131	1
86	131	1
87	131	1
88	131	1
89	131	1
90	131	1
91	131	1
92	131	1
93	131	1
94	131	1
95	131	1
96	131	1
97	131	1
98	131	1
99	131	1
100	131	1
101	131	1
102	131	1
103	131	1
104	131	1
105	131	1
106	131	1
169	131	1
170	131	1
107	132	1
108	132	1
109	132	1
167	132	1
168	132	1
110	133	1
111	133	1
166	133	1
112	134	1
113	134	1
164	134	1
165	134	1
114	135	1
115	135	1
163	135	1
116	136	1
117	136	1
161	136	1
162	136	1
118	137	1
119	137	1
121	137	1
123	137	1
128	137	1
160	137	1
120	138	1
122	138	1
124	138	1
125	138	1
126	138	1
127	138	1
129	138	1
130	138	1
131	138	1
132	138	1
134	138	1
158	138	1
159	138	1
133	139	1
135	139	1
136	139	1
137	139	1
138	139	1
139	139	1
156	139	1
157	139	1
140	140	1
141	140	1
142	140	1
143	140	1
144	140	1
145	140	1
146	140	1
153	140	1
155	140	1
147	141	1
148	141	1
149	141	1
150	141	1
151	141	1
152	141	1
154	141	1
171	130	1
65	131	1
494	134	3
495	135	3
496	135	3
497	135	3
498	136	3
500	136	3
499	137	3
501	137	3
502	137	3
503	137	3
505	137	3
504	138	3
506	138	3
507	138	3
508	138	3
509	138	3
510	138	3
511	138	3
513	138	3
515	138	3
518	138	3
512	139	3
514	139	3
516	139	3
517	139	3
519	139	3
520	139	3
521	139	3
522	139	3
523	140	3
524	141	3
525	142	3
526	142	3
493	133	3
527	143	3
320	139	0
321	140	0
322	141	0
323	142	0
324	143	0
325	144	0
336	132	0
335	133	0
334	134	0
334	135	0
333	136	0
332	137	0
331	138	0
331	139	0
330	140	0
329	141	0
328	142	0
327	143	0
326	144	0
542	142	0
542	143	0
543	144	0
545	144	0
544	145	0
542	141	0
270	143	0
266	144	0
267	144	0
268	144	0
269	144	0
271	144	0
265	145	0
272	145	0
263	146	0
264	146	0
273	146	0
262	147	0
261	148	0
260	149	0
258	150	0
259	150	0
257	151	0
256	152	0
527	144	0
528	145	0
528	146	0
529	147	0
530	148	0
531	149	0
527	143	0
531	150	0
530	151	0
531	150	0
231	132	0
231	133	0
231	134	0
231	135	0
232	136	0
233	137	0
233	138	0
233	139	0
234	140	0
234	141	0
235	142	0
235	143	0
236	144	0
237	144	0
238	145	0
239	146	0
240	147	0
241	148	0
242	148	0
243	149	0
244	149	0
246	149	0
245	150	0
247	150	0
250	150	0
248	151	0
249	151	0
251	151	0
252	151	0
253	151	0
254	152	0
255	152	0
230	131	0
256	152	0
532	151	0
533	152	0
531	150	0
325	146	0
324	147	0
323	148	0
322	149	0
322	150	0
321	151	0
320	152	0
319	153	0
317	154	0
318	154	0
326	145	0
316	155	0
257	153	0
257	154	0
258	155	0
259	156	0
256	152	0
260	157	0
261	156	1
262	156	1
263	156	1
264	156	1
260	157	1
309	155	14
307	156	14
308	156	14
310	156	14
311	156	14
312	156	14
313	156	14
314	156	14
303	157	14
304	157	14
305	157	14
306	157	14
300	158	14
301	158	14
302	158	14
297	159	14
298	159	14
299	159	14
296	160	14
294	161	14
295	161	14
292	162	14
293	162	14
291	163	14
290	164	14
289	165	14
288	166	14
286	167	14
287	167	14
285	168	14
284	169	14
283	170	14
282	171	14
282	172	14
281	173	14
280	174	14
279	175	14
279	176	14
277	177	14
278	177	14
315	155	14
276	178	14
261	158	0
260	157	0
316	157	0
316	158	0
316	159	0
317	160	0
318	161	0
316	156	0
362	163	2
361	164	2
362	165	1
361	164	1
359	165	1
360	165	1
356	166	1
357	166	1
358	166	1
361	164	1
184	159	12
183	160	12
182	161	12
181	162	12
179	163	12
180	163	12
178	164	12
178	165	12
177	166	12
177	167	12
177	168	12
177	169	12
177	170	12
177	171	12
177	172	12
177	173	12
177	174	12
177	175	12
115	160	0
114	161	0
114	162	0
113	163	0
113	164	0
113	165	0
112	166	0
112	167	0
112	168	0
112	169	0
112	170	0
112	171	0
112	172	0
112	173	0
112	174	0
112	175	0
112	176	0
112	177	0
112	178	0
112	179	0
364	176	1
364	177	1
364	178	1
365	179	1
366	178	1
365	179	1
64	132	1
64	133	1
63	134	1
63	135	1
62	136	1
62	137	1
61	138	1
61	139	1
60	140	1
60	141	1
59	142	1
59	143	1
58	144	1
58	145	1
57	146	1
57	147	1
56	148	1
56	149	1
55	150	1
55	151	1
54	152	1
54	153	1
53	154	1
53	155	1
52	156	1
52	157	1
52	158	1
52	159	1
52	160	1
53	161	1
52	162	1
53	163	1
53	164	1
54	165	1
54	166	1
55	167	1
55	168	1
56	169	1
56	170	1
57	171	1
57	172	1
58	173	1
58	174	1
59	175	1
59	176	1
60	177	1
60	178	1
61	179	1
61	180	1
65	131	1
62	181	1
109	179	0
110	179	0
106	180	0
107	180	0
108	180	0
111	180	0
63	181	0
64	181	0
65	181	0
66	181	0
67	181	0
68	181	0
69	181	0
70	181	0
71	181	0
72	181	0
73	181	0
74	181	0
75	181	0
76	181	0
77	181	0
78	181	0
79	181	0
80	181	0
81	181	0
82	181	0
83	181	0
84	181	0
85	181	0
86	181	0
87	181	0
88	181	0
89	181	0
90	181	0
91	181	0
92	181	0
93	181	0
94	181	0
95	181	0
96	181	0
97	181	0
98	181	0
99	181	0
100	181	0
101	181	0
102	181	0
103	181	0
104	181	0
105	181	0
112	179	0
62	181	0
271	178	4
273	178	4
274	178	4
267	179	4
269	179	4
270	179	4
272	179	4
262	180	4
264	180	4
265	180	4
266	180	4
268	180	4
261	181	4
263	181	4
258	182	4
260	182	4
256	183	4
257	183	4
259	183	4
255	184	4
253	185	4
254	185	4
252	186	4
250	187	4
251	187	4
249	188	4
247	189	4
248	189	4
246	190	4
275	178	4
245	191	4
364	180	0
365	179	0
364	181	0
346	181	6
347	181	6
348	181	6
349	181	6
350	181	6
351	181	6
352	181	6
353	181	6
354	181	6
355	181	6
356	181	6
358	181	6
360	181	6
362	181	6
344	182	6
345	182	6
357	182	6
359	182	6
361	182	6
343	183	6
341	184	6
342	184	6
340	185	6
363	182	6
339	186	6
179	177	0
180	177	0
181	177	0
182	178	0
183	178	0
184	178	0
186	178	0
185	179	0
187	179	0
188	179	0
189	180	0
190	180	0
191	180	0
192	180	0
193	181	0
194	181	0
195	181	0
196	181	0
197	181	0
198	181	0
199	181	0
201	181	0
202	181	0
204	181	0
206	181	0
200	182	0
203	182	0
205	182	0
207	182	0
208	182	0
209	182	0
210	183	0
211	183	0
212	184	0
213	185	0
178	176	0
214	186	0
365	183	1
366	183	1
367	184	1
368	185	1
364	182	1
276	180	4
276	181	4
276	182	4
276	183	4
276	184	4
276	185	4
325	185	4
327	185	4
329	185	4
331	185	4
333	185	4
335	185	4
338	185	4
277	186	4
322	186	4
324	186	4
326	186	4
328	186	4
330	186	4
332	186	4
334	186	4
336	186	4
337	186	4
277	187	4
319	187	4
321	187	4
323	187	4
278	188	4
301	188	4
303	188	4
305	188	4
307	188	4
308	188	4
309	188	4
310	188	4
311	188	4
312	188	4
313	188	4
314	188	4
316	188	4
317	188	4
318	188	4
320	188	4
279	189	4
294	189	4
296	189	4
297	189	4
298	189	4
299	189	4
300	189	4
302	189	4
304	189	4
306	189	4
315	189	4
280	190	4
281	190	4
287	190	4
289	190	4
291	190	4
292	190	4
293	190	4
295	190	4
282	191	4
283	191	4
284	191	4
285	191	4
286	191	4
288	191	4
290	191	4
276	179	4
339	186	4
113	180	0
114	181	0
115	182	0
116	183	0
117	184	0
118	185	0
119	186	0
120	187	0
121	188	0
122	189	0
123	190	0
124	190	0
112	179	0
125	191	0
215	185	0
216	185	0
217	185	0
218	185	0
219	186	0
220	186	0
222	186	0
221	187	0
223	187	0
224	187	0
225	188	0
226	188	0
227	189	0
228	189	0
229	189	0
231	189	0
230	190	0
232	190	0
233	190	0
234	190	0
235	190	0
236	190	0
237	190	0
238	190	0
239	190	0
241	190	0
244	190	0
240	191	0
242	191	0
243	191	0
214	186	0
245	191	0
176	177	1
175	178	1
174	179	1
173	180	1
172	181	1
171	182	1
170	183	1
168	184	1
169	184	1
167	185	1
166	186	1
164	187	1
165	187	1
163	188	1
162	189	1
160	190	1
161	190	1
159	191	1
159	192	1
158	193	1
157	194	1
177	176	1
156	195	1
127	191	0
128	191	0
129	191	0
130	191	0
131	191	0
132	191	0
133	191	0
134	191	0
135	191	0
136	191	0
138	191	0
137	192	0
139	192	0
140	192	0
141	192	0
142	192	0
143	192	0
144	192	0
145	192	0
146	192	0
148	192	0
147	193	0
149	193	0
150	193	0
151	194	0
152	194	0
153	195	0
154	195	0
126	191	0
155	195	0
208	195	0
209	196	0
210	197	0
214	187	0
214	188	0
214	189	0
214	190	0
214	191	0
214	192	0
214	193	0
214	194	0
213	195	0
212	196	0
214	186	0
211	197	0
376	197	0
375	198	0
157	197	0
158	198	0
156	196	0
159	199	0
340	187	7
340	188	7
341	189	7
342	190	7
343	191	7
344	191	7
345	192	7
347	192	7
346	193	7
348	193	7
350	193	7
349	194	7
351	194	7
353	194	7
352	195	7
354	195	7
355	195	7
356	195	7
358	195	7
357	196	7
359	196	7
360	196	7
361	196	7
362	196	7
364	196	7
366	196	7
363	197	7
365	197	7
367	197	7
368	197	7
369	197	7
370	197	7
371	197	7
372	198	7
373	198	7
339	186	7
374	198	7
377	199	0
378	199	0
376	200	0
377	201	0
376	200	0
61	182	0
61	183	0
60	184	0
60	185	0
59	186	0
59	187	0
58	188	0
58	189	0
57	190	0
57	191	0
56	192	0
56	193	0
55	194	0
55	195	0
54	196	0
54	197	0
54	198	0
55	199	0
55	200	0
56	201	0
56	202	0
62	181	0
57	203	0
125	193	0
125	194	0
125	195	0
125	196	0
124	197	0
123	198	0
121	199	0
122	199	0
119	200	0
120	200	0
118	201	0
116	202	0
117	202	0
58	203	0
59	203	0
60	203	0
61	203	0
62	203	0
63	203	0
64	203	0
65	203	0
66	203	0
67	203	0
68	203	0
69	203	0
70	203	0
71	203	0
72	203	0
73	203	0
74	203	0
75	203	0
76	203	0
77	203	0
78	203	0
79	203	0
80	203	0
81	203	0
82	203	0
83	203	0
84	203	0
85	203	0
86	203	0
87	203	0
88	203	0
89	203	0
90	203	0
91	203	0
92	203	0
93	203	0
94	203	0
95	203	0
96	203	0
97	203	0
98	203	0
99	203	0
100	203	0
101	203	0
102	203	0
103	203	0
104	203	0
105	203	0
106	203	0
114	203	0
115	203	0
107	204	0
108	204	0
110	204	0
111	204	0
112	204	0
113	204	0
109	205	0
125	192	0
57	203	0
245	192	0
245	193	0
245	194	0
245	195	0
245	196	0
245	197	0
245	198	0
246	199	0
246	200	0
247	201	0
246	202	0
247	203	0
247	204	0
248	205	0
249	206	0
250	206	0
245	191	0
340	203	974
341	204	974
342	204	974
343	204	974
344	205	974
345	205	974
346	205	974
347	205	974
348	206	974
363	206	0
363	207	0
363	208	0
363	209	0
209	199	0
208	200	0
208	201	0
207	202	0
206	203	0
206	204	0
206	205	0
205	206	0
205	207	0
205	208	0
205	209	0
204	210	0
210	198	0
204	211	0
377	206	959
376	207	959
378	207	959
372	208	959
375	208	959
372	209	959
374	209	959
373	210	959
358	210	6
360	210	6
362	210	6
355	211	6
356	211	6
357	211	6
359	211	6
361	211	6
354	212	6
352	213	6
353	213	6
351	214	6
349	215	6
350	215	6
348	216	6
346	217	6
347	217	6
363	209	6
345	218	6
368	208	1
367	209	1
364	210	1
366	210	1
365	211	1
363	209	1
161	199	2
162	199	2
163	199	2
164	199	2
165	199	2
166	199	2
167	199	2
168	199	2
169	199	2
170	199	2
171	199	2
172	200	2
173	201	2
174	202	2
175	202	2
176	203	2
177	204	2
178	204	2
179	205	2
180	206	2
181	207	2
182	207	2
183	207	2
184	207	2
186	207	2
185	208	2
187	208	2
188	208	2
189	208	2
191	208	2
190	209	2
192	209	2
193	209	2
194	210	2
195	210	2
196	210	2
197	211	2
198	211	2
199	212	2
200	212	2
160	199	2
201	213	2
202	212	0
203	212	0
204	211	0
201	213	0
205	212	3
206	212	3
207	213	3
208	213	3
300	213	3
302	213	3
304	213	3
209	214	3
210	214	3
295	214	3
297	214	3
299	214	3
301	214	3
303	214	3
305	214	3
306	214	3
307	214	3
308	214	3
309	214	3
310	214	3
311	214	3
313	214	3
211	215	3
212	215	3
292	215	3
294	215	3
296	215	3
298	215	3
312	215	3
314	215	3
315	215	3
316	215	3
317	215	3
318	215	3
320	215	3
322	215	3
213	216	3
291	216	3
293	216	3
319	216	3
321	216	3
323	216	3
324	216	3
325	216	3
214	217	3
215	217	3
289	217	3
290	217	3
326	217	3
327	217	3
328	217	3
329	217	3
330	217	3
331	217	3
343	217	3
216	218	3
217	218	3
287	218	3
288	218	3
332	218	3
333	218	3
334	218	3
335	218	3
336	218	3
337	218	3
338	218	3
339	218	3
340	218	3
341	218	3
342	218	3
218	219	3
219	219	3
285	219	3
286	219	3
220	220	3
222	220	3
224	220	3
226	220	3
228	220	3
230	220	3
232	220	3
234	220	3
236	220	3
238	220	3
239	220	3
240	220	3
241	220	3
242	220	3
243	220	3
244	220	3
245	220	3
246	220	3
247	220	3
248	220	3
249	220	3
250	220	3
251	220	3
253	220	3
282	220	3
284	220	3
221	221	3
223	221	3
225	221	3
227	221	3
229	221	3
231	221	3
233	221	3
235	221	3
237	221	3
252	221	3
254	221	3
255	221	3
256	221	3
257	221	3
258	221	3
259	221	3
260	221	3
262	221	3
264	221	3
281	221	3
283	221	3
261	222	3
263	222	3
265	222	3
266	222	3
267	222	3
268	222	3
269	222	3
271	222	3
273	222	3
276	222	3
278	222	3
279	222	3
280	222	3
270	223	3
272	223	3
274	223	3
275	223	3
277	223	3
204	211	3
344	218	3
159	201	2
159	202	2
159	203	2
159	204	2
159	205	2
159	206	2
159	207	2
159	208	2
159	209	2
159	210	2
159	211	2
158	212	2
157	213	2
157	214	2
156	215	2
156	216	2
156	217	2
156	218	2
156	219	2
156	220	2
159	200	2
156	221	2
201	214	1
201	215	1
200	216	1
198	217	1
199	217	1
196	218	1
197	218	1
194	219	1
195	219	1
192	220	1
193	220	1
189	221	1
190	221	1
191	221	1
187	222	1
188	222	1
186	223	1
184	224	1
185	224	1
182	225	1
183	225	1
181	226	1
179	227	1
180	227	1
177	228	1
178	228	1
175	229	1
176	229	1
174	230	1
172	231	1
173	231	1
171	232	1
201	213	1
170	233	1
401	219	966
401	220	966
401	221	966
401	222	966
56	204	0
56	205	0
55	206	0
55	207	0
54	208	0
54	209	0
53	210	0
53	211	0
52	212	0
53	213	0
53	214	0
54	215	0
54	216	0
55	217	0
55	218	0
56	219	0
56	220	0
57	221	0
57	222	0
58	223	0
58	224	0
57	203	0
59	225	0
346	220	1
347	221	1
347	222	1
348	223	1
349	224	1
350	225	1
345	219	1
60	225	0
61	225	0
62	225	0
63	225	0
64	225	0
65	225	0
66	225	0
67	225	0
68	225	0
69	225	0
70	225	0
71	225	0
72	225	0
73	225	0
74	225	0
75	225	0
76	225	0
77	225	0
78	225	0
79	225	0
80	225	0
81	225	0
82	225	0
83	225	0
84	225	0
85	225	0
86	225	0
87	225	0
88	225	0
89	225	0
90	225	0
91	225	0
92	225	0
93	225	0
94	225	0
95	225	0
96	225	0
97	225	0
98	225	0
99	225	0
100	225	0
101	225	0
102	225	0
103	225	0
104	226	0
105	226	0
106	227	0
107	227	0
108	228	0
109	228	0
110	228	0
112	228	0
114	228	0
111	229	0
113	229	0
115	229	0
116	229	0
117	229	0
118	229	0
119	229	0
120	229	0
121	229	0
123	229	0
124	229	0
125	229	0
126	229	0
127	229	0
128	229	0
122	230	0
59	225	0
129	230	0
130	229	0
132	229	0
133	229	0
131	230	0
129	230	0
134	230	0
135	229	0
136	229	0
137	230	0
138	230	0
134	230	0
139	231	0
154	222	0
155	222	0
153	223	0
152	224	0
150	225	0
151	225	0
148	226	0
149	226	0
146	227	0
147	227	0
145	228	0
143	229	0
144	229	0
141	230	0
142	230	0
156	221	0
140	231	0
452	226	0
451	227	0
451	228	0
450	229	0
449	230	0
448	231	0
157	222	0
158	222	0
159	223	0
160	224	0
161	224	0
162	225	0
163	226	0
164	227	0
165	228	0
166	229	0
167	230	0
168	231	0
169	232	0
156	221	0
170	233	0
446	231	2
445	232	2
447	232	2
444	233	2
443	234	2
442	235	2
448	231	2
441	236	2
471	234	0
470	235	0
469	236	0
449	232	1
450	233	1
451	234	1
451	235	1
452	236	1
448	231	1
383	230	0
384	231	0
384	232	0
384	233	0
384	234	0
384	235	0
384	236	0
384	237	0
384	238	0
462	237	0
463	238	0
439	236	4
437	237	4
438	237	4
434	238	4
435	238	4
436	238	4
386	239	4
388	239	4
433	239	4
387	240	4
389	240	4
390	240	4
391	240	4
392	240	4
393	240	4
394	240	4
396	240	4
398	240	4
400	240	4
402	240	4
404	240	4
406	240	4
430	240	4
432	240	4
395	241	4
397	241	4
399	241	4
401	241	4
403	241	4
405	241	4
407	241	4
408	241	4
410	241	4
429	241	4
431	241	4
409	242	4
411	242	4
412	242	4
414	242	4
426	242	4
427	242	4
428	242	4
413	243	4
415	243	4
416	243	4
417	243	4
418	243	4
419	243	4
420	243	4
421	243	4
422	243	4
423	243	4
424	243	4
425	243	4
440	237	4
385	239	4
465	237	0
467	237	0
468	237	0
466	238	0
469	236	0
464	238	0
380	239	0
381	239	0
382	239	0
375	240	0
376	240	0
377	240	0
378	240	0
379	240	0
373	241	0
374	241	0
372	242	0
383	239	0
371	243	0
460	239	1
461	240	1
470	237	1
471	238	1
472	239	1
469	236	1
292	241	0
293	241	0
294	241	0
291	242	0
288	243	0
289	243	0
290	243	0
284	244	0
286	244	0
287	244	0
283	245	0
285	245	0
280	246	0
281	246	0
282	246	0
273	247	0
275	247	0
276	247	0
277	247	0
278	247	0
279	247	0
266	248	0
268	248	0
270	248	0
272	248	0
274	248	0
267	249	0
269	249	0
271	249	0
295	240	0
265	249	0
129	231	1
129	232	1
129	233	1
129	234	1
129	235	1
129	236	1
129	237	1
129	238	1
129	239	1
129	240	1
129	241	1
129	242	1
129	230	1
367	242	1
368	242	1
369	242	1
370	242	1
366	243	1
364	244	1
365	244	1
371	243	1
363	245	1
171	234	0
172	235	0
173	236	0
174	237	0
175	238	0
176	239	0
177	240	0
177	241	0
177	242	0
177	243	0
177	244	0
170	233	0
177	245	0
306	232	8
307	232	8
308	232	8
310	232	8
304	233	8
305	233	8
309	233	8
311	233	8
302	234	8
303	234	8
312	234	8
301	235	8
313	235	8
314	235	8
315	235	8
299	236	8
300	236	8
316	236	8
317	236	8
319	236	8
298	237	8
318	237	8
320	237	8
322	237	8
296	238	8
297	238	8
321	238	8
323	238	8
325	238	8
295	239	8
324	239	8
326	239	8
327	240	8
328	240	8
329	240	8
330	241	8
331	241	8
332	241	8
333	242	8
334	242	8
335	242	8
336	243	8
338	243	8
340	243	8
342	243	8
337	244	8
339	244	8
341	244	8
343	244	8
344	244	8
345	244	8
346	244	8
347	244	8
349	244	8
351	244	8
353	244	8
355	244	8
356	244	8
357	244	8
358	244	8
359	244	8
360	244	8
361	244	8
348	245	8
350	245	8
352	245	8
354	245	8
295	240	8
362	245	8
442	238	4
443	239	4
444	240	4
445	241	4
446	242	4
447	242	4
448	243	4
450	243	4
452	243	4
449	244	4
451	244	4
453	244	4
454	244	4
455	244	4
456	244	4
441	237	4
457	245	4
460	242	0
459	243	0
458	244	0
461	242	0
457	245	0
176	246	0
177	245	0
175	247	0
463	243	2
464	244	2
465	244	2
466	245	2
467	245	2
471	245	2
468	246	2
469	246	2
470	246	2
462	242	2
158	246	0
154	247	0
155	247	0
156	247	0
157	247	0
159	247	0
160	247	0
161	247	0
162	247	0
163	247	0
164	247	0
165	247	0
166	247	0
167	247	0
168	247	0
169	247	0
170	247	0
171	247	0
172	247	0
173	247	0
152	248	0
153	248	0
150	249	0
151	249	0
148	250	0
149	250	0
143	251	0
144	251	0
145	251	0
146	251	0
147	251	0
174	247	0
142	251	0
296	241	1
297	241	1
298	241	1
299	242	1
300	242	1
301	243	1
302	243	1
303	244	1
304	244	1
305	244	1
307	244	1
309	244	1
311	244	1
313	244	1
315	244	1
317	244	1
306	245	1
308	245	1
310	245	1
312	245	1
314	245	1
316	245	1
318	245	1
319	245	1
320	245	1
321	246	1
322	246	1
323	247	1
324	247	1
325	247	1
326	248	1
295	240	1
327	249	1
384	241	0
384	242	0
384	243	0
384	244	0
384	245	0
384	246	0
384	247	0
383	248	0
384	240	0
140	233	0
140	234	0
140	235	0
140	236	0
140	237	0
140	238	0
140	239	0
140	240	0
140	241	0
140	242	0
141	243	0
141	244	0
141	245	0
141	246	0
141	247	0
141	248	0
141	249	0
140	232	0
141	250	0
250	248	0
252	248	0
254	248	0
255	248	0
256	248	0
257	248	0
258	248	0
260	248	0
262	248	0
263	248	0
246	249	0
248	249	0
249	249	0
251	249	0
253	249	0
259	249	0
261	249	0
245	250	0
247	250	0
241	251	0
242	251	0
243	251	0
244	251	0
239	252	0
240	252	0
238	253	0
264	249	0
237	254	0
364	247	0
365	248	0
365	249	0
363	246	0
365	250	0
371	244	1
371	245	1
371	246	1
370	247	1
370	248	1
369	249	1
369	250	1
367	251	1
368	251	1
371	243	1
366	251	1
457	246	0
458	247	0
459	248	0
458	249	0
459	250	0
460	251	0
457	245	0
461	252	0
462	251	0
461	252	0
140	252	1
141	251	1
139	253	1
326	251	1
325	252	1
327	250	1
134	231	1
134	232	1
134	233	1
134	234	1
134	235	1
134	236	1
134	237	1
134	238	1
134	239	1
134	240	1
134	241	1
134	242	1
134	243	1
134	244	1
134	245	1
134	246	1
134	247	1
134	248	1
134	249	1
134	250	1
134	251	1
134	252	1
134	253	1
134	230	1
134	254	1
178	246	1
179	246	1
180	246	1
181	246	1
182	246	1
183	247	1
184	247	1
185	247	1
186	248	1
187	248	1
188	248	1
189	249	1
190	249	1
191	249	1
193	249	1
192	250	1
194	250	1
196	250	1
197	250	1
198	250	1
199	250	1
195	251	1
200	251	1
201	251	1
202	251	1
204	251	1
203	252	1
205	252	1
206	252	1
207	252	1
208	252	1
209	253	1
210	253	1
211	253	1
234	253	1
235	253	1
236	253	1
212	254	1
213	254	1
229	254	1
230	254	1
231	254	1
232	254	1
233	254	1
214	255	1
215	255	1
216	255	1
217	255	1
219	255	1
222	255	1
224	255	1
225	255	1
226	255	1
227	255	1
228	255	1
218	256	1
220	256	1
221	256	1
223	256	1
177	245	1
237	254	1
462	253	1
461	252	1
329	249	3
330	250	3
332	250	3
331	251	3
333	251	3
335	251	3
337	251	3
334	252	3
336	252	3
338	252	3
339	252	3
340	252	3
341	252	3
342	252	3
343	252	3
344	252	3
346	252	3
348	252	3
350	252	3
352	252	3
362	252	3
345	253	3
347	253	3
349	253	3
351	253	3
353	253	3
354	253	3
355	253	3
356	253	3
357	253	3
358	253	3
360	253	3
361	253	3
359	254	3
328	250	3
363	252	3
118	255	0
120	255	0
122	255	0
124	255	0
126	255	0
128	255	0
129	255	0
130	255	0
131	255	0
132	255	0
133	255	0
111	256	0
113	256	0
114	256	0
115	256	0
116	256	0
117	256	0
119	256	0
121	256	0
123	256	0
125	256	0
127	256	0
110	257	0
112	257	0
108	258	0
109	258	0
106	259	0
107	259	0
103	260	0
104	260	0
105	260	0
60	261	0
61	261	0
62	261	0
63	261	0
64	261	0
65	261	0
66	261	0
67	261	0
68	261	0
69	261	0
70	261	0
71	261	0
72	261	0
73	261	0
74	261	0
75	261	0
76	261	0
77	261	0
78	261	0
79	261	0
80	261	0
81	261	0
82	261	0
83	261	0
84	261	0
85	261	0
86	261	0
87	261	0
88	261	0
89	261	0
90	261	0
91	261	0
92	261	0
93	261	0
94	261	0
95	261	0
96	261	0
97	261	0
98	261	0
99	261	0
100	261	0
101	261	0
102	261	0
134	254	0
59	261	0
136	254	0
137	254	0
135	255	0
134	254	0
138	254	0
157	254	997
157	255	997
265	251	1
265	252	1
265	253	1
265	254	1
265	255	1
265	256	1
264	257	1
263	258	1
265	250	1
58	226	0
58	227	0
57	228	0
57	229	0
56	230	0
56	231	0
55	232	0
55	233	0
54	234	0
54	235	0
53	236	0
53	237	0
52	238	0
52	239	0
51	240	0
51	241	0
50	242	0
51	243	0
51	244	0
51	245	0
51	246	0
52	247	0
52	248	0
53	249	0
53	250	0
54	251	0
54	252	0
55	253	0
55	254	0
56	255	0
56	256	0
57	257	0
57	258	0
58	259	0
58	260	0
59	225	0
59	261	0
175	249	0
175	250	0
175	251	0
175	252	0
175	253	0
174	254	0
140	255	0
173	255	0
141	256	0
171	256	0
172	256	0
142	257	0
143	257	0
169	257	0
170	257	0
144	258	0
145	258	0
167	258	0
168	258	0
146	259	0
165	259	0
166	259	0
147	260	0
148	260	0
163	260	0
164	260	0
149	261	0
150	261	0
162	261	0
151	262	0
152	262	0
154	262	0
156	262	0
158	262	0
159	262	0
160	262	0
161	262	0
153	263	0
155	263	0
157	263	0
175	248	0
139	254	0
237	255	1
237	256	1
237	257	1
237	258	1
238	259	1
239	260	1
240	261	1
241	262	1
237	254	1
394	269	5
393	270	5
365	254	7
365	255	7
366	256	7
366	257	7
367	258	7
368	258	7
369	259	7
370	260	7
371	261	7
372	262	7
373	262	7
374	263	7
375	263	7
376	264	7
377	264	7
378	264	7
379	265	7
380	265	7
381	265	7
382	266	7
383	266	7
384	267	7
385	267	7
386	267	7
387	268	7
388	268	7
389	269	7
390	269	7
392	269	7
391	270	7
364	253	7
393	270	7
286	267	11
287	268	11
288	269	11
289	270	11
289	271	11
289	272	11
315	252	4
315	253	4
315	254	4
314	255	4
314	256	4
313	257	4
312	258	4
311	259	4
310	260	4
309	261	4
309	262	4
308	263	4
306	264	4
307	264	4
305	265	4
304	266	4
303	267	4
302	268	4
302	269	4
301	270	4
299	271	4
300	271	4
298	272	4
297	273	4
294	272	0
295	272	0
290	273	0
291	273	0
292	273	0
293	273	0
289	272	0
296	273	0
256	259	0
255	260	0
254	261	0
253	262	0
252	263	0
251	264	0
250	265	0
249	266	0
248	267	0
248	268	0
246	269	0
247	269	0
245	270	0
245	271	0
244	272	0
244	273	0
243	274	0
243	275	0
242	276	0
228	273	1
229	273	1
230	273	1
231	273	1
232	273	1
233	273	1
226	274	1
227	274	1
234	274	1
235	274	1
236	274	1
224	275	1
225	275	1
237	275	1
238	275	1
239	275	1
223	276	1
240	276	1
221	277	1
222	277	1
241	276	1
220	278	1
394	271	8
395	272	8
396	272	8
397	273	8
398	273	8
399	273	8
430	273	8
431	273	8
432	273	8
433	273	8
434	273	8
435	273	8
436	273	8
400	274	8
402	274	8
404	274	8
428	274	8
429	274	8
437	274	8
438	274	8
401	275	8
403	275	8
405	275	8
406	275	8
407	275	8
409	275	8
411	275	8
413	275	8
415	275	8
420	275	8
427	275	8
439	275	8
408	276	8
410	276	8
412	276	8
414	276	8
416	276	8
417	276	8
418	276	8
419	276	8
421	276	8
422	276	8
423	276	8
425	276	8
426	276	8
440	276	8
424	277	8
393	270	8
148	276	0
150	276	0
152	276	0
146	277	0
147	277	0
149	277	0
151	277	0
153	277	0
154	277	0
155	277	0
156	277	0
157	277	0
159	277	0
212	277	0
214	277	0
216	277	0
217	277	0
218	277	0
219	277	0
144	278	0
145	278	0
158	278	0
160	278	0
161	278	0
162	278	0
209	278	0
211	278	0
213	278	0
215	278	0
142	279	0
143	279	0
163	279	0
164	279	0
165	279	0
166	279	0
168	279	0
202	279	0
204	279	0
205	279	0
206	279	0
207	279	0
208	279	0
210	279	0
141	280	0
167	280	0
169	280	0
195	280	0
197	280	0
198	280	0
199	280	0
200	280	0
201	280	0
203	280	0
139	281	0
140	281	0
170	281	0
171	281	0
172	281	0
173	281	0
174	281	0
189	281	0
190	281	0
191	281	0
192	281	0
193	281	0
194	281	0
196	281	0
137	282	0
138	282	0
175	282	0
176	282	0
177	282	0
178	282	0
179	282	0
180	282	0
181	282	0
182	282	0
183	282	0
184	282	0
185	282	0
186	282	0
187	282	0
188	282	0
136	283	0
134	284	0
135	284	0
133	285	0
132	286	0
131	287	0
130	288	0
130	289	0
130	290	0
130	291	0
130	292	0
130	293	0
129	294	0
128	295	0
128	296	0
128	297	0
220	278	0
128	298	0
243	278	2
242	277	2
244	279	2
220	279	1
220	278	1
221	280	1
242	280	0
238	281	0
239	281	0
240	281	0
241	281	0
236	282	0
237	282	0
234	283	0
235	283	0
230	284	0
232	284	0
233	284	0
231	285	0
243	280	0
229	285	0
298	275	2
298	276	2
298	277	2
298	278	2
299	279	2
299	280	2
300	281	2
297	274	2
299	282	2
223	280	1
224	280	1
225	280	1
226	280	1
227	280	1
228	281	1
228	282	1
228	283	1
222	280	1
228	284	1
222	282	0
223	283	0
224	284	0
221	281	0
224	285	0
298	283	0
297	284	0
299	282	0
288	273	2
287	274	2
286	275	2
285	276	2
283	277	2
284	277	2
282	278	2
281	279	2
280	280	2
279	281	2
278	282	2
277	283	2
276	284	2
276	285	2
289	272	2
275	286	2
226	286	1
227	286	1
228	285	1
225	286	1
245	281	9
246	281	9
247	282	9
248	283	9
249	284	9
250	284	9
251	285	9
252	285	9
253	286	9
254	286	9
274	286	9
255	287	9
270	287	9
272	287	9
273	287	9
256	288	9
257	288	9
259	288	9
265	288	9
267	288	9
269	288	9
271	288	9
258	289	9
260	289	9
261	289	9
262	289	9
263	289	9
264	289	9
266	289	9
268	289	9
244	280	9
275	286	9
300	283	0
301	284	0
302	285	0
301	286	0
302	287	0
303	288	0
304	288	0
305	289	0
299	282	0
324	274	2
324	275	2
324	276	2
323	277	2
322	278	2
322	279	2
321	280	2
320	281	2
319	282	2
318	283	2
317	284	2
317	285	2
316	286	2
315	287	2
315	288	2
315	289	2
314	290	2
315	291	2
314	292	2
312	292	1
313	292	1
314	292	1
276	287	1
276	288	1
277	289	1
278	289	1
279	290	1
279	291	1
280	292	1
281	293	1
275	286	1
282	294	1
284	294	0
285	294	0
286	294	0
287	294	0
288	294	0
283	294	0
312	294	0
313	294	0
314	294	0
319	297	1
318	297	1
314	297	1
313	298	1
315	296	1
108	275	1
107	276	1
106	277	1
105	278	1
104	279	1
103	280	1
102	281	1
101	282	1
100	283	1
99	284	1
98	285	1
97	286	1
96	287	1
95	288	1
94	289	1
93	290	1
92	291	1
91	292	1
90	293	1
89	294	1
88	295	1
87	296	1
86	297	1
85	298	1
84	299	1
83	300	1
58	262	0
58	263	0
57	264	0
57	265	0
56	266	0
56	267	0
55	268	0
55	269	0
54	270	0
54	271	0
53	272	0
54	273	0
53	274	0
54	275	0
54	276	0
55	277	0
55	278	0
56	279	0
56	280	0
57	281	0
57	282	0
58	283	0
58	284	0
59	285	0
59	286	0
60	287	0
60	288	0
61	289	0
61	290	0
62	291	0
62	292	0
63	293	0
63	294	0
64	295	0
64	296	0
65	297	0
65	298	0
66	299	0
66	300	0
59	261	0
67	301	0
317	299	1
317	300	1
317	298	1
68	301	0
69	301	0
70	301	0
71	301	0
72	301	0
73	301	0
74	301	0
75	301	0
76	301	0
77	301	0
78	301	0
79	301	0
80	301	0
81	301	0
82	301	0
83	300	0
67	301	0
223	287	0
222	288	0
221	289	0
220	290	0
219	291	0
218	292	0
217	293	0
216	294	0
215	295	0
214	296	0
214	297	0
213	298	0
212	299	0
212	300	0
211	301	0
224	286	0
210	302	0
282	296	2
283	297	2
283	298	2
283	299	2
283	300	2
284	301	2
282	295	2
206	302	0
207	302	0
208	302	0
209	302	0
204	303	0
205	303	0
198	304	0
200	304	0
201	304	0
202	304	0
203	304	0
197	305	0
199	305	0
195	306	0
196	306	0
194	307	0
192	308	0
193	308	0
191	309	0
189	310	0
190	310	0
210	302	0
188	311	0
84	301	0
85	301	0
86	301	0
87	301	0
88	301	0
89	301	0
90	301	0
91	301	0
92	301	0
93	301	0
94	301	0
95	301	0
96	301	0
97	301	0
98	301	0
99	301	0
100	301	0
101	301	0
102	301	0
103	301	0
104	301	0
105	301	0
106	302	0
107	302	0
120	302	0
108	303	0
109	303	0
110	303	0
111	303	0
112	303	0
113	303	0
114	303	0
116	303	0
117	303	0
118	303	0
119	303	0
121	303	0
115	304	0
83	300	0
122	304	0
127	300	0
125	301	0
126	301	0
124	302	0
123	303	0
128	299	0
122	304	0
176	308	1
178	308	1
180	308	1
182	308	1
174	309	1
175	309	1
177	309	1
179	309	1
181	309	1
183	309	1
184	309	1
172	310	1
173	310	1
185	310	1
186	310	1
169	311	1
170	311	1
171	311	1
167	312	1
168	312	1
165	313	1
166	313	1
163	314	1
164	314	1
162	315	1
160	316	1
161	316	1
187	311	1
159	317	1
400	312	971
401	312	971
402	313	971
403	313	971
404	314	971
130	299	0
131	299	0
132	299	0
133	299	0
134	299	0
135	299	0
136	299	0
137	300	0
138	300	0
139	301	0
140	301	0
141	302	0
142	302	0
143	303	0
144	304	0
145	304	0
146	305	0
147	306	0
148	307	0
149	308	0
150	309	0
151	310	0
152	311	0
153	312	0
154	313	0
155	314	0
156	314	0
157	315	0
158	316	0
129	299	0
159	317	0
188	313	1
188	314	1
188	315	1
188	316	1
188	317	1
188	312	1
187	318	1
183	318	1
184	318	1
185	318	1
186	318	1
182	319	1
187	318	1
340	320	4
341	320	4
342	320	4
343	320	4
344	320	4
345	320	4
346	320	4
347	320	4
334	321	4
336	321	4
337	321	4
338	321	4
339	321	4
348	321	4
350	321	4
333	322	4
335	322	4
349	322	4
351	322	4
330	323	4
331	323	4
332	323	4
352	323	4
328	324	4
329	324	4
323	325	4
325	325	4
326	325	4
327	325	4
322	326	4
324	326	4
353	324	4
321	325	4
289	308	5
290	309	5
291	309	5
292	310	5
293	310	5
294	311	5
295	311	5
296	312	5
297	312	5
298	313	5
299	313	5
300	314	5
301	315	5
302	316	5
303	317	5
304	317	5
305	317	5
306	318	5
308	318	5
307	319	5
309	319	5
311	319	5
310	320	5
312	320	5
314	320	5
313	321	5
315	321	5
316	321	5
317	321	5
318	322	5
319	322	5
320	323	5
321	324	5
321	325	5
358	323	0
357	324	0
356	325	0
182	321	1
183	322	1
184	323	1
185	324	1
186	325	1
187	326	1
188	319	1
188	320	1
188	321	1
188	322	1
188	323	1
188	324	1
188	325	1
187	318	1
187	326	1
159	318	0
159	319	0
160	320	0
159	321	0
159	322	0
159	323	0
159	324	0
159	325	0
159	326	0
159	317	0
159	327	0
211	303	0
212	304	0
213	305	0
214	306	0
215	307	0
215	308	0
216	309	0
216	310	0
217	311	0
217	312	0
218	313	0
219	313	0
220	314	0
221	315	0
221	316	0
222	317	0
223	317	0
224	318	0
225	319	0
226	320	0
227	321	0
228	321	0
229	322	0
229	323	0
229	324	0
229	325	0
229	326	0
229	327	0
229	328	0
210	302	0
229	329	0
269	318	1
269	319	1
269	320	1
269	321	1
269	322	1
269	323	1
269	324	1
269	325	1
269	326	1
269	327	1
269	328	1
269	329	1
353	326	3
352	327	3
351	328	3
353	325	3
280	325	9
282	325	9
283	325	9
284	325	9
285	325	9
286	325	9
287	325	9
289	325	9
278	326	9
279	326	9
281	326	9
288	326	9
290	326	9
292	326	9
294	326	9
320	326	9
276	327	9
277	327	9
291	327	9
293	327	9
295	327	9
318	327	9
319	327	9
274	328	9
275	328	9
296	328	9
297	328	9
298	328	9
299	328	9
300	328	9
317	328	9
272	329	9
273	329	9
301	329	9
302	329	9
303	329	9
304	329	9
305	329	9
307	329	9
309	329	9
314	329	9
315	329	9
316	329	9
271	330	9
306	330	9
308	330	9
310	330	9
311	330	9
312	330	9
313	330	9
321	325	9
270	330	9
156	329	0
157	329	0
153	330	0
154	330	0
155	330	0
150	331	0
151	331	0
152	331	0
148	332	0
149	332	0
146	333	0
147	333	0
144	334	0
145	334	0
158	328	0
143	335	0
188	327	0
188	328	0
188	329	0
188	330	0
187	326	0
188	331	0
242	328	0
244	328	0
245	328	0
246	328	0
247	328	0
248	328	0
249	328	0
251	328	0
252	328	0
253	328	0
254	328	0
256	328	0
258	328	0
233	329	0
234	329	0
236	329	0
237	329	0
238	329	0
239	329	0
240	329	0
241	329	0
243	329	0
250	329	0
255	329	0
257	329	0
259	329	0
260	329	0
261	329	0
262	329	0
263	329	0
265	329	0
231	330	0
232	330	0
235	330	0
264	330	0
266	330	0
267	330	0
230	330	0
268	331	0
357	327	3
358	328	3
359	329	3
360	329	3
361	330	3
362	331	3
356	326	3
362	332	3
122	305	1
122	306	1
122	307	1
122	308	1
122	309	1
122	310	1
122	311	1
122	312	1
122	313	1
122	314	1
122	315	1
122	316	1
122	317	1
122	318	1
123	319	1
124	320	1
125	320	1
126	321	1
127	322	1
128	322	1
129	323	1
130	324	1
131	325	1
132	326	1
133	327	1
134	328	1
135	329	1
136	330	1
137	331	1
138	331	1
139	332	1
140	332	1
141	333	1
122	304	1
142	334	1
343	333	13
352	333	13
338	334	13
340	334	13
341	334	13
342	334	13
344	334	13
345	334	13
346	334	13
347	334	13
348	334	13
349	334	13
350	334	13
351	334	13
353	334	13
355	334	13
358	334	13
359	334	13
360	334	13
333	335	13
334	335	13
335	335	13
336	335	13
337	335	13
339	335	13
354	335	13
356	335	13
357	335	13
332	336	13
331	337	13
329	338	13
330	338	13
328	339	13
327	340	13
326	341	13
325	342	13
325	343	13
324	344	13
323	345	13
323	346	13
323	347	13
361	333	13
322	348	13
228	331	0
227	332	0
226	333	0
225	334	0
224	335	0
222	336	0
223	336	0
220	337	0
221	337	0
229	330	0
219	338	0
160	329	0
161	330	0
162	331	0
163	332	0
164	333	0
165	334	0
166	335	0
167	336	0
168	337	0
169	338	0
159	328	0
170	339	0
190	332	0
191	333	0
192	333	0
193	333	0
194	333	0
195	333	0
197	333	0
196	334	0
198	334	0
199	334	0
200	334	0
201	334	0
202	334	0
203	334	0
204	334	0
205	334	0
206	334	0
208	334	0
207	335	0
209	335	0
210	336	0
211	336	0
212	336	0
213	336	0
214	336	0
215	336	0
216	337	0
218	337	0
217	338	0
189	332	0
219	338	0
66	302	0
66	303	0
65	304	0
65	305	0
64	306	0
64	307	0
63	308	0
63	309	0
62	310	0
62	311	0
61	312	0
61	313	0
60	314	0
60	315	0
59	316	0
59	317	0
58	318	0
58	319	0
57	320	0
57	321	0
56	322	0
56	323	0
55	324	0
55	325	0
54	326	0
54	327	0
53	328	0
53	329	0
52	330	0
52	331	0
51	332	0
52	333	0
51	334	0
52	335	0
52	336	0
53	337	0
53	338	0
54	339	0
67	301	0
54	340	0
172	339	0
173	339	0
175	339	0
176	339	0
174	340	0
177	340	0
171	339	0
178	341	0
187	333	0
186	334	0
185	335	0
184	336	0
183	337	0
182	338	0
180	339	0
181	339	0
179	340	0
188	332	0
178	341	0
396	339	0
395	340	0
394	341	0
363	334	2
364	334	2
365	335	2
366	336	2
367	336	2
368	337	2
369	337	2
370	337	2
372	337	2
371	338	2
373	338	2
374	338	2
375	338	2
376	338	2
377	339	2
378	339	2
379	339	2
380	339	2
381	339	2
383	339	2
382	340	2
384	340	2
386	340	2
388	340	2
385	341	2
387	341	2
389	341	2
390	341	2
391	341	2
392	341	2
362	333	2
393	342	2
395	343	0
396	343	0
397	344	0
398	345	0
399	346	0
394	342	0
56	341	0
57	342	0
58	342	0
59	343	0
60	343	0
61	344	0
62	344	0
63	345	0
64	345	0
65	346	0
66	346	0
67	347	0
68	347	0
55	341	0
69	348	0
219	339	1
219	340	1
219	341	1
219	342	1
219	343	1
219	344	1
219	345	1
220	346	1
221	347	1
219	338	1
141	336	0
140	337	0
139	338	0
138	339	0
137	340	0
136	341	0
135	342	0
134	343	0
133	344	0
132	345	0
131	346	0
130	347	0
129	348	0
142	335	0
128	349	0
104	347	2
71	348	2
72	348	2
73	348	2
74	348	2
75	348	2
76	348	2
77	348	2
78	348	2
79	348	2
80	348	2
81	348	2
82	348	2
83	348	2
84	348	2
85	348	2
86	348	2
87	348	2
88	348	2
89	348	2
90	348	2
91	348	2
92	348	2
93	348	2
94	348	2
95	348	2
96	348	2
97	348	2
98	348	2
99	348	2
100	348	2
101	348	2
102	348	2
103	348	2
105	348	2
107	348	2
109	348	2
111	348	2
114	348	2
116	348	2
118	348	2
120	348	2
122	348	2
124	348	2
106	349	2
108	349	2
110	349	2
112	349	2
113	349	2
115	349	2
117	349	2
119	349	2
121	349	2
123	349	2
125	349	2
126	349	2
70	348	2
127	350	2
268	332	9
268	333	9
269	334	9
270	335	9
270	336	9
271	337	9
272	337	9
273	338	9
274	339	9
275	339	9
276	340	9
277	341	9
278	341	9
279	342	9
280	342	9
281	343	9
282	343	9
283	343	9
284	343	9
285	343	9
286	343	9
288	343	9
287	344	9
289	344	9
290	344	9
291	344	9
292	344	9
293	344	9
294	344	9
295	344	9
296	344	9
297	344	9
298	345	9
299	345	9
300	345	9
301	345	9
302	345	9
303	346	9
304	346	9
305	346	9
306	346	9
308	346	9
307	347	9
309	347	9
310	348	9
311	348	9
312	348	9
313	348	9
315	348	9
314	349	9
316	349	9
317	349	9
320	349	9
318	350	9
319	350	9
268	331	9
321	349	9
323	350	12
324	351	12
325	352	12
325	353	12
326	354	12
327	355	12
327	356	12
328	357	12
328	358	12
328	359	12
322	349	12
329	360	12
131	351	0
132	351	0
133	351	0
134	351	0
135	352	0
136	352	0
137	353	0
138	353	0
139	354	0
140	354	0
141	355	0
142	355	0
143	356	0
144	357	0
145	357	0
146	358	0
147	358	0
148	359	0
149	360	0
150	360	0
151	361	0
152	361	0
153	361	0
154	362	0
155	362	0
130	351	0
156	363	0
170	341	0
170	342	0
170	343	0
170	344	0
170	345	0
170	346	0
170	347	0
170	348	0
170	349	0
169	350	0
168	351	0
167	352	0
166	353	0
165	354	0
164	355	0
163	356	0
162	357	0
161	358	0
160	359	0
159	360	0
158	361	0
157	362	0
170	340	0
156	363	0
327	362	0
326	363	0
325	364	0
328	361	0
330	362	1
331	362	1
332	363	1
333	364	1
334	365	1
329	361	1
129	353	1
129	354	1
129	355	1
129	356	1
129	357	1
129	358	1
129	359	1
129	360	1
129	361	1
129	362	1
129	363	1
129	364	1
129	365	1
129	366	1
129	352	1
129	367	1
157	364	0
157	365	0
157	366	0
156	363	0
156	367	0
126	369	0
127	369	0
117	370	0
118	370	0
119	370	0
120	370	0
121	370	0
122	370	0
123	370	0
124	370	0
125	370	0
112	371	0
113	371	0
114	371	0
115	371	0
116	371	0
110	372	0
111	372	0
108	373	0
109	373	0
106	374	0
107	374	0
104	375	0
105	375	0
97	376	0
98	376	0
99	376	0
100	376	0
101	376	0
102	376	0
103	376	0
128	368	0
96	376	0
154	368	2
130	369	2
131	369	2
152	369	2
153	369	2
132	370	2
133	370	2
149	370	2
150	370	2
151	370	2
134	371	2
135	371	2
136	371	2
145	371	2
147	371	2
148	371	2
137	372	2
138	372	2
139	372	2
140	372	2
141	372	2
142	372	2
143	372	2
144	372	2
146	372	2
129	368	2
155	368	2
178	342	0
178	343	0
178	344	0
178	345	0
178	346	0
178	347	0
178	348	0
178	349	0
179	350	0
180	351	0
181	352	0
182	353	0
182	354	0
183	355	0
184	356	0
185	357	0
186	358	0
187	359	0
188	360	0
189	361	0
190	362	0
191	363	0
192	363	0
193	364	0
194	365	0
195	366	0
196	366	0
197	367	0
198	368	0
199	369	0
200	370	0
201	371	0
201	372	0
178	341	0
201	373	0
69	350	2
69	351	2
69	352	2
69	353	2
69	354	2
69	355	2
69	356	2
69	357	2
69	358	2
69	359	2
69	360	2
69	361	2
69	362	2
70	363	2
71	364	2
72	364	2
73	365	2
74	365	2
75	366	2
76	366	2
77	367	2
78	367	2
79	368	2
80	368	2
81	369	2
82	369	2
83	370	2
84	370	2
85	371	2
86	371	2
87	372	2
88	372	2
89	373	2
90	373	2
91	374	2
92	374	2
93	375	2
94	375	2
69	349	2
95	376	2
200	374	0
198	375	0
199	375	0
196	376	0
197	376	0
193	377	0
195	377	0
187	378	0
188	378	0
189	378	0
190	378	0
191	378	0
192	378	0
194	378	0
183	379	0
184	379	0
185	379	0
186	379	0
182	380	0
180	381	0
181	381	0
179	382	0
177	383	0
178	383	0
176	384	0
201	373	0
175	385	0
269	370	1
270	371	1
271	372	1
271	373	1
271	374	1
271	375	1
271	376	1
271	377	1
271	378	1
271	379	1
276	374	5
275	375	5
274	376	5
274	377	5
274	378	5
273	379	5
228	372	0
230	372	0
232	372	0
225	373	0
226	373	0
227	373	0
229	373	0
231	373	0
233	373	0
234	373	0
235	373	0
236	373	0
202	374	0
204	374	0
220	374	0
222	374	0
223	374	0
224	374	0
237	374	0
238	374	0
239	374	0
240	374	0
203	375	0
205	375	0
206	375	0
208	375	0
217	375	0
218	375	0
219	375	0
221	375	0
241	375	0
207	376	0
209	376	0
210	376	0
211	376	0
213	376	0
214	376	0
215	376	0
216	376	0
242	376	0
243	376	0
244	376	0
212	377	0
245	377	0
246	377	0
247	378	0
248	378	0
249	379	0
250	379	0
251	379	0
252	379	0
254	379	0
253	380	0
255	380	0
256	380	0
257	380	0
258	380	0
259	380	0
260	380	0
261	380	0
262	380	0
264	380	0
266	380	0
267	380	0
269	380	0
270	380	0
263	381	0
265	381	0
268	381	0
201	373	0
271	379	0
452	382	961
453	382	961
157	369	0
158	370	0
159	371	0
160	372	0
161	372	0
162	373	0
163	374	0
164	375	0
165	376	0
166	377	0
167	378	0
168	379	0
169	380	0
170	381	0
171	382	0
172	383	0
156	368	0
172	384	0
95	378	1
96	379	1
97	380	1
98	380	1
99	381	1
100	381	1
101	382	1
102	382	1
103	383	1
104	383	1
105	384	1
106	384	1
107	384	1
95	377	1
108	385	1
174	384	0
173	385	0
172	384	0
175	385	0
274	381	0
275	382	0
276	382	0
277	383	0
278	383	0
279	384	0
280	385	0
273	380	0
281	386	0
399	384	2
398	385	2
397	386	2
397	387	2
396	388	2
383	388	2
385	388	2
386	388	2
387	388	2
388	388	2
389	388	2
390	388	2
391	388	2
392	388	2
393	388	2
394	388	2
382	389	2
384	389	2
381	390	2
378	391	2
379	391	2
380	391	2
395	388	2
117	385	1
119	385	1
170	385	1
171	385	1
110	386	1
111	386	1
113	386	1
114	386	1
115	386	1
116	386	1
118	386	1
120	386	1
121	386	1
122	386	1
123	386	1
124	386	1
126	386	1
128	386	1
168	386	1
169	386	1
112	387	1
125	387	1
127	387	1
129	387	1
130	387	1
131	387	1
132	387	1
133	387	1
134	387	1
136	387	1
138	387	1
140	387	1
143	387	1
166	387	1
167	387	1
135	388	1
137	388	1
139	388	1
141	388	1
142	388	1
144	388	1
145	388	1
146	388	1
164	388	1
165	388	1
147	389	1
148	389	1
150	389	1
152	389	1
154	389	1
156	389	1
158	389	1
160	389	1
161	389	1
162	389	1
163	389	1
149	390	1
151	390	1
153	390	1
155	390	1
157	390	1
159	390	1
172	384	1
109	385	1
463	385	2
464	385	2
462	386	2
462	387	2
461	388	2
460	389	2
460	390	2
459	391	2
397	390	2
398	391	2
399	392	2
400	392	2
401	393	2
396	389	2
458	391	2
456	392	2
457	392	2
448	393	2
450	393	2
452	393	2
453	393	2
454	393	2
455	393	2
444	394	2
445	394	2
446	394	2
447	394	2
449	394	2
451	394	2
459	391	2
460	392	0
461	393	0
459	391	0
53	342	0
52	343	0
51	344	0
50	345	0
49	346	0
48	347	0
47	348	0
46	349	0
45	350	0
44	351	0
43	352	0
42	353	0
41	354	0
40	355	0
39	356	0
38	357	0
37	358	0
36	359	0
35	360	0
34	361	0
33	362	0
32	363	0
31	364	0
30	365	0
29	366	0
28	367	0
27	368	0
26	369	0
25	370	0
24	371	0
23	372	0
22	373	0
21	374	0
20	375	0
19	376	0
18	377	0
17	378	0
16	379	0
15	380	0
14	381	0
13	382	0
12	383	0
11	384	0
10	385	0
9	386	0
8	387	0
7	388	0
6	389	0
5	390	0
4	391	0
3	392	0
2	393	0
1	394	0
54	341	0
108	387	0
108	388	0
108	389	0
108	390	0
108	391	0
108	392	0
108	393	0
108	394	0
108	386	0
175	386	0
176	387	0
177	388	0
177	389	0
178	390	0
179	391	0
180	391	0
181	392	0
182	392	0
183	393	0
184	393	0
185	394	0
175	385	0
200	392	990
202	392	990
203	392	990
204	392	990
205	392	990
198	393	990
199	393	990
201	393	990
206	393	990
197	394	990
207	394	990
281	388	0
281	389	0
281	390	0
281	391	0
281	392	0
280	393	0
279	394	0
281	387	0
283	387	18
284	387	18
285	388	18
286	388	18
287	389	18
288	389	18
289	390	18
290	390	18
292	390	18
291	391	18
293	391	18
294	391	18
295	391	18
296	391	18
298	391	18
300	391	18
302	391	18
304	391	18
306	391	18
308	391	18
310	391	18
312	391	18
314	391	18
297	392	18
299	392	18
301	392	18
303	392	18
305	392	18
307	392	18
309	392	18
311	392	18
313	392	18
315	392	18
316	392	18
317	392	18
318	392	18
319	392	18
320	392	18
321	392	18
322	392	18
324	392	18
326	392	18
328	392	18
330	392	18
332	392	18
334	392	18
336	392	18
338	392	18
340	392	18
342	392	18
344	392	18
346	392	18
348	392	18
349	392	18
350	392	18
352	392	18
354	392	18
356	392	18
323	393	18
325	393	18
327	393	18
329	393	18
331	393	18
333	393	18
335	393	18
337	393	18
339	393	18
341	393	18
343	393	18
345	393	18
347	393	18
351	393	18
353	393	18
355	393	18
357	393	18
358	393	18
359	393	18
360	393	18
361	394	18
282	386	18
