1	1	68
3	3	11
1	2	6
35	35	5
51	52	5
2	2	5
13	14	4
33	33	4
56	56	4
17	17	4
19	19	3
46	46	3
54	54	3
35	35	2
13	16	2
34	34	2
39	41	2
44	45	2
35	36	2
1	1	2
45	46	2
17	18	2
50	50	2
11	12	2
57	57	2
58	58	2
45	45	2
1	1	2
1	1	2
52	52	2
43	43	2
43	45	2
52	55	2
3	4	2
1	1	2
1	1	2
13	13	2
14	14	2
25	25	2
16	16	1
1000	39	1
34	37	1
34	32	1
16	18	1
1	1	1
7	9	1
7	4	1
2	2	1
11	13	1
11	11	1
34	35	1
1000	48	1
7	8	1
39	39	1
34	32	1
39	40	1
11	11	1
37	41	1
3	3	1
1	1	1
1	2	1
7	9	1
33	33	1
32	32	1
6	8	1
33	32	1
32	33	1
1	1	1
1	1	1
37	42	1
1000	48	1
1	1	1
6	6	1
1	2	1
8	8	1
17	17	1
7	7	1
1	1	1
10	14	1
31	31	1
1000	42	1
20	25	1
45	45	1
47	48	1
3	5	1
20	21	1
31	32	1
1	1	1
43	43	1
34	37	1
40	40	1
20	23	1
47	47	1
34	34	1
43	43	1
3	4	1
40	38	1
1	1	1
1000	28	1
40	40	1
50	50	1
13	17	1
33	35	1
33	33	1
50	47	1
4	7	1
30	30	1
11	11	1
33	33	1
1000	37	1
1000	41	1
1000	42	1
11	11	1
16	17	1
1	1	1
12	12	1
1	1	1
13	13	1
56	57	1
4	9	1
15	15	1
15	15	1
19	22	1
54	54	1
1	1	1
53	55	1
25	24	1
39	41	1
47	49	1
52	52	1
16	20	1
44	44	1
44	44	1
46	45	1
39	42	1
52	52	1
39	39	1
44	44	1
52	52	1
35	36	1
45	44	1
25	29	1
40	40	1
46	45	1
44	44	1
1000	53	1
1000	51	1
51	51	1
56	54	1
53	51	1
38	39	1
1	7	1
43	47	1
52	52	1
21	29	1
43	43	1
50	51	1
21	24	1
52	53	1
52	52	1
1	1	1
38	40	1
1	1	1
1000	55	1
1	2	1
52	54	1
1	2	1
21	30	1
21	21	1
55	55	1
1	1	1
52	53	1
55	55	1
45	46	1
3	3	1
54	55	1
3	3	1
12	18	1
3	5	1
33	34	1
12	17	1
33	33	1
2	3	1
1	1	1
1	1	1
24	25	1
12	17	1
24	24	1
2	2	1
3	6	1
2	3	1
2	3	1
12	22	1
1	1	1
3	3	1
1000	32	1
16	21	1
1	1	1
3	3	1
1	1	1
1	1	1
1000	35	1
1	1	1
16	17	1
42	44	1
51	52	1
17	26	1
42	43	1
46	48	1
2	1	1
16	16	1
39	43	1
2	2	1
2	8	1
46	49	1
1	1	1
1	1	1
1	1	1
16	17	1
5	8	1
1000	49	1
2	2	1
2	2	1
1	2	1
2	1	1
26	29	1
17	21	1
3	8	1
26	29	1
1	1	1
1	1	1
40	44	1
3	3	1
40	40	1
6	10	1
1	1	1
6	9	1
13	14	1
1	1	1
6	7	1
6	7	1
1000	21	1
6	9	1
12	13	1
13	14	1
6	6	1
12	14	1
1	1	1
14	16	1
1	1	1
1	1	1
1	1	1
1	1	1
14	14	1
1	2	1
6	13	1
1	1	1
23	23	1
14	21	1
14	15	1
23	24	1
5	6	1
1	1	1
1	2	1
5	6	1
6	10	1
1	1	1
13	12	1
1	2	1
2	2	1
1	1	1
1	3	1
1	1	1
28	30	1
1	2	1
28	24	1
36	37	1
36	37	1
36	37	1
1000	8	1
1	10	1
28	31	1
