1	1	66
2	1	15
2	2	11
10	10	10
11	11	9
3	3	8
20	20	8
12	12	6
48	48	6
72	72	6
58	58	6
40	40	5
8	8	5
33	33	5
25	25	4
36	36	4
47	47	4
56	56	4
1000	72	3
47	48	3
49	49	3
69	69	3
71	71	3
73	73	3
55	55	3
74	74	3
6	6	3
61	61	3
4	3	3
51	52	3
11	12	3
25	26	2
21	21	2
21	22	2
41	40	2
40	41	2
59	60	2
59	59	2
59	58	2
39	39	2
63	63	2
36	37	2
73	74	2
48	47	2
66	66	2
34	34	2
62	62	2
20	22	2
13	13	2
1000	23	2
44	45	2
7	7	2
23	23	2
32	31	2
1000	42	1
25	22	1
50	40	1
31	31	1
31	28	1
1000	13	1
41	42	1
36	32	1
1000	12	1
1000	61	1
6	5	1
1000	73	1
1000	60	1
1000	43	1
6	7	1
47	43	1
28	27	1
57	58	1
57	57	1
28	26	1
38	38	1
43	44	1
60	60	1
38	39	1
10	11	1
1000	35	1
1000	64	1
43	43	1
60	59	1
59	57	1
1000	62	1
55	56	1
1000	46	1
53	53	1
53	47	1
70	68	1
53	37	1
22	22	1
26	26	1
70	70	1
73	72	1
22	25	1
22	26	1
72	73	1
27	28	1
27	25	1
69	70	1
69	68	1
21	19	1
1000	70	1
1000	68	1
1000	66	1
27	27	1
11	10	1
20	19	1
24	24	1
58	57	1
55	54	1
36	38	1
55	57	1
1000	67	1
12	11	1
12	13	1
2	4	1
1000	7	1
19	19	1
18	19	1
1000	50	1
1000	56	1
2	3	1
1000	53	1
47	46	1
50	53	1
50	51	1
7	6	1
50	50	1
6	3	1
10	9	1
10	13	1
18	16	1
32	32	1
19	17	1
19	22	1
19	21	1
1000	48	1
8	10	1
4	4	1
5	5	1
51	48	1
1000	55	1
51	51	1
