158	106	2
159	106	2
160	106	2
161	106	2
162	106	2
163	106	2
164	106	2
165	106	2
166	106	2
167	106	2
168	106	2
169	106	2
170	106	2
171	106	2
172	106	2
173	106	2
174	106	2
175	106	2
176	106	2
177	106	2
178	106	2
179	106	2
180	106	2
181	106	2
182	106	2
183	106	2
184	106	2
185	106	2
186	106	2
187	106	2
188	106	2
189	106	2
190	106	2
191	106	2
192	106	2
193	106	2
194	106	2
195	106	2
196	106	2
197	106	2
198	106	2
199	106	2
200	106	2
201	106	2
202	106	2
203	106	2
204	106	2
205	106	2
206	106	2
207	106	2
208	106	2
209	106	2
210	106	2
211	106	2
212	106	2
213	106	2
214	106	2
215	106	2
216	106	2
217	106	2
218	106	2
219	106	2
220	106	2
221	106	2
222	106	2
223	106	2
224	106	2
225	106	2
226	106	2
227	106	2
228	106	2
229	106	2
230	106	2
231	106	2
232	106	2
233	106	2
234	106	2
235	106	2
236	106	2
237	106	2
238	106	2
239	106	2
240	106	2
241	106	2
242	106	2
243	106	2
244	106	2
245	106	2
246	106	2
247	106	2
248	106	2
249	106	2
250	106	2
251	106	2
252	106	2
253	106	2
254	106	2
255	106	2
256	106	2
257	106	2
258	106	2
259	106	2
260	106	2
261	106	2
157	106	2
132	176	0
133	176	0
134	176	0
135	176	0
136	176	0
137	176	0
138	176	0
139	176	0
140	176	0
141	176	0
142	176	0
143	176	0
144	176	0
145	176	0
146	176	0
147	176	0
148	176	0
149	176	0
150	176	0
151	176	0
152	176	0
153	176	0
154	176	0
155	176	0
156	176	0
157	176	0
158	176	0
159	176	0
160	176	0
161	176	0
162	176	0
163	176	0
164	176	0
165	176	0
166	176	0
167	176	0
168	176	0
169	176	0
170	176	0
171	176	0
172	176	0
173	176	0
174	176	0
175	176	0
176	176	0
177	176	0
178	176	0
179	176	0
180	176	0
181	176	0
182	176	0
183	176	0
184	176	0
185	176	0
186	176	0
187	176	0
188	176	0
189	176	0
190	176	0
191	176	0
192	176	0
193	176	0
194	176	0
195	176	0
196	176	0
197	176	0
198	176	0
199	176	0
200	176	0
201	176	0
202	176	0
203	176	0
204	176	0
205	176	0
206	176	0
207	176	0
208	176	0
209	176	0
210	176	0
211	176	0
212	176	0
213	176	0
214	176	0
215	176	0
216	176	0
217	176	0
218	176	0
219	176	0
220	176	0
221	176	0
222	176	0
223	176	0
224	176	0
225	176	0
226	176	0
227	176	0
228	176	0
229	176	0
230	176	0
231	176	0
232	176	0
233	176	0
234	176	0
235	176	0
236	176	0
237	176	0
238	176	0
239	176	0
240	176	0
241	176	0
242	176	0
243	176	0
244	176	0
245	176	0
246	176	0
247	176	0
248	176	0
249	176	0
250	176	0
251	176	0
252	176	0
253	176	0
254	176	0
255	176	0
256	176	0
257	176	0
258	176	0
259	176	0
260	176	0
131	176	0
132	266	2
133	267	2
133	268	2
134	269	2
135	270	2
135	271	2
136	272	2
137	273	2
138	274	2
139	275	2
140	275	2
141	276	2
142	277	2
143	278	2
144	278	2
145	279	2
146	280	2
147	281	2
148	282	2
149	283	2
149	284	2
149	285	2
150	286	2
151	287	2
152	288	2
153	289	2
154	289	2
155	290	2
156	291	2
157	292	2
158	292	2
159	293	2
160	294	2
161	295	2
162	296	2
163	297	2
163	298	2
164	299	2
165	300	2
165	301	2
166	302	2
167	303	2
168	304	2
169	305	2
170	305	2
171	306	2
172	306	2
173	307	2
174	308	2
175	309	2
176	310	2
177	311	2
177	312	2
178	313	2
179	314	2
179	315	2
180	316	2
181	317	2
182	318	2
183	319	2
184	319	2
185	320	2
186	321	2
187	322	2
188	322	2
189	323	2
190	324	2
191	325	2
191	326	2
192	327	2
193	328	2
193	329	2
194	330	2
195	331	2
196	331	2
197	332	2
198	333	2
199	334	2
200	335	2
201	336	2
202	336	2
203	337	2
204	338	2
205	339	2
205	340	2
206	341	2
207	342	2
208	343	2
209	344	2
209	345	2
210	346	2
211	347	2
212	347	2
213	348	2
214	349	2
215	350	2
216	350	2
217	351	2
218	352	2
219	353	2
219	354	2
220	355	2
221	356	2
221	357	2
222	358	2
223	359	2
224	360	2
225	361	2
226	361	2
227	362	2
228	363	2
229	364	2
230	364	2
231	365	2
232	366	2
233	367	2
234	368	2
235	369	2
235	370	2
236	371	2
237	372	2
237	373	2
238	374	2
239	375	2
240	376	2
241	377	2
242	377	2
243	378	2
244	378	2
245	379	2
246	380	2
247	381	2
248	382	2
249	383	2
249	384	2
250	385	2
251	386	2
252	387	2
253	388	2
253	389	2
254	390	2
255	391	2
256	391	2
257	392	2
258	393	2
259	394	2
131	265	2
130	177	2
130	178	2
130	179	2
130	180	2
130	181	2
129	182	2
130	183	2
129	184	2
130	185	2
130	186	2
130	187	2
130	188	2
131	189	2
130	190	2
131	191	2
130	192	2
131	193	2
130	194	2
130	195	2
129	196	2
130	197	2
129	198	2
130	199	2
129	200	2
130	201	2
130	202	2
131	203	2
130	204	2
131	205	2
130	206	2
131	207	2
130	208	2
130	209	2
129	210	2
130	211	2
129	212	2
130	213	2
129	214	2
130	215	2
129	216	2
130	217	2
130	218	2
131	219	2
130	220	2
131	221	2
130	222	2
131	223	2
130	224	2
130	225	2
129	226	2
130	227	2
129	228	2
130	229	2
129	230	2
130	231	2
130	232	2
131	233	2
130	234	2
131	235	2
130	236	2
131	237	2
130	238	2
130	239	2
130	240	2
130	241	2
129	242	2
130	243	2
129	244	2
130	245	2
129	246	2
130	247	2
130	248	2
131	249	2
130	250	2
131	251	2
130	252	2
131	253	2
130	254	2
130	255	2
129	256	2
130	257	2
129	258	2
130	259	2
129	260	2
130	261	2
130	262	2
131	263	2
131	176	2
130	264	2
200	61	2
201	61	2
199	62	2
198	63	2
196	64	2
197	64	2
194	65	2
195	65	2
192	66	2
193	66	2
191	67	2
190	68	2
189	69	2
188	70	2
188	71	2
188	72	2
188	73	2
188	74	2
187	75	2
186	76	2
184	77	2
185	77	2
183	78	2
182	79	2
180	80	2
181	80	2
178	81	2
179	81	2
176	82	2
177	82	2
175	83	2
174	84	2
174	85	2
173	86	2
172	87	2
172	88	2
172	89	2
172	90	2
171	91	2
170	92	2
168	93	2
169	93	2
166	94	2
167	94	2
164	95	2
165	95	2
163	96	2
162	97	2
161	98	2
160	99	2
159	100	2
158	101	2
158	102	2
158	103	2
157	104	2
202	60	2
156	105	2
2	2	2
3	3	2
4	4	2
5	5	2
6	6	2
7	7	2
8	8	2
9	9	2
10	10	2
11	11	2
12	12	2
13	13	2
14	14	2
15	15	2
16	16	2
17	17	2
18	18	2
19	19	2
20	20	2
21	21	2
22	22	2
23	23	2
24	24	2
25	25	2
26	26	2
27	27	2
28	28	2
29	29	2
30	30	2
31	31	2
32	32	2
33	33	2
34	34	2
35	35	2
36	36	2
37	37	2
38	38	2
39	39	2
40	40	2
41	41	2
42	42	2
43	43	2
44	44	2
45	45	2
46	46	2
47	47	2
48	48	2
49	49	2
50	50	2
51	51	2
52	52	2
53	53	2
54	54	2
55	55	2
56	56	2
57	57	2
58	58	2
59	59	2
60	60	2
61	61	2
62	62	2
63	63	2
64	64	2
65	65	2
66	66	2
67	67	2
68	68	2
69	69	2
70	70	2
71	71	2
72	72	2
73	73	2
74	74	2
75	75	2
76	76	2
77	77	2
78	78	2
79	79	2
80	80	2
81	81	2
82	82	2
83	83	2
84	84	2
85	85	2
86	86	2
87	87	2
88	88	2
89	89	2
90	90	2
91	91	2
92	92	2
93	93	2
94	94	2
95	95	2
96	96	2
97	97	2
98	98	2
99	99	2
100	100	2
101	101	2
102	102	2
103	103	2
104	104	2
105	105	2
106	106	2
107	107	2
108	108	2
109	109	2
110	110	2
111	111	2
112	112	2
113	113	2
114	114	2
115	115	2
116	116	2
117	117	2
118	118	2
119	119	2
120	120	2
121	121	2
122	122	2
123	123	2
124	124	2
125	125	2
126	126	2
127	127	2
128	128	2
129	129	2
129	266	2
128	267	2
127	268	2
126	269	2
125	270	2
124	271	2
123	272	2
122	273	2
121	274	2
120	275	2
119	276	2
118	277	2
117	278	2
116	279	2
115	280	2
114	281	2
113	282	2
112	283	2
111	284	2
110	285	2
109	286	2
108	287	2
107	288	2
106	289	2
105	290	2
104	291	2
103	292	2
102	293	2
101	294	2
100	295	2
99	296	2
98	297	2
97	298	2
96	299	2
95	300	2
94	301	2
93	302	2
92	303	2
91	304	2
90	305	2
89	306	2
88	307	2
87	308	2
86	309	2
85	310	2
84	311	2
83	312	2
82	313	2
81	314	2
80	315	2
79	316	2
78	317	2
77	318	2
76	319	2
75	320	2
74	321	2
73	322	2
72	323	2
71	324	2
70	325	2
69	326	2
68	327	2
67	328	2
66	329	2
65	330	2
64	331	2
63	332	2
62	333	2
61	334	2
60	335	2
59	336	2
58	337	2
57	338	2
56	339	2
55	340	2
54	341	2
53	342	2
52	343	2
51	344	2
50	345	2
49	346	2
48	347	2
47	348	2
46	349	2
45	350	2
44	351	2
43	352	2
42	353	2
41	354	2
40	355	2
39	356	2
38	357	2
37	358	2
36	359	2
35	360	2
34	361	2
33	362	2
32	363	2
31	364	2
30	365	2
29	366	2
28	367	2
27	368	2
26	369	2
25	370	2
24	371	2
23	372	2
22	373	2
21	374	2
20	375	2
19	376	2
18	377	2
17	378	2
16	379	2
15	380	2
14	381	2
13	382	2
12	383	2
11	384	2
10	385	2
9	386	2
8	387	2
7	388	2
6	389	2
5	390	2
4	391	2
3	392	2
2	393	2
1	394	2
130	265	2
260	57	0
259	58	0
258	59	0
204	60	0
205	60	0
206	60	0
207	60	0
208	60	0
209	60	0
210	60	0
211	60	0
212	60	0
213	60	0
214	60	0
215	60	0
216	60	0
217	60	0
218	60	0
219	60	0
220	60	0
221	60	0
222	60	0
223	60	0
224	60	0
225	60	0
226	60	0
227	60	0
228	60	0
229	60	0
230	60	0
231	60	0
232	60	0
233	60	0
234	60	0
235	60	0
236	60	0
237	60	0
238	60	0
239	60	0
240	60	0
241	60	0
242	60	0
243	60	0
244	60	0
245	60	0
246	60	0
247	60	0
248	60	0
249	60	0
250	60	0
251	60	0
252	60	0
253	60	0
254	60	0
255	60	0
256	60	0
257	60	0
203	60	0
154	107	2
155	107	2
153	108	2
152	109	2
150	110	2
151	110	2
148	111	2
149	111	2
147	112	2
146	113	2
145	114	2
144	115	2
143	116	2
142	117	2
142	118	2
142	119	2
141	120	2
140	121	2
139	122	2
138	123	2
136	124	2
137	124	2
135	125	2
134	126	2
132	127	2
133	127	2
131	128	2
156	106	2
130	129	2
258	2	2
257	3	2
256	4	2
254	5	2
255	5	2
253	6	2
252	7	2
251	8	2
250	9	2
250	10	2
249	11	2
248	12	2
248	13	2
247	14	2
246	15	2
245	16	2
244	17	2
242	18	2
243	18	2
240	19	2
241	19	2
239	20	2
238	21	2
237	22	2
236	23	2
235	24	2
234	25	2
234	26	2
234	27	2
233	28	2
232	29	2
231	30	2
230	31	2
229	32	2
228	33	2
226	34	2
227	34	2
224	35	2
225	35	2
222	36	2
223	36	2
221	37	2
220	38	2
220	39	2
219	40	2
218	41	2
218	42	2
218	43	2
217	44	2
216	45	2
216	46	2
214	47	2
215	47	2
212	48	2
213	48	2
210	49	2
211	49	2
209	50	2
208	51	2
206	52	2
207	52	2
205	53	2
204	54	2
204	55	2
203	56	2
202	57	2
202	58	2
202	59	2
130	131	2
129	132	2
130	133	2
130	134	2
131	135	2
130	136	2
131	137	2
130	138	2
131	139	2
130	140	2
130	141	2
130	142	2
130	143	2
129	144	2
130	145	2
130	146	2
130	147	2
130	148	2
130	149	2
130	150	2
131	151	2
130	152	2
130	153	2
130	154	2
130	155	2
130	156	2
130	157	2
130	158	2
130	159	2
130	160	2
130	161	2
130	162	2
130	163	2
130	164	2
130	165	2
130	166	2
130	167	2
130	168	2
130	169	2
130	170	2
130	171	2
130	172	2
130	173	2
130	174	2
130	175	2
129	130	2
131	176	2
