# Persisting
232	57
158	193
162	339
53	53
307	252
37	358
213	234
159	354
181	294
128	222
272	185
165	119
329	56
296	250
313	265
351	321
384	72
151	339
207	59
261	105
189	279
119	90
66	66
155	222
157	206
193	263
180	206
353	217
156	119
213	2
214	368
308	253
145	309
290	320
328	393
242	73
353	391
140	104
113	263
293	11
149	193
225	112
261	391
9	9
100	206
102	222
106	149
162	76
132	193
297	217
176	368
13	13
165	263
113	222
166	32
169	279
205	251
223	17
143	133
184	383
312	255
116	236
188	132
261	202
135	90
279	319
176	9
212	341
315	321
373	128
198	352
364	120
237	262
129	133
99	294
101	193
263	310
103	104
124	294
175	48
195	132
252	280
297	194
301	69
103	249
175	161
161	133
201	369
220	59
121	119
191	33
431	77
237	366
291	320
329	66
170	236
225	17
99	149
190	235
104	104
122	222
174	90
216	151
287	217
291	154
364	119
383	213
171	263
245	335
198	234
112	119
129	324
148	29
184	47
149	324
150	178
136	178
154	324
376	129
159	32
142	104
144	178
127	161
144	263
239	278
224	384
131	76
349	338
243	262
260	19
209	234
191	46
284	137
144	193
163	178
110	90
111	263
188	154
117	236
171	178
300	9
176	7
233	58
234	261
238	325
147	61
169	104
152	48
189	117
137	119
88	88
142	309
273	186
221	260
186	339
167	279
298	194
138	222
249	75
322	220
158	149
309	23
113	193
138	161
235	249
145	206
109	149
146	161
182	117
185	394
168	206
80	80
116	249
170	222
190	149
105	104
231	77
346	322
329	394
151	193
321	203
105	249
161	354
203	235
422	75
371	231
245	151
217	59
343	128
182	221
420	53
166	76
351	64
210	234
122	309
214	151
288	218
327	219
152	324
154	104
375	128
195	294
202	131
239	250
131	133
168	324
169	90
151	222
170	104
172	193
104	236
122	90
160	206
174	222
176	132
142	263
178	293
165	339
204	191
259	105
294	57
300	285
160	61
161	161
273	325
347	218
169	161
115	294
206	222
262	284
193	59
194	276
142	236
240	250
224	260
189	47
390	112
212	368
105	90
123	279
177	178
288	320
240	73
248	249
194	77
103	133
140	324
159	119
397	115
218	327
312	331
322	297
143	309
163	193
188	207
136	61
101	309
228	118
233	133
159	149
126	263
109	309
235	236
164	32
94	236
150	119
153	324
134	294
172	32
121	133
123	249
178	324
199	324
218	223
383	246
93	119
203	340
222	48
313	321
170	90
151	236
279	27
367	71
47	47
105	236
176	178
196	352
287	75
342	259
343	62
358	69
296	65
155	339
144	149
108	222
162	236
348	218
258	133
115	193
205	383
225	385
119	324
122	149
212	204
140	161
212	279
34	361
198	294
128	339
146	133
183	264
223	314
170	178
188	264
208	1
102	279
104	178
140	48
106	279
178	383
197	33
289	320
343	70
166	339
149	249
150	249
222	59
245	250
276	13
85	310
104	193
122	119
177	61
110	294
164	368
114	294
224	112
26	369
118	294
151	90
139	249
174	354
432	77
114	236
166	104
157	32
340	256
142	193
94	222
77	318
115	119
98	133
221	3
154	76
210	353
249	279
231	110
18	377
202	368
239	30
170	76
318	220
28	367
157	279
105	222
341	165
107	309
161	263
153	61
300	257
102	104
108	263
162	309
164	206
112	279
111	193
240	151
205	369
292	27
357	321
124	76
361	51
20	375
94	193
277	282
315	219
26	26
171	133
120	294
319	334
177	222
216	79
345	186
164	279
365	71
153	149
268	309
180	236
147	294
165	368
131	119
167	294
297	259
151	104
352	51
155	294
192	103
12	383
162	249
18	18
180	147
129	61
111	206
165	193
167	104
259	260
271	324
331	217
373	217
287	265
271	62
255	133
183	279
349	64
167	249
152	249
332	56
190	170
121	161
174	149
123	133
196	309
126	178
217	259
240	108
166	324
95	294
152	104
171	324
279	63
154	193
301	110
212	2
125	149
200	340
348	15
168	104
204	260
139	236
214	341
93	178
384	245
187	309
205	174
227	385
301	325
266	249
411	70
125	76
148	133
114	104
166	236
116	324
313	245
281	284
139	263
160	309
125	61
159	263
308	56
237	110
329	322
220	279
130	222
150	133
207	353
209	2
106	193
345	53
181	236
165	354
192	117
138	324
174	382
272	61
185	90
281	372
198	261
326	334
128	193
146	279
258	19
350	64
351	338
104	149
177	193
158	61
357	50
87	308
141	358
162	32
181	324
183	47
149	294
170	32
153	104
299	249
100	161
135	279
102	133
158	76
108	161
201	340
294	65
151	119
121	90
312	235
313	150
97	193
169	249
259	379
194	147
231	58
267	190
143	222
36	36
326	321
183	354
152	206
117	324
334	257
355	339
139	309
217	278
128	119
112	76
238	278
371	316
134	61
299	325
175	149
195	33
146	48
220	47
442	81
116	104
225	327
302	8
269	310
290	326
273	262
168	236
186	90
150	76
224	340
261	199
281	326
314	23
333	217
194	234
177	309
141	263
290	12
347	392
295	285
333	170
79	79
99	206
136	324
101	222
137	90
155	32
123	161
154	178
124	222
160	149
192	353
218	151
341	218
347	114
221	234
241	30
317	321
300	324
156	193
197	310
215	59
234	119
200	368
276	368
116	119
118	279
192	90
249	31
122	279
105	309
270	391
181	104
152	354
229	385
285	218
33	33
270	310
219	151
183	368
168	354
98	178
316	253
355	321
178	263
125	193
199	261
274	220
58	337
113	76
185	148
150	161
225	224
136	133
191	353
158	161
125	263
125	178
159	61
127	178
110	222
215	48
306	22
115	324
117	104
207	234
83	312
157	119
214	136
288	191
162	354
163	368
147	193
94	263
169	236
225	31
98	263
261	201
210	150
121	222
176	10
50	345
123	206
323	256
159	339
380	215
273	62
348	264
172	222
192	383
138	90
124	236
143	90
347	64
348	114
277	186
281	63
338	56
102	161
233	278
359	391
108	133
180	221
271	262
325	334
294	109
101	279
135	61
141	161
180	279
289	56
145	294
111	249
96	249
168	193
170	294
7	7
144	90
151	178
153	279
244	336
178	236
197	235
199	251
112	104
148	30
187	77
387	72
372	71
101	90
137	222
104	263
174	309
319	23
306	8
180	367
162	206
182	192
273	337
276	186
295	110
116	76
322	373
324	113
185	384
313	187
167	48
98	236
150	104
169	222
172	61
206	384
156	263
316	320
219	250
204	59
22	22
262	74
138	76
175	193
124	309
125	236
113	119
185	354
311	76
348	64
68	327
160	32
177	104
341	111
413	71
272	324
114	206
168	32
181	76
254	249
148	206
313	188
115	149
330	284
279	325
213	150
128	178
97	104
132	279
208	352
172	382
278	338
192	324
138	119
175	206
231	278
124	249
127	193
113	104
258	371
296	109
351	50
388	72
136	161
137	309
155	178
227	224
230	31
140	294
144	161
162	279
143	294
113	249
117	76
207	206
120	149
193	33
144	48
182	77
112	324
129	119
116	193
151	279
134	309
178	339
269	221
142	149
380	251
225	148
301	23
139	324
342	187
108	90
127	206
162	104
164	324
257	324
150	324
153	32
281	27
155	324
299	193
138	193
247	250
175	324
178	104
374	317
180	324
54	341
112	236
327	66
351	72
190	309
138	263
229	326
175	309
158	279
267	105
237	337
183	309
96	133
149	133
98	249
170	193
244	261
174	119
30	365
177	324
201	59
129	249
366	325
166	294
98	104
150	236
171	354
206	260
371	327
193	324
339	165
114	309
189	325
377	16
179	339
73	322
255	19
353	15
118	324
122	324
213	48
360	71
110	119
221	48
166	206
115	104
187	384
152	339
335	56
83	83
101	133
198	191
271	74
293	217
294	217
102	236
301	9
161	193
165	324
130	294
257	227
59	59
369	233
260	104
207	308
244	117
160	76
161	178
142	76
111	178
113	236
204	368
313	111
336	56
63	63
65	65
176	76
344	392
93	222
129	90
166	193
256	281
116	222
315	371
118	206
156	354
233	30
179	118
289	327
219	223
169	76
136	206
172	354
135	309
429	77
86	86
55	55
204	280
3	392
39	356
186	383
187	103
158	249
253	250
163	206
165	222
43	43
188	222
206	48
101	294
284	252
233	118
215	290
109	294
201	93
147	249
240	224
131	339
152	236
118	193
281	264
340	187
361	218
128	149
165	48
187	15
117	279
262	32
173	48
121	263
176	161
125	343
179	236
269	391
325	373
383	116
114	149
210	384
140	193
160	90
161	76
287	370
115	206
206	59
171	119
262	249
173	263
174	32
177	279
196	117
161	61
217	136
182	32
130	90
96	161
114	119
186	47
151	133
104	161
304	329
290	65
292	250
294	194
132	249
206	352
223	184
245	262
137	133
355	391
407	108
233	326
272	262
203	132
96	90
5	390
225	314
138	339
138	236
232	223
263	391
285	75
107	119
235	58
330	218
169	133
280	373
230	132
177	264
285	252
240	30
239	190
188	278
153	236
189	384
137	61
158	48
196	131
362	218
182	353
129	222
96	279
154	206
103	161
160	249
175	249
179	250
340	56
186	264
132	119
190	368
10	385
137	324
193	103
211	205
160	104
162	324
253	133
398	214
148	279
205	173
152	263
188	235
371	70
176	104
35	360
145	149
253	118
164	76
165	90
111	327
219	369
220	353
152	193
99	263
292	153
120	309
375	114
124	178
219	59
238	261
242	261
133	178
103	222
106	206
164	149
96	104
277	13
303	247
180	309
110	178
166	149
224	327
171	90
118	178
189	236
121	193
317	23
124	90
188	292
154	161
121	178
211	48
232	278
341	258
141	357
203	353
95	279
152	119
259	19
354	322
136	294
390	209
174	279
195	59
303	271
358	16
144	294
180	250
111	119
166	61
295	76
352	217
280	219
191	15
107	90
161	104
96	222
149	76
98	206
350	185
62	333
215	223
165	76
384	115
224	205
98	161
106	161
160	324
125	206
220	185
239	58
187	32
190	47
137	161
139	133
176	324
252	183
362	70
130	279
185	250
150	263
133	309
279	186
301	286
142	61
147	178
421	74
386	60
172	90
248	347
193	251
194	340
231	50
124	104
307	111
200	147
204	16
132	309
350	51
100	193
156	339
176	236
232	260
178	192
308	22
169	387
207	383
280	186
137	279
284	15
345	15
163	48
111	133
148	324
222	327
205	192
258	260
171	48
226	327
135	206
259	174
85	85
106	74
158	206
144	222
57	57
96	236
170	309
208	59
353	72
234	278
308	110
238	235
167	149
61	61
171	222
244	150
161	324
142	294
182	324
382	60
293	154
224	74
152	76
207	324
134	44
155	354
49	49
195	46
342	323
107	263
161	309
181	207
272	336
147	339
168	76
21	374
186	250
117	119
246	336
138	178
11	384
47	348
146	178
167	61
6	389
261	200
321	373
123	193
177	294
125	104
215	234
127	324
253	19
254	387
310	218
148	161
41	41
344	71
150	206
316	245
352	391
154	133
156	161
177	236
340	243
13	382
108	119
180	47
237	74
202	252
114	279
45	45
318	320
157	222
105	149
199	146
182	206
112	193
200	383
97	294
336	111
262	310
354	217
193	384
122	294
105	294
216	234
109	161
56	339
184	264
97	236
278	27
321	334
143	61
150	193
133	119
119	178
102	206
104	249
137	76
106	133
157	294
265	391
217	369
324	297
341	244
294	10
152	90
153	76
48	347
139	161
177	118
113	206
169	263
207	251
358	390
269	345
307	218
143	149
147	206
313	186
116	263
46	46
357	246
218	249
129	149
349	391
102	193
123	76
160	178
129	339
368	250
226	248
172	279
212	59
161	149
179	383
126	90
201	353
41	354
278	186
175	294
272	15
145	279
93	249
94	249
184	278
297	25
99	133
389	126
84	311
285	370
291	138
166	309
242	250
100	236
304	271
181	178
291	27
187	90
151	48
100	294
192	15
10	10
156	61
174	324
179	324
108	294
162	193
198	117
92	85
290	266
76	319
185	32
115	236
343	130
157	90
159	161
111	279
259	333
390	127
121	249
230	309
379	71
367	51
95	222
149	236
245	237
320	220
156	133
123	90
124	324
179	147
255	388
147	263
257	347
349	266
167	263
225	260
138	206
140	222
88	215
107	149
158	133
180	178
199	118
236	311
253	238
360	50
114	193
204	323
132	61
116	90
64	64
195	384
215	278
109	133
255	250
130	119
60	335
167	222
169	48
170	206
187	394
336	218
339	55
380	243
129	309
240	390
148	76
292	266
223	327
9	386
136	193
101	236
137	104
192	339
321	219
106	249
112	149
132	149
188	90
227	17
137	294
137	249
262	378
162	294
110	133
116	161
207	223
134	149
335	394
139	90
377	128
117	206
285	136
306	271
345	165
238	152
173	61
123	104
160	222
125	324
251	31
142	279
182	309
111	76
276	247
167	309
279	138
232	235
125	309
127	76
145	354
257	19
166	119
187	222
295	10
61	334
279	251
315	261
191	117
410	70
302	72
361	71
234	223
291	217
349	115
98	309
99	161
153	339
212	384
177	162
197	47
127	279
129	263
221	185
149	263
243	212
171	339
317	219
138	104
195	89
235	261
364	218
20	20
205	48
227	31
102	119
251	133
288	137
144	339
307	330
164	193
186	178
314	111
259	239
371	114
372	217
120	178
66	329
194	383
140	90
286	137
159	133
375	316
145	161
364	51
19	376
292	109
166	249
348	322
373	326
121	149
344	63
220	260
314	321
225	183
316	189
227	183
155	249
339	187
103	178
160	236
125	342
252	149
182	263
350	388
188	103
207	261
370	232
373	45
101	104
137	236
144	133
35	35
108	206
74	74
217	30
187	236
123	324
158	368
197	384
142	206
324	67
246	2
102	263
304	330
103	90
123	309
106	263
214	59
213	256
235	354
182	367
167	339
387	114
29	366
304	217
269	74
236	387
136	76
135	236
355	64
140	249
110	161
149	48
332	171
116	133
118	161
172	119
389	60
157	48
232	111
286	251
109	279
146	236
94	206
224	313
149	161
98	149
316	220
153	294
192	263
176	193
195	191
178	221
181	368
201	223
147	119
202	352
294	250
311	6
332	393
353	321
335	337
172	149
105	206
107	222
161	236
161	279
188	117
233	223
235	50
380	71
112	263
94	294
96	193
168	249
4	391
187	250
205	353
277	116
292	11
358	321
158	354
270	344
115	76
101	161
194	14
214	384
414	70
164	263
256	32
168	279
279	54
118	90
227	353
273	377
224	30
283	253
356	64
176	294
305	243
395	113
142	48
111	222
97	206
133	339
372	317
120	206
178	393
289	138
146	222
190	90
245	367
283	27
123	149
291	75
96	294
104	294
140	279
157	249
158	178
6	6
84	84
15	380
164	236
112	309
148	294
131	294
183	207
152	161
187	325
188	250
203	59
135	104
156	294
174	61
336	19
220	368
148	149
115	90
335	234
120	324
409	108
32	363
124	193
200	252
164	309
132	222
150	149
153	119
172	309
207	369
102	178
391	213
105	161
182	250
147	324
383	16
136	104
281	219
247	335
247	186
212	136
216	278
159	222
179	394
163	324
364	323
111	236
113	178
24	371
115	178
203	48
260	380
280	338
144	119
146	263
219	327
271	28
311	245
166	279
277	325
150	61
151	161
191	277
104	133
103	119
339	244
162	48
127	294
201	251
270	220
169	386
135	263
338	68
174	294
16	379
288	75
218	260
131	90
259	145
333	394
350	338
263	20
234	132
181	118
165	236
365	324
187	339
98	193
170	249
99	104
205	261
225	4
315	333
126	324
368	71
149	206
152	222
99	249
189	103
121	324
122	58
157	339
268	378
160	339
216	59
180	33
200	234
186	325
24	24
294	25
133	149
372	115
121	309
139	178
179	222
133	294
280	305
28	28
301	271
302	24
430	77
323	373
234	143
182	103
165	149
353	64
189	15
119	263
175	76
16	16
181	309
164	104
147	48
219	341
336	322
151	354
155	48
101	206
174	193
175	61
126	222
254	19
222	248
167	354
155	161
173	119
67	67
179	368
200	352
132	90
188	47
200	58
218	76
296	323
100	104
135	76
117	294
122	76
139	339
126	193
109	119
37	37
130	178
203	261
132	178
151	61
107	161
125	279
112	249
222	313
242	30
332	297
225	353
383	72
159	178
70	70
148	193
149	104
98	279
354	64
123	222
303	9
165	104
296	217
99	236
172	206
303	323
179	132
330	56
221	204
276	220
208	250
62	62
373	70
264	390
323	219
167	90
189	169
134	161
101	263
193	46
232	31
105	279
236	337
312	151
243	74
209	369
193	223
266	191
177	133
231	78
342	55
345	337
54	54
146	354
101	249
102	249
191	310
303	328
34	34
199	235
218	368
274	62
312	320
149	339
135	149
137	206
229	133
139	222
232	247
69	326
108	236
162	222
92	86
220	3
111	161
97	133
169	368
304	110
377	245
164	61
186	14
167	32
169	206
154	119
190	131
156	279
392	214
123	236
160	263
198	323
253	54
182	393
380	245
147	76
130	236
292	217
160	193
163	76
242	325
227	235
246	261
157	161
160	48
346	106
240	366
150	309
228	74
265	192
378	244
163	279
182	90
165	178
148	222
99	178
173	178
140	61
310	190
132	263
242	237
332	111
134	104
82	313
136	279
175	222
161	206
288	13
235	278
344	218
261	379
103	279
126	76
109	236
325	297
114	249
169	354
152	294
170	368
280	283
268	114
359	51
270	378
256	260
241	250
333	298
119	249
126	149
147	90
168	309
331	284
333	112
172	178
233	337
324	373
217	341
183	103
38	357
293	285
8	387
153	48
262	370
300	270
250	279
126	119
147	133
310	110
339	394
158	263
148	236
96	149
149	149
387	246
123	294
130	249
186	394
134	90
337	110
193	340
194	90
175	236
197	191
254	32
243	324
135	249
135	324
230	57
231	133
180	339
109	222
146	104
238	73
239	325
97	161
167	119
170	354
210	205
230	327
157	61
235	223
182	47
350	107
388	247
151	309
134	279
264	370
318	112
302	270
147	104
148	90
352	64
334	336
338	111
263	379
174	249
87	87
71	324
127	236
163	104
183	117
350	389
134	236
157	133
233	236
145	339
163	249
75	75
328	56
204	352
115	263
279	264
271	50
95	149
133	61
118	222
69	69
352	71
64	331
389	212
193	294
178	178
162	133
127	149
112	178
111	90
313	23
268	391
126	104
308	331
146	90
165	206
113	149
185	77
370	115
190	222
120	193
173	382
126	294
217	151
309	244
148	249
348	337
132	339
117	161
106	178
363	218
112	90
165	32
148	104
293	251
170	61
372	17
173	32
121	279
248	31
123	119
220	93
330	112
114	133
331	66
298	153
134	222
318	267
138	149
309	76
147	161
327	22
348	185
115	222
261	233
282	110
355	217
174	48
251	280
201	118
170	149
151	149
298	110
408	109
176	249
124	263
15	15
200	207
202	223
148	119
206	368
189	264
136	236
357	391
141	48
159	90
110	193
93	279
111	104
146	61
97	263
133	193
232	207
305	242
127	104
146	76
163	236
332	218
173	368
67	328
139	119
212	234
323	297
163	294
291	57
168	368
149	178
350	71
171	294
280	63
158	32
359	218
142	339
311	23
131	222
43	352
100	279
154	222
156	206
179	279
331	112
206	234
266	336
103	294
175	382
306	251
308	235
163	149
165	249
116	294
152	279
306	330
217	234
145	133
327	334
381	49
172	236
318	23
211	59
265	105
179	162
382	48
225	235
103	206
164	133
112	222
405	72
171	61
7	388
155	263
229	308
175	263
215	353
307	192
312	245
166	133
188	325
133	324
190	250
173	354
320	373
104	119
122	193
142	178
144	104
236	57
128	263
208	384
153	206
117	133
280	13
119	161
301	62
235	326
181	339
95	263
149	309
169	385
134	43
333	56
354	338
342	243
185	1
189	132
209	251
318	295
427	76
46	349
140	149
106	72
52	343
250	335
328	66
400	106
148	309
131	279
366	51
98	222
150	90
402	207
118	133
300	24
156	309
174	76
358	217
213	255
268	49
145	119
199	369
218	234
220	327
243	30
173	236
122	59
89	306
125	222
130	161
239	74
44	351
190	394
107	178
253	207
289	75
186	309
150	279
135	193
193	90
210	2
194	309
247	348
282	218
252	54
428	77
272	28
110	76
93	236
129	104
81	314
153	354
194	251
195	251
145	104
94	149
369	71
97	90
280	27
373	317
161	339
314	262
137	263
358	50
214	279
162	178
53	342
163	32
164	178
111	149
218	279
296	10
187	166
363	69
171	32
298	367
141	222
144	206
340	322
124	119
360	246
73	73
274	263
113	309
168	339
167	133
224	235
153	161
171	206
243	236
45	350
173	222
356	322
370	326
160	354
14	381
108	104
162	90
178	308
275	220
77	77
258	380
208	260
295	154
352	15
264	75
246	250
234	111
343	323
273	342
165	309
148	339
169	178
187	264
405	108
133	279
173	309
139	48
194	263
130	104
166	161
4	4
149	119
152	133
209	383
120	249
265	61
145	90
276	110
332	67
98	90
150	222
171	368
154	149
119	133
244	237
354	391
110	263
220	150
237	58
114	263
242	336
281	14
173	104
156	32
105	133
178	117
233	261
142	119
363	51
92	88
383	60
241	325
401	207
236	133
329	112
168	178
170	279
104	90
122	236
174	104
124	133
175	90
284	326
19	19
93	104
58	58
129	236
274	377
243	250
226	30
227	148
303	331
160	368
286	74
109	104
130	133
348	391
132	161
223	224
369	251
306	57
343	337
109	249
92	87
110	249
328	22
176	90
50	50
110	104
147	222
219	259
116	279
98	294
188	383
120	263
194	223
394	112
106	294
215	136
181	264
75	320
172	368
100	149
178	148
130	339
368	234
186	353
42	42
277	219
278	219
172	263
423	76
173	90
321	113
176	279
303	193
185	47
331	56
337	337
263	105
234	235
145	263
290	370
297	9
210	368
211	2
175	104
358	247
214	29
141	339
197	59
342	70
220	204
202	323
95	193
297	154
226	16
154	309
244	250
266	49
197	369
161	368
109	90
254	55
291	11
275	325
148	61
155	133
286	370
252	249
345	393
270	61
146	119
356	15
302	71
307	56
147	236
130	76
310	7
404	72
151	294
122	249
159	294
381	242
184	103
347	14
241	74
95	206
156	149
104	222
122	104
174	236
249	250
263	260
127	249
382	115
147	279
276	324
78	317
300	194
173	76
157	178
140	206
107	133
370	71
268	106
161	32
167	206
169	32
318	78
176	222
68	68
154	263
227	327
282	301
156	236
359	322
179	309
126	236
109	76
218	341
112	133
240	261
168	119
186	193
132	133
208	222
133	236
226	149
210	59
350	387
138	249
342	393
142	90
127	119
110	149
143	263
183	236
222	260
349	217
169	339
152	309
134	133
194	176
379	244
288	250
126	309
143	249
128	249
254	334
238	57
111	309
168	149
255	324
329	21
117	222
119	206
137	48
157	354
195	262
145	48
128	104
184	117
129	193
165	61
274	139
330	393
118	119
172	161
190	15
300	366
376	71
52	52
204	223
190	325
120	76
229	278
230	49
141	149
184	339
171	104
154	32
189	222
138	294
284	265
212	222
303	74
236	223
146	294
241	236
296	284
171	249
316	268
173	149
264	378
303	59
127	263
143	119
129	279
149	279
172	339
389	211
319	219
157	236
141	61
272	377
164	354
183	77
222	184
133	222
174	368
175	354
107	104
161	90
289	13
312	218
131	309
97	178
8	8
263	74
325	66
297	110
154	90
304	323
12	12
339	218
214	48
344	15
347	106
222	16
261	310
134	76
392	112
156	249
195	78
305	111
179	264
234	31
182	279
369	327
294	75
169	309
351	14
120	90
121	76
156	104
145	249
163	339
184	353
310	75
186	77
115	161
172	104
283	151
233	110
305	329
90	90
142	222
128	206
255	371
291	266
39	39
96	178
186	60
226	384
136	339
337	56
374	71
267	334
305	23
127	309
204	117
296	153
27	27
155	206
190	32
306	110
112	161
224	16
187	132
82	82
175	368
31	31
252	19
144	236
109	193
36	359
241	262
21	21
420	73
116	149
99	119
154	61
280	326
305	322
179	47
142	161
109	263
218	30
287	251
436	73
113	279
111	329
117	178
100	222
171	236
189	90
340	218
57	338
203	223
275	263
131	193
348	106
154	354
172	133
282	264
107	206
165	279
166	48
168	90
186	236
367	218
190	353
120	104
263	32
157	104
106	71
178	47
184	367
185	103
49	346
284	218
140	119
214	234
125	90
198	368
237	278
292	138
130	61
313	267
297	65
173	249
174	178
175	32
196	251
362	50
198	131
183	32
168	263
133	161
228	353
214	259
197	132
270	74
181	250
211	280
229	206
141	178
143	178
145	236
290	153
258	78
97	222
134	339
120	222
122	206
146	206
239	223
169	119
23	372
171	279
301	61
33	362
251	104
236	73
219	3
192	47
140	263
216	368
141	90
159	48
126	61
144	279
162	161
256	325
239	262
303	286
324	334
121	104
156	76
211	234
229	247
106	73
159	193
160	119
283	265
374	129
384	213
25	370
116	309
172	76
249	345
230	277
105	119
72	72
152	32
155	61
122	56
366	217
76	76
185	339
132	206
208	279
17	378
325	321
96	119
114	161
278	148
134	178
283	219
285	62
251	335
159	206
145	222
168	222
364	118
317	56
120	236
173	339
265	50
282	74
141	309
128	161
166	263
132	294
376	16
302	327
235	311
201	235
203	251
131	61
334	393
373	114
212	48
140	309
232	132
141	76
363	68
347	245
334	56
210	250
157	76
143	324
291	327
328	113
134	324
209	261
213	341
195	310
159	324
131	149
95	236
149	222
151	206
171	193
100	249
225	133
334	218
174	206
359	246
133	133
135	161
318	334
181	222
110	236
147	354
199	132
168	61
202	117
326	67
150	294
348	244
279	219
376	245
158	294
196	32
162	368
163	354
127	61
165	133
119	279
121	236
250	31
123	263
106	309
125	119
180	393
74	321
148	178
311	219
210	279
156	178
103	149
286	64
197	208
126	206
256	19
205	16
153	90
320	112
175	178
252	237
346	392
164	161
183	178
280	264
300	110
229	235
196	47
126	279
71	71
144	61
145	193
164	48
326	256
172	48
119	236
155	104
195	209
144	76
199	340
113	294
296	194
153	178
336	297
157	309
140	339
196	368
154	339
211	341
195	15
251	250
141	119
324	220
181	32
165	294
148	354
223	112
25	25
226	353
209	223
173	294
282	63
122	133
143	339
146	149
221	58
315	189
117	249
118	249
29	29
234	368
181	279
219	204
184	90
326	394
134	119
118	104
196	383
107	249
287	64
17	17
93	294
185	368
239	118
208	234
262	390
176	264
266	390
42	353
210	222
377	252
105	263
141	193
181	90
129	76
168	161
209	353
176	33
145	76
290	57
312	22
185	264
133	104
173	193
157	263
179	294
234	49
163	119
205	59
150	339
133	249
134	249
135	133
264	104
139	206
106	119
305	218
108	279
164	222
97	149
187	279
170	382
117	90
265	207
269	378
128	236
93	193
111	294
171	149
360	218
160	279
381	241
97	119
167	161
153	133
190	2
119	104
155	236
376	58
268	261
326	23
258	239
136	90
228	235
282	8
138	309
14	14
163	263
146	309
184	309
95	161
192	309
174	133
357	16
141	324
215	150
290	75
146	324
364	70
224	134
133	90
136	263
299	366
196	340
107	236
125	133
70	325
161	222
184	222
275	338
276	249
211	369
103	263
306	218
182	178
116	178
99	90
141	236
218	59
146	249
310	22
186	32
189	394
338	218
374	115
139	279
194	32
124	161
159	279
126	133
130	206
151	249
136	249
228	327
375	16
105	193
365	218
223	204
243	335
297	285
279	149
176	308
215	326
236	278
271	378
147	149
140	76
195	353
89	89
252	118
143	193
163	309
128	294
164	90
218	2
170	161
171	309
210	341
194	59
183	394
170	48
133	76
188	394
136	309
119	119
102	149
225	205
263	370
377	71
197	340
389	210
144	309
199	191
110	309
327	394
363	320
349	185
205	223
332	284
81	81
118	309
211	383
32	32
103	309
267	49
144	324
109	206
272	393
149	61
79	316
100	90
300	63
194	131
304	58
179	32
197	118
143	206
307	23
435	74
129	161
296	260
403	117
316	260
134	263
302	286
379	114
234	326
199	295
55	340
132	236
208	309
278	263
65	330
119	76
137	178
175	133
107	294
221	327
336	393
282	253
157	149
302	248
159	236
269	262
164	249
183	250
115	279
135	119
122	178
88	307
141	279
344	104
254	352
95	133
132	324
153	249
99	222
174	161
160	133
124	206
218	135
166	368
295	194
155	193
193	310
213	384
178	162
288	57
341	187
162	149
127	133
344	337
184	250
131	104
80	315
188	15
118	263
190	383
191	2
226	182
122	263
232	49
391	113
145	324
113	133
170	324
195	340
359	71
343	393
164	119
111	328
293	26
78	78
226	111
153	309
388	213
375	71
322	113
178	279
306	288
126	161
162	61
292	326
187	47
295	251
136	149
317	245
390	213
304	193
107	193
161	294
110	206
204	252
169	294
189	368
134	206
193	117
138	133
194	294
211	223
356	391
308	245
199	59
94	279
100	119
119	309
121	206
209	280
158	339
268	61
310	245
313	266
170	133
336	336
262	104
102	294
124	279
128	76
166	354
167	368
138	61
108	149
240	336
3	3
97	279
132	104
295	65
134	193
51	344
180	263
109	178
238	117
183	193
186	103
311	321
349	14
171	76
189	250
249	343
378	53
216	136
286	218
131	161
150	48
153	263
338	176
305	57
289	266
184	32
221	314
131	206
224	183
439	82
100	263
192	32
227	194
156	222
104	279
103	193
247	31
282	283
287	14
376	114
366	70
206	250
120	119
246	349
338	393
163	133
112	294
183	222
166	178
95	104
149	90
152	178
224	352
278	13
281	338
249	344
176	8
320	334
339	17
236	50
219	234
224	223
95	249
170	119
228	385
193	353
122	57
139	294
160	161
196	234
179	178
264	261
266	105
128	90
2	393
164	294
344	243
424	75
226	235
172	294
135	178
229	110
157	193
304	246
215	384
163	61
112	206
203	82
114	222
166	90
168	48
225	340
241	336
257	32
155	279
265	379
175	279
158	309
161	119
215	369
285	61
113	161
115	133
207	102
283	75
233	50
158	324
378	71
143	48
290	27
128	279
146	193
183	324
202	290
314	149
208	368
153	222
117	149
190	117
246	118
302	324
123	178
340	255
196	209
182	339
183	14
148	28
353	380
100	309
102	90
230	111
391	61
412	70
108	309
162	263
240	325
120	133
211	251
248	261
139	61
140	133
196	58
181	394
131	263
187	354
151	263
118	149
283	64
176	6
142	133
199	353
270	261
220	234
238	249
278	325
250	132
269	62
127	222
163	90
201	147
130	324
281	11
137	193
103	236
108	249
132	76
187	177
299	110
138	279
156	90
322	334
305	270
380	115
346	15
97	249
169	193
118	236
173	324
176	61
195	235
213	136
341	323
141	294
198	340
361	247
129	294
184	77
94	133
202	340
204	48
154	294
190	103
209	59
251	119
164	339
202	234
185	178
244	30
209	84
63	332
311	269
22	373
376	253
141	206
325	113
381	116
163	161
254	226
400	72
275	14
114	90
166	222
171	161
281	302
101	149
196	191
159	309
218	204
184	393
183	339
152	61
117	309
333	66
335	217
173	206
194	117
158	119
151	76
101	119
191	384
250	249
125	294
72	323
181	47
184	178
167	76
133	263
245	2
191	90
339	69
140	178
128	324
293	65
152	149
116	206
191	171
51	51
235	133
94	119
167	178
136	222
119	149
229	58
232	338
177	12
125	249
126	249
198	209
110	279
128	61
148	48
226	134
316	4
156	48
174	339
144	354
127	90
163	222
385	72
115	249
404	220
120	161
143	236
145	178
347	321
239	152
114	76
95	178
188	368
170	263
117	193
275	28
371	16
249	262
195	277
31	364
124	149
128	133
146	339
309	330
277	369
117	263
334	322
154	236
267	391
358	68
252	132
130	149
149	354
23	23
135	339
392	62
139	193
141	104
149	24
115	309
173	279
11	11
232	119
213	59
141	249
142	249
234	208
59	336
169	61
337	217
120	279
372	326
194	47
213	369
177	368
231	118
40	355
131	249
350	15
5	5
100	133
137	149
106	236
158	104
178	132
162	119
234	57
344	164
345	218
221	354
137	339
246	223
38	38
169	149
386	72
338	337
193	15
194	352
231	30
236	235
254	325
165	161
155	119
173	161
180	117
145	61
92	279
129	206
94	104
96	263
203	323
98	119
204	83
295	217
30	30
197	353
198	58
330	66
349	166
222	204
150	354
245	117
155	149
284	74
308	320
148	263
257	104
300	74
247	262
139	76
213	205
86	309
323	334
307	8
219	186
237	236
237	311
167	193
99	279
101	178
155	76
160	294
178	368
143	104
2	2
168	294
154	249
104	206
394	229
106	222
158	90
159	104
346	218
237	14
130	309
27	368
159	249
144	249
180	293
277	110
282	27
191	103
122	161
374	216
214	204
161	48
200	117
293	110
370	317
119	193
323	113
237	118
203	369
131	236
277	149
154	279
100	178
118	76
135	294
104	309
174	263
191	325
337	394
108	178
346	165
56	56
202	59
271	221
385	60
224	4
227	49
106	104
158	236
108	193
143	279
96	206
258	104
60	60
170	339
294	284
301	326
213	223
288	266
1	394
94	178
131	324
168	133
331	172
151	324
119	222
48	48
155	90
156	324
142	324
291	65
274	324
130	193
257	260
167	324
226	205
172	324
245	223
139	149
105	178
177	90
198	47
147	309
130	263
331	394
136	119
155	309
140	236
141	133
143	161
236	261
290	138
40	40
203	1
95	119
169	324
208	84
259	371
154	48
119	294
315	293
334	67
194	324
214	222
254	353
128	309
167	236
223	260
99	193
44	44
172	249
102	309
173	133
193	132
210	324
197	15
365	51
113	90
185	309
161	249
182	236
114	324
370	17
133	206
135	222
106	90
158	222
255	32
93	133
271	336
223	75
139	104
129	178
131	178
294	153
153	193
157	324
287	138
143	76
226	223
121	294
191	368
178	90
159	76
107	279
125	161
183	90
114	178


# Decay
262	115
217	285
260	391
261	324
271	283
402	216
263	338
365	391
147	33
262	240
265	333
309	111
207	280
237	152
185	159
315	149
311	150
277	375
302	70
322	182
280	109
293	341
328	177
249	54
221	112
279	338
220	223
235	74
367	237
335	323
203	118
226	87
250	368
250	301
199	2
180	13
240	134
376	317
249	210
282	150
273	308
406	129
253	335
271	186
297	58
328	333
138	48
245	55
274	337
210	295
237	210
196	276
299	153
320	257
226	93
187	193
356	71
298	324
268	346
264	288
350	386
328	243
261	225
206	169
273	14
210	84
267	141
274	13
231	79
233	207
243	133
428	50
317	268
325	244
226	291
232	146
402	127
296	144
251	54
381	61
286	110
268	326
224	294
265	337
311	111
195	324
277	339
260	135
229	74
230	193
250	325
337	323
295	368
186	164
230	312
248	1
199	278
272	50
352	322
257	117
261	74
199	79
206	16
257	281
282	119
418	53
190	278
272	314
239	14
317	113
294	263
186	148
340	131
375	337
335	20
232	74
312	111
254	118
241	194
315	356
204	148
299	388
195	3
252	208
293	326
208	131
283	115
221	150
245	350
325	181
377	239
189	153
352	381
191	394
204	131
333	258
338	258
262	331
196	14
199	208
321	265
232	386
384	15
257	358
287	56
274	232
197	2
205	117
412	115
261	291
268	239
245	53
349	106
393	214
319	113
278	139
245	17
314	370
313	234
264	206
392	228
272	389
381	317
399	215
406	109
282	55
364	122
348	265
216	250
192	172
272	309
240	211
384	60


# Growth
176	5
283	339
222	223
346	75
374	266
148	26
254	129
321	278
410	219
327	172
449	80
312	291
396	63
403	204
287	153
232	145
397	62
284	338
329	78
234	153
354	184
223	341
258	346
195	121
397	67
380	60
438	83
236	210
250	104
404	205
391	206
386	252
93	83
351	108
327	261
276	145
325	394
264	20
180	136
435	84
187	291
400	63
192	276
410	215
372	127
251	208
239	390
316	372
254	127
226	194
448	72
285	60
222	341
186	282
401	106
409	218
443	81
258	227
237	392
324	257
339	299
338	298
346	78
383	45
187	286
169	383
432	44
269	248
192	174
417	110
264	351
193	175
221	342
91	263
253	182
237	359
239	135
406	72
292	194
276	141
326	243
353	184
261	198
322	264
206	306
348	71
90	262
449	86
264	352
247	3
260	310
263	246
90	102
112	332
292	64
411	134
408	216
431	46
205	171
89	266
379	61
254	354
447	81
403	120
243	2
284	308
169	388
215	289
405	114
326	82
271	312
215	287
369	51
285	339
238	365
383	250
91	103
381	257
396	66
323	394
329	284
269	283
90	264
180	138
349	268
91	160
335	236
263	206
235	209
213	282
259	291
321	280
352	108
267	346
407	216
186	280
219	314
259	342
409	216
106	70
212	104
256	227
185	195
346	76
447	71
200	279
382	46
315	248
254	130
289	371
224	293
260	291
90	295
286	153
450	81
265	353
398	62
266	347
234	154
90	135
177	4
296	367
261	196
445	82
249	337
185	196
386	264
252	296
366	239
180	134
267	370
289	372
170	390
229	339
233	144
142	361
270	152
430	45
283	112
373	266
328	284
249	104
252	295
242	212
315	246
445	69
404	116
221	224
141	360
241	110
343	248
326	260
416	110
290	343
327	243
297	368
346	63
125	344
258	228
350	390
292	61
273	51
395	72
283	111
404	115
91	162
410	211
213	280
251	384
193	277
373	250
378	328
413	108
383	20
222	345
296	324
330	243
397	113
295	261
274	51
90	164
325	256
346	74
148	25
254	128
390	61
321	279
122	55
90	293
203	282
261	116
200	92
255	227
271	310
225	195
245	213
313	184
283	307
396	114
393	112
411	133
386	56
396	72
402	119
446	70
195	118
267	372
351	185
111	324
447	84
391	207
214	283
385	18
367	235
394	111
239	136
313	193
196	323
274	146
380	257
392	208
276	144
390	243
324	394
272	144
251	294
446	83
90	208
363	18
187	288
244	1
186	156
381	21
448	81
266	353
254	126
329	242
200	80
370	52
414	109
197	324
107	69
186	285
391	248
410	132
389	246
323	263
292	63
350	269
282	117
387	57
254	181
229	6
317	372
111	330
313	263
254	371
187	287
399	110
350	109
343	243
415	110
192	173
221	343
237	360
220	313
383	256
211	104
276	140
294	262
232	192
299	59
436	83
313	264
90	204
148	27
284	243
379	128
89	292
355	183
403	207
201	80
391	208
408	130
250	209
385	252
409	131
263	247
248	4
385	263
431	47
195	120
205	172
230	7
398	112
169	389
251	383
404	206
198	147
384	21
271	313
215	284
241	212
238	364
276	146
286	57
430	49
264	21
446	81
180	137
363	20
187	290
123	54
380	129
429	50
371	128
379	329
285	59
380	127
186	283
187	155
382	256
236	13
259	343
409	217
223	346
389	244
324	258
328	176
387	59
325	259
181	14
384	251
126	346
378	128
241	1
383	44
245	132
92	161
169	382
320	265
377	328
432	45
312	287
289	342
238	391
263	248
91	205
237	358
331	76
261	197
206	307
185	197
249	338
333	168
366	238
180	133
326	172
254	132
201	280
242	1
355	185
247	2
381	240
238	363
351	391
385	55
228	338
298	59
195	122
205	170
315	247
253	295
285	242
260	115
269	152
254	355
92	84
215	288
246	18
297	325
241	111
389	266
197	146
390	247
125	345
405	204
273	145
319	266
402	106
444	69
205	280
90	265
349	267
393	208
244	132
91	163
410	210
213	281
448	85
349	72
381	130
285	57
235	12
186	281
282	306
259	345
256	117
283	244
328	172
330	77
407	72
225	292
387	265
185	194
346	77
251	297
271	152
382	47
404	121
254	131
200	91
231	192
271	311
238	389
245	214
91	207
399	62
313	185
239	366
249	336
402	118
388	265
195	119
332	167
352	184
407	130
366	236
180	135
91	177
345	64
267	373
89	296
111	325
271	143
334	235
259	310
313	194
89	136
293	194
444	82
363	19
438	84
187	289
384	263
325	83
381	22
141	359
241	109
255	117
382	239
386	19
186	284
390	245
270	283
262	205
90	176
431	48
292	62
313	286
282	116
182	14
111	331
390	59
399	111
247	18
373	249
253	370
270	248
221	344


# Irregular
143	354
329	175
237	387
330	240
134	350
323	275
88	258
182	1
224	194
210	310
88	124
268	141
200	224
112	66
203	285
204	101
422	52
296	137
319	249
89	227
324	321
324	244
218	313
346	185
269	106
442	91
296	24
259	172
209	135
284	188
106	76
400	118
401	120
260	181
249	342
212	251
359	116
274	281
130	50
294	139
313	274
221	115
316	252
343	15
347	72
293	321
187	60
134	46
138	37
88	242
181	193
92	119
312	272
200	48
355	246
213	252
269	186
382	214
92	149
298	65
185	158
205	99
281	56
249	185
329	241
183	161
203	85
204	234
185	15
367	243
321	2
247	132
267	74
266	328
235	11
181	384
254	206
261	51
262	195
228	58
179	13
235	152
256	104
202	291
223	353
227	313
338	163
121	337
304	287
191	263
322	82
268	186
345	243
181	162
274	209
151	32
248	76
340	111
250	237
289	65
327	84
313	75
204	340
277	53
266	371
213	29
286	189
251	326
363	384
309	191
331	238
242	114
260	341
206	116
334	169
191	191
267	208
306	365
201	1
274	185
275	112
244	350
266	24
394	213
302	332
289	284
397	72
314	268
251	238
89	255
180	162
277	62
423	51
227	73
262	290
135	48
266	378
268	74
308	270
91	195
368	17
296	334
313	189
205	300
212	354
196	177
217	204
253	32
325	24
443	69
299	271
319	181
263	285
184	61
130	348
295	140
209	75
300	217
397	210
330	183
187	201
372	251
211	136
301	193
212	183
326	262
109	323
188	168
260	144
216	108
220	249
315	23
98	80
233	354
250	151
214	113
89	275
182	293
271	234
257	146
221	278
258	333
319	3
267	25
88	213
89	201
90	306
220	31
148	364
276	281
258	179
187	206
281	133
322	321
89	122
161	18
92	193
271	392
350	115
188	167
338	244
309	320
382	245
273	28
243	196
319	187
357	116
358	66
231	261
324	182
89	276
270	142
365	244
258	324
89	210
289	109
145	363
256	146
211	150
200	90
250	54
214	16
288	327
381	246
328	297
208	340
244	197
396	213
252	306
366	318
209	190
231	147
90	203
198	88
346	113
366	116
189	176
261	136
264	249
190	294
284	319
379	251
361	65
396	59
277	264
189	33
344	54
198	177
310	320
384	55
275	149
369	18
242	224
185	279
202	15
301	148
213	82
88	170
234	73
343	164
149	32
279	246
248	304
320	280
299	66
172	391
229	370
124	53
304	23
215	291
257	391
331	184
193	191
105	77
87	272
201	47
259	52
139	353
307	288
200	294
186	204
223	193
246	215
325	263
90	278
199	88
181	2
334	111
190	208
215	312
225	89
156	375
213	258
233	9
177	353
272	246
382	17
273	248
240	117
256	389
277	139
315	72
95	313
227	369
177	47
323	24
220	75
241	391
293	267
298	147
209	161
264	31
213	100
395	65
88	184
343	186
91	133
273	282
202	384
301	332
231	15
89	95
255	334
399	117
243	56
263	223
157	376
343	109
221	134
333	23
177	32
344	186
329	298
240	310
206	149
261	347
299	24
355	71
377	54
250	300
251	150
90	175
90	280
343	260
226	277
262	234
281	371
339	110
285	246
341	393
182	61
389	72
279	370
103	78
269	237
218	186
262	20
89	143
179	192
326	113
381	260
260	74
243	351
262	338
229	261
87	214
91	147
279	282
337	172
374	43
267	185
344	106
290	250
255	380
92	178
202	261
309	270
296	269
321	283
266	115
88	111
308	7
290	109
239	50
222	30
316	71
317	250
320	2
299	332
212	16
284	56
362	389
89	144
87	126
258	309
88	141
289	28
400	121
133	350
192	251
359	65
269	142
235	191
277	318
338	188
321	284
89	291
272	210
292	320
274	234
331	298
279	74
300	333
413	106
88	229
180	192
186	292
265	326
174	392
305	239
286	326
326	297
204	384
349	51
260	370
361	16
251	298
199	383
240	57
336	167
227	261
191	235
88	125
203	284
304	250
177	76
89	226
313	55
204	296
332	258
259	175
356	115
266	327
396	108
90	131
91	307
143	362
164	16
241	309
249	341
179	62
306	321
313	273
320	248
120	336
122	60
394	57
178	250
379	16
269	17
338	174
361	343
203	206
134	47
427	51
320	23
178	77
288	64
252	369
253	381
274	111
203	95
208	162
280	303
300	133
191	59
266	334
254	307
236	157
326	283
331	243
243	117
208	49
154	21
374	55
267	286
88	273
214	251
221	75
245	325
232	369
268	188
434	75
214	106
205	98
245	187
227	205
209	103
160	18
401	216
311	288
186	132
320	296
235	10
199	32
262	192
251	305
345	321
202	288
348	263
293	60
368	115
313	291
207	17
337	18
320	246
266	30
196	262
268	187
361	321
368	317
424	52
299	218
246	306
155	369
284	27
231	369
395	56
254	103
367	251
350	321
261	170
228	83
363	387
242	115
261	59
336	244
153	367
321	320
317	78
250	19
88	287
292	284
275	115
193	369
129	348
183	1
354	379
100	318
155	374
280	149
244	17
251	225
89	254
88	200
206	205
244	384
281	186
230	247
91	194
403	62
205	299
249	369
263	143
211	115
231	76
238	134
222	92
357	65
268	284
364	245
275	306
241	51
239	109
295	143
316	112
318	372
214	293
89	199
256	133
147	364
438	72
314	74
223	116
187	200
405	113
136	48
135	40
410	108
284	152
379	215
256	308
351	261
260	324
337	244
248	132
266	184
268	209
87	271
235	142
255	308
237	158
161	378
180	2
201	131
271	245
221	192
279	117
135	351
265	260
285	110
216	342
217	3
274	74
183	132
258	176
404	215
259	249
297	334
281	132
373	251
301	366
266	208
222	300
227	118
269	325
198	309
236	325
351	217
179	104
382	250
347	52
314	183
444	92
317	202
210	260
358	67
89	283
272	282
329	260
347	165
199	223
207	303
210	74
248	105
231	149
214	311
197	261
222	279
352	338
298	335
246	393
216	204
326	369
113	324
332	21
242	151
98	317
320	186
217	294
281	116
335	169
376	54
266	61
397	107
247	200
265	310
89	218
253	225
90	261
189	207
281	150
207	165
214	185
217	190
238	51
294	321
258	53
394	110
234	353
274	149
238	361
197	177
343	54
219	76
245	106
248	119
319	57
212	101
175	339
88	171
185	61
296	387
366	124
183	147
261	240
375	246
304	8
340	257
269	368
327	371
315	197
319	320
378	114
286	27
199	309
327	256
204	77
297	136
244	212
278	369
209	30
89	187
186	205
227	5
246	212
247	222
178	12
295	57
261	249
300	68
212	294
122	337
268	29
88	289
225	88
354	115
211	29
156	368
213	257
213	188
342	111
272	247
256	390
95	312
89	188
253	326
270	107
93	263
185	222
187	117
259	77
278	251
209	160
228	132
318	258
321	81
231	185
88	185
216	313
90	165
217	96
255	55
241	279
300	67
335	111
393	58
194	368
89	94
289	249
270	336
269	354
336	188
226	394
283	10
250	75
88	98
269	243
343	108
292	340
93	90
276	27
333	22
297	250
321	185
96	81
186	223
442	69
371	217
212	114
305	251
88	128
90	281
366	17
247	278
231	7
88	303
435	79
274	307
331	174
244	367
246	31
137	38
157	368
177	207
269	236
235	337
273	233
166	380
208	296
388	113
343	218
316	56
229	223
247	382
105	321
319	279
284	283
302	110
344	107
291	251
399	122
310	254
385	213
314	245
336	170
227	278
321	282
178	206
288	370
125	53
272	220
219	48
184	14
330	21
298	250
317	334
319	245
263	349
287	28
200	323
205	206
208	190
299	9
192	77
355	116
265	348
305	245
324	23
88	142
90	190
91	235
257	74
311	332
294	268
273	74
255	356
260	283
99	309
316	277
246	105
193	147
194	3
195	147
177	249
267	379
215	76
213	293
96	316
244	55
88	230
234	13
141	36
398	56
184	132
275	376
402	71
188	1
261	181
229	193
395	108
305	238
361	390
167	15
335	67
264	139
249	339
325	57
399	72
238	224
244	324
118	63
263	194
289	374
382	53
273	220
185	325
276	63
223	133
151	23
209	116
286	319
242	385
260	32
243	309
137	352
247	325
304	74
341	59
308	255
401	126
291	340
93	149
258	74
333	284
298	270
372	265
249	340
241	133
316	254
408	71
207	2
318	3
338	175
122	61
250	118
213	311
233	387
369	217
228	223
229	98
301	74
255	72
276	376
208	163
227	84
300	134
229	312
266	335
217	78
401	119
365	318
185	117
226	305
320	321
176	11
88	274
328	257
418	72
202	294
241	190
331	323
334	283
227	306
338	166
192	368
268	189
220	134
257	180
241	15
205	97
246	237
377	114
250	224
197	295
89	243
363	67
272	343
400	215
202	79
180	353
276	263
367	326
189	152
138	352
285	58
269	288
162	378
90	146
236	354
91	247
331	235
95	82
405	214
248	368
177	148
267	221
197	89
255	280
202	289
293	59
206	297
298	387
248	223
320	247
194	103
323	66
215	80
218	353
293	369
148	31
259	116
298	217
210	103
155	368
229	148
247	238
89	244
90	234
217	47
184	160
252	74
90	157
236	140
363	386
237	357
241	223
189	2
192	223
322	56
394	64
271	113
275	114
221	92
242	195
206	304
171	382
264	310
247	118
357	71
180	61
257	134
241	57
188	77
282	371
123	61
286	283
90	245
345	107
190	264
264	223
259	324
205	298
260	171
317	70
248	382
176	48
303	23
285	189
220	297
369	116
355	380
248	237
375	58
200	261
295	142
344	261
89	198
307	366
90	252
437	73
222	298
385	115
188	59
243	278
405	112
244	392
308	218
91	279
238	31
330	260
440	82
186	1
225	58
374	16
191	175
87	270
443	92
372	46
280	117
359	341
379	52
323	57
365	249
256	238
243	366
308	367
273	315
437	82
258	177
353	245
208	134
212	259
139	37
231	236
360	65
90	118
236	249
258	32
260	332
264	348
267	249
272	140
383	262
257	291
372	53
262	60
191	293
339	164
395	214
89	167
89	282
181	132
392	58
198	103
290	284
273	316
220	16
315	268
334	24
375	227
357	340
250	382
254	350
315	182
207	76
104	77
175	119
255	293
335	168
302	366
203	295
222	193
370	246
206	191
371	252
225	278
246	278
302	217
216	293
89	217
181	62
330	174
259	230
208	116
99	80
209	205
188	192
283	137
192	131
215	292
217	189
90	120
255	349
287	284
264	330
322	23
220	192
95	309
206	279
280	74
245	307
394	254
93	308
313	6
225	303
320	80
212	102
88	172
214	326
345	72
271	368
438	85
332	322
351	166
260	231
356	51
176	393
305	288
288	248
345	262
327	370
421	52
386	246
315	196
387	252
223	301
295	325
278	374
208	324
320	56
229	82
215	3
273	150
186	202
247	217
90	219
270	16
94	308
276	319
189	192
88	290
362	321
198	278
219	191
273	109
219	354
403	107
295	322
388	253
262	137
217	312
95	315
392	71
302	131
360	390
271	209
221	369
293	265
368	326
277	250
259	76
222	353
373	54
301	132
104	320
88	186
270	27
129	51
317	4
226	94
426	51
207	32
251	74
87	288
179	76
184	1
241	112
333	21
298	9
226	49
190	59
140	353
215	17
189	353
244	74
236	188
259	194
300	59
211	189
123	338
88	304
342	15
90	92
159	368
254	381
309	254
202	280
111	326
280	55
321	256
178	353
215	185
180	77
201	192
278	283
317	255
228	369
233	311
202	33
153	22
233	192
90	180
256	334
230	354
159	377
126	339
218	16
255	181
336	171
390	71
321	281
88	113
214	76
141	356
179	90
270	210
293	339
353	339
229	118
329	218
204	308
260	51
261	331
249	19
230	223
319	69
305	244
292	57
352	260
354	165
298	285
239	212
386	213
243	17
260	260
136	351
203	281
154	367
173	12
126	52
254	73
309	55
201	323
242	391
260	58
264	61
306	245
90	134
329	172
256	348
274	394
191	132
157	20
323	276
202	309
168	381
315	254
280	12
304	365
88	127
196	224
252	261
180	90
289	373
271	141
204	96
315	111
206	324
134	42
300	249
179	354
262	325
212	151
341	58
216	285
106	75
287	327
91	248
401	125
235	30
283	113
213	325
88	268
225	117
248	210
247	106
356	339
229	16
360	321
214	81
434	78
419	53
113	66
203	192
131	50
310	270
134	45
228	277
326	83
274	109
224	58
208	164
301	218
217	77
283	118
309	219
368	126
268	369
216	2
185	163
192	59
90	224
198	1
311	290
224	49
370	48
189	151
373	229
374	326
213	17
89	99
163	379
328	79
186	117
332	244
266	141
393	72
196	78
381	214
293	58
315	5
206	302
246	74
340	251
214	99
278	305
207	341
170	13
228	206
155	371
211	325
230	99
342	338
400	207
201	383
327	81
205	234
259	132
280	319
321	24
103	320
250	347
89	100
363	389
200	33
218	384
255	206
237	356
224	370
242	113
95	90
188	149
192	208
175	393
216	97
342	60
146	363
365	117
206	305
354	51
317	189
263	289
341	252
216	16
198	224
222	234
223	248
350	245
247	151
233	151
89	109
90	101
270	353
199	16
215	259
92	206
239	137
403	64
205	297
333	244
214	2
312	6
276	116
224	248
249	224
321	200
106	321
398	116
171	391
231	353
288	110
90	253
270	50
180	383
159	19
222	299
403	216
242	16
192	191
248	279
267	114
91	221
311	190
208	31
193	208
419	73
297	146
209	48
340	16
216	30
324	263
329	257
271	247
261	370
282	137
250	261
286	266
88	216
252	225
90	196
253	280
437	81
205	149
171	13
266	222
230	338
377	254
219	281
184	293
241	193
206	76
321	297
341	337
287	190
142	354
381	250
204	34
155	21
305	75
89	166
398	70
240	278
204	177
314	292
190	339
211	353
230	15
182	162
438	88
369	316
239	311
205	323
336	67
354	245
298	333
375	226
378	255
217	187
254	351
220	384
278	63
318	70
267	241
317	278
246	216
177	394
323	183
199	103
91	179
184	324
260	249
207	167
136	39
282	10
266	285
195	369
302	73
217	188
90	121
253	80
272	108
385	246
223	295
295	335
207	84
264	331
211	17
268	248
363	247
380	258
152	22
358	115
124	338
288	27
220	112
296	75
277	247
279	130
209	180
212	103
90	209
201	261
276	305
242	52
227	111
262	260
193	3
308	191
291	193
401	62
381	20
370	263
190	191
263	234
195	176
236	118
257	309
242	278
246	187
249	133
125	341
416	71
186	203
205	40
281	245
373	44
249	118
303	218
234	191
380	50
90	277
258	146
260	239
284	245
358	340
286	241
310	235
294	369
115	65
243	52
316	198
250	78
233	14
268	238
234	337
272	233
236	109
331	259
95	314
336	257
316	181
339	323
89	130
91	105
163	17
348	51
293	264
205	33
318	256
282	244
305	192
235	387
346	73
329	183
207	178
389	59
229	353
230	369
266	310
158	376
88	298
202	286
222	384
262	129
279	374
102	319
343	110
292	342
232	185
250	184
253	349
312	369
257	205
223	48
259	180
279	169
377	59
250	299
91	159
239	336
350	262
121	62
212	310
363	322
90	93
226	86
244	188
249	303
274	247
245	278
247	54
339	337
364	319
258	204
351	116
227	58
210	30
217	112
90	181
218	110
271	343
240	191
311	369
91	148
381	71
262	224
248	335
265	23
287	248
235	187
252	385
200	103
275	74
150	32
116	334
196	294
88	114
141	355
256	56
402	59
293	338
216	353
273	369
322	277
91	294
91	237
182	147
260	195
338	296
263	182
211	74
303	111
288	284
311	255
269	28
368	217
242	309
134	48
337	68
87	112
252	382
238	388
210	16
246	324
376	216
231	223
218	112
92	236
401	123
350	166
278	116
207	150
211	83
374	56
330	335
276	74
297	75
89	297
273	210
256	54
183	62
96	309
284	9
322	244
89	231
312	269
276	168
265	332
230	206
233	186
341	57
216	286
377	215
306	237
199	47
401	124
346	52
91	251
291	342
261	205
249	346
357	217
196	89
179	3
88	269
237	190
240	51
338	173
198	252
292	369
280	131
210	115
263	330
89	232
198	15
146	33
184	148
285	63
236	152
203	33
316	333
200	131
202	292
295	268
226	117
409	70
340	253
287	109
344	248
326	56
253	386
219	30
221	249
278	319
189	293
280	138
89	241
90	225
115	334
116	64
189	150
227	95
87	140
326	218
92	249
331	237
259	344
279	304
394	71
235	156
365	123
220	341
320	201
398	107
293	138
370	217
225	247
227	247
155	370
228	260
176	354
184	162
203	78
97	317
363	388
399	57
237	355
440	70
332	236
210	135
231	80
268	222
342	61
215	250
200	177
232	354
160	377
215	107
270	185
324	274
364	249
148	32
265	287
397	213
257	53
352	245
261	144
117	64
264	193
231	248
89	108
234	249
218	95
271	390
240	192
291	370
243	384
261	33
231	386
267	262
238	336
165	16
317	181
268	287
324	281
184	193
368	243
314	275
206	168
254	148
202	102
437	87
349	245
222	296
295	25
265	222
411	107
289	192
292	75
330	258
403	72
314	56
208	16
406	215
281	305
249	383
213	353
272	151
308	75
200	191
274	368
204	36
297	145
317	259
234	386
283	371
212	75
267	29
90	197
278	74
425	51
281	137
373	248
261	130
174	11
232	14
285	28
289	217
270	368
254	238
219	280
293	76
440	91
404	65
314	195
261	19
192	294
363	248
92	263
238	354
275	139
204	35
262	50
317	199
358	70
107	322
108	76
200	309
382	72
398	71
257	239
184	207
275	248
207	296
173	392
338	18
320	68
267	18
233	248
438	89
386	115
226	370
191	78
375	253
378	252
252	104
396	56
290	192
326	372
258	57
225	74
206	84
194	209
267	240
87	286
256	79
202	177
314	189
89	174
252	334
362	116
237	30
201	178
222	370
186	198
370	244
149	365
316	24
120	62
325	273
333	337
207	166
265	241
196	2
224	278
188	177
244	278
246	54
283	56
394	109
363	246
380	259
95	311
245	198
231	311
89	183
252	325
220	113
257	249
224	116
242	367
189	340
246	367
318	279
283	326
321	68
229	184
380	52
325	282
350	217
259	282
260	225
226	260
228	96
265	250
266	261
270	325
253	104
255	147
347	338
314	220
226	74
245	393
209	341
285	152
216	76
87	300
270	244
315	55
243	223
248	18
125	340
342	218
215	29
164	379
241	386
205	39
353	166
263	60
247	219
380	51
260	232
333	323
264	235
228	111
291	284
309	234
131	349
334	297
262	143
175	12
328	322
203	383
185	293
259	33
315	76
282	319
396	254
89	129
417	71
363	117
344	322
218	295
165	380
166	15
276	142
258	292
296	58
281	253
267	62
288	153
223	91
206	1
211	182
393	63
378	16
88	299
202	287
221	17
150	23
283	15
218	191
145	34
312	56
183	384
316	77
249	150
176	338
270	113
272	368
204	205
276	149
225	304
279	168
263	50
213	105
178	61
215	341
307	236
314	6
404	107
387	213
249	302
215	187
346	262
182	383
238	189
369	50
258	391
318	245
319	201
230	75
198	32
199	178
92	104
185	237
245	75
264	49
213	114
88	138
306	193
307	245
305	241
91	151
100	79
364	17
240	15
241	151
222	115
277	305
259	391
207	48
305	8
268	335
141	354
415	71
239	387
221	297
275	186
276	52
246	132
263	350
341	69
307	256
202	86
300	148
265	142
321	57
247	368
303	249
251	184
253	148
90	189
328	85
308	289
238	109
257	79
239	353
347	262
260	204
88	256
436	80
92	133
94	161
169	14
335	244
216	47
269	27
439	90
203	283
342	249
202	81
259	170
337	257
265	183
234	155
90	132
254	261
110	67
219	296
401	122
243	107
226	314
298	258
264	142
374	57
289	154
143	35
127	339
313	268
223	369
188	309
151	366
245	383
158	19
433	77
342	129
169	384
246	150
232	150
176	382
231	326
307	270
312	270
367	317
372	229
373	17
341	56
178	33
91	250
236	367
228	49
267	285
213	254
233	74
331	335
316	249
316	294
190	77
229	30
285	284
434	76
89	305
275	282
257	379
263	325
230	119
309	7
222	134
367	241
258	282
211	294
378	215
361	117
290	340
330	239
305	366
271	108
202	293
204	1
340	254
266	19
219	17
365	18
242	351
206	340
279	109
228	193
89	240
90	238
91	91
226	340
359	16
89	97
90	145
127	52
242	116
188	339
354	71
88	284
202	147
275	110
320	202
89	259
291	110
238	310
224	91
335	258
155	373
90	233
235	118
383	54
331	20
259	134
188	32
391	72
283	284
90	152
108	322
310	56
313	191
244	308
197	79
307	76
327	298
309	368
226	4
321	245
341	250
362	17
89	260
219	111
366	242
189	310
355	50
264	115
265	286
284	110
228	247
101	79
253	260
397	212
92	89
97	309
376	327
230	235
89	115
269	335
313	192
188	353
262	182
264	337
340	164
235	141
238	138
299	258
229	50
375	55
269	49
342	164
237	50
203	309
192	2
102	78
380	17
144	362
437	86
186	157
132	49
225	369
281	135
374	228
212	188
232	8
89	116
90	106
91	223
294	336
333	235
243	392
319	296
216	113
310	368
240	386
222	75
204	37
227	339
322	184
195	103
349	263
369	243
205	2
318	180
326	180
240	352
332	336
225	394
334	20
281	136
264	240
283	188
90	117
200	88
272	112
92	222
219	283
225	48
195	223
346	337
256	73
310	331
227	133
215	113
328	182
128	51
347	185
398	68
388	58
246	199
228	313
212	83
213	75
307	321
259	226
299	75
247	305
194	191
144	34
201	87
313	219
260	131
264	326
191	222
270	235
235	368
201	32
238	362
238	159
89	173
108	68
202	1
186	199
370	245
280	245
282	338
283	320
88	168
217	17
325	272
241	352
330	173
332	185
299	64
245	30
273	112
240	237
114	65
294	325
189	60
320	181
232	311
181	354
237	133
95	310
191	340
232	326
231	310
303	366
306	75
216	384
89	182
181	147
220	114
206	133
280	252
150	365
264	22
247	221
256	357
370	127
337	187
228	97
216	222
381	18
221	30
224	302
242	133
426	76
265	74
140	36
382	19
110	323
383	318
274	341
94	82
226	58
281	74
335	187
317	294
395	254
125	339
252	349
109	68
273	139
274	27
256	205
205	38
373	42
247	218
284	64
360	17
198	79
256	380
348	165
168	14
203	16
332	175
315	276
280	370
192	148
338	322
286	247
327	179
274	317
225	92
354	15
189	78
319	373
213	184
318	200
254	80
219	94
184	236
276	338
276	143
208	205
246	382
247	211
178	3
201	309
256	371
205	176
352	167
278	110
209	309
210	189
192	235
230	184
251	261
215	204
234	311
237	223
275	62
330	297
132	349
247	394
266	74
251	79
397	58
384	17
241	117
230	81
340	68
89	137
203	177
441	81
278	246
298	135
262	348
211	260
322	257
216	260
217	109
236	191
207	133
196	103
272	74
238	211
333	186
248	185
310	289
369	49
439	71
299	135
318	250
321	182
412	107
255	80
441	90
209	150
250	304
88	139
322	280
214	353
91	150
305	240
259	204
209	295
249	325
228	5
337	167
216	186
344	111
219	135
222	112
321	286
267	326
201	206
329	334
185	132
222	3
313	370
367	116
212	29
89	155
269	114
217	385
200	1
258	116
353	50
281	320
265	30
212	326
356	217
88	257
201	102
271	16
330	322
117	335
263	193
285	265
360	342
202	207
367	125
335	297
355	16
248	54
234	9
362	66
89	156
91	119
202	94
222	149
277	27
187	149
259	173
193	78
319	79
265	329
360	116
234	152
351	245
319	257
323	281
327	321
273	394
99	318
264	286
301	60
322	67
323	83
197	251
217	354
371	264
134	41
312	271
349	321
372	230
265	370
107	76
287	320
200	15
206	101
261	203
264	182
283	114
378	60
213	253
217	250
127	347
237	188
201	16
367	18
275	208
205	100
352	115
367	240
223	31
231	207
152	366
371	47
356	246
328	261
92	294
239	236
298	75
299	286
267	354
257	371
243	150
261	283
90	239
219	385
256	181
257	57
223	4
252	79
363	385
90	158
382	261
238	14
256	292
205	308
260	340
371	52
230	260
284	370
177	339
88	285
255	260
365	121
275	113
369	126
97	81
244	224
176	149
233	369
261	260
282	187
155	372
391	58
119	63
395	63
216	326
90	246
218	284
208	149
211	311
375	326
285	15
251	348
90	153
254	294
91	192
183	293
313	190
242	108
205	301
207	116
389	113
236	31
279	13
318	56
268	354
197	223
89	267
346	244
366	243
257	333
295	141
371	228
249	77
339	258
302	193
197	277
235	110
397	211
400	57
92	90
314	76
205	341
253	73
187	368
260	346
334	186
263	138
231	75
340	338
362	246
92	307
247	75
230	385
341	130
215	98
217	327
398	123
366	250
295	138
282	326
88	212
89	202
345	112
255	104
258	178
118	335
281	134
263	114
302	59
89	123
90	107
382	318
93	206
113	333
294	337
406	213
285	327
217	223
327	283
281	109
249	238
275	318
186	367
223	235
206	177
228	307
89	211
327	57
221	385
186	165
277	74
206	32
374	252
200	89
218	47
401	72
219	282
128	347
191	208
285	320
177	383
267	310
269	209
322	1
180	103
398	69
256	249
111	67
370	251
244	107
318	188
340	393
325	219
91	191
241	366
259	229
101	319
282	14
374	247
124	61
214	187
323	320
324	82
237	250
309	290
255	239
364	390
237	325
190	176
248	151
263	241
237	139
202	191
204	84
251	19
203	148
185	206
228	148
379	256
88	169
203	101
242	56
205	132
282	9
375	244
230	148
251	369
290	217
401	58
368	51
425	76
278	53
353	116
196	147
311	55
313	332
298	24
275	341
337	297
247	220
90	220
93	161
327	181
312	189
275	51
225	90
133	49
172	12
231	100
268	242
87	302
187	2
315	73
259	58
205	84
314	333
209	17
299	147
202	48
276	340
441	70
259	75
261	339
210	48
156	20
341	16
324	56
234	186
142	35
223	385
208	102
119	336
266	241
268	26
327	178
399	106
242	189
223	278
265	114
176	206
88	96
162	17
94	90
224	149
205	77
318	201
258	249
252	31
253	306
205	175
207	191
228	16
248	324
176	118
268	17
88	301
312	75
209	325
286	14
397	57
328	218
114	333
297	270
301	249
182	132
207	132
228	31
193	235
265	19
191	149
375	216
210	181
344	105
311	234
313	255
226	85
191	250
88	110
402	63
223	149
167	381
317	251
275	369
223	58
228	183
254	281
328	80
399	208
201	294
208	75
197	103
198	383
381	53
314	254
334	245
321	285
243	189
244	53
231	338
88	228
89	154
179	207
323	245
327	112
208	179
265	140


