# Persisting
250	312
53	53
37	358
314	22
116	289
102	340
230	281
139	97
127	340
347	393
243	21
81	146
154	181
227	258
335	246
323	109
341	219
416	14
162	53
458	82
82	179
320	31
66	66
306	30
342	255
367	310
117	96
263	27
105	310
452	80
91	231
254	220
94	287
405	267
170	311
354	184
369	74
99	289
9	9
157	342
286	106
451	41
399	265
224	72
80	146
228	221
248	62
318	236
392	110
13	13
125	179
325	326
127	179
363	72
349	320
115	325
80	289
156	385
265	190
265	369
231	209
251	328
301	221
142	9
357	256
361	114
128	354
400	109
114	55
120	231
344	69
144	98
242	211
225	137
316	251
377	387
292	380
365	23
320	109
84	254
104	287
231	377
328	253
336	109
283	221
111	254
206	109
450	108
143	51
219	226
147	385
147	52
368	114
101	202
361	322
107	354
75	310
111	33
347	70
100	310
119	33
138	215
228	280
179	372
108	310
205	237
78	325
80	287
267	67
108	325
91	202
128	368
145	280
183	303
97	231
206	387
407	205
283	67
349	393
205	388
81	254
99	340
245	328
317	160
376	25
104	254
426	12
341	255
201	146
130	325
192	54
83	146
138	222
473	88
138	276
356	22
145	206
236	137
219	310
313	189
115	146
174	100
325	24
184	387
233	377
111	55
368	255
405	1
171	386
119	55
138	217
155	179
306	61
90	254
345	110
182	221
309	16
115	289
377	240
322	326
251	340
181	86
92	202
117	254
317	65
102	354
361	255
197	54
418	110
292	257
292	222
394	199
312	324
216	341
145	370
328	25
147	370
346	111
347	218
136	54
284	297
140	179
323	341
324	109
128	325
164	57
221	56
240	250
115	96
150	124
169	50
206	73
208	19
119	231
241	204
446	109
285	326
340	346
460	42
271	66
75	325
291	182
387	20
247	67
319	187
178	147
126	254
181	134
78	310
374	311
108	231
438	69
97	146
97	325
350	316
86	289
113	325
131	354
169	59
497	83
261	16
234	377
342	69
291	380
279	27
47	47
268	264
110	287
165	325
275	326
130	146
132	146
206	185
242	376
340	394
430	12
180	329
307	323
238	67
111	179
148	370
169	147
132	33
355	184
138	264
375	254
303	184
158	256
34	361
159	146
307	61
273	125
96	146
408	14
100	55
85	325
123	254
450	66
344	54
108	55
237	138
255	288
312	31
85	310
89	179
252	329
142	280
491	86
93	310
296	72
26	369
245	107
391	22
232	208
432	77
323	187
397	246
76	289
117	33
406	12
345	256
200	72
132	354
297	120
133	55
151	312
153	342
120	287
137	12
138	386
172	22
18	377
147	103
173	49
28	367
454	81
202	54
221	378
114	289
162	309
235	393
398	199
147	142
94	310
114	231
304	14
213	204
159	128
128	289
20	375
111	310
26	26
151	305
334	158
392	246
177	222
215	169
270	251
342	110
383	237
383	312
96	287
262	26
107	231
346	219
329	289
277	252
350	393
193	111
12	383
235	59
180	147
18	18
268	27
161	55
99	287
171	311
172	4
191	247
419	110
220	280
132	231
389	261
100	179
104	310
305	107
108	179
424	242
355	71
104	325
142	43
553	91
131	310
317	31
339	110
122	354
215	206
128	202
237	221
94	179
302	284
160	309
214	55
306	300
344	18
75	287
310	300
384	19
133	179
85	202
141	51
179	192
324	341
343	219
224	28
442	79
246	375
264	13
142	50
218	99
182	133
76	325
168	254
403	15
354	172
119	289
173	371
193	234
467	42
198	261
92	325
128	310
75	202
202	261
121	179
361	183
127	310
262	15
173	21
107	202
163	3
401	252
130	287
114	325
224	19
294	65
86	231
179	387
289	28
438	10
404	315
427	234
126	340
272	67
36	36
329	54
130	33
152	206
354	22
337	54
211	54
286	121
380	313
158	183
141	37
434	49
180	192
114	179
498	82
191	53
247	184
230	208
303	250
86	254
286	326
108	354
395	109
308	300
364	321
260	370
188	247
333	217
190	247
428	243
194	234
307	108
200	146
74	289
292	181
76	202
115	33
243	20
315	252
351	320
176	235
267	369
129	368
293	327
167	370
315	109
279	67
299	247
300	324
103	202
348	19
204	296
207	237
356	392
112	289
207	146
406	61
445	110
33	33
269	128
401	8
367	23
106	146
199	261
58	337
114	287
243	138
137	281
83	254
248	63
321	159
393	314
449	66
342	322
414	207
90	340
181	192
198	8
218	257
343	255
384	313
224	56
434	35
229	244
283	266
196	54
326	236
92	231
328	70
50	345
127	325
193	359
302	323
89	310
142	296
130	368
180	221
168	50
133	289
160	385
216	233
531	114
92	254
7	7
264	191
121	231
126	368
380	238
146	370
132	289
261	67
119	179
103	96
197	235
273	192
98	55
136	179
305	186
363	57
464	42
376	241
254	317
440	67
403	57
333	253
170	289
281	290
248	374
193	192
543	94
340	334
88	287
74	325
22	22
117	289
280	102
126	202
164	342
138	223
68	327
106	30
89	254
234	107
90	289
201	354
112	254
138	277
319	109
376	248
91	287
148	206
114	33
275	11
98	231
333	246
320	341
84	310
211	115
411	14
126	354
127	368
92	310
149	228
121	354
301	30
128	33
134	11
355	55
155	178
191	389
232	245
103	231
177	97
373	65
447	80
456	40
347	196
437	74
187	261
169	370
231	244
378	239
432	49
290	380
293	70
98	254
333	239
81	289
157	385
322	13
379	68
552	92
273	26
292	258
238	137
80	231
99	325
194	115
125	254
142	260
287	68
454	106
130	340
369	255
259	104
405	9
281	27
216	342
107	146
72	325
54	341
348	197
499	83
228	72
213	55
88	325
255	251
186	11
150	125
319	341
103	55
30	365
436	12
129	310
312	18
166	294
197	261
255	19
93	340
366	114
259	254
170	370
350	317
374	242
289	221
417	206
71	199
220	309
296	179
280	66
282	295
139	370
394	246
125	325
271	251
59	59
299	63
137	227
338	14
213	72
125	310
109	231
94	325
348	219
98	325
63	63
138	265
174	22
65	65
122	146
194	359
128	340
296	299
152	229
406	229
156	354
104	179
394	110
256	67
95	202
135	309
102	231
156	145
343	54
415	14
164	369
55	55
130	289
237	26
3	392
39	356
271	192
101	96
304	185
292	29
222	257
43	43
189	200
135	12
193	13
139	386
230	138
126	310
235	221
113	374
242	137
195	261
106	287
378	114
147	102
239	25
316	188
389	237
300	371
103	179
140	370
71	330
149	370
210	55
87	202
328	54
400	30
336	54
284	251
123	325
88	289
217	136
109	287
309	237
365	256
402	266
77	310
349	70
315	218
119	202
394	16
215	168
269	250
145	52
112	33
165	57
242	275
82	287
376	75
86	96
380	389
533	116
5	390
206	147
278	251
193	110
102	96
284	67
142	33
331	216
133	354
121	55
211	181
435	70
186	54
297	105
298	121
283	10
194	54
394	27
87	289
126	179
274	254
419	17
276	27
95	289
449	108
204	261
349	182
115	354
150	370
10	385
283	296
103	310
252	25
329	186
94	289
223	71
350	256
301	324
86	325
35	360
258	25
223	281
116	325
316	218
375	114
288	379
291	67
347	110
172	147
322	237
87	96
125	354
166	58
225	308
83	287
356	71
156	100
157	146
91	146
133	340
134	354
153	384
445	66
446	80
157	3
230	182
88	310
92	179
77	289
114	96
192	276
375	75
123	146
177	192
359	216
363	214
272	220
182	371
348	111
316	64
523	88
161	255
218	309
110	202
273	371
247	375
323	159
162	342
452	108
261	221
62	333
298	284
121	202
211	72
303	109
178	387
343	394
326	326
309	278
475	50
409	109
196	248
162	56
110	354
182	330
239	58
387	111
299	324
212	24
141	36
126	55
319	67
157	100
231	221
87	231
184	371
113	179
257	67
115	179
405	256
278	118
99	96
262	220
119	310
446	66
214	238
361	23
92	340
240	58
352	393
191	234
429	11
322	71
273	220
131	202
189	277
299	246
83	325
228	208
193	261
388	110
445	139
178	83
524	88
164	130
255	67
204	297
281	221
389	393
306	239
145	299
346	54
57	57
203	54
331	253
116	231
189	247
409	206
374	61
67	317
122	202
181	301
271	26
385	312
98	179
61	61
121	325
247	107
197	248
287	122
419	50
316	109
137	211
121	310
49	49
139	179
248	64
161	309
126	33
362	72
112	202
420	19
168	385
21	374
205	249
223	19
282	220
211	238
84	96
11	384
47	348
122	287
162	355
91	254
143	370
152	181
6	389
100	96
155	384
265	13
237	260
291	298
309	220
41	41
150	206
13	382
324	290
271	144
132	202
424	78
45	45
264	66
125	287
186	133
354	217
216	234
234	137
90	146
359	23
56	339
93	231
256	288
167	58
98	287
152	369
190	233
101	359
84	289
278	27
177	148
336	254
406	204
414	28
92	289
348	256
77	254
115	55
353	256
117	146
100	254
373	312
232	377
161	342
131	33
167	280
79	202
299	221
48	347
343	321
240	376
295	105
405	110
101	287
173	311
85	96
122	289
266	369
73	310
147	206
403	56
167	51
81	310
154	100
173	328
46	46
122	231
156	256
281	289
106	310
268	220
217	201
322	56
325	29
292	285
274	256
361	243
369	115
480	90
230	394
195	116
124	310
231	280
357	71
364	255
75	289
112	96
257	134
138	220
106	31
341	110
253	220
380	31
326	71
271	279
346	155
41	354
115	231
118	368
119	354
372	254
376	249
396	17
292	66
77	287
97	254
188	358
188	147
242	107
349	111
120	254
477	90
342	54
128	179
219	242
113	289
333	70
444	79
262	66
104	231
197	220
200	261
129	340
310	277
368	241
226	243
209	73
10	10
246	246
286	258
305	171
256	134
241	376
437	73
268	67
308	279
255	253
112	325
385	236
101	146
391	263
269	220
129	231
310	166
97	96
153	182
374	387
106	254
268	276
113	96
556	89
277	221
373	388
212	73
103	287
325	289
92	44
76	310
298	325
64	64
119	368
104	55
379	239
255	250
457	55
403	79
60	335
386	237
99	179
336	218
84	325
161	385
182	387
419	79
206	261
81	231
9	386
100	146
100	325
393	246
161	370
326	25
365	242
185	372
95	340
278	220
370	255
178	96
92	43
168	22
370	389
354	244
118	325
122	325
360	72
124	33
308	168
148	228
277	269
188	371
208	12
119	254
416	217
98	96
84	179
126	231
128	55
325	216
369	310
115	310
61	334
406	11
138	310
267	102
88	340
344	393
146	310
294	326
116	354
353	112
162	3
181	357
273	12
129	202
416	79
20	20
192	107
135	325
390	313
231	138
234	183
129	33
350	219
370	64
189	199
66	329
375	241
546	95
124	55
268	103
361	72
128	231
19	376
113	373
331	186
388	246
151	314
209	343
83	96
120	289
264	369
433	49
345	183
147	105
351	393
81	202
104	202
175	234
114	146
441	66
244	68
227	4
88	179
35	35
126	96
92	48
146	98
198	72
240	137
98	340
333	325
334	109
119	340
320	273
230	377
142	206
236	221
128	254
254	371
329	24
221	26
116	368
460	72
156	369
329	342
130	202
117	287
263	369
29	366
195	71
319	217
396	265
363	115
110	310
184	233
405	53
118	310
380	72
90	287
270	27
96	202
335	110
431	12
87	179
126	289
161	53
255	328
295	379
178	221
141	370
236	107
274	255
439	77
170	60
353	321
82	202
136	228
228	330
269	67
93	287
111	96
169	311
387	392
245	68
212	115
285	67
142	41
380	71
109	202
127	96
199	72
4	391
260	220
207	184
298	299
267	130
323	289
378	29
346	393
275	66
222	394
330	341
117	368
133	32
120	310
320	158
251	67
124	179
237	108
312	61
138	12
181	234
381	258
147	310
113	55
425	243
430	49
142	48
163	342
110	179
420	79
131	289
332	217
425	28
118	179
263	190
470	75
145	141
163	295
364	23
240	13
148	142
293	29
223	257
350	70
227	281
122	33
412	240
124	202
87	310
378	333
323	241
306	107
96	96
6	6
136	97
153	31
189	371
280	220
464	73
15	380
111	231
169	255
116	146
213	238
91	340
111	340
241	138
116	340
338	186
156	341
32	363
89	289
289	380
202	192
95	287
353	340
88	231
72	310
327	109
184	133
113	33
114	378
204	248
80	310
489	88
311	324
24	371
278	119
133	325
135	97
87	343
273	66
239	221
96	325
132	310
243	22
106	354
270	220
169	386
79	254
16	379
159	54
311	300
427	77
396	110
237	377
134	340
174	79
429	242
124	96
359	113
110	55
149	206
117	340
118	55
177	234
305	61
359	198
308	30
221	310
24	24
154	369
190	389
137	210
248	65
194	389
372	115
359	392
107	179
179	222
163	56
146	32
294	104
28	28
138	179
324	13
163	370
272	27
402	201
150	385
117	231
392	314
102	325
195	248
140	98
16	16
287	221
223	357
99	254
299	285
124	289
106	340
381	334
330	54
241	14
187	54
338	54
415	206
110	231
169	285
223	27
216	235
238	11
206	112
300	13
411	50
267	220
125	96
217	199
364	114
113	310
99	231
210	286
356	321
141	385
237	66
37	37
282	188
85	254
232	137
158	145
303	299
108	254
381	312
168	59
403	202
115	340
208	146
210	247
309	188
187	358
243	69
336	246
321	326
217	200
436	49
129	289
404	26
245	341
303	323
378	256
398	109
182	302
364	248
276	220
62	62
120	33
82	146
138	221
300	221
88	202
106	28
401	200
368	389
352	244
99	55
210	238
138	275
107	55
109	146
110	96
254	255
94	254
131	368
132	386
256	319
310	61
460	55
478	89
177	133
160	256
346	321
54	54
183	342
85	287
105	254
34	34
289	298
345	194
490	87
154	341
391	47
69	326
196	389
325	236
90	310
437	72
404	202
132	55
308	219
127	33
236	328
255	252
386	19
380	245
105	231
124	325
434	109
148	53
143	297
92	45
183	134
114	254
353	244
337	338
211	146
378	244
143	227
93	202
111	287
132	368
116	202
389	111
155	100
339	54
433	13
126	146
235	377
347	54
165	3
130	231
239	12
85	289
122	96
175	222
251	25
357	113
416	50
93	289
85	146
160	55
162	295
274	67
138	268
266	274
233	138
396	63
404	79
208	13
171	147
191	220
123	289
360	216
87	287
130	254
222	55
311	61
314	188
82	231
173	60
412	14
127	254
328	187
38	357
205	54
371	255
8	387
316	31
462	42
83	179
252	247
253	255
345	70
91	179
183	148
313	109
191	116
339	394
113	371
351	201
134	284
265	67
369	23
298	29
281	67
335	325
337	110
304	300
123	96
141	12
306	77
235	260
127	231
95	325
156	2
321	69
177	387
303	221
253	248
201	261
349	218
97	340
167	386
189	198
118	340
120	179
206	54
122	340
360	183
86	310
450	41
470	44
254	329
112	354
113	372
166	254
310	16
457	41
460	82
426	78
209	342
157	355
360	198
361	216
215	173
127	287
290	68
129	287
147	104
241	69
292	253
382	237
227	182
320	57
339	186
322	158
107	310
270	102
417	79
419	242
130	310
92	49
183	234
370	120
386	392
117	55
338	324
547	95
158	369
240	25
132	340
451	67
64	331
407	110
339	323
160	228
360	22
159	229
367	390
97	179
226	281
192	233
418	16
255	134
95	146
98	146
125	33
287	155
343	110
147	118
222	19
205	73
422	12
356	256
125	146
144	298
127	146
418	242
276	148
479	90
229	281
142	46
325	187
164	255
366	23
296	378
223	394
372	311
284	286
158	355
268	13
363	322
113	287
366	390
334	239
102	310
15	15
129	354
311	30
424	109
153	100
83	231
135	283
182	233
277	11
83	289
120	96
303	241
142	49
91	289
143	280
156	296
67	328
391	313
305	323
306	339
221	100
150	32
117	179
185	134
43	352
172	132
192	389
121	289
358	22
106	55
323	240
144	280
534	117
166	51
405	79
531	91
182	147
112	310
240	182
204	388
330	245
353	393
426	154
87	345
276	67
97	55
99	202
120	325
139	310
181	330
130	354
239	68
259	26
317	325
102	179
324	326
513	89
206	237
280	292
7	388
121	96
360	114
141	179
143	179
199	54
309	167
327	253
278	116
130	55
183	372
244	137
127	289
291	120
318	340
173	4
338	69
284	9
89	231
269	102
108	146
354	197
46	349
304	76
103	340
158	204
52	343
87	254
108	340
109	354
287	326
325	159
467	85
205	260
242	69
79	287
282	66
156	309
176	22
123	202
357	217
358	217
288	298
126	325
418	79
94	146
77	202
150	53
351	330
100	202
360	322
276	192
297	221
44	351
479	22
248	66
105	146
288	67
548	95
459	42
169	283
442	110
390	262
321	13
213	23
258	67
332	254
206	110
315	325
405	203
356	244
175	79
267	275
431	49
414	27
111	354
96	340
183	330
80	254
133	12
206	292
221	72
244	340
280	27
331	325
459	82
170	3
392	25
212	55
123	33
53	342
271	259
220	55
456	54
367	255
169	284
260	16
247	341
102	55
144	206
109	340
332	245
206	113
354	70
389	10
119	287
390	392
340	322
197	71
217	198
129	146
131	146
369	120
45	350
84	146
157	292
178	235
14	381
344	255
130	179
203	260
132	179
155	370
195	30
161	146
324	237
363	58
111	146
79	325
161	3
307	220
163	355
93	254
241	221
4	4
116	254
357	244
381	238
204	54
315	29
298	63
81	325
100	231
317	188
318	58
286	67
202	236
221	256
148	32
296	105
368	311
78	289
351	54
300	299
138	218
106	29
235	108
144	370
272	327
400	199
352	320
97	310
406	109
136	12
137	386
122	310
252	67
238	26
387	336
279	326
337	240
250	25
235	138
19	19
58	58
281	102
465	84
102	254
107	340
165	342
184	193
402	8
186	358
158	128
286	256
327	70
113	254
277	67
373	255
50	50
105	287
288	222
225	56
208	16
175	99
303	30
395	265
325	13
77	231
389	246
248	246
322	187
220	100
366	255
42	42
86	179
125	289
108	287
397	199
92	46
385	74
521	88
374	254
393	26
275	26
98	289
81	287
388	336
122	254
267	251
106	289
255	318
129	254
82	310
210	259
301	13
106	231
344	219
346	195
297	299
120	55
210	73
229	182
264	103
320	68
86	202
529	112
345	393
200	388
352	341
279	252
338	344
462	83
230	330
375	253
286	157
152	342
208	14
118	202
405	241
124	146
343	69
199	320
240	68
168	310
281	121
124	340
178	134
469	74
219	72
437	49
223	223
391	21
449	54
110	146
384	237
331	54
332	325
522	88
337	323
463	72
121	33
234	221
369	389
188	260
425	78
121	146
176	222
411	239
272	252
310	324
83	202
359	322
395	198
70	324
181	148
347	180
280	251
319	58
104	340
342	393
162	227
115	202
314	109
189	197
245	24
375	243
379	244
197	389
131	340
209	341
362	215
292	254
125	340
52	52
396	199
220	72
186	261
138	224
159	255
198	389
269	277
397	235
92	50
481	90
428	12
200	115
296	284
403	109
450	80
158	385
110	325
273	252
78	231
190	54
84	202
323	28
198	54
400	249
164	354
112	179
114	340
189	358
82	96
105	340
308	340
111	202
8	8
300	62
361	56
293	105
387	236
304	323
12	12
106	179
305	30
339	218
308	61
274	253
274	326
419	18
154	205
101	55
137	179
157	229
469	110
109	55
328	216
274	12
131	96
149	385
405	60
233	221
142	47
256	329
482	90
263	67
123	340
251	283
141	280
159	370
307	29
401	32
39	39
170	146
315	237
333	187
371	389
248	184
388	237
104	146
408	110
198	145
510	88
257	287
96	289
222	27
27	27
121	287
104	289
223	56
464	84
31	31
36	359
165	255
148	281
21	21
208	73
281	376
176	98
199	389
318	109
140	386
124	287
215	176
414	79
57	338
84	231
339	345
341	69
270	67
146	53
538	121
97	287
132	96
321	57
103	289
214	379
341	54
144	227
379	312
236	377
435	49
408	205
392	263
49	346
122	368
123	354
87	344
147	31
520	88
99	310
334	254
102	289
530	113
417	242
220	180
100	287
172	311
448	66
357	392
287	6
171	60
426	243
356	112
109	179
365	329
95	96
243	107
278	117
336	12
158	341
305	380
142	179
327	326
146	206
331	342
23	372
153	205
335	253
250	106
33	362
413	206
433	77
96	310
78	202
355	22
215	55
76	287
294	119
151	385
139	12
93	146
25	370
355	244
123	368
159	342
215	238
253	23
306	381
128	287
312	108
222	100
95	254
136	335
120	340
320	252
339	255
358	169
268	129
415	50
200	236
135	179
319	237
448	80
17	378
90	231
385	20
118	354
428	78
302	30
180	276
181	386
311	340
224	358
420	109
206	111
542	94
194	248
92	146
274	269
95	231
336	324
190	116
102	202
191	261
123	179
298	221
193	276
340	109
88	254
323	239
307	169
113	202
203	72
239	276
136	31
193	389
103	325
452	67
435	13
401	109
129	96
170	290
316	325
196	72
217	197
270	260
332	69
151	206
120	354
121	340
157	291
321	252
124	231
160	355
362	22
146	385
201	236
348	69
388	70
321	109
449	80
289	68
181	222
352	330
190	260
135	54
138	278
194	260
363	391
337	254
216	99
365	115
152	53
315	28
151	370
101	254
246	67
375	62
124	254
108	96
348	393
151	52
372	74
138	219
449	41
322	217
397	265
93	325
114	202
351	70
120	146
285	9
109	325
130	96
207	114
285	186
341	333
270	278
117	310
279	11
82	325
101	231
120	368
157	309
103	146
190	105
160	369
390	10
219	100
100	289
390	336
123	55
286	257
108	289
452	41
110	254
94	340
385	112
25	25
171	22
188	54
269	328
144	52
253	67
255	254
382	313
94	231
293	66
208	17
136	387
335	54
121	254
29	29
201	54
93	96
152	3
209	54
444	65
179	148
17	17
109	96
127	202
114	310
247	246
92	47
330	187
42	353
350	318
266	220
302	61
195	389
95	179
116	287
408	5
123	231
358	244
397	29
127	354
121	368
321	216
358	71
196	358
107	254
89	287
107	325
468	86
148	385
257	337
349	256
244	106
447	66
159	3
142	386
398	247
112	231
386	112
387	313
171	4
138	266
375	252
304	30
322	341
325	109
187	388
208	15
207	73
155	127
92	287
309	340
94	96
334	324
157	256
345	219
221	355
351	21
155	342
366	121
79	289
356	55
305	300
14	14
323	326
309	300
364	55
410	244
174	133
268	250
142	370
328	341
128	146
112	55
147	101
165	51
95	310
444	110
155	229
390	246
358	113
71	329
402	109
259	67
363	23
346	69
327	186
312	188
295	326
117	354
189	53
209	340
101	179
211	24
374	115
322	109
429	49
178	371
215	175
365	73
292	255
458	54
204	73
335	187
338	109
102	146
391	245
340	54
342	219
165	370
274	27
348	54
297	285
106	96
307	340
92	51
113	146
149	52
422	242
409	228
176	387
198	277
163	309
94	202
167	255
461	83
263	221
266	67
123	310
287	156
181	372
128	96
228	334
105	202
124	354
107	289
307	300
344	184
455	81
222	356
281	252
211	383
32	32
413	50
288	154
217	100
190	220
101	340
286	254
143	206
74	310
201	115
291	260
398	265
131	325
404	109
286	9
379	114
55	340
183	387
365	390
79	231
65	330
105	179
324	158
252	339
396	246
91	96
271	219
454	68
442	65
373	60
428	108
107	96
142	44
307	239
236	260
97	202
371	74
120	202
191	106
251	282
87	325
74	202
535	75
96	179
394	14
110	340
476	89
317	252
195	54
106	202
89	146
89	325
107	287
124	368
323	13
346	182
362	391
228	182
105	325
90	179
308	238
347	256
352	256
334	69
359	71
344	111
110	33
129	179
131	179
166	280
168	370
118	33
173	255
246	106
265	102
340	219
179	95
458	42
325	341
326	109
92	96
190	358
88	146
77	325
98	202
335	70
356	217
159	355
238	221
297	64
299	299
122	55
194	31
266	103
125	202
180	94
269	26
415	79
134	54
299	245
85	231
160	2
125	368
159	385
109	33
3	3
277	27
295	65
353	218
51	344
145	227
145	310
532	92
278	10
282	121
445	80
306	323
272	191
418	50
379	30
252	256
290	120
333	54
280	190
309	61
459	55
83	310
91	310
453	104
183	222
116	310
388	392
192	206
84	287
104	96
253	22
372	388
173	234
160	342
269	12
344	243
434	77
2	393
131	55
296	118
317	341
103	254
86	146
514	89
199	145
147	343
366	73
97	289
334	54
134	179
246	340
263	14
105	289
158	309
250	340
358	392
200	54
453	81
382	258
240	221
96	231
331	246
99	146
118	146
320	325
217	195
158	2
196	260
129	325
257	371
483	90
249	67
174	311
302	183
323	238
347	244
114	354
279	221
89	96
127	55
164	3
112	340
326	216
96	254
170	291
134	325
192	220
209	260
393	77
105	96
180	387
217	196
354	55
157	290
344	193
145	385
199	135
202	114
348	245
350	330
232	27
86	287
162	369
453	67
332	238
315	341
153	370
360	255
341	323
443	66
82	254
100	340
155	3
106	325
125	231
161	355
270	191
166	385
116	33
63	332
138	216
106	27
180	371
109	254
326	187
22	373
170	386
281	189
410	110
141	206
90	96
327	216
113	340
239	138
368	23
405	228
316	340
118	231
334	186
337	246
123	287
159	309
292	256
320	217
139	322
346	255
386	313
228	308
174	328
216	340
89	202
255	104
273	326
242	15
339	69
411	109
126	287
315	188
208	18
351	256
118	254
338	247
321	341
51	51
160	282
416	207
328	289
222	72
443	80
154	229
199	221
272	280
112	146
116	55
260	103
423	78
427	11
438	68
149	31
350	319
226	377
101	310
87	146
287	298
109	310
146	141
318	66
102	287
212	382
31	364
288	326
224	137
295	299
118	96
119	146
136	282
174	235
397	109
296	64
23	23
135	339
318	188
175	328
90	202
327	54
115	254
370	74
278	67
299	74
119	325
138	267
11	11
193	54
229	330
290	222
364	390
111	289
59	336
98	310
117	202
317	109
357	22
451	81
364	72
202	191
40	355
276	12
5	5
80	202
443	110
409	50
324	187
362	114
110	289
382	113
276	326
152	385
118	289
155	297
302	221
399	247
112	287
38	38
113	231
332	186
188	220
282	9
291	221
151	313
119	96
376	66
30	30
178	191
71	328
367	187
270	13
290	298
116	179
279	268
101	289
337	186
463	83
357	322
306	170
362	322
109	289
453	41
399	109
239	183
314	218
153	229
105	55
250	66
394	18
215	174
2	2
131	231
82	289
156	229
434	12
253	328
27	368
232	221
233	209
158	229
108	202
399	197
79	310
189	220
282	27
406	25
325	71
310	238
113	354
313	237
188	276
336	186
192	260
88	96
292	298
310	340
277	149
278	269
314	340
304	221
233	329
395	246
144	310
56	56
260	66
190	370
85	179
142	42
93	179
129	55
258	104
60	60
358	322
286	255
341	394
91	325
1	394
201	389
312	75
111	325
435	77
314	236
332	54
137	32
48	48
157	370
410	206
411	244
362	199
340	69
345	54
165	355
185	234
78	287
80	325
154	385
299	30
229	209
301	249
302	249
142	45
40	40
207	132
355	218
122	179
212	238
436	76
224	308
132	325
44	44
173	133
394	15
214	73
125	55
166	369
189	261
254	67
164	146
402	78
421	242
187	134
116	96
212	134
314	15
115	287
187	247
386	39
101	325
284	221
117	325
334	245
268	329
345	151
352	111
78	254
141	38
179	280
90	325
274	124
257	220
118	287


# Decay
303	76
329	237
197	357
155	174
451	54
183	284
290	104
390	75
209	120
177	355
282	267
186	10
208	377
463	41
147	106
254	249
301	106
241	209
228	107
251	246
338	394
528	112
181	277
279	191
187	277
155	173
407	244
226	3
166	24
408	23
225	359
292	120
147	116
349	346
178	310
451	108
250	257
231	70
201	278
302	376
321	273
196	336
238	277
154	298
214	390
468	83
170	22
373	242
385	203
388	20
214	258
147	115
150	122
152	144
212	308
276	372
304	61
442	137
304	372
218	112
147	180
198	336
190	333
339	156
181	309
299	105
218	227
147	110
155	205
425	234
287	251
244	220
257	329
363	181
301	62
240	302
172	279
204	375
202	323
259	273
223	138
262	332
482	113
196	362
200	3
198	136
403	29
180	20
250	291
380	380
507	108
417	50
423	243
399	198
436	263
427	244
392	338
467	56
147	109
143	260
384	73
401	240
403	244
227	334
425	108
184	93
155	172
474	28
444	213
149	4
425	11
486	89
325	32
472	55
255	276
335	292
303	110
243	257
294	250
376	246
433	109
475	55
156	164
160	53
137	353
209	307
216	232
294	146
345	154
471	110
135	229
385	38
155	171
211	259
263	330
273	268
238	247
361	198
292	11
490	92
139	272
260	330
147	114
247	273
396	237
197	145
247	61
355	171
265	330
352	198
203	187
292	259
368	212
292	149
168	326
410	49
408	256
266	131
428	30
215	114
301	75
425	154
232	366
300	180
156	30
239	259
147	113
184	282
483	114
509	87
171	280
404	229
203	338
290	261
237	10
408	266
266	137
257	191
229	105
337	339
151	16
412	49
179	294
329	245
214	337
353	173
279	195
323	242
147	108
418	207
184	54
212	145
404	59
368	324
155	175
167	294
252	195
159	283
224	394
216	23
376	247
415	217
147	107
432	12
296	249
366	177
460	111
222	224
191	338
146	344
210	24
389	337
420	242
256	338
444	42
403	37
196	365
453	108
238	58
205	114
256	255
225	71
288	9
332	11
309	76
241	251
408	22
459	111
147	117
171	103
210	182
379	207
306	282
227	104
246	306
189	13
348	347
372	275
305	77
144	179
204	279
133	285
355	206
175	344
147	112
199	12
258	287
226	333
402	317
247	256
226	108
414	49
372	210
208	339
324	31
138	323
260	190
532	81
192	193
452	103
527	87
185	95
272	126
400	8
323	276
402	241
147	111
209	23
347	156
142	8


# Growth
101	356
532	86
541	125
528	87
250	290
395	64
87	346
74	253
530	85
473	41
193	31
470	56
150	16
226	65
293	147
385	338
417	15
175	8
485	90
227	71
395	18
78	98
234	255
393	109
207	226
468	117
247	331
565	86
313	296
433	242
216	18
219	111
311	276
228	247
208	117
106	26
331	13
259	143
332	290
332	14
138	273
438	111
204	294
299	122
245	199
146	180
300	374
302	374
239	248
347	181
180	309
568	92
177	288
327	13
348	182
404	317
215	99
437	265
492	99
402	35
149	315
287	260
471	41
443	10
151	309
437	112
560	84
156	204
189	154
177	81
186	12
391	393
213	20
172	347
216	113
248	17
168	192
306	253
324	23
166	23
167	22
391	105
342	191
164	320
318	390
384	115
445	53
478	29
304	1
177	277
442	10
202	279
557	106
226	68
198	5
564	91
226	221
150	301
227	64
179	282
291	329
247	332
170	288
391	107
101	354
329	294
353	184
405	52
148	181
176	297
87	340
249	218
406	29
556	105
318	24
537	94
233	257
145	180
160	140
259	136
175	10
113	376
204	339
227	222
297	248
131	388
468	119
172	59
300	30
317	389
169	327
216	20
214	126
473	48
364	244
381	63
208	119
351	342
136	338
172	254
470	43
278	191
347	348
564	87
249	273
205	293
172	50
562	93
248	12
306	287
241	301
227	58
70	325
396	66
217	112
403	316
155	27
457	116
291	151
170	326
364	243
232	393
398	193
315	388
228	248
441	10
386	336
425	207
151	311
473	76
564	94
170	47
175	6
189	152
148	100
213	18
461	43
190	12
248	19
422	137
539	122
186	116
391	108
185	261
71	326
414	227
243	196
247	218
164	322
240	275
397	234
472	41
530	86
384	117
493	98
419	32
216	165
220	22
160	145
246	307
226	66
367	115
220	12
405	314
287	7
469	122
566	87
170	48
340	353
115	379
208	183
343	192
404	51
244	197
472	48
196	219
216	15
233	253
69	308
411	68
474	42
246	255
422	207
168	132
281	151
331	292
389	74
175	20
160	142
259	138
551	82
138	274
344	153
203	375
372	327
563	88
234	251
131	390
532	115
259	144
282	263
172	53
213	14
403	39
271	126
445	212
379	63
364	246
278	194
427	30
496	99
402	36
221	224
413	226
113	375
133	386
480	28
341	187
253	340
175	277
305	286
393	392
248	14
302	378
227	60
330	238
564	101
71	331
306	254
155	29
301	22
404	313
533	86
340	253
228	250
363	180
406	7
379	382
407	6
261	285
395	336
330	293
198	6
367	116
170	45
285	298
444	9
183	308
189	150
179	281
213	16
234	247
195	218
541	68
331	237
323	24
101	357
541	126
438	15
278	115
395	65
146	95
403	1
243	18
397	194
277	192
323	310
537	89
247	308
210	339
220	14
175	9
418	15
215	166
372	241
469	120
566	85
234	254
341	347
346	349
245	255
421	207
179	22
552	81
313	297
458	104
251	289
405	26
236	59
216	17
404	1
188	310
217	12
474	40
189	311
208	116
393	338
164	319
103	354
149	15
259	140
301	377
478	52
563	90
234	249
131	392
259	146
395	314
202	375
283	264
213	12
272	371
338	254
365	202
567	94
227	57
239	249
173	345
347	178
495	99
540	124
433	244
250	136
565	100
437	266
426	29
329	13
371	114
316	388
149	181
216	338
88	347
196	315
286	298
197	314
467	118
394	314
437	113
175	5
169	281
306	257
189	155
177	82
279	196
287	29
270	127
562	89
411	24
172	346
184	261
362	243
227	62
404	41
531	86
454	105
207	23
401	30
384	114
226	257
394	338
173	253
292	148
366	203
394	17
444	11
391	104
101	355
437	14
489	90
187	116
202	301
87	341
167	106
169	132
192	31
370	114
555	102
556	104
323	312
571	91
233	258
385	337
373	328
438	115
175	11
160	139
259	137
412	226
113	377
157	205
161	138
234	252
180	283
131	389
247	330
172	58
168	106
179	24
411	135
392	392
220	225
529	87
216	19
416	32
78	94
556	103
553	99
208	118
484	90
382	63
176	79
470	42
331	12
259	142
332	291
424	207
287	8
204	295
350	343
70	309
565	94
245	198
494	99
206	226
227	59
179	309
288	28
465	74
437	264
491	96
220	111
271	370
474	49
553	100
152	309
363	179
379	381
79	97
151	308
307	280
402	58
170	46
175	7
189	153
213	19
461	44
214	24
248	18
306	281
168	193
422	136
539	123
446	211
203	301
554	101
384	116
243	17
476	54
323	309
220	21
160	144
226	69
149	301
175	12
143	347
300	123
73	252
291	328
391	106
179	21
466	74
231	259
241	276
216	14
368	64
311	76
264	283
265	282
142	348
233	256
301	182
446	52
175	21
160	141
259	139
344	152
231	255
234	250
212	389
131	391
479	52
259	145
165	130
560	89
172	52
213	15
561	83
394	391
567	93
263	284
310	75
569	92
364	245
380	63
328	13
106	25
203	279
136	339
195	370
407	14
169	191
205	339
563	94
312	275
341	352
306	258
341	188
147	100
253	341
172	51
248	13
227	61
215	338
568	95
434	246
196	371
291	150
369	64
164	324
79	95
340	252
228	249
398	232
479	28
395	337
262	285
342	347
212	258
151	310
367	117
170	44
298	249
254	342
213	259
538	95
189	151
566	93
213	17
234	246
531	116
162	137
564	99
542	67
371	327
420	207
490	91
164	323
397	233
432	243
146	94
279	114
74	255
214	99
384	118
243	19
72	332
277	193
323	311
226	254
480	51
305	1
477	53
426	207
481	50
226	67
253	194
215	167
469	121
170	49
204	301
403	59
247	329
561	88
371	332
231	394
179	23
182	308
220	127
177	297
471	75
216	16
352	184
237	59
458	117
280	151
227	253
208	115
471	56
164	318
116	379
306	1
242	301
160	143
259	141
248	272
230	245
234	248
213	390
172	54
240	300
540	69
73	256
254	193
403	38
347	179
378	63
433	245
263	286
209	182
317	25
364	247
417	33
388	74
492	97
211	339
406	13
423	207
286	259
330	13
196	314
178	285
536	88
151	315
437	114
169	282
306	256
189	156
279	197
132	393
384	339
248	15
249	135
326	13
404	40
306	255
155	28
300	181
570	91
370	332
371	241
340	254
418	33
401	31
176	278
232	254
472	75
178	276
150	309
412	69
176	80
133	394
198	7
226	70
189	149
208	22
562	83
412	25
215	25


# Irregular
140	226
73	193
326	253
74	106
290	156
75	104
154	2
283	103
377	256
122	382
177	310
70	246
217	239
202	310
226	103
339	243
285	264
413	243
268	141
217	280
299	244
246	296
398	61
382	390
135	204
318	291
175	256
73	202
518	88
171	79
199	373
75	254
293	11
260	271
336	157
136	330
190	72
229	19
192	359
379	17
198	248
380	334
110	366
222	242
313	387
244	59
228	362
191	358
304	240
250	219
158	160
214	280
251	219
198	11
71	283
342	246
345	18
209	248
284	187
213	11
194	313
215	379
217	72
181	114
366	54
206	106
393	66
378	384
360	310
158	322
251	313
308	107
253	21
219	336
290	1
224	208
404	9
244	328
409	66
544	94
340	241
178	257
107	365
235	304
196	235
382	33
164	295
219	26
238	298
294	29
296	119
206	339
441	4
261	273
391	199
306	16
142	97
185	15
367	324
349	345
222	132
431	77
72	226
327	236
208	55
355	255
230	258
68	118
378	68
218	240
256	104
475	28
111	367
439	50
337	19
155	52
229	5
160	185
196	210
252	279
180	52
163	84
199	248
384	391
293	142
387	73
137	260
318	325
135	369
67	71
155	165
265	274
233	280
164	189
240	326
148	343
313	75
276	268
166	82
189	147
67	212
487	89
218	72
182	114
403	54
205	307
169	223
244	303
190	146
281	291
285	379
345	331
217	203
71	224
220	336
311	220
206	306
189	117
82	337
210	282
157	289
140	351
196	217
197	213
345	244
216	13
326	54
293	380
242	340
150	181
225	244
281	10
206	349
260	26
209	227
300	113
139	53
283	286
76	149
296	334
205	300
241	210
315	161
317	72
156	285
394	77
195	234
142	141
217	204
181	259
201	10
167	191
242	252
315	30
317	270
235	295
346	245
555	94
258	370
137	310
173	101
301	176
178	112
286	284
380	20
72	136
437	75
312	300
384	260
207	207
391	67
467	114
304	107
217	164
198	317
311	189
187	371
465	56
140	11
213	144
242	247
315	23
170	104
137	97
174	222
323	55
342	186
203	224
239	107
385	392
189	333
316	14
300	285
265	261
284	103
286	263
69	322
343	153
95	39
422	264
297	335
320	307
138	262
194	276
145	259
237	338
223	308
151	301
190	135
141	343
382	245
312	17
224	243
244	254
172	371
192	337
229	57
379	388
179	291
342	189
415	25
326	27
441	41
369	241
104	354
360	55
285	104
161	186
288	121
181	55
92	41
194	367
103	363
69	220
236	246
143	346
401	79
347	320
208	10
377	312
322	30
341	349
181	286
71	196
220	207
383	246
186	388
249	246
68	299
359	329
234	392
200	312
441	50
133	231
79	181
320	71
157	182
380	33
75	88
222	281
187	220
260	254
333	341
280	287
173	278
446	140
218	55
255	339
399	30
184	304
421	13
186	28
351	204
209	344
392	200
232	306
322	25
358	310
363	242
202	188
151	229
461	55
136	205
172	353
268	263
469	87
159	101
113	21
187	100
386	259
153	52
227	29
407	257
79	178
212	100
174	354
73	333
242	57
205	376
189	201
410	67
212	203
214	179
308	188
112	367
241	247
294	379
191	193
103	35
340	186
213	180
216	72
143	98
221	180
206	280
300	370
163	103
257	254
276	251
388	42
188	101
246	215
210	387
322	306
326	159
92	54
315	273
300	75
194	143
323	305
219	352
350	111
171	133
335	20
160	295
200	222
550	84
551	94
220	257
422	22
226	56
248	21
174	253
384	335
203	133
258	255
423	109
208	200
464	98
462	56
176	310
529	88
375	387
213	100
399	196
456	113
438	33
554	96
404	241
402	245
208	103
350	199
408	244
358	328
214	205
196	115
289	250
201	72
237	303
193	137
70	282
218	179
238	182
188	388
209	9
409	4
392	76
137	143
232	182
394	237
468	116
162	129
163	21
441	78
116	19
191	30
304	173
69	296
289	2
380	69
163	226
70	115
76	334
187	309
315	303
172	108
190	194
195	360
286	252
197	116
218	11
262	133
154	89
160	128
196	137
219	56
241	107
246	137
412	110
468	115
233	305
234	26
71	310
163	26
256	221
349	176
401	251
370	23
153	16
282	251
445	210
283	251
175	372
435	36
381	74
241	258
409	244
317	24
251	284
290	250
271	12
91	349
225	108
244	184
171	293
185	308
371	311
243	183
136	144
245	274
227	209
174	278
180	249
147	317
183	92
351	112
353	206
423	24
261	333
193	114
160	101
178	51
306	252
200	28
71	113
164	226
364	330
132	11
206	22
265	27
357	170
212	246
231	58
157	29
269	142
195	144
160	323
202	194
367	118
222	1
422	50
151	31
393	264
395	28
71	292
243	301
133	310
66	270
73	192
74	107
152	283
303	107
294	145
295	285
280	10
461	117
407	25
356	170
339	242
70	262
142	350
181	342
184	27
185	147
76	89
94	55
246	297
304	250
231	330
217	392
455	55
189	135
171	49
209	134
361	392
517	89
351	312
152	354
507	86
164	103
74	229
535	80
168	354
136	331
355	321
390	42
178	250
286	107
379	16
71	133
274	220
366	213
98	37
155	355
135	258
247	25
303	283
72	290
222	130
349	351
206	248
447	141
206	107
172	79
191	136
357	197
167	147
136	370
172	222
390	45
359	310
344	245
236	67
149	314
120	17
137	213
373	118
284	28
216	378
249	184
274	102
222	133
367	242
299	114
248	256
266	329
73	251
143	141
366	62
294	299
210	145
193	207
355	254
68	119
345	321
200	135
242	203
298	73
210	288
157	295
252	272
397	78
200	278
198	235
254	20
183	8
204	147
387	72
318	159
67	70
325	252
182	192
202	73
539	90
207	248
66	274
232	22
67	215
399	60
207	105
209	378
151	257
213	338
303	15
214	245
217	202
440	50
168	343
354	392
334	217
210	283
156	182
376	26
139	342
157	288
359	243
197	212
491	116
241	58
208	248
261	258
228	256
126	384
162	201
258	190
66	214
215	257
142	227
181	76
240	205
164	52
170	223
156	286
340	152
358	198
267	261
202	338
296	222
169	80
387	41
294	180
313	301
317	269
154	145
339	151
140	343
68	319
216	21
343	18
473	55
533	78
274	192
366	241
244	24
392	11
283	377
140	294
400	59
167	81
314	74
297	325
207	206
463	112
247	295
300	105
376	255
73	289
331	159
259	330
134	309
210	378
263	132
194	192
215	143
199	337
200	188
384	35
132	286
155	26
176	133
198	220
534	79
202	19
437	34
258	330
205	6
444	52
135	144
373	74
69	321
179	330
379	383
474	89
220	24
187	193
208	133
261	133
138	263
174	4
162	385
199	4
347	330
208	20
194	219
362	255
72	110
515	89
220	241
332	109
170	80
79	62
155	19
179	290
270	143
533	80
208	237
229	137
234	68
92	42
220	23
404	267
298	335
409	269
138	270
393	30
69	219
107	24
146	318
364	60
165	189
149	142
208	11
297	13
351	198
465	41
525	88
67	269
341	348
179	113
381	245
439	110
268	265
275	252
186	372
150	342
79	180
407	267
173	79
391	24
174	344
69	307
163	201
255	24
457	81
295	11
406	10
302	75
287	285
364	59
184	305
348	330
536	81
295	333
76	186
80	61
202	189
185	278
315	61
372	58
136	259
121	382
429	77
341	155
128	13
240	258
186	194
558	90
318	272
283	325
250	272
178	21
362	310
144	141
285	121
168	3
403	242
166	105
133	368
210	207
196	14
487	114
470	46
73	138
368	53
168	146
334	291
348	321
244	274
411	227
233	7
141	321
420	264
149	257
425	264
99	353
227	331
448	108
139	352
232	329
218	337
385	32
222	377
188	102
210	384
162	255
92	55
148	257
259	286
371	120
229	378
194	140
164	385
536	95
81	179
151	304
389	69
355	310
174	147
162	20
221	140
76	63
422	23
353	329
334	341
317	291
248	22
377	67
323	27
468	110
256	192
222	181
424	12
280	198
464	99
279	150
211	379
157	128
273	281
456	114
296	369
169	344
152	256
97	352
371	65
357	329
378	21
141	226
221	20
183	278
169	22
426	50
431	242
179	77
397	62
328	326
166	325
187	29
171	327
372	23
209	8
335	342
66	124
227	377
193	313
179	250
166	3
204	210
352	203
188	116
137	324
231	182
69	279
142	40
162	324
380	70
181	19
384	246
128	385
228	18
177	257
286	253
305	340
472	89
230	362
70	131
436	71
220	353
136	336
175	17
180	76
235	337
77	185
167	326
316	73
560	93
212	10
339	335
209	146
228	138
377	62
178	57
108	365
184	357
186	73
350	182
98	352
170	344
376	386
176	111
195	336
217	227
73	166
291	251
151	144
394	13
369	54
204	113
500	82
299	248
179	277
115	368
193	113
71	112
163	147
188	332
387	260
264	132
355	197
248	340
194	144
218	26
92	349
383	334
330	326
439	40
314	252
446	42
358	184
412	206
362	55
218	141
165	386
209	115
389	202
390	200
191	370
175	148
287	5
417	110
366	187
282	202
66	271
232	59
467	74
413	26
324	30
163	325
290	327
381	390
290	154
456	110
148	300
337	157
281	325
283	121
431	33
179	56
235	183
198	372
182	7
277	326
260	258
243	23
408	64
136	325
339	245
232	260
413	241
70	263
76	90
385	336
149	311
300	248
282	287
323	252
89	340
71	284
261	190
180	258
326	289
200	11
457	105
166	190
186	98
314	31
167	4
249	340
123	383
233	69
71	247
401	15
189	104
171	222
321	237
106	364
379	19
161	324
155	169
174	296
160	28
324	253
198	9
72	291
109	23
222	334
222	131
370	56
204	237
444	137
425	232
69	244
124	15
188	134
317	59
339	18
179	6
552	97
255	275
151	355
355	329
377	385
175	50
149	313
209	102
373	117
137	212
230	107
377	114
160	19
252	220
90	348
241	341
204	351
169	286
138	352
211	247
375	333
140	137
288	183
253	187
70	78
240	208
239	376
168	194
224	378
78	62
170	234
211	100
230	256
360	244
145	99
241	183
465	100
318	13
157	294
175	59
545	95
287	104
256	25
152	90
155	167
72	156
363	56
538	89
258	273
321	25
180	287
73	227
143	320
74	140
371	57
207	104
68	127
75	231
313	299
385	259
315	27
206	304
78	176
136	353
192	334
193	368
302	338
68	305
361	329
175	192
197	211
217	378
311	384
555	91
207	339
279	102
228	257
177	111
68	320
231	361
323	216
328	237
241	327
350	244
242	24
102	35
467	111
159	184
73	228
182	75
240	206
101	361
156	287
230	306
177	329
414	14
236	26
74	333
202	134
275	123
535	119
314	162
387	40
317	268
118	18
216	22
178	296
155	181
137	207
230	28
307	187
309	30
276	284
207	201
280	268
247	294
393	19
215	281
381	113
74	190
219	257
150	123
426	109
211	123
174	109
267	192
346	331
75	334
366	323
299	179
335	218
407	50
454	107
534	76
476	28
224	109
298	178
319	13
138	206
267	27
216	343
324	216
285	109
74	86
220	25
239	303
350	315
135	32
210	227
283	187
121	17
191	71
69	209
217	179
181	93
208	21
151	303
263	252
175	110
215	135
72	111
345	348
184	94
312	19
366	330
404	54
277	373
226	18
245	246
155	18
468	75
197	371
179	293
235	279
202	27
185	193
314	295
190	338
248	106
181	53
290	284
220	16
223	101
229	334
377	333
435	109
293	119
332	22
405	243
320	187
211	9
67	268
363	255
294	222
150	228
227	137
190	31
299	372
245	298
177	58
288	3
179	298
68	277
158	100
252	135
534	94
268	266
312	340
314	302
173	387
246	219
484	114
104	363
448	142
147	130
152	300
264	251
230	335
212	206
237	247
146	131
184	306
182	87
329	110
76	187
151	317
264	330
318	72
503	84
289	326
218	164
70	311
516	88
295	221
243	212
223	181
372	59
300	373
263	259
157	284
177	51
330	70
77	101
370	241
558	91
464	118
321	70
489	114
181	7
456	69
184	330
287	261
270	327
73	137
256	273
221	1
440	110
386	246
84	338
304	339
359	183
269	192
162	26
184	115
292	252
187	14
353	311
244	213
278	374
154	256
248	16
211	388
375	23
158	86
218	350
153	3
119	18
138	226
235	68
144	133
308	323
164	200
259	257
352	173
205	186
408	239
192	145
301	337
194	141
351	353
354	112
151	307
215	171
292	251
439	116
352	70
390	237
248	23
323	26
364	200
129	386
185	221
313	16
183	115
280	199
134	230
559	89
193	109
302	242
180	288
163	255
456	115
438	39
203	20
259	221
404	243
271	326
134	369
282	102
194	369
285	251
251	256
219	180
273	102
93	40
242	184
243	58
279	375
195	191
217	257
142	320
454	54
365	62
147	119
238	259
312	385
164	280
333	21
172	328
299	336
67	121
377	75
197	336
216	257
305	250
413	14
165	200
166	147
403	8
154	52
230	363
231	6
251	281
326	341
381	32
219	141
220	354
295	368
97	38
461	72
136	337
357	55
175	16
429	31
454	41
184	8
365	55
77	184
81	61
320	13
67	126
140	280
176	343
161	229
234	24
201	337
184	247
168	81
281	201
137	332
301	299
229	259
531	83
254	277
72	194
129	13
438	49
168	224
187	332
77	335
315	294
190	203
172	101
302	111
213	229
325	54
73	165
327	342
72	81
220	377
440	10
258	17
313	252
460	117
239	207
207	54
171	234
392	237
244	375
283	27
411	206
379	15
416	243
203	352
204	308
294	71
352	218
225	332
350	352
262	331
193	112
391	109
207	281
213	125
423	26
243	294
72	201
265	136
69	280
554	91
312	237
336	19
264	133
303	108
311	252
204	26
320	236
157	321
302	300
375	67
164	309
402	53
148	4
275	193
203	210
152	127
337	69
101	36
390	201
230	71
231	335
141	35
344	348
287	4
365	186
186	233
205	198
353	197
282	203
302	14
290	155
456	111
170	254
225	3
70	245
143	33
363	310
290	10
203	385
336	340
408	65
136	326
465	112
339	244
526	87
293	144
149	310
245	183
445	138
123	16
140	261
342	242
252	372
240	340
204	298
185	115
169	233
351	314
406	51
338	285
67	316
286	222
234	279
189	103
136	333
262	103
249	196
316	292
139	293
286	105
379	18
342	154
550	96
490	115
77	92
155	168
138	32
176	371
161	129
89	348
198	14
215	391
197	136
184	147
278	150
426	231
190	276
247	136
430	77
69	243
250	329
216	228
143	134
159	204
164	25
153	355
319	266
414	26
470	87
73	65
552	98
436	35
215	229
204	7
71	239
255	274
443	51
290	28
310	219
248	217
466	112
192	369
156	162
408	79
359	255
416	31
227	309
468	41
268	369
360	328
94	39
225	255
167	354
149	312
373	116
83	338
229	106
67	67
144	259
343	246
201	374
253	372
222	139
225	360
298	366
462	111
376	311
357	310
140	138
286	185
255	193
365	310
168	195
170	292
101	358
230	257
70	222
470	110
199	356
276	102
206	302
406	267
157	293
551	96
275	221
294	11
205	25
459	72
223	243
227	244
67	72
72	157
437	70
147	352
220	13
165	310
426	233
410	24
72	236
421	109
281	288
176	58
394	65
67	275
177	343
159	323
325	28
378	74
184	74
165	104
274	257
313	298
167	131
206	305
407	63
356	328
68	306
162	84
328	159
402	16
555	90
204	132
293	180
295	144
228	245
228	258
198	115
218	280
146	13
119	381
376	250
198	313
73	235
199	16
163	188
184	279
76	144
101	360
266	191
178	342
238	339
76	231
535	118
209	386
390	20
178	297
252	288
534	74
203	236
314	274
405	14
228	252
155	180
137	206
176	287
159	19
217	56
398	231
295	30
207	200
232	6
303	174
71	66
74	191
76	143
186	14
260	147
211	122
358	255
309	324
274	371
384	37
299	178
299	377
466	84
340	16
415	29
490	94
162	102
534	77
183	17
204	186
228	251
156	53
230	20
157	161
216	344
469	42
236	304
456	81
203	114
332	342
99	37
138	261
175	311
69	208
143	350
219	281
220	393
312	165
147	228
405	318
170	280
410	228
71	200
75	141
155	21
179	292
491	93
143	385
458	110
459	116
377	22
413	80
214	309
253	273
143	310
220	17
257	25
248	293
263	103
432	33
216	206
255	343
182	93
237	328
333	159
390	110
321	290
194	208
410	239
140	52
502	84
233	27
159	295
198	189
181	283
171	349
68	278
414	243
203	147
293	285
221	208
295	180
393	335
105	354
72	160
308	382
257	18
96	38
406	8
375	251
127	385
74	287
74	168
184	307
166	199
385	246
297	116
387	246
151	316
213	381
177	372
397	17
200	211
380	258
274	147
166	342
367	73
77	147
315	63
172	348
376	63
341	153
180	25
534	86
77	100
230	57
306	220
398	195
74	64
402	254
352	354
172	386
265	251
253	105
381	20
277	286
334	289
408	24
231	107
180	113
217	310
243	220
153	145
466	56
303	373
218	351
422	109
207	260
264	27
66	302
247	216
319	32
105	364
287	380
397	236
400	16
146	99
253	316
202	388
351	174
217	142
291	285
183	283
383	340
423	264
189	389
151	306
175	13
68	73
140	33
215	170
234	337
70	294
364	186
238	377
475	89
75	169
422	21
152	100
317	236
355	393
248	24
360	391
323	29
344	321
200	336
400	248
437	13
364	201
199	189
365	213
193	108
174	371
178	5
380	73
180	289
201	311
75	64
280	375
409	239
212	228
284	204
267	140
362	329
144	12
219	378
166	232
134	257
158	54
433	34
70	281
201	222
365	61
202	353
312	386
80	179
443	137
208	307
100	353
135	290
66	122
466	42
378	312
303	379
68	266
67	120
124	383
161	227
72	258
162	156
183	75
186	221
352	205
318	267
211	207
447	109
212	124
141	136
200	17
183	248
114	20
442	50
279	286
229	362
251	280
73	163
401	33
147	14
440	4
535	73
557	92
388	313
356	184
391	337
175	19
179	84
291	69
202	223
369	51
168	280
354	329
245	219
191	334
176	328
250	195
234	25
365	199
188	13
297	370
281	200
355	113
229	221
213	115
488	89
161	85
432	108
68	128
181	26
531	82
72	195
280	325
209	289
319	273
174	59
411	80
72	82
73	164
310	252
183	358
167	232
260	286
298	105
390	68
232	280
379	14
235	328
180	85
215	177
184	16
363	200
369	52
151	3
134	386
228	377
139	142
356	310
300	337
179	279
252	186
364	310
183	89
185	247
133	202
251	185
306	251
307	251
273	258
185	96
166	130
209	282
264	134
249	328
232	69
288	284
368	74
243	16
151	342
248	197
193	145
202	193
311	108
501	83
319	252
322	253
141	34
198	29
201	322
330	109
186	246
349	330
295	71
205	197
187	147
301	284
211	281
356	198
85	59
213	246
342	17
87	342
141	260
71	248
274	282
203	384
242	221
260	268
336	341
172	235
136	327
191	276
251	105
196	276
158	18
142	349
308	16
292	330
111	22
185	331
367	120
153	127
207	377
331	110
204	299
441	111
464	56
155	284
69	265
142	10
73	257
312	252
149	92
226	308
339	15
217	244
253	24
368	120
436	37
201	18
78	93
493	84
136	334
466	118
285	285
213	309
174	191
71	134
220	137
275	283
203	195
77	91
210	115
137	209
106	32
197	316
198	15
162	187
330	159
313	61
222	129
186	309
374	332
140	140
69	242
74	152
148	316
225	28
353	71
141	310
90	56
198	356
237	183
71	238
275	102
222	110
495	84
315	15
151	182
156	163
304	284
268	191
196	215
203	248
185	341
403	266
275	288
222	136
539	70
140	139
216	236
396	29
329	70
241	292
168	196
244	300
336	240
319	306
176	4
266	138
67	301
175	387
142	135
201	28
202	146
296	211
370	326
78	175
206	303
210	287
173	222
176	147
341	242
530	84
142	310
237	65
221	242
186	340
205	24
208	260
154	320
372	66
210	101
72	158
71	261
205	350
259	135
209	238
320	290
66	273
376	244
67	216
321	31
156	88
380	113
254	288
72	237
71	79
292	69
349	20
244	299
172	56
69	117
78	182
409	80
407	62
468	56
256	18
245	138
228	246
284	109
398	29
206	208
225	377
243	275
226	361
245	59
212	180
467	113
214	144
125	384
198	318
290	183
218	392
73	234
184	280
236	338
536	120
172	55
249	374
176	50
340	155
284	326
218	206
280	112
209	385
193	335
177	21
160	203
216	24
214	114
180	6
68	314
291	29
437	38
183	27
556	92
422	79
279	121
155	320
146	5
221	394
148	353
404	256
207	203
173	295
376	333
377	244
175	297
453	55
346	19
399	15
224	257
259	335
149	121
374	22
165	25
75	151
133	96
232	336
340	17
178	289
342	190
198	211
225	282
207	291
261	369
137	291
216	345
289	104
383	34
94	350
350	313
79	336
337	337
392	335
250	373
143	345
74	167
537	120
260	334
351	218
244	256
154	127
249	256
178	329
236	10
293	221
276	123
154	309
281	112
120	381
155	20
176	191
83	60
233	367
533	93
224	102
246	198
338	18
284	122
307	382
236	296
220	18
258	134
169	353
445	41
138	269
252	104
144	33
364	63
294	333
78	99
212	379
147	93
223	334
78	146
245	296
300	376
233	336
196	364
234	59
380	379
398	78
349	175
367	176
167	311
187	99
79	177
95	351
247	197
140	206
305	220
72	161
474	54
386	74
152	302
188	194
231	28
159	158
219	163
436	110
310	30
368	49
113	370
183	260
347	349
333	290
213	380
430	242
196	145
199	313
148	92
244	200
317	217
300	375
299	367
302	375
318	217
245	305
196	363
197	190
201	187
184	221
368	330
316	23
243	327
81	96
394	335
69	313
251	135
324	55
187	233
261	253
210	202
410	79
212	282
266	261
231	21
251	372
288	250
470	45
324	70
76	172
277	285
167	199
406	243
191	205
321	307
68	67
215	172
201	211
551	93
225	181
540	95
407	80
246	184
272	258
71	327
405	42
464	111
341	18
216	309
343	185
254	187
146	96
253	315
284	265
157	53
307	15
330	289
76	171
373	333
85	339
68	74
108	33
70	295
203	383
221	137
150	143
298	12
221	335
224	2
352	55
243	341
151	100
156	17
175	354
396	77
235	63
256	370
330	217
266	250
195	359
362	182
110	22
402	256
171	254
155	88
178	356
551	83
364	178
293	250
66	123
68	267
395	237
250	185
72	259
162	157
331	69
367	212
316	60
337	286
163	230
239	339
259	369
171	102
228	29
282	111
248	329
174	49
302	106
216	178
234	305
255	371
146	280
309	252
148	129
260	272
156	321
391	336
175	18
108	23
369	50
149	281
154	283
136	290
400	247
455	68
204	196
79	146
174	386
329	160
164	231
348	177
205	280
353	58
189	233
389	44
228	4
251	272
288	262
86	339
443	41
316	236
335	239
135	386
249	311
213	281
257	272
225	209
206	376
354	321
208	290
318	252
154	354
138	53
413	109
179	278
161	295
329	216
275	372
421	264
297	378
319	71
230	221
322	274
72	203
145	318
456	106
421	78
349	54
168	233
389	21
264	135
67	304
179	52
70	240
145	132
492	85
255	188
535	94
167	224
170	132
153	319
316	272
144	385
218	136
275	268
511	88
241	25
208	281
297	210
234	8
182	248
150	282
406	79
226	331
192	71
298	371
138	143
261	331
229	307
138	370
161	102
134	203
216	280
164	21
290	153
330	253
313	163
73	287
165	225
117	19
173	353
193	248
157	18
285	221
72	65
74	230
182	26
535	87
203	387
260	269
336	342
316	303
153	256
318	31
136	328
339	246
465	118
210	307
448	42
363	185
419	14
224	182
210	121
178	78
179	356
163	53
365	177
296	29
298	378
410	13
467	84
213	13
69	264
142	11
72	249
163	130
365	322
148	310
186	97
350	174
457	110
313	164
150	91
67	318
216	142
224	222
404	15
297	179
81	337
245	376
264	260
390	46
340	247
486	114
379	20
252	286
236	64
293	332
183	54
296	117
155	170
137	208
302	175
358	56
106	33
180	357
343	332
219	393
256	189
185	9
455	40
222	134
370	55
140	141
213	22
235	9
74	153
131	287
149	100
225	19
80	96
154	17
228	56
284	378
355	253
212	338
69	130
215	231
291	152
74	232
440	40
388	261
304	285
233	393
195	139
433	127
530	90
289	261
158	29
238	303
402	28
187	72
387	71
67	69
549	95
398	16
222	137
206	199
216	237
214	135
70	77
199	28
185	387
168	197
188	339
266	139
67	300
238	327
439	9
404	29
153	283
210	284
338	156
376	23
323	71
379	34
434	126
254	24
182	341
205	23
176	355
250	246
231	365
233	259
72	159
71	260
329	253
220	15
95	55
539	94
423	49
259	134
223	2
118	380
376	245
211	308
394	265
216	244
74	139
383	391
172	57
561	94
262	191
281	294
233	61
379	74
69	116
141	295
143	7
215	245
307	76
71	223
165	22
78	183
406	256
448	54
429	108
179	134
180	56
199	236
91	56
185	358
188	72
207	348
155	177
319	24
343	347
310	384
185	28
205	225
207	205
211	134
68	210
161	27
198	319
184	281
440	78
421	20
424	264
297	30
314	62
151	282
319	291
195	209
70	206
143	12
308	77
146	352
272	145
350	21
243	253
170	106
155	25
68	315
178	295
221	280
203	309
556	93
242	328
225	256
228	254
135	354
282	377
391	41
216	339
383	36
420	50
349	244
93	350
314	387
165	294
207	202
438	76
276	287
428	50
138	280
157	87
139	33
68	217
235	245
254	339
400	78
352	311
150	126
170	287
248	136
234	368
71	205
184	90
75	150
208	347
263	273
303	339
218	377
352	21
226	137
279	113
282	151
216	346
288	103
253	278
199	115
74	85
399	230
262	273
462	73
134	145
192	136
209	208
285	27
431	108
158	283
270	369
73	155
328	109
182	88
224	281
405	316
338	241
341	351
287	184
310	188
383	259
115	20
155	23
140	321
491	95
291	10
382	73
455	109
76	102
519	89
243	376
354	256
227	18
246	274
139	206
322	290
488	113
254	135
220	19
349	198
336	69
209	201
512	88
306	187
371	22
209	346
337	218
246	60
73	109
202	190
275	147
313	324
152	17
333	110
134	97
171	351
207	387
193	337
88	57
414	241
424	27
379	257
72	162
144	351
180	342
310	108
408	228
262	259
338	336
401	59
113	369
170	191
150	3
372	332
75	189
77	145
314	325
422	25
316	161
244	201
245	304
300	368
217	348
273	146
182	259
131	12
206	133
189	339
155	146
65	272
322	308
69	312
145	344
92	52
203	27
239	327
277	102
189	196
248	309
393	12
213	206
287	262
146	300
164	83
292	104
421	49
298	115
281	268
191	204
303	61
382	19
168	293
167	343
152	31
392	67
174	255
216	391
161	282
218	349
383	112
300	177
391	10
138	225
236	278
146	97
185	74
403	255
477	28
353	22
208	101
262	253
171	107
283	152
228	104
232	107
175	15
69	67
163	386
347	20
203	382
136	309
301	112
175	252
159	86
179	258
72	285
400	250
180	233
437	11
182	285
313	21
494	84
160	85
141	141
312	219
224	333
350	200
442	41
362	183
219	137
370	311
153	299
189	71
407	240
246	24
139	261
267	328
249	292
69	76
105	34
182	357
202	210
175	133
313	30
192	115
265	131
254	273
506	85
182	54
382	334
166	225
176	251
194	13
412	244
304	379
329	325
242	257
278	286
416	110
205	209
226	182
137	369
246	328
305	240
236	182
238	107
277	122
353	57
278	120
389	43
93	55
169	4
153	309
249	310
305	15
199	277
200	248
148	120
77	174
335	288
141	39
400	239
383	20
183	91
538	70
77	63
150	256
299	13
155	256
156	127
322	275
109	366
456	107
75	105
165	231
403	27
70	241
73	83
237	277
399	79
204	21
485	113
215	72
142	344
330	24
331	289
166	354
447	53
177	78
251	195
179	286
181	249
437	111
293	298
258	220
131	387
423	12
188	29
373	23
410	3
249	25
211	228
283	204
233	183
235	26
308	252
130	386
183	193
351	245
336	13
192	247
194	336
216	136
289	153
73	84
146	258
203	386
313	275
350	55
260	270
208	386
461	112
297	73
136	329
216	55
363	184
145	13
201	248
220	140
257	190
148	14
226	208
372	119
427	49
376	114
342	332
72	288
200	373
198	10
165	280
114	368
258	256
82	60
210	9
193	71
305	283
72	250
255	220
187	340
378	387
214	229
271	102
182	18
76	254
96	351
130	12
223	377
229	29
319	159
156	166
286	108
252	287
145	6
402	34
458	71
293	331
242	293
133	146
134	32
172	294
300	243
392	20
412	79
452	54
198	13
222	135
350	344
295	119
213	21
72	225
127	14
165	146
206	108
244	295
154	30
355	252
213	134
69	129
215	230
218	243
471	88
74	233
388	201
195	138
86	58
341	247
291	104
202	248
402	29
293	143
186	331
424	50
408	268
138	214
67	68
140	310
343	243
200	355
222	309
204	224
296	12
189	148
67	213
216	238
70	66
71	80
296	326
168	198
403	55
244	302
67	303
195	313
234	260
70	221
439	8
169	105
278	325
171	192
210	285
376	24
266	27
196	216
197	214
289	285
205	22
173	109
447	41
231	364
254	104
420	13
331	23
332	159
367	331
78	335
462	117
264	220
138	279
391	75
158	295
272	12
76	148
311	165
205	301
408	49
281	293
210	133
102	362
67	276
189	30
233	60
217	205
219	241
309	383
112	21
166	310
243	247
171	370
317	271
337	14
504	84
555	95
149	343
153	89
192	12
155	176
158	159
197	277
72	135
162	281
186	147
207	204
463	118
68	211
150	100
193	220
196	191
125	15
141	351
70	207
327	290
384	33
367	54
226	28
244	246
155	24
266	13
393	200
361	310
147	258
222	208
228	255
282	326
195	14
159	28
239	290
190	311
265	220
430	108
68	218
107	33
496	83
186	13
150	127
70	198
289	183
71	204
400	265
219	207
367	63
280	121
389	313
172	191
171	352
191	312
505	84
252	314
415	30
161	202
201	134
164	321
366	310
233	245
216	347
469	55
508	86
398	237
239	299
205	146
425	49
334	21
337	343
351	183
133	256
196	30
359	55
161	20
73	154
163	280
536	72
149	128
260	133
134	289
192	312
233	23
341	350
195	277
71	197
75	142
243	202
171	345
155	22
138	98
173	192
194	71
177	5
68	298
234	62
217	337
455	108
76	103
149	354
208	226
223	208
405	29
176	256
377	27
87	58
179	342
144	345
73	325
309	108
399	238
185	54
180	133
104	34
234	208
240	247
537	71
313	218
261	26
209	345
139	280
73	108
336	287
171	350
268	262
70	323
199	211
147	281
316	26
262	369
151	91
207	307
391	23
230	5
267	13
286	379
249	105
377	28
141	97
289	120
162	230
553	97
223	110
205	132
189	202
227	107
269	370
113	368
351	202
208	7
407	228
319	326
414	110
75	188
131	254
300	369
231	305
179	234
236	393
364	214
202	9
383	74
381	378
258	336
208	208
80	336
150	354
137	340
217	25
253	288
145	351
92	53
75	87
257	104
170	353
189	195
317	14
194	142
357	183
375	312
235	208
272	102
348	350
406	241
100	36
338	219
137	54
286	28
415	109
551	95
313	341
132	255
315	73
248	20
393	237
415	242
144	319
182	283
401	266
369	331
138	341
446	209
430	32
395	78
529	89
289	10
456	112
184	341
457	70
96	55
152	318
138	292
194	137
215	310
363	329
165	83
147	5
173	147
374	75
122	16
394	29
175	14
139	271
197	29
240	107
75	170
245	214
541	94
229	71
391	237
321	187
72	286
147	300
313	20
427	108
211	203
84	59
304	172
69	297
180	300
70	114
253	135
327	26
203	8
294	284
188	233
450	54
195	361
236	208
237	297
221	111
311	237
374	66
69	75
145	32
221	128
409	14
67	125
344	331
182	277
369	325
186	277
151	127
155	309
139	226
89	57
269	261
180	299
315	293
278	102
233	108
251	285
195	366
144	6
70	132
327	160
146	227
238	208
557	89
117	380
261	103
197	15
471	47
259	17
225	222
317	304
162	146
200	321
126	14
401	253
240	291
259	190
354	311
227	63
318	305
191	13
301	242
237	394
353	56
278	121
463	55
191	146
283	110
237	208
292	141
384	113
225	102
264	273
177	251
215	178
234	329
292	327
311	16
367	119
77	173
295	250
409	24
335	158
227	362
320	24
379	333
71	293
401	246
169	293
354	206


