# Persisting
214	377
489	91
144	229
53	53
456	108
37	358
129	26
260	369
333	218
372	256
283	103
467	57
179	54
347	393
331	339
149	184
351	321
316	274
465	115
217	280
220	182
310	304
94	54
205	113
82	179
100	281
323	250
342	255
71	290
398	61
93	358
131	386
294	114
117	96
226	329
318	291
263	27
452	80
326	291
130	387
330	251
351	244
354	184
146	204
111	345
77	206
260	271
297	72
9	9
100	206
247	105
250	104
384	393
154	370
209	111
318	236
233	302
13	13
107	261
125	179
127	179
161	311
179	221
76	281
181	193
240	328
171	55
282	222
156	385
301	221
361	114
163	132
400	109
93	144
96	225
144	98
225	137
151	186
190	115
229	28
269	11
344	244
236	66
114	281
187	53
136	139
306	16
324	250
144	256
180	220
415	205
147	342
367	243
209	241
283	221
251	321
453	80
366	57
208	55
450	108
180	389
95	225
117	345
298	72
156	190
158	3
196	261
382	40
111	33
98	54
119	33
174	308
342	351
144	178
349	338
295	111
267	67
86	261
113	345
116	261
283	67
179	18
349	393
117	290
86	50
124	225
345	244
326	54
398	110
184	54
242	340
226	250
192	54
234	106
473	88
149	3
184	276
169	192
478	90
151	287
123	281
341	322
325	24
256	102
166	311
192	323
364	244
311	74
149	342
424	33
134	10
322	215
88	206
159	22
384	260
314	390
377	240
142	229
73	290
98	225
81	290
100	26
338	253
465	56
157	386
176	53
361	255
197	54
129	225
238	136
292	222
134	114
172	372
194	114
68	293
303	340
323	55
473	57
291	30
206	175
316	14
284	103
105	371
325	291
145	370
346	111
147	370
202	101
347	218
169	372
247	317
324	109
115	96
170	192
87	261
181	277
271	66
273	28
346	340
185	261
382	245
132	260
81	225
134	117
100	144
247	67
319	187
175	221
434	105
281	29
105	372
394	337
159	4
252	253
199	109
255	16
290	286
152	291
105	261
378	240
347	320
116	281
465	42
202	181
383	246
134	108
47	47
139	371
126	225
275	326
296	65
405	28
199	106
112	281
111	179
185	53
375	254
527	88
34	361
364	391
77	261
387	245
134	281
373	383
339	195
451	80
344	54
92	281
256	66
312	31
364	73
223	331
136	205
395	194
89	179
185	205
26	369
407	257
246	220
323	187
109	225
203	100
169	148
370	66
117	33
375	247
450	42
268	101
345	256
308	188
133	386
153	342
210	353
335	15
18	377
382	238
131	225
422	31
28	367
339	185
177	54
237	20
202	54
221	378
77	96
138	228
212	99
235	66
290	299
92	54
148	256
185	71
187	234
188	212
158	370
418	26
20	375
349	71
167	192
26	26
374	113
105	54
250	67
106	281
287	145
270	251
145	53
342	110
292	300
383	237
242	274
262	26
84	206
102	144
346	219
350	393
284	66
12	383
175	358
213	100
18	18
111	206
113	144
186	70
188	211
248	318
358	328
161	55
362	330
109	281
163	311
255	334
313	236
403	110
336	187
192	261
485	91
431	243
181	370
82	281
100	179
449	109
416	82
108	179
163	21
128	17
441	78
332	286
355	71
105	345
162	327
329	187
112	261
384	245
294	285
187	248
188	234
425	21
339	110
305	341
362	181
94	179
311	236
225	107
415	82
347	111
274	325
79	225
133	179
317	310
412	110
274	11
185	233
442	79
228	137
301	301
301	248
175	372
115	281
132	12
84	261
216	181
359	72
77	290
133	43
121	179
125	54
77	179
225	221
189	260
89	144
351	112
118	261
122	261
116	144
156	292
265	27
284	222
272	67
36	36
204	24
260	282
354	22
337	54
246	104
139	309
399	314
165	387
259	25
226	220
230	65
126	54
114	179
190	356
299	15
230	208
103	290
305	239
72	206
91	225
456	109
129	25
183	202
365	333
116	290
188	247
405	257
190	247
428	243
115	33
295	285
99	206
544	65
191	235
266	101
322	70
323	108
339	242
341	218
413	242
273	221
279	67
282	286
304	250
447	55
160	4
93	357
274	116
365	181
455	55
261	191
301	280
321	55
356	392
250	320
306	238
108	345
453	109
254	221
457	106
350	170
152	354
189	248
333	285
120	225
33	33
158	344
271	27
384	64
367	23
86	46
158	22
58	337
275	205
316	108
372	113
104	281
214	281
72	290
163	54
343	255
80	290
196	54
402	203
119	261
84	281
446	79
50	345
123	206
140	96
344	70
143	53
255	272
136	370
340	242
185	336
459	81
225	249
282	183
86	144
110	225
80	281
336	110
122	281
239	377
152	187
7	7
118	144
320	327
304	385
141	306
146	370
261	67
119	179
155	55
103	96
256	24
304	239
125	281
363	57
254	103
296	14
350	321
464	42
399	60
93	225
313	187
169	222
243	67
98	281
278	29
218	248
22	22
78	179
280	102
189	116
121	345
86	51
328	157
186	336
422	81
78	290
246	254
176	358
341	111
144	170
235	107
326	70
401	202
114	206
406	110
101	281
135	51
356	23
145	205
114	33
150	99
100	28
281	299
390	391
122	225
113	290
296	222
149	228
171	372
111	54
207	345
244	24
355	55
119	54
191	389
380	21
400	59
309	31
331	14
207	206
322	327
268	66
430	107
383	393
77	281
206	71
316	342
100	27
485	52
125	13
362	244
134	115
266	11
105	225
127	206
312	325
206	172
54	341
474	89
80	261
104	54
359	56
350	112
98	290
30	365
106	290
362	255
470	116
295	300
134	106
279	29
490	91
491	91
454	109
229	137
233	251
181	54
199	108
360	71
241	196
186	18
320	186
525	88
381	245
182	389
419	392
186	389
149	255
369	24
117	261
134	109
280	66
174	233
124	345
533	89
437	52
275	252
59	59
150	342
447	79
86	206
90	261
142	385
309	106
348	219
259	272
63	63
283	182
345	318
118	206
120	281
156	354
104	179
394	110
151	228
249	254
343	54
415	14
55	55
3	392
39	356
351	22
298	174
227	28
101	96
137	228
528	89
76	290
43	43
79	290
135	12
375	246
124	54
251	371
331	187
388	245
129	281
96	281
83	206
376	68
390	245
103	179
140	370
107	225
393	234
326	13
149	370
328	54
184	336
183	232
115	206
115	261
336	54
445	55
360	188
254	370
81	179
99	281
561	105
177	221
303	62
158	386
112	33
390	236
86	96
203	132
114	345
5	390
244	66
423	108
300	172
102	96
395	64
165	192
169	133
152	256
228	107
325	69
470	56
255	132
186	54
95	144
478	40
561	98
249	288
176	192
194	54
178	220
341	197
141	371
126	179
236	106
328	326
75	281
220	281
397	62
575	92
117	281
392	77
107	290
128	18
188	116
387	393
10	385
174	372
89	54
90	281
199	73
258	102
425	20
406	22
154	55
304	61
35	360
74	206
113	281
258	25
124	261
160	310
286	12
306	301
168	278
187	18
369	61
135	281
282	258
175	134
106	206
87	96
322	237
343	218
381	259
400	244
93	281
130	261
183	247
227	393
306	341
325	55
92	179
293	30
114	96
440	9
133	42
207	55
334	240
135	385
562	98
359	216
416	242
272	220
201	202
471	41
348	111
227	208
401	243
276	152
115	368
294	70
318	311
452	108
312	236
98	206
62	333
211	72
330	326
409	109
102	290
196	248
89	290
125	206
127	318
167	372
387	111
448	79
374	380
467	74
164	234
113	179
183	197
115	179
257	67
353	55
99	96
194	235
303	106
342	19
290	13
128	261
202	308
277	326
352	393
81	144
172	233
335	240
358	179
75	261
95	261
315	108
388	110
300	248
318	342
66	64
89	225
159	55
108	144
159	386
255	67
93	356
274	117
494	119
204	246
295	66
206	246
281	221
135	206
302	16
57	57
112	290
312	250
169	234
187	336
170	309
216	139
269	191
110	54
113	261
98	179
61	61
116	345
118	54
321	237
526	89
86	47
399	267
274	221
183	53
330	14
78	206
408	257
65	299
301	74
49	49
194	388
252	370
362	72
182	247
21	374
169	277
204	237
84	96
11	384
47	348
163	371
143	370
181	389
112	345
399	41
332	252
6	389
100	96
283	119
339	18
253	19
470	86
310	218
41	41
151	355
299	282
466	115
85	261
13	382
217	360
275	286
150	185
298	222
45	45
264	66
229	107
230	107
199	146
241	341
420	26
234	137
144	204
56	339
327	238
170	234
117	225
244	290
360	244
88	281
141	305
198	345
380	239
84	144
102	206
124	319
359	245
180	54
551	97
129	346
131	33
299	221
135	371
48	347
358	55
164	191
165	311
111	144
113	206
240	376
474	77
405	110
299	106
85	96
487	91
91	281
309	189
333	252
46	46
321	327
148	183
480	90
151	202
443	78
86	48
106	345
361	329
364	255
112	96
293	378
418	205
227	250
300	220
323	216
413	70
253	220
272	325
255	103
311	305
41	354
258	191
350	329
118	368
275	10
421	23
100	29
320	342
361	244
342	54
128	179
276	107
350	22
80	225
299	186
262	66
444	79
302	341
207	344
10	10
250	253
187	260
300	106
105	281
215	281
166	221
152	145
120	261
391	263
380	244
309	325
97	96
134	112
335	218
85	281
113	96
206	173
315	390
373	73
251	254
456	80
348	198
353	245
64	64
119	368
302	62
379	239
145	257
457	55
60	335
167	222
81	281
99	179
119	225
103	54
92	261
9	386
134	107
301	15
85	290
393	246
468	75
434	103
272	283
93	290
285	102
90	206
108	225
199	111
380	36
399	226
97	144
354	244
173	283
445	43
174	12
124	33
306	188
126	261
436	101
117	206
360	215
124	144
451	109
363	255
273	11
240	66
130	225
294	222
404	61
98	96
227	137
300	382
84	179
180	17
221	209
205	55
78	319
223	221
391	27
61	334
194	187
213	56
267	102
345	317
309	303
436	108
111	290
296	300
353	112
176	220
363	244
185	277
295	221
314	326
82	225
156	146
395	196
469	85
271	195
20	20
367	256
367	191
402	110
245	105
390	313
319	56
231	138
234	183
350	219
223	107
371	114
231	27
361	72
362	326
74	281
19	376
168	147
83	96
340	196
195	260
225	183
338	110
376	69
393	233
175	234
448	109
197	185
419	243
422	108
153	3
279	152
137	345
264	26
104	345
88	179
35	35
108	206
146	98
198	72
326	157
333	325
334	109
157	55
88	290
235	213
309	236
399	110
314	217
116	368
460	72
81	261
408	30
127	261
352	70
78	225
317	290
29	366
307	299
129	386
184	233
66	296
271	326
257	102
335	110
282	102
121	54
266	252
122	345
445	79
87	179
381	39
310	237
94	206
446	54
343	111
454	54
105	206
394	235
128	19
111	96
83	281
283	299
285	67
181	18
4	391
260	220
279	287
268	12
197	114
346	393
275	66
314	235
117	368
461	72
104	144
357	55
251	67
124	179
361	204
384	21
424	108
333	14
245	220
282	259
121	281
79	144
432	107
110	179
97	206
118	179
101	345
102	345
120	206
470	75
220	377
350	70
390	71
122	33
106	368
361	181
451	55
204	114
192	388
121	290
246	134
106	54
96	96
97	281
6	6
207	281
261	331
464	73
15	380
364	324
261	220
335	69
543	127
194	145
492	91
226	107
320	236
32	363
437	241
317	326
335	155
337	69
127	142
327	109
400	227
113	33
186	233
369	191
360	113
413	25
73	281
183	196
166	132
24	371
315	308
213	247
88	261
306	324
273	66
331	340
301	63
270	220
293	325
148	3
193	260
16	379
93	355
274	114
370	62
396	110
166	191
331	252
429	242
124	96
224	220
99	290
86	44
106	144
178	261
305	61
451	42
550	96
24	24
352	112
190	389
65	298
251	220
107	179
125	261
414	205
366	74
28	28
324	13
92	225
94	261
258	66
315	159
98	261
153	355
260	191
265	12
177	146
195	248
16	16
92	144
316	291
101	206
120	345
359	255
324	291
363	181
476	57
441	9
338	54
323	237
252	221
102	54
152	370
84	290
358	202
267	220
145	98
92	290
364	114
115	54
278	326
176	146
214	99
141	385
237	66
37	37
459	72
318	157
232	137
325	250
343	320
363	59
239	275
115	225
300	117
421	109
192	208
319	312
357	245
394	65
123	261
471	109
311	217
369	114
99	345
210	281
193	375
104	225
86	49
433	107
142	312
218	361
351	55
62	62
120	33
328	238
368	389
352	244
120	144
374	336
92	206
110	96
76	144
310	61
477	89
460	55
100	30
567	95
54	54
146	354
418	82
333	69
281	103
103	144
34	34
365	255
368	242
206	171
207	347
209	72
137	206
282	379
103	225
417	27
115	290
334	15
67	199
381	112
94	225
193	208
358	255
325	14
134	113
154	230
279	6
466	84
174	221
458	103
261	370
279	119
444	54
89	206
125	290
94	345
203	114
477	58
150	309
226	378
219	281
147	228
168	191
169	55
336	219
389	111
339	54
450	79
347	54
293	222
77	225
122	96
468	84
89	281
143	385
271	252
382	75
120	54
264	102
160	55
199	110
274	67
187	277
187	216
299	73
173	282
462	82
174	13
233	138
431	107
396	63
399	18
148	229
390	110
321	290
177	371
417	204
311	61
313	326
314	188
150	229
245	254
412	14
106	225
328	187
110	290
256	253
312	341
38	357
383	64
8	387
118	290
209	179
83	179
391	26
449	55
462	42
345	70
91	179
332	324
463	73
191	116
122	144
345	316
128	225
329	109
183	261
385	246
332	14
265	67
361	215
272	251
219	209
80	206
281	67
337	110
157	283
123	96
359	323
419	205
83	261
283	327
103	261
158	255
292	31
349	218
314	108
134	132
120	179
212	281
460	82
151	309
120	290
410	241
123	319
414	82
351	392
151	255
82	290
389	235
121	261
466	56
215	2
313	14
388	21
376	256
69	291
216	308
236	276
386	392
208	99
337	190
265	252
547	95
330	288
354	113
156	370
177	358
475	89
203	380
298	15
64	331
248	24
317	236
319	216
407	110
179	247
363	114
93	261
353	184
66	297
367	390
97	179
259	220
442	43
202	286
339	219
196	304
132	226
80	179
333	20
137	140
320	55
85	206
466	42
341	180
269	66
128	20
418	242
479	90
245	67
282	255
563	98
108	368
307	237
325	187
128	387
409	240
212	310
366	390
133	47
388	236
562	105
160	131
15	15
237	107
354	329
372	24
282	256
157	255
357	391
417	82
182	233
113	54
203	180
464	83
120	96
137	371
355	113
304	167
201	289
207	128
119	290
228	27
67	328
463	42
151	146
117	179
140	385
412	241
110	345
43	352
151	3
134	386
88	225
469	113
163	4
146	52
474	108
385	2
88	144
158	194
307	251
109	368
387	262
305	324
76	206
276	67
368	74
151	342
302	301
252	271
287	118
417	243
164	310
402	50
208	280
102	179
103	206
293	300
295	71
7	388
121	96
191	54
193	72
211	281
229	207
87	225
180	261
395	110
199	54
183	199
463	56
234	301
90	54
362	173
493	91
203	384
408	66
86	42
397	32
471	57
149	309
100	261
355	23
338	69
269	102
93	354
240	341
274	115
405	81
423	11
209	251
464	56
46	349
52	343
73	206
254	271
532	89
165	235
148	309
116	225
282	66
355	245
357	217
358	217
127	345
312	107
355	322
319	157
213	309
86	45
297	221
44	351
209	99
176	372
342	321
385	21
209	252
373	27
143	129
272	28
311	341
168	221
330	238
420	108
353	71
99	144
317	57
155	386
356	244
291	300
331	325
99	225
124	290
268	191
221	249
222	249
377	112
123	33
140	308
303	301
90	225
253	371
53	342
343	330
400	201
456	54
90	144
401	110
296	324
471	87
275	111
167	133
117	144
45	350
157	292
14	381
344	255
130	179
132	179
560	105
155	370
228	207
300	300
161	146
324	237
363	58
147	355
352	329
173	309
394	264
86	281
162	371
91	206
4	4
408	47
381	238
111	368
246	66
465	83
286	67
89	261
142	313
197	209
199	237
203	246
166	387
187	71
372	73
230	27
449	42
144	370
218	281
352	320
225	377
99	54
351	71
377	243
107	54
161	4
252	67
164	55
239	136
132	387
100	31
118	225
279	326
19	19
202	132
58	58
279	8
157	310
221	281
207	346
392	14
247	254
307	189
93	351
574	93
277	67
133	281
50	50
126	281
453	55
237	341
421	30
189	18
136	386
101	144
416	205
567	87
168	328
132	281
206	256
209	55
101	225
322	187
112	144
366	255
221	221
42	42
189	329
300	281
103	281
86	179
105	375
152	288
86	290
87	144
161	22
308	163
435	102
128	345
403	81
102	281
319	342
234	378
218	208
134	105
154	309
119	144
248	253
344	219
458	111
222	220
338	18
305	219
253	272
398	246
257	24
349	199
366	113
136	33
263	102
374	241
375	253
187	389
152	342
475	117
331	287
95	206
501	99
394	245
469	74
293	284
167	311
297	300
153	55
135	131
267	11
253	254
399	245
113	225
313	108
337	323
121	33
410	68
305	301
287	286
323	327
470	42
146	129
380	259
112	54
129	261
147	98
96	261
184	110
241	67
335	324
304	301
356	183
179	232
114	290
81	96
87	206
162	310
324	55
201	260
203	24
152	309
206	55
245	24
119	345
230	137
379	244
324	70
362	324
327	187
119	206
304	341
231	106
286	30
362	215
378	113
204	72
52	52
182	261
114	144
186	261
411	258
159	255
307	341
351	169
117	54
262	252
337	189
353	23
481	90
147	3
296	284
102	261
266	66
106	261
108	33
273	252
220	208
419	109
148	98
422	10
297	246
190	54
304	219
198	54
112	179
352	55
82	96
302	240
380	74
256	370
8	8
209	310
236	214
219	182
571	93
202	287
387	236
281	287
389	75
12	12
106	179
158	55
87	290
305	30
200	201
308	61
365	391
95	290
205	72
227	378
83	225
180	247
128	21
331	69
78	281
150	369
252	20
310	75
482	90
263	67
506	84
159	370
128	206
146	229
475	57
39	39
333	187
133	46
408	110
191	248
198	145
291	68
329	326
166	371
27	27
282	257
140	282
396	236
197	146
181	232
473	108
294	66
277	10
243	291
303	240
31	31
488	90
308	237
36	359
238	106
327	14
21	21
402	227
280	326
191	144
319	272
391	312
75	206
213	281
57	338
257	272
295	248
228	378
341	69
107	206
413	109
270	67
439	242
118	281
391	111
303	249
158	195
341	54
111	225
183	201
349	54
209	281
389	21
49	346
122	368
74	290
97	54
297	65
316	235
122	54
144	385
162	55
367	114
95	281
299	242
444	7
322	250
324	327
186	247
192	71
138	370
109	179
129	29
94	281
183	198
95	96
208	71
282	120
193	248
122	206
285	221
23	372
33	362
86	43
433	77
257	191
224	182
80	144
136	130
376	113
85	225
401	226
93	353
441	110
375	376
467	84
215	377
181	116
457	110
242	66
25	370
156	310
123	368
433	245
253	23
472	56
175	54
360	323
361	174
363	190
438	241
294	31
132	206
317	342
135	179
248	67
106	33
17	378
97	290
188	18
205	246
207	246
105	290
452	68
80	96
67	295
194	248
200	132
255	284
336	324
123	179
257	137
79	206
318	327
160	22
185	18
168	54
225	366
193	389
91	261
329	69
111	261
131	260
205	309
97	225
167	55
354	71
300	15
191	189
393	78
196	72
205	390
332	69
334	218
354	54
266	26
107	345
142	311
363	172
133	133
207	343
444	43
83	144
449	80
90	290
276	265
301	383
232	26
363	391
115	144
262	191
411	13
322	55
379	74
181	261
151	370
448	54
108	96
126	206
75	290
348	393
560	97
82	144
286	286
198	113
101	261
304	105
109	144
254	253
327	217
440	78
496	91
303	16
197	72
327	291
76	225
297	175
120	368
125	225
239	105
186	359
188	71
301	171
93	350
148	354
404	257
25	25
188	54
144	52
143	228
253	67
255	254
335	54
29	29
231	65
215	139
201	54
93	96
312	15
152	3
100	345
389	245
17	17
91	54
109	96
198	208
199	226
116	54
189	328
206	176
226	137
138	205
156	55
105	374
197	280
330	187
42	353
152	289
334	20
462	73
266	220
195	389
250	370
328	109
256	271
111	281
95	179
132	370
338	241
358	244
198	184
296	176
371	331
153	188
134	110
136	281
299	173
121	368
321	216
358	71
397	110
110	281
455	109
149	355
223	209
85	144
139	206
180	335
327	55
336	69
104	33
325	109
364	56
96	144
78	96
405	240
337	218
139	281
450	68
87	281
94	96
334	324
318	215
382	112
424	27
397	248
133	371
299	64
356	55
139	385
375	245
14	14
349	112
150	3
188	261
478	59
319	327
174	133
103	33
340	184
359	187
430	243
142	370
184	111
221	182
275	152
276	10
317	216
358	113
306	75
127	225
237	22
330	69
186	206
259	67
78	261
155	146
108	261
144	129
144	342
198	387
270	12
261	252
101	290
300	73
362	325
253	103
109	290
453	42
312	188
386	245
79	96
189	53
101	179
446	11
322	109
127	281
365	73
130	206
458	54
335	187
391	245
340	54
342	219
227	9
106	96
400	18
474	57
96	54
338	322
232	107
123	345
183	277
461	83
279	379
335	19
302	279
364	180
368	191
297	245
334	345
82	206
195	72
414	273
180	233
455	81
32	32
109	206
308	341
94	290
370	113
300	63
213	208
128	317
202	284
98	144
189	71
389	74
267	328
292	336
55	340
475	80
439	78
479	55
65	330
101	54
229	65
105	179
395	236
396	246
91	96
109	54
182	276
186	276
264	11
69	275
107	96
252	21
315	290
79	261
371	74
174	54
177	261
363	324
255	370
182	54
309	251
96	179
315	236
133	45
64	300
262	126
124	206
476	89
96	290
104	290
195	54
124	368
362	391
396	314
416	110
181	247
383	111
97	261
259	191
559	104
174	387
86	225
178	53
90	179
411	82
344	111
110	33
129	179
327	158
131	179
384	112
153	309
118	33
265	102
340	219
184	18
150	145
326	109
92	96
110	206
150	256
134	206
279	185
456	107
129	27
183	200
168	234
121	206
356	217
377	257
288	286
126	345
170	133
315	250
245	373
249	319
227	221
109	33
93	359
366	191
3	3
258	220
437	111
353	218
138	140
103	345
51	344
216	281
164	22
129	28
579	91
192	247
502	99
128	281
292	178
369	75
350	55
131	206
333	54
226	208
325	327
363	73
382	392
93	352
222	331
114	368
459	55
145	228
308	251
255	220
114	54
131	281
79	281
104	96
284	380
359	114
271	102
182	18
94	144
298	64
316	250
409	67
173	234
545	65
339	254
268	373
434	77
200	237
110	368
2	393
319	236
105	144
452	54
112	206
256	190
334	54
134	179
411	241
358	392
253	190
109	345
200	54
165	146
184	261
149	99
121	225
67	294
175	388
198	346
147	53
368	113
280	29
388	262
248	220
191	260
318	14
361	323
196	209
402	29
204	145
245	134
373	113
483	90
249	67
104	261
340	110
148	342
406	81
67	213
122	290
89	96
396	31
147	205
294	300
331	239
119	281
248	372
105	96
285	380
184	70
171	192
316	309
195	115
178	233
323	70
289	285
348	70
480	54
212	56
305	189
363	60
145	385
181	221
76	261
95	54
115	345
260	25
190	261
264	220
283	287
194	261
159	191
236	341
403	60
153	370
249	371
360	255
365	114
165	21
202	340
152	54
406	257
100	225
318	56
177	18
86	52
233	378
346	244
110	261
114	261
116	33
171	387
206	167
63	332
484	90
345	111
326	187
22	373
410	110
90	96
368	23
334	186
226	28
465	74
68	292
346	255
222	208
385	393
206	174
189	334
100	290
283	380
232	250
123	54
107	144
108	290
452	42
273	326
329	238
438	77
187	207
376	335
339	69
122	319
411	109
107	33
162	387
472	109
93	206
497	91
116	206
123	225
51	51
134	116
389	313
390	2
156	129
178	146
344	353
287	67
434	104
183	18
369	242
352	22
371	242
459	112
105	373
125	319
108	281
397	314
112	225
204	383
403	226
152	290
170	372
266	278
112	368
149	128
297	15
191	208
31	364
366	334
134	111
118	96
320	215
466	74
194	71
23	23
298	185
210	71
211	354
234	65
199	107
148	369
370	74
260	253
278	67
118	345
280	286
193	54
11	11
375	255
409	272
59	336
207	72
100	54
261	26
317	109
123	290
395	313
108	54
162	4
40	355
5	5
78	144
102	225
158	104
324	187
362	114
345	218
395	195
276	326
296	71
370	242
152	385
79	179
288	118
397	247
328	13
110	144
38	38
332	186
227	107
375	244
140	95
273	119
113	368
77	319
404	81
121	144
213	378
414	110
184	112
129	206
220	220
77	144
227	329
119	96
282	299
232	327
30	30
125	345
199	200
237	21
165	328
454	80
150	354
190	320
247	220
143	257
98	345
116	179
317	14
463	83
301	340
214	181
217	138
338	219
392	245
162	22
290	67
415	109
2	2
313	341
170	54
81	206
104	206
270	101
348	55
27	368
157	130
529	89
114	225
404	240
134	370
196	114
141	228
238	198
383	337
88	96
451	68
486	90
183	389
321	187
395	246
179	261
56	56
271	221
208	206
260	66
85	179
396	79
553	84
93	179
96	206
60	60
352	184
233	107
450	54
472	87
435	77
1	394
201	114
202	285
168	133
332	54
404	110
99	261
389	73
48	48
157	370
105	33
274	251
282	260
340	69
107	281
147	309
256	220
154	385
155	309
302	249
252	22
381	75
91	144
40	40
153	386
173	372
122	179
467	43
418	38
329	14
133	44
44	44
411	205
123	144
215	181
311	27
278	287
335	346
317	251
409	23
395	228
252	190
566	88
162	146
254	67
352	199
116	96
133	206
83	290
91	290
336	16
63	71
109	261
145	129
329	55
93	54
168	371
460	113
443	43
124	281
82	261
84	225
234	15
130	281
257	220
258	271
366	181


# Decay
106	319
68	327
101	319
319	391
500	99
121	319
288	147
318	273
416	37
192	330
251	133
150	203
299	117
199	22
247	134
95	319
344	329
72	334
115	319
129	99
110	319
412	30
392	235
308	20
224	365
311	264
136	51
345	315
576	75
408	23
226	367
131	314
109	319
543	126
382	312
88	319
142	317
554	98
83	319
584	89
146	163
189	136
296	247
179	336
143	309
206	231
342	154
375	23
433	11
82	319
241	26
243	330
118	319
97	319
249	272
203	228
290	380
209	253
397	250
436	71
144	309
399	40
158	197
472	76
445	238
144	174
91	319
246	316
86	319
564	90
157	199
230	391
414	26
365	56
407	264
543	64
142	315
243	25
336	154
105	319
100	319
170	291
120	319
153	23
233	204
271	282
144	171
357	201
307	61
342	347
393	66
398	18
308	107
67	309
221	363
287	12
69	314
94	319
114	319
404	4
274	203
220	307
542	67
575	100
363	214
271	193
207	380
414	29
108	319
421	51
103	319
193	329
337	153
369	173
159	352
296	110
373	64
160	281
376	70
229	370
205	144
81	319
296	116
347	199
173	284
117	319
96	319
137	100
568	86
332	156
284	153
319	32
129	52
168	78
344	147
503	83
191	325
179	334
90	319
224	17
85	319
126	319
129	316
144	175
240	25
308	296
405	49
248	288
130	315
279	7
213	110
438	52
534	89
500	89
273	284
334	69
421	81
192	19
79	319
104	319
177	95
99	319
207	125
357	182
516	85
265	280
144	172
395	336
249	189
412	49
150	24
131	13
93	319
139	99
113	319
250	287
69	313
68	311
309	62
383	312
447	66
201	120
206	113
319	29
282	1
254	334
320	271
107	319
420	51
102	319
201	182
216	378
265	220
194	279
436	14
264	371
403	12
285	152
160	292
232	209
201	237
237	215
80	319
423	26
246	332
116	319
111	319
552	84
420	205
188	143
266	277
206	309
202	288
240	184
192	374
570	85
89	319
415	36
201	341
84	319
283	153
520	86
191	337
175	93
388	313
147	182
237	19
146	309
181	103
275	266
314	307
413	48
342	244
126	143
119	319
98	319
179	135
198	225
267	372
373	69
407	204
158	196
144	173
436	113
389	72
92	319
174	10
259	140
87	319
112	319
407	48
248	273
226	8
216	27
220	104
224	107
142	314
274	285
282	261
290	249
350	337
338	331
279	103
249	23


# Growth
134	104
550	136
183	203
403	26
288	13
179	155
206	24
375	386
173	358
228	13
404	29
478	119
258	323
450	3
506	100
235	181
464	121
379	34
425	19
572	108
105	377
305	164
230	371
171	231
236	303
285	252
380	37
189	317
200	119
400	43
201	246
295	376
398	27
375	117
350	325
171	24
128	99
585	88
304	114
218	313
298	369
213	2
365	208
415	273
405	267
416	73
242	254
271	197
542	82
553	90
207	310
451	3
569	95
292	367
130	139
441	25
431	10
206	166
276	298
86	41
286	106
375	114
256	283
288	379
297	116
259	329
548	57
72	263
367	73
418	271
235	141
393	231
251	23
567	89
563	105
378	384
206	135
448	13
464	119
554	83
565	99
376	386
201	121
286	109
319	1
370	65
338	194
288	249
398	313
171	22
376	334
286	144
383	2
420	24
224	393
505	130
217	310
477	80
72	226
393	232
407	317
194	298
579	72
243	194
384	331
141	307
179	148
206	23
556	84
271	376
202	388
390	39
319	14
157	191
394	339
425	40
508	85
106	378
333	350
262	273
294	369
478	39
479	38
372	382
490	52
307	298
272	376
343	198
367	69
437	13
369	335
235	145
403	28
279	299
430	36
142	309
235	302
430	14
426	22
199	104
400	45
234	201
509	90
571	90
173	280
219	14
144	169
377	338
171	26
306	28
139	53
222	19
294	112
179	117
277	379
416	75
411	273
551	63
267	280
553	88
223	394
351	328
506	87
224	305
295	371
140	94
199	127
202	122
221	5
180	116
468	126
284	181
480	112
207	392
297	370
235	143
345	341
367	49
356	202
154	155
132	134
206	18
449	14
581	71
377	385
479	119
442	39
197	225
161	349
572	90
144	167
212	208
375	242
93	348
208	132
233	277
185	313
514	84
560	86
505	128
359	176
344	342
219	314
564	98
403	25
566	104
179	150
206	21
313	290
506	89
581	106
387	75
503	128
266	279
363	56
367	335
310	343
478	79
396	26
590	89
478	81
564	105
367	71
227	14
242	195
338	152
549	135
580	91
391	25
343	352
196	225
295	372
355	184
366	209
443	26
199	128
432	37
442	244
582	107
332	295
545	59
171	28
241	254
339	356
306	26
333	155
208	309
353	326
73	319
280	299
437	20
549	63
134	103
589	88
366	51
200	182
570	105
416	273
480	81
568	89
558	85
581	92
185	362
207	12
134	8
286	110
425	34
442	26
580	104
219	25
87	40
217	128
139	181
235	341
171	140
479	60
541	81
549	56
285	182
340	349
342	198
417	74
131	135
154	153
459	102
184	361
394	197
403	18
179	147
206	16
377	36
201	130
578	73
378	35
424	42
441	38
544	82
427	23
571	106
105	369
93	346
480	61
267	326
268	149
208	134
376	338
171	133
375	337
378	247
171	32
447	12
364	191
488	51
476	78
285	143
289	180
443	246
471	121
307	297
71	320
158	192
364	206
543	82
299	168
403	27
505	89
179	152
448	145
355	201
431	36
464	120
425	44
142	310
250	271
351	326
275	297
235	200
200	118
268	327
201	387
289	250
427	34
145	20
377	333
303	189
309	294
171	25
260	331
197	131
410	25
73	225
340	355
206	391
371	335
410	273
395	70
519	85
296	375
574	110
368	67
460	102
509	86
388	76
132	35
401	44
207	164
393	338
202	246
133	34
375	248
199	130
331	294
202	127
375	115
378	249
433	38
171	30
257	283
274	113
335	348
547	63
422	26
183	71
235	138
552	88
481	119
154	156
464	118
185	360
426	29
450	14
286	108
578	102
271	151
171	232
422	33
221	394
398	312
184	313
171	23
376	333
298	116
354	325
217	311
428	79
406	315
272	151
210	26
396	197
252	322
518	85
482	118
141	308
448	3
505	86
404	315
179	149
206	22
201	128
404	23
390	38
507	88
420	82
219	16
275	290
573	110
582	91
481	62
463	122
334	156
378	245
171	34
217	312
551	88
214	132
353	328
285	141
587	88
568	105
179	154
449	146
545	83
235	180
580	88
484	117
572	109
105	376
430	9
488	112
380	38
171	230
199	105
431	12
189	316
165	80
219	15
144	168
337	193
385	337
375	116
381	1
394	24
171	27
304	115
334	349
140	53
195	280
278	378
365	207
505	96
271	196
411	34
553	89
130	136
427	29
286	107
362	56
222	394
140	93
291	366
423	41
382	1
303	162
385	332
341	354
259	328
468	125
138	181
100	25
367	72
561	86
209	26
214	1
297	371
235	140
133	101
154	154
417	272
559	85
425	28
174	358
304	188
369	66
370	336
452	12
257	326
555	84
161	350
375	243
248	189
312	306
203	126
261	272
429	24
208	131
289	379
362	205
379	339
393	23
420	25
182	70
217	309
447	3
395	25
321	1
384	2
214	131
480	118
72	227
562	87
443	245
407	316
247	189
212	129
131	139
439	23
480	108
411	48
308	295
256	325
507	100
179	151
206	20
569	104
443	54
258	327
373	384
188	208
163	222
338	351
71	264
146	20
310	342
410	26
236	147
423	19
586	88
220	315
253	323
367	68
235	144
289	13
367	181
314	291
545	81
235	182
440	24
391	52
198	132
140	303
173	279
295	373
199	129
375	118
429	36
171	29
306	29
368	181
294	113
266	325
134	102
366	50
550	63
566	101
578	87
127	98
95	345
554	87
339	151
374	256
189	208
508	100
390	40
206	165
403	240
286	105
295	370
428	24
363	55
199	126
356	185
444	27
591	88
223	18
259	330
321	14
384	337
235	142
410	48
568	95
154	152
403	19
451	13
206	19
581	70
580	72
201	131
257	324
251	272
424	41
196	281
571	107
342	353
275	289
426	35
508	89
557	84
93	347
592	88
364	47
404	268
208	133
423	32
218	129
514	85
378	246
441	243
191	374
171	33
234	341
421	26
428	75
365	191
489	51
435	11
194	297
250	22
213	130
394	70
588	89
479	81
71	228
403	24
419	82
179	153
184	204
235	179
581	105
293	368
171	229
205	25
200	117
415	76
380	1
222	5
278	299
166	81
339	350
378	338
410	24
208	11
212	1
397	26
71	318
367	70
235	146
300	169
579	88
411	33
373	256
405	27
298	167
402	239
501	128
442	54
391	24
368	66
430	13
139	302
132	34
428	35
375	249
199	131
378	248
422	41
259	141
171	31
337	352
306	27
260	142
72	319
373	382
274	112
369	182
548	63
199	183
437	19
409	48
235	139
190	373
505	100
211	208
304	163
313	307
464	117
579	103
358	325
360	175
134	9
219	24
162	222
171	233
232	276
504	129
591	90
310	344
265	372
288	179
72	224
101	24
399	42
577	74
368	334
504	95
451	15
206	17
449	3
201	129
400	30
424	43
567	104
392	52
483	117
105	368
219	17
284	251
267	149
93	345
502	129
582	90
363	205
231	372
375	336
378	244
223	305
266	373
476	79
285	142
471	120


# Irregular
194	295
158	193
143	354
184	369
425	9
171	86
172	88
414	37
471	76
200	145
148	145
439	39
407	30
210	310
264	280
178	194
160	345
416	14
397	36
182	335
202	204
185	140
166	355
280	184
67	80
175	147
401	239
437	110
233	182
69	269
181	105
145	309
75	97
241	310
170	250
206	99
172	87
433	242
141	257
73	91
129	140
203	389
239	217
220	331
96	345
183	369
241	135
407	23
466	122
358	180
198	248
181	336
310	267
111	19
403	257
135	259
392	110
302	170
140	257
306	25
162	191
71	283
90	343
420	17
148	321
296	31
133	313
209	248
246	338
375	378
139	14
328	69
518	83
386	48
477	113
205	257
69	135
289	145
73	92
201	23
130	13
439	53
224	208
132	313
222	106
336	148
227	304
172	221
139	345
196	286
272	198
143	91
365	23
273	200
164	295
221	306
223	137
206	339
170	7
210	110
238	298
205	99
387	64
245	188
286	299
548	90
72	147
231	377
195	21
220	59
180	359
437	112
224	62
442	109
297	339
498	126
373	24
266	328
432	11
431	77
175	278
512	96
287	328
315	326
190	235
355	255
542	92
63	123
174	90
158	325
434	242
198	347
70	219
197	236
397	79
254	23
219	19
292	379
257	370
261	282
392	28
231	374
514	81
71	265
202	72
348	255
204	340
186	142
205	237
539	91
169	257
462	115
227	64
391	77
67	212
321	27
214	133
305	276
326	217
386	2
170	288
316	327
209	379
192	221
174	93
159	326
202	145
198	237
401	314
189	315
65	245
392	3
68	326
126	387
417	13
205	230
539	80
210	243
304	116
158	292
236	137
146	161
332	239
561	92
216	101
74	335
129	293
384	43
239	253
276	105
111	381
170	97
140	342
86	53
215	100
142	316
343	19
162	80
200	259
368	255
296	108
257	332
208	254
380	338
154	342
137	310
65	305
130	137
155	332
306	61
474	81
240	372
170	387
171	19
64	119
192	188
228	64
65	127
395	388
141	205
74	176
238	25
421	18
187	371
333	240
194	195
195	294
216	108
287	180
72	102
199	342
515	81
220	249
279	5
565	97
189	333
173	94
282	327
213	71
354	255
171	8
467	123
394	313
286	150
287	300
198	308
71	62
460	42
190	135
446	109
502	94
161	387
439	22
115	17
244	254
299	381
83	56
232	339
196	377
365	244
186	364
243	373
278	222
248	104
178	98
168	20
258	138
276	288
442	8
190	319
338	348
138	257
174	14
68	194
270	375
472	117
435	107
351	199
153	324
410	224
68	81
69	109
342	69
490	50
267	252
288	327
147	89
203	340
166	344
495	114
138	99
359	329
182	311
76	96
249	103
310	107
239	307
96	35
174	17
304	16
68	201
302	74
159	146
397	387
345	319
254	323
113	382
348	329
295	338
152	228
371	24
313	217
277	264
343	70
71	189
436	17
169	77
495	123
461	55
315	58
136	258
302	371
429	78
68	274
181	136
464	116
379	259
469	56
311	272
281	152
200	72
478	57
443	9
153	227
262	144
359	181
143	98
184	113
170	76
243	219
154	255
155	231
288	31
179	310
276	251
388	42
269	281
72	171
386	64
190	208
194	376
68	63
230	379
268	28
145	164
146	298
147	255
330	293
133	48
303	384
433	52
490	47
164	279
75	180
311	15
422	22
315	72
227	369
301	117
233	327
329	289
254	190
331	217
428	15
234	202
472	81
201	72
295	377
188	277
226	64
171	250
412	224
365	64
314	341
315	65
540	81
136	311
174	260
250	189
341	183
398	38
66	238
270	28
224	335
280	379
317	31
135	120
212	224
200	125
330	343
295	374
156	325
232	302
70	285
311	29
560	92
100	365
154	200
358	24
468	115
160	255
72	262
346	173
437	18
165	354
168	111
166	5
370	23
186	217
430	51
69	273
68	133
70	106
163	235
148	285
77	337
477	108
259	370
278	103
206	15
265	18
302	105
157	4
307	30
291	248
436	77
74	319
153	255
261	102
227	279
375	72
177	193
286	118
182	370
419	28
402	60
311	26
386	335
316	71
174	278
565	89
218	308
164	147
132	100
297	374
498	91
301	241
233	203
326	251
290	335
438	10
350	184
389	41
212	246
378	33
67	131
236	199
219	332
274	292
572	86
336	347
465	121
283	30
375	65
142	343
200	250
436	251
185	138
136	300
245	283
144	284
169	292
353	199
207	228
206	238
65	128
247	333
158	198
141	182
361	391
290	326
154	3
281	326
157	22
195	351
433	248
412	258
346	356
309	272
400	314
220	333
237	275
331	338
188	313
153	201
280	10
299	301
192	353
334	253
407	25
358	178
390	51
397	35
308	21
272	201
71	140
437	252
189	278
523	87
299	247
474	115
184	138
437	109
331	109
294	115
115	383
278	153
390	264
231	219
286	329
69	268
183	195
296	339
241	309
313	160
117	16
445	110
195	324
146	256
164	103
130	51
313	273
150	54
154	189
194	20
358	181
216	57
196	237
145	3
219	4
137	281
501	88
300	323
393	314
161	131
513	86
71	282
308	387
312	273
294	106
151	386
194	310
231	208
214	136
70	86
73	261
386	49
149	88
226	304
431	52
217	248
181	311
387	50
208	379
196	287
272	199
277	186
64	244
137	258
392	22
231	376
359	391
70	62
547	133
69	254
512	97
142	17
336	253
264	191
174	91
140	31
159	344
198	344
440	43
337	18
530	89
214	109
219	18
238	306
510	98
555	99
154	325
136	179
65	243
173	114
392	29
144	179
74	60
276	186
205	236
223	6
247	337
376	241
307	219
182	115
170	289
356	255
177	337
69	136
439	10
132	296
168	343
354	392
169	111
154	150
378	258
341	254
175	193
140	344
201	145
419	38
219	107
189	314
153	86
172	278
155	189
67	79
302	188
363	62
398	30
71	257
309	22
349	255
574	87
209	226
156	84
391	69
216	247
125	387
74	182
130	100
371	63
206	124
317	71
212	355
340	152
177	135
195	288
470	122
236	25
276	106
385	261
294	180
154	292
390	22
137	127
192	324
140	343
301	30
504	86
344	202
402	13
296	109
133	139
134	11
217	58
327	69
202	123
256	133
183	143
205	339
208	142
337	347
67	197
140	181
69	233
290	179
346	20
143	343
311	188
386	21
210	378
322	13
140	4
213	356
341	330
70	205
179	99
269	221
72	103
159	311
476	108
374	386
88	39
197	198
220	105
347	172
208	246
264	125
119	15
105	370
217	3
167	78
176	94
393	21
268	121
146	144
386	236
263	253
230	303
217	221
71	206
400	267
328	291
165	5
146	342
366	325
332	109
208	350
154	227
192	338
263	274
374	389
505	90
161	371
172	259
318	187
360	56
413	82
305	166
236	301
163	192
258	139
370	388
152	292
261	142
393	30
174	15
68	195
217	181
332	21
188	191
171	145
151	293
393	111
68	82
69	108
341	348
289	334
471	119
436	11
153	129
407	65
120	385
566	96
270	150
130	294
189	350
173	388
380	34
397	252
145	355
457	81
205	382
262	271
65	65
229	328
209	206
68	202
70	167
408	15
209	351
264	329
397	19
71	188
180	104
289	327
165	55
576	87
298	31
317	273
233	340
349	171
353	168
206	129
190	351
210	393
66	130
432	78
413	36
165	222
205	130
333	333
210	207
546	94
67	161
512	82
360	181
144	28
270	326
291	223
357	327
457	43
219	362
440	109
145	162
348	321
443	8
171	143
496	122
244	274
191	192
372	335
364	65
184	114
239	25
148	88
206	281
540	92
139	352
181	144
273	151
257	253
222	377
167	296
80	338
190	326
210	55
84	55
176	304
72	172
162	255
240	136
147	145
188	213
409	224
192	144
428	17
229	378
159	131
144	19
496	113
137	52
174	147
360	203
196	132
181	360
276	28
168	296
278	264
316	187
135	299
246	188
67	113
155	255
377	67
392	70
434	10
72	281
211	394
156	231
147	297
412	25
196	350
220	68
277	251
278	251
559	94
156	22
145	342
202	385
76	336
330	218
239	329
402	242
279	263
410	82
378	21
307	19
363	331
273	103
110	19
201	386
221	20
166	234
134	259
374	73
139	257
510	82
238	183
167	329
188	389
541	92
228	329
232	183
157	232
341	182
305	106
196	325
140	352
398	39
200	341
221	331
494	91
424	243
405	63
392	391
66	239
121	386
231	182
159	224
253	133
239	342
138	301
381	33
146	285
202	283
320	157
374	64
108	20
219	59
312	60
440	241
510	85
311	28
298	243
172	147
157	225
468	124
131	100
136	121
246	372
356	71
135	227
157	146
232	205
139	228
68	134
70	107
159	233
364	332
256	333
366	24
114	17
129	14
441	268
423	243
210	179
319	279
263	191
67	157
194	322
251	287
362	189
90	38
345	355
327	343
198	378
147	21
219	131
571	86
421	41
298	107
64	303
155	85
196	292
70	277
199	281
330	21
511	86
294	247
262	12
66	78
139	140
176	333
323	14
469	115
179	277
352	217
205	206
189	372
297	373
66	308
545	132
140	229
218	107
131	295
133	349
281	380
207	143
318	390
215	223
326	326
218	26
401	29
274	293
292	143
147	26
238	217
280	4
136	350
264	275
266	123
485	117
429	18
200	251
242	311
206	380
134	50
409	30
245	282
379	335
395	31
348	21
119	385
211	224
66	248
67	250
71	105
129	24
170	330
262	220
177	308
361	23
194	340
237	199
311	250
166	278
331	341
190	71
192	354
407	24
411	221
415	72
397	34
438	251
476	42
311	107
239	67
170	19
169	387
151	23
524	88
395	20
198	22
150	286
410	14
217	69
145	299
237	378
309	162
203	54
314	31
477	118
230	278
378	391
195	327
262	102
285	287
286	104
197	248
490	114
199	260
310	265
442	241
98	34
246	289
155	354
247	24
545	62
191	352
306	23
307	274
438	109
313	63
222	334
208	163
214	137
366	52
351	255
389	3
192	193
63	124
392	313
213	335
140	97
412	273
434	249
70	230
290	31
166	256
297	183
174	192
254	18
224	65
386	336
167	355
284	29
193	279
67	64
342	346
307	164
274	103
367	326
354	217
209	247
230	250
160	386
359	23
69	253
287	330
224	378
188	336
207	99
406	204
211	100
175	74
378	66
195	309
142	129
71	229
144	91
126	369
274	188
221	67
404	18
370	328
297	184
406	266
337	17
203	258
149	322
408	271
144	180
256	136
313	73
186	313
205	235
226	336
133	297
247	336
410	27
67	214
376	242
213	27
163	353
219	307
128	370
349	22
187	359
425	107
190	144
134	312
263	145
268	220
215	248
307	75
471	82
75	336
238	252
292	285
294	178
276	108
207	25
154	151
229	12
569	90
223	249
207	339
155	329
447	42
573	94
314	64
477	41
208	136
243	273
278	186
319	108
267	122
68	215
234	251
285	12
74	183
188	358
315	342
337	242
357	255
195	236
143	3
184	389
475	108
294	181
155	4
137	126
140	336
379	392
68	312
161	352
130	346
203	237
208	240
206	170
150	322
300	288
211	336
177	96
158	130
196	388
325	237
256	134
76	319
310	388
348	207
297	324
171	21
64	73
463	115
211	138
373	241
301	372
175	303
69	232
67	196
308	218
240	197
293	69
385	236
134	298
562	91
248	133
267	192
178	336
196	186
270	282
288	331
291	179
418	108
238	341
404	47
193	322
176	134
413	274
197	197
289	300
570	90
220	106
258	331
277	221
189	331
155	327
373	388
320	390
228	250
267	27
135	350
324	216
469	43
176	277
383	32
187	192
99	34
133	260
190	314
284	299
157	83
175	308
69	209
285	30
411	31
387	22
245	289
504	101
565	104
217	333
200	307
415	27
185	193
370	255
405	17
175	332
197	260
162	294
200	386
383	41
132	36
499	91
69	218
234	212
418	15
237	329
188	371
260	128
171	144
170	258
191	221
502	87
503	95
212	377
159	292
289	333
218	221
490	48
70	316
471	118
367	65
88	54
161	192
414	242
218	332
113	18
203	144
458	104
242	374
386	262
316	30
284	119
68	164
214	335
325	216
162	234
329	157
205	381
386	76
169	356
408	225
512	92
269	374
344	393
435	114
281	262
69	84
396	388
550	88
237	136
184	108
544	129
300	373
173	54
375	30
429	76
184	219
204	281
479	108
321	70
232	210
175	338
68	163
346	70
350	255
167	387
171	113
170	357
187	215
66	329
67	160
69	204
381	21
536	89
277	287
171	142
190	190
446	4
429	52
122	13
199	308
146	320
75	177
166	328
577	87
153	146
226	63
500	127
245	316
245	193
174	248
344	174
163	105
219	68
274	28
462	55
483	110
176	305
177	389
158	225
289	118
397	237
187	313
169	342
337	191
389	51
321	389
70	150
164	386
221	26
131	347
154	85
85	341
179	71
345	184
435	241
329	342
218	182
575	86
244	220
67	112
323	26
344	320
162	132
183	115
168	99
258	253
368	326
187	116
117	384
191	19
484	111
410	32
211	378
158	232
160	82
509	97
182	137
438	39
224	330
205	179
371	64
226	280
211	180
428	9
543	128
286	251
362	328
70	137
143	205
307	18
220	363
497	125
116	383
151	157
210	337
178	358
180	70
270	192
307	387
419	16
71	170
150	128
353	321
136	228
156	255
138	5
175	248
341	181
196	326
159	82
306	386
396	251
224	7
405	62
151	99
444	239
392	392
282	254
160	105
305	250
413	14
218	102
327	23
348	184
166	147
164	254
247	273
301	323
194	328
141	282
364	24
223	280
390	76
305	17
344	20
241	105
204	123
153	101
154	285
245	279
320	13
483	52
123	13
324	343
273	377
437	16
184	247
425	243
232	206
69	287
180	310
162	348
435	38
273	266
200	23
386	43
169	329
206	13
481	111
67	156
230	183
345	354
163	295
219	130
202	259
169	7
152	201
133	41
70	266
310	293
511	81
386	333
469	114
161	254
126	13
434	52
240	294
206	229
262	331
297	372
319	69
447	144
214	357
179	389
531	88
381	65
163	146
306	250
554	91
298	285
482	110
336	19
235	177
73	174
208	392
338	186
211	56
446	43
214	71
107	379
200	252
172	309
409	29
500	90
245	281
339	348
216	359
469	123
417	109
180	194
164	132
77	59
247	335
138	129
374	381
175	260
215	358
235	25
435	52
127	31
71	104
308	302
129	31
243	105
278	119
578	92
134	349
210	162
303	117
293	15
107	368
235	327
397	33
200	227
419	12
202	203
476	43
458	81
243	135
172	300
319	250
342	329
513	83
141	92
197	308
494	116
349	324
406	64
389	392
207	239
304	75
68	252
346	55
327	251
365	324
74	144
185	115
188	136
337	149
300	31
286	222
433	247
235	175
399	80
168	356
167	148
81	339
407	16
320	250
310	270
131	50
138	32
545	61
321	157
191	355
365	172
459	43
373	28
82	56
393	393
430	77
158	310
68	251
218	69
240	218
405	204
150	385
229	392
212	336
503	100
140	98
70	231
552	98
237	184
165	102
404	20
244	331
355	328
216	2
142	302
163	80
330	54
259	14
231	378
146	27
385	111
204	229
223	27
295	115
209	246
392	338
211	246
229	251
375	332
250	336
512	99
71	87
143	143
241	293
150	87
340	321
125	96
141	304
470	110
147	386
75	225
245	332
545	94
341	243
219	20
202	228
275	221
207	341
65	241
301	187
158	145
106	21
205	234
386	110
499	126
140	129
380	112
142	30
292	68
185	390
154	101
213	139
345	328
71	221
238	328
112	18
440	52
294	179
276	109
209	393
409	81
356	328
154	148
303	323
233	373
229	11
196	196
217	377
91	38
402	16
556	100
155	328
178	116
343	345
220	4
350	245
242	25
280	262
281	184
229	338
242	104
170	221
387	337
207	112
172	54
102	366
266	191
394	389
140	15
217	209
127	370
271	121
222	66
387	43
279	9
137	125
504	88
140	337
556	99
204	131
242	330
258	369
427	17
390	338
456	42
256	135
203	125
573	86
257	15
295	30
574	92
171	20
64	74
409	257
211	141
247	289
138	282
236	328
221	60
314	59
315	187
174	114
195	299
68	110
288	332
236	18
190	18
357	72
68	288
179	146
382	64
148	53
206	178
479	112
189	330
155	326
174	332
199	113
220	26
385	75
204	380
208	135
243	286
65	117
230	338
103	367
69	208
323	342
163	279
310	15
75	60
240	253
112	381
502	93
397	31
235	377
371	329
245	288
357	113
305	75
202	24
165	345
186	363
424	18
244	104
135	139
155	130
214	309
178	97
548	96
74	94
132	37
208	126
322	343
69	217
418	12
318	70
194	208
490	49
274	152
516	82
475	114
172	357
193	339
458	105
186	370
317	391
262	370
430	19
140	205
87	54
307	324
474	41
384	236
331	55
351	184
421	10
84	340
321	315
503	87
69	83
345	173
235	375
184	109
152	22
544	130
135	311
341	153
469	84
198	199
200	290
164	371
128	15
147	285
398	80
237	24
271	194
385	45
151	87
186	192
318	278
377	32
285	119
489	113
549	96
144	143
508	96
180	136
308	325
348	172
259	283
187	214
546	92
69	203
362	327
329	22
347	339
76	179
242	135
496	124
149	158
295	324
190	191
407	224
193	188
138	385
287	149
476	114
227	182
245	192
407	81
249	133
322	158
395	252
394	230
416	71
380	392
163	104
344	175
165	372
185	219
265	147
212	110
232	218
341	19
176	306
142	92
126	97
287	380
273	294
241	284
149	54
315	274
408	240
406	26
135	7
177	277
215	309
72	61
200	114
255	322
291	285
401	55
70	151
169	19
128	292
189	389
172	8
100	32
373	334
233	14
214	56
382	20
238	377
152	100
360	391
161	234
197	342
396	266
71	317
385	63
224	1
427	107
163	254
312	217
98	364
406	29
207	178
371	67
194	133
547	68
398	267
219	378
237	300
239	184
242	185
150	22
295	378
226	392
151	156
337	192
482	53
283	12
379	112
384	31
191	321
176	337
469	111
420	242
149	386
225	305
169	310
559	97
355	217
284	286
358	326
69	166
144	3
148	128
221	107
313	250
373	336
374	70
391	337
414	71
200	207
364	168
199	290
510	91
312	62
222	26
311	30
245	278
228	370
138	13
234	25
225	330
316	58
388	2
283	252
156	102
69	286
141	129
332	218
205	281
189	234
67	159
200	103
219	133
274	296
244	187
133	40
318	108
70	267
271	190
275	187
205	123
316	66
173	18
138	52
287	30
473	118
329	217
240	295
204	309
423	21
209	137
374	379
194	296
254	285
145	319
517	84
478	112
133	347
134	347
67	132
86	341
72	89
472	41
235	176
73	173
199	387
314	250
439	42
171	287
193	145
176	247
196	301
361	189
160	326
160	145
200	253
222	4
444	6
409	28
320	28
245	280
212	26
177	72
303	278
93	361
185	248
275	378
330	109
169	297
297	380
277	29
209	130
247	334
251	190
142	3
163	327
182	106
129	30
152	286
63	72
191	135
67	310
233	66
87	342
272	189
327	327
384	76
461	114
318	30
429	9
411	223
286	103
308	16
402	45
63	302
501	92
124	387
513	82
434	39
494	117
349	323
298	381
155	284
375	377
235	17
418	393
183	220
167	6
406	48
433	246
234	276
142	181
235	174
291	144
412	222
177	233
379	21
290	117
308	31
201	227
220	137
310	271
245	191
134	34
427	52
263	330
300	241
228	278
178	72
545	60
174	302
288	67
71	279
142	98
420	29
311	292
276	378
190	277
263	12
374	332
70	85
162	353
225	28
393	70
103	23
507	96
309	218
169	98
170	112
133	12
171	258
118	15
377	391
340	253
196	282
251	103
468	42
232	372
485	110
94	36
231	373
179	371
229	303
214	134
127	53
181	71
438	21
478	108
195	224
141	303
96	363
223	365
244	339
376	22
232	379
250	134
486	111
379	35
342	149
200	281
219	23
110	380
311	389
473	42
207	340
389	337
189	318
65	240
177	116
549	89
186	138
331	21
295	107
205	233
64	125
372	241
210	244
445	5
211	309
68	234
145	284
101	366
394	78
142	142
145	90
276	110
153	285
154	149
137	123
338	150
86	54
468	56
344	198
200	256
402	17
130	138
204	133
556	101
280	152
207	349
155	331
397	266
343	344
71	258
437	78
136	12
320	313
376	251
102	33
391	70
563	90
212	180
396	19
70	190
131	371
193	222
195	293
274	377
314	160
137	124
263	281
410	258
140	338
565	100
142	256
206	168
427	16
412	81
69	325
328	22
165	295
203	124
167	82
314	73
260	13
262	281
121	14
302	384
303	169
432	52
288	222
196	21
272	120
68	216
308	273
291	379
293	67
426	107
194	223
411	24
502	91
178	334
214	26
308	75
515	85
303	30
68	111
179	100
395	265
346	329
134	118
227	336
434	106
415	28
381	337
185	369
405	22
427	9
373	386
397	199
199	112
400	53
255	23
239	297
241	375
332	343
298	323
64	66
210	225
135	34
65	116
174	11
232	14
158	282
70	168
236	251
224	280
351	218
70	315
73	101
235	376
180	101
436	15
237	148
367	58
576	92
341	150
342	177
190	336
229	182
377	21
230	12
345	393
508	83
72	186
92	37
201	282
420	39
295	15
208	127
333	344
134	139
279	252
173	281
187	219
97	345
132	38
198	291
145	181
237	252
364	63
80	57
171	146
137	6
322	26
233	26
309	341
168	310
223	334
296	182
577	91
317	277
299	374
70	333
155	343
137	301
282	152
176	261
397	249
143	318
553	99
258	129
205	134
264	253
282	11
375	250
546	66
69	193
252	103
235	217
88	342
364	54
369	389
223	183
444	109
544	131
155	226
161	223
71	334
272	267
237	23
385	44
183	137
156	3
66	129
303	220
217	27
286	380
215	334
438	43
168	6
352	168
316	390
172	387
546	93
67	162
512	85
487	111
73	143
218	58
255	324
426	79
172	18
211	25
372	330
394	20
359	177
197	22
287	148
202	380
422	19
171	330
172	340
62	122
137	129
141	4
163	107
206	143
558	96
137	351
229	278
375	390
233	211
176	307
97	364
282	29
303	74
361	55
142	204
200	115
167	252
262	143
100	33
394	31
163	387
347	21
221	137
355	392
263	371
156	226
339	322
215	26
307	301
164	354
437	12
132	139
116	16
190	332
281	253
141	142
217	101
292	14
167	100
170	341
172	113
264	146
176	116
411	69
73	185
237	299
493	118
293	105
402	256
132	348
97	35
557	98
171	299
153	292
196	305
125	32
159	282
346	319
298	247
301	106
339	331
341	179
72	259
186	218
204	205
439	252
187	143
313	31
369	327
138	345
68	154
69	276
380	65
309	75
147	160
399	201
296	379
168	251
386	46
323	291
69	165
91	344
164	79
310	250
183	360
572	92
151	323
193	134
175	18
398	386
364	169
436	241
365	53
368	172
419	27
311	25
245	277
137	180
193	311
66	114
395	226
270	120
366	172
168	83
229	220
162	346
435	40
143	283
165	255
481	109
63	69
67	331
67	158
195	341
506	95
219	132
136	346
192	279
157	326
69	63
145	28
201	207
200	247
293	337
238	275
354	321
245	286
172	133
66	77
139	129
213	394
469	112
344	343
325	342
306	105
400	238
383	21
169	295
423	20
280	222
66	307
143	181
182	144
204	389
353	392
225	8
298	283
207	136
432	243
72	90
92	344
401	18
171	286
317	158
173	249
156	343
429	15
105	22
196	302
269	27
200	254
309	388
202	206
185	142
73	61
129	371
371	256
474	116
93	360
426	243
209	129
66	247
69	271
324	25
311	326
405	269
228	10
249	336
174	74
195	323
215	209
331	342
335	253
318	31
64	304
157	344
177	247
359	203
215	70
203	205
501	91
250	221
366	65
313	59
349	322
209	250
393	390
123	387
235	16
325	158
146	182
188	349
154	22
69	153
288	299
401	12
74	225
442	269
196	284
416	26
252	286
161	345
273	202
287	103
75	319
310	268
313	390
242	292
245	190
120	14
200	379
109	20
328	251
330	156
168	388
373	26
374	333
67	237
140	141
139	5
251	335
180	276
71	88
78	58
172	75
173	339
63	121
287	223
370	332
315	14
299	287
360	330
196	283
254	17
275	291
403	269
152	86
281	3
372	68
83	340
144	176
289	67
203	72
222	137
259	129
207	255
445	11
410	31
214	135
382	260
186	115
170	290
336	241
210	141
543	93
340	150
198	348
70	220
436	52
165	109
495	92
577	101
406	265
82	339
173	221
356	323
178	309
215	109
569	86
491	115
219	22
199	247
146	385
148	26
458	72
257	130
167	277
392	1
321	109
363	61
312	291
94	362
403	204
348	244
205	232
186	139
64	126
223	2
352	255
206	206
136	6
320	291
150	294
210	245
263	125
272	11
453	68
68	235
165	133
211	110
340	330
198	343
204	55
426	9
245	339
137	122
317	187
231	277
140	340
380	336
200	257
273	189
202	237
402	14
293	178
556	102
276	222
207	348
155	330
162	280
400	56
420	11
573	91
404	205
78	337
320	314
137	385
173	301
546	63
68	210
231	251
70	191
235	252
297	30
208	26
317	67
284	327
195	209
414	13
310	162
183	336
166	296
169	84
276	118
243	253
224	250
371	381
140	339
268	280
412	35
362	24
570	94
164	345
184	194
511	98
206	169
189	335
69	324
72	141
253	285
349	244
369	256
276	287
521	86
303	168
401	80
292	116
183	312
244	314
321	342
374	23
285	328
128	141
170	85
280	120
134	119
191	313
340	18
505	85
235	275
218	377
185	368
367	173
167	256
405	21
260	102
388	51
186	366
173	89
373	385
174	338
69	333
288	103
397	198
400	54
343	148
239	296
332	336
259	253
522	87
64	67
65	75
275	29
155	102
306	275
180	102
73	100
143	18
310	188
439	109
495	112
208	338
171	358
79	58
281	119
62	70
173	193
299	368
347	185
148	385
441	44
204	179
407	270
246	274
322	290
72	187
164	222
149	25
132	39
208	112
481	54
332	335
65	76
375	252
176	73
216	208
74	175
368	59
293	116
318	68
357	23
195	196
340	177
495	121
244	194
317	276
372	63
228	337
68	272
178	135
197	377
252	335
70	322
199	208
326	23
441	53
295	182
133	226
173	75
302	220
141	98
73	335
75	95
403	241
192	134
138	309
211	162
546	67
69	192
234	218
107	21
401	59
382	338
310	31
294	325
216	70
196	146
310	325
222	60
242	285
171	340
383	75
403	316
280	252
228	303
178	17
89	39
363	23
166	109
337	187
357	323
195	376
216	222
197	388
145	166
166	252
406	240
212	394
157	353
285	151
178	371
285	300
550	86
75	178
167	343
461	43
335	332
392	67
376	72
137	128
300	367
159	105
364	204
329	291
166	21
222	182
558	97
559	93
155	292
209	163
395	79
69	289
180	145
398	200
343	184
457	71
241	274
167	110
188	209
337	188
173	259
104	22
231	13
200	116
237	305
475	42
171	309
151	129
263	221
240	106
76	59
389	263
122	386
486	52
344	184
307	300
126	31
128	31
437	11
369	333
349	185
401	268
243	340
240	308
187	137
558	104
189	357
138	351
360	24
548	134
108	379
277	104
171	96
190	220
192	235
357	186
73	184
145	144
312	74
93	37
348	339
261	127
407	240
137	33
246	24
304	324
196	306
81	57
172	331
409	15
155	200
391	235
377	72
546	133
341	178
324	158
141	53
144	300
328	217
125	144
72	260
197	349
128	22
192	115
282	253
68	155
109	380
386	47
427	243
193	20
358	324
158	353
237	216
189	143
170	147
371	388
173	134
70	278
364	170
311	24
277	152
245	276
318	250
66	115
269	121
402	81
421	243
226	182
228	182
428	107
230	219
289	30
162	347
74	98
256	321
169	251
314	14
248	337
376	390
63	68
67	330
85	55
178	388
287	250
214	208
271	11
219	135
167	234
375	71
141	353
71	149
200	248
292	326
458	42
168	257
242	312
225	208
222	3
441	242
245	285
299	323
243	186
154	355
231	339
491	46
165	278
147	320
114	382
169	294
136	100
427	80
247	371
563	114
212	140
157	103
67	249
413	29
236	378
381	393
517	82
172	95
135	101
392	264
266	148
302	117
432	244
307	106
235	178
201	102
255	191
535	89
171	228
176	233
196	303
397	37
200	255
70	256
218	137
185	141
203	282
291	117
210	127
101	33
173	9
156	199
231	328
284	12
396	227
215	57
89	343
346	184
474	117
125	368
274	118
349	328
207	227
209	128
354	200
356	113
265	329
212	139
69	270
487	51
148	296
278	10
171	76
176	17
507	84
199	378
148	159
242	219
171	278
426	18
171	221
191	278
448	43
160	351
161	327
71	139
127	291
310	266
204	99
228	220
179	359
306	24
71	280
184	143
243	313
209	249
265	191
484	53
564	114
124	12
214	138
290	145
326	238
388	392
69	152
470	83
164	108
241	185
149	203
223	377
576	100
544	93
355	324
193	353
195	133
178	247
196	285
382	32
256	15
130	370
148	21
310	269
245	189
64	242
320	108
72	146
345	20
347	255
455	43
222	306
258	283
373	25
66	198
302	31
231	207
67	236
286	181
127	14
164	4
403	46
187	365
63	120
274	266
275	104
408	82
154	129
299	286
321	250
228	392
372	387
302	324
291	104
347	71
281	2
172	285
412	70
231	375
197	291
144	177
343	243
473	80
182	194
201	379
329	251
309	15
538	90
347	244
241	329
279	221
391	391
291	326
241	218
152	128
210	138
193	194
173	331
174	92
214	247
219	248
406	270
304	277
160	191
413	259
294	14
207	342
281	11
210	99
65	246
265	276
417	14
202	114
477	44
298	340
210	242
211	128
400	81
291	335
148	204
170	298
337	253
156	284
378	73
71	222
384	42
275	118
315	31
154	147
192	322
376	31
504	84
429	107
249	220
140	341
270	191
200	258
402	15
366	243
151	55
65	306
212	71
68	332
216	333
180	371
398	227
182	220
400	57
256	131
166	79
353	255
64	118
428	52
467	115
68	211
311	162
331	157
425	80
170	277
152	323
374	29
543	66
319	290
177	333
379	66
234	374
70	207
75	144
316	158
172	192
504	91
160	370
162	106
345	199
219	103
240	283
203	308
259	102
314	273
423	81
301	170
72	142
143	301
146	3
93	349
95	36
132	50
149	22
189	191
377	250
67	200
139	32
269	327
73	145
312	161
347	328
294	337
225	62
244	315
195	300
141	344
198	326
383	261
141	30
346	198
240	274
186	367
95	363
206	177
225	280
189	327
135	346
144	354
398	237
220	21
241	373
332	337
225	393
79	338
289	223
388	338
209	352
192	312
322	1
305	386
341	350
142	353
471	117
143	29
224	137
495	115
155	22
252	132
179	156
342	183
128	52
164	328
291	13
183	107
208	226
320	70
289	103
254	132
399	238
238	66
147	129
74	93
222	280
226	368
191	72
446	143
174	16
230	328
304	31
290	222
399	31
368	60
503	91
175	115
219	221
495	120
333	109
443	110
317	275
387	3
141	16
70	323
142	283
295	177
391	23
104	367
509	82
420	40
194	352
546	64
198	280
127	386
401	58
294	378
149	146
478	56
258	14
225	65
171	141
209	338
137	13
213	181
268	251
328	342
476	118
376	66
158	83
160	233
196	341
253	335
405	47
558	95
300	187
306	219
188	219
547	91
272	102
145	165
74	261
292	105
330	292
310	23
401	51
315	216
153	229
133	49
261	12
492	116
402	268
244	287
269	252
70	290
550	87
182	360
292	248
75	181
118	384
392	68
231	302
160	224
394	229
161	281
415	242
144	319
71	321
329	290
424	10
297	284
134	227
417	394
166	101
350	198
422	243
349	208
189	220
188	210
176	388
306	165
307	17
236	217
70	138
401	52
237	304
537	90
126	290
218	3
557	103
297	107
426	52
173	147
373	331
195	186
196	308
71	169
297	244
99	365
128	16
221	333
391	2
233	218
343	176
397	226
201	308
146	89
277	119
406	16
298	300
213	223
307	22
326	342
219	136
493	116
239	197
478	45
316	216
196	307
234	327
70	284
435	250
454	42
312	389
293	248
149	286
299	340
179	193
345	54
128	23
454	69
222	364
224	27
223	61
204	258
299	30
447	110
288	146
217	108
72	223
161	81
441	270
223	66
206	14
214	222
269	150
198	260
244	372
172	249
64	301
265	124
364	171
424	80
149	295
386	334
245	275
320	1
300	341
191	331
378	334
197	325
455	70
225	335
443	240
193	115
102	23
323	157
161	106
142	52
163	346
74	99
236	183
554	92
165	253
167	20
193	236
232	65
70	255
201	124
219	134
274	295
130	32
244	134
358	186
195	145
178	276
71	148
290	103
200	249
444	10
245	284
393	265
161	293
166	54
169	293
208	179
298	374
209	142


