0	16	2
0	17	2
0	714	1
0	715	1
0	716	1
0	717	1
0	23	2
1	24	2
1	22	2
2	23	2
1	0	2
2	0	2
0	12	1
1	11	1
2	11	1
2	18	1
2	19	1
2	20	1
2	21	1
0	710	1
1	709	1
2	708	1
3	705	1
3	707	1
4	706	1
5	6	2
5	7	2
5	8	2
5	9	2
6	4	2
6	5	2
4	25	1
4	26	1
5	24	1
6	23	1
7	22	1
5	98	1
5	99	1
5	100	1
6	97	1
6	101	1
6	102	1
6	103	1
7	96	1
7	104	1
6	714	2
6	715	2
7	12	2
7	13	2
7	14	2
7	20	1
7	19	1
7	21	1
8	633	1
8	634	1
8	635	1
8	636	1
8	637	1
8	638	1
8	639	1
8	640	1
8	641	1
8	642	1
8	643	1
8	654	1
8	655	1
8	656	1
8	657	1
8	658	1
8	659	1
8	660	1
8	661	1
9	644	1
9	645	1
9	646	1
9	647	1
9	648	1
9	649	1
9	650	1
9	651	1
9	652	1
9	653	1
8	632	1
8	169	2
9	168	2
9	170	2
10	169	2
10	169	2
9	8	2
10	9	2
9	15	2
9	18	2
10	16	2
10	17	2
8	15	2
8	18	2
9	155	1
10	154	1
10	156	1
11	155	1
11	155	1
8	236	1
8	237	1
8	238	1
8	239	1
8	240	1
8	241	1
8	242	1
9	235	1
10	234	1
9	243	1
11	233	1
9	702	1
10	702	1
11	702	1
6	625	1
6	626	1
6	627	1
6	628	1
6	629	1
7	622	1
7	623	1
7	624	1
7	630	1
8	621	1
9	620	1
10	619	1
11	618	1
8	631	1
12	617	1
10	242	1
11	241	1
12	238	1
12	239	1
12	240	1
9	243	1
13	237	1
12	530	3
12	529	3
9	317	1
9	318	1
9	319	1
9	320	1
9	321	1
9	322	1
9	323	1
9	324	1
10	316	1
10	325	1
11	315	1
12	314	1
13	313	1
11	326	1
14	312	1
11	328	2
11	329	2
11	330	2
12	331	2
13	332	2
11	327	2
14	333	2
9	401	2
9	402	2
9	403	2
9	404	2
9	405	2
9	406	2
10	400	2
11	399	2
12	399	2
13	399	2
10	407	2
14	399	2
6	600	1
6	601	1
6	602	1
6	603	1
6	604	1
6	605	1
6	606	1
7	599	1
7	607	1
8	598	1
8	608	1
8	609	1
9	596	1
9	597	1
9	610	1
9	611	1
10	595	1
10	612	1
10	613	1
11	593	1
11	594	1
11	614	1
12	592	1
13	590	1
13	591	1
14	589	1
12	615	1
15	588	1
13	704	1
13	705	1
13	703	1
14	14	1
14	15	1
11	20	1
12	20	1
13	20	1
14	20	1
10	21	1
14	325	4
13	324	4
13	326	4
13	457	1
13	458	1
13	459	1
13	460	1
13	461	1
13	462	1
13	463	1
13	464	1
13	465	1
13	466	1
13	467	1
13	468	1
13	469	1
13	470	1
13	471	1
14	472	1
14	473	1
14	474	1
13	456	1
15	475	1
13	700	1
14	699	1
12	701	1
15	699	1
14	710	2
14	711	2
14	712	2
15	236	1
14	235	1
14	237	1
13	323	2
14	322	2
15	314	2
15	315	2
15	316	2
15	317	2
15	318	2
15	319	2
15	320	2
15	321	2
13	324	2
15	313	2
12	406	2
13	405	2
14	404	2
15	401	2
15	402	2
15	403	2
11	407	2
15	400	2
11	409	1
11	410	1
11	411	1
11	412	1
11	413	1
12	414	1
13	415	1
14	416	1
15	417	1
11	408	1
16	418	1
15	584	1
15	585	1
15	586	1
15	583	1
15	587	1
9	105	1
10	96	1
10	105	1
11	96	1
11	105	1
12	96	1
12	105	1
13	97	1
13	105	1
14	97	1
14	104	1
15	98	1
15	99	1
15	103	1
16	100	1
16	101	1
16	102	1
8	105	1
9	96	1
10	429	1
10	430	1
10	431	1
10	432	1
10	433	1
10	434	1
10	435	1
10	436	1
10	437	1
10	438	1
10	439	1
10	440	1
10	441	1
11	428	1
11	442	1
12	427	1
12	443	1
12	444	1
12	445	1
12	446	1
12	447	1
12	448	1
12	449	1
12	450	1
12	451	1
12	452	1
12	453	1
12	454	1
12	455	1
13	426	1
14	425	1
15	424	1
16	423	1
13	456	1
17	422	1
12	155	2
13	155	2
14	155	2
15	155	2
16	155	2
17	155	2
11	155	2
18	155	2
11	230	1
11	231	1
12	229	1
13	227	1
13	228	1
14	226	1
15	225	1
16	224	1
17	223	1
11	232	1
18	222	1
14	455	3
15	455	3
16	455	3
17	455	3
13	456	3
18	455	3
16	332	1
17	331	1
18	326	1
18	327	1
18	328	1
18	329	1
18	330	1
19	324	1
19	325	1
20	322	1
20	323	1
21	309	1
21	310	1
21	311	1
21	312	1
21	313	1
21	314	1
21	315	1
21	316	1
21	317	1
21	318	1
21	319	1
21	320	1
21	321	1
15	333	1
21	308	1
7	674	1
7	675	1
7	676	1
7	677	1
7	678	1
7	679	1
7	680	1
7	681	1
7	682	1
7	683	1
7	684	1
7	685	1
7	686	1
7	687	1
7	688	1
8	667	1
8	668	1
8	669	1
8	670	1
8	671	1
8	672	1
8	673	1
8	689	1
9	689	1
10	689	1
11	689	1
12	689	1
13	689	1
14	689	1
15	690	1
16	690	1
17	690	1
18	691	1
19	691	1
16	311	1
17	310	1
18	309	1
19	308	1
15	312	1
20	307	1
19	452	2
19	453	2
8	484	1
8	485	1
8	486	1
8	487	1
8	488	1
8	489	1
8	490	1
8	491	1
8	492	1
8	493	1
8	494	1
8	495	1
8	496	1
8	497	1
9	482	1
9	483	1
9	498	1
9	499	1
10	481	1
10	500	1
11	480	1
11	501	1
12	479	1
12	502	1
13	478	1
13	503	1
14	477	1
14	504	1
15	505	1
16	506	1
17	507	1
18	508	1
19	509	1
15	476	1
20	510	1
8	523	1
8	524	1
8	525	1
8	526	1
8	527	1
9	522	1
9	528	1
10	521	1
10	528	1
11	520	1
12	519	1
13	518	1
14	517	1
15	516	1
16	515	1
17	514	1
18	513	1
19	512	1
11	528	1
20	511	1
17	697	1
18	697	1
19	695	1
19	696	1
20	693	1
20	694	1
16	698	1
20	692	1
17	703	2
18	704	2
19	705	2
19	706	2
19	707	2
16	702	2
6	30	1
6	31	1
6	32	1
6	33	1
6	34	1
6	35	1
6	36	1
6	37	1
6	38	1
6	39	1
6	40	1
6	41	1
6	42	1
6	43	1
6	44	1
6	45	1
6	46	1
6	47	1
6	48	1
6	49	1
6	50	1
6	51	1
6	52	1
6	53	1
7	29	1
7	54	1
7	55	1
7	56	1
7	57	1
7	58	1
7	78	1
7	79	1
7	80	1
7	81	1
7	82	1
7	83	1
7	84	1
7	85	1
7	86	1
7	87	1
7	88	1
8	29	1
8	59	1
8	60	1
8	61	1
8	62	1
8	63	1
8	64	1
8	65	1
8	66	1
8	67	1
8	68	1
8	69	1
8	70	1
8	71	1
8	72	1
8	73	1
8	74	1
8	75	1
8	76	1
8	77	1
8	89	1
8	90	1
8	91	1
8	92	1
8	93	1
8	94	1
9	29	1
10	29	1
11	23	1
11	29	1
12	23	1
12	29	1
13	23	1
13	29	1
14	24	1
14	29	1
15	24	1
15	29	1
16	25	1
16	29	1
17	26	1
17	29	1
18	26	1
18	29	1
19	27	1
19	29	1
20	28	1
8	95	1
10	22	1
15	335	1
15	336	1
15	337	1
16	338	1
17	339	1
17	340	1
18	341	1
19	342	1
20	343	1
15	334	1
21	344	1
18	417	1
19	416	1
20	406	1
20	407	1
20	408	1
20	409	1
20	410	1
20	411	1
20	412	1
20	413	1
20	414	1
20	415	1
17	418	1
14	526	2
15	525	2
16	524	2
17	523	2
18	522	2
19	521	2
20	520	2
13	527	2
21	519	2
13	361	1
14	360	1
15	359	1
16	358	1
17	357	1
18	356	1
19	355	1
20	354	1
21	352	1
21	353	1
22	347	1
22	348	1
22	349	1
22	350	1
22	351	1
22	346	1
7	362	1
7	363	1
7	364	1
7	365	1
7	366	1
7	367	1
7	368	1
7	369	1
7	370	1
7	371	1
7	372	1
7	373	1
7	374	1
7	375	1
7	376	1
7	377	1
8	358	1
8	359	1
8	360	1
8	361	1
8	378	1
8	379	1
9	357	1
9	380	1
9	381	1
10	356	1
10	382	1
11	355	1
11	383	1
12	354	1
12	384	1
13	353	1
13	385	1
14	352	1
14	386	1
15	351	1
15	387	1
16	350	1
16	387	1
17	349	1
17	387	1
18	348	1
18	387	1
19	347	1
19	387	1
20	346	1
20	387	1
21	387	1
21	345	1
22	387	1
20	456	2
21	455	2
19	455	2
20	454	2
16	541	1
16	542	1
16	543	1
16	544	1
17	540	1
17	545	1
18	539	1
18	546	1
19	538	1
19	547	1
20	537	1
20	548	1
21	529	1
21	530	1
21	531	1
21	532	1
21	533	1
21	534	1
21	535	1
21	536	1
22	521	1
22	522	1
22	523	1
22	524	1
22	525	1
22	526	1
22	527	1
22	528	1
21	549	1
22	520	1
6	571	1
6	572	1
6	573	1
6	574	1
7	570	1
7	575	1
8	569	1
8	576	1
9	568	1
9	577	1
10	567	1
10	578	1
11	566	1
11	579	1
12	565	1
12	580	1
13	564	1
13	581	1
14	563	1
14	582	1
15	562	1
16	561	1
17	560	1
18	559	1
19	558	1
20	557	1
21	556	1
15	583	1
22	555	1
19	23	2
20	22	2
20	24	2
21	22	2
21	24	2
22	23	2
22	291	1
22	292	1
22	293	1
22	294	1
22	295	1
22	296	1
22	297	1
22	298	1
22	299	1
22	300	1
22	301	1
22	302	1
22	303	1
22	304	1
22	305	1
22	306	1
23	290	1
16	398	2
17	396	2
17	397	2
18	394	2
18	395	2
19	393	2
20	392	2
21	391	2
22	389	2
22	390	2
15	399	2
23	388	2
22	513	1
22	514	1
22	515	1
22	516	1
22	517	1
22	512	1
22	518	1
22	551	1
22	552	1
22	553	1
22	554	1
22	550	1
22	555	1
22	691	3
21	691	3
18	13	2
19	14	2
20	14	2
21	14	2
22	15	2
22	16	2
22	17	2
23	18	2
11	169	1
12	169	1
13	169	1
14	169	1
15	169	1
16	169	1
17	169	1
18	169	1
19	169	1
20	169	1
21	169	1
22	169	1
23	169	1
10	169	1
24	169	1
17	193	1
17	194	1
17	195	1
17	196	1
17	197	1
17	198	1
17	199	1
17	200	1
17	201	1
17	202	1
17	203	1
17	204	1
17	205	1
17	206	1
17	207	1
17	208	1
17	209	1
17	210	1
17	211	1
17	212	1
17	213	1
17	214	1
17	215	1
17	216	1
17	217	1
17	218	1
17	219	1
18	191	1
18	192	1
19	189	1
19	190	1
20	188	1
21	187	1
22	186	1
23	184	1
23	185	1
24	181	1
24	182	1
24	183	1
25	179	1
25	180	1
26	177	1
26	178	1
27	175	1
27	176	1
18	220	1
27	174	1
17	475	1
18	475	1
19	475	1
20	475	1
21	475	1
22	475	1
23	475	1
16	475	1
24	475	1
22	709	2
23	709	2
5	137	1
5	138	1
6	136	1
6	139	1
6	140	1
6	141	1
7	134	1
7	135	1
7	142	1
8	133	1
8	143	1
9	133	1
9	144	1
10	133	1
10	145	1
11	133	1
11	146	1
12	133	1
12	147	1
13	133	1
13	148	1
14	133	1
14	149	1
15	133	1
15	150	1
16	133	1
16	151	1
17	133	1
17	152	1
18	132	1
18	153	1
19	131	1
20	130	1
21	129	1
22	128	1
23	127	1
24	126	1
19	154	1
25	125	1
21	156	4
22	157	4
23	158	4
24	159	4
20	155	4
25	160	4
9	244	1
9	245	1
10	246	1
11	247	1
12	248	1
13	249	1
14	250	1
15	251	1
16	252	1
17	252	1
18	252	1
19	252	1
20	252	1
21	252	1
22	252	1
23	252	1
24	252	1
9	243	1
25	253	1
17	276	1
17	277	1
17	278	1
17	279	1
17	280	1
17	281	1
17	282	1
18	274	1
18	275	1
18	283	1
19	273	1
19	284	1
20	272	1
20	285	1
21	261	1
21	262	1
21	263	1
21	264	1
21	265	1
21	266	1
21	267	1
21	268	1
21	269	1
21	270	1
21	271	1
21	286	1
22	258	1
22	259	1
22	260	1
22	287	1
23	257	1
24	255	1
24	256	1
23	288	1
25	254	1
23	31	2
24	31	2
25	31	2
6	108	1
6	109	1
6	110	1
6	111	1
6	112	1
6	113	1
6	114	1
7	107	1
7	115	1
8	116	1
9	117	1
10	118	1
11	119	1
12	120	1
13	121	1
14	121	1
15	121	1
16	121	1
17	121	1
18	121	1
19	121	1
20	121	1
21	121	1
22	121	1
23	121	1
24	122	1
25	123	1
7	106	1
26	124	1
25	161	1
25	162	1
25	163	1
25	164	1
25	165	1
25	166	1
25	167	1
25	160	1
25	168	1
25	171	2
25	172	2
25	170	2
26	173	2
25	465	1
25	466	1
25	467	1
25	468	1
25	469	1
25	470	1
25	471	1
25	472	1
25	473	1
25	474	1
16	582	1
17	581	1
18	580	1
19	580	1
20	580	1
21	579	1
22	578	1
23	577	1
24	576	1
25	574	1
25	575	1
26	573	1
15	583	1
27	572	1
25	17	2
26	17	2
27	127	1
27	128	1
27	129	1
27	130	1
27	131	1
27	132	1
27	133	1
27	134	1
27	135	1
27	136	1
27	137	1
27	138	1
27	139	1
27	140	1
27	141	1
27	142	1
27	143	1
27	144	1
27	145	1
27	146	1
27	147	1
27	148	1
27	149	1
27	150	1
27	151	1
27	152	1
27	153	1
27	154	1
27	126	1
27	155	1
26	159	4
27	158	4
25	160	4
27	157	4
23	556	1
24	557	1
25	558	1
26	559	1
27	560	1
27	561	1
27	562	1
27	563	1
27	564	1
27	565	1
27	566	1
27	567	1
27	568	1
27	569	1
27	570	1
27	571	1
22	555	1
27	572	1
28	573	1
27	572	1
19	421	1
20	421	1
21	421	1
22	421	1
23	421	1
24	421	1
25	421	1
26	421	1
27	421	1
28	421	1
29	421	1
18	421	1
30	422	1
23	430	1
23	431	1
23	432	1
23	433	1
23	434	1
23	435	1
23	436	1
24	429	1
25	428	1
26	427	1
27	426	1
28	425	1
29	424	1
30	423	1
14	616	1
15	616	1
16	616	1
17	616	1
18	616	1
19	616	1
20	616	1
21	616	1
22	616	1
23	616	1
24	616	1
25	616	1
26	616	1
27	617	1
28	618	1
29	619	1
13	616	1
30	620	1
10	631	1
11	631	1
12	632	1
13	632	1
14	632	1
15	632	1
16	632	1
17	631	1
18	631	1
19	631	1
20	631	1
21	630	1
22	629	1
23	628	1
24	627	1
25	626	1
26	625	1
27	624	1
28	623	1
29	622	1
9	631	1
30	621	1
28	708	3
29	709	3
29	710	3
29	711	3
29	125	2
30	124	2
31	124	2
28	125	2
32	124	2
25	288	1
26	287	1
27	287	1
28	287	1
29	287	1
30	286	1
31	286	1
24	288	1
32	285	1
24	511	1
25	510	1
26	510	1
27	511	1
28	511	1
29	511	1
30	511	1
31	511	1
23	511	1
24	375	1
25	376	1
26	377	1
27	378	1
28	379	1
29	380	1
30	381	1
31	382	1
32	383	1
33	384	1
25	387	1
26	387	1
27	386	1
28	386	1
29	385	1
30	385	1
31	385	1
32	385	1
24	387	1
33	384	1
20	221	1
21	221	1
22	221	1
23	221	1
24	221	1
25	221	1
26	221	1
27	221	1
28	222	1
29	222	1
30	222	1
31	222	1
32	222	1
33	222	1
19	221	1
24	345	1
25	345	1
26	345	1
27	345	1
28	345	1
29	345	1
30	345	1
31	345	1
32	345	1
33	344	1
23	345	1
33	122	2
34	120	2
34	121	2
35	115	2
35	116	2
35	117	2
35	118	2
35	119	2
36	113	2
36	114	2
33	123	2
33	715	1
34	715	1
32	270	1
32	271	1
32	272	1
32	273	1
32	274	1
32	275	1
32	276	1
32	277	1
32	278	1
32	279	1
32	280	1
32	281	1
32	282	1
32	283	1
33	269	1
34	269	1
35	270	1
35	271	1
35	272	1
35	273	1
35	274	1
35	275	1
35	276	1
35	277	1
35	278	1
35	279	1
35	280	1
35	281	1
35	282	1
35	283	1
32	284	1
34	284	1
35	12	4
36	12	4
31	23	1
32	23	1
33	24	1
34	25	1
35	25	1
36	24	1
27	253	1
28	253	1
29	253	1
30	253	1
31	253	1
32	253	1
33	252	1
34	252	1
35	252	1
36	252	1
26	253	1
38	10	3
38	11	3
32	19	1
33	18	1
34	17	1
35	16	1
36	16	1
37	16	1
37	19	1
38	17	1
38	18	1
35	286	2
36	286	2
37	285	2
38	285	2
34	285	2
23	307	1
24	308	1
25	309	1
26	310	1
27	311	1
28	312	1
29	313	1
30	314	1
31	315	1
32	315	1
33	315	1
34	315	1
35	315	1
36	315	1
37	315	1
38	315	1
22	306	1
39	315	1
25	291	1
26	292	1
27	293	1
28	294	1
29	295	1
30	296	1
31	297	1
32	298	1
33	299	1
34	300	1
35	301	1
36	302	1
37	303	1
38	304	1
39	305	1
40	306	1
40	307	1
40	308	1
40	309	1
40	310	1
40	311	1
40	312	1
40	313	1
24	290	1
40	314	1
40	702	1
41	703	1
39	708	1
40	709	1
41	710	1
42	711	1
42	712	1
43	19	1
43	20	1
29	155	3
30	154	3
31	153	3
32	152	3
33	151	3
34	125	3
34	150	3
35	125	3
35	149	3
36	126	3
36	148	3
37	127	3
37	147	3
38	128	3
38	146	3
39	128	3
39	145	3
40	129	3
40	145	3
41	129	3
41	145	3
42	130	3
42	144	3
43	131	3
43	143	3
44	131	3
44	139	3
44	140	3
44	141	3
44	142	3
45	132	3
45	133	3
45	134	3
45	135	3
45	136	3
45	137	3
45	138	3
28	156	3
33	124	3
43	719	1
44	719	1
36	386	2
37	387	2
38	388	2
39	389	2
40	390	2
41	391	2
42	392	2
43	393	2
44	394	2
44	395	2
45	396	2
45	397	2
35	385	2
46	702	2
46	703	2
47	704	2
47	6	3
48	6	3
49	6	3
49	23	2
49	24	2
48	9	2
49	9	2
50	9	2
17	589	1
18	590	1
19	591	1
20	592	1
21	593	1
22	593	1
23	594	1
24	594	1
25	594	1
26	594	1
27	594	1
28	594	1
29	594	1
30	594	1
31	595	1
32	595	1
33	596	1
34	596	1
35	597	1
36	598	1
37	599	1
37	600	1
37	601	1
37	602	1
38	603	1
39	604	1
40	605	1
41	606	1
41	607	1
42	608	1
43	609	1
43	610	1
44	611	1
45	612	1
46	613	1
47	614	1
47	615	1
48	616	1
49	617	1
49	618	1
50	619	1
50	620	1
16	588	1
51	621	1
32	620	2
33	620	2
34	620	2
35	620	2
36	620	2
37	620	2
38	621	2
39	621	2
40	622	2
41	622	2
42	622	2
43	622	2
44	623	2
45	623	2
46	623	2
47	623	2
48	623	2
49	623	2
50	623	2
31	620	2
51	622	2
48	1	2
49	1	2
50	2	2
51	1	2
52	1	2
36	383	1
37	383	1
38	383	1
39	383	1
40	383	1
41	383	1
42	383	1
43	383	1
44	383	1
45	383	1
46	383	1
47	383	1
48	383	1
49	383	1
50	382	1
51	382	1
52	382	1
53	382	1
35	384	1
54	382	1
32	422	2
33	422	2
34	422	2
35	422	2
36	422	2
37	422	2
38	422	2
39	423	2
40	424	2
41	425	2
42	425	2
43	425	2
44	425	2
45	425	2
46	425	2
47	425	2
48	425	2
49	425	2
50	425	2
51	425	2
52	425	2
53	425	2
54	424	2
31	422	2
56	708	3
56	709	3
56	710	3
56	711	3
56	380	3
57	379	3
58	371	3
58	372	3
58	373	3
58	374	3
58	375	3
58	376	3
58	377	3
58	378	3
55	381	3
62	6	1
63	7	1
63	8	1
63	9	1
56	383	3
57	383	3
58	383	3
59	383	3
60	383	3
61	384	3
62	385	3
63	385	3
64	385	3
65	385	3
55	382	3
23	548	1
24	547	1
25	546	1
26	546	1
27	546	1
28	546	1
29	546	1
30	546	1
31	546	1
32	546	1
33	546	1
34	546	1
35	546	1
36	546	1
37	546	1
38	546	1
39	546	1
40	546	1
41	546	1
42	546	1
43	546	1
44	546	1
45	546	1
46	546	1
47	546	1
48	546	1
49	546	1
50	546	1
51	546	1
52	546	1
53	546	1
54	546	1
55	546	1
56	547	1
57	548	1
58	548	1
59	548	1
60	548	1
61	549	1
62	549	1
63	548	1
64	548	1
65	548	1
66	547	1
22	549	1
53	622	5
54	622	5
55	622	5
56	621	5
57	621	5
58	621	5
59	621	5
60	621	5
61	621	5
62	621	5
63	621	5
64	621	5
65	621	5
66	620	5
52	622	5
41	316	2
42	316	2
43	316	2
44	316	2
45	317	2
46	317	2
47	317	2
48	317	2
49	317	2
50	317	2
51	317	2
52	317	2
53	317	2
54	317	2
55	317	2
56	317	2
57	317	2
58	317	2
59	317	2
60	317	2
61	317	2
62	317	2
63	317	2
64	317	2
65	316	2
66	316	2
67	315	2
68	315	2
69	311	2
69	312	2
69	313	2
69	314	2
70	309	2
70	310	2
40	315	2
70	720	3
70	721	3
27	475	2
28	475	2
29	475	2
30	475	2
31	475	2
32	476	2
33	476	2
34	476	2
35	476	2
36	476	2
37	476	2
38	476	2
39	476	2
40	476	2
41	476	2
42	476	2
43	476	2
44	476	2
45	476	2
46	476	2
47	476	2
48	476	2
49	476	2
50	476	2
51	476	2
52	476	2
53	476	2
54	476	2
55	476	2
56	476	2
57	476	2
58	477	2
59	478	2
60	478	2
61	478	2
62	478	2
63	478	2
64	478	2
65	478	2
66	478	2
67	478	2
68	479	2
69	479	2
70	479	2
71	480	2
72	480	2
73	480	2
74	480	2
75	480	2
76	480	2
77	480	2
78	480	2
79	480	2
80	480	2
81	480	2
82	480	2
83	480	2
84	480	2
85	480	2
86	481	2
26	475	2
29	173	1
30	172	1
31	172	1
32	171	1
33	170	1
34	169	1
35	168	1
36	168	1
37	167	1
38	167	1
39	167	1
40	167	1
41	167	1
42	167	1
43	167	1
44	167	1
45	167	1
46	167	1
47	167	1
48	167	1
49	167	1
50	167	1
51	167	1
52	167	1
53	167	1
54	167	1
55	167	1
56	167	1
57	167	1
58	167	1
59	167	1
60	167	1
61	167	1
62	167	1
63	167	1
64	167	1
65	167	1
66	167	1
67	167	1
68	166	1
69	166	1
70	166	1
71	166	1
72	166	1
73	166	1
74	166	1
75	166	1
76	167	1
77	167	1
78	167	1
79	167	1
80	167	1
81	167	1
82	168	1
83	168	1
84	168	1
85	169	1
86	169	1
87	169	1
88	169	1
89	169	1
90	169	1
91	169	1
92	169	1
93	169	1
94	169	1
95	169	1
96	169	1
97	169	1
98	169	1
99	169	1
100	169	1
101	169	1
102	170	1
103	170	1
104	170	1
105	170	1
28	173	1
106	170	1
108	172	5
108	173	5
108	174	5
109	175	5
110	176	5
111	177	5
111	178	5
111	179	5
111	180	5
111	181	5
111	182	5
111	183	5
111	184	5
111	185	5
111	186	5
111	187	5
111	188	5
111	189	5
107	171	5
109	170	5
110	170	5
111	170	5
112	170	5
113	170	5
114	170	5
115	170	5
116	170	5
117	170	5
118	170	5
119	169	5
108	170	5
145	0	1
145	1	1
145	2	1
145	3	1
145	4	1
146	5	1
146	6	1
146	7	1
146	8	1
146	9	1
147	10	1
147	12	1
147	11	1
147	13	1
149	8	2
150	8	2
149	14	1
150	15	1
148	14	1
149	11	1
150	11	1
151	10	1
148	10	1
151	9	1
152	6	1
152	7	1
151	8	1
145	24	1
146	22	1
146	23	1
146	25	1
146	26	1
146	27	1
146	28	1
146	29	1
147	16	1
147	17	1
147	18	1
147	19	1
147	20	1
147	21	1
147	30	1
148	31	1
149	31	1
150	31	1
151	31	1
152	31	1
153	31	1
154	30	1
155	29	1
156	27	1
156	28	1
157	25	1
157	26	1
158	23	1
158	24	1
147	15	1
158	22	1
158	7	1
158	8	1
158	9	1
158	10	1
158	11	1
158	12	1
158	13	1
158	14	1
158	15	1
158	16	1
158	17	1
158	18	1
158	19	1
159	0	1
159	1	1
159	2	1
159	3	1
159	4	1
159	5	1
159	6	1
158	20	1
160	21	2
161	21	2
159	21	2
471	345	4
471	346	4
547	712	2
547	713	2
546	721	1
547	721	1
548	721	1
555	721	1
556	721	1
559	718	2
559	719	2
559	720	2
560	717	2
565	703	1
565	704	1
564	718	2
564	719	2
565	717	2
565	720	2
565	721	2
566	717	2
566	674	3
566	675	3
567	677	2
567	678	2
568	690	2
569	690	2
572	691	2
572	692	2
573	678	3
573	679	3
573	680	3
573	672	2
574	672	2
574	712	2
574	713	2
575	682	1
576	682	1
575	716	2
576	716	2
575	720	1
576	720	1
576	692	1
577	691	1
578	687	1
578	688	1
578	689	1
578	690	1
580	684	3
581	684	3
584	670	1
585	671	1
588	715	2
589	715	2
590	674	1
590	675	1
592	689	2
592	690	2
592	716	1
593	715	1
592	683	2
593	683	2
594	683	2
595	683	2
591	711	2
592	711	2
593	711	2
594	711	2
595	711	2
596	711	2
596	675	2
597	675	2
598	670	2
598	671	2
597	687	2
598	687	2
600	718	2
601	718	2
602	668	3
603	668	3
