268	1	-7
269	1	-7
270	1	-7
266	2	-7
267	2	-7
265	3	-7
278	1	-8
279	1	-8
280	1	-8
277	2	-8
248	1	-7
249	2	-7
250	2	-7
251	3	-7
252	2	-10
251	3	-10
262	1	-6
263	2	-6
264	2	-6
265	3	-6
274	1	-9
275	2	-9
276	2	-9
298	1	-8
299	1	-8
300	1	-8
302	1	-8
297	2	-8
301	2	-8
297	3	-8
297	4	-8
266	4	-8
267	4	-8
265	3	-8
278	4	-8
279	4	-8
277	3	-8
232	2	-17
231	3	-17
230	4	-17
230	5	-17
230	6	-17
252	4	-8
253	5	-8
253	6	-8
254	7	-8
251	3	-8
296	5	-10
295	6	-10
294	7	-10
295	8	-10
297	4	-10
295	9	-10
298	5	-8
299	6	-8
300	6	-8
301	7	-8
302	7	-8
303	7	-8
304	7	-8
305	8	-8
297	4	-8
306	9	-8
308	9	-8
307	10	-8
309	10	-8
266	10	-14
266	11	-14
284	10	-11
284	11	-11
319	7	-5
316	8	-5
317	8	-5
318	8	-5
320	8	-5
321	8	-5
322	8	-5
313	9	-5
315	9	-5
323	9	-5
312	10	-5
314	10	-5
324	10	-5
311	11	-5
310	12	-5
309	11	-5
325	11	-5
232	7	-18
233	7	-18
234	7	-18
236	7	-18
235	8	-18
237	8	-18
238	8	-18
239	9	-18
240	10	-18
241	11	-18
231	7	-18
242	12	-18
268	11	-13
269	11	-13
267	12	-13
296	10	-8
297	10	-8
301	10	-8
303	10	-8
298	11	-8
299	11	-8
300	11	-8
302	11	-8
304	11	-8
305	11	-8
295	9	-8
306	10	-8
282	11	-12
277	12	-12
279	12	-12
280	12	-12
281	12	-12
283	12	-12
274	13	-12
276	13	-12
278	13	-12
266	14	-12
270	14	-12
271	14	-12
272	14	-12
273	14	-12
275	14	-12
267	15	-12
268	15	-12
269	15	-12
284	11	-12
265	13	-12
293	10	-10
294	10	-10
286	11	-10
288	11	-10
290	11	-10
292	11	-10
285	12	-10
287	12	-10
289	12	-10
291	12	-10
295	9	-10
284	11	-10
326	10	-4
327	10	-4
328	10	-4
329	10	-4
330	11	-4
330	12	-4
325	11	-4
256	12	-17
258	12	-17
248	13	-17
250	13	-17
251	13	-17
252	13	-17
253	13	-17
254	13	-17
255	13	-17
257	13	-17
259	13	-17
260	13	-17
261	13	-17
262	13	-17
263	13	-17
264	13	-17
244	14	-17
245	14	-17
246	14	-17
247	14	-17
249	14	-17
243	13	-17
265	13	-17
228	8	-17
229	8	-17
226	9	-17
227	9	-17
224	10	-17
225	10	-17
222	11	-17
223	11	-17
221	12	-17
220	13	-17
220	14	-17
230	7	-17
220	15	-17
325	12	-5
325	13	-5
326	14	-5
327	14	-5
328	14	-5
325	11	-5
334	13	-4
336	13	-4
331	14	-4
332	14	-4
333	14	-4
335	14	-4
240	14	-18
241	14	-18
238	15	-18
239	15	-18
222	16	-18
223	16	-18
224	16	-18
225	16	-18
226	16	-18
227	16	-18
228	16	-18
229	16	-18
230	16	-18
231	16	-18
232	16	-18
233	16	-18
234	16	-18
235	16	-18
236	16	-18
237	16	-18
242	13	-18
221	16	-18
280	20	-12
280	21	-12
280	22	-12
304	16	-6
304	17	-6
303	18	-6
303	19	-6
302	20	-6
301	21	-6
300	22	-6
299	23	-6
278	23	-14
279	23	-14
280	22	-14
277	24	-14
281	23	-13
280	22	-13
282	24	-13
295	16	-5
294	17	-5
293	18	-5
294	19	-5
293	20	-5
294	21	-5
293	22	-5
293	23	-5
293	24	-5
276	25	-15
277	24	-15
275	26	-15
278	25	-12
279	25	-12
280	25	-12
281	25	-12
277	24	-12
282	24	-12
294	25	-7
295	25	-7
296	25	-7
293	24	-7
297	26	-7
298	25	-7
299	24	-7
297	26	-7
256	26	-15
257	26	-15
258	26	-15
259	26	-15
260	26	-15
262	26	-15
264	26	-15
266	26	-15
267	26	-15
268	26	-15
269	26	-15
270	26	-15
271	26	-15
272	26	-15
273	26	-15
274	26	-15
254	27	-15
255	27	-15
261	27	-15
263	27	-15
265	27	-15
253	28	-15
275	26	-15
252	29	-15
283	23	-10
284	24	-10
291	24	-10
285	25	-10
287	25	-10
290	25	-10
292	25	-10
286	26	-10
288	26	-10
289	26	-10
282	24	-10
293	24	-10
301	25	-6
302	25	-6
303	25	-6
304	26	-6
305	26	-6
306	26	-6
307	26	-6
308	26	-6
310	26	-6
309	27	-6
311	27	-6
300	24	-6
218	17	-16
219	17	-16
216	18	-16
217	18	-16
214	19	-16
215	19	-16
212	20	-16
213	20	-16
210	21	-16
211	21	-16
208	22	-16
209	22	-16
207	23	-16
206	24	-16
206	25	-16
206	26	-16
206	27	-16
206	28	-16
220	16	-16
206	29	-16
248	28	-18
243	29	-18
244	29	-18
245	29	-18
246	29	-18
247	29	-18
249	29	-18
250	29	-18
208	30	-18
209	30	-18
210	30	-18
211	30	-18
212	30	-18
213	30	-18
214	30	-18
215	30	-18
216	30	-18
217	30	-18
218	30	-18
219	30	-18
220	30	-18
221	30	-18
222	30	-18
223	30	-18
224	30	-18
225	30	-18
226	30	-18
227	30	-18
228	30	-18
229	30	-18
230	30	-18
231	30	-18
234	30	-18
236	30	-18
238	30	-18
240	30	-18
242	30	-18
232	31	-18
233	31	-18
235	31	-18
237	31	-18
239	31	-18
241	31	-18
251	29	-18
207	30	-18
276	27	-14
277	28	-14
278	29	-14
275	26	-14
297	27	-6
297	28	-6
298	29	-6
299	30	-6
300	30	-6
301	30	-6
297	26	-6
253	31	-18
254	32	-18
252	30	-18
274	38	-7
273	39	-7
272	40	-7
269	39	-13
270	40	-13
271	41	-13
273	42	-12
274	43	-12
272	41	-12
204	31	-16
205	31	-16
202	32	-16
203	32	-16
200	33	-16
201	33	-16
198	34	-16
199	34	-16
196	35	-16
197	35	-16
194	36	-16
195	36	-16
193	37	-16
192	38	-16
191	39	-16
190	40	-16
190	41	-16
190	42	-16
190	43	-16
190	44	-16
206	30	-16
190	45	-16
270	43	-14
269	44	-14
271	42	-14
268	45	-14
232	45	-15
233	45	-15
235	45	-15
238	45	-15
240	45	-15
242	45	-15
244	45	-15
246	45	-15
249	45	-15
251	45	-15
253	45	-15
254	45	-15
255	45	-15
256	45	-15
258	45	-15
260	45	-15
262	45	-15
264	45	-15
265	45	-15
266	45	-15
192	46	-15
193	46	-15
194	46	-15
195	46	-15
196	46	-15
197	46	-15
198	46	-15
199	46	-15
200	46	-15
201	46	-15
202	46	-15
203	46	-15
204	46	-15
205	46	-15
206	46	-15
207	46	-15
208	46	-15
209	46	-15
210	46	-15
211	46	-15
212	46	-15
213	46	-15
214	46	-15
215	46	-15
216	46	-15
217	46	-15
218	46	-15
219	46	-15
220	46	-15
221	46	-15
222	46	-15
223	46	-15
224	46	-15
225	46	-15
226	46	-15
227	46	-15
228	46	-15
229	46	-15
230	46	-15
231	46	-15
234	46	-15
236	46	-15
237	46	-15
239	46	-15
241	46	-15
243	46	-15
245	46	-15
247	46	-15
248	46	-15
250	46	-15
252	46	-15
257	46	-15
259	46	-15
261	46	-15
263	46	-15
267	45	-15
191	46	-15
290	43	-3
288	44	-3
289	44	-3
287	45	-3
286	46	-3
286	47	-3
286	48	-3
295	46	-2
296	46	-2
297	46	-2
293	47	-2
294	47	-2
298	47	-2
292	48	-2
289	49	-4
290	49	-4
288	49	-4
291	49	-4
269	47	-8
270	47	-8
271	48	-8
272	48	-8
273	49	-8
274	49	-8
275	49	-8
276	49	-8
277	49	-8
278	49	-8
279	49	-8
280	49	-8
284	49	-8
285	49	-8
281	50	-8
282	50	-8
283	50	-8
268	46	-8
286	48	-8
296	49	-2
295	50	-2
297	50	-2
294	50	-2
293	52	-3
293	51	-3
294	53	-3
316	51	-7
315	52	-7
315	53	-7
293	54	-3
294	53	-3
287	51	-2
287	52	-2
287	53	-2
288	54	-2
289	55	-2
289	56	-2
290	57	-2
287	50	-2
188	47	-17
189	47	-17
186	48	-17
187	48	-17
184	49	-17
185	49	-17
182	50	-17
183	50	-17
180	51	-17
181	51	-17
178	52	-17
179	52	-17
177	53	-17
176	54	-17
176	55	-17
176	56	-17
176	57	-17
176	58	-17
190	46	-17
176	59	-17
295	54	-2
296	54	-2
297	55	-2
298	56	-2
299	57	-2
299	58	-2
300	59	-2
294	53	-2
336	57	-4
335	58	-4
334	59	-4
335	60	-4
335	61	-4
340	60	-4
340	61	-4
339	62	-4
338	61	-4
336	62	-4
337	62	-4
335	61	-4
339	62	-4
334	62	-5
332	63	-5
333	63	-5
335	61	-5
331	64	-5
340	63	-5
339	62	-5
341	64	-5
349	62	-4
348	63	-4
347	64	-4
242	58	-5
244	58	-5
245	58	-5
246	58	-5
247	58	-5
249	58	-5
251	58	-5
256	58	-5
258	58	-5
237	59	-5
239	59	-5
241	59	-5
243	59	-5
248	59	-5
250	59	-5
252	59	-5
253	59	-5
254	59	-5
255	59	-5
257	59	-5
259	59	-5
260	59	-5
261	59	-5
262	59	-5
263	59	-5
264	59	-5
265	59	-5
266	59	-5
308	59	-5
310	59	-5
311	59	-5
312	59	-5
178	60	-5
179	60	-5
180	60	-5
181	60	-5
182	60	-5
183	60	-5
184	60	-5
185	60	-5
186	60	-5
187	60	-5
188	60	-5
189	60	-5
190	60	-5
191	60	-5
192	60	-5
193	60	-5
194	60	-5
195	60	-5
196	60	-5
197	60	-5
198	60	-5
199	60	-5
200	60	-5
201	60	-5
202	60	-5
203	60	-5
204	60	-5
205	60	-5
206	60	-5
207	60	-5
208	60	-5
209	60	-5
210	60	-5
211	60	-5
212	60	-5
213	60	-5
214	60	-5
215	60	-5
216	60	-5
217	60	-5
218	60	-5
219	60	-5
220	60	-5
221	60	-5
222	60	-5
223	60	-5
224	60	-5
225	60	-5
226	60	-5
227	60	-5
228	60	-5
229	60	-5
230	60	-5
231	60	-5
232	60	-5
234	60	-5
236	60	-5
238	60	-5
240	60	-5
267	60	-5
268	60	-5
269	60	-5
270	60	-5
272	60	-5
305	60	-5
306	60	-5
307	60	-5
309	60	-5
313	60	-5
314	60	-5
233	61	-5
235	61	-5
271	61	-5
273	61	-5
274	61	-5
275	61	-5
276	61	-5
277	61	-5
278	61	-5
279	61	-5
280	61	-5
281	61	-5
282	61	-5
284	61	-5
292	61	-5
294	61	-5
296	61	-5
298	61	-5
300	61	-5
302	61	-5
304	61	-5
315	61	-5
316	61	-5
317	61	-5
320	61	-5
283	62	-5
285	62	-5
286	62	-5
287	62	-5
288	62	-5
289	62	-5
290	62	-5
291	62	-5
293	62	-5
295	62	-5
297	62	-5
299	62	-5
301	62	-5
303	62	-5
318	62	-5
319	62	-5
321	62	-5
324	62	-5
326	62	-5
322	63	-5
323	63	-5
325	63	-5
327	63	-5
329	63	-5
328	64	-5
330	64	-5
177	60	-5
331	64	-5
332	65	-5
333	66	-5
334	66	-5
331	64	-5
335	67	-5
338	65	-4
340	65	-4
336	66	-4
337	66	-4
339	66	-4
341	64	-4
335	67	-4
342	65	-4
344	65	-4
345	65	-4
343	66	-4
341	64	-4
346	65	-4
348	66	-4
349	66	-4
347	65	-4
335	68	-4
336	69	-4
335	70	-4
335	67	-4
174	61	-17
175	61	-17
172	62	-17
173	62	-17
170	63	-17
171	63	-17
168	64	-17
169	64	-17
166	65	-17
167	65	-17
164	66	-17
165	66	-17
162	67	-17
163	67	-17
161	68	-17
160	69	-17
160	70	-17
160	71	-17
160	72	-17
160	73	-17
176	60	-17
160	74	-17
248	70	-16
247	71	-16
246	72	-16
246	73	-16
246	74	-16
312	74	-6
311	75	-6
244	74	-17
162	75	-17
163	75	-17
164	75	-17
165	75	-17
166	75	-17
167	75	-17
168	75	-17
169	75	-17
170	75	-17
171	75	-17
172	75	-17
173	75	-17
174	75	-17
175	75	-17
176	75	-17
177	75	-17
178	75	-17
179	75	-17
180	75	-17
181	75	-17
182	75	-17
183	75	-17
184	75	-17
185	75	-17
186	75	-17
187	75	-17
188	75	-17
189	75	-17
190	75	-17
191	75	-17
192	75	-17
193	75	-17
194	75	-17
195	75	-17
196	75	-17
197	75	-17
198	75	-17
199	75	-17
200	75	-17
201	75	-17
202	75	-17
203	75	-17
204	75	-17
205	75	-17
206	75	-17
207	75	-17
208	75	-17
209	75	-17
210	75	-17
211	75	-17
212	75	-17
213	75	-17
214	75	-17
215	75	-17
216	75	-17
217	75	-17
218	75	-17
219	75	-17
220	75	-17
221	75	-17
222	75	-17
223	75	-17
224	75	-17
225	75	-17
226	75	-17
227	75	-17
228	75	-17
229	75	-17
230	75	-17
233	75	-17
235	75	-17
237	75	-17
238	75	-17
240	75	-17
241	75	-17
242	75	-17
243	75	-17
245	75	-17
231	76	-17
232	76	-17
234	76	-17
236	76	-17
239	76	-17
246	74	-17
161	75	-17
297	72	-9
297	73	-9
296	74	-9
295	75	-9
294	76	-9
293	77	-9
312	76	-6
311	75	-6
309	75	-6
310	75	-6
308	76	-6
307	77	-6
311	75	-6
306	78	-6
276	73	-12
278	73	-12
272	74	-12
274	74	-12
275	74	-12
277	74	-12
279	74	-12
280	74	-12
281	74	-12
247	75	-12
248	75	-12
259	75	-12
260	75	-12
261	75	-12
262	75	-12
263	75	-12
264	75	-12
265	75	-12
266	75	-12
267	75	-12
268	75	-12
269	75	-12
270	75	-12
271	75	-12
273	75	-12
282	75	-12
283	75	-12
284	75	-12
249	76	-12
250	76	-12
253	76	-12
255	76	-12
256	76	-12
257	76	-12
258	76	-12
285	76	-12
286	76	-12
287	76	-12
288	76	-12
251	77	-12
252	77	-12
254	77	-12
289	77	-12
290	78	-12
291	78	-12
246	74	-12
292	77	-12
278	78	-12
279	78	-12
277	79	-12
276	80	-12
275	81	-12
307	80	-6
306	79	-6
294	79	-10
295	80	-10
296	80	-10
297	81	-10
293	78	-10
298	82	-10
302	78	-8
304	78	-8
301	79	-8
303	79	-8
300	80	-8
299	81	-8
305	78	-8
298	82	-8
267	80	-13
267	81	-13
267	82	-13
267	83	-13
276	82	-11
277	83	-11
275	81	-11
274	81	-10
272	82	-10
273	82	-10
270	83	-10
271	83	-10
268	84	-10
269	84	-10
275	81	-10
267	83	-10
256	82	-13
256	83	-13
255	84	-13
255	85	-13
255	86	-13
299	83	-6
299	84	-6
300	85	-6
301	86	-6
298	82	-6
265	84	-16
266	84	-16
264	85	-16
260	86	-16
262	86	-16
263	86	-16
256	87	-16
257	87	-16
258	87	-16
259	87	-16
261	87	-16
267	83	-16
255	86	-16
158	76	-17
159	76	-17
156	77	-17
157	77	-17
154	78	-17
155	78	-17
152	79	-17
153	79	-17
150	80	-17
151	80	-17
149	81	-17
148	82	-17
147	83	-17
146	84	-17
145	85	-17
144	86	-17
144	87	-17
144	88	-17
144	89	-17
160	75	-17
144	90	-17
252	87	-17
254	87	-17
251	88	-17
253	88	-17
249	89	-17
250	89	-17
247	90	-17
248	90	-17
246	91	-17
255	86	-17
245	92	-17
146	91	-17
147	91	-17
148	91	-17
149	91	-17
150	91	-17
151	91	-17
152	91	-17
153	91	-17
154	91	-17
155	91	-17
156	91	-17
157	91	-17
158	91	-17
159	91	-17
160	91	-17
161	91	-17
162	91	-17
163	91	-17
164	91	-17
165	91	-17
166	91	-17
167	91	-17
168	91	-17
169	91	-17
170	91	-17
171	91	-17
172	91	-17
173	91	-17
174	91	-17
175	91	-17
176	91	-17
177	91	-17
178	91	-17
179	91	-17
180	91	-17
181	91	-17
182	91	-17
183	91	-17
184	91	-17
185	91	-17
186	91	-17
187	91	-17
188	91	-17
189	91	-17
190	91	-17
191	91	-17
192	91	-17
193	91	-17
194	91	-17
195	91	-17
196	91	-17
197	91	-17
198	91	-17
199	91	-17
200	91	-17
201	91	-17
202	91	-17
203	91	-17
204	91	-17
205	91	-17
206	91	-17
207	91	-17
208	91	-17
209	91	-17
210	91	-17
211	91	-17
212	91	-17
213	91	-17
214	91	-17
215	91	-17
216	91	-17
217	91	-17
218	91	-17
219	91	-17
220	91	-17
221	91	-17
222	91	-17
223	91	-17
224	91	-17
225	91	-17
226	91	-17
227	91	-17
228	91	-17
229	91	-17
230	91	-17
231	91	-17
232	91	-17
233	91	-17
234	91	-17
235	91	-17
236	91	-17
237	91	-17
239	91	-17
240	91	-17
242	91	-17
238	92	-17
241	92	-17
243	92	-17
145	91	-17
244	92	-17
270	96	-12
269	97	-12
268	98	-12
246	94	-16
247	95	-16
248	95	-16
249	96	-16
250	96	-16
251	96	-16
252	96	-16
253	96	-16
255	96	-16
257	96	-16
254	97	-16
256	97	-16
258	97	-16
259	97	-16
260	97	-16
261	98	-16
262	98	-16
263	99	-16
264	99	-16
265	99	-16
266	99	-16
245	93	-16
267	99	-16
308	99	-7
309	99	-7
310	99	-7
307	100	-7
305	101	-7
306	101	-7
304	102	-7
303	103	-7
303	104	-7
303	105	-7
269	100	-12
268	99	-12
142	92	-17
143	92	-17
140	93	-17
141	93	-17
138	94	-17
139	94	-17
136	95	-17
137	95	-17
134	96	-17
135	96	-17
133	97	-17
132	98	-17
131	99	-17
130	100	-17
130	101	-17
130	102	-17
130	103	-17
130	104	-17
144	91	-17
130	105	-17
276	105	-12
278	105	-12
273	106	-12
274	106	-12
275	106	-12
277	106	-12
279	106	-12
280	106	-12
281	106	-12
271	107	-12
272	107	-12
282	107	-12
270	108	-12
132	106	-18
133	106	-18
134	106	-18
135	106	-18
136	106	-18
137	106	-18
138	106	-18
139	106	-18
140	106	-18
141	106	-18
142	106	-18
143	106	-18
144	106	-18
145	106	-18
146	106	-18
147	106	-18
148	106	-18
149	106	-18
150	106	-18
151	106	-18
152	106	-18
153	106	-18
154	106	-18
155	106	-18
156	106	-18
157	106	-18
158	106	-18
159	106	-18
160	106	-18
161	106	-18
162	106	-18
163	106	-18
164	106	-18
165	106	-18
166	106	-18
167	106	-18
168	106	-18
169	106	-18
170	106	-18
171	106	-18
172	106	-18
173	106	-18
174	106	-18
175	106	-18
176	106	-18
177	106	-18
178	106	-18
179	106	-18
180	106	-18
181	106	-18
182	106	-18
183	106	-18
184	106	-18
185	106	-18
186	106	-18
187	106	-18
188	106	-18
189	106	-18
190	106	-18
191	106	-18
192	106	-18
193	106	-18
194	106	-18
195	106	-18
196	106	-18
197	106	-18
198	106	-18
199	106	-18
200	106	-18
201	106	-18
202	106	-18
203	106	-18
204	106	-18
205	106	-18
206	106	-18
207	106	-18
208	106	-18
209	106	-18
210	106	-18
211	106	-18
212	106	-18
213	106	-18
214	106	-18
215	106	-18
216	106	-18
217	106	-18
218	106	-18
219	106	-18
220	106	-18
221	106	-18
222	106	-18
223	106	-18
224	106	-18
225	106	-18
226	106	-18
227	106	-18
228	106	-18
229	106	-18
230	106	-18
231	106	-18
232	106	-18
234	106	-18
235	106	-18
236	106	-18
237	106	-18
238	106	-18
239	106	-18
240	106	-18
241	106	-18
243	106	-18
233	107	-18
242	107	-18
131	106	-18
244	107	-18
245	106	-18
246	107	-18
244	107	-18
247	108	-18
299	106	-9
301	106	-9
284	107	-9
286	107	-9
289	107	-9
291	107	-9
293	107	-9
295	107	-9
296	107	-9
297	107	-9
298	107	-9
300	107	-9
283	108	-9
285	108	-9
287	108	-9
288	108	-9
290	108	-9
292	108	-9
294	108	-9
302	106	-9
282	107	-9
305	106	-7
306	106	-7
307	107	-7
308	107	-7
309	107	-7
310	107	-7
304	106	-7
311	108	-7
312	107	-6
311	108	-6
265	107	-16
266	107	-16
264	108	-16
267	108	-16
268	108	-16
263	109	-16
269	109	-16
248	107	-18
249	107	-18
250	107	-18
252	107	-18
254	107	-18
256	107	-18
258	107	-18
251	108	-18
253	108	-18
255	108	-18
257	108	-18
259	108	-18
260	108	-18
261	108	-18
262	109	-18
247	108	-18
263	109	-18
280	108	-12
281	108	-12
276	109	-12
277	109	-12
278	109	-12
279	109	-12
271	110	-12
272	110	-12
273	110	-12
274	110	-12
275	110	-12
282	107	-12
270	109	-12
244	108	-17
244	109	-17
244	110	-17
244	107	-17
247	109	-17
247	110	-17
247	108	-17
264	110	-17
265	110	-17
268	110	-17
266	111	-17
267	111	-17
263	109	-17
269	109	-17
311	109	-6
311	110	-6
311	111	-6
311	108	-6
318	111	-4
315	112	-4
316	112	-4
317	112	-4
319	112	-4
314	113	-4
323	112	-4
324	112	-4
2	2	-18
3	3	-18
4	4	-18
5	5	-18
6	6	-18
7	7	-18
8	8	-18
9	9	-18
10	10	-18
11	11	-18
12	12	-18
13	13	-18
14	14	-18
15	15	-18
16	16	-18
17	17	-18
18	18	-18
19	19	-18
20	20	-18
21	21	-18
22	22	-18
23	23	-18
24	24	-18
25	25	-18
26	26	-18
27	27	-18
28	28	-18
29	29	-18
30	30	-18
31	31	-18
32	32	-18
33	33	-18
34	34	-18
35	35	-18
36	36	-18
37	37	-18
38	38	-18
39	39	-18
40	40	-18
41	41	-18
42	42	-18
43	43	-18
44	44	-18
45	45	-18
46	46	-18
47	47	-18
48	48	-18
49	49	-18
50	50	-18
51	51	-18
52	52	-18
53	53	-18
54	54	-18
55	55	-18
56	56	-18
57	57	-18
58	58	-18
59	59	-18
60	60	-18
61	61	-18
62	62	-18
63	63	-18
64	64	-18
65	65	-18
66	66	-18
67	67	-18
68	68	-18
69	69	-18
70	70	-18
71	71	-18
72	72	-18
73	73	-18
74	74	-18
75	75	-18
76	76	-18
77	77	-18
78	78	-18
79	79	-18
80	80	-18
81	81	-18
82	82	-18
83	83	-18
84	84	-18
85	85	-18
86	86	-18
87	87	-18
88	88	-18
89	89	-18
90	90	-18
91	91	-18
92	92	-18
93	93	-18
94	94	-18
95	95	-18
96	96	-18
97	97	-18
98	98	-18
99	99	-18
100	100	-18
101	101	-18
102	102	-18
103	103	-18
104	104	-18
105	105	-18
106	106	-18
107	107	-18
108	108	-18
109	109	-18
110	110	-18
111	111	-18
112	112	-18
113	113	-18
114	114	-18
115	115	-18
128	107	-18
129	107	-18
126	108	-18
127	108	-18
124	109	-18
125	109	-18
122	110	-18
123	110	-18
120	111	-18
121	111	-18
119	112	-18
118	113	-18
117	114	-18
130	106	-18
116	115	-18
303	108	-5
303	109	-5
303	110	-5
304	111	-5
305	112	-5
307	112	-5
306	113	-5
308	113	-5
309	113	-5
310	113	-5
312	113	-5
311	114	-5
313	114	-5
303	107	-5
314	113	-5
315	114	-4
314	113	-4
278	117	-10
277	118	-10
276	119	-10
264	119	-14
266	119	-14
267	119	-14
268	119	-14
269	119	-14
270	119	-14
271	119	-14
272	119	-14
273	119	-14
274	119	-14
275	119	-14
263	120	-14
265	120	-14
276	119	-14
262	121	-14
288	113	-7
287	114	-7
289	114	-7
286	115	-7
285	116	-7
284	117	-7
285	118	-7
285	119	-7
285	120	-7
298	119	-5
299	119	-5
300	119	-5
297	120	-5
301	120	-5
296	121	-5
117	117	-18
117	118	-18
118	119	-18
118	120	-18
116	116	-18
119	121	-18
259	119	-17
257	120	-17
258	120	-17
260	120	-17
261	120	-17
253	121	-17
254	121	-17
255	121	-17
256	121	-17
262	121	-17
252	122	-17
120	121	-17
121	121	-17
122	121	-17
123	121	-17
124	121	-17
125	121	-17
126	121	-17
127	121	-17
128	121	-17
129	121	-17
130	121	-17
131	121	-17
132	121	-17
133	121	-17
134	121	-17
135	121	-17
136	121	-17
137	121	-17
138	121	-17
139	121	-17
140	121	-17
141	121	-17
142	121	-17
143	121	-17
144	121	-17
145	121	-17
146	121	-17
147	121	-17
148	121	-17
149	121	-17
150	121	-17
151	121	-17
152	121	-17
153	121	-17
154	121	-17
155	121	-17
156	121	-17
157	121	-17
158	121	-17
159	121	-17
160	121	-17
161	121	-17
162	121	-17
163	121	-17
164	121	-17
165	121	-17
166	121	-17
167	121	-17
168	121	-17
169	121	-17
170	121	-17
171	121	-17
172	121	-17
173	121	-17
174	121	-17
175	121	-17
176	121	-17
177	121	-17
178	121	-17
179	121	-17
180	121	-17
181	121	-17
182	121	-17
183	121	-17
184	121	-17
185	121	-17
186	121	-17
187	121	-17
188	121	-17
189	121	-17
190	121	-17
191	121	-17
192	121	-17
193	121	-17
194	121	-17
195	121	-17
196	121	-17
197	121	-17
198	121	-17
199	121	-17
200	121	-17
201	121	-17
202	121	-17
203	121	-17
204	121	-17
205	121	-17
206	121	-17
207	121	-17
208	121	-17
209	121	-17
210	121	-17
211	121	-17
212	121	-17
213	121	-17
214	121	-17
215	121	-17
216	121	-17
217	121	-17
218	121	-17
219	121	-17
220	121	-17
221	121	-17
222	121	-17
223	121	-17
224	121	-17
225	121	-17
226	121	-17
227	121	-17
228	121	-17
229	121	-17
230	121	-17
231	121	-17
232	121	-17
233	121	-17
234	121	-17
235	121	-17
236	121	-17
237	121	-17
238	121	-17
239	121	-17
240	121	-17
241	121	-17
242	121	-17
243	121	-17
244	121	-17
245	121	-17
246	121	-17
247	121	-17
248	121	-17
249	121	-17
250	121	-17
251	121	-17
119	121	-17
252	122	-17
303	120	-4
307	120	-4
302	121	-4
304	121	-4
305	121	-4
306	121	-4
301	120	-4
277	120	-11
278	120	-11
280	120	-11
279	121	-11
281	121	-11
283	121	-11
284	121	-11
282	122	-11
276	119	-11
285	120	-11
300	121	-6
298	122	-6
299	122	-6
301	120	-6
297	122	-6
286	121	-8
287	122	-8
288	122	-8
289	123	-8
290	123	-8
291	123	-8
292	123	-8
294	123	-8
293	124	-8
285	120	-8
295	123	-8
262	122	-15
261	123	-15
260	124	-15
259	125	-15
258	126	-15
262	121	-15
258	127	-15
252	123	-15
252	124	-15
253	125	-15
254	125	-15
255	126	-15
256	127	-15
257	128	-15
252	122	-15
258	127	-15
296	124	-4
296	125	-4
297	126	-4
298	127	-4
299	128	-4
300	129	-4
295	123	-4
259	128	-17
260	129	-17
261	130	-17
258	127	-17
118	122	-18
118	123	-18
117	124	-18
117	125	-18
116	126	-18
116	127	-18
116	128	-18
116	129	-18
116	130	-18
117	131	-18
117	132	-18
118	133	-18
118	134	-18
119	135	-18
119	121	-18
120	136	-18
305	136	-4
305	137	-4
264	136	-16
263	137	-16
265	137	-16
261	138	-16
262	138	-16
266	137	-16
260	139	-16
302	137	-4
301	138	-4
303	138	-4
304	138	-4
300	139	-4
300	140	-4
305	137	-4
299	141	-4
312	137	-3
314	137	-3
311	138	-3
313	138	-3
310	139	-3
235	135	-16
121	136	-16
122	136	-16
123	136	-16
124	136	-16
125	136	-16
126	136	-16
127	136	-16
128	136	-16
129	136	-16
130	136	-16
131	136	-16
132	136	-16
133	136	-16
134	136	-16
135	136	-16
136	136	-16
137	136	-16
138	136	-16
139	136	-16
140	136	-16
141	136	-16
142	136	-16
143	136	-16
144	136	-16
145	136	-16
146	136	-16
147	136	-16
148	136	-16
149	136	-16
150	136	-16
151	136	-16
152	136	-16
153	136	-16
154	136	-16
155	136	-16
156	136	-16
157	136	-16
158	136	-16
159	136	-16
160	136	-16
161	136	-16
162	136	-16
163	136	-16
164	136	-16
165	136	-16
166	136	-16
167	136	-16
168	136	-16
169	136	-16
170	136	-16
171	136	-16
172	136	-16
173	136	-16
174	136	-16
175	136	-16
176	136	-16
177	136	-16
178	136	-16
179	136	-16
180	136	-16
181	136	-16
182	136	-16
183	136	-16
184	136	-16
185	136	-16
186	136	-16
187	136	-16
188	136	-16
189	136	-16
190	136	-16
191	136	-16
192	136	-16
193	136	-16
194	136	-16
195	136	-16
196	136	-16
197	136	-16
198	136	-16
199	136	-16
200	136	-16
201	136	-16
202	136	-16
203	136	-16
204	136	-16
205	136	-16
206	136	-16
207	136	-16
208	136	-16
209	136	-16
210	136	-16
211	136	-16
212	136	-16
213	136	-16
214	136	-16
215	136	-16
216	136	-16
217	136	-16
218	136	-16
219	136	-16
220	136	-16
221	136	-16
222	136	-16
223	136	-16
224	136	-16
225	136	-16
226	136	-16
227	136	-16
228	136	-16
229	136	-16
230	136	-16
231	136	-16
232	136	-16
233	136	-16
234	136	-16
236	136	-16
237	136	-16
238	136	-16
239	136	-16
240	136	-16
242	136	-16
241	137	-16
243	137	-16
244	137	-16
245	137	-16
246	137	-16
248	137	-16
247	138	-16
249	138	-16
251	138	-16
253	138	-16
250	139	-16
252	139	-16
254	139	-16
255	139	-16
256	139	-16
257	139	-16
259	139	-16
258	140	-16
120	136	-16
260	139	-16
274	139	-10
275	140	-10
306	138	-4
307	139	-4
308	140	-4
309	140	-4
305	137	-4
310	139	-4
261	140	-14
262	140	-14
265	140	-14
266	140	-14
263	141	-14
264	141	-14
260	139	-14
267	139	-14
269	139	-12
270	140	-12
271	140	-12
272	141	-12
268	139	-12
269	135	-5
270	135	-5
271	135	-5
272	135	-5
273	135	-5
274	135	-5
276	135	-5
268	136	-5
275	136	-5
277	136	-5
278	136	-5
279	137	-5
280	137	-5
281	138	-5
282	138	-5
283	138	-5
284	138	-5
285	139	-5
286	139	-5
287	139	-5
289	139	-5
290	139	-5
292	139	-5
288	140	-5
291	140	-5
293	140	-5
294	140	-5
295	140	-5
296	140	-5
298	140	-5
297	141	-5
267	137	-5
299	141	-5
311	140	-3
312	141	-3
314	141	-3
313	142	-3
310	139	-3
304	145	-4
303	146	-4
300	142	-4
300	143	-4
301	144	-4
301	145	-4
302	146	-4
299	141	-4
303	146	-4
304	147	-3
303	146	-3
119	137	-18
118	138	-18
118	139	-18
117	140	-18
117	141	-18
116	142	-18
117	143	-18
116	144	-18
117	145	-18
117	146	-18
118	147	-18
118	148	-18
119	149	-18
120	136	-18
120	150	-18
235	149	-16
240	149	-16
121	150	-16
122	150	-16
123	150	-16
124	150	-16
125	150	-16
126	150	-16
127	150	-16
128	150	-16
129	150	-16
130	150	-16
131	150	-16
132	150	-16
133	150	-16
134	150	-16
135	150	-16
136	150	-16
137	150	-16
138	150	-16
139	150	-16
140	150	-16
141	150	-16
142	150	-16
143	150	-16
144	150	-16
145	150	-16
146	150	-16
147	150	-16
148	150	-16
149	150	-16
150	150	-16
151	150	-16
152	150	-16
153	150	-16
154	150	-16
155	150	-16
156	150	-16
157	150	-16
158	150	-16
159	150	-16
160	150	-16
161	150	-16
162	150	-16
163	150	-16
164	150	-16
165	150	-16
166	150	-16
167	150	-16
168	150	-16
169	150	-16
170	150	-16
171	150	-16
172	150	-16
173	150	-16
174	150	-16
175	150	-16
176	150	-16
177	150	-16
178	150	-16
179	150	-16
180	150	-16
181	150	-16
182	150	-16
183	150	-16
184	150	-16
185	150	-16
186	150	-16
187	150	-16
188	150	-16
189	150	-16
190	150	-16
191	150	-16
192	150	-16
193	150	-16
194	150	-16
195	150	-16
196	150	-16
197	150	-16
198	150	-16
199	150	-16
200	150	-16
201	150	-16
202	150	-16
203	150	-16
204	150	-16
205	150	-16
206	150	-16
207	150	-16
208	150	-16
209	150	-16
210	150	-16
211	150	-16
212	150	-16
213	150	-16
214	150	-16
215	150	-16
216	150	-16
217	150	-16
218	150	-16
219	150	-16
220	150	-16
221	150	-16
222	150	-16
223	150	-16
224	150	-16
225	150	-16
226	150	-16
227	150	-16
228	150	-16
229	150	-16
230	150	-16
231	150	-16
232	150	-16
233	150	-16
234	150	-16
236	150	-16
237	150	-16
238	150	-16
239	150	-16
241	150	-16
242	150	-16
243	150	-16
245	150	-16
246	150	-16
247	150	-16
248	150	-16
244	151	-16
249	151	-16
250	151	-16
251	152	-16
120	150	-16
252	153	-16
270	152	-11
271	152	-11
272	152	-11
273	152	-11
268	153	-11
269	153	-11
267	154	-11
274	153	-11
266	155	-11
275	152	-9
276	152	-9
277	152	-9
274	153	-9
254	151	-16
255	151	-16
257	151	-16
253	152	-16
256	152	-16
258	152	-16
260	152	-16
259	153	-16
261	153	-16
262	153	-16
264	153	-16
263	154	-16
265	154	-16
252	153	-16
266	155	-16
252	154	-16
253	155	-16
252	153	-16
274	154	-9
274	155	-9
275	156	-9
274	153	-9
267	156	-9
267	157	-9
268	158	-9
269	159	-9
270	159	-9
272	159	-9
271	160	-9
273	160	-9
266	155	-9
119	151	-18
118	152	-18
118	153	-18
117	154	-18
117	155	-18
117	156	-18
117	157	-18
117	158	-18
118	159	-18
118	160	-18
119	161	-18
119	162	-18
120	150	-18
120	163	-18
246	161	-15
245	162	-15
244	163	-15
242	162	-15
121	163	-15
122	163	-15
123	163	-15
124	163	-15
125	163	-15
126	163	-15
127	163	-15
128	163	-15
129	163	-15
130	163	-15
131	163	-15
132	163	-15
133	163	-15
134	163	-15
135	163	-15
136	163	-15
137	163	-15
138	163	-15
139	163	-15
140	163	-15
141	163	-15
142	163	-15
143	163	-15
144	163	-15
145	163	-15
146	163	-15
147	163	-15
148	163	-15
149	163	-15
150	163	-15
151	163	-15
152	163	-15
153	163	-15
154	163	-15
155	163	-15
156	163	-15
157	163	-15
158	163	-15
159	163	-15
160	163	-15
161	163	-15
162	163	-15
163	163	-15
164	163	-15
165	163	-15
166	163	-15
167	163	-15
168	163	-15
169	163	-15
170	163	-15
171	163	-15
172	163	-15
173	163	-15
174	163	-15
175	163	-15
176	163	-15
177	163	-15
178	163	-15
179	163	-15
180	163	-15
181	163	-15
182	163	-15
183	163	-15
184	163	-15
185	163	-15
186	163	-15
187	163	-15
188	163	-15
189	163	-15
190	163	-15
191	163	-15
192	163	-15
193	163	-15
194	163	-15
195	163	-15
196	163	-15
197	163	-15
198	163	-15
199	163	-15
200	163	-15
201	163	-15
202	163	-15
203	163	-15
204	163	-15
205	163	-15
206	163	-15
207	163	-15
208	163	-15
209	163	-15
210	163	-15
211	163	-15
212	163	-15
213	163	-15
214	163	-15
215	163	-15
216	163	-15
217	163	-15
218	163	-15
219	163	-15
220	163	-15
221	163	-15
222	163	-15
223	163	-15
224	163	-15
225	163	-15
226	163	-15
227	163	-15
228	163	-15
229	163	-15
230	163	-15
231	163	-15
232	163	-15
233	163	-15
234	163	-15
235	163	-15
236	163	-15
237	163	-15
238	163	-15
239	163	-15
240	163	-15
241	163	-15
243	163	-15
120	163	-15
244	163	-15
245	164	-14
246	165	-14
244	163	-14
263	169	-10
261	170	-10
262	170	-10
258	171	-10
260	171	-10
255	172	-10
256	172	-10
257	172	-10
259	172	-10
254	173	-10
253	174	-10
252	175	-10
119	164	-18
119	165	-18
118	166	-18
118	167	-18
117	168	-18
117	169	-18
117	170	-18
117	171	-18
117	172	-18
118	173	-18
118	174	-18
119	175	-18
120	163	-18
120	176	-18
121	176	-15
122	176	-15
123	176	-15
124	176	-15
125	176	-15
126	176	-15
127	176	-15
128	176	-15
129	176	-15
130	176	-15
131	176	-15
132	176	-15
133	176	-15
134	176	-15
135	176	-15
136	176	-15
137	176	-15
138	176	-15
139	176	-15
140	176	-15
141	176	-15
142	176	-15
143	176	-15
144	176	-15
145	176	-15
146	176	-15
147	176	-15
148	176	-15
149	176	-15
150	176	-15
151	176	-15
152	176	-15
153	176	-15
154	176	-15
155	176	-15
156	176	-15
157	176	-15
158	176	-15
159	176	-15
160	176	-15
161	176	-15
162	176	-15
163	176	-15
164	176	-15
165	176	-15
166	176	-15
167	176	-15
168	176	-15
169	176	-15
170	176	-15
171	176	-15
172	176	-15
173	176	-15
174	176	-15
175	176	-15
176	176	-15
177	176	-15
178	176	-15
179	176	-15
180	176	-15
181	176	-15
182	176	-15
183	176	-15
184	176	-15
185	176	-15
186	176	-15
187	176	-15
188	176	-15
189	176	-15
190	176	-15
191	176	-15
192	176	-15
193	176	-15
194	176	-15
195	176	-15
196	176	-15
197	176	-15
198	176	-15
199	176	-15
200	176	-15
201	176	-15
202	176	-15
203	176	-15
204	176	-15
205	176	-15
206	176	-15
207	176	-15
208	176	-15
209	176	-15
210	176	-15
211	176	-15
212	176	-15
213	176	-15
214	176	-15
215	176	-15
216	176	-15
217	176	-15
218	176	-15
219	176	-15
220	176	-15
221	176	-15
222	176	-15
223	176	-15
224	176	-15
225	176	-15
226	176	-15
227	176	-15
228	176	-15
229	176	-15
230	176	-15
231	176	-15
232	176	-15
233	176	-15
239	176	-15
245	176	-15
247	176	-15
249	176	-15
250	176	-15
234	177	-15
235	177	-15
236	177	-15
237	177	-15
238	177	-15
240	177	-15
241	177	-15
242	177	-15
243	177	-15
244	177	-15
246	177	-15
248	177	-15
120	176	-15
251	176	-15
267	174	-9
266	175	-9
268	175	-9
265	176	-9
264	177	-9
264	178	-9
264	179	-9
270	179	-7
271	179	-7
272	179	-7
268	180	-7
269	180	-7
267	181	-7
273	180	-7
266	181	-7
274	179	-7
275	179	-7
273	180	-7
307	171	-6
308	171	-6
306	172	-6
306	173	-6
305	174	-6
301	175	-6
303	175	-6
304	175	-6
300	176	-6
302	176	-6
299	177	-6
298	178	-6
297	179	-6
296	180	-6
253	177	-15
254	177	-15
255	178	-15
256	178	-15
257	179	-15
259	179	-15
262	179	-15
258	180	-15
260	180	-15
261	180	-15
252	176	-15
263	180	-15
274	181	-6
275	182	-6
273	180	-6
297	182	-9
296	181	-9
298	183	-9
318	179	-4
317	180	-4
316	181	-4
315	182	-4
314	183	-4
294	181	-9
293	182	-9
290	183	-9
291	183	-9
292	183	-9
288	184	-9
289	184	-9
295	181	-9
265	183	-7
266	184	-7
267	185	-7
265	182	-7
315	184	-4
316	185	-4
314	183	-4
301	185	-7
302	186	-7
300	185	-7
302	187	-7
313	182	-6
312	183	-6
311	184	-6
310	185	-6
309	186	-6
314	183	-6
308	187	-6
285	185	-10
286	185	-10
283	186	-10
284	186	-10
280	187	-10
281	187	-10
282	187	-10
275	188	-10
277	188	-10
278	188	-10
279	188	-10
247	189	-10
248	189	-10
249	189	-10
250	189	-10
251	189	-10
252	189	-10
254	189	-10
256	189	-10
272	189	-10
273	189	-10
274	189	-10
276	189	-10
245	190	-10
246	190	-10
253	190	-10
255	190	-10
257	190	-10
258	190	-10
260	190	-10
262	190	-10
264	190	-10
266	190	-10
267	190	-10
268	190	-10
269	190	-10
270	190	-10
271	190	-10
244	191	-10
259	191	-10
261	191	-10
263	191	-10
265	191	-10
243	192	-10
242	193	-10
290	188	-6
291	189	-6
295	185	-8
296	185	-8
294	186	-8
293	187	-8
292	188	-8
297	184	-8
291	189	-8
299	187	-8
300	188	-8
299	186	-8
301	188	-8
302	189	-8
301	188	-8
303	188	-8
119	177	-18
118	178	-18
118	179	-18
117	180	-18
117	181	-18
116	182	-18
117	183	-18
116	184	-18
117	185	-18
116	186	-18
117	187	-18
117	188	-18
118	189	-18
118	190	-18
120	176	-18
119	191	-18
307	188	-7
304	189	-7
306	189	-7
305	190	-7
308	187	-7
303	188	-7
309	188	-5
310	189	-5
311	190	-5
308	187	-5
312	191	-5
120	191	-16
121	191	-16
122	191	-16
123	191	-16
124	191	-16
125	191	-16
126	191	-16
127	191	-16
128	191	-16
129	191	-16
130	191	-16
131	191	-16
132	191	-16
133	191	-16
134	191	-16
135	191	-16
136	191	-16
137	191	-16
138	191	-16
139	191	-16
140	191	-16
141	191	-16
142	191	-16
143	191	-16
144	191	-16
145	191	-16
146	191	-16
147	191	-16
148	191	-16
149	191	-16
150	191	-16
151	191	-16
152	191	-16
153	191	-16
154	191	-16
155	191	-16
156	191	-16
157	191	-16
158	191	-16
159	191	-16
160	191	-16
161	191	-16
162	191	-16
163	191	-16
164	191	-16
165	191	-16
166	191	-16
167	191	-16
168	191	-16
169	191	-16
170	191	-16
171	191	-16
172	191	-16
173	191	-16
174	191	-16
175	191	-16
176	191	-16
177	191	-16
178	191	-16
179	191	-16
180	191	-16
181	191	-16
182	191	-16
183	191	-16
184	191	-16
185	191	-16
186	191	-16
187	191	-16
188	191	-16
189	191	-16
190	191	-16
191	191	-16
192	191	-16
193	191	-16
194	191	-16
195	191	-16
196	191	-16
197	191	-16
198	191	-16
199	191	-16
200	191	-16
201	191	-16
202	191	-16
203	191	-16
204	191	-16
205	191	-16
206	191	-16
207	191	-16
208	191	-16
209	191	-16
210	191	-16
211	191	-16
212	191	-16
213	191	-16
214	191	-16
215	191	-16
216	191	-16
217	191	-16
218	191	-16
219	191	-16
220	191	-16
221	191	-16
222	191	-16
223	191	-16
224	191	-16
225	191	-16
226	191	-16
227	191	-16
228	191	-16
229	191	-16
230	191	-16
231	191	-16
232	191	-16
233	191	-16
234	191	-16
235	191	-16
237	191	-16
240	191	-16
236	192	-16
238	192	-16
239	192	-16
241	192	-16
119	191	-16
242	193	-16
311	192	-4
312	191	-4
313	192	-4
312	191	-4
243	194	-15
243	195	-15
244	196	-15
245	197	-15
242	193	-15
290	190	-6
289	191	-6
288	192	-6
288	193	-6
287	194	-6
286	195	-6
285	196	-6
284	197	-6
283	198	-6
282	199	-6
291	189	-6
281	200	-6
274	200	-12
276	200	-12
278	200	-12
279	200	-12
269	201	-12
270	201	-12
271	201	-12
272	201	-12
273	201	-12
275	201	-12
277	201	-12
280	201	-12
261	202	-12
263	202	-12
264	202	-12
265	202	-12
266	202	-12
267	202	-12
268	202	-12
260	203	-12
262	203	-12
258	204	-12
259	204	-12
242	205	-12
244	205	-12
251	205	-12
254	205	-12
255	205	-12
256	205	-12
257	205	-12
121	206	-12
122	206	-12
123	206	-12
124	206	-12
125	206	-12
126	206	-12
127	206	-12
128	206	-12
129	206	-12
130	206	-12
131	206	-12
132	206	-12
133	206	-12
134	206	-12
135	206	-12
136	206	-12
137	206	-12
138	206	-12
139	206	-12
140	206	-12
141	206	-12
142	206	-12
143	206	-12
144	206	-12
145	206	-12
146	206	-12
147	206	-12
148	206	-12
149	206	-12
150	206	-12
151	206	-12
152	206	-12
153	206	-12
154	206	-12
155	206	-12
156	206	-12
157	206	-12
158	206	-12
159	206	-12
160	206	-12
161	206	-12
162	206	-12
163	206	-12
164	206	-12
165	206	-12
166	206	-12
167	206	-12
168	206	-12
169	206	-12
170	206	-12
171	206	-12
172	206	-12
173	206	-12
174	206	-12
175	206	-12
176	206	-12
177	206	-12
178	206	-12
179	206	-12
180	206	-12
181	206	-12
182	206	-12
183	206	-12
184	206	-12
185	206	-12
186	206	-12
187	206	-12
188	206	-12
189	206	-12
190	206	-12
191	206	-12
192	206	-12
193	206	-12
194	206	-12
195	206	-12
196	206	-12
197	206	-12
198	206	-12
199	206	-12
200	206	-12
201	206	-12
202	206	-12
203	206	-12
204	206	-12
205	206	-12
206	206	-12
207	206	-12
208	206	-12
209	206	-12
210	206	-12
211	206	-12
212	206	-12
213	206	-12
214	206	-12
215	206	-12
216	206	-12
217	206	-12
218	206	-12
219	206	-12
220	206	-12
221	206	-12
222	206	-12
223	206	-12
224	206	-12
225	206	-12
226	206	-12
227	206	-12
228	206	-12
229	206	-12
230	206	-12
231	206	-12
232	206	-12
233	206	-12
234	206	-12
236	206	-12
237	206	-12
238	206	-12
239	206	-12
240	206	-12
241	206	-12
243	206	-12
245	206	-12
246	206	-12
247	206	-12
248	206	-12
249	206	-12
250	206	-12
252	206	-12
253	206	-12
235	207	-12
281	200	-12
120	206	-12
118	192	-18
118	193	-18
117	194	-18
117	195	-18
116	196	-18
116	197	-18
116	198	-18
116	199	-18
116	200	-18
117	201	-18
117	202	-18
118	203	-18
118	204	-18
119	205	-18
119	191	-18
120	206	-18
282	201	-8
282	202	-8
283	203	-8
284	204	-8
293	204	-8
285	205	-8
289	205	-8
291	205	-8
292	205	-8
286	206	-8
287	206	-8
288	206	-8
290	206	-8
281	200	-8
269	214	-12
270	214	-12
271	214	-12
268	215	-12
267	216	-12
268	217	-12
267	218	-12
267	219	-12
267	220	-12
305	214	-2
305	215	-2
304	216	-2
303	217	-2
296	214	-5
295	215	-5
294	216	-5
292	217	-5
293	217	-5
291	218	-5
290	219	-5
289	220	-5
304	219	-4
303	218	-4
119	207	-18
118	208	-18
118	209	-18
117	210	-18
117	211	-18
116	212	-18
116	213	-18
116	214	-18
116	215	-18
116	216	-18
117	217	-18
117	218	-18
118	219	-18
118	220	-18
120	206	-18
119	221	-18
248	219	-16
250	219	-16
252	219	-16
234	220	-16
236	220	-16
238	220	-16
239	220	-16
241	220	-16
242	220	-16
243	220	-16
244	220	-16
245	220	-16
246	220	-16
247	220	-16
249	220	-16
251	220	-16
253	220	-16
254	220	-16
255	220	-16
256	220	-16
257	220	-16
258	220	-16
259	220	-16
260	220	-16
261	220	-16
120	221	-16
121	221	-16
122	221	-16
123	221	-16
124	221	-16
125	221	-16
126	221	-16
127	221	-16
128	221	-16
129	221	-16
130	221	-16
131	221	-16
132	221	-16
133	221	-16
134	221	-16
135	221	-16
136	221	-16
137	221	-16
138	221	-16
139	221	-16
140	221	-16
141	221	-16
142	221	-16
143	221	-16
144	221	-16
145	221	-16
146	221	-16
147	221	-16
148	221	-16
149	221	-16
150	221	-16
151	221	-16
152	221	-16
153	221	-16
154	221	-16
155	221	-16
156	221	-16
157	221	-16
158	221	-16
159	221	-16
160	221	-16
161	221	-16
162	221	-16
163	221	-16
164	221	-16
165	221	-16
166	221	-16
167	221	-16
168	221	-16
169	221	-16
170	221	-16
171	221	-16
172	221	-16
173	221	-16
174	221	-16
175	221	-16
176	221	-16
177	221	-16
178	221	-16
179	221	-16
180	221	-16
181	221	-16
182	221	-16
183	221	-16
184	221	-16
185	221	-16
186	221	-16
187	221	-16
188	221	-16
189	221	-16
190	221	-16
191	221	-16
192	221	-16
193	221	-16
194	221	-16
195	221	-16
196	221	-16
197	221	-16
198	221	-16
199	221	-16
200	221	-16
201	221	-16
202	221	-16
203	221	-16
204	221	-16
205	221	-16
206	221	-16
207	221	-16
208	221	-16
209	221	-16
210	221	-16
211	221	-16
212	221	-16
213	221	-16
214	221	-16
215	221	-16
216	221	-16
217	221	-16
218	221	-16
219	221	-16
220	221	-16
221	221	-16
222	221	-16
223	221	-16
224	221	-16
225	221	-16
226	221	-16
227	221	-16
228	221	-16
229	221	-16
230	221	-16
231	221	-16
232	221	-16
233	221	-16
235	221	-16
237	221	-16
240	221	-16
262	221	-16
263	221	-16
264	221	-16
265	221	-16
266	221	-16
267	220	-16
119	221	-16
268	221	-9
269	221	-9
270	221	-9
272	221	-9
274	221	-9
276	221	-9
286	221	-9
287	221	-9
288	221	-9
271	222	-9
273	222	-9
275	222	-9
277	222	-9
278	222	-9
279	222	-9
281	222	-9
283	222	-9
285	222	-9
280	223	-9
282	223	-9
284	223	-9
267	220	-9
289	220	-9
301	218	-4
300	219	-4
299	220	-4
299	221	-4
302	217	-4
299	222	-4
311	220	-2
306	221	-2
307	221	-2
308	221	-2
310	221	-2
312	221	-2
309	222	-2
290	221	-5
291	221	-5
292	222	-5
293	223	-5
294	223	-5
295	223	-5
296	223	-5
297	223	-5
298	223	-5
289	220	-5
299	222	-5
300	223	-5
299	222	-5
301	224	-5
303	222	-3
304	222	-3
302	223	-3
301	224	-3
301	225	-2
302	226	-2
303	227	-2
304	227	-2
305	228	-2
301	224	-2
286	232	-9
286	233	-9
292	233	-9
291	234	-9
118	222	-18
118	223	-18
117	224	-18
117	225	-18
116	226	-18
116	227	-18
115	228	-18
116	229	-18
116	230	-18
117	231	-18
117	232	-18
118	233	-18
118	234	-18
119	221	-18
119	235	-18
288	233	-10
289	234	-10
287	234	-10
290	234	-10
120	235	-16
121	235	-16
122	235	-16
123	235	-16
124	235	-16
125	235	-16
126	235	-16
127	235	-16
128	235	-16
129	235	-16
130	235	-16
131	235	-16
132	235	-16
133	235	-16
134	235	-16
135	235	-16
136	235	-16
137	235	-16
138	235	-16
139	235	-16
140	235	-16
141	235	-16
142	235	-16
143	235	-16
144	235	-16
145	235	-16
146	235	-16
147	235	-16
148	235	-16
149	235	-16
150	235	-16
151	235	-16
152	235	-16
153	235	-16
154	235	-16
155	235	-16
156	235	-16
157	235	-16
158	235	-16
159	235	-16
160	235	-16
161	235	-16
162	235	-16
163	235	-16
164	235	-16
165	235	-16
166	235	-16
167	235	-16
168	235	-16
169	235	-16
170	235	-16
171	235	-16
172	235	-16
173	235	-16
174	235	-16
175	235	-16
176	235	-16
177	235	-16
178	235	-16
179	235	-16
180	235	-16
181	235	-16
182	235	-16
183	235	-16
184	235	-16
185	235	-16
186	235	-16
187	235	-16
188	235	-16
189	235	-16
190	235	-16
191	235	-16
192	235	-16
193	235	-16
194	235	-16
195	235	-16
196	235	-16
197	235	-16
198	235	-16
199	235	-16
200	235	-16
201	235	-16
202	235	-16
203	235	-16
204	235	-16
205	235	-16
206	235	-16
207	235	-16
208	235	-16
209	235	-16
210	235	-16
211	235	-16
212	235	-16
213	235	-16
214	235	-16
215	235	-16
216	235	-16
217	235	-16
218	235	-16
219	235	-16
220	235	-16
221	235	-16
222	235	-16
223	235	-16
224	235	-16
225	235	-16
226	235	-16
227	235	-16
228	235	-16
229	235	-16
230	235	-16
231	235	-16
232	235	-16
233	235	-16
235	235	-16
237	235	-16
239	235	-16
241	235	-16
242	235	-16
243	235	-16
244	235	-16
246	235	-16
247	235	-16
248	235	-16
249	235	-16
250	235	-16
251	235	-16
234	236	-16
236	236	-16
238	236	-16
240	236	-16
245	236	-16
119	235	-16
252	236	-16
284	235	-11
285	235	-11
283	236	-11
286	234	-11
282	237	-11
256	233	-12
257	233	-12
258	233	-12
259	233	-12
260	233	-12
261	233	-12
262	233	-12
263	233	-12
265	233	-12
266	233	-12
267	233	-12
268	233	-12
270	233	-12
254	234	-12
255	234	-12
264	234	-12
269	234	-12
271	234	-12
272	234	-12
273	234	-12
253	235	-12
274	235	-12
275	235	-12
276	235	-12
277	236	-12
278	236	-12
279	236	-12
281	236	-12
280	237	-12
252	236	-12
282	237	-12
292	236	-3
294	236	-3
298	236	-3
300	236	-3
301	236	-3
293	237	-3
295	237	-3
296	237	-3
297	237	-3
299	237	-3
291	235	-3
252	237	-17
252	238	-17
252	239	-17
253	240	-17
253	241	-17
252	236	-17
283	238	-9
284	239	-9
285	240	-9
286	241	-9
282	237	-9
307	244	-6
308	244	-6
306	245	-6
306	246	-6
311	246	-6
310	247	-6
309	248	-6
308	248	-6
307	247	-6
309	248	-6
250	247	-16
249	248	-16
248	249	-16
247	250	-16
305	248	-7
304	249	-7
306	247	-7
303	250	-7
310	249	-6
309	248	-6
118	236	-18
118	237	-18
117	238	-18
117	239	-18
116	240	-18
116	241	-18
115	242	-18
116	243	-18
115	244	-18
116	245	-18
116	246	-18
117	247	-18
117	248	-18
118	249	-18
118	250	-18
119	235	-18
119	251	-18
297	249	-9
299	249	-9
262	250	-9
264	250	-9
266	250	-9
268	250	-9
269	250	-9
270	250	-9
272	250	-9
292	250	-9
294	250	-9
296	250	-9
298	250	-9
300	250	-9
301	250	-9
248	251	-9
259	251	-9
260	251	-9
261	251	-9
263	251	-9
265	251	-9
267	251	-9
271	251	-9
273	251	-9
274	251	-9
275	251	-9
277	251	-9
285	251	-9
287	251	-9
289	251	-9
290	251	-9
291	251	-9
293	251	-9
295	251	-9
249	252	-9
250	252	-9
251	252	-9
252	252	-9
253	252	-9
255	252	-9
256	252	-9
257	252	-9
258	252	-9
276	252	-9
278	252	-9
280	252	-9
282	252	-9
283	252	-9
284	252	-9
286	252	-9
288	252	-9
254	253	-9
279	253	-9
281	253	-9
247	250	-9
302	250	-9
234	250	-16
236	250	-16
238	250	-16
240	250	-16
243	250	-16
245	250	-16
120	251	-16
121	251	-16
122	251	-16
123	251	-16
124	251	-16
125	251	-16
126	251	-16
127	251	-16
128	251	-16
129	251	-16
130	251	-16
131	251	-16
132	251	-16
133	251	-16
134	251	-16
135	251	-16
136	251	-16
137	251	-16
138	251	-16
139	251	-16
140	251	-16
141	251	-16
142	251	-16
143	251	-16
144	251	-16
145	251	-16
146	251	-16
147	251	-16
148	251	-16
149	251	-16
150	251	-16
151	251	-16
152	251	-16
153	251	-16
154	251	-16
155	251	-16
156	251	-16
157	251	-16
158	251	-16
159	251	-16
160	251	-16
161	251	-16
162	251	-16
163	251	-16
164	251	-16
165	251	-16
166	251	-16
167	251	-16
168	251	-16
169	251	-16
170	251	-16
171	251	-16
172	251	-16
173	251	-16
174	251	-16
175	251	-16
176	251	-16
177	251	-16
178	251	-16
179	251	-16
180	251	-16
181	251	-16
182	251	-16
183	251	-16
184	251	-16
185	251	-16
186	251	-16
187	251	-16
188	251	-16
189	251	-16
190	251	-16
191	251	-16
192	251	-16
193	251	-16
194	251	-16
195	251	-16
196	251	-16
197	251	-16
198	251	-16
199	251	-16
200	251	-16
201	251	-16
202	251	-16
203	251	-16
204	251	-16
205	251	-16
206	251	-16
207	251	-16
208	251	-16
209	251	-16
210	251	-16
211	251	-16
212	251	-16
213	251	-16
214	251	-16
215	251	-16
216	251	-16
217	251	-16
218	251	-16
219	251	-16
220	251	-16
221	251	-16
222	251	-16
223	251	-16
224	251	-16
225	251	-16
226	251	-16
227	251	-16
228	251	-16
229	251	-16
230	251	-16
231	251	-16
232	251	-16
233	251	-16
235	251	-16
237	251	-16
239	251	-16
241	251	-16
242	251	-16
244	251	-16
246	251	-16
247	250	-16
119	251	-16
316	251	-5
315	252	-5
314	253	-5
304	252	-5
305	253	-5
306	253	-5
308	253	-5
309	253	-5
310	253	-5
311	253	-5
312	253	-5
313	253	-5
307	254	-5
303	251	-5
314	253	-5
315	254	-5
314	253	-5
266	258	-15
268	258	-15
265	259	-15
267	259	-15
269	259	-15
270	259	-15
263	260	-15
264	260	-15
271	260	-15
262	261	-15
272	261	-15
261	262	-15
297	262	-6
298	262	-6
299	262	-6
296	263	-6
294	261	-7
292	262	-7
293	262	-7
295	262	-7
291	263	-7
296	263	-7
291	264	-7
309	262	-4
308	263	-4
310	263	-4
307	264	-4
118	252	-18
118	253	-18
117	254	-18
117	255	-18
116	256	-18
116	257	-18
115	258	-18
116	259	-18
116	260	-18
117	261	-18
117	262	-18
118	263	-18
118	264	-18
119	251	-18
119	265	-18
260	261	-17
259	262	-17
257	263	-17
258	263	-17
256	264	-17
254	265	-17
255	265	-17
261	262	-17
253	266	-17
271	262	-14
262	263	-14
270	263	-14
263	264	-14
264	264	-14
269	264	-14
265	265	-14
266	265	-14
267	265	-14
268	265	-14
272	261	-14
261	262	-14
274	261	-9
273	262	-9
275	262	-9
276	263	-9
277	263	-9
278	264	-9
279	264	-9
281	264	-9
282	264	-9
283	264	-9
284	264	-9
285	264	-9
286	264	-9
287	264	-9
288	264	-9
280	265	-9
289	265	-9
272	261	-9
290	265	-9
295	264	-7
293	265	-7
294	265	-7
296	263	-7
292	266	-7
303	264	-5
304	264	-5
305	264	-5
306	265	-5
307	264	-5
120	265	-16
121	265	-16
122	265	-16
123	265	-16
124	265	-16
125	265	-16
126	265	-16
127	265	-16
128	265	-16
129	265	-16
130	265	-16
131	265	-16
132	265	-16
133	265	-16
134	265	-16
135	265	-16
136	265	-16
137	265	-16
138	265	-16
139	265	-16
140	265	-16
141	265	-16
142	265	-16
143	265	-16
144	265	-16
145	265	-16
146	265	-16
147	265	-16
148	265	-16
149	265	-16
150	265	-16
151	265	-16
152	265	-16
153	265	-16
154	265	-16
155	265	-16
156	265	-16
157	265	-16
158	265	-16
159	265	-16
160	265	-16
161	265	-16
162	265	-16
163	265	-16
164	265	-16
165	265	-16
166	265	-16
167	265	-16
168	265	-16
169	265	-16
170	265	-16
171	265	-16
172	265	-16
173	265	-16
174	265	-16
175	265	-16
176	265	-16
177	265	-16
178	265	-16
179	265	-16
180	265	-16
181	265	-16
182	265	-16
183	265	-16
184	265	-16
185	265	-16
186	265	-16
187	265	-16
188	265	-16
189	265	-16
190	265	-16
191	265	-16
192	265	-16
193	265	-16
194	265	-16
195	265	-16
196	265	-16
197	265	-16
198	265	-16
199	265	-16
200	265	-16
201	265	-16
202	265	-16
203	265	-16
204	265	-16
205	265	-16
206	265	-16
207	265	-16
208	265	-16
209	265	-16
210	265	-16
211	265	-16
212	265	-16
213	265	-16
214	265	-16
215	265	-16
216	265	-16
217	265	-16
218	265	-16
219	265	-16
220	265	-16
221	265	-16
222	265	-16
223	265	-16
224	265	-16
225	265	-16
226	265	-16
227	265	-16
228	265	-16
229	265	-16
230	265	-16
231	265	-16
232	265	-16
233	265	-16
235	265	-16
236	265	-16
237	265	-16
238	265	-16
240	265	-16
242	265	-16
244	265	-16
246	265	-16
234	266	-16
239	266	-16
241	266	-16
243	266	-16
245	266	-16
247	266	-16
248	266	-16
249	266	-16
250	266	-16
251	266	-16
119	265	-16
252	266	-16
315	264	-4
317	264	-4
308	265	-4
310	265	-4
312	265	-4
314	265	-4
316	265	-4
309	266	-4
311	266	-4
313	266	-4
307	264	-4
293	267	-8
292	266	-8
294	268	-8
260	267	-16
259	268	-16
259	269	-16
296	269	-5
297	269	-5
295	269	-5
293	270	-6
294	269	-6
253	268	-16
254	269	-16
255	269	-16
256	270	-16
257	271	-16
253	267	-16
258	270	-16
260	271	-16
259	270	-16
118	266	-18
118	267	-18
117	268	-18
117	269	-18
116	270	-18
116	271	-18
115	272	-18
116	273	-18
116	274	-18
117	275	-18
117	276	-18
119	265	-18
118	277	-18
119	278	-18
120	278	-18
118	277	-18
121	279	-18
305	280	-6
305	281	-6
292	280	-7
293	280	-7
291	281	-7
291	282	-7
291	283	-7
304	282	-6
305	281	-6
303	283	-6
123	279	-15
124	279	-15
125	279	-15
126	279	-15
127	279	-15
128	279	-15
129	279	-15
130	279	-15
131	279	-15
132	279	-15
133	279	-15
134	279	-15
135	279	-15
136	279	-15
137	279	-15
138	279	-15
139	279	-15
140	279	-15
141	279	-15
142	279	-15
143	279	-15
144	279	-15
145	279	-15
146	279	-15
147	279	-15
148	279	-15
149	279	-15
150	279	-15
151	279	-15
152	279	-15
153	279	-15
154	279	-15
155	279	-15
156	279	-15
157	279	-15
158	279	-15
159	279	-15
160	279	-15
161	279	-15
162	279	-15
163	279	-15
164	279	-15
165	279	-15
166	279	-15
167	279	-15
168	279	-15
169	279	-15
170	279	-15
171	279	-15
172	279	-15
173	279	-15
174	279	-15
175	279	-15
176	279	-15
177	279	-15
178	279	-15
179	279	-15
180	279	-15
181	279	-15
182	279	-15
183	279	-15
184	279	-15
185	279	-15
186	279	-15
187	279	-15
188	279	-15
189	279	-15
190	279	-15
191	279	-15
192	279	-15
193	279	-15
194	279	-15
195	279	-15
196	279	-15
197	279	-15
198	279	-15
199	279	-15
200	279	-15
201	279	-15
202	279	-15
203	279	-15
204	279	-15
205	279	-15
206	279	-15
207	279	-15
208	279	-15
209	279	-15
210	279	-15
211	279	-15
212	279	-15
213	279	-15
214	279	-15
215	279	-15
216	279	-15
217	279	-15
218	279	-15
219	279	-15
220	279	-15
221	279	-15
222	279	-15
223	279	-15
224	279	-15
225	279	-15
226	279	-15
227	279	-15
228	279	-15
229	279	-15
230	279	-15
231	279	-15
232	279	-15
235	279	-15
240	279	-15
242	279	-15
244	279	-15
246	279	-15
248	279	-15
249	279	-15
250	279	-15
251	279	-15
252	279	-15
253	279	-15
233	280	-15
234	280	-15
236	280	-15
237	280	-15
238	280	-15
239	280	-15
241	280	-15
243	280	-15
245	280	-15
247	280	-15
254	280	-15
255	280	-15
260	280	-15
262	280	-15
264	280	-15
266	280	-15
256	281	-15
257	281	-15
258	281	-15
259	281	-15
261	281	-15
263	281	-15
265	281	-15
267	281	-15
269	281	-15
268	282	-15
270	282	-15
271	283	-15
122	279	-15
272	284	-15
275	281	-10
276	281	-10
277	281	-10
278	281	-10
279	281	-10
280	281	-10
281	281	-10
274	282	-10
282	282	-10
283	282	-10
284	282	-10
273	283	-10
285	283	-10
286	283	-10
287	284	-10
288	284	-10
289	284	-10
272	284	-10
290	285	-10
306	282	-6
307	282	-6
308	283	-6
309	283	-6
310	283	-6
311	284	-6
305	281	-6
302	282	-6
301	283	-6
300	284	-6
299	285	-6
303	283	-6
298	286	-6
303	284	-6
304	285	-6
303	283	-6
293	285	-6
295	285	-6
297	285	-6
294	286	-6
296	286	-6
292	284	-6
298	286	-6
258	287	-12
259	288	-12
260	289	-12
263	287	-11
261	288	-11
262	288	-11
260	289	-11
273	285	-11
273	286	-11
274	287	-11
275	288	-11
276	288	-11
277	288	-11
278	288	-11
279	288	-11
272	284	-11
290	286	-5
290	287	-5
289	288	-5
290	285	-5
299	287	-6
300	288	-6
301	289	-6
298	286	-6
302	290	-6
256	290	-15
257	291	-15
259	290	-15
260	289	-15
258	291	-15
303	289	-5
304	289	-5
306	289	-5
305	290	-5
307	290	-5
302	290	-5
248	287	-15
247	288	-15
246	289	-15
245	290	-15
245	291	-15
244	292	-15
244	293	-15
302	291	-5
303	292	-5
302	290	-5
121	281	-17
121	282	-17
121	283	-17
121	284	-17
122	285	-17
123	286	-17
124	287	-17
125	288	-17
126	289	-17
127	290	-17
128	290	-17
129	291	-17
130	291	-17
131	292	-17
132	292	-17
133	293	-17
134	293	-17
135	294	-17
136	294	-17
121	280	-17
137	295	-17
233	294	-15
234	294	-15
236	294	-15
238	294	-15
240	294	-15
139	295	-15
140	295	-15
141	295	-15
142	295	-15
143	295	-15
144	295	-15
145	295	-15
146	295	-15
147	295	-15
148	295	-15
149	295	-15
150	295	-15
151	295	-15
152	295	-15
153	295	-15
154	295	-15
155	295	-15
156	295	-15
157	295	-15
158	295	-15
159	295	-15
160	295	-15
161	295	-15
162	295	-15
163	295	-15
164	295	-15
165	295	-15
166	295	-15
167	295	-15
168	295	-15
169	295	-15
170	295	-15
171	295	-15
172	295	-15
173	295	-15
174	295	-15
175	295	-15
176	295	-15
177	295	-15
178	295	-15
179	295	-15
180	295	-15
181	295	-15
182	295	-15
183	295	-15
184	295	-15
185	295	-15
186	295	-15
187	295	-15
188	295	-15
189	295	-15
190	295	-15
191	295	-15
192	295	-15
193	295	-15
194	295	-15
195	295	-15
196	295	-15
197	295	-15
198	295	-15
199	295	-15
200	295	-15
201	295	-15
202	295	-15
203	295	-15
204	295	-15
205	295	-15
206	295	-15
207	295	-15
208	295	-15
209	295	-15
210	295	-15
211	295	-15
212	295	-15
213	295	-15
214	295	-15
215	295	-15
216	295	-15
217	295	-15
218	295	-15
219	295	-15
220	295	-15
221	295	-15
222	295	-15
223	295	-15
224	295	-15
225	295	-15
226	295	-15
227	295	-15
228	295	-15
229	295	-15
230	295	-15
231	295	-15
232	295	-15
235	295	-15
237	295	-15
239	295	-15
241	295	-15
242	295	-15
243	294	-15
138	295	-15
256	293	-16
255	294	-16
254	295	-16
257	292	-16
254	296	-16
265	295	-13
264	296	-13
266	296	-13
267	296	-13
262	297	-13
263	297	-13
268	297	-13
261	298	-13
260	299	-13
245	295	-16
246	295	-16
247	296	-16
248	297	-16
249	297	-16
253	297	-16
250	298	-16
251	298	-16
252	298	-16
244	294	-16
254	296	-16
255	297	-16
256	298	-16
257	299	-16
258	299	-16
259	300	-16
254	296	-16
260	299	-16
261	300	-13
262	301	-13
263	302	-13
264	303	-13
260	299	-13
283	304	-7
283	305	-7
283	306	-7
296	306	-5
295	307	-5
291	305	-6
289	306	-6
290	306	-6
292	306	-6
294	306	-6
288	307	-6
293	307	-6
287	308	-6
295	307	-6
286	309	-6
285	308	-11
284	307	-11
286	309	-11
296	308	-5
295	307	-5
137	297	-17
137	298	-17
137	299	-17
137	300	-17
138	301	-17
139	302	-17
140	303	-17
141	304	-17
142	304	-17
143	305	-17
144	305	-17
145	306	-17
146	306	-17
147	307	-17
148	307	-17
149	308	-17
150	308	-17
151	309	-17
152	309	-17
137	296	-17
153	310	-17
281	308	-12
282	308	-12
235	309	-12
237	309	-12
280	309	-12
155	310	-12
156	310	-12
157	310	-12
158	310	-12
159	310	-12
160	310	-12
161	310	-12
162	310	-12
163	310	-12
164	310	-12
165	310	-12
166	310	-12
167	310	-12
168	310	-12
169	310	-12
170	310	-12
171	310	-12
172	310	-12
173	310	-12
174	310	-12
175	310	-12
176	310	-12
177	310	-12
178	310	-12
179	310	-12
180	310	-12
181	310	-12
182	310	-12
183	310	-12
184	310	-12
185	310	-12
186	310	-12
187	310	-12
188	310	-12
189	310	-12
190	310	-12
191	310	-12
192	310	-12
193	310	-12
194	310	-12
195	310	-12
196	310	-12
197	310	-12
198	310	-12
199	310	-12
200	310	-12
201	310	-12
202	310	-12
203	310	-12
204	310	-12
205	310	-12
206	310	-12
207	310	-12
208	310	-12
209	310	-12
210	310	-12
211	310	-12
212	310	-12
213	310	-12
214	310	-12
215	310	-12
216	310	-12
217	310	-12
218	310	-12
219	310	-12
220	310	-12
221	310	-12
222	310	-12
223	310	-12
224	310	-12
225	310	-12
226	310	-12
227	310	-12
228	310	-12
229	310	-12
230	310	-12
231	310	-12
232	310	-12
233	310	-12
234	310	-12
236	310	-12
238	310	-12
239	310	-12
240	310	-12
241	310	-12
242	310	-12
243	310	-12
276	310	-12
277	310	-12
278	310	-12
279	310	-12
244	311	-12
246	311	-12
248	311	-12
249	311	-12
250	311	-12
251	311	-12
252	311	-12
253	311	-12
254	311	-12
255	311	-12
256	311	-12
258	311	-12
260	311	-12
263	311	-12
265	311	-12
267	311	-12
269	311	-12
270	311	-12
271	311	-12
272	311	-12
273	311	-12
274	311	-12
275	311	-12
245	312	-12
247	312	-12
257	312	-12
259	312	-12
261	312	-12
262	312	-12
264	312	-12
266	312	-12
268	312	-12
283	307	-12
154	310	-12
287	310	-8
288	311	-8
289	312	-8
286	309	-8
290	313	-8
292	311	-7
291	312	-7
290	313	-7
290	314	-5
290	315	-5
291	316	-5
290	313	-5
153	312	-17
153	313	-17
153	314	-17
153	315	-17
154	316	-17
155	317	-17
156	318	-17
157	319	-17
158	319	-17
159	320	-17
160	320	-17
161	321	-17
162	321	-17
163	322	-17
164	322	-17
165	323	-17
166	323	-17
153	311	-17
167	324	-17
312	319	-8
310	320	-8
311	320	-8
309	321	-8
308	322	-8
307	323	-8
306	324	-8
264	322	-8
266	322	-8
235	323	-8
254	323	-8
256	323	-8
258	323	-8
259	323	-8
260	323	-8
261	323	-8
262	323	-8
263	323	-8
265	323	-8
267	323	-8
268	323	-8
269	323	-8
271	323	-8
273	323	-8
275	323	-8
169	324	-8
170	324	-8
171	324	-8
172	324	-8
173	324	-8
174	324	-8
175	324	-8
176	324	-8
177	324	-8
178	324	-8
179	324	-8
180	324	-8
181	324	-8
182	324	-8
183	324	-8
184	324	-8
185	324	-8
186	324	-8
187	324	-8
188	324	-8
189	324	-8
190	324	-8
191	324	-8
192	324	-8
193	324	-8
194	324	-8
195	324	-8
196	324	-8
197	324	-8
198	324	-8
199	324	-8
200	324	-8
201	324	-8
202	324	-8
203	324	-8
204	324	-8
205	324	-8
206	324	-8
207	324	-8
208	324	-8
209	324	-8
210	324	-8
211	324	-8
212	324	-8
213	324	-8
214	324	-8
215	324	-8
216	324	-8
217	324	-8
218	324	-8
219	324	-8
220	324	-8
221	324	-8
222	324	-8
223	324	-8
224	324	-8
225	324	-8
226	324	-8
227	324	-8
228	324	-8
229	324	-8
230	324	-8
231	324	-8
232	324	-8
233	324	-8
234	324	-8
236	324	-8
237	324	-8
238	324	-8
239	324	-8
240	324	-8
241	324	-8
243	324	-8
245	324	-8
247	324	-8
249	324	-8
250	324	-8
251	324	-8
252	324	-8
253	324	-8
255	324	-8
257	324	-8
270	324	-8
272	324	-8
274	324	-8
276	324	-8
278	324	-8
301	324	-8
303	324	-8
304	324	-8
242	325	-8
244	325	-8
246	325	-8
248	325	-8
277	325	-8
279	325	-8
280	325	-8
281	325	-8
282	325	-8
283	325	-8
284	325	-8
285	325	-8
286	325	-8
287	325	-8
288	325	-8
290	325	-8
292	325	-8
294	325	-8
296	325	-8
298	325	-8
300	325	-8
302	325	-8
305	325	-8
289	326	-8
291	326	-8
293	326	-8
295	326	-8
297	326	-8
299	326	-8
168	324	-8
306	324	-8
319	325	-6
320	325	-6
321	325	-6
322	325	-6
323	326	-6
318	326	-6
307	325	-7
308	326	-7
309	327	-7
310	327	-7
311	327	-7
312	327	-7
306	324	-7
313	328	-7
315	326	-7
316	326	-7
314	327	-7
317	326	-7
313	328	-7
319	328	-6
320	329	-6
321	329	-6
318	327	-6
313	329	-6
314	330	-6
315	330	-6
316	331	-6
313	328	-6
281	334	-9
280	335	-9
290	334	-6
290	335	-6
289	336	-6
297	334	-6
298	335	-6
298	336	-6
304	334	-6
302	335	-6
303	335	-6
301	336	-6
300	337	-6
167	326	-17
167	327	-17
167	328	-17
167	329	-17
168	330	-17
169	331	-17
170	332	-17
171	333	-17
172	333	-17
173	334	-17
174	334	-17
175	335	-17
176	335	-17
177	336	-17
178	336	-17
179	337	-17
180	337	-17
167	325	-17
181	338	-17
256	335	-17
254	336	-17
255	336	-17
257	336	-17
258	337	-17
253	337	-17
287	336	-9
281	337	-9
282	337	-9
284	337	-9
285	337	-9
286	337	-9
288	337	-9
283	338	-9
280	336	-9
289	336	-9
299	337	-7
298	336	-7
300	337	-7
235	337	-18
251	337	-18
183	338	-18
184	338	-18
185	338	-18
186	338	-18
187	338	-18
188	338	-18
189	338	-18
190	338	-18
191	338	-18
192	338	-18
193	338	-18
194	338	-18
195	338	-18
196	338	-18
197	338	-18
198	338	-18
199	338	-18
200	338	-18
201	338	-18
202	338	-18
203	338	-18
204	338	-18
205	338	-18
206	338	-18
207	338	-18
208	338	-18
209	338	-18
210	338	-18
211	338	-18
212	338	-18
213	338	-18
214	338	-18
215	338	-18
216	338	-18
217	338	-18
218	338	-18
219	338	-18
220	338	-18
221	338	-18
222	338	-18
223	338	-18
224	338	-18
225	338	-18
226	338	-18
227	338	-18
228	338	-18
229	338	-18
230	338	-18
231	338	-18
232	338	-18
233	338	-18
234	338	-18
236	338	-18
237	338	-18
238	338	-18
239	338	-18
240	338	-18
241	338	-18
242	338	-18
243	338	-18
244	338	-18
245	338	-18
246	338	-18
247	338	-18
248	338	-18
249	338	-18
250	338	-18
252	337	-18
182	338	-18
297	337	-7
296	338	-7
298	336	-7
295	339	-7
278	337	-11
276	338	-11
277	338	-11
254	339	-11
255	339	-11
263	339	-11
265	339	-11
273	339	-11
274	339	-11
275	339	-11
256	340	-11
257	340	-11
259	340	-11
260	340	-11
261	340	-11
262	340	-11
264	340	-11
266	340	-11
267	340	-11
268	340	-11
269	340	-11
270	340	-11
271	340	-11
272	340	-11
258	341	-11
279	336	-11
253	338	-11
290	337	-7
291	338	-7
292	338	-7
294	338	-7
293	339	-7
289	336	-7
295	339	-7
301	338	-6
302	339	-6
304	339	-6
303	340	-6
305	340	-6
300	337	-6
287	340	-8
288	340	-8
282	341	-8
283	341	-8
284	341	-8
285	341	-8
286	341	-8
295	340	-6
296	341	-6
297	342	-6
295	339	-6
298	343	-6
299	342	-6
298	343	-6
299	344	-5
298	343	-5
278	346	-9
277	347	-9
277	348	-9
276	349	-9
276	350	-9
181	340	-17
181	341	-17
181	342	-17
181	343	-17
181	344	-17
182	345	-17
183	346	-17
184	346	-17
185	347	-17
186	347	-17
187	348	-17
188	348	-17
189	349	-17
190	349	-17
191	350	-17
192	350	-17
193	351	-17
194	351	-17
181	339	-17
195	352	-17
286	352	-9
285	353	-9
251	351	-16
252	351	-16
253	351	-16
254	351	-16
255	351	-16
256	351	-16
258	351	-16
197	352	-16
198	352	-16
199	352	-16
200	352	-16
201	352	-16
202	352	-16
203	352	-16
204	352	-16
205	352	-16
206	352	-16
207	352	-16
208	352	-16
209	352	-16
210	352	-16
211	352	-16
212	352	-16
213	352	-16
214	352	-16
215	352	-16
216	352	-16
217	352	-16
218	352	-16
219	352	-16
220	352	-16
221	352	-16
222	352	-16
223	352	-16
224	352	-16
225	352	-16
226	352	-16
227	352	-16
228	352	-16
229	352	-16
230	352	-16
231	352	-16
232	352	-16
233	352	-16
234	352	-16
236	352	-16
238	352	-16
240	352	-16
242	352	-16
249	352	-16
250	352	-16
257	352	-16
259	352	-16
260	352	-16
267	352	-16
269	352	-16
235	353	-16
237	353	-16
239	353	-16
241	353	-16
243	353	-16
244	353	-16
245	353	-16
246	353	-16
247	353	-16
248	353	-16
261	353	-16
262	353	-16
263	353	-16
264	353	-16
265	353	-16
266	353	-16
268	353	-16
270	353	-16
271	353	-16
196	352	-16
272	354	-16
275	351	-15
274	352	-15
273	353	-15
276	350	-15
272	354	-15
277	351	-11
278	352	-11
279	353	-11
283	353	-11
284	353	-11
280	354	-11
281	354	-11
282	354	-11
276	350	-11
285	353	-11
286	354	-9
285	353	-9
273	355	-10
273	356	-10
274	357	-10
274	358	-10
275	359	-10
272	354	-10
293	360	-5
295	360	-5
296	360	-5
292	361	-5
294	361	-5
291	362	-5
283	364	-8
283	365	-8
290	364	-8
291	363	-8
289	365	-8
293	364	-6
292	363	-6
253	365	-15
252	366	-15
264	364	-13
263	365	-13
262	366	-13
195	354	-17
195	355	-17
195	356	-17
195	357	-17
195	358	-17
196	359	-17
197	360	-17
198	361	-17
199	362	-17
200	362	-17
201	363	-17
202	363	-17
203	364	-17
204	364	-17
205	365	-17
206	365	-17
207	366	-17
208	366	-17
195	353	-17
209	367	-17
286	365	-9
285	366	-9
287	366	-9
284	366	-9
288	366	-9
239	366	-17
241	366	-17
243	366	-17
211	367	-17
212	367	-17
213	367	-17
214	367	-17
215	367	-17
216	367	-17
217	367	-17
218	367	-17
219	367	-17
220	367	-17
221	367	-17
222	367	-17
223	367	-17
224	367	-17
225	367	-17
226	367	-17
227	367	-17
228	367	-17
229	367	-17
230	367	-17
231	367	-17
232	367	-17
233	367	-17
234	367	-17
235	367	-17
236	367	-17
237	367	-17
238	367	-17
240	367	-17
242	367	-17
244	367	-17
245	367	-17
246	367	-17
248	367	-17
249	367	-17
250	367	-17
247	368	-17
210	367	-17
251	367	-17
302	366	-5
303	366	-5
301	367	-5
304	367	-5
300	368	-5
263	367	-12
264	367	-12
277	367	-12
265	368	-12
268	368	-12
272	368	-12
273	368	-12
274	368	-12
275	368	-12
276	368	-12
278	368	-12
279	368	-12
266	369	-12
267	369	-12
269	369	-12
270	369	-12
271	369	-12
262	366	-12
280	369	-12
282	367	-11
281	368	-11
283	366	-11
280	369	-11
290	367	-8
291	368	-8
289	366	-8
292	369	-8
261	367	-17
253	368	-17
254	368	-17
256	368	-17
259	368	-17
260	368	-17
255	369	-17
257	369	-17
258	369	-17
262	366	-17
252	367	-17
293	368	-6
294	368	-6
295	368	-6
296	368	-6
298	368	-6
299	368	-6
297	369	-6
300	368	-6
292	369	-6
301	369	-5
304	369	-5
305	369	-5
306	369	-5
307	369	-5
302	370	-5
303	370	-5
300	368	-5
291	370	-6
292	369	-6
280	370	-10
281	371	-10
282	371	-10
280	369	-10
283	372	-10
285	370	-8
284	371	-8
283	372	-8
283	373	-7
284	374	-7
285	374	-7
286	374	-7
283	372	-7
209	369	-17
209	370	-17
209	371	-17
209	372	-17
210	373	-17
211	374	-17
212	375	-17
213	376	-17
214	376	-17
215	377	-17
216	377	-17
217	378	-17
218	378	-17
219	379	-17
220	379	-17
221	380	-17
222	380	-17
223	381	-17
224	381	-17
209	368	-17
225	382	-17
235	381	-15
237	381	-15
238	381	-15
239	381	-15
240	381	-15
241	381	-15
242	381	-15
270	381	-15
271	381	-15
227	382	-15
228	382	-15
229	382	-15
230	382	-15
231	382	-15
232	382	-15
233	382	-15
234	382	-15
236	382	-15
243	382	-15
244	382	-15
250	382	-15
253	382	-15
255	382	-15
256	382	-15
257	382	-15
259	382	-15
266	382	-15
267	382	-15
268	382	-15
269	382	-15
245	383	-15
246	383	-15
248	383	-15
249	383	-15
251	383	-15
252	383	-15
254	383	-15
258	383	-15
260	383	-15
261	383	-15
262	383	-15
263	383	-15
265	383	-15
247	384	-15
264	384	-15
226	382	-15
272	382	-15
272	383	-15
272	384	-15
272	382	-15
273	381	-10
274	382	-10
276	382	-10
275	383	-10
277	383	-10
280	383	-10
278	384	-10
279	384	-10
281	384	-10
272	382	-10
282	385	-10
287	382	-6
285	383	-6
286	383	-6
288	383	-6
283	384	-6
284	384	-6
282	385	-6
283	386	-7
284	387	-7
285	387	-7
282	385	-7
286	388	-7
288	387	-5
287	388	-5
287	390	-5
286	389	-5
117	278	-18
116	279	-18
115	280	-18
114	281	-18
113	282	-18
112	283	-18
111	284	-18
110	285	-18
109	286	-18
108	287	-18
107	288	-18
106	289	-18
105	290	-18
104	291	-18
103	292	-18
102	293	-18
101	294	-18
100	295	-18
99	296	-18
98	297	-18
97	298	-18
96	299	-18
95	300	-18
94	301	-18
93	302	-18
92	303	-18
91	304	-18
90	305	-18
89	306	-18
88	307	-18
87	308	-18
86	309	-18
85	310	-18
84	311	-18
83	312	-18
82	313	-18
81	314	-18
80	315	-18
79	316	-18
78	317	-18
77	318	-18
76	319	-18
75	320	-18
74	321	-18
73	322	-18
72	323	-18
71	324	-18
70	325	-18
69	326	-18
68	327	-18
67	328	-18
66	329	-18
65	330	-18
64	331	-18
63	332	-18
62	333	-18
61	334	-18
60	335	-18
59	336	-18
58	337	-18
57	338	-18
56	339	-18
55	340	-18
54	341	-18
53	342	-18
52	343	-18
51	344	-18
50	345	-18
49	346	-18
48	347	-18
47	348	-18
46	349	-18
45	350	-18
44	351	-18
43	352	-18
42	353	-18
41	354	-18
40	355	-18
39	356	-18
38	357	-18
37	358	-18
36	359	-18
35	360	-18
34	361	-18
33	362	-18
32	363	-18
31	364	-18
30	365	-18
29	366	-18
28	367	-18
27	368	-18
26	369	-18
25	370	-18
24	371	-18
23	372	-18
22	373	-18
21	374	-18
20	375	-18
19	376	-18
18	377	-18
17	378	-18
16	379	-18
15	380	-18
14	381	-18
13	382	-18
12	383	-18
11	384	-18
10	385	-18
9	386	-18
8	387	-18
7	388	-18
6	389	-18
5	390	-18
4	391	-18
3	392	-18
2	393	-18
1	394	-18
118	277	-18
225	384	-17
225	385	-17
225	386	-17
225	387	-17
225	388	-17
226	389	-17
227	390	-17
228	390	-17
229	391	-17
230	391	-17
231	392	-17
232	392	-17
233	393	-17
234	393	-17
250	393	-17
252	393	-17
235	394	-17
236	394	-17
237	394	-17
238	394	-17
239	394	-17
240	394	-17
241	394	-17
242	394	-17
243	394	-17
244	394	-17
245	394	-17
246	394	-17
247	394	-17
248	394	-17
249	394	-17
251	394	-17
253	394	-17
254	394	-17
255	394	-17
256	394	-17
225	383	-17
