232	1	-7
233	2	-7
234	2	-7
235	3	-7
238	1	-9
237	2	-9
236	3	-9
342	1	-5
343	1	-5
344	1	-5
346	1	-5
347	1	-5
345	2	-5
248	1	-6
249	2	-6
250	2	-6
251	3	-6
252	3	-6
253	4	-8
252	3	-8
254	1	-8
256	1	-8
258	1	-8
253	2	-8
255	2	-8
257	2	-8
259	2	-8
260	2	-8
261	3	-8
262	3	-8
263	4	-8
252	3	-8
264	5	-8
327	3	-8
328	3	-8
326	4	-8
329	4	-8
325	5	-8
324	6	-8
266	3	-12
270	3	-12
265	4	-12
267	4	-12
268	4	-12
269	4	-12
271	4	-12
272	4	-12
273	5	-12
264	5	-12
274	6	-12
277	4	-14
276	5	-14
275	6	-14
322	6	-12
317	7	-12
318	7	-12
319	7	-12
320	7	-12
321	7	-12
323	7	-12
316	8	-12
313	9	-12
315	9	-12
303	10	-12
305	10	-12
306	10	-12
310	10	-12
312	10	-12
314	10	-12
304	11	-12
307	11	-12
308	11	-12
309	11	-12
311	11	-12
324	6	-12
302	11	-12
334	7	-8
333	8	-8
237	5	-9
238	6	-9
239	7	-9
239	8	-9
236	4	-9
325	7	-11
325	8	-11
324	6	-11
326	9	-11
218	1	-22
217	2	-22
216	3	-22
216	4	-22
216	5	-22
216	6	-22
216	7	-22
216	8	-22
216	9	-22
216	10	-22
325	10	-10
326	9	-10
332	9	-10
327	10	-10
328	10	-10
329	10	-10
330	10	-10
331	10	-10
333	8	-10
326	9	-10
334	9	-10
335	10	-10
333	8	-10
292	10	-15
291	11	-15
293	11	-15
294	11	-15
295	11	-15
296	11	-15
297	11	-15
298	11	-15
299	11	-15
300	11	-15
289	12	-15
290	12	-15
286	13	-15
287	13	-15
288	13	-15
283	14	-15
284	14	-15
285	14	-15
282	15	-15
301	11	-15
281	14	-15
264	6	-11
264	7	-11
265	8	-11
266	9	-11
267	10	-11
268	10	-11
269	10	-11
270	11	-11
271	12	-11
264	5	-11
272	13	-11
217	11	-23
218	11	-23
219	12	-23
220	12	-23
222	12	-23
224	12	-23
221	13	-23
223	13	-23
225	13	-23
226	13	-23
227	13	-23
216	10	-23
228	14	-23
276	8	-13
277	9	-13
278	10	-13
279	11	-13
280	12	-13
281	13	-13
275	7	-13
281	14	-13
302	13	-11
299	14	-11
300	14	-11
301	14	-11
298	15	-11
302	12	-11
341	12	-8
342	13	-8
342	14	-8
262	12	-22
262	13	-22
262	14	-22
262	15	-22
262	16	-22
271	14	-20
266	15	-20
268	15	-20
269	15	-20
270	15	-20
264	16	-20
265	16	-20
267	16	-20
263	17	-20
272	13	-20
262	16	-20
354	14	-4
351	15	-4
352	15	-4
353	15	-4
348	16	-4
349	16	-4
350	16	-4
273	14	-18
274	15	-18
275	15	-18
276	15	-18
277	15	-18
279	15	-18
280	15	-18
278	16	-18
272	13	-18
281	14	-18
231	14	-23
233	14	-23
234	14	-23
235	14	-23
236	14	-23
237	14	-23
238	14	-23
239	14	-23
240	14	-23
241	14	-23
242	14	-23
243	14	-23
244	14	-23
245	14	-23
246	14	-23
247	14	-23
248	14	-23
250	14	-23
252	14	-23
232	15	-23
249	15	-23
251	15	-23
253	15	-23
254	16	-23
255	16	-23
256	16	-23
257	16	-23
258	16	-23
259	16	-23
260	16	-23
261	17	-23
230	15	-23
262	16	-23
325	16	-7
326	16	-7
324	17	-7
323	18	-7
228	16	-22
228	17	-22
228	18	-22
228	19	-22
228	20	-22
228	15	-22
230	16	-22
230	17	-22
230	18	-22
230	19	-22
230	20	-22
230	15	-22
296	17	-12
295	18	-12
295	19	-12
295	20	-12
295	21	-12
318	20	-7
318	21	-7
318	22	-7
335	14	-7
335	15	-7
334	16	-7
333	17	-7
332	18	-7
332	19	-7
331	20	-7
331	21	-7
331	22	-7
341	20	-6
340	21	-6
339	22	-6
338	21	-6
337	22	-6
339	22	-6
336	23	-6
319	23	-7
321	23	-7
322	23	-7
323	23	-7
324	23	-7
325	23	-7
326	23	-7
327	23	-7
328	23	-7
329	23	-7
330	23	-7
320	24	-7
318	22	-7
331	22	-7
332	23	-7
333	23	-7
334	23	-7
331	22	-7
335	23	-7
340	23	-6
341	23	-6
342	23	-6
343	23	-6
339	22	-6
294	23	-14
293	24	-14
292	25	-14
295	22	-14
291	26	-14
273	25	-16
275	25	-16
277	25	-16
279	25	-16
281	25	-16
283	25	-16
285	25	-16
287	25	-16
290	25	-16
266	26	-16
268	26	-16
270	26	-16
271	26	-16
272	26	-16
274	26	-16
276	26	-16
278	26	-16
280	26	-16
282	26	-16
284	26	-16
286	26	-16
288	26	-16
289	26	-16
246	27	-16
247	27	-16
248	27	-16
249	27	-16
250	27	-16
263	27	-16
265	27	-16
267	27	-16
269	27	-16
244	28	-16
245	28	-16
251	28	-16
252	28	-16
253	28	-16
254	28	-16
255	28	-16
257	28	-16
259	28	-16
260	28	-16
261	28	-16
262	28	-16
264	28	-16
242	29	-16
243	29	-16
256	29	-16
258	29	-16
240	30	-16
241	30	-16
291	26	-16
239	31	-16
317	23	-10
315	24	-10
316	24	-10
314	25	-10
313	26	-10
318	22	-10
312	27	-10
336	25	-6
337	26	-6
336	24	-6
298	22	-10
297	23	-10
299	23	-10
300	24	-10
301	25	-10
302	25	-10
303	25	-10
310	25	-10
304	26	-10
305	26	-10
306	26	-10
308	26	-10
309	26	-10
311	26	-10
307	27	-10
296	22	-10
312	27	-10
318	27	-8
317	28	-8
291	27	-12
292	28	-12
291	26	-12
313	28	-10
312	27	-10
314	29	-10
316	29	-10
317	28	-10
315	29	-10
318	29	-9
317	28	-9
214	11	-21
215	11	-21
212	12	-21
213	12	-21
210	13	-21
211	13	-21
208	14	-21
209	14	-21
206	15	-21
207	15	-21
204	16	-21
205	16	-21
202	17	-21
203	17	-21
200	18	-21
201	18	-21
198	19	-21
199	19	-21
196	20	-21
197	20	-21
194	21	-21
195	21	-21
192	22	-21
193	22	-21
191	23	-21
190	24	-21
190	25	-21
189	26	-21
188	27	-21
188	28	-21
188	29	-21
188	30	-21
216	10	-21
188	31	-21
228	30	-23
230	30	-23
232	30	-23
235	30	-23
216	31	-23
217	31	-23
218	31	-23
219	31	-23
221	31	-23
223	31	-23
225	31	-23
226	31	-23
227	31	-23
229	31	-23
231	31	-23
233	31	-23
234	31	-23
236	31	-23
237	31	-23
238	31	-23
190	32	-23
191	32	-23
192	32	-23
193	32	-23
194	32	-23
195	32	-23
196	32	-23
197	32	-23
198	32	-23
199	32	-23
200	32	-23
201	32	-23
202	32	-23
203	32	-23
204	32	-23
205	32	-23
206	32	-23
207	32	-23
208	32	-23
209	32	-23
210	32	-23
211	32	-23
212	32	-23
213	32	-23
214	32	-23
215	32	-23
220	32	-23
222	32	-23
224	32	-23
239	31	-23
189	32	-23
240	32	-23
241	33	-23
242	34	-23
243	35	-23
239	31	-23
315	31	-7
315	32	-7
316	33	-7
317	34	-7
319	34	-7
318	35	-7
314	30	-7
261	39	-16
260	40	-16
259	41	-16
259	42	-16
301	43	-5
300	44	-5
186	33	-21
187	33	-21
184	34	-21
185	34	-21
182	35	-21
183	35	-21
180	36	-21
181	36	-21
178	37	-21
179	37	-21
177	38	-21
176	39	-21
175	40	-21
174	41	-21
174	42	-21
174	43	-21
174	44	-21
188	32	-21
174	45	-21
258	43	-21
253	44	-21
254	44	-21
255	44	-21
256	44	-21
257	44	-21
216	45	-21
219	45	-21
221	45	-21
232	45	-21
234	45	-21
236	45	-21
238	45	-21
247	45	-21
248	45	-21
249	45	-21
250	45	-21
251	45	-21
252	45	-21
176	46	-21
177	46	-21
178	46	-21
179	46	-21
180	46	-21
181	46	-21
182	46	-21
183	46	-21
184	46	-21
185	46	-21
186	46	-21
187	46	-21
188	46	-21
189	46	-21
190	46	-21
191	46	-21
192	46	-21
193	46	-21
194	46	-21
195	46	-21
196	46	-21
197	46	-21
198	46	-21
199	46	-21
200	46	-21
201	46	-21
202	46	-21
203	46	-21
204	46	-21
205	46	-21
206	46	-21
207	46	-21
208	46	-21
209	46	-21
210	46	-21
211	46	-21
212	46	-21
213	46	-21
214	46	-21
215	46	-21
217	46	-21
218	46	-21
220	46	-21
222	46	-21
223	46	-21
224	46	-21
225	46	-21
226	46	-21
227	46	-21
228	46	-21
229	46	-21
230	46	-21
231	46	-21
233	46	-21
235	46	-21
237	46	-21
239	46	-21
240	46	-21
241	46	-21
242	46	-21
243	46	-21
244	46	-21
245	46	-21
246	46	-21
259	42	-21
175	46	-21
285	40	-5
286	41	-5
285	42	-5
286	43	-5
286	44	-5
286	45	-5
286	46	-5
287	47	-5
292	43	-6
294	43	-6
291	44	-6
293	44	-6
295	44	-6
296	44	-6
290	45	-6
297	45	-6
288	46	-6
289	46	-6
298	46	-6
299	45	-6
287	47	-6
301	46	-5
300	45	-5
278	41	-8
277	42	-8
277	43	-8
277	44	-8
277	45	-8
277	46	-8
277	47	-8
277	48	-8
260	43	-17
261	44	-17
262	45	-17
263	46	-17
264	46	-17
265	47	-17
266	48	-17
267	48	-17
268	48	-17
269	49	-17
270	49	-17
271	49	-17
272	49	-17
273	49	-17
274	49	-17
275	49	-17
276	49	-17
259	42	-17
277	48	-17
286	48	-13
285	49	-13
287	47	-13
284	50	-13
278	49	-14
279	50	-14
280	51	-14
281	51	-14
277	48	-14
282	52	-14
314	51	-12
315	51	-12
316	51	-12
313	52	-12
317	52	-12
313	53	-12
317	53	-12
313	54	-12
317	54	-12
313	55	-12
317	55	-12
313	56	-12
286	51	-7
287	52	-7
288	53	-7
289	53	-7
290	53	-7
291	54	-7
292	55	-7
293	56	-7
294	57	-7
295	57	-7
285	51	-7
296	58	-7
172	47	-21
173	47	-21
170	48	-21
171	48	-21
168	49	-21
169	49	-21
166	50	-21
167	50	-21
164	51	-21
165	51	-21
162	52	-21
163	52	-21
161	53	-21
160	54	-21
160	55	-21
160	56	-21
160	57	-21
160	58	-21
174	46	-21
160	59	-21
283	54	-9
283	55	-9
283	56	-9
283	57	-9
283	58	-9
283	53	-9
283	59	-9
309	57	-13
311	57	-13
312	57	-13
305	58	-13
306	58	-13
307	58	-13
308	58	-13
310	58	-13
302	59	-13
304	59	-13
299	60	-13
300	60	-13
301	60	-13
303	60	-13
313	56	-13
298	60	-13
314	57	-13
315	58	-13
313	56	-13
316	57	-13
295	60	-15
296	59	-15
295	61	-15
231	57	-19
240	57	-19
242	57	-19
244	57	-19
246	57	-19
228	58	-19
230	58	-19
232	58	-19
233	58	-19
234	58	-19
235	58	-19
236	58	-19
237	58	-19
238	58	-19
239	58	-19
241	58	-19
243	58	-19
245	58	-19
247	58	-19
248	58	-19
249	58	-19
250	58	-19
251	58	-19
252	58	-19
253	58	-19
254	58	-19
255	58	-19
257	58	-19
224	59	-19
225	59	-19
226	59	-19
227	59	-19
229	59	-19
256	59	-19
258	59	-19
260	59	-19
262	59	-19
264	59	-19
266	59	-19
268	59	-19
270	59	-19
162	60	-19
163	60	-19
164	60	-19
165	60	-19
166	60	-19
167	60	-19
168	60	-19
169	60	-19
170	60	-19
171	60	-19
172	60	-19
173	60	-19
174	60	-19
175	60	-19
176	60	-19
177	60	-19
178	60	-19
179	60	-19
180	60	-19
181	60	-19
182	60	-19
183	60	-19
184	60	-19
185	60	-19
186	60	-19
187	60	-19
188	60	-19
189	60	-19
190	60	-19
191	60	-19
192	60	-19
193	60	-19
194	60	-19
195	60	-19
196	60	-19
197	60	-19
198	60	-19
199	60	-19
200	60	-19
201	60	-19
202	60	-19
203	60	-19
204	60	-19
205	60	-19
206	60	-19
207	60	-19
208	60	-19
209	60	-19
210	60	-19
211	60	-19
212	60	-19
213	60	-19
214	60	-19
215	60	-19
217	60	-19
218	60	-19
219	60	-19
220	60	-19
221	60	-19
222	60	-19
223	60	-19
259	60	-19
261	60	-19
263	60	-19
265	60	-19
267	60	-19
269	60	-19
271	60	-19
272	60	-19
273	60	-19
274	60	-19
275	60	-19
276	60	-19
277	60	-19
278	60	-19
279	60	-19
281	60	-19
282	60	-19
216	61	-19
280	61	-19
283	59	-19
161	60	-19
284	60	-13
285	60	-13
286	61	-13
287	61	-13
289	61	-13
291	61	-13
293	61	-13
288	62	-13
290	62	-13
292	62	-13
294	62	-13
283	59	-13
295	61	-13
297	61	-16
296	62	-16
298	60	-16
295	61	-16
322	54	-8
323	54	-8
324	54	-8
325	54	-8
326	54	-8
327	54	-8
328	54	-8
330	54	-8
332	54	-8
319	55	-8
320	55	-8
321	55	-8
329	55	-8
331	55	-8
333	55	-8
334	55	-8
335	56	-8
335	57	-8
336	58	-8
337	59	-8
338	60	-8
339	61	-8
340	61	-8
342	61	-8
341	62	-8
343	62	-8
318	56	-8
371	63	-6
372	63	-6
370	64	-6
369	65	-6
317	58	-10
318	58	-10
319	59	-10
320	60	-10
321	61	-10
322	62	-10
323	63	-10
324	63	-10
325	64	-10
326	64	-10
327	64	-10
329	64	-10
330	64	-10
328	65	-10
316	57	-10
319	64	-10
318	65	-10
317	66	-10
317	67	-10
354	66	-7
353	67	-7
355	67	-7
356	67	-7
357	68	-7
368	65	-7
367	66	-7
366	67	-7
358	68	-7
360	68	-7
362	68	-7
363	68	-7
364	68	-7
365	68	-7
359	69	-7
361	69	-7
369	65	-7
357	68	-7
370	66	-5
372	66	-5
371	67	-5
373	67	-5
374	67	-5
375	67	-5
376	68	-5
377	69	-5
369	65	-5
378	70	-5
381	66	-4
381	67	-4
380	68	-4
379	69	-4
378	70	-4
318	68	-8
318	69	-8
319	70	-8
320	70	-8
317	67	-8
356	69	-8
355	70	-8
357	68	-8
378	71	-4
379	72	-4
378	70	-4
316	68	-11
315	69	-11
314	70	-11
313	71	-11
313	72	-11
312	73	-11
317	67	-11
312	74	-11
355	72	-7
355	73	-7
158	61	-21
159	61	-21
156	62	-21
157	62	-21
154	63	-21
155	63	-21
152	64	-21
153	64	-21
150	65	-21
151	65	-21
148	66	-21
149	66	-21
147	67	-21
146	68	-21
145	69	-21
144	70	-21
144	71	-21
144	72	-21
144	73	-21
144	74	-21
160	60	-21
144	75	-21
263	73	-21
228	74	-21
230	74	-21
232	74	-21
254	74	-21
256	74	-21
257	74	-21
258	74	-21
259	74	-21
260	74	-21
261	74	-21
262	74	-21
264	74	-21
216	75	-21
218	75	-21
220	75	-21
222	75	-21
224	75	-21
226	75	-21
227	75	-21
229	75	-21
231	75	-21
233	75	-21
234	75	-21
244	75	-21
245	75	-21
246	75	-21
247	75	-21
248	75	-21
249	75	-21
250	75	-21
251	75	-21
252	75	-21
253	75	-21
255	75	-21
146	76	-21
147	76	-21
148	76	-21
149	76	-21
150	76	-21
151	76	-21
152	76	-21
153	76	-21
154	76	-21
155	76	-21
156	76	-21
157	76	-21
158	76	-21
159	76	-21
160	76	-21
161	76	-21
162	76	-21
163	76	-21
164	76	-21
165	76	-21
166	76	-21
167	76	-21
168	76	-21
169	76	-21
170	76	-21
171	76	-21
172	76	-21
173	76	-21
174	76	-21
175	76	-21
176	76	-21
177	76	-21
178	76	-21
179	76	-21
180	76	-21
181	76	-21
182	76	-21
183	76	-21
184	76	-21
185	76	-21
186	76	-21
187	76	-21
188	76	-21
189	76	-21
190	76	-21
191	76	-21
192	76	-21
193	76	-21
194	76	-21
195	76	-21
196	76	-21
197	76	-21
198	76	-21
199	76	-21
200	76	-21
201	76	-21
202	76	-21
203	76	-21
204	76	-21
205	76	-21
206	76	-21
207	76	-21
208	76	-21
209	76	-21
210	76	-21
211	76	-21
212	76	-21
213	76	-21
214	76	-21
215	76	-21
217	76	-21
219	76	-21
221	76	-21
223	76	-21
225	76	-21
235	76	-21
242	76	-21
243	76	-21
236	77	-21
237	77	-21
238	77	-21
239	77	-21
240	77	-21
241	77	-21
265	75	-21
145	76	-21
330	73	-9
328	74	-9
329	74	-9
331	74	-9
332	75	-9
336	71	-7
335	72	-7
334	73	-7
333	74	-7
332	75	-7
296	74	-13
297	74	-13
298	74	-13
294	75	-13
295	75	-13
299	75	-13
300	75	-13
292	76	-13
293	76	-13
301	76	-13
291	77	-13
308	74	-11
310	74	-11
303	75	-11
304	75	-11
305	75	-11
306	75	-11
307	75	-11
309	75	-11
311	75	-11
312	74	-11
302	76	-11
267	73	-18
268	73	-18
269	73	-18
270	73	-18
272	73	-18
274	73	-18
266	74	-18
271	74	-18
273	74	-18
275	74	-18
276	74	-18
277	74	-18
278	74	-18
279	74	-18
280	75	-18
281	76	-18
265	75	-18
282	77	-18
313	75	-11
314	75	-11
315	76	-11
312	74	-11
316	77	-11
325	75	-9
318	76	-9
319	76	-9
320	76	-9
321	76	-9
322	76	-9
323	76	-9
324	76	-9
317	77	-9
284	75	-18
286	75	-18
283	76	-18
285	76	-18
287	76	-18
288	76	-18
289	77	-18
290	77	-18
282	77	-18
291	77	-18
333	76	-7
334	77	-7
335	78	-7
332	75	-7
265	76	-20
265	77	-20
266	78	-20
265	79	-20
265	75	-20
265	80	-20
293	78	-15
300	78	-15
294	79	-15
295	79	-15
296	79	-15
297	79	-15
298	79	-15
299	79	-15
301	77	-15
292	78	-15
318	79	-8
320	79	-8
321	79	-8
319	80	-8
317	78	-8
361	78	-4
362	79	-4
362	80	-4
281	78	-15
280	79	-15
279	80	-15
276	81	-15
277	81	-15
278	81	-15
266	82	-15
267	82	-15
275	82	-15
268	83	-15
270	83	-15
272	83	-15
273	83	-15
274	83	-15
269	84	-15
271	84	-15
282	77	-15
265	81	-15
260	81	-21
262	81	-21
255	82	-21
256	82	-21
257	82	-21
258	82	-21
259	82	-21
261	82	-21
263	82	-21
252	83	-21
253	83	-21
254	83	-21
249	84	-21
250	84	-21
251	84	-21
248	85	-21
240	86	-21
246	86	-21
247	86	-21
239	87	-21
241	87	-21
242	87	-21
243	87	-21
244	87	-21
245	87	-21
238	88	-21
236	89	-21
237	89	-21
235	90	-21
234	91	-21
264	81	-21
233	92	-21
291	79	-14
291	80	-14
291	81	-14
290	82	-14
290	83	-14
290	84	-14
292	78	-14
142	77	-20
143	77	-20
140	78	-20
141	78	-20
138	79	-20
139	79	-20
136	80	-20
137	80	-20
134	81	-20
135	81	-20
132	82	-20
133	82	-20
131	83	-20
130	84	-20
130	85	-20
130	86	-20
130	87	-20
130	88	-20
144	76	-20
130	89	-20
132	90	-22
133	90	-22
134	90	-22
135	90	-22
136	90	-22
137	90	-22
138	90	-22
139	90	-22
140	90	-22
141	90	-22
142	90	-22
143	90	-22
144	90	-22
145	90	-22
146	90	-22
147	90	-22
148	90	-22
149	90	-22
150	90	-22
151	90	-22
152	90	-22
153	90	-22
154	90	-22
155	90	-22
156	90	-22
157	90	-22
158	90	-22
159	90	-22
160	90	-22
161	90	-22
162	90	-22
163	90	-22
164	90	-22
165	90	-22
166	90	-22
167	90	-22
168	90	-22
169	90	-22
170	90	-22
171	90	-22
172	90	-22
173	90	-22
174	90	-22
175	90	-22
176	90	-22
177	90	-22
178	90	-22
179	90	-22
180	90	-22
181	90	-22
182	90	-22
183	90	-22
184	90	-22
185	90	-22
186	90	-22
187	90	-22
188	90	-22
189	90	-22
190	90	-22
191	90	-22
192	90	-22
193	90	-22
194	90	-22
195	90	-22
196	90	-22
197	90	-22
198	90	-22
199	90	-22
200	90	-22
201	90	-22
202	90	-22
203	90	-22
204	90	-22
205	90	-22
206	90	-22
207	90	-22
208	90	-22
209	90	-22
210	90	-22
211	90	-22
212	90	-22
213	90	-22
214	90	-22
215	90	-22
216	91	-22
217	91	-22
218	91	-22
219	91	-22
220	91	-22
221	91	-22
222	91	-22
223	91	-22
224	91	-22
225	91	-22
226	91	-22
228	91	-22
230	91	-22
227	92	-22
229	92	-22
231	92	-22
232	92	-22
131	90	-22
233	92	-22
258	95	-21
259	95	-21
260	95	-21
261	95	-21
256	96	-21
257	96	-21
254	97	-21
255	97	-21
253	98	-21
307	96	-13
308	96	-13
309	96	-13
234	93	-21
235	93	-21
236	94	-21
237	95	-21
238	95	-21
239	96	-21
240	97	-21
241	97	-21
242	97	-21
243	97	-21
244	97	-21
246	97	-21
248	97	-21
245	98	-21
247	98	-21
249	98	-21
250	98	-21
251	99	-21
233	92	-21
252	98	-21
128	91	-21
129	91	-21
126	92	-21
127	92	-21
124	93	-21
125	93	-21
122	94	-21
123	94	-21
120	95	-21
121	95	-21
119	96	-21
118	97	-21
116	98	-21
117	98	-21
115	99	-21
114	100	-21
114	101	-21
114	102	-21
114	103	-21
114	104	-21
130	90	-21
114	105	-21
295	100	-16
295	101	-16
295	102	-16
295	103	-16
295	104	-16
295	105	-16
287	106	-16
289	106	-16
291	106	-16
292	106	-16
293	106	-16
294	106	-16
285	107	-16
286	107	-16
288	107	-16
290	107	-16
264	108	-16
274	108	-16
276	108	-16
278	108	-16
280	108	-16
282	108	-16
283	108	-16
284	108	-16
265	109	-16
266	109	-16
268	109	-16
269	109	-16
270	109	-16
271	109	-16
272	109	-16
273	109	-16
275	109	-16
277	109	-16
279	109	-16
281	109	-16
267	110	-16
295	105	-16
263	108	-16
254	100	-20
255	101	-20
256	102	-20
257	102	-20
258	103	-20
259	104	-20
260	105	-20
261	106	-20
262	107	-20
253	99	-20
263	108	-20
312	107	-11
311	108	-11
2	2	-23
3	3	-23
4	4	-23
5	5	-23
6	6	-23
7	7	-23
8	8	-23
9	9	-23
10	10	-23
11	11	-23
12	12	-23
13	13	-23
14	14	-23
15	15	-23
16	16	-23
17	17	-23
18	18	-23
19	19	-23
20	20	-23
21	21	-23
22	22	-23
23	23	-23
24	24	-23
25	25	-23
26	26	-23
27	27	-23
28	28	-23
29	29	-23
30	30	-23
31	31	-23
32	32	-23
33	33	-23
34	34	-23
35	35	-23
36	36	-23
37	37	-23
38	38	-23
39	39	-23
40	40	-23
41	41	-23
42	42	-23
43	43	-23
44	44	-23
45	45	-23
46	46	-23
47	47	-23
48	48	-23
49	49	-23
50	50	-23
51	51	-23
52	52	-23
53	53	-23
54	54	-23
55	55	-23
56	56	-23
57	57	-23
58	58	-23
59	59	-23
60	60	-23
61	61	-23
62	62	-23
63	63	-23
64	64	-23
65	65	-23
66	66	-23
67	67	-23
68	68	-23
69	69	-23
70	70	-23
71	71	-23
72	72	-23
73	73	-23
74	74	-23
75	75	-23
76	76	-23
77	77	-23
78	78	-23
79	79	-23
80	80	-23
81	81	-23
82	82	-23
83	83	-23
84	84	-23
85	85	-23
86	86	-23
87	87	-23
88	88	-23
89	89	-23
90	90	-23
91	91	-23
92	92	-23
93	93	-23
94	94	-23
95	95	-23
96	96	-23
97	97	-23
98	98	-23
99	99	-23
100	100	-23
101	101	-23
102	102	-23
103	103	-23
104	104	-23
105	105	-23
106	106	-23
107	107	-23
108	108	-23
109	109	-23
112	107	-23
113	107	-23
110	108	-23
111	108	-23
114	106	-23
109	109	-23
296	106	-12
297	107	-12
298	107	-12
299	107	-12
300	107	-12
302	107	-12
304	107	-12
306	107	-12
308	107	-12
310	107	-12
301	108	-12
303	108	-12
305	108	-12
307	108	-12
309	108	-12
295	105	-12
311	108	-12
216	105	-23
221	105	-23
223	105	-23
116	106	-23
117	106	-23
118	106	-23
119	106	-23
120	106	-23
121	106	-23
122	106	-23
123	106	-23
124	106	-23
125	106	-23
126	106	-23
127	106	-23
128	106	-23
129	106	-23
130	106	-23
131	106	-23
132	106	-23
133	106	-23
134	106	-23
135	106	-23
136	106	-23
137	106	-23
138	106	-23
139	106	-23
140	106	-23
141	106	-23
142	106	-23
143	106	-23
144	106	-23
145	106	-23
146	106	-23
147	106	-23
148	106	-23
149	106	-23
150	106	-23
151	106	-23
152	106	-23
153	106	-23
154	106	-23
155	106	-23
156	106	-23
157	106	-23
158	106	-23
159	106	-23
160	106	-23
161	106	-23
162	106	-23
163	106	-23
164	106	-23
165	106	-23
166	106	-23
167	106	-23
168	106	-23
169	106	-23
170	106	-23
171	106	-23
172	106	-23
173	106	-23
174	106	-23
175	106	-23
176	106	-23
177	106	-23
178	106	-23
179	106	-23
180	106	-23
181	106	-23
182	106	-23
183	106	-23
184	106	-23
185	106	-23
186	106	-23
187	106	-23
188	106	-23
189	106	-23
190	106	-23
191	106	-23
192	106	-23
193	106	-23
194	106	-23
195	106	-23
196	106	-23
197	106	-23
198	106	-23
199	106	-23
200	106	-23
201	106	-23
202	106	-23
203	106	-23
204	106	-23
205	106	-23
206	106	-23
207	106	-23
208	106	-23
209	106	-23
210	106	-23
211	106	-23
212	106	-23
213	106	-23
214	106	-23
215	106	-23
217	106	-23
218	106	-23
219	106	-23
220	106	-23
222	106	-23
224	106	-23
225	106	-23
226	106	-23
227	106	-23
228	106	-23
229	106	-23
230	106	-23
232	106	-23
234	106	-23
236	106	-23
238	106	-23
231	107	-23
233	107	-23
235	107	-23
237	107	-23
239	107	-23
240	107	-23
241	107	-23
242	107	-23
243	107	-23
244	107	-23
245	107	-23
246	107	-23
247	107	-23
249	107	-23
251	107	-23
248	108	-23
250	108	-23
252	108	-23
253	109	-23
254	109	-23
262	109	-23
255	110	-23
256	110	-23
257	110	-23
258	110	-23
260	110	-23
261	110	-23
259	111	-23
115	106	-23
263	108	-23
308	112	-11
309	112	-11
312	109	-10
313	109	-10
314	110	-10
316	110	-10
315	111	-10
317	111	-10
318	112	-10
319	112	-10
311	108	-10
320	113	-10
340	112	-5
341	112	-5
342	112	-5
343	112	-5
338	113	-5
339	113	-5
344	113	-5
337	114	-5
304	113	-10
305	114	-10
305	115	-10
327	112	-6
329	112	-6
322	113	-6
323	113	-6
324	113	-6
325	113	-6
326	113	-6
328	113	-6
330	113	-6
331	113	-6
332	113	-6
333	113	-6
335	113	-6
336	113	-6
321	114	-6
334	114	-6
320	113	-6
337	114	-6
318	114	-9
319	114	-9
310	115	-9
311	115	-9
312	115	-9
313	115	-9
314	115	-9
315	115	-9
316	115	-9
317	115	-9
307	116	-9
308	116	-9
309	116	-9
320	113	-9
306	116	-9
338	115	-5
339	116	-5
339	117	-5
340	118	-5
337	114	-5
237	116	-21
237	117	-21
237	118	-21
237	119	-21
237	120	-21
304	117	-9
302	118	-9
303	118	-9
301	119	-9
305	116	-9
300	120	-9
108	110	-23
108	111	-23
107	112	-23
108	113	-23
107	114	-23
108	115	-23
108	116	-23
109	117	-23
109	118	-23
110	119	-23
110	120	-23
109	109	-23
111	121	-23
218	120	-22
220	120	-22
222	120	-22
224	120	-22
225	120	-22
226	120	-22
228	120	-22
230	120	-22
232	120	-22
112	121	-22
113	121	-22
114	121	-22
115	121	-22
116	121	-22
117	121	-22
118	121	-22
119	121	-22
120	121	-22
121	121	-22
122	121	-22
123	121	-22
124	121	-22
125	121	-22
126	121	-22
127	121	-22
128	121	-22
129	121	-22
130	121	-22
131	121	-22
132	121	-22
133	121	-22
134	121	-22
135	121	-22
136	121	-22
137	121	-22
138	121	-22
139	121	-22
140	121	-22
141	121	-22
142	121	-22
143	121	-22
144	121	-22
145	121	-22
146	121	-22
147	121	-22
148	121	-22
149	121	-22
150	121	-22
151	121	-22
152	121	-22
153	121	-22
154	121	-22
155	121	-22
156	121	-22
157	121	-22
158	121	-22
159	121	-22
160	121	-22
161	121	-22
162	121	-22
163	121	-22
164	121	-22
165	121	-22
166	121	-22
167	121	-22
168	121	-22
169	121	-22
170	121	-22
171	121	-22
172	121	-22
173	121	-22
174	121	-22
175	121	-22
176	121	-22
177	121	-22
178	121	-22
179	121	-22
180	121	-22
181	121	-22
182	121	-22
183	121	-22
184	121	-22
185	121	-22
186	121	-22
187	121	-22
188	121	-22
189	121	-22
190	121	-22
191	121	-22
192	121	-22
193	121	-22
194	121	-22
195	121	-22
196	121	-22
197	121	-22
198	121	-22
199	121	-22
200	121	-22
201	121	-22
202	121	-22
203	121	-22
204	121	-22
205	121	-22
206	121	-22
207	121	-22
208	121	-22
209	121	-22
210	121	-22
211	121	-22
212	121	-22
213	121	-22
214	121	-22
215	121	-22
216	121	-22
217	121	-22
219	121	-22
221	121	-22
223	121	-22
227	121	-22
229	121	-22
231	121	-22
233	121	-22
234	121	-22
235	121	-22
236	121	-22
237	120	-22
111	121	-22
238	121	-22
239	122	-22
240	122	-22
237	120	-22
241	123	-22
310	122	-7
309	123	-7
309	124	-7
253	118	-16
255	118	-16
257	118	-16
247	119	-16
249	119	-16
250	119	-16
251	119	-16
252	119	-16
254	119	-16
256	119	-16
258	119	-16
259	119	-16
260	119	-16
261	119	-16
263	119	-16
265	119	-16
267	119	-16
269	119	-16
246	120	-16
248	120	-16
262	120	-16
264	120	-16
266	120	-16
268	120	-16
270	120	-16
272	120	-16
244	121	-16
245	121	-16
271	121	-16
273	121	-16
274	121	-16
275	121	-16
242	122	-16
243	122	-16
276	122	-16
278	122	-16
277	123	-16
279	123	-16
280	123	-16
281	123	-16
283	123	-16
284	123	-16
282	124	-16
285	124	-16
241	123	-16
286	125	-16
293	119	-11
295	119	-11
297	119	-11
298	119	-11
292	120	-11
294	120	-11
296	120	-11
290	121	-11
291	121	-11
289	122	-11
288	123	-11
287	124	-11
299	120	-11
286	125	-11
301	122	-9
302	123	-9
303	124	-9
304	125	-9
306	125	-9
308	125	-9
305	126	-9
307	126	-9
300	121	-9
309	124	-9
310	125	-6
311	126	-6
312	126	-6
313	127	-6
309	124	-6
241	124	-19
241	125	-19
242	126	-19
242	127	-19
243	128	-19
244	128	-19
245	129	-19
246	130	-19
247	130	-19
241	123	-19
110	122	-23
110	123	-23
109	124	-23
109	125	-23
108	126	-23
108	127	-23
108	128	-23
108	129	-23
108	130	-23
109	131	-23
109	132	-23
110	133	-23
110	134	-23
111	121	-23
111	135	-23
264	132	-20
262	133	-20
263	133	-20
265	133	-20
266	133	-20
260	134	-20
261	134	-20
267	134	-20
259	135	-20
268	135	-20
220	134	-21
222	134	-21
224	134	-21
112	135	-21
113	135	-21
114	135	-21
115	135	-21
116	135	-21
117	135	-21
118	135	-21
119	135	-21
120	135	-21
121	135	-21
122	135	-21
123	135	-21
124	135	-21
125	135	-21
126	135	-21
127	135	-21
128	135	-21
129	135	-21
130	135	-21
131	135	-21
132	135	-21
133	135	-21
134	135	-21
135	135	-21
136	135	-21
137	135	-21
138	135	-21
139	135	-21
140	135	-21
141	135	-21
142	135	-21
143	135	-21
144	135	-21
145	135	-21
146	135	-21
147	135	-21
148	135	-21
149	135	-21
150	135	-21
151	135	-21
152	135	-21
153	135	-21
154	135	-21
155	135	-21
156	135	-21
157	135	-21
158	135	-21
159	135	-21
160	135	-21
161	135	-21
162	135	-21
163	135	-21
164	135	-21
165	135	-21
166	135	-21
167	135	-21
168	135	-21
169	135	-21
170	135	-21
171	135	-21
172	135	-21
173	135	-21
174	135	-21
175	135	-21
176	135	-21
177	135	-21
178	135	-21
179	135	-21
180	135	-21
181	135	-21
182	135	-21
183	135	-21
184	135	-21
185	135	-21
186	135	-21
187	135	-21
188	135	-21
189	135	-21
190	135	-21
191	135	-21
192	135	-21
193	135	-21
194	135	-21
195	135	-21
196	135	-21
197	135	-21
198	135	-21
199	135	-21
200	135	-21
201	135	-21
202	135	-21
203	135	-21
204	135	-21
205	135	-21
206	135	-21
207	135	-21
208	135	-21
209	135	-21
210	135	-21
211	135	-21
212	135	-21
213	135	-21
214	135	-21
215	135	-21
216	135	-21
217	135	-21
218	135	-21
219	135	-21
221	135	-21
223	135	-21
225	135	-21
226	135	-21
227	135	-21
229	135	-21
258	135	-21
228	136	-21
230	136	-21
231	136	-21
232	136	-21
256	136	-21
257	136	-21
233	137	-21
234	137	-21
235	137	-21
236	137	-21
237	137	-21
238	137	-21
253	137	-21
254	137	-21
255	137	-21
239	138	-21
240	138	-21
241	138	-21
242	138	-21
243	138	-21
245	138	-21
247	138	-21
249	138	-21
250	138	-21
251	138	-21
252	138	-21
244	139	-21
246	139	-21
248	139	-21
111	135	-21
259	135	-21
260	136	-19
266	136	-19
267	136	-19
261	137	-19
262	137	-19
263	137	-19
265	137	-19
264	138	-19
259	135	-19
268	135	-19
287	126	-8
288	127	-8
288	128	-8
289	129	-8
290	130	-8
289	131	-8
290	132	-8
291	133	-8
292	134	-8
293	135	-8
294	136	-8
295	137	-8
295	138	-8
286	125	-8
293	140	-11
293	141	-11
270	135	-12
272	135	-12
269	136	-12
271	136	-12
273	136	-12
274	136	-12
275	136	-12
276	136	-12
277	137	-12
278	137	-12
279	137	-12
280	138	-12
281	138	-12
282	138	-12
283	139	-12
284	139	-12
285	139	-12
286	140	-12
287	141	-12
288	141	-12
289	141	-12
290	142	-12
291	142	-12
268	135	-12
292	143	-12
324	145	-3
323	146	-3
272	145	-14
273	145	-14
269	146	-14
270	146	-14
271	146	-14
268	147	-14
267	148	-14
266	149	-14
265	150	-14
264	151	-14
298	139	-5
300	139	-5
302	139	-5
297	140	-5
299	140	-5
301	140	-5
303	140	-5
305	140	-5
296	141	-5
304	141	-5
306	141	-5
307	141	-5
295	142	-5
308	142	-5
309	143	-5
310	143	-5
311	144	-5
312	145	-5
313	146	-5
319	146	-5
320	146	-5
314	147	-5
315	147	-5
317	147	-5
318	147	-5
321	147	-5
316	148	-5
294	142	-5
322	146	-5
324	148	-3
323	147	-3
110	136	-23
110	137	-23
109	138	-23
109	139	-23
108	140	-23
108	141	-23
108	142	-23
108	143	-23
108	144	-23
109	145	-23
109	146	-23
110	147	-23
110	148	-23
111	149	-23
111	135	-23
112	150	-23
293	144	-8
293	145	-8
294	146	-8
295	147	-8
304	147	-8
296	148	-8
303	148	-8
297	149	-8
299	149	-8
302	149	-8
298	150	-8
300	150	-8
301	150	-8
292	143	-8
319	153	-4
320	153	-4
321	153	-4
232	147	-21
220	148	-21
227	148	-21
229	148	-21
230	148	-21
231	148	-21
233	148	-21
234	148	-21
235	148	-21
218	149	-21
219	149	-21
221	149	-21
222	149	-21
223	149	-21
224	149	-21
225	149	-21
226	149	-21
228	149	-21
236	149	-21
237	149	-21
238	149	-21
113	150	-21
114	150	-21
115	150	-21
116	150	-21
117	150	-21
118	150	-21
119	150	-21
120	150	-21
121	150	-21
122	150	-21
123	150	-21
124	150	-21
125	150	-21
126	150	-21
127	150	-21
128	150	-21
129	150	-21
130	150	-21
131	150	-21
132	150	-21
133	150	-21
134	150	-21
135	150	-21
136	150	-21
137	150	-21
138	150	-21
139	150	-21
140	150	-21
141	150	-21
142	150	-21
143	150	-21
144	150	-21
145	150	-21
146	150	-21
147	150	-21
148	150	-21
149	150	-21
150	150	-21
151	150	-21
152	150	-21
153	150	-21
154	150	-21
155	150	-21
156	150	-21
157	150	-21
158	150	-21
159	150	-21
160	150	-21
161	150	-21
162	150	-21
163	150	-21
164	150	-21
165	150	-21
166	150	-21
167	150	-21
168	150	-21
169	150	-21
170	150	-21
171	150	-21
172	150	-21
173	150	-21
174	150	-21
175	150	-21
176	150	-21
177	150	-21
178	150	-21
179	150	-21
180	150	-21
181	150	-21
182	150	-21
183	150	-21
184	150	-21
185	150	-21
186	150	-21
187	150	-21
188	150	-21
189	150	-21
190	150	-21
191	150	-21
192	150	-21
193	150	-21
194	150	-21
195	150	-21
196	150	-21
197	150	-21
198	150	-21
199	150	-21
200	150	-21
201	150	-21
202	150	-21
203	150	-21
204	150	-21
205	150	-21
206	150	-21
207	150	-21
208	150	-21
209	150	-21
210	150	-21
211	150	-21
212	150	-21
213	150	-21
214	150	-21
215	150	-21
216	150	-21
217	150	-21
239	150	-21
241	150	-21
240	151	-21
242	151	-21
243	151	-21
244	151	-21
246	151	-21
245	152	-21
247	152	-21
249	152	-21
248	153	-21
250	153	-21
251	153	-21
252	154	-21
112	150	-21
253	155	-21
258	151	-21
260	151	-21
262	151	-21
263	151	-21
256	152	-21
257	152	-21
259	152	-21
261	152	-21
255	153	-21
254	154	-21
264	151	-21
253	155	-21
278	151	-13
265	152	-13
266	152	-13
276	152	-13
277	152	-13
267	153	-13
274	153	-13
275	153	-13
268	154	-13
273	154	-13
269	155	-13
272	155	-13
270	156	-13
271	156	-13
264	151	-13
253	156	-20
253	157	-20
254	158	-20
255	159	-20
256	160	-20
257	160	-20
258	161	-20
259	161	-20
253	155	-20
111	151	-23
110	152	-23
110	153	-23
109	154	-23
109	155	-23
109	156	-23
109	157	-23
109	158	-23
110	159	-23
110	160	-23
111	161	-23
111	162	-23
112	150	-23
112	163	-23
233	153	-18
233	154	-18
232	155	-18
231	156	-18
231	157	-18
230	158	-18
229	159	-18
229	160	-18
229	161	-18
228	162	-18
227	163	-18
226	162	-20
113	163	-20
114	163	-20
115	163	-20
116	163	-20
117	163	-20
118	163	-20
119	163	-20
120	163	-20
121	163	-20
122	163	-20
123	163	-20
124	163	-20
125	163	-20
126	163	-20
127	163	-20
128	163	-20
129	163	-20
130	163	-20
131	163	-20
132	163	-20
133	163	-20
134	163	-20
135	163	-20
136	163	-20
137	163	-20
138	163	-20
139	163	-20
140	163	-20
141	163	-20
142	163	-20
143	163	-20
144	163	-20
145	163	-20
146	163	-20
147	163	-20
148	163	-20
149	163	-20
150	163	-20
151	163	-20
152	163	-20
153	163	-20
154	163	-20
155	163	-20
156	163	-20
157	163	-20
158	163	-20
159	163	-20
160	163	-20
161	163	-20
162	163	-20
163	163	-20
164	163	-20
165	163	-20
166	163	-20
167	163	-20
168	163	-20
169	163	-20
170	163	-20
171	163	-20
172	163	-20
173	163	-20
174	163	-20
175	163	-20
176	163	-20
177	163	-20
178	163	-20
179	163	-20
180	163	-20
181	163	-20
182	163	-20
183	163	-20
184	163	-20
185	163	-20
186	163	-20
187	163	-20
188	163	-20
189	163	-20
190	163	-20
191	163	-20
192	163	-20
193	163	-20
194	163	-20
195	163	-20
196	163	-20
197	163	-20
198	163	-20
199	163	-20
200	163	-20
201	163	-20
202	163	-20
203	163	-20
204	163	-20
205	163	-20
206	163	-20
207	163	-20
208	163	-20
209	163	-20
210	163	-20
211	163	-20
212	163	-20
213	163	-20
214	163	-20
215	163	-20
216	163	-20
217	163	-20
218	163	-20
219	163	-20
220	163	-20
221	163	-20
222	163	-20
223	163	-20
224	163	-20
225	163	-20
112	163	-20
227	163	-20
248	166	-20
248	167	-20
249	168	-20
250	167	-18
249	168	-18
308	166	-9
309	166	-9
310	166	-9
306	167	-9
307	167	-9
311	167	-9
305	168	-9
304	169	-9
248	169	-20
247	170	-20
249	168	-20
246	171	-20
301	170	-13
302	170	-13
300	171	-13
228	164	-17
229	165	-17
229	166	-17
230	167	-17
230	168	-17
231	169	-17
232	169	-17
233	170	-17
234	171	-17
235	172	-17
227	163	-17
244	173	-20
243	174	-20
242	175	-20
245	172	-20
241	176	-20
111	164	-23
111	165	-23
110	166	-23
110	167	-23
109	168	-23
109	169	-23
108	170	-23
109	171	-23
109	172	-23
110	173	-23
110	174	-23
111	175	-23
111	176	-23
112	163	-23
112	177	-23
326	176	-6
326	177	-6
113	177	-20
114	177	-20
115	177	-20
116	177	-20
117	177	-20
118	177	-20
119	177	-20
120	177	-20
121	177	-20
122	177	-20
123	177	-20
124	177	-20
125	177	-20
126	177	-20
127	177	-20
128	177	-20
129	177	-20
130	177	-20
131	177	-20
132	177	-20
133	177	-20
134	177	-20
135	177	-20
136	177	-20
137	177	-20
138	177	-20
139	177	-20
140	177	-20
141	177	-20
142	177	-20
143	177	-20
144	177	-20
145	177	-20
146	177	-20
147	177	-20
148	177	-20
149	177	-20
150	177	-20
151	177	-20
152	177	-20
153	177	-20
154	177	-20
155	177	-20
156	177	-20
157	177	-20
158	177	-20
159	177	-20
160	177	-20
161	177	-20
162	177	-20
163	177	-20
164	177	-20
165	177	-20
166	177	-20
167	177	-20
168	177	-20
169	177	-20
170	177	-20
171	177	-20
172	177	-20
173	177	-20
174	177	-20
175	177	-20
176	177	-20
177	177	-20
178	177	-20
179	177	-20
180	177	-20
181	177	-20
182	177	-20
183	177	-20
184	177	-20
185	177	-20
186	177	-20
187	177	-20
188	177	-20
189	177	-20
190	177	-20
191	177	-20
192	177	-20
193	177	-20
194	177	-20
195	177	-20
196	177	-20
197	177	-20
198	177	-20
199	177	-20
200	177	-20
201	177	-20
202	177	-20
203	177	-20
204	177	-20
205	177	-20
206	177	-20
207	177	-20
208	177	-20
209	177	-20
210	177	-20
211	177	-20
212	177	-20
213	177	-20
214	177	-20
215	177	-20
216	177	-20
217	177	-20
218	177	-20
219	177	-20
236	177	-20
238	177	-20
239	177	-20
220	178	-20
221	178	-20
222	178	-20
223	178	-20
224	178	-20
225	178	-20
226	178	-20
227	178	-20
229	178	-20
230	178	-20
231	178	-20
232	178	-20
233	178	-20
234	178	-20
235	178	-20
237	178	-20
228	179	-20
112	177	-20
240	177	-20
247	173	-19
248	174	-19
249	175	-19
250	176	-19
250	177	-19
250	178	-19
246	172	-19
272	177	-12
271	178	-12
270	179	-12
314	177	-8
315	177	-8
316	177	-8
317	177	-8
318	177	-8
319	177	-8
320	177	-8
322	177	-8
311	178	-8
313	178	-8
321	178	-8
323	178	-8
324	178	-8
310	179	-8
312	179	-8
309	180	-8
308	181	-8
307	182	-8
306	183	-8
305	184	-8
305	185	-8
305	186	-8
325	178	-8
305	187	-8
334	176	-4
335	176	-4
333	177	-4
332	178	-4
332	179	-4
340	177	-4
337	178	-4
338	178	-4
339	178	-4
336	179	-4
335	180	-4
265	179	-16
266	179	-16
263	180	-16
264	180	-16
267	180	-16
268	180	-16
269	180	-16
262	181	-16
292	174	-12
292	175	-12
291	176	-12
291	177	-12
290	178	-12
290	179	-12
289	180	-12
289	181	-12
333	180	-5
334	180	-5
332	179	-5
335	180	-5
254	181	-20
255	181	-20
257	181	-20
258	181	-20
259	181	-20
260	181	-20
253	182	-20
256	182	-20
261	181	-20
252	183	-20
327	179	-5
328	180	-5
329	180	-5
331	180	-5
330	181	-5
326	178	-5
332	179	-5
242	178	-20
243	179	-20
244	179	-20
245	180	-20
246	181	-20
247	181	-20
248	182	-20
249	182	-20
250	182	-20
251	182	-20
241	177	-20
252	183	-20
285	182	-14
286	183	-14
336	181	-4
337	182	-4
339	182	-4
338	183	-4
335	180	-4
271	181	-10
272	182	-10
273	183	-10
274	184	-10
275	185	-10
276	186	-10
277	187	-10
270	180	-10
277	188	-10
233	186	-21
233	187	-21
233	188	-21
233	189	-21
262	183	-13
263	184	-13
264	185	-13
265	186	-13
265	187	-13
265	188	-13
262	182	-13
265	189	-13
279	188	-18
278	189	-18
280	189	-18
285	185	-15
283	186	-15
284	186	-15
282	187	-15
281	188	-15
286	184	-15
280	189	-15
290	183	-13
291	183	-13
292	184	-13
293	185	-13
294	185	-13
295	186	-13
297	186	-13
296	187	-13
298	187	-13
299	187	-13
300	187	-13
302	187	-13
301	188	-13
303	188	-13
304	188	-13
289	182	-13
305	187	-13
252	184	-16
252	185	-16
253	186	-16
253	187	-16
252	188	-16
252	189	-16
252	183	-16
252	190	-16
261	190	-21
262	190	-21
263	190	-21
264	190	-21
253	191	-21
254	191	-21
257	191	-21
258	191	-21
259	191	-21
260	191	-21
255	192	-21
256	192	-21
265	189	-21
252	190	-21
276	189	-18
266	190	-18
267	190	-18
268	190	-18
269	190	-18
271	190	-18
273	190	-18
274	190	-18
275	190	-18
270	191	-18
272	191	-18
277	188	-18
265	189	-18
306	188	-12
307	189	-12
308	189	-12
309	190	-12
305	187	-12
310	191	-12
312	188	-10
311	189	-10
311	190	-10
310	191	-10
111	178	-23
111	179	-23
110	180	-23
110	181	-23
109	182	-23
109	183	-23
108	184	-23
108	185	-23
108	186	-23
109	187	-23
109	188	-23
110	189	-23
110	190	-23
111	191	-23
112	177	-23
112	192	-23
236	189	-21
234	190	-21
235	190	-21
237	190	-21
238	190	-21
239	190	-21
240	190	-21
241	191	-21
242	191	-21
243	191	-21
244	191	-21
245	191	-21
246	191	-21
247	191	-21
248	191	-21
249	191	-21
250	191	-21
251	191	-21
233	189	-21
252	190	-21
278	190	-17
278	191	-17
278	189	-17
279	192	-17
280	191	-14
281	190	-14
279	192	-14
282	191	-13
281	190	-13
232	190	-21
230	191	-21
231	191	-21
228	192	-21
229	192	-21
233	189	-21
227	193	-21
218	191	-21
113	192	-21
114	192	-21
115	192	-21
116	192	-21
117	192	-21
118	192	-21
119	192	-21
120	192	-21
121	192	-21
122	192	-21
123	192	-21
124	192	-21
125	192	-21
126	192	-21
127	192	-21
128	192	-21
129	192	-21
130	192	-21
131	192	-21
132	192	-21
133	192	-21
134	192	-21
135	192	-21
136	192	-21
137	192	-21
138	192	-21
139	192	-21
140	192	-21
141	192	-21
142	192	-21
143	192	-21
144	192	-21
145	192	-21
146	192	-21
147	192	-21
148	192	-21
149	192	-21
150	192	-21
151	192	-21
152	192	-21
153	192	-21
154	192	-21
155	192	-21
156	192	-21
157	192	-21
158	192	-21
159	192	-21
160	192	-21
161	192	-21
162	192	-21
163	192	-21
164	192	-21
165	192	-21
166	192	-21
167	192	-21
168	192	-21
169	192	-21
170	192	-21
171	192	-21
172	192	-21
173	192	-21
174	192	-21
175	192	-21
176	192	-21
177	192	-21
178	192	-21
179	192	-21
180	192	-21
181	192	-21
182	192	-21
183	192	-21
184	192	-21
185	192	-21
186	192	-21
187	192	-21
188	192	-21
189	192	-21
190	192	-21
191	192	-21
192	192	-21
193	192	-21
194	192	-21
195	192	-21
196	192	-21
197	192	-21
198	192	-21
199	192	-21
200	192	-21
201	192	-21
202	192	-21
203	192	-21
204	192	-21
205	192	-21
206	192	-21
207	192	-21
208	192	-21
209	192	-21
210	192	-21
211	192	-21
212	192	-21
213	192	-21
214	192	-21
215	192	-21
216	192	-21
217	192	-21
219	192	-21
220	192	-21
221	192	-21
222	192	-21
223	192	-21
226	192	-21
224	193	-21
225	193	-21
112	192	-21
227	193	-21
320	193	-5
319	194	-5
310	193	-9
309	194	-9
311	192	-9
312	192	-7
313	193	-7
314	194	-7
315	194	-7
317	194	-7
318	194	-7
316	195	-7
311	192	-7
319	194	-7
320	195	-5
319	194	-5
227	194	-20
227	195	-20
228	196	-20
228	197	-20
229	198	-20
229	199	-20
230	200	-20
227	193	-20
279	193	-15
277	194	-15
278	194	-15
276	195	-15
275	196	-15
273	197	-15
274	197	-15
272	198	-15
272	199	-15
271	200	-15
279	192	-15
271	201	-15
259	201	-19
261	201	-19
263	201	-19
265	201	-19
256	202	-19
258	202	-19
260	202	-19
262	202	-19
264	202	-19
266	202	-19
267	202	-19
268	202	-19
269	202	-19
248	203	-19
250	203	-19
252	203	-19
253	203	-19
254	203	-19
255	203	-19
257	203	-19
244	204	-19
245	204	-19
246	204	-19
247	204	-19
249	204	-19
251	204	-19
241	205	-19
243	205	-19
113	206	-19
114	206	-19
115	206	-19
116	206	-19
117	206	-19
118	206	-19
119	206	-19
120	206	-19
121	206	-19
122	206	-19
123	206	-19
124	206	-19
125	206	-19
126	206	-19
127	206	-19
128	206	-19
129	206	-19
130	206	-19
131	206	-19
132	206	-19
133	206	-19
134	206	-19
135	206	-19
136	206	-19
137	206	-19
138	206	-19
139	206	-19
140	206	-19
141	206	-19
142	206	-19
143	206	-19
144	206	-19
145	206	-19
146	206	-19
147	206	-19
148	206	-19
149	206	-19
150	206	-19
151	206	-19
152	206	-19
153	206	-19
154	206	-19
155	206	-19
156	206	-19
157	206	-19
158	206	-19
159	206	-19
160	206	-19
161	206	-19
162	206	-19
163	206	-19
164	206	-19
165	206	-19
166	206	-19
167	206	-19
168	206	-19
169	206	-19
170	206	-19
171	206	-19
172	206	-19
173	206	-19
174	206	-19
175	206	-19
176	206	-19
177	206	-19
178	206	-19
179	206	-19
180	206	-19
181	206	-19
182	206	-19
183	206	-19
184	206	-19
185	206	-19
186	206	-19
187	206	-19
188	206	-19
189	206	-19
190	206	-19
191	206	-19
192	206	-19
193	206	-19
194	206	-19
195	206	-19
196	206	-19
197	206	-19
198	206	-19
199	206	-19
200	206	-19
201	206	-19
202	206	-19
203	206	-19
204	206	-19
205	206	-19
206	206	-19
207	206	-19
208	206	-19
209	206	-19
210	206	-19
211	206	-19
212	206	-19
213	206	-19
214	206	-19
215	206	-19
216	206	-19
217	206	-19
220	206	-19
222	206	-19
224	206	-19
226	206	-19
236	206	-19
238	206	-19
239	206	-19
240	206	-19
242	206	-19
218	207	-19
219	207	-19
221	207	-19
223	207	-19
225	207	-19
227	207	-19
228	207	-19
229	207	-19
230	207	-19
232	207	-19
233	207	-19
234	207	-19
235	207	-19
237	207	-19
231	208	-19
270	202	-19
112	206	-19
111	193	-23
110	194	-23
110	195	-23
109	196	-23
109	197	-23
108	198	-23
108	199	-23
108	200	-23
109	201	-23
109	202	-23
110	203	-23
110	204	-23
111	205	-23
112	192	-23
112	206	-23
286	202	-12
287	202	-12
272	203	-12
285	203	-12
273	204	-12
284	204	-12
274	205	-12
275	205	-12
283	205	-12
276	206	-12
282	206	-12
277	207	-12
278	207	-12
280	207	-12
281	207	-12
279	208	-12
271	202	-12
303	208	-5
304	209	-5
329	210	-5
326	211	-5
327	211	-5
328	211	-5
294	217	-9
295	217	-9
293	218	-9
322	216	-5
322	217	-5
322	218	-5
288	218	-11
290	218	-11
275	219	-11
277	219	-11
279	219	-11
280	219	-11
281	219	-11
282	219	-11
283	219	-11
284	219	-11
285	219	-11
286	219	-11
287	219	-11
289	219	-11
291	219	-11
226	220	-11
228	220	-11
230	220	-11
232	220	-11
234	220	-11
252	220	-11
272	220	-11
274	220	-11
276	220	-11
278	220	-11
112	221	-11
113	221	-11
114	221	-11
115	221	-11
116	221	-11
117	221	-11
118	221	-11
119	221	-11
120	221	-11
121	221	-11
122	221	-11
123	221	-11
124	221	-11
125	221	-11
126	221	-11
127	221	-11
128	221	-11
129	221	-11
130	221	-11
131	221	-11
132	221	-11
133	221	-11
134	221	-11
135	221	-11
136	221	-11
137	221	-11
138	221	-11
139	221	-11
140	221	-11
141	221	-11
142	221	-11
143	221	-11
144	221	-11
145	221	-11
146	221	-11
147	221	-11
148	221	-11
149	221	-11
150	221	-11
151	221	-11
152	221	-11
153	221	-11
154	221	-11
155	221	-11
156	221	-11
157	221	-11
158	221	-11
159	221	-11
160	221	-11
161	221	-11
162	221	-11
163	221	-11
164	221	-11
165	221	-11
166	221	-11
167	221	-11
168	221	-11
169	221	-11
170	221	-11
171	221	-11
172	221	-11
173	221	-11
174	221	-11
175	221	-11
176	221	-11
177	221	-11
178	221	-11
179	221	-11
180	221	-11
181	221	-11
182	221	-11
183	221	-11
184	221	-11
185	221	-11
186	221	-11
187	221	-11
188	221	-11
189	221	-11
190	221	-11
191	221	-11
192	221	-11
193	221	-11
194	221	-11
195	221	-11
196	221	-11
197	221	-11
198	221	-11
199	221	-11
200	221	-11
201	221	-11
202	221	-11
203	221	-11
204	221	-11
205	221	-11
206	221	-11
207	221	-11
208	221	-11
209	221	-11
210	221	-11
211	221	-11
212	221	-11
213	221	-11
214	221	-11
215	221	-11
216	221	-11
218	221	-11
219	221	-11
220	221	-11
221	221	-11
223	221	-11
224	221	-11
225	221	-11
227	221	-11
229	221	-11
231	221	-11
233	221	-11
235	221	-11
236	221	-11
237	221	-11
238	221	-11
239	221	-11
240	221	-11
241	221	-11
242	221	-11
243	221	-11
244	221	-11
245	221	-11
246	221	-11
247	221	-11
248	221	-11
249	221	-11
250	221	-11
251	221	-11
253	221	-11
254	221	-11
255	221	-11
256	221	-11
267	221	-11
268	221	-11
269	221	-11
270	221	-11
271	221	-11
273	221	-11
217	222	-11
222	222	-11
257	222	-11
258	222	-11
259	222	-11
260	222	-11
261	222	-11
262	222	-11
263	222	-11
264	222	-11
265	222	-11
266	222	-11
292	219	-11
111	221	-11
307	219	-6
308	219	-6
309	219	-6
310	219	-6
311	219	-6
312	219	-6
313	219	-6
314	219	-6
315	219	-6
316	219	-6
317	219	-6
306	220	-6
318	220	-6
319	219	-5
320	219	-5
321	219	-5
322	218	-5
318	220	-5
111	207	-23
110	208	-23
110	209	-23
109	210	-23
109	211	-23
108	212	-23
108	213	-23
108	214	-23
108	215	-23
108	216	-23
109	217	-23
109	218	-23
110	219	-23
110	220	-23
112	206	-23
111	221	-23
294	220	-11
295	221	-11
296	221	-11
293	219	-11
297	222	-11
302	218	-9
304	218	-9
301	219	-9
303	219	-9
305	219	-9
300	220	-9
298	221	-9
299	221	-9
306	220	-9
297	222	-9
340	219	-3
339	220	-3
339	221	-3
338	222	-3
324	218	-3
323	219	-3
325	219	-3
326	219	-3
328	219	-3
327	220	-3
329	220	-3
330	220	-3
331	220	-3
332	220	-3
334	220	-3
333	221	-3
335	221	-3
336	221	-3
337	222	-3
322	218	-3
338	222	-3
339	223	-3
338	222	-3
306	221	-7
305	222	-7
298	223	-7
304	223	-7
299	224	-7
301	224	-7
302	224	-7
303	224	-7
300	225	-7
306	220	-7
297	222	-7
318	221	-3
319	222	-3
319	223	-3
319	224	-3
320	225	-3
321	226	-3
323	226	-3
322	227	-3
318	220	-3
280	229	-15
279	230	-15
278	231	-15
278	232	-15
110	222	-23
110	223	-23
109	224	-23
109	225	-23
108	226	-23
108	227	-23
108	228	-23
108	229	-23
108	230	-23
109	231	-23
109	232	-23
110	233	-23
110	234	-23
111	221	-23
111	235	-23
293	230	-9
293	231	-9
293	232	-9
292	233	-9
292	234	-9
292	235	-9
243	233	-18
244	233	-18
245	233	-18
246	233	-18
247	233	-18
248	233	-18
249	233	-18
250	233	-18
251	233	-18
252	233	-18
253	233	-18
254	233	-18
255	233	-18
256	233	-18
258	233	-18
277	233	-18
230	234	-18
232	234	-18
234	234	-18
237	234	-18
239	234	-18
241	234	-18
242	234	-18
257	234	-18
259	234	-18
260	234	-18
261	234	-18
276	234	-18
112	235	-18
113	235	-18
114	235	-18
115	235	-18
116	235	-18
117	235	-18
118	235	-18
119	235	-18
120	235	-18
121	235	-18
122	235	-18
123	235	-18
124	235	-18
125	235	-18
126	235	-18
127	235	-18
128	235	-18
129	235	-18
130	235	-18
131	235	-18
132	235	-18
133	235	-18
134	235	-18
135	235	-18
136	235	-18
137	235	-18
138	235	-18
139	235	-18
140	235	-18
141	235	-18
142	235	-18
143	235	-18
144	235	-18
145	235	-18
146	235	-18
147	235	-18
148	235	-18
149	235	-18
150	235	-18
151	235	-18
152	235	-18
153	235	-18
154	235	-18
155	235	-18
156	235	-18
157	235	-18
158	235	-18
159	235	-18
160	235	-18
161	235	-18
162	235	-18
163	235	-18
164	235	-18
165	235	-18
166	235	-18
167	235	-18
168	235	-18
169	235	-18
170	235	-18
171	235	-18
172	235	-18
173	235	-18
174	235	-18
175	235	-18
176	235	-18
177	235	-18
178	235	-18
179	235	-18
180	235	-18
181	235	-18
182	235	-18
183	235	-18
184	235	-18
185	235	-18
186	235	-18
187	235	-18
188	235	-18
189	235	-18
190	235	-18
191	235	-18
192	235	-18
193	235	-18
194	235	-18
195	235	-18
196	235	-18
197	235	-18
198	235	-18
199	235	-18
200	235	-18
201	235	-18
202	235	-18
203	235	-18
204	235	-18
205	235	-18
206	235	-18
207	235	-18
208	235	-18
209	235	-18
210	235	-18
211	235	-18
212	235	-18
213	235	-18
214	235	-18
215	235	-18
216	235	-18
219	235	-18
221	235	-18
223	235	-18
225	235	-18
227	235	-18
228	235	-18
229	235	-18
231	235	-18
233	235	-18
235	235	-18
236	235	-18
238	235	-18
240	235	-18
262	235	-18
263	235	-18
264	235	-18
265	235	-18
267	235	-18
275	235	-18
217	236	-18
218	236	-18
220	236	-18
222	236	-18
224	236	-18
226	236	-18
266	236	-18
268	236	-18
269	236	-18
270	236	-18
272	236	-18
273	236	-18
274	236	-18
271	237	-18
278	232	-18
111	235	-18
279	233	-14
280	233	-14
281	233	-14
282	234	-14
283	235	-14
284	236	-14
285	236	-14
286	237	-14
288	237	-14
289	237	-14
290	237	-14
287	238	-14
278	232	-14
291	236	-14
316	239	-8
315	240	-8
317	240	-8
309	244	-11
310	245	-11
310	246	-11
309	248	-10
310	247	-10
293	237	-7
293	238	-7
294	239	-7
294	240	-7
295	241	-7
296	242	-7
297	243	-7
297	244	-7
298	245	-7
299	246	-7
299	247	-7
300	248	-7
301	248	-7
302	249	-7
292	236	-7
110	236	-23
110	237	-23
109	238	-23
109	239	-23
108	240	-23
108	241	-23
107	242	-23
108	243	-23
107	244	-23
108	245	-23
108	246	-23
109	247	-23
109	248	-23
110	249	-23
110	250	-23
111	235	-23
111	251	-23
307	248	-11
306	249	-11
306	250	-11
306	251	-11
306	252	-11
331	250	-7
331	251	-7
330	252	-7
229	249	-13
258	249	-13
217	250	-13
218	250	-13
219	250	-13
220	250	-13
221	250	-13
222	250	-13
223	250	-13
224	250	-13
225	250	-13
226	250	-13
227	250	-13
228	250	-13
230	250	-13
231	250	-13
232	250	-13
252	250	-13
254	250	-13
255	250	-13
256	250	-13
257	250	-13
259	250	-13
260	250	-13
261	250	-13
112	251	-13
113	251	-13
114	251	-13
115	251	-13
116	251	-13
117	251	-13
118	251	-13
119	251	-13
120	251	-13
121	251	-13
122	251	-13
123	251	-13
124	251	-13
125	251	-13
126	251	-13
127	251	-13
128	251	-13
129	251	-13
130	251	-13
131	251	-13
132	251	-13
133	251	-13
134	251	-13
135	251	-13
136	251	-13
137	251	-13
138	251	-13
139	251	-13
140	251	-13
141	251	-13
142	251	-13
143	251	-13
144	251	-13
145	251	-13
146	251	-13
147	251	-13
148	251	-13
149	251	-13
150	251	-13
151	251	-13
152	251	-13
153	251	-13
154	251	-13
155	251	-13
156	251	-13
157	251	-13
158	251	-13
159	251	-13
160	251	-13
161	251	-13
162	251	-13
163	251	-13
164	251	-13
165	251	-13
166	251	-13
167	251	-13
168	251	-13
169	251	-13
170	251	-13
171	251	-13
172	251	-13
173	251	-13
174	251	-13
175	251	-13
176	251	-13
177	251	-13
178	251	-13
179	251	-13
180	251	-13
181	251	-13
182	251	-13
183	251	-13
184	251	-13
185	251	-13
186	251	-13
187	251	-13
188	251	-13
189	251	-13
190	251	-13
191	251	-13
192	251	-13
193	251	-13
194	251	-13
195	251	-13
196	251	-13
197	251	-13
198	251	-13
199	251	-13
200	251	-13
201	251	-13
202	251	-13
203	251	-13
204	251	-13
205	251	-13
206	251	-13
207	251	-13
208	251	-13
209	251	-13
210	251	-13
211	251	-13
212	251	-13
213	251	-13
214	251	-13
215	251	-13
216	251	-13
233	251	-13
234	251	-13
245	251	-13
246	251	-13
247	251	-13
248	251	-13
249	251	-13
250	251	-13
251	251	-13
253	251	-13
262	251	-13
263	251	-13
264	251	-13
266	251	-13
283	251	-13
284	251	-13
285	251	-13
286	251	-13
287	251	-13
288	251	-13
289	251	-13
290	251	-13
291	251	-13
292	251	-13
294	251	-13
296	251	-13
235	252	-13
236	252	-13
238	252	-13
240	252	-13
242	252	-13
243	252	-13
244	252	-13
265	252	-13
267	252	-13
268	252	-13
269	252	-13
270	252	-13
271	252	-13
272	252	-13
273	252	-13
274	252	-13
276	252	-13
277	252	-13
278	252	-13
279	252	-13
280	252	-13
281	252	-13
282	252	-13
293	252	-13
295	252	-13
297	252	-13
298	252	-13
299	252	-13
300	252	-13
301	252	-13
304	252	-13
237	253	-13
239	253	-13
241	253	-13
275	253	-13
302	253	-13
303	253	-13
305	253	-13
111	251	-13
306	252	-13
334	253	-7
333	254	-7
312	248	-7
313	249	-7
312	250	-7
313	251	-7
314	252	-7
315	253	-7
315	254	-7
311	247	-7
331	253	-7
332	254	-7
330	252	-7
333	254	-7
307	253	-9
308	254	-9
309	255	-9
310	255	-9
311	255	-9
322	255	-9
323	255	-9
324	255	-9
312	256	-9
313	256	-9
315	256	-9
318	256	-9
320	256	-9
321	256	-9
314	257	-9
316	257	-9
317	257	-9
319	257	-9
306	252	-9
325	256	-9
329	253	-8
327	254	-8
328	254	-8
326	255	-8
330	252	-8
325	256	-8
334	255	-7
333	254	-7
325	257	-7
326	258	-7
327	259	-7
328	259	-7
329	259	-7
331	259	-7
330	260	-7
325	256	-7
289	261	-13
290	261	-13
291	261	-13
292	261	-13
287	262	-13
288	262	-13
293	262	-13
286	263	-13
294	263	-13
284	264	-13
285	264	-13
295	264	-13
283	265	-13
110	252	-23
110	253	-23
109	254	-23
109	255	-23
108	256	-23
108	257	-23
107	258	-23
108	259	-23
108	260	-23
109	261	-23
109	262	-23
110	263	-23
110	264	-23
111	251	-23
111	265	-23
218	264	-21
220	264	-21
222	264	-21
224	264	-21
226	264	-21
228	264	-21
240	264	-21
112	265	-21
113	265	-21
114	265	-21
115	265	-21
116	265	-21
117	265	-21
118	265	-21
119	265	-21
120	265	-21
121	265	-21
122	265	-21
123	265	-21
124	265	-21
125	265	-21
126	265	-21
127	265	-21
128	265	-21
129	265	-21
130	265	-21
131	265	-21
132	265	-21
133	265	-21
134	265	-21
135	265	-21
136	265	-21
137	265	-21
138	265	-21
139	265	-21
140	265	-21
141	265	-21
142	265	-21
143	265	-21
144	265	-21
145	265	-21
146	265	-21
147	265	-21
148	265	-21
149	265	-21
150	265	-21
151	265	-21
152	265	-21
153	265	-21
154	265	-21
155	265	-21
156	265	-21
157	265	-21
158	265	-21
159	265	-21
160	265	-21
161	265	-21
162	265	-21
163	265	-21
164	265	-21
165	265	-21
166	265	-21
167	265	-21
168	265	-21
169	265	-21
170	265	-21
171	265	-21
172	265	-21
173	265	-21
174	265	-21
175	265	-21
176	265	-21
177	265	-21
178	265	-21
179	265	-21
180	265	-21
181	265	-21
182	265	-21
183	265	-21
184	265	-21
185	265	-21
186	265	-21
187	265	-21
188	265	-21
189	265	-21
190	265	-21
191	265	-21
192	265	-21
193	265	-21
194	265	-21
195	265	-21
196	265	-21
197	265	-21
198	265	-21
199	265	-21
200	265	-21
201	265	-21
202	265	-21
203	265	-21
204	265	-21
205	265	-21
206	265	-21
207	265	-21
208	265	-21
209	265	-21
210	265	-21
211	265	-21
212	265	-21
213	265	-21
214	265	-21
215	265	-21
216	265	-21
217	265	-21
219	265	-21
221	265	-21
223	265	-21
225	265	-21
227	265	-21
229	265	-21
230	265	-21
231	265	-21
232	265	-21
233	265	-21
234	265	-21
235	265	-21
236	265	-21
237	265	-21
238	265	-21
239	265	-21
241	265	-21
242	265	-21
111	265	-21
243	266	-21
257	260	-17
253	261	-17
254	261	-17
255	261	-17
256	261	-17
258	261	-17
259	261	-17
260	261	-17
250	262	-17
251	262	-17
252	262	-17
261	262	-17
262	262	-17
263	262	-17
247	263	-17
248	263	-17
249	263	-17
264	263	-17
245	264	-17
246	264	-17
265	264	-17
266	264	-17
267	264	-17
268	264	-17
270	264	-17
244	265	-17
269	265	-17
271	265	-17
272	265	-17
273	265	-17
274	265	-17
275	265	-17
276	265	-17
278	265	-17
277	266	-17
279	266	-17
280	266	-17
281	266	-17
243	266	-17
282	266	-17
296	263	-7
298	263	-7
299	263	-7
297	264	-7
300	264	-7
301	264	-7
302	264	-7
303	265	-7
305	265	-7
304	266	-7
306	266	-7
314	266	-7
316	266	-7
307	267	-7
308	267	-7
309	267	-7
310	267	-7
311	267	-7
312	267	-7
313	267	-7
315	267	-7
317	267	-7
295	264	-7
284	267	-16
285	268	-16
283	266	-16
286	269	-16
294	265	-11
292	266	-11
293	266	-11
291	267	-11
289	268	-11
290	268	-11
288	269	-11
295	264	-11
287	269	-11
243	267	-20
243	268	-20
243	269	-20
243	270	-20
243	266	-20
287	271	-9
287	272	-9
288	273	-9
289	274	-9
290	275	-9
291	276	-9
291	277	-9
286	270	-9
110	266	-23
110	267	-23
109	268	-23
109	269	-23
108	270	-23
108	271	-23
107	272	-23
108	273	-23
108	274	-23
109	275	-23
109	276	-23
110	277	-23
110	278	-23
111	265	-23
111	279	-23
236	277	-20
230	278	-20
232	278	-20
233	278	-20
234	278	-20
235	278	-20
237	278	-20
112	279	-20
113	279	-20
114	279	-20
115	279	-20
116	279	-20
117	279	-20
118	279	-20
119	279	-20
120	279	-20
121	279	-20
122	279	-20
123	279	-20
124	279	-20
125	279	-20
126	279	-20
127	279	-20
128	279	-20
129	279	-20
130	279	-20
131	279	-20
132	279	-20
133	279	-20
134	279	-20
135	279	-20
136	279	-20
137	279	-20
138	279	-20
139	279	-20
140	279	-20
141	279	-20
142	279	-20
143	279	-20
144	279	-20
145	279	-20
146	279	-20
147	279	-20
148	279	-20
149	279	-20
150	279	-20
151	279	-20
152	279	-20
153	279	-20
154	279	-20
155	279	-20
156	279	-20
157	279	-20
158	279	-20
159	279	-20
160	279	-20
161	279	-20
162	279	-20
163	279	-20
164	279	-20
165	279	-20
166	279	-20
167	279	-20
168	279	-20
169	279	-20
170	279	-20
171	279	-20
172	279	-20
173	279	-20
174	279	-20
175	279	-20
176	279	-20
177	279	-20
178	279	-20
179	279	-20
180	279	-20
181	279	-20
182	279	-20
183	279	-20
184	279	-20
185	279	-20
186	279	-20
187	279	-20
188	279	-20
189	279	-20
190	279	-20
191	279	-20
192	279	-20
193	279	-20
194	279	-20
195	279	-20
196	279	-20
197	279	-20
198	279	-20
199	279	-20
200	279	-20
201	279	-20
202	279	-20
203	279	-20
204	279	-20
205	279	-20
206	279	-20
207	279	-20
208	279	-20
209	279	-20
210	279	-20
211	279	-20
212	279	-20
213	279	-20
214	279	-20
215	279	-20
216	279	-20
219	279	-20
221	279	-20
223	279	-20
225	279	-20
227	279	-20
228	279	-20
229	279	-20
231	279	-20
238	279	-20
239	279	-20
217	280	-20
218	280	-20
220	280	-20
222	280	-20
224	280	-20
226	280	-20
240	280	-20
242	280	-20
245	280	-20
247	280	-20
241	281	-20
243	281	-20
244	281	-20
246	281	-20
248	281	-20
249	281	-20
111	279	-20
250	282	-20
319	280	-7
321	280	-7
322	280	-7
318	281	-7
320	281	-7
323	281	-7
317	282	-7
316	283	-7
299	282	-11
300	282	-11
301	282	-11
302	282	-11
303	282	-11
304	282	-11
305	282	-11
306	282	-11
307	282	-11
308	282	-11
298	283	-11
297	284	-11
296	285	-11
296	286	-11
312	282	-11
313	282	-11
314	282	-11
315	282	-11
316	283	-11
334	283	-6
335	283	-6
336	283	-6
337	283	-6
338	283	-6
340	283	-6
344	283	-6
339	284	-6
341	284	-6
342	284	-6
343	284	-6
110	280	-23
110	281	-23
109	282	-23
109	283	-23
108	284	-23
108	285	-23
107	286	-23
111	279	-23
108	287	-23
322	286	-9
323	286	-9
321	287	-9
255	280	-13
270	280	-13
272	280	-13
251	281	-13
252	281	-13
253	281	-13
254	281	-13
256	281	-13
257	281	-13
258	281	-13
259	281	-13
260	281	-13
262	281	-13
264	281	-13
266	281	-13
267	281	-13
268	281	-13
269	281	-13
271	281	-13
273	281	-13
275	281	-13
261	282	-13
263	282	-13
265	282	-13
274	282	-13
276	282	-13
277	283	-13
278	283	-13
279	284	-13
280	284	-13
281	284	-13
282	285	-13
283	285	-13
284	285	-13
285	285	-13
286	286	-13
287	286	-13
288	286	-13
289	287	-13
290	287	-13
292	287	-13
293	287	-13
294	287	-13
295	287	-13
291	288	-13
250	282	-13
296	286	-13
310	286	-8
309	287	-8
309	288	-8
317	284	-9
318	285	-9
319	286	-9
320	287	-9
316	283	-9
321	287	-9
241	288	-20
242	289	-20
250	283	-20
250	284	-20
249	285	-20
246	286	-20
248	286	-20
245	287	-20
247	287	-20
244	288	-20
250	282	-20
243	289	-20
322	288	-7
323	288	-7
321	287	-7
297	287	-11
298	288	-11
299	289	-11
300	289	-11
301	289	-11
296	286	-11
302	290	-11
307	288	-10
304	289	-10
305	289	-10
306	289	-10
308	289	-10
309	288	-10
303	290	-10
310	289	-8
311	290	-8
309	288	-8
231	287	-20
230	288	-20
230	289	-20
230	290	-20
230	291	-20
230	292	-20
230	293	-20
332	283	-6
331	284	-6
331	285	-6
331	286	-6
332	287	-6
332	288	-6
333	289	-6
334	289	-6
335	290	-6
336	291	-6
336	292	-6
257	288	-20
257	289	-20
256	290	-20
255	291	-20
255	292	-20
254	293	-20
254	294	-20
109	289	-22
110	289	-22
111	290	-22
112	290	-22
113	291	-22
114	291	-22
115	292	-22
116	292	-22
117	293	-22
118	293	-22
119	294	-22
120	294	-22
108	288	-22
121	295	-22
217	294	-20
220	294	-20
222	294	-20
223	294	-20
224	294	-20
225	294	-20
227	294	-20
228	294	-20
229	294	-20
123	295	-20
124	295	-20
125	295	-20
126	295	-20
127	295	-20
128	295	-20
129	295	-20
130	295	-20
131	295	-20
132	295	-20
133	295	-20
134	295	-20
135	295	-20
136	295	-20
137	295	-20
138	295	-20
139	295	-20
140	295	-20
141	295	-20
142	295	-20
143	295	-20
144	295	-20
145	295	-20
146	295	-20
147	295	-20
148	295	-20
149	295	-20
150	295	-20
151	295	-20
152	295	-20
153	295	-20
154	295	-20
155	295	-20
156	295	-20
157	295	-20
158	295	-20
159	295	-20
160	295	-20
161	295	-20
162	295	-20
163	295	-20
164	295	-20
165	295	-20
166	295	-20
167	295	-20
168	295	-20
169	295	-20
170	295	-20
171	295	-20
172	295	-20
173	295	-20
174	295	-20
175	295	-20
176	295	-20
177	295	-20
178	295	-20
179	295	-20
180	295	-20
181	295	-20
182	295	-20
183	295	-20
184	295	-20
185	295	-20
186	295	-20
187	295	-20
188	295	-20
189	295	-20
190	295	-20
191	295	-20
192	295	-20
193	295	-20
194	295	-20
195	295	-20
196	295	-20
197	295	-20
198	295	-20
199	295	-20
200	295	-20
201	295	-20
202	295	-20
203	295	-20
204	295	-20
205	295	-20
206	295	-20
207	295	-20
208	295	-20
209	295	-20
210	295	-20
211	295	-20
212	295	-20
213	295	-20
214	295	-20
215	295	-20
216	295	-20
218	295	-20
219	295	-20
221	295	-20
226	295	-20
230	293	-20
122	295	-20
303	292	-9
302	293	-9
303	294	-9
303	291	-9
241	291	-20
242	292	-20
241	293	-20
241	294	-20
241	295	-20
242	290	-20
241	296	-20
231	294	-20
232	294	-20
233	295	-20
234	295	-20
235	296	-20
236	297	-20
237	297	-20
238	297	-20
240	297	-20
239	298	-20
230	293	-20
241	296	-20
242	297	-21
243	298	-21
241	296	-21
244	299	-21
252	294	-21
250	295	-21
251	295	-21
253	295	-21
249	296	-21
248	297	-21
246	298	-21
247	298	-21
254	294	-21
245	299	-21
255	295	-20
256	296	-20
257	297	-20
258	298	-20
259	299	-20
254	294	-20
290	298	-9
289	299	-9
288	300	-9
288	301	-9
287	302	-9
286	303	-9
245	301	-20
246	302	-20
247	303	-20
248	303	-20
249	304	-20
250	305	-20
251	306	-20
245	300	-20
252	307	-20
254	305	-21
253	306	-21
252	307	-21
283	303	-15
285	303	-15
282	304	-15
284	304	-15
280	305	-15
281	305	-15
279	306	-15
279	307	-15
286	303	-15
279	308	-15
287	304	-12
287	305	-12
288	306	-12
287	307	-12
286	303	-12
287	308	-12
295	308	-9
296	308	-9
297	308	-9
294	309	-9
298	309	-9
293	310	-9
302	307	-6
299	308	-6
300	308	-6
301	308	-6
298	309	-6
121	297	-21
121	298	-21
121	299	-21
121	300	-21
122	301	-21
123	302	-21
124	303	-21
125	304	-21
126	304	-21
127	305	-21
128	305	-21
129	306	-21
130	306	-21
131	307	-21
132	307	-21
133	308	-21
134	308	-21
135	309	-21
136	309	-21
121	296	-21
137	310	-21
273	308	-19
276	308	-19
270	309	-19
271	309	-19
272	309	-19
274	309	-19
275	309	-19
277	309	-19
267	310	-19
268	310	-19
269	310	-19
262	311	-19
264	311	-19
265	311	-19
266	311	-19
256	312	-19
257	312	-19
259	312	-19
260	312	-19
261	312	-19
263	312	-19
258	313	-19
278	309	-19
255	311	-19
253	308	-20
254	309	-20
255	310	-20
252	307	-20
255	311	-20
289	309	-12
290	310	-12
291	310	-12
288	309	-12
292	310	-12
281	310	-14
282	310	-14
284	310	-14
286	310	-14
283	311	-14
285	311	-14
280	309	-14
287	309	-14
218	309	-22
219	309	-22
220	309	-22
221	309	-22
222	309	-22
223	309	-22
225	309	-22
139	310	-22
140	310	-22
141	310	-22
142	310	-22
143	310	-22
144	310	-22
145	310	-22
146	310	-22
147	310	-22
148	310	-22
149	310	-22
150	310	-22
151	310	-22
152	310	-22
153	310	-22
154	310	-22
155	310	-22
156	310	-22
157	310	-22
158	310	-22
159	310	-22
160	310	-22
161	310	-22
162	310	-22
163	310	-22
164	310	-22
165	310	-22
166	310	-22
167	310	-22
168	310	-22
169	310	-22
170	310	-22
171	310	-22
172	310	-22
173	310	-22
174	310	-22
175	310	-22
176	310	-22
177	310	-22
178	310	-22
179	310	-22
180	310	-22
181	310	-22
182	310	-22
183	310	-22
184	310	-22
185	310	-22
186	310	-22
187	310	-22
188	310	-22
189	310	-22
190	310	-22
191	310	-22
192	310	-22
193	310	-22
194	310	-22
195	310	-22
196	310	-22
197	310	-22
198	310	-22
199	310	-22
200	310	-22
201	310	-22
202	310	-22
203	310	-22
204	310	-22
205	310	-22
206	310	-22
207	310	-22
208	310	-22
209	310	-22
210	310	-22
211	310	-22
212	310	-22
213	310	-22
214	310	-22
215	310	-22
216	310	-22
217	310	-22
224	310	-22
226	310	-22
228	310	-22
227	311	-22
229	311	-22
230	311	-22
231	311	-22
232	311	-22
233	311	-22
234	311	-22
235	311	-22
236	311	-22
237	311	-22
238	311	-22
239	311	-22
240	311	-22
242	311	-22
241	312	-22
243	312	-22
244	312	-22
245	312	-22
247	312	-22
253	312	-22
254	312	-22
246	313	-22
248	313	-22
249	313	-22
250	313	-22
251	313	-22
252	313	-22
138	310	-22
255	311	-22
299	310	-5
300	311	-5
301	312	-5
302	313	-5
303	314	-5
298	309	-5
279	311	-11
279	312	-11
279	313	-11
279	314	-11
278	315	-11
278	316	-11
279	310	-11
313	316	-11
313	317	-11
313	318	-11
293	312	-6
293	313	-6
293	314	-6
294	315	-6
295	316	-6
296	317	-6
297	318	-6
298	318	-6
293	311	-6
280	319	-11
281	319	-11
282	320	-11
283	320	-11
284	320	-11
330	319	-9
326	320	-9
327	320	-9
328	320	-9
329	320	-9
325	321	-9
324	322	-9
323	323	-9
315	320	-10
316	321	-10
317	321	-10
318	322	-10
319	322	-10
320	322	-10
321	322	-10
314	319	-10
322	323	-10
137	312	-20
137	313	-20
137	314	-20
137	315	-20
138	316	-20
139	317	-20
140	318	-20
141	319	-20
142	319	-20
143	320	-20
144	320	-20
145	321	-20
146	321	-20
147	322	-20
148	322	-20
149	323	-20
150	323	-20
137	311	-20
151	324	-20
221	323	-22
153	324	-22
154	324	-22
155	324	-22
156	324	-22
157	324	-22
158	324	-22
159	324	-22
160	324	-22
161	324	-22
162	324	-22
163	324	-22
164	324	-22
165	324	-22
166	324	-22
167	324	-22
168	324	-22
169	324	-22
170	324	-22
171	324	-22
172	324	-22
173	324	-22
174	324	-22
175	324	-22
176	324	-22
177	324	-22
178	324	-22
179	324	-22
180	324	-22
181	324	-22
182	324	-22
183	324	-22
184	324	-22
185	324	-22
186	324	-22
187	324	-22
188	324	-22
189	324	-22
190	324	-22
191	324	-22
192	324	-22
193	324	-22
194	324	-22
195	324	-22
196	324	-22
197	324	-22
198	324	-22
199	324	-22
200	324	-22
201	324	-22
202	324	-22
203	324	-22
204	324	-22
205	324	-22
206	324	-22
207	324	-22
208	324	-22
209	324	-22
210	324	-22
211	324	-22
212	324	-22
213	324	-22
214	324	-22
215	324	-22
216	324	-22
217	324	-22
218	324	-22
219	324	-22
220	324	-22
222	324	-22
223	324	-22
224	324	-22
152	324	-22
225	325	-22
311	320	-12
312	320	-12
309	321	-12
310	321	-12
306	322	-12
308	322	-12
238	323	-12
240	323	-12
241	323	-12
242	323	-12
243	323	-12
244	323	-12
245	323	-12
246	323	-12
247	323	-12
248	323	-12
249	323	-12
251	323	-12
253	323	-12
255	323	-12
257	323	-12
305	323	-12
307	323	-12
226	324	-12
228	324	-12
230	324	-12
232	324	-12
234	324	-12
236	324	-12
237	324	-12
239	324	-12
250	324	-12
252	324	-12
254	324	-12
256	324	-12
258	324	-12
260	324	-12
262	324	-12
264	324	-12
266	324	-12
268	324	-12
270	324	-12
272	324	-12
274	324	-12
276	324	-12
302	324	-12
303	324	-12
304	324	-12
227	325	-12
229	325	-12
231	325	-12
233	325	-12
235	325	-12
259	325	-12
261	325	-12
263	325	-12
265	325	-12
267	325	-12
269	325	-12
271	325	-12
273	325	-12
275	325	-12
277	325	-12
279	325	-12
299	325	-12
300	325	-12
301	325	-12
278	326	-12
280	326	-12
281	326	-12
282	326	-12
283	326	-12
284	326	-12
285	326	-12
286	326	-12
287	326	-12
288	326	-12
289	326	-12
290	326	-12
291	326	-12
292	326	-12
293	326	-12
294	326	-12
295	326	-12
296	326	-12
297	326	-12
298	326	-12
313	319	-12
225	325	-12
342	322	-7
343	323	-7
343	324	-7
225	326	-21
225	327	-21
225	328	-21
225	325	-21
322	325	-10
322	326	-10
320	327	-10
321	327	-10
319	328	-10
322	324	-10
319	329	-10
324	324	-8
324	325	-8
325	326	-8
326	327	-8
332	327	-8
327	328	-8
328	328	-8
329	328	-8
330	328	-8
331	328	-8
333	328	-8
334	328	-8
323	323	-8
321	330	-10
322	330	-10
320	330	-10
306	330	-12
307	330	-12
308	330	-12
309	330	-12
310	330	-12
311	330	-12
312	330	-12
314	330	-12
316	330	-12
317	330	-12
301	331	-12
303	331	-12
304	331	-12
305	331	-12
313	331	-12
315	331	-12
300	332	-12
302	332	-12
297	333	-12
298	333	-12
299	333	-12
294	334	-12
295	334	-12
296	334	-12
278	335	-12
280	335	-12
282	335	-12
285	335	-12
287	335	-12
289	335	-12
291	335	-12
292	335	-12
293	335	-12
272	336	-12
274	336	-12
275	336	-12
276	336	-12
277	336	-12
279	336	-12
281	336	-12
283	336	-12
284	336	-12
286	336	-12
288	336	-12
290	336	-12
268	337	-12
269	337	-12
270	337	-12
271	337	-12
273	337	-12
318	330	-12
267	338	-12
342	331	-6
343	331	-6
344	331	-6
320	332	-10
319	331	-10
151	326	-21
151	327	-21
151	328	-21
151	329	-21
152	330	-21
153	331	-21
154	332	-21
155	333	-21
156	333	-21
157	334	-21
158	334	-21
159	335	-21
160	335	-21
161	336	-21
162	336	-21
163	337	-21
164	337	-21
151	325	-21
165	338	-21
265	337	-23
264	338	-23
266	338	-23
263	339	-23
219	337	-23
221	337	-23
233	337	-23
235	337	-23
237	337	-23
238	337	-23
239	337	-23
240	337	-23
242	337	-23
167	338	-23
168	338	-23
169	338	-23
170	338	-23
171	338	-23
172	338	-23
173	338	-23
174	338	-23
175	338	-23
176	338	-23
177	338	-23
178	338	-23
179	338	-23
180	338	-23
181	338	-23
182	338	-23
183	338	-23
184	338	-23
185	338	-23
186	338	-23
187	338	-23
188	338	-23
189	338	-23
190	338	-23
191	338	-23
192	338	-23
193	338	-23
194	338	-23
195	338	-23
196	338	-23
197	338	-23
198	338	-23
199	338	-23
200	338	-23
201	338	-23
202	338	-23
203	338	-23
204	338	-23
205	338	-23
206	338	-23
207	338	-23
208	338	-23
209	338	-23
210	338	-23
211	338	-23
212	338	-23
213	338	-23
214	338	-23
215	338	-23
216	338	-23
217	338	-23
218	338	-23
220	338	-23
222	338	-23
223	338	-23
224	338	-23
225	338	-23
226	338	-23
227	338	-23
228	338	-23
229	338	-23
230	338	-23
231	338	-23
232	338	-23
234	338	-23
236	338	-23
241	338	-23
243	338	-23
244	339	-23
245	339	-23
247	339	-23
258	339	-23
260	339	-23
261	339	-23
246	340	-23
248	340	-23
249	340	-23
250	340	-23
251	340	-23
253	340	-23
255	340	-23
257	340	-23
259	340	-23
252	341	-23
254	341	-23
256	341	-23
166	338	-23
262	339	-23
263	341	-21
264	342	-21
263	340	-21
265	343	-21
267	340	-16
267	341	-16
267	342	-16
267	339	-16
266	343	-16
309	340	-8
310	341	-8
310	342	-8
288	344	-12
289	344	-12
287	345	-12
285	346	-12
286	346	-12
284	347	-12
284	348	-12
264	345	-17
264	346	-17
263	347	-17
264	348	-17
264	349	-17
265	344	-17
264	350	-17
278	345	-14
277	346	-14
277	347	-14
277	348	-14
277	349	-14
277	350	-14
165	340	-22
165	341	-22
165	342	-22
165	343	-22
165	344	-22
166	345	-22
167	346	-22
168	346	-22
169	347	-22
170	347	-22
171	348	-22
172	348	-22
173	349	-22
174	349	-22
175	350	-22
176	350	-22
177	351	-22
178	351	-22
165	339	-22
179	352	-22
279	351	-16
278	351	-16
280	352	-16
283	350	-15
282	351	-15
284	349	-15
281	352	-15
286	349	-14
287	350	-14
288	351	-14
289	352	-14
285	349	-14
263	351	-21
262	352	-21
260	353	-21
261	353	-21
264	350	-21
259	354	-21
276	352	-20
275	353	-20
277	351	-20
274	354	-20
235	351	-22
237	351	-22
181	352	-22
182	352	-22
183	352	-22
184	352	-22
185	352	-22
186	352	-22
187	352	-22
188	352	-22
189	352	-22
190	352	-22
191	352	-22
192	352	-22
193	352	-22
194	352	-22
195	352	-22
196	352	-22
197	352	-22
198	352	-22
199	352	-22
200	352	-22
201	352	-22
202	352	-22
203	352	-22
204	352	-22
205	352	-22
206	352	-22
207	352	-22
208	352	-22
209	352	-22
210	352	-22
211	352	-22
212	352	-22
213	352	-22
214	352	-22
215	352	-22
216	352	-22
217	352	-22
218	352	-22
220	352	-22
222	352	-22
224	352	-22
233	352	-22
234	352	-22
236	352	-22
238	352	-22
239	352	-22
240	352	-22
241	352	-22
242	352	-22
243	352	-22
245	352	-22
247	352	-22
219	353	-22
221	353	-22
223	353	-22
225	353	-22
226	353	-22
227	353	-22
228	353	-22
229	353	-22
230	353	-22
231	353	-22
232	353	-22
244	353	-22
246	353	-22
248	353	-22
249	353	-22
250	353	-22
251	353	-22
252	353	-22
253	353	-22
254	353	-22
256	353	-22
257	353	-22
255	354	-22
180	352	-22
258	354	-22
265	351	-19
266	352	-19
267	352	-19
268	353	-19
270	353	-19
271	353	-19
269	354	-19
272	354	-19
264	350	-19
273	354	-19
281	354	-11
282	355	-11
282	356	-11
283	357	-11
284	358	-11
281	353	-11
259	356	-20
259	357	-20
260	358	-20
260	359	-20
261	360	-20
262	361	-20
259	355	-20
274	356	-15
274	357	-15
275	358	-15
276	358	-15
277	359	-15
277	360	-15
278	361	-15
279	362	-15
280	362	-15
274	355	-15
281	363	-15
315	362	-9
316	362	-9
317	362	-9
314	363	-9
313	364	-9
313	365	-9
313	366	-9
283	364	-14
282	363	-14
292	363	-8
293	364	-8
280	365	-17
281	364	-17
280	366	-17
179	354	-21
179	355	-21
179	356	-21
179	357	-21
179	358	-21
180	359	-21
181	360	-21
182	361	-21
183	362	-21
184	362	-21
185	363	-21
186	363	-21
187	364	-21
188	364	-21
189	365	-21
190	365	-21
191	366	-21
192	366	-21
179	353	-21
193	367	-21
276	366	-18
278	366	-18
272	367	-18
273	367	-18
274	367	-18
275	367	-18
277	367	-18
279	367	-18
271	368	-18
280	366	-18
270	369	-18
314	367	-9
315	367	-9
313	366	-9
316	368	-9
220	366	-21
222	366	-21
224	366	-21
227	366	-21
195	367	-21
196	367	-21
197	367	-21
198	367	-21
199	367	-21
200	367	-21
201	367	-21
202	367	-21
203	367	-21
204	367	-21
205	367	-21
206	367	-21
207	367	-21
208	367	-21
209	367	-21
210	367	-21
211	367	-21
212	367	-21
213	367	-21
214	367	-21
215	367	-21
216	367	-21
217	367	-21
218	367	-21
219	367	-21
221	367	-21
223	367	-21
225	367	-21
226	367	-21
228	367	-21
229	367	-21
230	367	-21
231	367	-21
232	367	-21
233	367	-21
234	367	-21
235	367	-21
236	367	-21
238	367	-21
249	367	-21
251	367	-21
237	368	-21
239	368	-21
240	368	-21
241	368	-21
242	368	-21
243	368	-21
244	368	-21
245	368	-21
246	368	-21
247	368	-21
248	368	-21
250	368	-21
252	368	-21
253	368	-21
254	368	-21
255	368	-21
256	368	-21
257	368	-21
258	368	-21
259	368	-21
260	368	-21
261	368	-21
262	368	-21
263	368	-21
264	368	-21
265	368	-21
266	368	-21
267	368	-21
268	368	-21
269	368	-21
194	367	-21
270	369	-21
320	366	-6
322	366	-6
317	367	-6
319	367	-6
321	367	-6
318	368	-6
316	368	-6
312	367	-9
311	368	-9
310	369	-9
313	366	-9
309	370	-9
281	367	-10
282	367	-10
283	367	-10
284	367	-10
285	367	-10
286	367	-10
287	367	-10
288	368	-10
289	368	-10
291	368	-10
290	369	-10
292	369	-10
293	369	-10
294	369	-10
296	369	-10
297	369	-10
298	369	-10
300	369	-10
295	370	-10
299	370	-10
301	370	-10
302	370	-10
303	370	-10
304	370	-10
305	370	-10
306	370	-10
307	370	-10
280	366	-10
308	370	-10
316	369	-7
316	370	-7
316	368	-7
270	370	-15
270	371	-15
270	372	-15
270	369	-15
309	372	-5
310	373	-5
311	374	-5
312	375	-5
313	376	-5
314	376	-5
315	377	-5
315	378	-5
316	379	-5
309	371	-5
286	379	-12
285	380	-12
284	381	-12
193	369	-21
193	370	-21
193	371	-21
193	372	-21
194	373	-21
195	374	-21
196	375	-21
197	376	-21
198	376	-21
199	377	-21
200	377	-21
201	378	-21
202	378	-21
203	379	-21
204	379	-21
205	380	-21
206	380	-21
207	381	-21
208	381	-21
193	368	-21
209	382	-21
278	381	-14
279	381	-14
280	381	-14
281	381	-14
282	381	-14
283	381	-14
276	382	-14
277	382	-14
275	383	-14
273	384	-14
274	384	-14
284	381	-14
272	385	-14
285	382	-10
286	383	-10
287	383	-10
284	381	-10
218	381	-21
220	381	-21
222	381	-21
224	381	-21
226	381	-21
256	381	-21
258	381	-21
211	382	-21
212	382	-21
213	382	-21
214	382	-21
215	382	-21
216	382	-21
217	382	-21
219	382	-21
221	382	-21
223	382	-21
225	382	-21
227	382	-21
228	382	-21
236	382	-21
239	382	-21
241	382	-21
243	382	-21
252	382	-21
253	382	-21
254	382	-21
255	382	-21
257	382	-21
259	382	-21
261	382	-21
263	382	-21
229	383	-21
230	383	-21
231	383	-21
232	383	-21
233	383	-21
234	383	-21
235	383	-21
237	383	-21
238	383	-21
240	383	-21
242	383	-21
244	383	-21
245	383	-21
246	383	-21
247	383	-21
248	383	-21
249	383	-21
250	383	-21
251	383	-21
260	383	-21
262	383	-21
264	383	-21
265	383	-21
266	383	-21
267	383	-21
268	384	-21
270	384	-21
269	385	-21
210	382	-21
271	385	-21
272	387	-14
272	388	-14
273	389	-14
274	390	-14
275	391	-14
272	386	-14
276	392	-14
280	389	-12
282	389	-12
278	390	-12
279	390	-12
281	390	-12
283	390	-12
277	391	-12
276	392	-12
106	289	-23
105	290	-23
104	291	-23
103	292	-23
102	293	-23
101	294	-23
100	295	-23
99	296	-23
98	297	-23
97	298	-23
96	299	-23
95	300	-23
94	301	-23
93	302	-23
92	303	-23
91	304	-23
90	305	-23
89	306	-23
88	307	-23
87	308	-23
86	309	-23
85	310	-23
84	311	-23
83	312	-23
82	313	-23
81	314	-23
80	315	-23
79	316	-23
78	317	-23
77	318	-23
76	319	-23
75	320	-23
74	321	-23
73	322	-23
72	323	-23
71	324	-23
70	325	-23
69	326	-23
68	327	-23
67	328	-23
66	329	-23
65	330	-23
64	331	-23
63	332	-23
62	333	-23
61	334	-23
60	335	-23
59	336	-23
58	337	-23
57	338	-23
56	339	-23
55	340	-23
54	341	-23
53	342	-23
52	343	-23
51	344	-23
50	345	-23
49	346	-23
48	347	-23
47	348	-23
46	349	-23
45	350	-23
44	351	-23
43	352	-23
42	353	-23
41	354	-23
40	355	-23
39	356	-23
38	357	-23
37	358	-23
36	359	-23
35	360	-23
34	361	-23
33	362	-23
32	363	-23
31	364	-23
30	365	-23
29	366	-23
28	367	-23
27	368	-23
26	369	-23
25	370	-23
24	371	-23
23	372	-23
22	373	-23
21	374	-23
20	375	-23
19	376	-23
18	377	-23
17	378	-23
16	379	-23
15	380	-23
14	381	-23
13	382	-23
12	383	-23
11	384	-23
10	385	-23
9	386	-23
8	387	-23
7	388	-23
6	389	-23
5	390	-23
4	391	-23
3	392	-23
2	393	-23
1	394	-23
107	288	-23
209	384	-20
209	385	-20
209	386	-20
209	387	-20
209	388	-20
210	389	-20
211	390	-20
212	390	-20
213	391	-20
214	391	-20
215	392	-20
216	392	-20
217	393	-20
218	393	-20
220	393	-20
222	393	-20
224	393	-20
219	394	-20
221	394	-20
223	394	-20
225	394	-20
226	394	-20
227	394	-20
228	394	-20
229	394	-20
230	394	-20
231	394	-20
232	394	-20
233	394	-20
234	394	-20
235	394	-20
236	394	-20
237	394	-20
238	394	-20
239	394	-20
240	394	-20
241	394	-20
242	394	-20
209	383	-20
264	394	-12
265	394	-12
266	394	-12
277	393	-9
278	393	-9
279	394	-9
276	392	-9
344	394	-5
345	394	-5
