371	1	5
372	1	5
373	1	5
215	1	8
216	1	8
218	1	8
217	2	8
219	2	8
220	3	8
222	1	17
221	2	17
220	3	17
334	1	16
332	2	16
333	2	16
330	3	16
331	3	16
329	4	16
325	4	19
326	4	19
327	4	19
320	5	19
322	5	19
323	5	19
324	5	19
319	6	19
321	6	19
316	7	19
317	7	19
318	7	19
315	8	19
312	9	19
313	9	19
314	9	19
296	10	19
298	10	19
300	10	19
305	10	19
306	10	19
307	10	19
308	10	19
309	10	19
310	10	19
311	10	19
294	11	19
295	11	19
297	11	19
299	11	19
301	11	19
302	11	19
303	11	19
304	11	19
293	12	19
328	4	19
292	12	19
367	4	5
367	5	5
368	6	5
271	1	17
272	1	17
273	1	17
274	1	17
275	2	17
276	3	17
277	3	17
278	3	17
279	4	17
280	4	17
287	4	17
281	5	17
282	5	17
283	5	17
285	5	17
286	5	17
284	6	17
330	6	16
329	5	16
369	6	5
370	7	5
371	7	5
372	7	5
373	7	5
374	7	5
375	7	5
368	6	5
202	1	28
201	2	28
200	3	28
200	4	28
200	5	28
200	6	28
200	7	28
200	8	28
200	9	28
200	10	28
220	4	17
221	5	17
222	6	17
222	7	17
222	8	17
222	9	17
222	10	17
220	3	17
222	11	17
289	10	23
290	10	23
287	11	23
288	11	23
291	11	23
285	12	23
286	12	23
283	13	23
284	13	23
282	14	23
292	12	23
281	15	23
367	7	7
366	8	7
365	9	7
364	10	7
363	11	7
368	6	7
362	12	7
231	1	16
232	1	16
234	1	16
236	1	16
238	1	16
233	2	16
235	2	16
237	2	16
239	2	16
240	2	16
241	2	16
242	2	16
243	2	16
244	2	16
246	2	16
245	3	16
247	3	16
248	3	16
249	4	16
250	4	16
255	4	16
251	5	16
252	5	16
253	5	16
254	5	16
256	5	16
258	5	16
257	6	16
259	6	16
260	6	16
261	7	16
262	7	16
263	8	16
264	8	16
265	9	16
266	10	16
267	11	16
268	12	16
268	13	16
268	14	16
357	14	14
358	14	14
359	14	14
360	14	14
356	15	14
351	16	14
353	16	14
354	16	14
355	16	14
350	17	14
352	17	14
349	18	14
347	19	14
348	19	14
336	20	14
338	20	14
340	20	14
343	20	14
345	20	14
346	20	14
321	21	14
322	21	14
323	21	14
324	21	14
325	21	14
326	21	14
328	21	14
334	21	14
335	21	14
337	21	14
339	21	14
341	21	14
342	21	14
344	21	14
318	22	14
319	22	14
320	22	14
327	22	14
329	22	14
330	22	14
331	22	14
333	22	14
315	23	14
316	23	14
317	23	14
332	23	14
297	24	14
298	24	14
299	24	14
300	24	14
301	24	14
302	24	14
304	24	14
310	24	14
312	24	14
314	24	14
290	25	14
292	25	14
293	25	14
294	25	14
295	25	14
296	25	14
303	25	14
305	25	14
306	25	14
307	25	14
308	25	14
309	25	14
311	25	14
313	25	14
289	26	14
291	26	14
361	13	14
288	25	14
202	12	28
203	12	28
204	13	28
205	13	28
206	13	28
207	13	28
208	13	28
209	13	28
211	13	28
220	13	28
221	13	28
210	14	28
212	14	28
213	14	28
214	14	28
217	14	28
219	14	28
215	15	28
216	15	28
218	15	28
201	11	28
222	12	28
224	13	28
225	13	28
226	14	28
227	14	28
228	15	28
229	15	28
230	15	28
231	15	28
232	15	28
233	15	28
234	15	28
235	15	28
236	15	28
237	15	28
238	15	28
239	15	28
240	15	28
252	15	28
254	15	28
255	15	28
257	15	28
259	15	28
261	15	28
266	15	28
267	15	28
241	16	28
242	16	28
243	16	28
245	16	28
246	16	28
247	16	28
248	16	28
250	16	28
251	16	28
253	16	28
256	16	28
258	16	28
260	16	28
262	16	28
263	16	28
264	16	28
265	16	28
244	17	28
249	17	28
223	12	28
268	14	28
269	15	27
270	15	27
272	15	27
274	15	27
276	15	27
278	15	27
279	15	27
271	16	27
273	16	27
275	16	27
277	16	27
280	16	27
268	14	27
281	15	27
282	16	25
281	15	25
283	17	25
291	13	22
290	14	22
289	15	22
288	16	22
285	17	22
286	17	22
287	17	22
292	12	22
284	17	22
363	14	7
364	15	7
365	16	7
366	17	7
367	18	7
368	18	7
362	13	7
369	19	7
372	17	4
370	18	4
371	18	4
369	19	4
370	20	4
369	19	4
283	19	23
284	20	23
284	21	23
285	22	23
283	18	23
286	23	23
287	24	22
286	23	22
288	25	22
285	24	23
284	25	23
286	23	23
284	26	23
287	26	23
286	27	23
288	25	23
285	27	23
349	26	8
346	27	8
347	27	8
348	27	8
350	27	8
234	27	28
236	27	28
260	27	28
262	27	28
264	27	28
265	27	28
266	27	28
267	27	28
268	27	28
269	27	28
270	27	28
271	27	28
272	27	28
274	27	28
280	27	28
282	27	28
232	28	28
233	28	28
235	28	28
237	28	28
253	28	28
254	28	28
255	28	28
256	28	28
257	28	28
258	28	28
259	28	28
261	28	28
263	28	28
273	28	28
275	28	28
276	28	28
277	28	28
278	28	28
279	28	28
281	28	28
283	28	28
230	29	28
231	29	28
238	29	28
239	29	28
248	29	28
250	29	28
251	29	28
252	29	28
229	30	28
240	30	28
241	30	28
242	30	28
243	30	28
244	30	28
245	30	28
246	30	28
247	30	28
249	30	28
227	31	28
228	31	28
284	27	28
226	32	28
198	12	28
199	12	28
196	13	28
197	13	28
194	14	28
195	14	28
192	15	28
193	15	28
190	16	28
191	16	28
188	17	28
189	17	28
186	18	28
187	18	28
184	19	28
185	19	28
182	20	28
183	20	28
180	21	28
181	21	28
178	22	28
179	22	28
176	23	28
177	23	28
175	24	28
174	25	28
173	26	28
172	27	28
172	28	28
172	29	28
172	30	28
200	11	28
172	31	28
200	31	28
209	31	28
211	31	28
213	31	28
215	31	28
222	31	28
174	32	28
175	32	28
176	32	28
177	32	28
178	32	28
179	32	28
180	32	28
181	32	28
182	32	28
183	32	28
184	32	28
185	32	28
186	32	28
187	32	28
188	32	28
189	32	28
190	32	28
191	32	28
192	32	28
193	32	28
194	32	28
195	32	28
196	32	28
197	32	28
198	32	28
199	32	28
201	32	28
202	32	28
203	32	28
204	32	28
205	32	28
206	32	28
207	32	28
208	32	28
210	32	28
212	32	28
214	32	28
216	32	28
217	32	28
218	32	28
219	32	28
220	32	28
221	32	28
223	32	28
224	32	28
173	32	28
225	32	28
227	34	28
227	35	28
228	36	28
229	37	28
226	33	28
295	36	11
294	37	11
292	38	11
293	38	11
291	39	11
291	40	11
291	41	11
290	42	11
290	43	11
290	44	11
248	43	27
247	44	27
246	45	27
170	33	27
171	33	27
168	34	27
169	34	27
166	35	27
167	35	27
164	36	27
165	36	27
162	37	27
163	37	27
161	38	27
160	39	27
159	40	27
158	41	27
158	42	27
158	43	27
158	44	27
158	45	27
172	32	27
158	46	27
286	44	26
288	44	26
283	45	26
284	45	26
285	45	26
287	45	26
289	45	26
282	46	26
280	47	26
281	47	26
279	48	26
277	49	26
278	49	26
276	50	26
274	51	26
275	51	26
290	44	26
273	52	26
291	45	19
290	44	19
292	46	19
298	41	17
296	42	17
297	42	17
295	43	17
295	44	17
294	45	17
293	46	17
238	45	28
240	45	28
242	45	28
244	45	28
200	46	28
201	46	28
203	46	28
205	46	28
214	46	28
216	46	28
218	46	28
220	46	28
233	46	28
235	46	28
236	46	28
237	46	28
239	46	28
241	46	28
243	46	28
245	46	28
160	47	28
161	47	28
162	47	28
163	47	28
164	47	28
165	47	28
166	47	28
167	47	28
168	47	28
169	47	28
170	47	28
171	47	28
172	47	28
173	47	28
174	47	28
175	47	28
176	47	28
177	47	28
178	47	28
179	47	28
180	47	28
181	47	28
182	47	28
183	47	28
184	47	28
185	47	28
186	47	28
187	47	28
188	47	28
189	47	28
190	47	28
191	47	28
192	47	28
193	47	28
194	47	28
195	47	28
196	47	28
197	47	28
198	47	28
199	47	28
202	47	28
204	47	28
206	47	28
207	47	28
208	47	28
209	47	28
210	47	28
211	47	28
212	47	28
213	47	28
215	47	28
217	47	28
219	47	28
221	47	28
222	47	28
223	47	28
224	47	28
225	47	28
226	47	28
227	47	28
228	47	28
229	47	28
230	47	28
231	47	28
232	47	28
234	47	28
246	45	28
159	47	28
360	49	12
358	50	12
359	50	12
361	50	12
357	51	12
296	49	12
297	50	12
298	50	12
299	50	12
300	51	12
295	48	12
301	52	12
247	46	26
248	47	26
250	47	26
249	48	26
251	48	26
252	48	26
253	48	26
255	48	26
257	48	26
254	49	26
256	49	26
258	49	26
259	49	26
260	49	26
261	49	26
262	49	26
263	49	26
264	49	26
265	49	26
267	49	26
266	50	26
268	50	26
269	50	26
270	51	26
271	52	26
246	45	26
272	52	26
358	52	12
359	52	12
357	51	12
274	54	25
273	53	25
273	55	25
300	53	10
299	54	10
301	52	10
298	55	10
293	50	11
293	51	11
292	52	11
293	53	11
294	54	11
297	54	11
295	55	11
296	55	11
294	49	11
298	55	11
298	56	10
298	55	10
302	52	12
303	53	12
304	54	12
305	54	12
306	55	12
307	56	12
308	56	12
301	52	12
309	57	12
316	55	19
313	56	19
314	56	19
315	56	19
311	57	19
312	57	19
317	56	19
310	57	19
355	52	13
356	52	13
353	53	13
354	53	13
352	54	13
351	55	13
350	56	13
357	51	13
349	57	13
270	57	28
271	57	28
214	58	28
216	58	28
218	58	28
219	58	28
220	58	28
221	58	28
222	58	28
223	58	28
225	58	28
227	58	28
229	58	28
231	58	28
233	58	28
235	58	28
236	58	28
237	58	28
238	58	28
239	58	28
240	58	28
241	58	28
242	58	28
243	58	28
245	58	28
247	58	28
249	58	28
251	58	28
253	58	28
255	58	28
257	58	28
259	58	28
261	58	28
263	58	28
264	58	28
265	58	28
266	58	28
267	58	28
268	58	28
269	58	28
210	59	28
212	59	28
213	59	28
215	59	28
217	59	28
224	59	28
226	59	28
228	59	28
230	59	28
232	59	28
234	59	28
244	59	28
246	59	28
248	59	28
250	59	28
252	59	28
254	59	28
256	59	28
258	59	28
260	59	28
262	59	28
207	60	28
208	60	28
209	60	28
211	60	28
146	61	28
147	61	28
148	61	28
149	61	28
150	61	28
151	61	28
152	61	28
153	61	28
154	61	28
155	61	28
156	61	28
157	61	28
158	61	28
159	61	28
160	61	28
161	61	28
162	61	28
163	61	28
164	61	28
165	61	28
166	61	28
167	61	28
168	61	28
169	61	28
170	61	28
171	61	28
172	61	28
173	61	28
174	61	28
175	61	28
176	61	28
177	61	28
178	61	28
179	61	28
180	61	28
181	61	28
182	61	28
183	61	28
184	61	28
185	61	28
186	61	28
187	61	28
188	61	28
189	61	28
190	61	28
191	61	28
192	61	28
193	61	28
194	61	28
195	61	28
196	61	28
197	61	28
198	61	28
199	61	28
200	61	28
201	61	28
202	61	28
203	61	28
204	61	28
205	61	28
206	61	28
272	56	28
145	61	28
321	53	15
323	53	15
325	53	15
319	54	15
320	54	15
322	54	15
324	54	15
326	54	15
327	54	15
328	54	15
329	54	15
330	54	15
318	55	15
331	55	15
332	55	15
333	55	15
334	56	15
336	56	15
338	56	15
335	57	15
337	57	15
339	57	15
340	57	15
341	57	15
342	57	15
344	57	15
346	57	15
348	57	15
343	58	15
345	58	15
347	58	15
317	56	15
349	57	15
156	48	28
157	48	28
154	49	28
155	49	28
152	50	28
153	50	28
150	51	28
151	51	28
148	52	28
149	52	28
146	53	28
147	53	28
145	54	28
144	55	28
144	56	28
144	57	28
144	58	28
144	59	28
158	47	28
144	60	28
275	56	26
276	56	26
277	56	26
278	56	26
279	56	26
280	56	26
281	56	26
282	57	26
283	58	26
284	59	26
274	56	26
284	60	26
307	59	21
308	59	21
309	58	21
306	60	21
286	60	23
288	60	23
290	60	23
292	60	23
297	60	23
301	60	23
303	60	23
285	61	23
287	61	23
289	61	23
291	61	23
293	61	23
294	61	23
295	61	23
296	61	23
298	61	23
299	61	23
300	61	23
302	61	23
304	61	23
284	60	23
305	60	23
317	57	18
317	58	18
317	59	18
317	60	18
318	61	18
317	56	18
350	58	13
351	59	13
352	60	13
353	61	13
349	57	13
354	62	13
274	58	27
275	58	27
276	59	27
277	60	27
278	60	27
279	61	27
280	61	27
282	61	27
283	61	27
281	62	27
273	57	27
284	60	27
332	63	15
333	63	15
336	63	15
337	63	15
338	63	15
339	63	15
340	63	15
341	63	15
342	63	15
343	63	15
344	63	15
345	63	15
346	63	15
347	63	15
306	62	20
306	63	20
306	64	20
306	61	20
354	64	13
353	65	13
354	63	13
353	66	13
404	63	6
405	63	6
403	64	6
401	65	6
402	65	6
400	66	6
399	67	6
316	65	18
315	66	18
314	67	18
314	68	18
354	67	12
353	66	12
356	63	12
357	63	12
358	64	12
359	65	12
360	65	12
361	66	12
362	66	12
375	66	12
377	66	12
363	67	12
373	67	12
374	67	12
376	67	12
378	67	12
364	68	12
368	68	12
369	68	12
370	68	12
371	68	12
372	68	12
365	69	12
366	69	12
367	69	12
355	62	12
389	68	7
395	68	7
396	68	7
397	68	7
398	68	7
388	69	7
390	69	7
391	69	7
392	69	7
393	69	7
394	69	7
399	67	7
311	69	18
312	69	18
313	69	18
310	70	18
308	71	18
309	71	18
307	72	18
305	73	18
306	73	18
314	68	18
304	74	18
359	68	12
358	69	12
351	67	13
352	67	13
349	68	13
350	68	13
348	69	13
347	70	13
353	66	13
346	71	13
315	69	16
316	69	16
317	70	16
318	71	16
319	72	16
314	68	16
320	73	16
400	68	5
409	68	5
401	69	5
408	69	5
402	70	5
403	70	5
407	70	5
404	71	5
405	71	5
407	71	5
406	72	5
399	67	5
142	62	28
143	62	28
140	63	28
141	63	28
138	64	28
139	64	28
136	65	28
137	65	28
134	66	28
135	66	28
132	67	28
133	67	28
131	68	28
130	69	28
130	70	28
130	71	28
130	72	28
130	73	28
144	61	28
130	74	28
336	70	14
326	71	14
332	71	14
333	71	14
334	71	14
335	71	14
337	71	14
339	71	14
323	72	14
324	72	14
325	72	14
327	72	14
328	72	14
330	72	14
331	72	14
338	72	14
340	72	14
341	72	14
342	72	14
343	72	14
344	72	14
322	73	14
329	73	14
345	73	14
346	72	14
321	73	14
296	74	23
299	74	23
301	74	23
302	74	23
303	74	23
287	75	23
289	75	23
291	75	23
293	75	23
295	75	23
297	75	23
298	75	23
300	75	23
274	76	23
277	76	23
279	76	23
280	76	23
281	76	23
282	76	23
283	76	23
284	76	23
285	76	23
286	76	23
288	76	23
290	76	23
292	76	23
294	76	23
273	77	23
275	77	23
276	77	23
278	77	23
304	74	23
272	77	23
348	73	8
349	73	8
350	74	8
351	74	8
347	72	8
395	74	6
394	75	6
396	75	6
232	74	27
234	74	27
235	74	27
236	74	27
237	74	27
238	74	27
229	75	27
230	75	27
231	75	27
233	75	27
239	75	27
240	75	27
241	75	27
227	76	27
228	76	27
242	76	27
226	77	27
225	78	27
243	77	27
224	79	27
247	75	27
248	75	27
250	75	27
244	76	27
245	76	27
246	76	27
249	76	27
251	76	27
243	77	27
258	72	26
259	72	26
260	72	26
256	73	26
257	73	26
261	73	26
262	73	26
263	73	26
264	73	26
265	73	26
266	73	26
254	74	26
255	74	26
267	74	26
268	74	26
252	75	26
253	75	26
269	75	26
270	75	26
271	76	26
251	76	26
272	77	26
319	75	16
318	76	16
320	74	16
318	77	16
132	75	28
133	75	28
134	75	28
135	75	28
136	75	28
137	75	28
138	75	28
139	75	28
140	75	28
141	75	28
142	75	28
143	75	28
144	75	28
145	75	28
146	75	28
147	75	28
148	75	28
149	75	28
150	75	28
151	75	28
152	75	28
153	75	28
154	75	28
155	75	28
156	75	28
157	75	28
158	75	28
159	75	28
160	75	28
161	75	28
162	75	28
163	75	28
164	75	28
165	75	28
166	75	28
167	75	28
168	75	28
169	75	28
170	75	28
171	75	28
172	75	28
173	75	28
174	75	28
175	75	28
176	75	28
177	75	28
178	75	28
179	75	28
180	75	28
181	75	28
182	75	28
183	75	28
184	75	28
185	75	28
186	75	28
187	75	28
188	75	28
189	75	28
190	75	28
191	75	28
192	75	28
193	75	28
194	75	28
195	75	28
196	75	28
197	75	28
198	75	28
199	75	28
200	75	28
202	75	28
204	75	28
206	75	28
208	75	28
210	75	28
212	75	28
201	76	28
203	76	28
205	76	28
207	76	28
209	76	28
211	76	28
213	76	28
214	76	28
215	76	28
216	76	28
217	76	28
218	76	28
219	76	28
221	76	28
220	77	28
222	77	28
223	78	28
131	75	28
224	79	28
305	75	16
306	75	16
307	76	16
308	76	16
309	77	16
310	78	16
311	78	16
314	78	16
316	78	16
312	79	16
313	79	16
315	79	16
304	74	16
317	78	16
319	79	16
320	80	16
318	78	16
321	81	16
251	77	27
252	78	27
271	78	27
253	79	27
269	79	27
270	79	27
254	80	27
255	80	27
267	80	27
268	80	27
256	81	27
258	81	27
262	81	27
264	81	27
265	81	27
266	81	27
257	82	27
259	82	27
260	82	27
261	82	27
263	82	27
251	76	27
272	77	27
322	82	15
321	81	15
396	82	4
397	82	4
242	78	27
241	79	27
240	80	27
238	81	27
239	81	27
237	82	27
236	83	27
233	84	27
234	84	27
235	84	27
230	85	27
232	85	27
228	86	27
229	86	27
231	86	27
227	87	27
243	77	27
226	87	27
320	82	14
320	83	14
320	84	14
321	81	14
337	82	11
337	83	11
337	84	11
224	80	26
224	81	26
224	82	26
225	83	26
225	84	26
225	85	26
224	79	26
225	86	26
128	76	28
129	76	28
126	77	28
127	77	28
124	78	28
125	78	28
122	79	28
123	79	28
120	80	28
121	80	28
118	81	28
119	81	28
117	82	28
116	83	28
115	84	28
114	85	28
114	86	28
114	87	28
114	88	28
114	89	28
130	75	28
114	90	28
224	88	27
223	89	27
222	90	27
225	87	27
221	91	27
201	90	28
203	90	28
205	90	28
207	90	28
209	90	28
211	90	28
213	90	28
116	91	28
117	91	28
118	91	28
119	91	28
120	91	28
121	91	28
122	91	28
123	91	28
124	91	28
125	91	28
126	91	28
127	91	28
128	91	28
129	91	28
130	91	28
131	91	28
132	91	28
133	91	28
134	91	28
135	91	28
136	91	28
137	91	28
138	91	28
139	91	28
140	91	28
141	91	28
142	91	28
143	91	28
144	91	28
145	91	28
146	91	28
147	91	28
148	91	28
149	91	28
150	91	28
151	91	28
152	91	28
153	91	28
154	91	28
155	91	28
156	91	28
157	91	28
158	91	28
159	91	28
160	91	28
161	91	28
162	91	28
163	91	28
164	91	28
165	91	28
166	91	28
167	91	28
168	91	28
169	91	28
170	91	28
171	91	28
172	91	28
173	91	28
174	91	28
175	91	28
176	91	28
177	91	28
178	91	28
179	91	28
180	91	28
181	91	28
182	91	28
183	91	28
184	91	28
185	91	28
186	91	28
187	91	28
188	91	28
189	91	28
190	91	28
191	91	28
192	91	28
193	91	28
194	91	28
195	91	28
196	91	28
197	91	28
198	91	28
199	91	28
200	91	28
202	91	28
204	91	28
206	91	28
208	91	28
210	91	28
212	91	28
214	91	28
115	91	28
215	92	28
218	90	27
220	90	27
216	91	27
217	91	27
219	91	27
221	91	27
215	92	27
250	89	27
249	90	27
248	91	27
247	92	27
246	93	27
215	93	26
215	94	26
215	95	26
215	96	26
215	92	26
2	2	28
3	3	28
4	4	28
5	5	28
6	6	28
7	7	28
8	8	28
9	9	28
10	10	28
11	11	28
12	12	28
13	13	28
14	14	28
15	15	28
16	16	28
17	17	28
18	18	28
19	19	28
20	20	28
21	21	28
22	22	28
23	23	28
24	24	28
25	25	28
26	26	28
27	27	28
28	28	28
29	29	28
30	30	28
31	31	28
32	32	28
33	33	28
34	34	28
35	35	28
36	36	28
37	37	28
38	38	28
39	39	28
40	40	28
41	41	28
42	42	28
43	43	28
44	44	28
45	45	28
46	46	28
47	47	28
48	48	28
49	49	28
50	50	28
51	51	28
52	52	28
53	53	28
54	54	28
55	55	28
56	56	28
57	57	28
58	58	28
59	59	28
60	60	28
61	61	28
62	62	28
63	63	28
64	64	28
65	65	28
66	66	28
67	67	28
68	68	28
69	69	28
70	70	28
71	71	28
72	72	28
73	73	28
74	74	28
75	75	28
76	76	28
77	77	28
78	78	28
79	79	28
80	80	28
81	81	28
82	82	28
83	83	28
84	84	28
85	85	28
86	86	28
87	87	28
88	88	28
89	89	28
90	90	28
91	91	28
92	92	28
93	93	28
94	94	28
95	95	28
96	96	28
97	97	28
98	98	28
99	99	28
112	92	28
113	92	28
110	93	28
111	93	28
108	94	28
109	94	28
106	95	28
107	95	28
104	96	28
105	96	28
102	97	28
103	97	28
101	98	28
114	91	28
100	99	28
247	94	27
248	95	27
248	96	27
249	97	27
250	98	27
246	93	27
222	92	27
223	93	27
224	94	27
225	95	27
226	95	27
227	96	27
228	97	27
230	97	27
232	97	27
229	98	27
231	98	27
233	98	27
234	98	27
235	99	27
236	99	27
237	99	27
221	91	27
238	100	27
244	94	27
245	94	27
243	95	27
242	96	27
241	97	27
240	98	27
239	99	27
246	93	27
238	100	27
238	101	27
238	102	27
237	103	27
238	100	27
237	104	27
101	101	28
101	102	28
102	103	28
102	104	28
100	100	28
103	105	28
364	105	5
363	106	5
104	105	28
105	105	28
106	105	28
107	105	28
108	105	28
109	105	28
110	105	28
111	105	28
112	105	28
113	105	28
114	105	28
115	105	28
116	105	28
117	105	28
118	105	28
119	105	28
120	105	28
121	105	28
122	105	28
123	105	28
124	105	28
125	105	28
126	105	28
127	105	28
128	105	28
129	105	28
130	105	28
131	105	28
132	105	28
133	105	28
134	105	28
135	105	28
136	105	28
137	105	28
138	105	28
139	105	28
140	105	28
141	105	28
142	105	28
143	105	28
144	105	28
145	105	28
146	105	28
147	105	28
148	105	28
149	105	28
150	105	28
151	105	28
152	105	28
153	105	28
154	105	28
155	105	28
156	105	28
157	105	28
158	105	28
159	105	28
160	105	28
161	105	28
162	105	28
163	105	28
164	105	28
165	105	28
166	105	28
167	105	28
168	105	28
169	105	28
170	105	28
171	105	28
172	105	28
173	105	28
174	105	28
175	105	28
176	105	28
177	105	28
178	105	28
179	105	28
180	105	28
181	105	28
182	105	28
183	105	28
184	105	28
185	105	28
186	105	28
187	105	28
188	105	28
189	105	28
190	105	28
191	105	28
192	105	28
193	105	28
194	105	28
195	105	28
196	105	28
197	105	28
198	105	28
199	105	28
200	105	28
202	105	28
203	105	28
204	105	28
205	105	28
206	105	28
207	105	28
208	105	28
210	105	28
212	105	28
214	105	28
216	105	28
218	105	28
220	105	28
236	105	28
201	106	28
209	106	28
211	106	28
213	106	28
215	106	28
217	106	28
219	106	28
221	106	28
222	106	28
223	106	28
224	106	28
225	106	28
226	106	28
227	106	28
228	106	28
229	106	28
230	106	28
233	106	28
234	106	28
235	106	28
231	107	28
232	107	28
237	104	28
103	105	28
350	102	10
351	102	10
349	103	10
348	104	10
348	105	10
347	106	10
347	107	10
357	106	8
358	106	8
359	106	8
356	107	8
360	107	8
361	107	8
362	107	8
363	106	8
364	107	5
366	107	5
368	107	5
365	108	5
367	108	5
369	108	5
363	106	5
346	109	10
344	110	10
345	110	10
347	108	10
343	111	10
238	105	28
279	105	28
281	105	28
239	106	28
240	106	28
274	106	28
275	106	28
276	106	28
277	106	28
278	106	28
280	106	28
282	106	28
283	106	28
284	106	28
286	106	28
241	107	28
242	107	28
262	107	28
264	107	28
266	107	28
268	107	28
269	107	28
270	107	28
271	107	28
272	107	28
273	107	28
285	107	28
287	107	28
289	107	28
243	108	28
244	108	28
245	108	28
246	108	28
248	108	28
257	108	28
259	108	28
261	108	28
263	108	28
265	108	28
267	108	28
288	108	28
290	108	28
292	108	28
294	108	28
296	108	28
247	109	28
249	109	28
250	109	28
251	109	28
252	109	28
253	109	28
254	109	28
255	109	28
256	109	28
258	109	28
260	109	28
291	109	28
293	109	28
295	109	28
297	109	28
298	109	28
299	110	28
300	110	28
301	111	28
237	104	28
302	112	28
307	109	20
305	110	20
306	110	20
308	110	20
309	110	20
311	110	20
303	111	20
304	111	20
310	111	20
312	111	20
313	111	20
302	112	20
314	112	20
316	110	17
315	111	17
317	111	17
314	112	17
318	112	17
340	110	11
339	111	11
341	111	11
342	111	11
337	112	11
338	112	11
336	113	11
335	114	11
343	111	11
334	115	11
349	108	9
350	108	9
351	109	9
352	110	9
352	111	9
348	108	9
353	112	9
355	110	8
356	111	8
356	112	8
344	112	10
343	111	10
345	113	10
364	111	5
363	112	5
363	113	5
315	113	16
314	112	16
316	114	16
355	113	9
356	112	9
354	113	9
320	112	15
321	112	15
322	112	15
323	112	15
324	113	15
325	113	15
326	113	15
327	113	15
329	113	15
328	114	15
330	114	15
331	114	15
332	114	15
333	114	15
319	112	15
334	115	15
347	113	10
348	113	10
349	113	10
350	114	10
351	114	10
352	114	10
346	113	10
353	113	10
357	113	6
358	113	6
360	113	6
359	114	6
356	112	6
361	114	6
364	114	5
365	114	5
363	113	5
366	115	5
368	114	5
369	114	5
367	115	5
263	114	27
262	115	27
262	116	27
262	117	27
368	117	5
367	116	5
102	106	28
102	107	28
101	108	28
101	109	28
100	110	28
100	111	28
99	112	28
100	113	28
100	114	28
101	115	28
101	116	28
102	117	28
102	118	28
103	105	28
103	119	28
301	113	18
300	114	18
298	115	18
299	115	18
297	116	18
296	117	18
294	118	18
295	118	18
302	112	18
293	119	18
361	116	6
362	117	6
363	118	6
361	115	6
232	118	27
234	118	27
236	118	27
237	118	27
238	118	27
239	118	27
240	118	27
241	118	27
242	118	27
243	118	27
244	118	27
245	118	27
247	118	27
249	118	27
257	118	27
259	118	27
260	118	27
231	119	27
233	119	27
235	119	27
246	119	27
248	119	27
250	119	27
251	119	27
252	119	27
253	119	27
254	119	27
255	119	27
256	119	27
258	119	27
229	120	27
230	120	27
228	121	27
261	118	27
227	122	27
281	117	25
282	117	25
283	117	25
285	117	25
286	117	25
287	117	25
280	118	25
284	118	25
288	118	25
289	118	25
292	118	25
278	119	25
279	119	25
290	119	25
291	119	25
277	120	25
293	119	25
276	121	25
314	115	11
313	116	11
315	116	11
312	117	11
312	118	11
311	119	11
316	115	11
311	120	11
104	119	28
105	119	28
106	119	28
107	119	28
108	119	28
109	119	28
110	119	28
111	119	28
112	119	28
113	119	28
114	119	28
115	119	28
116	119	28
117	119	28
118	119	28
119	119	28
120	119	28
121	119	28
122	119	28
123	119	28
124	119	28
125	119	28
126	119	28
127	119	28
128	119	28
129	119	28
130	119	28
131	119	28
132	119	28
133	119	28
134	119	28
135	119	28
136	119	28
137	119	28
138	119	28
139	119	28
140	119	28
141	119	28
142	119	28
143	119	28
144	119	28
145	119	28
146	119	28
147	119	28
148	119	28
149	119	28
150	119	28
151	119	28
152	119	28
153	119	28
154	119	28
155	119	28
156	119	28
157	119	28
158	119	28
159	119	28
160	119	28
161	119	28
162	119	28
163	119	28
164	119	28
165	119	28
166	119	28
167	119	28
168	119	28
169	119	28
170	119	28
171	119	28
172	119	28
173	119	28
174	119	28
175	119	28
176	119	28
177	119	28
178	119	28
179	119	28
180	119	28
181	119	28
182	119	28
183	119	28
184	119	28
185	119	28
186	119	28
187	119	28
188	119	28
189	119	28
190	119	28
191	119	28
192	119	28
193	119	28
194	119	28
195	119	28
196	119	28
197	119	28
198	119	28
199	119	28
200	119	28
203	119	28
205	119	28
207	119	28
209	119	28
210	119	28
211	119	28
212	119	28
213	119	28
215	119	28
217	119	28
201	120	28
202	120	28
204	120	28
206	120	28
208	120	28
214	120	28
216	120	28
218	120	28
219	120	28
220	120	28
221	120	28
222	120	28
223	120	28
224	121	28
225	121	28
226	121	28
103	119	28
227	122	28
293	120	20
294	121	20
293	119	20
294	122	20
263	119	27
264	119	27
265	120	27
266	121	27
267	121	27
274	121	27
268	122	27
269	122	27
270	122	27
271	122	27
272	122	27
273	122	27
275	122	27
262	118	27
276	121	27
277	122	26
276	121	26
278	123	26
313	121	9
314	122	9
312	121	9
345	115	8
345	116	8
345	117	8
346	118	8
346	119	8
347	120	8
349	120	8
348	121	8
350	121	8
351	122	8
352	122	8
353	122	8
354	122	8
345	114	8
355	123	8
357	122	7
359	122	7
358	123	7
360	123	7
356	123	7
282	123	26
280	124	26
281	124	26
279	123	26
293	124	18
294	123	18
309	122	15
310	122	15
308	123	15
307	124	15
306	125	15
311	121	15
305	126	15
278	125	26
276	126	26
277	126	26
278	124	26
296	124	18
297	125	18
298	125	18
299	125	18
300	125	18
301	125	18
303	125	18
302	126	18
295	123	18
304	126	18
334	116	10
334	117	10
335	118	10
335	119	10
336	120	10
336	121	10
336	122	10
337	123	10
338	124	10
339	125	10
339	126	10
334	115	10
340	127	10
342	125	7
341	126	7
340	127	7
306	128	15
305	127	15
227	123	26
227	124	26
227	125	26
228	126	26
228	127	26
229	128	26
230	129	26
227	122	26
231	130	26
232	129	26
231	130	26
356	125	6
356	126	6
357	127	6
358	127	6
359	128	6
360	129	6
361	129	6
362	129	6
363	130	6
355	124	6
232	131	25
231	130	25
341	128	6
341	129	6
342	130	6
343	131	6
344	132	6
340	127	6
102	120	28
102	121	28
101	122	28
101	123	28
100	124	28
100	125	28
100	126	28
100	127	28
100	128	28
101	129	28
101	130	28
102	131	28
102	132	28
103	133	28
103	119	28
104	134	28
208	133	26
210	133	26
251	133	26
253	133	26
255	133	26
257	133	26
260	133	26
262	133	26
105	134	26
106	134	26
107	134	26
108	134	26
109	134	26
110	134	26
111	134	26
112	134	26
113	134	26
114	134	26
115	134	26
116	134	26
117	134	26
118	134	26
119	134	26
120	134	26
121	134	26
122	134	26
123	134	26
124	134	26
125	134	26
126	134	26
127	134	26
128	134	26
129	134	26
130	134	26
131	134	26
132	134	26
133	134	26
134	134	26
135	134	26
136	134	26
137	134	26
138	134	26
139	134	26
140	134	26
141	134	26
142	134	26
143	134	26
144	134	26
145	134	26
146	134	26
147	134	26
148	134	26
149	134	26
150	134	26
151	134	26
152	134	26
153	134	26
154	134	26
155	134	26
156	134	26
157	134	26
158	134	26
159	134	26
160	134	26
161	134	26
162	134	26
163	134	26
164	134	26
165	134	26
166	134	26
167	134	26
168	134	26
169	134	26
170	134	26
171	134	26
172	134	26
173	134	26
174	134	26
175	134	26
176	134	26
177	134	26
178	134	26
179	134	26
180	134	26
181	134	26
182	134	26
183	134	26
184	134	26
185	134	26
186	134	26
187	134	26
188	134	26
189	134	26
190	134	26
191	134	26
192	134	26
193	134	26
194	134	26
195	134	26
196	134	26
197	134	26
198	134	26
199	134	26
200	134	26
201	134	26
202	134	26
203	134	26
204	134	26
205	134	26
206	134	26
207	134	26
209	134	26
211	134	26
212	134	26
213	134	26
214	134	26
216	134	26
218	134	26
220	134	26
246	134	26
247	134	26
248	134	26
249	134	26
250	134	26
252	134	26
254	134	26
256	134	26
258	134	26
259	134	26
261	134	26
263	134	26
264	134	26
215	135	26
217	135	26
219	135	26
221	135	26
222	135	26
223	135	26
224	135	26
225	135	26
226	135	26
243	135	26
244	135	26
245	135	26
265	135	26
227	136	26
228	136	26
229	136	26
241	136	26
242	136	26
230	137	26
232	137	26
236	137	26
238	137	26
239	137	26
240	137	26
231	138	26
233	138	26
234	138	26
235	138	26
237	138	26
104	134	26
266	136	26
280	132	22
281	132	22
282	133	22
283	134	22
283	135	22
294	139	17
296	139	17
298	139	17
300	139	17
302	139	17
303	139	17
304	139	17
305	139	17
291	140	17
293	140	17
295	140	17
297	140	17
299	140	17
301	140	17
288	141	17
289	141	17
290	141	17
292	141	17
284	142	17
285	142	17
286	142	17
287	142	17
283	143	17
267	135	26
268	135	26
269	135	26
270	135	26
271	136	26
272	136	26
274	136	26
273	137	26
275	137	26
276	138	26
277	139	26
278	139	26
279	140	26
280	141	26
281	142	26
282	142	26
266	136	26
283	143	26
264	147	24
265	148	24
267	147	25
266	148	25
103	135	28
102	136	28
102	137	28
101	138	28
101	139	28
100	140	28
100	141	28
100	142	28
101	143	28
101	144	28
102	145	28
102	146	28
103	147	28
103	148	28
104	134	28
104	149	28
266	137	26
264	138	26
265	138	26
263	139	26
261	140	26
262	140	26
260	141	26
259	142	26
258	143	26
257	144	26
255	145	26
256	145	26
254	146	26
253	147	26
252	148	26
266	136	26
251	149	26
212	147	28
213	147	28
214	147	28
203	148	28
204	148	28
205	148	28
206	148	28
207	148	28
208	148	28
209	148	28
210	148	28
211	148	28
215	148	28
216	148	28
105	149	28
106	149	28
107	149	28
108	149	28
109	149	28
110	149	28
111	149	28
112	149	28
113	149	28
114	149	28
115	149	28
116	149	28
117	149	28
118	149	28
119	149	28
120	149	28
121	149	28
122	149	28
123	149	28
124	149	28
125	149	28
126	149	28
127	149	28
128	149	28
129	149	28
130	149	28
131	149	28
132	149	28
133	149	28
134	149	28
135	149	28
136	149	28
137	149	28
138	149	28
139	149	28
140	149	28
141	149	28
142	149	28
143	149	28
144	149	28
145	149	28
146	149	28
147	149	28
148	149	28
149	149	28
150	149	28
151	149	28
152	149	28
153	149	28
154	149	28
155	149	28
156	149	28
157	149	28
158	149	28
159	149	28
160	149	28
161	149	28
162	149	28
163	149	28
164	149	28
165	149	28
166	149	28
167	149	28
168	149	28
169	149	28
170	149	28
171	149	28
172	149	28
173	149	28
174	149	28
175	149	28
176	149	28
177	149	28
178	149	28
179	149	28
180	149	28
181	149	28
182	149	28
183	149	28
184	149	28
185	149	28
186	149	28
187	149	28
188	149	28
189	149	28
190	149	28
191	149	28
192	149	28
193	149	28
194	149	28
195	149	28
196	149	28
197	149	28
198	149	28
199	149	28
200	149	28
201	149	28
202	149	28
217	149	28
104	149	28
218	150	28
300	146	16
297	147	16
298	147	16
299	147	16
301	147	16
302	147	16
303	147	16
296	148	16
304	148	16
305	148	16
294	149	16
295	149	16
306	149	16
307	149	16
308	149	16
309	149	16
293	150	16
292	151	16
291	152	16
244	150	26
245	150	26
246	150	26
247	150	26
248	150	26
249	150	26
243	151	26
242	152	26
240	153	26
241	153	26
250	150	26
239	154	26
283	144	18
283	145	18
283	146	18
284	147	18
285	148	18
286	149	18
287	150	18
288	150	18
289	151	18
290	151	18
283	143	18
291	152	18
322	149	10
323	150	10
324	150	10
326	150	10
325	151	10
252	151	26
253	152	26
251	150	26
254	153	26
267	152	26
266	151	26
268	153	26
271	151	26
270	152	26
269	153	26
220	148	26
221	148	26
223	148	26
219	149	26
222	149	26
224	149	26
225	149	26
226	149	26
227	149	26
228	150	26
230	150	26
229	151	26
231	151	26
232	151	26
233	151	26
234	152	26
235	152	26
236	152	26
237	153	26
238	153	26
218	150	26
239	154	26
255	154	26
254	153	26
256	155	26
262	151	26
264	151	26
261	152	26
263	152	26
260	153	26
258	154	26
259	154	26
265	151	26
257	155	26
291	153	16
292	154	16
291	152	16
253	154	25
252	155	25
251	156	25
254	153	25
269	155	24
270	156	24
268	154	24
255	158	25
256	157	25
218	151	25
218	152	25
217	153	25
216	154	25
215	155	25
214	156	25
214	157	25
213	158	25
213	159	25
212	160	25
212	161	25
218	150	25
211	162	25
239	155	25
239	156	25
239	157	25
240	158	25
241	158	25
242	159	25
243	160	25
244	161	25
239	154	25
257	158	26
258	159	26
259	159	26
260	160	26
261	161	26
256	157	26
103	150	28
103	151	28
102	152	28
102	153	28
101	154	28
101	155	28
101	156	28
101	157	28
101	158	28
102	159	28
102	160	28
103	161	28
103	162	28
104	149	28
104	163	28
203	162	28
205	162	28
208	162	28
105	163	28
106	163	28
107	163	28
108	163	28
109	163	28
110	163	28
111	163	28
112	163	28
113	163	28
114	163	28
115	163	28
116	163	28
117	163	28
118	163	28
119	163	28
120	163	28
121	163	28
122	163	28
123	163	28
124	163	28
125	163	28
126	163	28
127	163	28
128	163	28
129	163	28
130	163	28
131	163	28
132	163	28
133	163	28
134	163	28
135	163	28
136	163	28
137	163	28
138	163	28
139	163	28
140	163	28
141	163	28
142	163	28
143	163	28
144	163	28
145	163	28
146	163	28
147	163	28
148	163	28
149	163	28
150	163	28
151	163	28
152	163	28
153	163	28
154	163	28
155	163	28
156	163	28
157	163	28
158	163	28
159	163	28
160	163	28
161	163	28
162	163	28
163	163	28
164	163	28
165	163	28
166	163	28
167	163	28
168	163	28
169	163	28
170	163	28
171	163	28
172	163	28
173	163	28
174	163	28
175	163	28
176	163	28
177	163	28
178	163	28
179	163	28
180	163	28
181	163	28
182	163	28
183	163	28
184	163	28
185	163	28
186	163	28
187	163	28
188	163	28
189	163	28
190	163	28
191	163	28
192	163	28
193	163	28
194	163	28
195	163	28
196	163	28
197	163	28
198	163	28
199	163	28
200	163	28
201	163	28
202	163	28
204	163	28
206	163	28
207	163	28
209	163	28
104	163	28
210	163	28
303	166	15
304	167	15
305	168	15
306	168	15
305	168	15
304	169	17
305	168	17
292	169	17
289	170	17
290	170	17
291	170	17
284	171	17
286	171	17
287	171	17
288	171	17
283	172	17
285	172	17
282	173	17
281	174	17
280	175	17
279	176	17
279	177	17
279	178	17
279	179	17
279	180	17
212	164	25
213	165	25
213	166	25
214	167	25
215	168	25
216	169	25
216	170	25
217	171	25
218	172	25
219	173	25
220	174	25
220	175	25
211	163	25
220	176	25
234	164	24
234	165	24
234	166	24
233	167	24
233	168	24
232	169	24
232	170	24
232	171	24
232	172	24
231	173	24
231	174	24
231	175	24
231	176	24
103	164	28
103	165	28
102	166	28
102	167	28
101	168	28
101	169	28
100	170	28
101	171	28
100	172	28
101	173	28
101	174	28
102	175	28
102	176	28
103	177	28
104	163	28
104	178	28
342	171	9
341	172	9
342	173	9
341	174	9
340	175	9
340	176	9
340	177	9
222	176	25
221	177	25
223	177	25
224	177	25
226	177	25
229	177	25
230	177	25
225	178	25
227	178	25
228	178	25
220	176	25
231	176	25
202	177	28
218	177	28
219	177	28
105	178	28
106	178	28
107	178	28
108	178	28
109	178	28
110	178	28
111	178	28
112	178	28
113	178	28
114	178	28
115	178	28
116	178	28
117	178	28
118	178	28
119	178	28
120	178	28
121	178	28
122	178	28
123	178	28
124	178	28
125	178	28
126	178	28
127	178	28
128	178	28
129	178	28
130	178	28
131	178	28
132	178	28
133	178	28
134	178	28
135	178	28
136	178	28
137	178	28
138	178	28
139	178	28
140	178	28
141	178	28
142	178	28
143	178	28
144	178	28
145	178	28
146	178	28
147	178	28
148	178	28
149	178	28
150	178	28
151	178	28
152	178	28
153	178	28
154	178	28
155	178	28
156	178	28
157	178	28
158	178	28
159	178	28
160	178	28
161	178	28
162	178	28
163	178	28
164	178	28
165	178	28
166	178	28
167	178	28
168	178	28
169	178	28
170	178	28
171	178	28
172	178	28
173	178	28
174	178	28
175	178	28
176	178	28
177	178	28
178	178	28
179	178	28
180	178	28
181	178	28
182	178	28
183	178	28
184	178	28
185	178	28
186	178	28
187	178	28
188	178	28
189	178	28
190	178	28
191	178	28
192	178	28
193	178	28
194	178	28
195	178	28
196	178	28
197	178	28
198	178	28
199	178	28
200	178	28
201	178	28
203	178	28
204	178	28
205	178	28
206	178	28
208	178	28
210	178	28
212	178	28
214	178	28
216	178	28
217	178	28
207	179	28
209	179	28
211	179	28
213	179	28
215	179	28
220	176	28
104	178	28
329	176	9
331	176	9
333	176	9
326	177	9
328	177	9
330	177	9
332	177	9
325	178	9
327	178	9
324	179	9
321	180	9
322	180	9
323	180	9
320	181	9
319	182	9
318	183	9
317	184	9
317	185	9
317	186	9
316	187	9
316	188	9
316	189	9
316	190	9
316	191	9
232	177	25
233	178	25
234	179	25
235	180	25
236	180	25
237	181	25
238	181	25
231	176	25
239	182	25
245	181	25
241	182	25
242	182	25
243	182	25
244	182	25
246	182	25
248	182	25
250	182	25
247	183	25
249	183	25
251	183	25
240	182	25
252	184	25
353	182	6
352	183	6
352	184	6
257	180	25
255	181	25
256	181	25
258	181	25
259	181	25
260	181	25
254	182	25
261	182	25
253	183	25
262	183	25
263	184	25
264	184	25
265	185	25
252	184	25
266	186	25
277	181	26
278	181	26
275	182	26
276	182	26
272	183	26
274	183	26
270	184	26
271	184	26
273	184	26
268	185	26
269	185	26
267	186	26
279	180	26
266	186	26
298	181	19
298	182	19
298	183	19
298	184	19
298	185	19
298	186	19
298	187	19
330	183	7
331	183	7
329	184	7
328	185	7
328	186	7
328	187	7
280	181	22
281	181	22
282	182	22
283	182	22
284	183	22
285	184	22
286	184	22
287	185	22
288	185	22
289	185	22
290	186	22
291	186	22
293	186	22
292	187	22
294	187	22
295	187	22
296	187	22
297	188	22
279	180	22
298	187	22
239	184	25
239	185	25
239	186	25
239	187	25
239	188	25
238	189	25
239	183	25
238	190	25
252	185	26
252	186	26
253	187	26
253	188	26
253	189	26
252	184	26
253	190	26
329	188	7
330	188	7
331	189	7
328	187	7
103	179	28
102	180	28
102	181	28
101	182	28
101	183	28
100	184	28
100	185	28
100	186	28
101	187	28
101	188	28
102	189	28
102	190	28
103	191	28
104	178	28
104	192	28
265	187	26
264	188	26
263	189	26
261	190	26
262	190	26
254	191	26
257	191	26
258	191	26
259	191	26
260	191	26
255	192	26
256	192	26
266	186	26
253	190	26
326	188	8
327	188	8
325	189	8
324	190	8
323	191	8
328	187	8
322	192	8
218	190	26
220	190	26
221	190	26
222	190	26
216	191	26
217	191	26
219	191	26
223	191	26
224	191	26
225	191	26
226	191	26
227	191	26
229	191	26
231	191	26
233	191	26
235	191	26
237	191	26
215	192	26
228	192	26
230	192	26
232	192	26
234	192	26
236	192	26
213	193	26
214	193	26
238	190	26
212	194	26
239	191	26
252	191	26
240	192	26
241	192	26
244	192	26
246	192	26
247	192	26
248	192	26
249	192	26
250	192	26
251	192	26
242	193	26
243	193	26
245	193	26
238	190	26
253	190	26
318	192	17
319	192	17
320	192	17
317	192	17
321	193	17
105	192	28
106	192	28
107	192	28
108	192	28
109	192	28
110	192	28
111	192	28
112	192	28
113	192	28
114	192	28
115	192	28
116	192	28
117	192	28
118	192	28
119	192	28
120	192	28
121	192	28
122	192	28
123	192	28
124	192	28
125	192	28
126	192	28
127	192	28
128	192	28
129	192	28
130	192	28
131	192	28
132	192	28
133	192	28
134	192	28
135	192	28
136	192	28
137	192	28
138	192	28
139	192	28
140	192	28
141	192	28
142	192	28
143	192	28
144	192	28
145	192	28
146	192	28
147	192	28
148	192	28
149	192	28
150	192	28
151	192	28
152	192	28
153	192	28
154	192	28
155	192	28
156	192	28
157	192	28
158	192	28
159	192	28
160	192	28
161	192	28
162	192	28
163	192	28
164	192	28
165	192	28
166	192	28
167	192	28
168	192	28
169	192	28
170	192	28
171	192	28
172	192	28
173	192	28
174	192	28
175	192	28
176	192	28
177	192	28
178	192	28
179	192	28
180	192	28
181	192	28
182	192	28
183	192	28
184	192	28
185	192	28
186	192	28
187	192	28
188	192	28
189	192	28
190	192	28
191	192	28
192	192	28
193	192	28
194	192	28
195	192	28
196	192	28
197	192	28
198	192	28
199	192	28
200	192	28
201	192	28
203	192	28
205	192	28
202	193	28
204	193	28
206	193	28
207	193	28
208	193	28
209	193	28
210	193	28
211	193	28
104	192	28
212	194	28
315	193	17
314	194	17
316	192	17
313	195	17
325	194	13
326	194	13
327	194	13
328	194	13
324	194	13
299	188	19
300	189	19
301	190	19
302	190	19
303	190	19
304	191	19
305	192	19
306	193	19
307	193	19
308	194	19
309	194	19
311	194	19
310	195	19
298	187	19
312	195	19
323	196	12
324	197	12
323	195	12
313	197	17
314	198	17
315	199	17
313	196	17
281	194	18
280	195	18
279	196	18
278	197	18
278	198	18
277	199	18
277	200	18
276	201	18
212	195	25
212	196	25
212	197	25
213	198	25
213	199	25
214	200	25
215	201	25
212	194	25
259	197	26
259	198	26
258	199	26
257	200	26
257	201	26
257	202	26
257	203	26
246	202	26
248	202	26
238	203	26
240	203	26
242	203	26
243	203	26
244	203	26
245	203	26
247	203	26
249	203	26
250	203	26
251	203	26
252	203	26
254	203	26
230	204	26
232	204	26
233	204	26
234	204	26
235	204	26
236	204	26
237	204	26
239	204	26
241	204	26
253	204	26
255	204	26
256	204	26
229	205	26
231	205	26
105	206	26
106	206	26
107	206	26
108	206	26
109	206	26
110	206	26
111	206	26
112	206	26
113	206	26
114	206	26
115	206	26
116	206	26
117	206	26
118	206	26
119	206	26
120	206	26
121	206	26
122	206	26
123	206	26
124	206	26
125	206	26
126	206	26
127	206	26
128	206	26
129	206	26
130	206	26
131	206	26
132	206	26
133	206	26
134	206	26
135	206	26
136	206	26
137	206	26
138	206	26
139	206	26
140	206	26
141	206	26
142	206	26
143	206	26
144	206	26
145	206	26
146	206	26
147	206	26
148	206	26
149	206	26
150	206	26
151	206	26
152	206	26
153	206	26
154	206	26
155	206	26
156	206	26
157	206	26
158	206	26
159	206	26
160	206	26
161	206	26
162	206	26
163	206	26
164	206	26
165	206	26
166	206	26
167	206	26
168	206	26
169	206	26
170	206	26
171	206	26
172	206	26
173	206	26
174	206	26
175	206	26
176	206	26
177	206	26
178	206	26
179	206	26
180	206	26
181	206	26
182	206	26
183	206	26
184	206	26
185	206	26
186	206	26
187	206	26
188	206	26
189	206	26
190	206	26
191	206	26
192	206	26
193	206	26
194	206	26
195	206	26
196	206	26
197	206	26
198	206	26
199	206	26
200	206	26
203	206	26
205	206	26
207	206	26
225	206	26
226	206	26
227	206	26
228	206	26
201	207	26
202	207	26
204	207	26
206	207	26
208	207	26
209	207	26
210	207	26
211	207	26
212	207	26
213	207	26
222	207	26
223	207	26
224	207	26
214	208	26
216	208	26
220	208	26
221	208	26
215	209	26
217	209	26
218	209	26
219	209	26
257	203	26
104	206	26
277	202	25
278	202	25
279	203	25
280	204	25
276	201	25
103	193	28
102	194	28
102	195	28
101	196	28
101	197	28
100	198	28
100	199	28
100	200	28
101	201	28
101	202	28
102	203	28
102	204	28
103	205	28
104	192	28
104	206	28
258	204	26
259	205	26
260	206	26
262	206	26
261	207	26
263	207	26
264	208	26
265	208	26
257	203	26
266	209	26
275	202	26
274	203	26
273	204	26
272	205	26
271	206	26
270	207	26
269	208	26
276	201	26
268	209	26
349	206	5
351	206	5
348	207	5
350	207	5
347	208	5
348	209	5
347	210	5
265	210	25
264	211	25
263	212	25
266	209	25
268	211	25
268	212	25
269	213	25
270	214	25
268	210	25
341	214	7
342	215	7
342	216	7
342	217	7
284	219	24
283	220	24
285	220	24
307	217	10
309	217	10
315	217	10
317	217	10
292	218	10
294	218	10
296	218	10
297	218	10
298	218	10
299	218	10
300	218	10
301	218	10
302	218	10
303	218	10
304	218	10
305	218	10
306	218	10
308	218	10
310	218	10
311	218	10
312	218	10
313	218	10
314	218	10
316	218	10
318	218	10
319	218	10
320	218	10
321	218	10
322	218	10
323	218	10
341	218	10
286	219	10
288	219	10
289	219	10
290	219	10
291	219	10
293	219	10
295	219	10
324	219	10
325	219	10
326	219	10
337	219	10
338	219	10
339	219	10
340	219	10
287	220	10
327	220	10
328	220	10
329	220	10
330	220	10
332	220	10
334	220	10
336	220	10
331	221	10
333	221	10
335	221	10
342	217	10
285	220	10
363	218	5
364	218	5
365	218	5
366	218	5
367	218	5
361	219	5
362	219	5
368	219	5
359	220	5
360	220	5
369	220	5
358	221	5
353	219	6
355	219	6
356	219	6
352	220	6
354	220	6
357	220	6
350	221	6
351	221	6
358	221	6
349	222	6
103	207	28
102	208	28
102	209	28
101	210	28
101	211	28
100	212	28
100	213	28
100	214	28
100	215	28
100	216	28
101	217	28
101	218	28
102	219	28
102	220	28
103	221	28
104	206	28
104	222	28
282	219	27
279	220	27
281	220	27
202	221	27
204	221	27
205	221	27
207	221	27
209	221	27
211	221	27
213	221	27
215	221	27
217	221	27
219	221	27
230	221	27
232	221	27
233	221	27
234	221	27
235	221	27
236	221	27
237	221	27
238	221	27
239	221	27
261	221	27
262	221	27
263	221	27
264	221	27
266	221	27
267	221	27
268	221	27
269	221	27
270	221	27
271	221	27
272	221	27
273	221	27
274	221	27
275	221	27
276	221	27
277	221	27
278	221	27
280	221	27
105	222	27
106	222	27
107	222	27
108	222	27
109	222	27
110	222	27
111	222	27
112	222	27
113	222	27
114	222	27
115	222	27
116	222	27
117	222	27
118	222	27
119	222	27
120	222	27
121	222	27
122	222	27
123	222	27
124	222	27
125	222	27
126	222	27
127	222	27
128	222	27
129	222	27
130	222	27
131	222	27
132	222	27
133	222	27
134	222	27
135	222	27
136	222	27
137	222	27
138	222	27
139	222	27
140	222	27
141	222	27
142	222	27
143	222	27
144	222	27
145	222	27
146	222	27
147	222	27
148	222	27
149	222	27
150	222	27
151	222	27
152	222	27
153	222	27
154	222	27
155	222	27
156	222	27
157	222	27
158	222	27
159	222	27
160	222	27
161	222	27
162	222	27
163	222	27
164	222	27
165	222	27
166	222	27
167	222	27
168	222	27
169	222	27
170	222	27
171	222	27
172	222	27
173	222	27
174	222	27
175	222	27
176	222	27
177	222	27
178	222	27
179	222	27
180	222	27
181	222	27
182	222	27
183	222	27
184	222	27
185	222	27
186	222	27
187	222	27
188	222	27
189	222	27
190	222	27
191	222	27
192	222	27
193	222	27
194	222	27
195	222	27
196	222	27
197	222	27
198	222	27
199	222	27
200	222	27
201	222	27
203	222	27
206	222	27
208	222	27
210	222	27
212	222	27
214	222	27
216	222	27
218	222	27
220	222	27
221	222	27
222	222	27
223	222	27
224	222	27
225	222	27
226	222	27
227	222	27
228	222	27
229	222	27
231	222	27
240	222	27
241	222	27
242	222	27
243	222	27
245	222	27
247	222	27
249	222	27
251	222	27
254	222	27
256	222	27
258	222	27
259	222	27
260	222	27
265	222	27
244	223	27
246	223	27
248	223	27
250	223	27
252	223	27
253	223	27
255	223	27
257	223	27
283	220	27
104	222	27
343	218	7
344	219	7
345	219	7
346	220	7
347	220	7
348	221	7
342	217	7
349	222	7
364	221	4
365	221	4
366	221	4
367	221	4
368	221	4
360	222	4
361	222	4
363	222	4
362	223	4
369	220	4
359	222	4
283	221	23
283	222	23
283	220	23
284	223	23
285	221	23
285	222	23
285	220	23
284	223	23
370	220	3
371	220	3
372	220	3
373	220	3
374	221	3
375	222	3
369	220	3
350	223	6
356	223	6
357	223	6
351	224	6
353	224	6
355	224	6
352	225	6
354	225	6
349	222	6
358	222	6
283	224	18
282	225	18
282	226	18
281	227	18
281	228	18
282	229	18
282	230	18
282	231	18
282	232	18
282	233	18
284	223	18
282	234	18
103	223	28
102	224	28
102	225	28
101	226	28
101	227	28
100	228	28
100	229	28
100	230	28
101	231	28
101	232	28
102	233	28
102	234	28
103	235	28
104	222	28
104	236	28
227	233	26
229	233	26
230	233	26
231	233	26
232	233	26
233	233	26
234	233	26
235	233	26
236	233	26
238	233	26
240	233	26
242	233	26
216	234	26
218	234	26
220	234	26
222	234	26
224	234	26
226	234	26
228	234	26
237	234	26
239	234	26
241	234	26
243	234	26
244	234	26
245	234	26
266	234	26
268	234	26
270	234	26
272	234	26
210	235	26
212	235	26
213	235	26
214	235	26
215	235	26
217	235	26
219	235	26
221	235	26
223	235	26
225	235	26
246	235	26
247	235	26
248	235	26
249	235	26
250	235	26
252	235	26
254	235	26
256	235	26
261	235	26
263	235	26
264	235	26
265	235	26
267	235	26
269	235	26
271	235	26
273	235	26
274	235	26
276	235	26
280	235	26
105	236	26
106	236	26
107	236	26
108	236	26
109	236	26
110	236	26
111	236	26
112	236	26
113	236	26
114	236	26
115	236	26
116	236	26
117	236	26
118	236	26
119	236	26
120	236	26
121	236	26
122	236	26
123	236	26
124	236	26
125	236	26
126	236	26
127	236	26
128	236	26
129	236	26
130	236	26
131	236	26
132	236	26
133	236	26
134	236	26
135	236	26
136	236	26
137	236	26
138	236	26
139	236	26
140	236	26
141	236	26
142	236	26
143	236	26
144	236	26
145	236	26
146	236	26
147	236	26
148	236	26
149	236	26
150	236	26
151	236	26
152	236	26
153	236	26
154	236	26
155	236	26
156	236	26
157	236	26
158	236	26
159	236	26
160	236	26
161	236	26
162	236	26
163	236	26
164	236	26
165	236	26
166	236	26
167	236	26
168	236	26
169	236	26
170	236	26
171	236	26
172	236	26
173	236	26
174	236	26
175	236	26
176	236	26
177	236	26
178	236	26
179	236	26
180	236	26
181	236	26
182	236	26
183	236	26
184	236	26
185	236	26
186	236	26
187	236	26
188	236	26
189	236	26
190	236	26
191	236	26
192	236	26
193	236	26
194	236	26
195	236	26
196	236	26
197	236	26
198	236	26
199	236	26
200	236	26
201	236	26
202	236	26
203	236	26
204	236	26
205	236	26
206	236	26
207	236	26
208	236	26
209	236	26
211	236	26
251	236	26
253	236	26
255	236	26
257	236	26
258	236	26
259	236	26
260	236	26
262	236	26
275	236	26
277	236	26
278	236	26
279	236	26
281	235	26
104	236	26
292	231	22
291	232	22
290	233	22
288	234	22
289	234	22
287	235	22
285	236	22
286	236	22
284	236	22
284	238	22
285	239	22
286	239	22
287	240	22
283	237	22
288	241	22
298	241	19
297	242	19
296	243	19
290	241	20
291	242	20
292	242	20
294	242	20
293	243	20
295	243	20
289	241	20
296	243	20
322	242	13
321	243	13
321	244	13
306	247	19
307	248	19
352	243	8
351	244	8
351	245	8
351	246	8
350	247	8
350	248	8
320	245	14
319	246	14
318	247	14
317	248	14
321	244	14
316	249	14
322	245	13
323	246	13
324	246	13
325	246	13
326	247	13
327	248	13
321	244	13
103	237	28
102	238	28
102	239	28
101	240	28
101	241	28
100	242	28
100	243	28
100	244	28
101	245	28
101	246	28
102	247	28
102	248	28
103	249	28
104	236	28
104	250	28
288	243	21
288	244	21
288	245	21
288	246	21
288	247	21
288	248	21
288	249	21
288	242	21
288	250	21
297	244	19
298	245	19
299	246	19
300	247	19
301	248	19
302	249	19
296	243	19
303	250	19
310	248	16
311	248	16
312	248	16
314	248	16
315	248	16
309	249	16
313	249	16
308	248	16
316	249	16
356	249	8
355	250	8
341	248	11
342	248	11
339	249	11
340	249	11
343	249	11
344	249	11
346	249	11
348	249	11
349	249	11
338	250	11
345	250	11
347	250	11
350	248	11
337	251	11
351	249	8
352	249	8
353	250	8
354	250	8
350	248	8
355	250	8
245	248	27
247	248	27
249	248	27
239	249	27
241	249	27
242	249	27
243	249	27
244	249	27
246	249	27
248	249	27
250	249	27
251	249	27
252	249	27
254	249	27
234	250	27
236	250	27
238	250	27
240	250	27
253	250	27
255	250	27
272	250	27
274	250	27
275	250	27
276	250	27
277	250	27
278	250	27
279	250	27
280	250	27
281	250	27
282	250	27
227	251	27
229	251	27
231	251	27
232	251	27
233	251	27
235	251	27
237	251	27
256	251	27
257	251	27
258	251	27
260	251	27
262	251	27
268	251	27
269	251	27
270	251	27
271	251	27
273	251	27
283	251	27
284	251	27
285	251	27
286	251	27
287	251	27
228	252	27
230	252	27
259	252	27
261	252	27
263	252	27
264	252	27
265	252	27
266	252	27
267	252	27
288	250	27
226	252	27
306	250	19
305	251	19
307	249	19
304	251	19
332	251	14
333	251	14
334	251	14
335	251	14
329	252	14
330	252	14
331	252	14
327	253	14
328	253	14
326	254	14
326	255	14
336	251	14
325	256	14
356	251	8
355	250	8
208	249	28
210	249	28
212	249	28
213	249	28
214	249	28
215	249	28
217	249	28
105	250	28
106	250	28
107	250	28
108	250	28
109	250	28
110	250	28
111	250	28
112	250	28
113	250	28
114	250	28
115	250	28
116	250	28
117	250	28
118	250	28
119	250	28
120	250	28
121	250	28
122	250	28
123	250	28
124	250	28
125	250	28
126	250	28
127	250	28
128	250	28
129	250	28
130	250	28
131	250	28
132	250	28
133	250	28
134	250	28
135	250	28
136	250	28
137	250	28
138	250	28
139	250	28
140	250	28
141	250	28
142	250	28
143	250	28
144	250	28
145	250	28
146	250	28
147	250	28
148	250	28
149	250	28
150	250	28
151	250	28
152	250	28
153	250	28
154	250	28
155	250	28
156	250	28
157	250	28
158	250	28
159	250	28
160	250	28
161	250	28
162	250	28
163	250	28
164	250	28
165	250	28
166	250	28
167	250	28
168	250	28
169	250	28
170	250	28
171	250	28
172	250	28
173	250	28
174	250	28
175	250	28
176	250	28
177	250	28
178	250	28
179	250	28
180	250	28
181	250	28
182	250	28
183	250	28
184	250	28
185	250	28
186	250	28
187	250	28
188	250	28
189	250	28
190	250	28
191	250	28
192	250	28
193	250	28
194	250	28
195	250	28
196	250	28
197	250	28
198	250	28
199	250	28
200	250	28
201	250	28
202	250	28
203	250	28
204	250	28
205	250	28
206	250	28
207	250	28
209	250	28
211	250	28
216	250	28
218	250	28
219	250	28
220	251	28
221	251	28
223	251	28
222	252	28
224	252	28
104	250	28
225	252	28
317	250	14
318	251	14
319	252	14
320	253	14
316	249	14
320	254	14
289	251	24
290	252	24
291	252	24
293	252	24
292	253	24
294	253	24
296	253	24
298	253	24
295	254	24
297	254	24
299	254	24
300	254	24
288	250	24
301	253	24
337	253	12
338	254	12
339	254	12
340	255	12
337	252	12
341	256	12
226	254	25
226	255	25
226	256	25
226	253	25
303	254	18
304	254	18
305	255	18
306	255	18
308	255	18
310	255	18
311	255	18
312	255	18
313	255	18
314	255	18
315	255	18
317	255	18
307	256	18
309	256	18
316	256	18
318	256	18
302	253	18
319	255	18
322	255	15
324	255	15
321	256	15
323	256	15
320	255	15
325	256	15
340	257	10
341	256	10
342	257	10
343	258	10
344	258	10
341	256	10
326	257	14
326	258	14
327	259	14
328	260	14
329	260	14
330	261	14
331	261	14
332	261	14
333	262	14
334	262	14
325	256	14
335	263	14
336	262	11
335	263	11
337	263	11
103	251	28
102	252	28
102	253	28
101	254	28
101	255	28
100	256	28
100	257	28
100	258	28
101	259	28
101	260	28
102	261	28
102	262	28
103	263	28
104	250	28
104	264	28
336	264	11
335	263	11
337	263	11
340	265	9
339	264	9
238	260	28
240	260	28
242	260	28
244	260	28
245	260	28
246	260	28
247	260	28
248	260	28
235	261	28
236	261	28
237	261	28
239	261	28
241	261	28
243	261	28
249	261	28
250	261	28
251	261	28
252	261	28
230	262	28
232	262	28
233	262	28
234	262	28
253	262	28
217	263	28
219	263	28
221	263	28
222	263	28
223	263	28
224	263	28
225	263	28
226	263	28
227	263	28
228	263	28
229	263	28
231	263	28
254	263	28
255	263	28
256	263	28
105	264	28
106	264	28
107	264	28
108	264	28
109	264	28
110	264	28
111	264	28
112	264	28
113	264	28
114	264	28
115	264	28
116	264	28
117	264	28
118	264	28
119	264	28
120	264	28
121	264	28
122	264	28
123	264	28
124	264	28
125	264	28
126	264	28
127	264	28
128	264	28
129	264	28
130	264	28
131	264	28
132	264	28
133	264	28
134	264	28
135	264	28
136	264	28
137	264	28
138	264	28
139	264	28
140	264	28
141	264	28
142	264	28
143	264	28
144	264	28
145	264	28
146	264	28
147	264	28
148	264	28
149	264	28
150	264	28
151	264	28
152	264	28
153	264	28
154	264	28
155	264	28
156	264	28
157	264	28
158	264	28
159	264	28
160	264	28
161	264	28
162	264	28
163	264	28
164	264	28
165	264	28
166	264	28
167	264	28
168	264	28
169	264	28
170	264	28
171	264	28
172	264	28
173	264	28
174	264	28
175	264	28
176	264	28
177	264	28
178	264	28
179	264	28
180	264	28
181	264	28
182	264	28
183	264	28
184	264	28
185	264	28
186	264	28
187	264	28
188	264	28
189	264	28
190	264	28
191	264	28
192	264	28
193	264	28
194	264	28
195	264	28
196	264	28
197	264	28
198	264	28
199	264	28
200	264	28
201	264	28
202	264	28
203	264	28
204	264	28
205	264	28
206	264	28
207	264	28
208	264	28
209	264	28
210	264	28
211	264	28
212	264	28
213	264	28
214	264	28
215	264	28
216	264	28
218	264	28
220	264	28
257	264	28
258	264	28
259	264	28
260	264	28
262	264	28
264	264	28
261	265	28
263	265	28
265	265	28
266	265	28
267	265	28
268	265	28
270	265	28
271	265	28
269	266	28
272	266	28
273	266	28
104	264	28
274	267	28
337	266	9
338	265	9
313	262	13
312	263	13
314	263	13
311	264	13
311	265	13
310	266	13
310	267	13
309	268	13
279	263	21
281	263	21
283	263	21
285	263	21
277	264	21
278	264	21
280	264	21
282	264	21
284	264	21
286	264	21
287	264	21
288	264	21
289	264	21
290	264	21
276	265	21
291	265	21
292	265	21
293	265	21
275	266	21
294	266	21
295	266	21
296	266	21
297	267	21
298	267	21
299	267	21
300	267	21
301	267	21
302	267	21
304	267	21
303	268	21
305	268	21
306	268	21
307	268	21
308	268	21
274	267	21
309	268	21
327	271	10
326	272	10
274	268	26
274	269	26
274	270	26
274	271	26
275	272	26
274	267	26
310	269	13
311	270	13
312	270	13
313	271	13
314	271	13
315	271	13
320	271	13
316	272	13
317	272	13
318	272	13
319	272	13
321	272	13
322	272	13
323	272	13
324	272	13
309	268	13
325	272	13
327	274	10
328	275	10
329	276	10
326	273	10
276	274	19
277	274	19
278	275	19
279	276	19
280	276	19
281	277	19
103	265	28
102	266	28
102	267	28
101	268	28
101	269	28
100	270	28
100	271	28
99	272	28
100	273	28
100	274	28
101	275	28
101	276	28
102	277	28
102	278	28
104	264	28
103	279	28
239	279	26
241	279	26
242	279	26
243	279	26
244	279	26
235	280	26
236	280	26
237	280	26
238	280	26
240	280	26
233	281	26
234	281	26
231	282	26
232	282	26
245	280	26
230	283	26
211	278	28
104	279	28
105	279	28
106	279	28
107	279	28
108	279	28
109	279	28
110	279	28
111	279	28
112	279	28
113	279	28
114	279	28
115	279	28
116	279	28
117	279	28
118	279	28
119	279	28
120	279	28
121	279	28
122	279	28
123	279	28
124	279	28
125	279	28
126	279	28
127	279	28
128	279	28
129	279	28
130	279	28
131	279	28
132	279	28
133	279	28
134	279	28
135	279	28
136	279	28
137	279	28
138	279	28
139	279	28
140	279	28
141	279	28
142	279	28
143	279	28
144	279	28
145	279	28
146	279	28
147	279	28
148	279	28
149	279	28
150	279	28
151	279	28
152	279	28
153	279	28
154	279	28
155	279	28
156	279	28
157	279	28
158	279	28
159	279	28
160	279	28
161	279	28
162	279	28
163	279	28
164	279	28
165	279	28
166	279	28
167	279	28
168	279	28
169	279	28
170	279	28
171	279	28
172	279	28
173	279	28
174	279	28
175	279	28
176	279	28
177	279	28
178	279	28
179	279	28
180	279	28
181	279	28
182	279	28
183	279	28
184	279	28
185	279	28
186	279	28
187	279	28
188	279	28
189	279	28
190	279	28
191	279	28
192	279	28
193	279	28
194	279	28
195	279	28
196	279	28
197	279	28
198	279	28
199	279	28
200	279	28
202	279	28
204	279	28
205	279	28
206	279	28
207	279	28
208	279	28
210	279	28
201	280	28
203	280	28
209	280	28
103	279	28
212	279	28
247	278	26
246	279	26
248	279	26
249	279	26
250	280	26
251	280	26
245	280	26
252	281	26
219	276	25
216	277	25
217	277	25
218	277	25
220	277	25
221	277	25
222	277	25
213	278	25
214	278	25
215	278	25
223	278	25
224	279	25
225	280	25
226	280	25
227	280	25
228	281	25
229	282	25
212	279	25
230	283	25
245	281	25
246	282	25
247	283	25
245	280	25
248	284	25
212	280	26
212	281	26
212	282	26
212	283	26
212	284	26
212	279	26
252	282	26
250	283	26
251	283	26
249	284	26
252	281	26
248	284	26
257	279	26
259	279	26
260	279	26
261	279	26
262	279	26
253	280	26
255	280	26
256	280	26
258	280	26
263	280	26
264	280	26
265	280	26
254	281	26
266	281	26
267	282	26
268	282	26
269	283	26
270	283	26
271	283	26
272	284	26
273	285	26
274	285	26
275	285	26
276	285	26
277	286	26
278	286	26
279	286	26
280	286	26
282	286	26
284	286	26
286	286	26
305	286	26
306	286	26
307	286	26
281	287	26
283	287	26
285	287	26
287	287	26
288	287	26
290	287	26
300	287	26
302	287	26
304	287	26
289	288	26
291	288	26
292	288	26
293	288	26
294	288	26
295	288	26
296	288	26
297	288	26
298	288	26
299	288	26
301	288	26
303	288	26
252	281	26
308	285	26
213	286	23
214	287	23
215	288	23
216	287	24
215	288	24
309	286	16
310	287	16
311	287	16
313	287	16
312	288	16
314	288	16
315	288	16
316	289	16
308	285	16
311	282	16
313	282	16
309	283	16
310	283	16
312	283	16
314	283	16
315	283	16
316	283	16
308	284	16
317	284	16
318	285	16
319	286	16
320	286	16
321	286	16
322	287	16
323	287	16
324	287	16
325	288	16
326	288	16
327	289	16
328	289	16
329	289	16
330	289	16
331	290	16
308	285	16
102	280	28
102	281	28
101	282	28
101	283	28
100	284	28
100	285	28
100	286	28
100	287	28
100	288	28
101	289	28
101	290	28
102	291	28
103	279	28
102	292	28
214	289	26
214	290	26
214	291	26
215	288	26
214	292	26
245	285	26
247	285	26
244	286	26
246	286	26
243	287	26
242	288	26
240	289	26
241	289	26
239	290	26
239	291	26
238	292	26
248	284	26
238	293	26
104	293	28
103	293	28
105	294	28
281	293	19
280	294	19
210	293	28
213	293	28
107	294	28
108	294	28
109	294	28
110	294	28
111	294	28
112	294	28
113	294	28
114	294	28
115	294	28
116	294	28
117	294	28
118	294	28
119	294	28
120	294	28
121	294	28
122	294	28
123	294	28
124	294	28
125	294	28
126	294	28
127	294	28
128	294	28
129	294	28
130	294	28
131	294	28
132	294	28
133	294	28
134	294	28
135	294	28
136	294	28
137	294	28
138	294	28
139	294	28
140	294	28
141	294	28
142	294	28
143	294	28
144	294	28
145	294	28
146	294	28
147	294	28
148	294	28
149	294	28
150	294	28
151	294	28
152	294	28
153	294	28
154	294	28
155	294	28
156	294	28
157	294	28
158	294	28
159	294	28
160	294	28
161	294	28
162	294	28
163	294	28
164	294	28
165	294	28
166	294	28
167	294	28
168	294	28
169	294	28
170	294	28
171	294	28
172	294	28
173	294	28
174	294	28
175	294	28
176	294	28
177	294	28
178	294	28
179	294	28
180	294	28
181	294	28
182	294	28
183	294	28
184	294	28
185	294	28
186	294	28
187	294	28
188	294	28
189	294	28
190	294	28
191	294	28
192	294	28
193	294	28
194	294	28
195	294	28
196	294	28
197	294	28
198	294	28
199	294	28
200	294	28
201	294	28
203	294	28
204	294	28
205	294	28
206	294	28
207	294	28
208	294	28
209	294	28
211	294	28
212	294	28
202	295	28
214	292	28
106	294	28
230	284	26
230	285	26
229	286	26
228	287	26
227	288	26
227	289	26
226	290	26
226	291	26
225	292	26
225	293	26
225	294	26
230	283	26
225	295	26
281	295	23
280	294	23
215	293	27
216	294	27
217	295	27
218	295	27
220	295	27
219	296	27
221	296	27
222	296	27
223	296	27
224	296	27
214	292	27
225	295	27
237	294	26
236	295	26
235	296	26
234	297	26
232	298	26
233	298	26
238	293	26
231	299	26
248	297	26
247	298	26
246	299	26
226	296	25
227	297	25
228	298	25
230	298	25
229	299	25
225	295	25
231	299	25
239	294	26
240	295	26
241	296	26
242	297	26
243	298	26
244	299	26
238	293	26
245	299	26
278	295	23
279	295	23
277	296	23
276	297	23
276	298	23
275	299	23
274	300	23
273	301	23
273	302	23
272	303	23
272	304	23
280	294	23
272	305	23
247	301	26
247	302	26
248	303	26
249	304	26
250	305	26
246	300	26
269	306	28
270	306	28
271	306	28
267	307	28
268	307	28
264	308	28
266	308	28
258	309	28
260	309	28
261	309	28
262	309	28
263	309	28
265	309	28
256	310	28
257	310	28
259	310	28
237	311	28
238	311	28
253	311	28
254	311	28
255	311	28
239	312	28
240	312	28
242	312	28
247	312	28
249	312	28
250	312	28
251	312	28
252	312	28
241	313	28
243	313	28
244	313	28
245	313	28
246	313	28
248	313	28
272	305	28
236	310	28
295	306	21
296	306	21
297	306	21
294	307	21
298	307	21
292	308	21
293	308	21
291	309	21
290	310	21
231	300	25
231	301	25
231	302	25
232	303	25
233	304	25
234	305	25
235	306	25
236	307	25
236	308	25
231	299	25
236	309	25
105	296	27
105	297	27
105	298	27
105	299	27
105	300	27
106	301	27
107	302	27
108	303	27
109	304	27
110	304	27
111	305	27
112	305	27
113	306	27
114	306	27
115	307	27
116	307	27
117	308	27
118	308	27
119	309	27
120	309	27
105	295	27
121	310	27
273	306	26
274	306	26
275	307	26
276	307	26
277	308	26
278	309	26
279	310	26
280	310	26
281	311	26
272	305	26
282	312	26
285	310	22
287	310	22
288	310	22
283	311	22
284	311	22
286	311	22
289	311	22
282	312	22
201	309	28
202	309	28
203	309	28
204	309	28
205	309	28
206	309	28
208	309	28
210	309	28
123	310	28
124	310	28
125	310	28
126	310	28
127	310	28
128	310	28
129	310	28
130	310	28
131	310	28
132	310	28
133	310	28
134	310	28
135	310	28
136	310	28
137	310	28
138	310	28
139	310	28
140	310	28
141	310	28
142	310	28
143	310	28
144	310	28
145	310	28
146	310	28
147	310	28
148	310	28
149	310	28
150	310	28
151	310	28
152	310	28
153	310	28
154	310	28
155	310	28
156	310	28
157	310	28
158	310	28
159	310	28
160	310	28
161	310	28
162	310	28
163	310	28
164	310	28
165	310	28
166	310	28
167	310	28
168	310	28
169	310	28
170	310	28
171	310	28
172	310	28
173	310	28
174	310	28
175	310	28
176	310	28
177	310	28
178	310	28
179	310	28
180	310	28
181	310	28
182	310	28
183	310	28
184	310	28
185	310	28
186	310	28
187	310	28
188	310	28
189	310	28
190	310	28
191	310	28
192	310	28
193	310	28
194	310	28
195	310	28
196	310	28
197	310	28
198	310	28
199	310	28
200	310	28
207	310	28
209	310	28
211	310	28
212	310	28
213	310	28
214	310	28
216	310	28
218	310	28
220	310	28
222	310	28
224	310	28
215	311	28
217	311	28
219	311	28
221	311	28
223	311	28
225	311	28
226	311	28
227	311	28
229	311	28
231	311	28
233	311	28
234	311	28
228	312	28
230	312	28
232	312	28
122	310	28
235	310	28
291	312	21
292	313	21
293	314	21
294	315	21
290	311	21
295	316	21
282	313	21
282	314	21
282	315	21
282	316	21
282	312	21
295	318	10
295	317	10
297	315	17
298	316	17
299	316	17
300	316	17
301	316	17
302	317	17
303	318	17
304	318	17
305	319	17
306	320	17
307	321	17
296	316	17
308	322	17
121	312	26
121	313	26
121	314	26
121	315	26
122	316	26
123	317	26
124	318	26
125	319	26
126	319	26
127	320	26
128	320	26
129	321	26
130	321	26
131	322	26
132	322	26
133	323	26
134	323	26
121	311	26
135	324	26
332	317	14
334	317	14
324	318	14
326	318	14
329	318	14
330	318	14
331	318	14
333	318	14
335	318	14
321	319	14
323	319	14
325	319	14
327	319	14
328	319	14
336	319	14
320	320	14
322	320	14
337	320	14
338	320	14
312	321	14
314	321	14
317	321	14
318	321	14
319	321	14
339	321	14
310	322	14
311	322	14
313	322	14
315	322	14
316	322	14
340	322	14
341	322	14
342	323	14
309	322	14
301	324	20
302	324	20
303	324	20
305	324	20
306	324	20
307	324	20
299	325	20
300	325	20
304	325	20
308	323	20
298	326	20
353	322	11
356	322	11
348	323	11
349	323	11
350	323	11
351	323	11
352	323	11
354	323	11
355	323	11
357	323	11
345	324	11
346	324	11
347	324	11
358	324	11
202	323	28
226	323	28
228	323	28
230	323	28
232	323	28
234	323	28
258	323	28
260	323	28
262	323	28
264	323	28
266	323	28
137	324	28
138	324	28
139	324	28
140	324	28
141	324	28
142	324	28
143	324	28
144	324	28
145	324	28
146	324	28
147	324	28
148	324	28
149	324	28
150	324	28
151	324	28
152	324	28
153	324	28
154	324	28
155	324	28
156	324	28
157	324	28
158	324	28
159	324	28
160	324	28
161	324	28
162	324	28
163	324	28
164	324	28
165	324	28
166	324	28
167	324	28
168	324	28
169	324	28
170	324	28
171	324	28
172	324	28
173	324	28
174	324	28
175	324	28
176	324	28
177	324	28
178	324	28
179	324	28
180	324	28
181	324	28
182	324	28
183	324	28
184	324	28
185	324	28
186	324	28
187	324	28
188	324	28
189	324	28
190	324	28
191	324	28
192	324	28
193	324	28
194	324	28
195	324	28
196	324	28
197	324	28
198	324	28
199	324	28
200	324	28
201	324	28
203	324	28
204	324	28
205	324	28
206	324	28
207	324	28
208	324	28
210	324	28
220	324	28
222	324	28
223	324	28
224	324	28
225	324	28
227	324	28
229	324	28
231	324	28
233	324	28
235	324	28
236	324	28
237	324	28
239	324	28
253	324	28
255	324	28
256	324	28
257	324	28
259	324	28
261	324	28
263	324	28
265	324	28
267	324	28
268	324	28
269	324	28
282	324	28
284	324	28
286	324	28
209	325	28
211	325	28
212	325	28
213	325	28
214	325	28
215	325	28
216	325	28
217	325	28
218	325	28
219	325	28
221	325	28
238	325	28
240	325	28
241	325	28
242	325	28
243	325	28
244	325	28
245	325	28
246	325	28
247	325	28
248	325	28
249	325	28
250	325	28
251	325	28
252	325	28
254	325	28
270	325	28
271	325	28
273	325	28
277	325	28
279	325	28
281	325	28
283	325	28
285	325	28
287	325	28
288	325	28
289	325	28
290	325	28
291	325	28
292	325	28
272	326	28
274	326	28
275	326	28
276	326	28
278	326	28
280	326	28
293	326	28
136	324	28
294	327	28
296	325	22
297	325	22
295	326	22
298	326	22
294	327	22
341	326	13
340	327	13
335	328	13
336	328	13
337	328	13
338	328	13
339	328	13
333	329	13
334	329	13
332	330	13
332	331	13
298	328	19
295	329	19
296	329	19
297	329	19
299	327	19
294	328	19
300	328	18
301	329	18
302	329	18
303	329	18
304	329	18
305	329	18
306	330	18
307	330	18
308	330	18
309	330	18
310	330	18
311	330	18
312	330	18
314	330	18
315	330	18
317	330	18
313	331	18
316	331	18
318	331	18
319	331	18
320	331	18
322	331	18
321	332	18
323	332	18
324	332	18
325	332	18
326	332	18
328	332	18
329	332	18
330	332	18
327	333	18
299	327	18
331	332	18
291	329	28
293	329	28
288	330	28
290	330	28
292	330	28
286	331	28
287	331	28
289	331	28
285	332	28
280	333	28
282	333	28
283	333	28
284	333	28
269	334	28
271	334	28
273	334	28
275	334	28
276	334	28
277	334	28
278	334	28
279	334	28
281	334	28
261	335	28
262	335	28
263	335	28
264	335	28
265	335	28
266	335	28
267	335	28
268	335	28
270	335	28
272	335	28
274	335	28
256	336	28
258	336	28
259	336	28
260	336	28
253	337	28
255	337	28
257	337	28
151	338	28
152	338	28
153	338	28
154	338	28
155	338	28
156	338	28
157	338	28
158	338	28
159	338	28
160	338	28
161	338	28
162	338	28
163	338	28
164	338	28
165	338	28
166	338	28
167	338	28
168	338	28
169	338	28
170	338	28
171	338	28
172	338	28
173	338	28
174	338	28
175	338	28
176	338	28
177	338	28
178	338	28
179	338	28
180	338	28
181	338	28
182	338	28
183	338	28
184	338	28
185	338	28
186	338	28
187	338	28
188	338	28
189	338	28
190	338	28
191	338	28
192	338	28
193	338	28
194	338	28
195	338	28
196	338	28
197	338	28
198	338	28
199	338	28
200	338	28
201	338	28
202	338	28
203	338	28
204	338	28
205	338	28
206	338	28
208	338	28
210	338	28
212	338	28
214	338	28
216	338	28
218	338	28
220	338	28
221	338	28
222	338	28
223	338	28
224	338	28
226	338	28
251	338	28
252	338	28
254	338	28
207	339	28
209	339	28
211	339	28
213	339	28
215	339	28
217	339	28
219	339	28
225	339	28
227	339	28
228	339	28
229	339	28
230	339	28
250	339	28
231	340	28
232	340	28
233	340	28
234	340	28
235	340	28
237	340	28
239	340	28
241	340	28
242	340	28
244	340	28
246	340	28
247	340	28
248	340	28
249	340	28
236	341	28
238	341	28
240	341	28
243	341	28
245	341	28
294	328	28
150	338	28
333	333	13
334	334	13
335	334	13
332	332	13
354	334	10
354	335	10
135	326	28
135	327	28
135	328	28
135	329	28
135	330	28
136	331	28
137	332	28
138	332	28
139	333	28
140	333	28
141	334	28
142	334	28
143	335	28
144	335	28
145	336	28
146	336	28
147	337	28
148	337	28
135	325	28
149	338	28
278	339	22
279	339	22
280	339	22
281	339	22
282	339	22
283	339	22
284	339	22
285	339	22
286	339	22
306	339	22
275	340	22
276	340	22
277	340	22
287	340	22
288	340	22
289	340	22
290	340	22
292	340	22
301	340	22
303	340	22
305	340	22
274	341	22
291	341	22
293	341	22
294	341	22
295	341	22
296	341	22
297	341	22
298	341	22
299	341	22
300	341	22
302	341	22
304	341	22
273	342	22
273	343	22
272	344	22
272	345	22
272	346	22
272	347	22
249	346	27
248	347	27
248	348	27
248	349	27
248	350	27
273	348	26
274	349	26
275	350	26
276	350	26
277	350	26
272	347	26
278	351	26
281	349	25
282	349	25
279	350	25
280	350	25
283	350	25
278	351	25
149	340	28
149	341	28
149	342	28
149	343	28
149	344	28
150	345	28
151	346	28
152	346	28
153	347	28
154	347	28
155	348	28
156	348	28
157	349	28
158	349	28
159	350	28
160	350	28
161	351	28
162	351	28
149	339	28
163	352	28
264	351	26
265	351	26
266	351	26
263	352	26
262	353	26
267	352	26
261	354	26
271	348	26
270	349	26
269	350	26
268	351	26
272	347	26
267	352	26
221	351	28
223	351	28
225	351	28
165	352	28
166	352	28
167	352	28
168	352	28
169	352	28
170	352	28
171	352	28
172	352	28
173	352	28
174	352	28
175	352	28
176	352	28
177	352	28
178	352	28
179	352	28
180	352	28
181	352	28
182	352	28
183	352	28
184	352	28
185	352	28
186	352	28
187	352	28
188	352	28
189	352	28
190	352	28
191	352	28
192	352	28
193	352	28
194	352	28
195	352	28
196	352	28
197	352	28
198	352	28
199	352	28
200	352	28
201	352	28
204	352	28
211	352	28
213	352	28
215	352	28
217	352	28
218	352	28
219	352	28
220	352	28
222	352	28
224	352	28
226	352	28
227	352	28
228	352	28
229	352	28
230	352	28
231	352	28
202	353	28
203	353	28
205	353	28
206	353	28
207	353	28
208	353	28
209	353	28
210	353	28
212	353	28
214	353	28
216	353	28
232	353	28
233	353	28
234	353	28
235	353	28
236	353	28
237	353	28
238	353	28
239	353	28
240	353	28
241	353	28
242	353	28
243	353	28
244	353	28
164	352	28
245	354	28
247	352	27
246	353	27
248	351	27
245	354	27
250	352	27
251	352	27
253	352	27
252	353	27
254	353	27
255	353	27
256	353	27
257	353	27
259	353	27
260	353	27
258	354	27
249	351	27
261	354	27
278	352	24
278	353	24
278	354	24
279	355	24
280	356	24
281	356	24
282	357	24
278	351	24
245	355	27
245	356	27
245	357	27
245	358	27
246	359	27
245	354	27
324	360	10
325	360	10
326	360	10
327	360	10
322	361	10
323	361	10
321	362	10
320	363	10
320	364	10
319	365	10
261	355	25
261	356	25
261	357	25
261	358	25
262	359	25
263	360	25
264	361	25
264	362	25
264	363	25
261	354	25
264	364	25
267	353	25
267	354	25
267	355	25
268	356	25
268	357	25
269	358	25
270	359	25
271	360	25
272	360	25
273	360	25
274	361	25
276	361	25
275	362	25
277	362	25
278	363	25
267	352	25
163	354	28
163	355	28
163	356	28
163	357	28
163	358	28
164	359	28
165	360	28
166	360	28
167	361	28
168	361	28
169	362	28
170	362	28
171	363	28
172	363	28
173	364	28
174	364	28
175	365	28
176	365	28
177	366	28
178	366	28
163	353	28
179	367	28
311	366	15
313	366	15
315	366	15
316	366	15
309	367	15
310	367	15
312	367	15
314	367	15
317	367	15
307	368	15
308	368	15
306	369	15
305	370	15
318	366	15
304	371	15
330	365	9
329	366	9
329	367	9
328	368	9
320	367	13
325	367	13
321	368	13
322	368	13
323	368	13
324	368	13
326	368	13
327	368	13
319	366	13
328	368	13
262	365	28
263	365	28
208	366	28
210	366	28
212	366	28
260	366	28
261	366	28
181	367	28
182	367	28
183	367	28
184	367	28
185	367	28
186	367	28
187	367	28
188	367	28
189	367	28
190	367	28
191	367	28
192	367	28
193	367	28
194	367	28
195	367	28
196	367	28
197	367	28
198	367	28
199	367	28
200	367	28
201	367	28
202	367	28
203	367	28
204	367	28
205	367	28
206	367	28
207	367	28
209	367	28
211	367	28
213	367	28
214	367	28
215	367	28
216	367	28
217	367	28
258	367	28
259	367	28
218	368	28
219	368	28
220	368	28
221	368	28
222	368	28
223	368	28
224	368	28
225	368	28
226	368	28
227	368	28
228	368	28
230	368	28
232	368	28
234	368	28
235	368	28
236	368	28
237	368	28
238	368	28
239	368	28
240	368	28
241	368	28
242	368	28
243	368	28
244	368	28
245	368	28
247	368	28
249	368	28
252	368	28
254	368	28
256	368	28
257	368	28
229	369	28
231	369	28
233	369	28
246	369	28
248	369	28
250	369	28
251	369	28
253	369	28
255	369	28
264	364	28
180	367	28
329	369	7
330	370	7
328	368	7
266	364	27
265	365	27
267	365	27
268	366	27
269	366	27
270	366	27
271	366	27
272	367	27
273	367	27
274	367	27
275	367	27
276	368	27
277	368	27
278	368	27
279	368	27
280	368	27
281	368	27
282	368	27
283	368	27
284	368	27
285	368	27
286	368	27
287	368	27
288	369	27
289	369	27
290	369	27
291	370	27
292	370	27
293	370	27
303	370	27
294	371	27
296	371	27
298	371	27
299	371	27
300	371	27
301	371	27
302	371	27
295	372	27
297	372	27
264	364	27
304	371	27
286	375	26
285	376	26
284	377	26
280	376	27
277	377	27
278	377	27
279	377	27
281	377	27
282	377	27
276	378	27
283	378	27
274	379	27
275	379	27
273	380	27
272	381	27
284	377	27
271	382	27
285	378	27
286	379	27
287	380	27
284	377	27
179	369	26
179	370	26
179	371	26
179	372	26
179	373	26
179	374	26
180	375	26
181	376	26
182	376	26
183	377	26
184	377	26
185	378	26
186	378	26
187	379	26
188	379	26
189	380	26
190	380	26
191	381	26
192	381	26
179	368	26
193	382	26
304	372	15
304	373	15
305	374	15
304	375	15
305	376	15
306	377	15
306	378	15
307	379	15
308	380	15
309	381	15
310	382	15
311	383	15
311	384	15
304	371	15
202	381	28
204	381	28
206	381	28
195	382	28
196	382	28
197	382	28
198	382	28
199	382	28
200	382	28
201	382	28
203	382	28
205	382	28
207	382	28
208	382	28
209	382	28
211	382	28
222	382	28
224	382	28
226	382	28
228	382	28
210	383	28
212	383	28
213	383	28
214	383	28
215	383	28
216	383	28
217	383	28
218	383	28
219	383	28
220	383	28
221	383	28
223	383	28
225	383	28
227	383	28
229	383	28
230	383	28
231	383	28
232	383	28
233	383	28
234	383	28
235	383	28
236	383	28
237	383	28
238	383	28
239	383	28
240	383	28
241	383	28
242	383	28
243	383	28
244	383	28
245	383	28
246	383	28
247	383	28
248	383	28
250	383	28
249	384	28
251	384	28
252	384	28
253	384	28
254	384	28
256	384	28
255	385	28
257	385	28
258	385	28
194	382	28
259	386	28
267	381	28
269	381	28
270	381	28
264	382	28
266	382	28
268	382	28
263	383	28
265	383	28
262	384	28
260	385	28
261	385	28
271	382	28
259	386	28
272	383	27
273	384	27
274	385	27
275	386	27
276	387	27
278	387	27
277	388	27
279	388	27
280	388	27
281	388	27
282	388	27
283	388	27
271	382	27
259	387	28
259	388	28
260	389	28
261	390	28
259	386	28
262	391	28
261	392	27
262	391	27
263	392	28
264	392	28
266	392	28
267	392	28
268	392	28
265	393	28
269	393	28
262	391	28
355	392	8
356	393	8
101	294	28
100	295	28
99	296	28
98	297	28
97	298	28
96	299	28
95	300	28
94	301	28
93	302	28
92	303	28
91	304	28
90	305	28
89	306	28
88	307	28
87	308	28
86	309	28
85	310	28
84	311	28
83	312	28
82	313	28
81	314	28
80	315	28
79	316	28
78	317	28
77	318	28
76	319	28
75	320	28
74	321	28
73	322	28
72	323	28
71	324	28
70	325	28
69	326	28
68	327	28
67	328	28
66	329	28
65	330	28
64	331	28
63	332	28
62	333	28
61	334	28
60	335	28
59	336	28
58	337	28
57	338	28
56	339	28
55	340	28
54	341	28
53	342	28
52	343	28
51	344	28
50	345	28
49	346	28
48	347	28
47	348	28
46	349	28
45	350	28
44	351	28
43	352	28
42	353	28
41	354	28
40	355	28
39	356	28
38	357	28
37	358	28
36	359	28
35	360	28
34	361	28
33	362	28
32	363	28
31	364	28
30	365	28
29	366	28
28	367	28
27	368	28
26	369	28
25	370	28
24	371	28
23	372	28
22	373	28
21	374	28
20	375	28
19	376	28
18	377	28
17	378	28
16	379	28
15	380	28
14	381	28
13	382	28
12	383	28
11	384	28
10	385	28
9	386	28
8	387	28
7	388	28
6	389	28
5	390	28
4	391	28
3	392	28
2	393	28
1	394	28
102	293	28
193	384	28
193	385	28
193	386	28
193	387	28
193	388	28
194	389	28
195	390	28
196	390	28
197	391	28
198	391	28
199	392	28
200	392	28
201	393	28
202	393	28
204	393	28
206	393	28
208	393	28
210	393	28
212	393	28
203	394	28
205	394	28
207	394	28
209	394	28
211	394	28
213	394	28
214	394	28
215	394	28
216	394	28
217	394	28
218	394	28
219	394	28
220	394	28
221	394	28
222	394	28
223	394	28
224	394	28
225	394	28
226	394	28
193	383	28
250	393	16
249	394	16
251	394	16
252	394	16
338	394	8
339	394	8
340	394	8
341	394	8
