218	1	9
217	2	9
212	1	8
213	1	8
214	1	8
215	2	8
216	2	8
334	1	19
332	2	19
333	2	19
330	3	19
331	3	19
324	4	19
325	4	19
326	4	19
327	4	19
328	4	19
329	4	19
320	5	19
321	5	19
322	5	19
323	5	19
319	6	19
316	7	19
317	7	19
318	7	19
313	8	19
315	8	19
310	9	19
312	9	19
314	9	19
297	10	19
299	10	19
300	10	19
301	10	19
302	10	19
303	10	19
304	10	19
305	10	19
306	10	19
307	10	19
308	10	19
309	10	19
311	10	19
292	11	19
294	11	19
295	11	19
296	11	19
298	11	19
293	12	19
291	12	19
228	1	9
230	1	9
232	1	9
234	1	9
229	2	9
231	2	9
233	2	9
235	2	9
236	2	9
237	2	9
238	2	9
239	2	9
240	2	9
241	2	9
242	2	9
243	3	9
244	3	9
246	3	9
245	4	9
247	4	9
248	4	9
249	5	9
250	6	9
285	5	18
286	5	18
284	6	18
379	5	4
378	6	4
272	2	17
272	3	17
274	3	17
273	4	17
275	4	17
276	4	17
277	5	17
278	5	17
279	5	17
281	5	17
280	6	17
282	6	17
283	6	17
284	6	17
285	7	18
284	6	18
368	6	6
369	6	6
370	6	6
371	6	6
372	6	6
373	6	6
374	6	6
375	6	6
367	7	6
376	7	6
365	8	6
366	8	6
364	9	6
364	10	6
363	11	6
377	7	6
362	12	6
251	5	15
252	5	15
254	5	15
253	6	15
255	6	15
256	6	15
257	6	15
258	7	15
259	7	15
260	8	15
250	6	15
261	9	15
379	8	4
378	7	4
200	1	27
198	2	27
199	2	27
197	3	27
196	4	27
196	5	27
196	6	27
196	7	27
196	8	27
196	9	27
196	10	27
217	4	10
218	5	10
219	6	10
219	7	10
219	8	10
219	9	10
219	10	10
219	11	10
217	3	10
219	12	10
287	11	23
288	11	23
289	11	23
286	12	23
285	13	23
290	12	23
284	14	23
263	11	19
264	11	19
265	12	19
262	10	19
265	13	19
250	7	13
250	8	13
250	9	13
249	10	13
249	11	13
249	12	13
249	13	13
250	6	13
249	14	13
198	12	29
199	12	29
201	12	29
200	13	29
202	13	29
203	13	29
204	13	29
205	13	29
207	13	29
218	13	29
206	14	29
208	14	29
210	14	29
212	14	29
215	14	29
216	14	29
217	14	29
209	15	29
211	15	29
213	15	29
214	15	29
197	11	29
219	12	29
260	11	25
259	12	25
259	13	25
259	14	25
261	10	25
259	15	25
289	14	22
290	14	22
285	15	22
286	15	22
287	15	22
288	15	22
291	13	22
284	14	22
252	15	29
253	15	29
255	15	29
257	15	29
251	16	29
254	16	29
256	16	29
258	16	29
250	15	29
259	15	29
262	15	29
263	15	29
260	16	29
261	16	29
264	14	29
259	15	29
266	15	26
267	15	26
268	16	26
269	16	26
270	16	26
271	16	26
272	16	26
273	16	26
274	16	26
275	16	26
276	16	26
277	16	26
278	16	26
279	16	26
280	16	26
265	14	26
281	17	26
283	15	24
282	16	24
284	14	24
281	17	24
220	13	29
221	13	29
222	14	29
223	14	29
224	15	29
225	15	29
226	15	29
227	15	29
228	15	29
229	15	29
230	15	29
231	15	29
232	15	29
233	15	29
234	15	29
236	15	29
238	15	29
240	15	29
235	16	29
237	16	29
239	16	29
241	16	29
242	16	29
243	16	29
244	16	29
246	16	29
248	16	29
245	17	29
247	17	29
219	12	29
249	15	29
363	14	8
364	15	8
364	16	8
365	17	8
366	17	8
367	18	8
368	18	8
362	13	8
369	18	8
371	17	5
373	17	5
372	18	5
370	18	5
360	13	10
357	14	10
359	14	10
354	15	10
356	15	10
358	15	10
351	16	10
353	16	10
355	16	10
347	17	10
349	17	10
350	17	10
352	17	10
346	18	10
348	18	10
344	19	10
345	19	10
343	20	10
361	13	10
342	21	10
369	20	4
370	19	4
281	18	22
281	19	22
282	20	22
282	21	22
281	17	22
283	22	22
334	20	13
336	20	13
338	20	13
339	20	13
341	20	13
332	21	13
333	21	13
335	21	13
337	21	13
340	21	13
342	21	13
331	22	13
322	20	18
319	21	18
320	21	18
321	21	18
323	21	18
324	21	18
325	21	18
326	21	18
327	21	18
316	22	18
317	22	18
318	22	18
328	22	18
329	22	18
330	22	18
315	23	18
295	24	18
297	24	18
299	24	18
301	24	18
303	24	18
305	24	18
307	24	18
310	24	18
312	24	18
313	24	18
314	24	18
290	25	18
292	25	18
294	25	18
296	25	18
298	25	18
300	25	18
302	25	18
304	25	18
306	25	18
308	25	18
309	25	18
311	25	18
289	26	18
291	26	18
293	26	18
331	22	18
288	26	18
285	23	22
286	24	22
284	22	22
287	25	22
332	23	12
333	24	12
331	22	12
342	22	12
342	23	12
343	24	12
342	21	12
283	24	23
283	25	23
283	26	23
283	23	23
283	27	23
349	26	9
348	27	9
350	27	9
232	27	29
262	27	29
264	27	29
266	27	29
230	28	29
231	28	29
233	28	29
234	28	29
251	28	29
252	28	29
253	28	29
254	28	29
255	28	29
256	28	29
257	28	29
258	28	29
259	28	29
260	28	29
261	28	29
263	28	29
265	28	29
267	28	29
268	28	29
269	28	29
270	28	29
271	28	29
273	28	29
275	28	29
277	28	29
279	28	29
280	28	29
281	28	29
282	28	29
228	29	29
229	29	29
235	29	29
236	29	29
237	29	29
246	29	29
248	29	29
249	29	29
250	29	29
272	29	29
274	29	29
276	29	29
278	29	29
227	30	29
238	30	29
239	30	29
240	30	29
242	30	29
243	30	29
244	30	29
245	30	29
247	30	29
225	31	29
226	31	29
241	31	29
224	32	29
283	27	29
223	33	29
285	27	24
286	27	24
284	28	24
287	26	24
283	27	24
194	12	27
195	12	27
192	13	27
193	13	27
190	14	27
191	14	27
188	15	27
189	15	27
186	16	27
187	16	27
184	17	27
185	17	27
182	18	27
183	18	27
180	19	27
181	19	27
178	20	27
179	20	27
176	21	27
177	21	27
174	22	27
175	22	27
172	23	27
173	23	27
171	24	27
170	25	27
170	26	27
170	27	27
170	28	27
170	29	27
170	30	27
196	11	27
170	31	27
172	32	29
173	32	29
174	32	29
175	32	29
176	32	29
177	32	29
178	32	29
179	32	29
180	32	29
181	32	29
182	32	29
183	32	29
184	32	29
185	32	29
186	32	29
187	32	29
188	32	29
189	32	29
190	32	29
191	32	29
192	32	29
193	32	29
194	32	29
195	32	29
196	32	29
197	32	29
198	32	29
199	32	29
200	32	29
201	32	29
202	32	29
203	32	29
204	32	29
205	32	29
206	32	29
207	32	29
208	32	29
209	32	29
210	32	29
211	32	29
212	32	29
213	32	29
214	32	29
215	32	29
216	32	29
217	32	29
218	32	29
219	32	29
220	32	29
221	32	29
222	32	29
171	32	29
223	33	29
224	34	28
225	35	28
225	36	28
226	37	28
227	38	28
223	33	28
291	37	9
292	37	9
289	38	9
290	38	9
288	39	9
287	40	9
287	41	9
287	42	9
287	43	9
168	33	26
169	33	26
166	34	26
167	34	26
164	35	26
165	35	26
162	36	26
163	36	26
160	37	26
161	37	26
158	38	26
159	38	26
157	39	26
156	40	26
156	41	26
156	42	26
156	43	26
156	44	26
170	32	26
156	45	26
283	45	15
284	45	15
285	45	15
280	46	15
281	46	15
282	46	15
278	47	15
279	47	15
277	48	15
276	49	15
274	50	15
275	50	15
273	51	15
271	52	15
272	52	15
286	44	15
270	53	15
288	45	15
289	46	15
287	44	15
290	47	15
296	41	14
295	42	14
294	43	14
293	44	14
292	45	14
291	46	14
290	47	14
293	49	11
294	49	11
295	50	11
292	48	11
296	51	11
298	49	11
297	50	11
296	51	11
362	47	13
360	48	13
361	48	13
363	48	13
359	49	13
364	49	13
365	50	13
366	50	13
367	50	13
358	50	13
359	51	13
358	50	13
360	52	13
362	51	13
361	52	13
236	45	29
238	45	29
240	45	29
158	46	29
159	46	29
160	46	29
161	46	29
162	46	29
163	46	29
164	46	29
165	46	29
166	46	29
167	46	29
168	46	29
169	46	29
170	46	29
171	46	29
172	46	29
173	46	29
174	46	29
175	46	29
176	46	29
177	46	29
178	46	29
179	46	29
180	46	29
181	46	29
182	46	29
183	46	29
184	46	29
185	46	29
186	46	29
187	46	29
188	46	29
189	46	29
190	46	29
191	46	29
192	46	29
193	46	29
194	46	29
195	46	29
196	46	29
197	46	29
199	46	29
201	46	29
212	46	29
214	46	29
216	46	29
218	46	29
231	46	29
233	46	29
234	46	29
235	46	29
237	46	29
239	46	29
241	46	29
243	46	29
198	47	29
200	47	29
202	47	29
203	47	29
204	47	29
205	47	29
206	47	29
207	47	29
208	47	29
209	47	29
210	47	29
211	47	29
213	47	29
215	47	29
217	47	29
219	47	29
220	47	29
221	47	29
222	47	29
224	47	29
226	47	29
228	47	29
229	47	29
230	47	29
232	47	29
242	47	29
244	47	29
245	47	29
246	47	29
248	47	29
223	48	29
225	48	29
227	48	29
247	48	29
249	48	29
251	48	29
250	49	29
252	49	29
253	49	29
254	49	29
256	49	29
258	49	29
260	49	29
263	49	29
255	50	29
257	50	29
259	50	29
261	50	29
262	50	29
264	50	29
265	50	29
266	51	29
267	52	29
268	52	29
157	46	29
269	53	29
291	50	11
291	51	11
291	52	11
291	53	11
291	54	11
291	49	11
361	54	12
361	53	12
296	56	9
297	56	9
298	56	9
268	56	29
269	56	29
258	57	29
265	57	29
266	57	29
267	57	29
212	58	29
214	58	29
216	58	29
217	58	29
218	58	29
219	58	29
221	58	29
223	58	29
225	58	29
227	58	29
229	58	29
231	58	29
233	58	29
235	58	29
236	58	29
237	58	29
239	58	29
241	58	29
243	58	29
245	58	29
247	58	29
249	58	29
251	58	29
253	58	29
254	58	29
255	58	29
256	58	29
257	58	29
259	58	29
260	58	29
261	58	29
262	58	29
263	58	29
264	58	29
208	59	29
210	59	29
211	59	29
213	59	29
215	59	29
220	59	29
222	59	29
224	59	29
226	59	29
228	59	29
230	59	29
232	59	29
234	59	29
238	59	29
240	59	29
242	59	29
244	59	29
246	59	29
248	59	29
250	59	29
252	59	29
204	60	29
205	60	29
206	60	29
207	60	29
209	60	29
144	61	29
145	61	29
146	61	29
147	61	29
148	61	29
149	61	29
150	61	29
151	61	29
152	61	29
153	61	29
154	61	29
155	61	29
156	61	29
157	61	29
158	61	29
159	61	29
160	61	29
161	61	29
162	61	29
163	61	29
164	61	29
165	61	29
166	61	29
167	61	29
168	61	29
169	61	29
170	61	29
171	61	29
172	61	29
173	61	29
174	61	29
175	61	29
176	61	29
177	61	29
178	61	29
179	61	29
180	61	29
181	61	29
182	61	29
183	61	29
184	61	29
185	61	29
186	61	29
187	61	29
188	61	29
189	61	29
190	61	29
191	61	29
192	61	29
193	61	29
194	61	29
195	61	29
196	61	29
197	61	29
198	61	29
199	61	29
200	61	29
201	61	29
202	61	29
203	61	29
270	55	29
143	61	29
271	56	26
272	57	26
270	55	26
273	58	26
274	57	21
275	57	21
276	57	21
277	57	21
278	57	21
279	57	21
280	57	21
273	58	21
297	52	9
298	52	9
300	52	9
299	53	9
301	53	9
302	54	9
303	54	9
304	55	9
305	56	9
306	56	9
307	57	9
296	51	9
308	58	9
357	50	14
355	51	14
356	51	14
353	52	14
354	52	14
352	53	14
351	54	14
350	55	14
349	56	14
349	57	14
358	50	14
348	58	14
154	47	26
155	47	26
152	48	26
153	48	26
150	49	26
151	49	26
148	50	26
149	50	26
146	51	26
147	51	26
144	52	26
145	52	26
143	53	26
142	54	26
142	55	26
142	56	26
142	57	26
142	58	26
142	59	26
156	46	26
142	60	26
319	53	19
321	53	19
323	53	19
325	53	19
317	54	19
318	54	19
320	54	19
322	54	19
324	54	19
326	54	19
327	54	19
328	54	19
329	54	19
314	55	19
316	55	19
330	55	19
331	55	19
311	56	19
313	56	19
315	56	19
332	56	19
333	56	19
334	56	19
336	56	19
309	57	19
310	57	19
312	57	19
335	57	19
337	57	19
338	57	19
339	57	19
347	57	19
340	58	19
341	58	19
342	58	19
344	58	19
346	58	19
343	59	19
345	59	19
308	58	19
348	58	19
409	60	6
408	61	6
274	59	21
275	59	21
306	59	21
307	59	21
276	60	21
284	60	21
286	60	21
288	60	21
290	60	21
292	60	21
304	60	21
305	60	21
277	61	21
278	61	21
280	61	21
282	61	21
283	61	21
285	61	21
287	61	21
289	61	21
291	61	21
293	61	21
294	61	21
295	61	21
296	61	21
298	61	21
300	61	21
301	61	21
302	61	21
303	61	21
279	62	21
281	62	21
297	62	21
299	62	21
273	58	21
308	58	21
349	59	14
350	60	14
351	61	14
352	61	14
348	58	14
353	62	14
405	62	7
406	63	7
407	62	6
408	61	6
406	63	6
409	62	6
408	61	6
352	64	14
353	63	14
355	63	13
356	63	13
357	64	13
358	64	13
354	63	13
359	65	13
360	64	14
361	65	14
359	65	14
362	66	14
401	66	8
402	67	8
405	64	7
404	65	7
403	66	7
406	63	7
402	67	7
314	66	17
313	67	17
313	68	17
352	67	12
353	67	12
354	67	12
355	67	12
356	67	12
357	67	12
350	68	12
351	68	12
349	69	12
347	70	12
348	70	12
358	66	12
346	71	12
359	67	14
360	68	14
361	68	14
358	66	14
362	67	14
401	68	8
402	67	8
403	68	7
402	67	7
413	67	5
413	68	5
379	66	11
366	67	11
367	67	11
368	67	11
375	67	11
377	67	11
378	67	11
380	67	11
381	67	11
382	67	11
383	67	11
384	67	11
385	67	11
387	67	11
364	68	11
365	68	11
369	68	11
370	68	11
371	68	11
372	68	11
373	68	11
374	68	11
376	68	11
386	68	11
388	68	11
389	68	11
390	69	11
391	69	11
363	67	11
397	68	7
397	69	7
405	70	6
406	71	6
407	71	6
408	72	6
311	69	17
312	69	17
310	70	17
308	71	17
309	71	17
307	72	17
313	68	17
306	73	17
333	70	15
324	71	15
325	71	15
326	71	15
327	71	15
329	71	15
330	71	15
331	71	15
332	71	15
334	71	15
335	71	15
336	71	15
337	71	15
338	71	15
339	71	15
322	72	15
323	72	15
328	72	15
340	72	15
341	72	15
342	72	15
343	72	15
344	72	15
345	72	15
321	73	15
346	71	15
320	74	15
314	69	17
315	70	17
316	71	17
317	72	17
318	72	17
319	73	17
313	68	17
320	74	17
409	71	6
410	71	6
411	72	6
413	72	6
412	73	6
414	73	6
408	72	6
140	62	27
141	62	27
138	63	27
139	63	27
136	64	27
137	64	27
134	65	27
135	65	27
132	66	27
133	66	27
130	67	27
131	67	27
128	68	27
129	68	27
127	69	27
126	70	27
126	71	27
126	72	27
126	73	27
126	74	27
142	61	27
126	75	27
347	72	9
348	73	9
353	73	9
349	74	9
350	74	9
351	74	9
352	74	9
346	71	9
228	74	28
230	74	28
232	74	28
233	74	28
234	74	28
235	74	28
236	74	28
237	74	28
227	75	28
229	75	28
231	75	28
238	75	28
239	75	28
225	76	28
226	76	28
223	77	28
224	77	28
240	76	28
222	78	28
241	75	28
243	75	28
244	75	28
245	75	28
246	75	28
247	75	28
248	75	28
249	75	28
242	76	28
240	76	28
250	76	28
292	74	24
294	74	24
296	74	24
298	74	24
299	74	24
301	74	24
302	74	24
304	74	24
285	75	24
287	75	24
289	75	24
291	75	24
293	75	24
295	75	24
297	75	24
300	75	24
303	75	24
286	76	24
288	76	24
290	76	24
305	74	24
284	76	24
398	74	5
398	75	5
408	73	6
408	74	6
408	75	6
408	72	6
256	72	27
257	72	27
258	72	27
259	72	27
260	72	27
254	73	27
255	73	27
261	73	27
262	73	27
263	73	27
252	74	27
253	74	27
264	74	27
265	74	27
251	75	27
266	75	27
267	76	27
268	76	27
250	76	27
269	77	27
283	75	25
270	76	25
272	76	25
274	76	25
275	76	25
277	76	25
278	76	25
279	76	25
280	76	25
281	76	25
282	76	25
271	77	25
273	77	25
276	77	25
284	76	25
269	77	25
198	75	29
206	75	29
208	75	29
128	76	29
129	76	29
130	76	29
131	76	29
132	76	29
133	76	29
134	76	29
135	76	29
136	76	29
137	76	29
138	76	29
139	76	29
140	76	29
141	76	29
142	76	29
143	76	29
144	76	29
145	76	29
146	76	29
147	76	29
148	76	29
149	76	29
150	76	29
151	76	29
152	76	29
153	76	29
154	76	29
155	76	29
156	76	29
157	76	29
158	76	29
159	76	29
160	76	29
161	76	29
162	76	29
163	76	29
164	76	29
165	76	29
166	76	29
167	76	29
168	76	29
169	76	29
170	76	29
171	76	29
172	76	29
173	76	29
174	76	29
175	76	29
176	76	29
177	76	29
178	76	29
179	76	29
180	76	29
181	76	29
182	76	29
183	76	29
184	76	29
185	76	29
186	76	29
187	76	29
188	76	29
189	76	29
190	76	29
191	76	29
192	76	29
193	76	29
194	76	29
195	76	29
196	76	29
197	76	29
199	76	29
200	76	29
201	76	29
202	76	29
203	76	29
204	76	29
205	76	29
207	76	29
209	76	29
210	76	29
211	76	29
212	76	29
213	76	29
214	76	29
215	76	29
216	77	29
217	77	29
218	77	29
127	76	29
219	78	29
220	77	28
219	78	28
221	78	28
319	75	16
318	76	16
318	77	16
320	74	16
318	78	16
307	75	17
308	76	17
309	76	17
310	77	17
311	78	17
312	78	17
313	79	17
314	79	17
315	79	17
316	79	17
317	79	17
306	74	17
318	78	17
284	77	23
284	78	23
284	79	23
284	80	23
284	76	23
240	77	28
240	78	28
238	79	28
239	79	28
237	80	28
236	81	28
233	82	28
234	82	28
235	82	28
232	83	28
230	84	28
231	84	28
228	85	28
229	85	28
226	86	28
227	86	28
225	87	28
240	76	28
224	87	28
250	77	28
251	78	28
252	78	28
267	78	28
268	78	28
253	79	28
265	79	28
266	79	28
254	80	28
263	80	28
264	80	28
255	81	28
256	81	28
258	81	28
260	81	28
262	81	28
257	82	28
259	82	28
261	82	28
250	76	28
269	77	28
336	82	10
336	83	10
319	79	15
319	80	15
319	81	15
319	82	15
320	83	15
321	84	15
318	78	15
335	84	7
336	83	7
337	84	8
336	83	8
222	80	27
222	81	27
222	82	27
223	83	27
223	84	27
223	85	27
222	79	27
223	86	27
124	77	27
125	77	27
122	78	27
123	78	27
120	79	27
121	79	27
118	80	27
119	80	27
116	81	27
117	81	27
114	82	27
115	82	27
113	83	27
112	84	27
112	85	27
112	86	27
112	87	27
112	88	27
126	76	27
112	89	27
219	79	27
219	80	27
219	81	27
219	82	27
219	83	27
219	84	27
219	85	27
219	86	27
219	87	27
219	88	27
219	78	27
219	89	27
222	88	28
221	89	28
223	87	28
220	90	28
114	90	29
115	90	29
116	90	29
117	90	29
118	90	29
119	90	29
120	90	29
121	90	29
122	90	29
123	90	29
124	90	29
125	90	29
126	90	29
127	90	29
128	90	29
129	90	29
130	90	29
131	90	29
132	90	29
133	90	29
134	90	29
135	90	29
136	90	29
137	90	29
138	90	29
139	90	29
140	90	29
141	90	29
142	90	29
143	90	29
144	90	29
145	90	29
146	90	29
147	90	29
148	90	29
149	90	29
150	90	29
151	90	29
152	90	29
153	90	29
154	90	29
155	90	29
156	90	29
157	90	29
158	90	29
159	90	29
160	90	29
161	90	29
162	90	29
163	90	29
164	90	29
165	90	29
166	90	29
167	90	29
168	90	29
169	90	29
170	90	29
171	90	29
172	90	29
173	90	29
174	90	29
175	90	29
176	90	29
177	90	29
178	90	29
179	90	29
180	90	29
181	90	29
182	90	29
183	90	29
184	90	29
185	90	29
186	90	29
187	90	29
188	90	29
189	90	29
190	90	29
191	90	29
192	90	29
193	90	29
194	90	29
195	90	29
196	90	29
197	90	29
199	90	29
201	90	29
203	90	29
205	90	29
207	90	29
209	90	29
211	90	29
213	90	29
214	90	29
216	90	29
198	91	29
200	91	29
202	91	29
204	91	29
206	91	29
208	91	29
210	91	29
212	91	29
215	91	29
217	91	29
113	90	29
218	90	29
246	89	28
245	90	28
244	91	28
244	92	28
243	93	28
2	2	29
3	3	29
4	4	29
5	5	29
6	6	29
7	7	29
8	8	29
9	9	29
10	10	29
11	11	29
12	12	29
13	13	29
14	14	29
15	15	29
16	16	29
17	17	29
18	18	29
19	19	29
20	20	29
21	21	29
22	22	29
23	23	29
24	24	29
25	25	29
26	26	29
27	27	29
28	28	29
29	29	29
30	30	29
31	31	29
32	32	29
33	33	29
34	34	29
35	35	29
36	36	29
37	37	29
38	38	29
39	39	29
40	40	29
41	41	29
42	42	29
43	43	29
44	44	29
45	45	29
46	46	29
47	47	29
48	48	29
49	49	29
50	50	29
51	51	29
52	52	29
53	53	29
54	54	29
55	55	29
56	56	29
57	57	29
58	58	29
59	59	29
60	60	29
61	61	29
62	62	29
63	63	29
64	64	29
65	65	29
66	66	29
67	67	29
68	68	29
69	69	29
70	70	29
71	71	29
72	72	29
73	73	29
74	74	29
75	75	29
76	76	29
77	77	29
78	78	29
79	79	29
80	80	29
81	81	29
82	82	29
83	83	29
84	84	29
85	85	29
86	86	29
87	87	29
88	88	29
89	89	29
90	90	29
91	91	29
92	92	29
93	93	29
94	94	29
95	95	29
96	96	29
97	97	29
98	98	29
110	91	27
111	91	27
108	92	27
109	92	27
106	93	27
107	93	27
104	94	27
105	94	27
102	95	27
103	95	27
100	96	27
101	96	27
99	97	27
112	90	27
98	98	27
219	92	28
220	93	28
221	93	28
222	94	28
223	95	28
224	95	28
225	96	28
226	97	28
228	97	28
230	97	28
227	98	28
229	98	28
231	98	28
232	98	28
233	98	28
219	91	28
234	99	28
241	94	28
242	94	28
239	95	28
240	95	28
238	96	28
237	97	28
236	98	28
243	93	28
235	99	28
244	94	28
245	94	28
246	95	28
246	96	28
247	97	28
248	98	28
243	93	28
235	101	28
235	102	28
235	103	28
235	100	28
235	104	28
99	99	29
99	100	29
100	101	29
100	102	29
101	103	29
101	104	29
98	98	29
102	105	29
199	104	29
203	104	29
205	104	29
103	105	29
104	105	29
105	105	29
106	105	29
107	105	29
108	105	29
109	105	29
110	105	29
111	105	29
112	105	29
113	105	29
114	105	29
115	105	29
116	105	29
117	105	29
118	105	29
119	105	29
120	105	29
121	105	29
122	105	29
123	105	29
124	105	29
125	105	29
126	105	29
127	105	29
128	105	29
129	105	29
130	105	29
131	105	29
132	105	29
133	105	29
134	105	29
135	105	29
136	105	29
137	105	29
138	105	29
139	105	29
140	105	29
141	105	29
142	105	29
143	105	29
144	105	29
145	105	29
146	105	29
147	105	29
148	105	29
149	105	29
150	105	29
151	105	29
152	105	29
153	105	29
154	105	29
155	105	29
156	105	29
157	105	29
158	105	29
159	105	29
160	105	29
161	105	29
162	105	29
163	105	29
164	105	29
165	105	29
166	105	29
167	105	29
168	105	29
169	105	29
170	105	29
171	105	29
172	105	29
173	105	29
174	105	29
175	105	29
176	105	29
177	105	29
178	105	29
179	105	29
180	105	29
181	105	29
182	105	29
183	105	29
184	105	29
185	105	29
186	105	29
187	105	29
188	105	29
189	105	29
190	105	29
191	105	29
192	105	29
193	105	29
194	105	29
195	105	29
196	105	29
197	105	29
198	105	29
200	105	29
201	105	29
202	105	29
204	105	29
206	105	29
207	105	29
208	105	29
209	105	29
210	105	29
211	105	29
212	105	29
214	105	29
216	105	29
218	105	29
220	105	29
222	105	29
234	105	29
213	106	29
215	106	29
217	106	29
219	106	29
221	106	29
223	106	29
224	106	29
225	106	29
226	106	29
227	106	29
229	106	29
231	106	29
232	106	29
233	106	29
228	107	29
230	107	29
235	104	29
102	105	29
363	104	6
363	105	6
361	106	6
362	106	6
369	105	6
370	106	6
371	106	6
348	103	11
348	104	11
347	105	11
347	106	11
346	107	11
346	108	11
346	109	11
346	110	11
236	105	29
275	105	29
277	105	29
279	105	29
237	106	29
238	106	29
265	106	29
269	106	29
270	106	29
271	106	29
272	106	29
273	106	29
274	106	29
276	106	29
278	106	29
280	106	29
281	106	29
282	106	29
284	106	29
239	107	29
240	107	29
260	107	29
262	107	29
263	107	29
264	107	29
266	107	29
267	107	29
268	107	29
283	107	29
285	107	29
287	107	29
241	108	29
242	108	29
257	108	29
259	108	29
261	108	29
286	108	29
288	108	29
289	108	29
290	108	29
292	108	29
294	108	29
243	109	29
244	109	29
245	109	29
246	109	29
247	109	29
248	109	29
249	109	29
250	109	29
252	109	29
253	109	29
254	109	29
255	109	29
256	109	29
258	109	29
291	109	29
293	109	29
295	109	29
296	109	29
251	110	29
297	110	29
298	110	29
299	111	29
235	104	29
300	112	29
339	111	11
340	111	11
341	111	11
342	111	11
343	111	11
337	112	11
338	112	11
336	113	11
334	114	11
335	114	11
344	112	11
333	115	11
352	110	10
353	110	10
354	110	10
349	111	10
350	111	10
351	111	10
355	111	10
348	112	10
356	112	10
302	110	20
305	110	20
306	110	20
307	110	20
308	110	20
309	110	20
311	110	20
301	111	20
303	111	20
304	111	20
310	111	20
312	111	20
313	111	20
314	111	20
315	112	20
300	112	20
316	113	20
371	112	5
371	113	5
318	111	16
317	112	16
319	112	16
321	112	16
323	112	16
320	113	16
322	113	16
324	113	16
325	113	16
326	113	16
327	113	16
329	113	16
328	114	16
330	114	16
331	114	16
316	113	16
332	115	16
358	113	7
359	114	7
357	113	7
360	115	7
315	114	11
312	115	11
313	115	11
314	115	11
311	116	11
310	117	11
310	118	11
310	119	11
316	113	11
311	120	11
349	113	10
350	113	10
351	114	10
352	114	10
354	114	10
355	114	10
353	115	10
348	112	10
356	113	10
362	113	6
363	113	6
364	113	6
365	113	6
361	114	6
366	114	6
367	115	6
360	115	6
368	116	6
370	114	6
369	115	6
371	113	6
368	116	6
372	114	5
373	115	5
374	115	5
371	113	5
375	116	5
377	114	5
376	115	5
375	116	5
261	114	28
260	115	28
260	116	28
260	117	28
260	118	28
376	117	5
375	116	5
280	116	22
282	116	22
284	116	22
279	117	22
281	117	22
283	117	22
285	117	22
286	117	22
288	117	22
277	118	22
278	118	22
287	118	22
289	118	22
290	118	22
276	119	22
291	119	22
275	120	22
345	114	10
345	115	10
345	116	10
345	117	10
345	118	10
345	113	10
101	106	29
101	107	29
100	108	29
100	109	29
99	110	29
99	111	29
98	112	29
98	113	29
98	114	29
99	115	29
99	116	29
100	117	29
100	118	29
101	119	29
102	105	29
102	120	29
235	117	28
237	117	28
228	118	28
230	118	28
232	118	28
233	118	28
234	118	28
236	118	28
238	118	28
239	118	28
240	118	28
241	118	28
242	118	28
243	118	28
245	118	28
255	118	28
257	118	28
258	118	28
226	119	28
227	119	28
229	119	28
231	119	28
244	119	28
246	119	28
247	119	28
248	119	28
249	119	28
250	119	28
251	119	28
252	119	28
253	119	28
254	119	28
256	119	28
259	119	28
225	120	28
224	121	28
260	118	28
223	122	28
299	113	18
298	114	18
297	115	18
296	116	18
295	117	18
294	118	18
293	119	18
300	112	18
292	119	18
360	116	7
361	117	7
362	118	7
363	119	7
363	120	7
360	115	7
204	118	29
198	119	29
201	119	29
203	119	29
205	119	29
206	119	29
207	119	29
208	119	29
209	119	29
210	119	29
211	119	29
212	119	29
213	119	29
215	119	29
103	120	29
104	120	29
105	120	29
106	120	29
107	120	29
108	120	29
109	120	29
110	120	29
111	120	29
112	120	29
113	120	29
114	120	29
115	120	29
116	120	29
117	120	29
118	120	29
119	120	29
120	120	29
121	120	29
122	120	29
123	120	29
124	120	29
125	120	29
126	120	29
127	120	29
128	120	29
129	120	29
130	120	29
131	120	29
132	120	29
133	120	29
134	120	29
135	120	29
136	120	29
137	120	29
138	120	29
139	120	29
140	120	29
141	120	29
142	120	29
143	120	29
144	120	29
145	120	29
146	120	29
147	120	29
148	120	29
149	120	29
150	120	29
151	120	29
152	120	29
153	120	29
154	120	29
155	120	29
156	120	29
157	120	29
158	120	29
159	120	29
160	120	29
161	120	29
162	120	29
163	120	29
164	120	29
165	120	29
166	120	29
167	120	29
168	120	29
169	120	29
170	120	29
171	120	29
172	120	29
173	120	29
174	120	29
175	120	29
176	120	29
177	120	29
178	120	29
179	120	29
180	120	29
181	120	29
182	120	29
183	120	29
184	120	29
185	120	29
186	120	29
187	120	29
188	120	29
189	120	29
190	120	29
191	120	29
192	120	29
193	120	29
194	120	29
195	120	29
196	120	29
197	120	29
199	120	29
200	120	29
202	120	29
214	120	29
216	120	29
217	120	29
218	120	29
219	120	29
220	120	29
221	120	29
222	121	29
102	120	29
223	122	29
261	119	28
262	119	28
263	120	28
264	120	28
265	121	28
266	121	28
267	121	28
270	121	28
272	121	28
273	121	28
274	121	28
268	122	28
269	122	28
271	122	28
260	118	28
275	120	28
314	120	10
312	121	10
313	121	10
315	121	10
311	120	10
368	117	5
368	118	5
368	119	5
370	119	5
369	120	5
371	120	5
372	121	5
368	116	5
290	121	19
289	122	19
291	120	19
358	122	8
358	123	8
276	121	25
277	122	25
278	122	25
279	122	25
281	122	25
280	123	25
275	120	25
349	122	9
350	122	9
351	122	9
352	123	9
353	124	9
354	125	9
356	123	7
355	124	7
357	124	7
358	123	7
354	125	7
360	123	7
359	124	7
358	123	7
292	121	17
310	121	17
292	122	17
308	122	17
309	122	17
293	123	17
306	123	17
307	123	17
294	124	17
295	124	17
305	124	17
296	125	17
297	125	17
298	125	17
299	125	17
300	125	17
301	125	17
303	125	17
304	125	17
302	126	17
291	120	17
311	120	17
333	117	11
333	118	11
334	119	11
334	120	11
335	121	11
335	122	11
336	123	11
336	124	11
337	125	11
338	126	11
333	116	11
339	127	11
340	126	8
339	127	8
223	123	27
223	124	27
224	125	27
224	126	27
225	127	27
226	128	27
227	128	27
228	129	27
229	130	27
228	131	27
223	122	27
101	121	29
100	122	29
100	123	29
99	124	29
99	125	29
98	126	29
99	127	29
98	128	29
99	129	29
99	130	29
100	131	29
100	132	29
101	133	29
102	120	29
102	134	29
247	133	27
249	133	27
251	133	27
253	133	27
255	133	27
256	133	27
257	133	27
258	133	27
259	133	27
242	134	27
244	134	27
245	134	27
246	134	27
248	134	27
250	134	27
252	134	27
254	134	27
260	134	27
261	134	27
240	135	27
241	135	27
243	135	27
237	136	27
238	136	27
239	136	27
235	137	27
236	137	27
262	135	27
234	138	27
340	128	7
341	129	7
341	130	7
342	131	7
343	131	7
344	132	7
344	133	7
344	134	7
339	127	7
355	126	7
355	127	7
356	128	7
357	129	7
358	129	7
359	130	7
360	131	7
361	131	7
362	132	7
363	133	7
364	133	7
365	134	7
354	125	7
198	133	29
200	133	29
202	133	29
204	133	29
206	133	29
208	133	29
209	133	29
211	133	29
213	133	29
103	134	29
104	134	29
105	134	29
106	134	29
107	134	29
108	134	29
109	134	29
110	134	29
111	134	29
112	134	29
113	134	29
114	134	29
115	134	29
116	134	29
117	134	29
118	134	29
119	134	29
120	134	29
121	134	29
122	134	29
123	134	29
124	134	29
125	134	29
126	134	29
127	134	29
128	134	29
129	134	29
130	134	29
131	134	29
132	134	29
133	134	29
134	134	29
135	134	29
136	134	29
137	134	29
138	134	29
139	134	29
140	134	29
141	134	29
142	134	29
143	134	29
144	134	29
145	134	29
146	134	29
147	134	29
148	134	29
149	134	29
150	134	29
151	134	29
152	134	29
153	134	29
154	134	29
155	134	29
156	134	29
157	134	29
158	134	29
159	134	29
160	134	29
161	134	29
162	134	29
163	134	29
164	134	29
165	134	29
166	134	29
167	134	29
168	134	29
169	134	29
170	134	29
171	134	29
172	134	29
173	134	29
174	134	29
175	134	29
176	134	29
177	134	29
178	134	29
179	134	29
180	134	29
181	134	29
182	134	29
183	134	29
184	134	29
185	134	29
186	134	29
187	134	29
188	134	29
189	134	29
190	134	29
191	134	29
192	134	29
193	134	29
194	134	29
195	134	29
196	134	29
197	134	29
199	134	29
201	134	29
203	134	29
205	134	29
207	134	29
210	134	29
212	134	29
214	134	29
215	134	29
216	134	29
217	134	29
218	134	29
220	134	29
222	134	29
219	135	29
221	135	29
223	135	29
224	135	29
225	135	29
226	136	29
227	136	29
228	137	29
229	137	29
230	137	29
232	137	29
233	137	29
231	138	29
102	134	29
234	138	29
304	138	17
295	139	17
297	139	17
299	139	17
300	139	17
301	139	17
302	139	17
303	139	17
305	139	17
290	140	17
291	140	17
292	140	17
293	140	17
294	140	17
296	140	17
298	140	17
284	141	17
285	141	17
286	141	17
287	141	17
288	141	17
289	141	17
283	142	17
282	143	17
234	139	26
234	140	26
234	138	26
264	134	26
266	134	26
265	135	26
267	135	26
268	135	26
269	135	26
270	136	26
272	136	26
271	137	26
273	137	26
274	137	26
275	138	26
276	139	26
277	139	26
278	139	26
279	140	26
280	141	26
281	142	26
263	135	26
282	143	26
101	135	29
100	136	29
100	137	29
99	138	29
99	139	29
98	140	29
99	141	29
98	142	29
99	143	29
99	144	29
100	145	29
100	146	29
101	147	29
101	148	29
102	134	29
102	149	29
262	137	27
261	138	27
259	139	27
260	139	27
258	140	27
256	141	27
257	141	27
255	142	27
254	143	27
253	144	27
252	145	27
251	146	27
250	147	27
249	148	27
262	136	27
248	149	27
264	146	23
263	147	23
263	148	23
263	149	23
208	147	29
198	148	29
199	148	29
201	148	29
202	148	29
203	148	29
204	148	29
205	148	29
206	148	29
207	148	29
209	148	29
210	148	29
103	149	29
104	149	29
105	149	29
106	149	29
107	149	29
108	149	29
109	149	29
110	149	29
111	149	29
112	149	29
113	149	29
114	149	29
115	149	29
116	149	29
117	149	29
118	149	29
119	149	29
120	149	29
121	149	29
122	149	29
123	149	29
124	149	29
125	149	29
126	149	29
127	149	29
128	149	29
129	149	29
130	149	29
131	149	29
132	149	29
133	149	29
134	149	29
135	149	29
136	149	29
137	149	29
138	149	29
139	149	29
140	149	29
141	149	29
142	149	29
143	149	29
144	149	29
145	149	29
146	149	29
147	149	29
148	149	29
149	149	29
150	149	29
151	149	29
152	149	29
153	149	29
154	149	29
155	149	29
156	149	29
157	149	29
158	149	29
159	149	29
160	149	29
161	149	29
162	149	29
163	149	29
164	149	29
165	149	29
166	149	29
167	149	29
168	149	29
169	149	29
170	149	29
171	149	29
172	149	29
173	149	29
174	149	29
175	149	29
176	149	29
177	149	29
178	149	29
179	149	29
180	149	29
181	149	29
182	149	29
183	149	29
184	149	29
185	149	29
186	149	29
187	149	29
188	149	29
189	149	29
190	149	29
191	149	29
192	149	29
193	149	29
194	149	29
195	149	29
196	149	29
197	149	29
200	149	29
211	149	29
212	149	29
102	149	29
213	150	29
297	147	16
292	148	16
294	148	16
295	148	16
296	148	16
298	148	16
299	148	16
300	148	16
301	148	16
291	149	16
293	149	16
302	149	16
303	149	16
304	149	16
310	149	16
311	149	16
312	149	16
290	150	16
305	150	16
306	150	16
307	150	16
308	150	16
309	150	16
289	151	16
245	149	27
240	150	27
242	150	27
243	150	27
244	150	27
246	150	27
247	150	27
239	151	27
241	151	27
237	152	27
238	152	27
248	149	27
236	153	27
324	150	12
325	151	12
326	150	7
325	151	7
216	148	27
218	148	27
219	148	27
220	148	27
221	148	27
214	149	27
215	149	27
217	149	27
222	149	27
223	149	27
224	149	27
225	150	27
226	150	27
228	150	27
227	151	27
229	151	27
231	151	27
230	152	27
232	152	27
233	152	27
234	152	27
235	152	27
213	150	27
236	153	27
264	151	25
265	152	25
263	150	25
266	153	25
270	148	25
270	149	25
270	150	25
269	151	25
268	152	25
267	153	25
282	144	16
282	145	16
281	146	16
281	147	16
282	148	16
283	149	16
284	150	16
285	151	16
286	151	16
287	152	16
282	143	16
288	151	16
324	152	7
325	151	7
249	150	27
250	151	27
251	152	27
252	153	27
248	149	27
253	154	27
260	151	27
261	151	27
258	152	27
259	152	27
256	153	27
257	153	27
255	154	27
262	150	27
254	154	27
267	155	21
266	154	21
289	153	16
289	154	16
290	155	16
289	152	16
264	155	25
263	156	25
265	154	25
236	154	26
236	155	26
237	156	26
237	157	26
237	158	26
238	159	26
236	153	26
101	150	29
101	151	29
100	152	29
100	153	29
99	154	29
100	155	29
99	156	29
100	157	29
100	158	29
101	159	29
101	160	29
102	161	29
102	149	29
103	162	29
213	151	26
213	152	26
213	153	26
212	154	26
211	155	26
211	156	26
210	157	26
209	158	26
209	159	26
208	160	26
208	161	26
213	150	26
208	162	26
253	156	27
254	157	27
255	158	27
256	159	27
257	160	27
258	161	27
259	162	27
253	155	27
104	162	29
105	162	29
106	162	29
107	162	29
108	162	29
109	162	29
110	162	29
111	162	29
112	162	29
113	162	29
114	162	29
115	162	29
116	162	29
117	162	29
118	162	29
119	162	29
120	162	29
121	162	29
122	162	29
123	162	29
124	162	29
125	162	29
126	162	29
127	162	29
128	162	29
129	162	29
130	162	29
131	162	29
132	162	29
133	162	29
134	162	29
135	162	29
136	162	29
137	162	29
138	162	29
139	162	29
140	162	29
141	162	29
142	162	29
143	162	29
144	162	29
145	162	29
146	162	29
147	162	29
148	162	29
149	162	29
150	162	29
151	162	29
152	162	29
153	162	29
154	162	29
155	162	29
156	162	29
157	162	29
158	162	29
159	162	29
160	162	29
161	162	29
162	162	29
163	162	29
164	162	29
165	162	29
166	162	29
167	162	29
168	162	29
169	162	29
170	162	29
171	162	29
172	162	29
173	162	29
174	162	29
175	162	29
176	162	29
177	162	29
178	162	29
179	162	29
180	162	29
181	162	29
182	162	29
183	162	29
184	162	29
185	162	29
186	162	29
187	162	29
188	162	29
189	162	29
190	162	29
191	162	29
192	162	29
193	162	29
194	162	29
195	162	29
196	162	29
197	162	29
198	162	29
201	162	29
204	162	29
199	163	29
200	163	29
202	163	29
203	163	29
205	163	29
206	163	29
103	162	29
207	163	29
229	165	23
230	166	23
231	165	24
230	166	24
290	169	18
291	169	18
292	169	18
285	170	18
287	170	18
288	170	18
289	170	18
282	171	18
283	171	18
284	171	18
286	171	18
281	172	18
280	173	18
279	174	18
278	175	18
277	176	18
303	168	17
303	169	17
303	170	17
342	170	6
342	171	6
341	172	6
340	173	8
341	172	8
342	173	9
341	172	9
209	164	26
209	165	26
210	166	26
211	167	26
211	168	26
212	169	26
213	170	26
214	171	26
215	172	26
216	173	26
217	174	26
208	163	26
217	175	26
230	167	25
229	168	25
230	169	25
229	170	25
229	171	25
228	172	25
228	173	25
228	174	25
228	175	25
230	166	25
228	176	25
276	175	17
277	176	17
335	174	9
330	175	9
332	175	9
333	175	9
334	175	9
336	175	9
327	176	9
328	176	9
329	176	9
331	176	9
324	177	9
325	177	9
326	177	9
321	178	9
323	178	9
320	179	9
322	179	9
319	180	9
318	181	9
317	182	9
316	183	9
315	184	9
314	185	9
314	186	9
314	187	9
314	188	9
314	189	9
314	190	9
314	191	9
102	163	29
101	164	29
101	165	29
100	166	29
100	167	29
99	168	29
99	169	29
99	170	29
99	171	29
99	172	29
100	173	29
100	174	29
101	175	29
101	176	29
103	162	29
102	177	29
218	176	26
219	177	26
220	177	26
221	177	26
222	177	26
223	177	26
225	177	26
226	177	26
227	177	26
224	178	26
217	175	26
228	176	26
277	177	18
277	178	18
277	176	18
277	179	18
216	176	29
103	177	29
104	177	29
105	177	29
106	177	29
107	177	29
108	177	29
109	177	29
110	177	29
111	177	29
112	177	29
113	177	29
114	177	29
115	177	29
116	177	29
117	177	29
118	177	29
119	177	29
120	177	29
121	177	29
122	177	29
123	177	29
124	177	29
125	177	29
126	177	29
127	177	29
128	177	29
129	177	29
130	177	29
131	177	29
132	177	29
133	177	29
134	177	29
135	177	29
136	177	29
137	177	29
138	177	29
139	177	29
140	177	29
141	177	29
142	177	29
143	177	29
144	177	29
145	177	29
146	177	29
147	177	29
148	177	29
149	177	29
150	177	29
151	177	29
152	177	29
153	177	29
154	177	29
155	177	29
156	177	29
157	177	29
158	177	29
159	177	29
160	177	29
161	177	29
162	177	29
163	177	29
164	177	29
165	177	29
166	177	29
167	177	29
168	177	29
169	177	29
170	177	29
171	177	29
172	177	29
173	177	29
174	177	29
175	177	29
176	177	29
177	177	29
178	177	29
179	177	29
180	177	29
181	177	29
182	177	29
183	177	29
184	177	29
185	177	29
186	177	29
187	177	29
188	177	29
189	177	29
190	177	29
191	177	29
192	177	29
193	177	29
194	177	29
195	177	29
196	177	29
197	177	29
214	177	29
215	177	29
198	178	29
199	178	29
200	178	29
201	178	29
202	178	29
203	178	29
204	178	29
206	178	29
208	178	29
210	178	29
212	178	29
213	178	29
205	179	29
207	179	29
209	179	29
211	179	29
217	175	29
102	177	29
229	177	26
230	178	26
231	179	26
232	180	26
233	181	26
234	182	26
228	176	26
235	183	26
276	180	21
274	181	21
275	181	21
272	182	21
273	182	21
269	183	21
270	183	21
271	183	21
267	184	21
268	184	21
266	185	21
265	186	21
277	179	21
264	186	21
354	182	6
354	183	6
237	182	26
238	182	26
239	182	26
240	182	26
241	182	26
242	182	26
244	182	26
243	183	26
245	183	26
246	183	26
247	183	26
248	183	26
249	184	26
236	183	26
250	185	26
336	177	7
335	178	7
335	179	7
332	180	7
334	180	7
330	181	7
331	181	7
333	181	7
329	182	7
327	183	7
328	183	7
326	184	7
326	185	7
255	181	26
256	181	26
258	181	26
253	182	26
254	182	26
257	182	26
259	182	26
252	183	26
260	183	26
251	184	26
261	184	26
262	184	26
263	185	26
250	185	26
264	186	26
235	185	26
235	186	26
235	187	26
235	188	26
235	184	26
234	189	26
250	186	26
251	187	26
251	188	26
251	189	26
251	190	26
250	185	26
251	191	26
328	187	8
329	187	8
330	188	8
331	189	8
332	189	8
333	190	8
327	186	8
101	178	29
101	179	29
100	180	29
100	181	29
99	182	29
99	183	29
98	184	29
99	185	29
98	186	29
99	187	29
99	188	29
100	189	29
100	190	29
101	191	29
101	192	29
102	177	29
102	193	29
216	190	27
218	190	27
220	190	27
233	190	27
214	191	27
215	191	27
217	191	27
219	191	27
221	191	27
222	191	27
223	191	27
225	191	27
231	191	27
232	191	27
212	192	27
213	192	27
224	192	27
226	192	27
227	192	27
228	192	27
229	192	27
230	192	27
211	193	27
210	194	27
234	189	27
209	195	27
316	192	11
317	192	11
318	192	11
319	192	11
315	192	11
320	193	11
325	187	10
324	188	10
323	189	10
322	190	10
321	191	10
321	192	10
326	186	10
320	193	10
235	190	27
236	191	27
237	191	27
238	192	27
239	192	27
246	192	27
247	192	27
249	192	27
250	192	27
240	193	27
241	193	27
242	193	27
243	193	27
244	193	27
245	193	27
248	193	27
234	189	27
251	191	27
263	187	27
262	188	27
261	189	27
259	190	27
260	190	27
258	191	27
252	192	27
256	192	27
257	192	27
253	193	27
254	193	27
255	193	27
264	186	27
251	191	27
198	192	29
199	192	29
201	192	29
203	192	29
103	193	29
104	193	29
105	193	29
106	193	29
107	193	29
108	193	29
109	193	29
110	193	29
111	193	29
112	193	29
113	193	29
114	193	29
115	193	29
116	193	29
117	193	29
118	193	29
119	193	29
120	193	29
121	193	29
122	193	29
123	193	29
124	193	29
125	193	29
126	193	29
127	193	29
128	193	29
129	193	29
130	193	29
131	193	29
132	193	29
133	193	29
134	193	29
135	193	29
136	193	29
137	193	29
138	193	29
139	193	29
140	193	29
141	193	29
142	193	29
143	193	29
144	193	29
145	193	29
146	193	29
147	193	29
148	193	29
149	193	29
150	193	29
151	193	29
152	193	29
153	193	29
154	193	29
155	193	29
156	193	29
157	193	29
158	193	29
159	193	29
160	193	29
161	193	29
162	193	29
163	193	29
164	193	29
165	193	29
166	193	29
167	193	29
168	193	29
169	193	29
170	193	29
171	193	29
172	193	29
173	193	29
174	193	29
175	193	29
176	193	29
177	193	29
178	193	29
179	193	29
180	193	29
181	193	29
182	193	29
183	193	29
184	193	29
185	193	29
186	193	29
187	193	29
188	193	29
189	193	29
190	193	29
191	193	29
192	193	29
193	193	29
194	193	29
195	193	29
196	193	29
197	193	29
200	193	29
202	193	29
204	193	29
205	193	29
206	193	29
207	193	29
208	194	29
102	193	29
209	195	29
278	180	20
279	181	20
280	182	20
281	182	20
282	183	20
283	183	20
284	184	20
286	184	20
285	185	20
287	185	20
288	186	20
289	186	20
290	186	20
291	186	20
294	186	20
292	187	20
293	187	20
295	187	20
296	187	20
297	188	20
298	189	20
299	190	20
300	190	20
301	190	20
302	191	20
303	192	20
304	193	20
305	193	20
306	194	20
307	194	20
308	194	20
309	194	20
277	179	20
310	195	20
313	193	16
312	194	16
314	192	16
311	195	16
321	194	10
320	193	10
322	195	10
274	194	16
275	195	16
276	196	16
281	191	17
280	192	17
279	193	17
278	194	17
278	195	17
277	196	17
324	195	10
325	195	10
326	195	10
327	195	10
323	195	10
276	198	18
276	199	18
277	197	18
275	200	18
311	197	15
312	198	15
313	199	15
311	196	15
322	197	8
322	198	8
323	199	8
324	199	8
325	200	8
322	196	8
209	196	26
209	197	26
209	198	26
210	199	26
210	200	26
211	201	26
209	195	26
211	202	26
256	201	26
255	202	26
254	203	26
210	203	26
211	202	26
211	204	26
212	203	26
211	202	26
211	204	26
236	203	27
238	203	27
239	203	27
240	203	27
241	203	27
242	203	27
243	203	27
244	203	27
245	203	27
246	203	27
247	203	27
248	203	27
250	203	27
228	204	27
230	204	27
231	204	27
232	204	27
233	204	27
234	204	27
235	204	27
237	204	27
249	204	27
251	204	27
252	204	27
225	205	27
227	205	27
229	205	27
223	206	27
224	206	27
226	206	27
220	207	27
221	207	27
222	207	27
211	208	27
212	208	27
216	208	27
218	208	27
219	208	27
213	209	27
214	209	27
215	209	27
217	209	27
253	204	27
210	207	27
101	194	29
101	195	29
100	196	29
100	197	29
99	198	29
99	199	29
98	200	29
99	201	29
99	202	29
100	203	29
100	204	29
101	205	29
101	206	29
102	193	29
102	207	29
210	205	26
210	206	26
211	204	26
210	207	26
276	202	20
277	203	20
278	204	20
279	205	20
280	206	20
275	201	20
350	205	5
352	205	5
351	206	5
199	206	29
201	206	29
203	206	29
205	206	29
103	207	29
104	207	29
105	207	29
106	207	29
107	207	29
108	207	29
109	207	29
110	207	29
111	207	29
112	207	29
113	207	29
114	207	29
115	207	29
116	207	29
117	207	29
118	207	29
119	207	29
120	207	29
121	207	29
122	207	29
123	207	29
124	207	29
125	207	29
126	207	29
127	207	29
128	207	29
129	207	29
130	207	29
131	207	29
132	207	29
133	207	29
134	207	29
135	207	29
136	207	29
137	207	29
138	207	29
139	207	29
140	207	29
141	207	29
142	207	29
143	207	29
144	207	29
145	207	29
146	207	29
147	207	29
148	207	29
149	207	29
150	207	29
151	207	29
152	207	29
153	207	29
154	207	29
155	207	29
156	207	29
157	207	29
158	207	29
159	207	29
160	207	29
161	207	29
162	207	29
163	207	29
164	207	29
165	207	29
166	207	29
167	207	29
168	207	29
169	207	29
170	207	29
171	207	29
172	207	29
173	207	29
174	207	29
175	207	29
176	207	29
177	207	29
178	207	29
179	207	29
180	207	29
181	207	29
182	207	29
183	207	29
184	207	29
185	207	29
186	207	29
187	207	29
188	207	29
189	207	29
190	207	29
191	207	29
192	207	29
193	207	29
194	207	29
195	207	29
196	207	29
197	207	29
198	207	29
200	207	29
202	207	29
204	207	29
206	207	29
207	207	29
208	207	29
209	208	29
102	207	29
210	207	29
273	202	23
271	203	23
272	203	23
270	204	23
269	205	23
268	206	23
267	207	23
266	208	23
274	201	23
265	209	23
255	205	26
256	206	26
258	206	26
257	207	26
259	207	26
260	208	26
261	208	26
263	208	26
262	209	26
254	204	26
264	209	26
265	211	24
266	212	24
266	213	24
266	214	24
267	215	24
265	210	24
303	217	15
305	217	15
307	217	15
309	217	15
310	217	15
311	217	15
290	218	15
292	218	15
294	218	15
295	218	15
296	218	15
297	218	15
298	218	15
299	218	15
300	218	15
301	218	15
302	218	15
304	218	15
306	218	15
308	218	15
282	219	15
284	219	15
286	219	15
287	219	15
288	219	15
289	219	15
291	219	15
293	219	15
281	220	15
283	220	15
285	220	15
312	218	15
280	221	15
367	217	6
365	218	6
366	218	6
368	218	6
369	218	6
364	219	6
370	219	6
371	218	5
372	219	5
373	219	5
370	219	5
374	220	5
379	218	3
378	219	3
377	220	3
312	219	14
312	220	14
312	218	14
370	220	5
370	219	5
370	221	5
375	220	4
374	220	4
376	221	4
101	208	29
101	209	29
100	210	29
100	211	29
99	212	29
99	213	29
98	214	29
99	215	29
98	216	29
99	217	29
99	218	29
100	219	29
100	220	29
101	221	29
102	207	29
102	222	29
279	220	28
198	221	28
200	221	28
202	221	28
209	221	28
211	221	28
213	221	28
215	221	28
228	221	28
230	221	28
231	221	28
232	221	28
233	221	28
234	221	28
235	221	28
237	221	28
259	221	28
261	221	28
262	221	28
264	221	28
267	221	28
269	221	28
274	221	28
276	221	28
277	221	28
278	221	28
103	222	28
104	222	28
105	222	28
106	222	28
107	222	28
108	222	28
109	222	28
110	222	28
111	222	28
112	222	28
113	222	28
114	222	28
115	222	28
116	222	28
117	222	28
118	222	28
119	222	28
120	222	28
121	222	28
122	222	28
123	222	28
124	222	28
125	222	28
126	222	28
127	222	28
128	222	28
129	222	28
130	222	28
131	222	28
132	222	28
133	222	28
134	222	28
135	222	28
136	222	28
137	222	28
138	222	28
139	222	28
140	222	28
141	222	28
142	222	28
143	222	28
144	222	28
145	222	28
146	222	28
147	222	28
148	222	28
149	222	28
150	222	28
151	222	28
152	222	28
153	222	28
154	222	28
155	222	28
156	222	28
157	222	28
158	222	28
159	222	28
160	222	28
161	222	28
162	222	28
163	222	28
164	222	28
165	222	28
166	222	28
167	222	28
168	222	28
169	222	28
170	222	28
171	222	28
172	222	28
173	222	28
174	222	28
175	222	28
176	222	28
177	222	28
178	222	28
179	222	28
180	222	28
181	222	28
182	222	28
183	222	28
184	222	28
185	222	28
186	222	28
187	222	28
188	222	28
189	222	28
190	222	28
191	222	28
192	222	28
193	222	28
194	222	28
195	222	28
196	222	28
197	222	28
199	222	28
201	222	28
203	222	28
204	222	28
205	222	28
206	222	28
207	222	28
208	222	28
210	222	28
212	222	28
214	222	28
216	222	28
217	222	28
218	222	28
219	222	28
220	222	28
221	222	28
222	222	28
223	222	28
224	222	28
225	222	28
226	222	28
227	222	28
229	222	28
236	222	28
238	222	28
239	222	28
241	222	28
252	222	28
254	222	28
256	222	28
257	222	28
258	222	28
260	222	28
263	222	28
265	222	28
266	222	28
268	222	28
270	222	28
271	222	28
272	222	28
273	222	28
275	222	28
240	223	28
242	223	28
243	223	28
244	223	28
246	223	28
247	223	28
248	223	28
249	223	28
250	223	28
251	223	28
253	223	28
255	223	28
245	224	28
280	221	28
102	222	28
313	217	11
315	217	11
317	217	11
314	218	11
316	218	11
318	218	11
319	218	11
320	218	11
321	218	11
323	218	11
338	218	11
340	218	11
342	218	11
344	218	11
322	219	11
324	219	11
325	219	11
326	219	11
337	219	11
339	219	11
341	219	11
343	219	11
345	219	11
347	219	11
327	220	11
328	220	11
329	220	11
330	220	11
331	220	11
332	220	11
333	220	11
334	220	11
335	220	11
336	220	11
346	220	11
348	220	11
350	220	11
349	221	11
351	221	11
312	218	11
352	221	11
354	220	7
355	220	7
356	221	7
353	221	7
357	222	7
359	220	6
361	220	6
362	220	6
358	221	6
360	221	6
363	220	6
357	222	6
365	221	5
366	221	5
368	221	5
367	222	5
369	222	5
364	220	5
370	221	5
372	221	4
373	221	4
371	222	4
374	220	4
370	221	4
352	223	7
351	224	7
353	222	7
354	223	7
356	223	7
355	224	7
353	222	7
357	222	7
378	222	3
378	223	3
379	224	3
377	221	3
288	230	18
288	231	18
289	232	18
290	231	18
289	232	18
280	222	17
280	223	17
281	224	17
280	225	17
279	226	17
279	227	17
279	228	17
279	229	17
279	230	17
279	231	17
279	232	17
279	233	17
280	221	17
279	234	17
101	223	29
100	224	29
100	225	29
99	226	29
99	227	29
98	228	29
99	229	29
98	230	29
99	231	29
99	232	29
100	233	29
100	234	29
101	235	29
102	222	29
102	236	29
223	233	27
225	233	27
226	233	27
227	233	27
228	233	27
229	233	27
230	233	27
231	233	27
232	233	27
233	233	27
234	233	27
236	233	27
238	233	27
240	233	27
214	234	27
216	234	27
218	234	27
220	234	27
222	234	27
224	234	27
235	234	27
237	234	27
239	234	27
241	234	27
243	234	27
266	234	27
198	235	27
206	235	27
208	235	27
210	235	27
211	235	27
212	235	27
213	235	27
215	235	27
217	235	27
219	235	27
221	235	27
242	235	27
244	235	27
245	235	27
246	235	27
248	235	27
250	235	27
252	235	27
254	235	27
260	235	27
261	235	27
262	235	27
263	235	27
264	235	27
265	235	27
267	235	27
268	235	27
269	235	27
271	235	27
272	235	27
274	235	27
103	236	27
104	236	27
105	236	27
106	236	27
107	236	27
108	236	27
109	236	27
110	236	27
111	236	27
112	236	27
113	236	27
114	236	27
115	236	27
116	236	27
117	236	27
118	236	27
119	236	27
120	236	27
121	236	27
122	236	27
123	236	27
124	236	27
125	236	27
126	236	27
127	236	27
128	236	27
129	236	27
130	236	27
131	236	27
132	236	27
133	236	27
134	236	27
135	236	27
136	236	27
137	236	27
138	236	27
139	236	27
140	236	27
141	236	27
142	236	27
143	236	27
144	236	27
145	236	27
146	236	27
147	236	27
148	236	27
149	236	27
150	236	27
151	236	27
152	236	27
153	236	27
154	236	27
155	236	27
156	236	27
157	236	27
158	236	27
159	236	27
160	236	27
161	236	27
162	236	27
163	236	27
164	236	27
165	236	27
166	236	27
167	236	27
168	236	27
169	236	27
170	236	27
171	236	27
172	236	27
173	236	27
174	236	27
175	236	27
176	236	27
177	236	27
178	236	27
179	236	27
180	236	27
181	236	27
182	236	27
183	236	27
184	236	27
185	236	27
186	236	27
187	236	27
188	236	27
189	236	27
190	236	27
191	236	27
192	236	27
193	236	27
194	236	27
195	236	27
196	236	27
197	236	27
199	236	27
200	236	27
201	236	27
202	236	27
203	236	27
204	236	27
205	236	27
207	236	27
209	236	27
247	236	27
249	236	27
251	236	27
253	236	27
255	236	27
256	236	27
257	236	27
258	236	27
259	236	27
270	236	27
273	236	27
275	236	27
276	236	27
277	236	27
278	235	27
102	236	27
288	233	22
286	234	22
287	234	22
285	235	22
283	236	22
284	236	22
289	232	22
282	237	22
280	236	23
281	237	23
279	235	23
282	237	23
283	238	22
284	239	22
285	240	22
282	237	22
286	241	22
298	239	17
297	240	17
296	241	17
296	242	17
296	243	17
288	241	20
289	242	20
290	242	20
291	243	20
292	243	20
293	243	20
294	243	20
287	241	20
295	244	20
322	240	12
323	240	12
321	241	12
320	242	12
320	243	12
320	244	12
349	246	10
349	247	10
318	245	13
319	245	13
317	246	13
316	247	13
320	244	13
315	248	13
339	246	11
340	247	11
340	248	11
286	243	15
286	244	15
286	245	15
285	246	15
284	247	15
284	248	15
286	242	15
284	249	15
314	247	18
311	248	18
312	248	18
313	248	18
308	249	18
309	249	18
310	249	18
307	250	18
305	251	18
306	251	18
303	252	18
304	252	18
315	248	18
302	253	18
101	237	29
100	238	29
100	239	29
99	240	29
99	241	29
98	242	29
99	243	29
98	244	29
99	245	29
99	246	29
100	247	29
100	248	29
101	249	29
102	236	29
102	250	29
321	245	13
322	245	13
323	246	13
324	246	13
325	246	13
326	247	13
327	247	13
329	247	13
331	247	13
328	248	13
330	248	13
332	248	13
333	248	13
334	248	13
335	248	13
336	248	13
337	249	13
320	244	13
338	250	13
339	249	12
340	248	12
338	250	12
342	248	12
343	248	12
344	248	12
348	248	12
341	249	12
345	249	12
346	249	12
347	249	12
349	247	12
340	248	12
358	248	9
357	249	9
356	250	9
241	248	28
243	248	28
245	248	28
247	248	28
200	249	28
204	249	28
206	249	28
208	249	28
210	249	28
211	249	28
213	249	28
237	249	28
239	249	28
240	249	28
242	249	28
244	249	28
246	249	28
248	249	28
249	249	28
250	249	28
252	249	28
103	250	28
104	250	28
105	250	28
106	250	28
107	250	28
108	250	28
109	250	28
110	250	28
111	250	28
112	250	28
113	250	28
114	250	28
115	250	28
116	250	28
117	250	28
118	250	28
119	250	28
120	250	28
121	250	28
122	250	28
123	250	28
124	250	28
125	250	28
126	250	28
127	250	28
128	250	28
129	250	28
130	250	28
131	250	28
132	250	28
133	250	28
134	250	28
135	250	28
136	250	28
137	250	28
138	250	28
139	250	28
140	250	28
141	250	28
142	250	28
143	250	28
144	250	28
145	250	28
146	250	28
147	250	28
148	250	28
149	250	28
150	250	28
151	250	28
152	250	28
153	250	28
154	250	28
155	250	28
156	250	28
157	250	28
158	250	28
159	250	28
160	250	28
161	250	28
162	250	28
163	250	28
164	250	28
165	250	28
166	250	28
167	250	28
168	250	28
169	250	28
170	250	28
171	250	28
172	250	28
173	250	28
174	250	28
175	250	28
176	250	28
177	250	28
178	250	28
179	250	28
180	250	28
181	250	28
182	250	28
183	250	28
184	250	28
185	250	28
186	250	28
187	250	28
188	250	28
189	250	28
190	250	28
191	250	28
192	250	28
193	250	28
194	250	28
195	250	28
196	250	28
197	250	28
198	250	28
199	250	28
201	250	28
202	250	28
203	250	28
205	250	28
207	250	28
209	250	28
212	250	28
214	250	28
215	250	28
232	250	28
234	250	28
235	250	28
236	250	28
238	250	28
251	250	28
253	250	28
255	250	28
270	250	28
271	250	28
272	250	28
273	250	28
274	250	28
275	250	28
276	250	28
277	250	28
278	250	28
279	250	28
280	250	28
281	250	28
282	250	28
283	250	28
216	251	28
217	251	28
218	251	28
219	251	28
221	251	28
223	251	28
225	251	28
227	251	28
229	251	28
230	251	28
231	251	28
233	251	28
254	251	28
256	251	28
258	251	28
260	251	28
262	251	28
264	251	28
265	251	28
266	251	28
267	251	28
268	251	28
269	251	28
220	252	28
222	252	28
224	252	28
226	252	28
228	252	28
257	252	28
259	252	28
261	252	28
263	252	28
284	249	28
102	250	28
297	245	16
297	246	16
298	247	16
299	248	16
300	249	16
301	250	16
296	244	16
301	251	16
315	249	14
316	250	14
315	248	14
350	248	10
351	249	10
352	249	10
353	249	10
354	250	10
355	250	10
349	247	10
356	250	10
357	251	8
358	252	8
356	250	8
285	250	21
286	250	21
287	251	21
288	252	21
289	252	21
291	252	21
299	252	21
290	253	21
292	253	21
293	253	21
294	253	21
296	253	21
297	253	21
298	253	21
295	254	21
284	249	21
300	252	21
330	251	15
332	251	15
334	251	15
329	252	15
331	252	15
333	252	15
335	252	15
327	253	15
328	253	15
326	254	15
325	255	15
336	251	15
324	256	15
303	254	19
304	254	19
314	254	19
305	255	19
306	255	19
309	255	19
310	255	19
311	255	19
312	255	19
313	255	19
315	255	19
316	255	19
317	255	19
318	255	19
307	256	19
308	256	19
319	256	19
320	256	19
321	256	19
322	256	19
302	253	19
323	256	19
338	253	13
339	254	13
339	255	13
340	256	13
337	252	13
343	258	10
344	259	10
345	259	10
346	259	10
336	261	12
335	262	12
325	258	15
326	258	15
327	259	15
328	260	15
329	260	15
330	260	15
331	261	15
333	261	15
332	262	15
334	262	15
324	257	15
335	262	15
101	251	29
100	252	29
100	253	29
99	254	29
99	255	29
98	256	29
99	257	29
98	258	29
99	259	29
99	260	29
100	261	29
100	262	29
101	263	29
102	250	29
102	264	29
236	260	29
238	260	29
239	260	29
240	260	29
241	260	29
242	260	29
243	260	29
244	260	29
245	260	29
246	260	29
232	261	29
233	261	29
234	261	29
235	261	29
237	261	29
247	261	29
248	261	29
249	261	29
250	261	29
226	262	29
228	262	29
229	262	29
230	262	29
231	262	29
251	262	29
215	263	29
217	263	29
218	263	29
219	263	29
220	263	29
221	263	29
222	263	29
223	263	29
224	263	29
225	263	29
227	263	29
252	263	29
253	263	29
254	263	29
255	263	29
103	264	29
104	264	29
105	264	29
106	264	29
107	264	29
108	264	29
109	264	29
110	264	29
111	264	29
112	264	29
113	264	29
114	264	29
115	264	29
116	264	29
117	264	29
118	264	29
119	264	29
120	264	29
121	264	29
122	264	29
123	264	29
124	264	29
125	264	29
126	264	29
127	264	29
128	264	29
129	264	29
130	264	29
131	264	29
132	264	29
133	264	29
134	264	29
135	264	29
136	264	29
137	264	29
138	264	29
139	264	29
140	264	29
141	264	29
142	264	29
143	264	29
144	264	29
145	264	29
146	264	29
147	264	29
148	264	29
149	264	29
150	264	29
151	264	29
152	264	29
153	264	29
154	264	29
155	264	29
156	264	29
157	264	29
158	264	29
159	264	29
160	264	29
161	264	29
162	264	29
163	264	29
164	264	29
165	264	29
166	264	29
167	264	29
168	264	29
169	264	29
170	264	29
171	264	29
172	264	29
173	264	29
174	264	29
175	264	29
176	264	29
177	264	29
178	264	29
179	264	29
180	264	29
181	264	29
182	264	29
183	264	29
184	264	29
185	264	29
186	264	29
187	264	29
188	264	29
189	264	29
190	264	29
191	264	29
192	264	29
193	264	29
194	264	29
195	264	29
196	264	29
197	264	29
199	264	29
200	264	29
201	264	29
202	264	29
203	264	29
204	264	29
205	264	29
206	264	29
207	264	29
208	264	29
209	264	29
210	264	29
211	264	29
212	264	29
213	264	29
214	264	29
216	264	29
256	264	29
257	264	29
258	264	29
259	264	29
260	264	29
261	264	29
262	264	29
263	264	29
264	264	29
265	264	29
267	264	29
270	264	29
198	265	29
266	265	29
268	265	29
269	265	29
271	265	29
102	264	29
272	266	29
312	261	14
311	262	14
310	263	14
309	264	14
309	265	14
308	266	14
307	267	14
336	263	10
337	264	10
338	264	10
339	264	10
340	265	10
340	266	10
335	262	10
275	263	19
277	263	19
278	263	19
279	263	19
280	263	19
281	263	19
282	263	19
283	263	19
285	263	19
274	264	19
276	264	19
284	264	19
286	264	19
288	264	19
273	265	19
287	265	19
289	265	19
290	265	19
291	265	19
292	266	19
294	266	19
296	266	19
293	267	19
295	267	19
297	267	19
298	267	19
299	267	19
300	267	19
301	267	19
302	268	19
303	268	19
304	268	19
305	268	19
306	268	19
272	266	19
307	267	19
272	267	26
272	268	26
272	269	26
271	270	26
272	266	26
326	270	12
325	271	12
324	272	12
308	268	13
309	269	13
310	270	13
311	270	13
312	271	13
313	271	13
314	272	13
315	272	13
316	272	13
317	272	13
318	272	13
319	272	13
320	272	13
322	272	13
323	272	13
321	273	13
307	267	13
324	272	13
274	274	18
275	274	18
276	275	18
277	276	18
278	277	18
279	278	18
101	265	29
100	266	29
100	267	29
99	268	29
99	269	29
98	270	29
98	271	29
98	272	29
98	273	29
98	274	29
99	275	29
99	276	29
100	277	29
100	278	29
101	279	29
102	264	29
102	280	29
325	273	12
325	274	12
326	275	12
327	276	12
328	276	12
329	277	12
330	278	12
331	279	12
324	272	12
215	276	29
216	276	29
218	276	29
212	277	29
214	277	29
217	277	29
219	277	29
211	278	29
213	278	29
220	278	29
198	279	29
200	279	29
202	279	29
204	279	29
206	279	29
207	279	29
208	279	29
209	279	29
210	279	29
221	279	29
222	279	29
103	280	29
104	280	29
105	280	29
106	280	29
107	280	29
108	280	29
109	280	29
110	280	29
111	280	29
112	280	29
113	280	29
114	280	29
115	280	29
116	280	29
117	280	29
118	280	29
119	280	29
120	280	29
121	280	29
122	280	29
123	280	29
124	280	29
125	280	29
126	280	29
127	280	29
128	280	29
129	280	29
130	280	29
131	280	29
132	280	29
133	280	29
134	280	29
135	280	29
136	280	29
137	280	29
138	280	29
139	280	29
140	280	29
141	280	29
142	280	29
143	280	29
144	280	29
145	280	29
146	280	29
147	280	29
148	280	29
149	280	29
150	280	29
151	280	29
152	280	29
153	280	29
154	280	29
155	280	29
156	280	29
157	280	29
158	280	29
159	280	29
160	280	29
161	280	29
162	280	29
163	280	29
164	280	29
165	280	29
166	280	29
167	280	29
168	280	29
169	280	29
170	280	29
171	280	29
172	280	29
173	280	29
174	280	29
175	280	29
176	280	29
177	280	29
178	280	29
179	280	29
180	280	29
181	280	29
182	280	29
183	280	29
184	280	29
185	280	29
186	280	29
187	280	29
188	280	29
189	280	29
190	280	29
191	280	29
192	280	29
193	280	29
194	280	29
195	280	29
196	280	29
197	280	29
199	280	29
201	280	29
203	280	29
205	280	29
223	280	29
224	281	29
225	281	29
102	280	29
226	282	29
235	279	27
237	279	27
239	279	27
240	279	27
241	279	27
242	279	27
243	279	27
231	280	27
233	280	27
234	280	27
236	280	27
238	280	27
244	280	27
245	280	27
227	281	27
229	281	27
230	281	27
232	281	27
246	281	27
228	282	27
226	282	27
247	282	27
310	282	17
311	282	17
313	282	17
308	283	17
309	283	17
312	283	17
314	283	17
307	284	17
315	284	17
316	284	17
307	285	17
254	279	27
255	279	27
256	279	27
257	279	27
258	279	27
259	279	27
261	279	27
250	280	27
251	280	27
252	280	27
253	280	27
260	280	27
262	280	27
264	280	27
248	281	27
249	281	27
263	281	27
265	281	27
266	282	27
267	283	27
268	283	27
269	283	27
270	284	27
271	285	27
272	285	27
273	285	27
274	285	27
279	285	27
275	286	27
276	286	27
277	286	27
278	286	27
280	286	27
281	286	27
282	286	27
283	286	27
284	286	27
285	286	27
303	286	27
305	286	27
306	286	27
286	287	27
287	287	27
288	287	27
289	287	27
290	287	27
291	287	27
293	287	27
295	287	27
296	287	27
297	287	27
298	287	27
300	287	27
302	287	27
304	287	27
292	288	27
294	288	27
299	288	27
301	288	27
247	282	27
307	285	27
308	286	15
309	287	15
310	287	15
312	287	15
319	287	15
311	288	15
313	288	15
314	288	15
315	288	15
316	288	15
317	288	15
318	288	15
307	285	15
211	287	25
211	288	25
211	289	25
211	290	25
211	291	25
211	292	25
101	281	29
100	282	29
100	283	29
99	284	29
99	285	29
98	286	29
98	287	29
98	288	29
99	289	29
99	290	29
100	291	29
100	292	29
102	280	29
101	293	29
246	283	27
244	284	27
245	284	27
241	285	27
243	285	27
240	286	27
242	286	27
239	287	27
238	288	27
237	289	27
237	290	27
236	291	27
236	292	27
247	282	27
236	293	27
204	293	29
206	293	29
209	293	29
210	293	29
103	294	29
104	294	29
105	294	29
106	294	29
107	294	29
108	294	29
109	294	29
110	294	29
111	294	29
112	294	29
113	294	29
114	294	29
115	294	29
116	294	29
117	294	29
118	294	29
119	294	29
120	294	29
121	294	29
122	294	29
123	294	29
124	294	29
125	294	29
126	294	29
127	294	29
128	294	29
129	294	29
130	294	29
131	294	29
132	294	29
133	294	29
134	294	29
135	294	29
136	294	29
137	294	29
138	294	29
139	294	29
140	294	29
141	294	29
142	294	29
143	294	29
144	294	29
145	294	29
146	294	29
147	294	29
148	294	29
149	294	29
150	294	29
151	294	29
152	294	29
153	294	29
154	294	29
155	294	29
156	294	29
157	294	29
158	294	29
159	294	29
160	294	29
161	294	29
162	294	29
163	294	29
164	294	29
165	294	29
166	294	29
167	294	29
168	294	29
169	294	29
170	294	29
171	294	29
172	294	29
173	294	29
174	294	29
175	294	29
176	294	29
177	294	29
178	294	29
179	294	29
180	294	29
181	294	29
182	294	29
183	294	29
184	294	29
185	294	29
186	294	29
187	294	29
188	294	29
189	294	29
190	294	29
191	294	29
192	294	29
193	294	29
194	294	29
195	294	29
196	294	29
197	294	29
199	294	29
200	294	29
201	294	29
202	294	29
203	294	29
205	294	29
207	294	29
208	294	29
198	295	29
211	292	29
102	294	29
226	283	27
226	284	27
226	285	27
225	286	27
225	287	27
224	288	27
223	289	27
224	290	27
223	291	27
223	292	27
223	293	27
223	294	27
226	282	27
223	295	27
322	288	13
323	288	13
325	288	13
324	289	13
326	289	13
327	290	13
328	290	13
329	291	13
330	292	13
331	292	13
332	293	13
332	294	13
232	295	26
233	295	26
234	295	26
231	296	26
230	297	26
228	298	26
229	298	26
235	294	26
227	299	26
212	293	27
213	294	27
214	294	27
215	295	27
216	295	27
218	295	27
217	296	27
219	296	27
220	296	27
222	296	27
221	297	27
211	292	27
223	295	27
224	296	26
225	297	26
226	298	26
223	295	26
227	299	26
237	295	27
238	295	27
239	296	27
240	297	27
241	298	27
236	294	27
242	299	27
245	296	27
244	297	27
243	298	27
242	299	27
241	301	26
240	302	26
242	300	26
280	291	21
279	292	21
279	293	21
277	294	21
278	294	21
276	295	21
275	296	21
274	297	21
273	298	21
272	299	21
271	300	21
271	301	21
270	302	21
270	303	21
270	304	21
269	305	21
243	301	26
244	302	26
245	303	26
246	303	26
247	304	26
247	305	26
248	306	26
242	300	26
101	296	27
101	297	27
101	298	27
101	299	27
102	300	27
103	301	27
104	302	27
105	303	27
106	303	27
107	304	27
108	304	27
109	305	27
110	305	27
111	306	27
112	306	27
113	307	27
114	307	27
115	308	27
116	308	27
100	295	27
117	309	27
227	300	26
227	301	26
228	302	26
229	303	26
229	304	26
230	305	26
231	306	26
232	307	26
232	308	26
232	309	26
227	299	26
232	310	26
267	306	29
268	306	29
263	307	29
265	307	29
266	307	29
262	308	29
264	308	29
258	309	29
259	309	29
260	309	29
261	309	29
254	310	29
255	310	29
256	310	29
257	310	29
233	311	29
234	311	29
236	311	29
251	311	29
252	311	29
253	311	29
235	312	29
237	312	29
238	312	29
248	312	29
250	312	29
239	313	29
240	313	29
241	313	29
242	313	29
244	313	29
245	313	29
246	313	29
247	313	29
249	313	29
243	314	29
269	305	29
232	310	29
270	306	27
271	307	27
272	307	27
273	308	27
274	308	27
275	309	27
276	310	27
278	310	27
283	310	27
284	310	27
285	310	27
286	310	27
277	311	27
279	311	27
281	311	27
282	311	27
280	312	27
269	305	27
287	311	27
294	305	18
292	306	18
293	306	18
295	306	18
291	307	18
290	308	18
289	309	18
288	310	18
287	311	18
119	309	29
120	309	29
121	309	29
122	309	29
123	309	29
124	309	29
125	309	29
126	309	29
127	309	29
128	309	29
129	309	29
130	309	29
131	309	29
132	309	29
133	309	29
134	309	29
135	309	29
136	309	29
137	309	29
138	309	29
139	309	29
140	309	29
141	309	29
142	309	29
143	309	29
144	309	29
145	309	29
146	309	29
147	309	29
148	309	29
149	309	29
150	309	29
151	309	29
152	309	29
153	309	29
154	309	29
155	309	29
156	309	29
157	309	29
158	309	29
159	309	29
160	309	29
161	309	29
162	309	29
163	309	29
164	309	29
165	309	29
166	309	29
167	309	29
168	309	29
169	309	29
170	309	29
171	309	29
172	309	29
173	309	29
174	309	29
175	309	29
176	309	29
177	309	29
178	309	29
179	309	29
180	309	29
181	309	29
182	309	29
183	309	29
184	309	29
185	309	29
186	309	29
187	309	29
188	309	29
189	309	29
190	309	29
191	309	29
192	309	29
193	309	29
194	309	29
195	309	29
196	309	29
197	309	29
198	309	29
200	309	29
201	309	29
202	309	29
203	309	29
204	309	29
206	309	29
199	310	29
205	310	29
207	310	29
208	310	29
209	310	29
210	310	29
211	310	29
212	310	29
213	310	29
214	310	29
216	310	29
218	310	29
220	310	29
222	310	29
215	311	29
217	311	29
219	311	29
221	311	29
223	311	29
224	311	29
225	311	29
226	311	29
227	311	29
229	311	29
230	311	29
231	311	29
228	312	29
118	309	29
232	310	29
287	312	13
288	313	13
289	313	13
290	314	13
291	315	13
292	316	13
294	316	13
295	316	13
296	316	13
298	316	13
293	317	13
297	317	13
299	317	13
300	317	13
301	318	13
302	318	13
303	319	13
304	319	13
287	311	13
305	320	13
358	317	11
357	318	11
357	319	11
358	320	11
358	321	11
307	321	19
306	320	19
308	322	19
117	311	26
117	312	26
117	313	26
117	314	26
117	315	26
118	316	26
119	317	26
120	317	26
121	318	26
122	318	26
123	319	26
124	319	26
125	320	26
126	320	26
127	321	26
128	321	26
129	322	26
130	322	26
117	310	26
131	323	26
305	322	18
305	321	18
305	323	18
356	323	12
357	322	12
362	322	10
359	323	10
360	323	10
361	323	10
358	322	10
308	323	19
307	324	19
308	322	19
306	324	19
300	324	19
301	324	19
302	324	19
303	324	19
298	325	19
299	325	19
304	325	19
305	324	19
297	326	19
133	323	29
134	323	29
135	323	29
136	323	29
137	323	29
138	323	29
139	323	29
140	323	29
141	323	29
142	323	29
143	323	29
144	323	29
145	323	29
146	323	29
147	323	29
148	323	29
149	323	29
150	323	29
151	323	29
152	323	29
153	323	29
154	323	29
155	323	29
156	323	29
157	323	29
158	323	29
159	323	29
160	323	29
161	323	29
162	323	29
163	323	29
164	323	29
165	323	29
166	323	29
167	323	29
168	323	29
169	323	29
170	323	29
171	323	29
172	323	29
173	323	29
174	323	29
175	323	29
176	323	29
177	323	29
178	323	29
179	323	29
180	323	29
181	323	29
182	323	29
183	323	29
184	323	29
185	323	29
186	323	29
187	323	29
188	323	29
189	323	29
190	323	29
191	323	29
192	323	29
193	323	29
194	323	29
195	323	29
196	323	29
197	323	29
221	323	29
223	323	29
224	323	29
226	323	29
228	323	29
230	323	29
256	323	29
258	323	29
260	323	29
261	323	29
262	323	29
263	323	29
264	323	29
198	324	29
199	324	29
200	324	29
201	324	29
202	324	29
203	324	29
204	324	29
205	324	29
206	324	29
218	324	29
219	324	29
220	324	29
222	324	29
225	324	29
227	324	29
229	324	29
231	324	29
232	324	29
233	324	29
235	324	29
251	324	29
253	324	29
254	324	29
255	324	29
257	324	29
259	324	29
265	324	29
266	324	29
267	324	29
280	324	29
282	324	29
284	324	29
286	324	29
288	324	29
207	325	29
208	325	29
209	325	29
210	325	29
211	325	29
212	325	29
213	325	29
214	325	29
215	325	29
216	325	29
217	325	29
234	325	29
236	325	29
237	325	29
238	325	29
239	325	29
240	325	29
242	325	29
244	325	29
246	325	29
247	325	29
248	325	29
249	325	29
250	325	29
252	325	29
268	325	29
269	325	29
271	325	29
273	325	29
275	325	29
277	325	29
278	325	29
279	325	29
281	325	29
283	325	29
285	325	29
287	325	29
289	325	29
290	325	29
241	326	29
243	326	29
245	326	29
270	326	29
272	326	29
274	326	29
276	326	29
291	326	29
132	323	29
292	327	29
293	327	23
294	327	23
295	327	23
296	327	23
297	326	23
292	327	23
331	317	13
332	317	13
333	317	13
334	317	13
324	318	13
326	318	13
328	318	13
329	318	13
330	318	13
335	318	13
321	319	13
322	319	13
323	319	13
325	319	13
327	319	13
336	319	13
337	319	13
320	320	13
338	320	13
309	321	13
317	321	13
319	321	13
339	321	13
340	321	13
342	321	13
310	322	13
312	322	13
314	322	13
316	322	13
318	322	13
341	322	13
343	322	13
344	322	13
345	322	13
347	322	13
311	323	13
313	323	13
315	323	13
346	323	13
348	323	13
348	324	13
344	325	13
346	325	13
347	325	13
342	326	13
343	326	13
345	326	13
338	327	13
339	327	13
340	327	13
341	327	13
336	328	13
337	328	13
334	329	13
335	329	13
333	330	13
308	322	13
332	331	13
291	328	21
289	329	21
290	329	21
286	330	21
287	330	21
288	330	21
284	331	21
285	331	21
282	332	21
283	332	21
281	333	21
280	334	21
292	327	21
279	335	21
298	327	19
299	328	19
300	328	19
301	329	19
302	329	19
303	329	19
304	329	19
305	329	19
306	330	19
307	330	19
308	330	19
309	330	19
310	330	19
311	330	19
312	330	19
314	330	19
313	331	19
315	331	19
316	331	19
317	331	19
318	331	19
320	331	19
322	331	19
319	332	19
321	332	19
323	332	19
324	332	19
325	332	19
326	332	19
327	332	19
328	332	19
329	332	19
330	332	19
331	332	19
297	326	19
332	331	19
276	333	29
265	334	29
267	334	29
269	334	29
271	334	29
272	334	29
273	334	29
274	334	29
275	334	29
277	334	29
278	334	29
259	335	29
260	335	29
261	335	29
262	335	29
263	335	29
264	335	29
266	335	29
268	335	29
270	335	29
254	336	29
256	336	29
257	336	29
258	336	29
251	337	29
252	337	29
253	337	29
255	337	29
149	338	29
150	338	29
151	338	29
152	338	29
153	338	29
154	338	29
155	338	29
156	338	29
157	338	29
158	338	29
159	338	29
160	338	29
161	338	29
162	338	29
163	338	29
164	338	29
165	338	29
166	338	29
167	338	29
168	338	29
169	338	29
170	338	29
171	338	29
172	338	29
173	338	29
174	338	29
175	338	29
176	338	29
177	338	29
178	338	29
179	338	29
180	338	29
181	338	29
182	338	29
183	338	29
184	338	29
185	338	29
186	338	29
187	338	29
188	338	29
189	338	29
190	338	29
191	338	29
192	338	29
193	338	29
194	338	29
195	338	29
196	338	29
197	338	29
198	338	29
199	338	29
200	338	29
201	338	29
202	338	29
204	338	29
206	338	29
210	338	29
212	338	29
214	338	29
216	338	29
218	338	29
219	338	29
220	338	29
248	338	29
249	338	29
250	338	29
203	339	29
205	339	29
207	339	29
208	339	29
209	339	29
211	339	29
213	339	29
215	339	29
217	339	29
221	339	29
222	339	29
223	339	29
224	339	29
225	339	29
226	339	29
246	339	29
247	339	29
227	340	29
228	340	29
229	340	29
230	340	29
231	340	29
232	340	29
233	340	29
235	340	29
237	340	29
238	340	29
239	340	29
240	340	29
242	340	29
243	340	29
244	340	29
245	340	29
234	341	29
236	341	29
241	341	29
279	335	29
148	338	29
333	332	14
334	333	14
335	333	14
336	334	14
337	334	14
332	331	14
354	336	11
355	336	11
356	336	11
131	325	27
131	326	27
131	327	27
131	328	27
131	329	27
132	330	27
133	331	27
134	331	27
135	332	27
136	332	27
137	333	27
138	333	27
139	334	27
140	334	27
141	335	27
142	335	27
143	336	27
144	336	27
145	337	27
146	337	27
131	324	27
147	338	27
277	338	19
278	338	19
274	339	19
275	339	19
276	339	19
272	340	19
273	340	19
271	341	19
270	342	19
269	343	19
269	344	19
269	345	19
269	346	19
279	337	19
269	347	19
304	339	17
303	340	17
281	337	19
282	338	19
283	339	19
284	339	19
286	339	19
285	340	19
287	340	19
288	340	19
289	340	19
292	340	19
290	341	19
291	341	19
293	341	19
294	341	19
295	341	19
296	341	19
297	341	19
298	341	19
299	341	19
300	341	19
301	341	19
280	337	19
302	340	19
304	342	16
305	343	16
303	341	16
280	347	19
279	348	19
245	346	26
246	347	26
245	348	26
245	349	26
245	350	26
245	351	26
267	348	25
268	348	25
266	349	25
265	350	25
269	347	25
264	351	25
270	348	25
271	348	25
272	349	25
273	350	25
274	350	25
269	347	25
275	351	25
276	350	22
277	350	22
278	349	22
275	351	22
263	350	26
260	351	26
261	351	26
262	351	26
259	352	26
258	353	26
264	351	26
257	354	26
147	340	28
147	341	28
147	342	28
147	343	28
147	344	28
147	345	28
148	346	28
149	347	28
150	347	28
151	348	28
152	348	28
153	349	28
154	349	28
155	350	28
156	350	28
157	351	28
158	351	28
159	352	28
160	352	28
147	339	28
161	353	28
280	350	20
281	351	20
282	352	20
279	349	20
217	351	29
219	351	29
221	351	29
199	352	29
207	352	29
209	352	29
211	352	29
213	352	29
214	352	29
215	352	29
216	352	29
218	352	29
220	352	29
222	352	29
223	352	29
224	352	29
226	352	29
228	352	29
238	352	29
163	353	29
164	353	29
165	353	29
166	353	29
167	353	29
168	353	29
169	353	29
170	353	29
171	353	29
172	353	29
173	353	29
174	353	29
175	353	29
176	353	29
177	353	29
178	353	29
179	353	29
180	353	29
181	353	29
182	353	29
183	353	29
184	353	29
185	353	29
186	353	29
187	353	29
188	353	29
189	353	29
190	353	29
191	353	29
192	353	29
193	353	29
194	353	29
195	353	29
196	353	29
197	353	29
198	353	29
200	353	29
201	353	29
202	353	29
203	353	29
204	353	29
205	353	29
206	353	29
208	353	29
210	353	29
212	353	29
225	353	29
227	353	29
229	353	29
230	353	29
231	353	29
232	353	29
233	353	29
234	353	29
235	353	29
236	353	29
237	353	29
239	353	29
240	353	29
162	353	29
241	354	29
244	352	29
242	353	29
243	353	29
245	351	29
241	354	29
246	352	27
247	352	27
248	352	27
249	352	27
250	353	27
251	353	27
252	353	27
253	353	27
254	353	27
255	353	27
256	353	27
245	351	27
257	354	27
275	352	18
275	353	18
275	354	18
275	355	18
276	356	18
277	356	18
278	357	18
279	357	18
275	351	18
241	355	28
241	356	28
241	357	28
241	358	28
242	359	28
241	354	28
257	355	26
257	356	26
257	357	26
258	358	26
259	359	26
260	360	26
261	361	26
261	362	26
257	354	26
261	363	26
264	352	24
264	353	24
264	354	24
265	355	24
265	356	24
266	357	24
267	358	24
268	359	24
269	360	24
270	360	24
271	361	24
272	361	24
273	362	24
274	363	24
264	351	24
325	358	11
325	359	11
323	360	11
324	360	11
321	361	11
322	361	11
320	362	11
319	363	11
319	364	11
318	365	11
318	366	11
161	355	28
161	356	28
161	357	28
161	358	28
161	359	28
162	360	28
163	361	28
164	361	28
165	362	28
166	362	28
167	363	28
168	363	28
169	364	28
170	364	28
171	365	28
172	365	28
173	366	28
174	366	28
161	354	28
175	367	28
329	364	9
329	365	9
328	366	9
327	367	9
308	366	16
309	366	16
311	366	16
313	366	16
314	366	16
315	366	16
316	366	16
307	367	16
310	367	16
312	367	16
317	367	16
305	368	16
306	368	16
304	369	16
303	370	16
318	366	16
302	371	16
319	367	13
321	367	13
320	368	13
322	368	13
323	368	13
324	368	13
325	368	13
318	366	13
326	368	13
260	364	29
259	365	29
206	366	29
208	366	29
210	366	29
256	366	29
258	366	29
177	367	29
178	367	29
179	367	29
180	367	29
181	367	29
182	367	29
183	367	29
184	367	29
185	367	29
186	367	29
187	367	29
188	367	29
189	367	29
190	367	29
191	367	29
192	367	29
193	367	29
194	367	29
195	367	29
196	367	29
197	367	29
198	367	29
200	367	29
201	367	29
202	367	29
203	367	29
204	367	29
205	367	29
207	367	29
209	367	29
211	367	29
212	367	29
213	367	29
215	367	29
255	367	29
257	367	29
199	368	29
214	368	29
216	368	29
217	368	29
218	368	29
219	368	29
220	368	29
221	368	29
222	368	29
223	368	29
224	368	29
226	368	29
228	368	29
230	368	29
231	368	29
232	368	29
233	368	29
234	368	29
235	368	29
236	368	29
237	368	29
238	368	29
239	368	29
240	368	29
241	368	29
242	368	29
243	368	29
250	368	29
253	368	29
254	368	29
225	369	29
227	369	29
229	369	29
244	369	29
245	369	29
246	369	29
247	369	29
248	369	29
249	369	29
251	369	29
252	369	29
261	363	29
176	367	29
262	364	18
263	365	18
264	365	18
265	365	18
266	366	18
268	366	18
267	367	18
269	367	18
270	367	18
272	367	18
280	367	18
282	367	18
271	368	18
273	368	18
274	368	18
275	368	18
276	368	18
277	368	18
278	368	18
279	368	18
281	368	18
283	368	18
284	368	18
285	368	18
286	368	18
287	368	18
288	369	18
290	369	18
289	370	18
291	370	18
292	371	18
293	371	18
294	371	18
296	371	18
297	371	18
298	371	18
299	371	18
300	371	18
295	372	18
261	363	18
301	372	18
328	369	8
329	370	8
330	370	8
331	370	8
332	371	8
327	368	8
303	373	15
303	374	15
303	375	15
303	376	15
303	377	15
302	372	15
274	377	25
275	377	25
276	377	25
277	377	25
278	377	25
279	377	25
280	377	25
281	377	25
272	378	25
273	378	25
282	378	25
283	378	25
271	379	25
284	379	25
269	380	25
270	380	25
268	381	25
175	369	27
175	370	27
175	371	27
175	372	27
175	373	27
176	374	27
177	375	27
178	375	27
179	376	27
180	376	27
181	377	27
182	377	27
183	378	27
184	378	27
185	379	27
186	379	27
187	380	27
188	380	27
175	368	27
189	381	27
265	381	29
262	382	29
263	382	29
264	382	29
266	382	29
261	383	29
260	384	29
258	385	29
259	385	29
257	386	29
267	381	29
256	387	29
304	379	15
305	380	15
306	381	15
307	381	15
308	382	15
309	383	15
310	384	15
191	381	29
192	381	29
193	381	29
194	381	29
195	381	29
196	381	29
197	381	29
198	382	29
199	382	29
200	382	29
201	382	29
202	382	29
203	382	29
204	382	29
205	382	29
207	382	29
218	382	29
220	382	29
222	382	29
224	382	29
206	383	29
208	383	29
209	383	29
210	383	29
211	383	29
212	383	29
213	383	29
214	383	29
215	383	29
216	383	29
217	383	29
219	383	29
221	383	29
223	383	29
225	383	29
226	383	29
227	383	29
228	383	29
229	383	29
230	383	29
231	383	29
232	383	29
233	383	29
234	383	29
235	383	29
236	383	29
237	383	29
238	383	29
239	383	29
240	383	29
241	383	29
242	383	29
243	383	29
244	383	29
246	383	29
245	384	29
247	384	29
248	384	29
249	384	29
250	384	29
251	385	29
252	385	29
253	385	29
254	386	29
255	386	29
190	381	29
256	387	29
284	387	17
283	388	17
282	389	17
269	383	24
269	384	24
270	385	24
271	386	24
272	387	24
274	387	24
273	388	24
275	388	24
281	388	24
276	389	24
277	389	24
278	389	24
279	389	24
280	389	24
268	382	24
282	389	24
283	390	17
282	389	17
99	296	29
98	297	29
97	298	29
96	299	29
95	300	29
94	301	29
93	302	29
92	303	29
91	304	29
90	305	29
89	306	29
88	307	29
87	308	29
86	309	29
85	310	29
84	311	29
83	312	29
82	313	29
81	314	29
80	315	29
79	316	29
78	317	29
77	318	29
76	319	29
75	320	29
74	321	29
73	322	29
72	323	29
71	324	29
70	325	29
69	326	29
68	327	29
67	328	29
66	329	29
65	330	29
64	331	29
63	332	29
62	333	29
61	334	29
60	335	29
59	336	29
58	337	29
57	338	29
56	339	29
55	340	29
54	341	29
53	342	29
52	343	29
51	344	29
50	345	29
49	346	29
48	347	29
47	348	29
46	349	29
45	350	29
44	351	29
43	352	29
42	353	29
41	354	29
40	355	29
39	356	29
38	357	29
37	358	29
36	359	29
35	360	29
34	361	29
33	362	29
32	363	29
31	364	29
30	365	29
29	366	29
28	367	29
27	368	29
26	369	29
25	370	29
24	371	29
23	372	29
22	373	29
21	374	29
20	375	29
19	376	29
18	377	29
17	378	29
16	379	29
15	380	29
14	381	29
13	382	29
12	383	29
11	384	29
10	385	29
9	386	29
8	387	29
7	388	29
6	389	29
5	390	29
4	391	29
3	392	29
2	393	29
1	394	29
100	295	29
189	383	26
189	384	26
189	385	26
189	386	26
189	387	26
190	388	26
191	389	26
192	390	26
193	391	26
194	391	26
195	392	26
196	392	26
197	393	26
198	393	26
200	393	26
202	393	26
204	393	26
206	393	26
208	393	26
210	393	26
199	394	26
201	394	26
203	394	26
205	394	26
207	394	26
209	394	26
211	394	26
212	394	26
213	394	26
214	394	26
215	394	26
216	394	26
217	394	26
218	394	26
219	394	26
220	394	26
221	394	26
222	394	26
223	394	26
189	382	26
248	393	12
246	394	12
247	394	12
249	394	12
256	388	26
257	389	26
257	390	26
258	391	26
259	392	26
260	392	26
262	392	26
264	392	26
265	392	26
261	393	26
263	393	26
266	393	26
267	394	26
256	387	26
338	393	9
335	394	9
336	394	9
337	394	9
339	394	9
340	394	9
341	394	9
342	394	9
343	394	9
344	394	9
347	394	8
348	394	8
349	394	8
350	394	8
351	394	8
352	394	8
