224	1	-19
223	2	-19
220	1	-18
221	2	-18
222	2	-18
160	2	-40
161	2	-40
162	2	-40
164	2	-40
158	3	-40
159	3	-40
163	3	-40
165	3	-40
166	3	-40
156	4	-40
157	4	-40
167	4	-40
155	5	-40
154	6	-40
154	7	-40
154	8	-40
154	9	-40
154	10	-40
168	5	-40
154	11	-40
254	3	-31
253	4	-31
252	5	-31
308	1	-34
307	2	-34
306	3	-34
305	4	-34
304	5	-34
242	1	-26
243	2	-26
244	2	-26
245	3	-26
246	3	-26
247	4	-26
248	4	-26
249	5	-26
250	5	-26
251	6	-26
298	6	-38
296	7	-38
297	7	-38
299	7	-38
300	7	-38
292	8	-38
293	8	-38
294	8	-38
295	8	-38
289	9	-38
291	9	-38
286	10	-38
288	10	-38
290	10	-38
285	11	-38
287	11	-38
282	12	-38
283	12	-38
284	12	-38
277	13	-38
278	13	-38
279	13	-38
280	13	-38
281	13	-38
273	14	-38
274	14	-38
275	14	-38
276	14	-38
270	15	-38
271	15	-38
272	15	-38
265	16	-38
267	16	-38
268	16	-38
269	16	-38
266	17	-38
301	8	-38
264	17	-38
302	7	-38
303	7	-38
304	6	-38
301	8	-38
306	7	-36
307	7	-36
308	8	-36
309	9	-36
310	10	-36
305	6	-36
172	2	-21
174	2	-21
175	2	-21
176	2	-21
177	2	-21
178	2	-21
179	2	-21
180	2	-21
181	2	-21
182	2	-21
184	2	-21
186	2	-21
188	2	-21
170	3	-21
171	3	-21
173	3	-21
183	3	-21
185	3	-21
187	3	-21
189	3	-21
190	3	-21
191	3	-21
192	3	-21
194	3	-21
196	3	-21
169	4	-21
193	4	-21
195	4	-21
197	4	-21
198	4	-21
200	4	-21
199	5	-21
201	5	-21
202	5	-21
203	6	-21
204	6	-21
205	7	-21
206	7	-21
207	8	-21
208	9	-21
209	10	-21
209	11	-21
168	5	-21
209	12	-21
216	8	-24
215	9	-24
214	10	-24
213	11	-24
213	12	-24
301	9	-35
301	10	-35
301	11	-35
301	8	-35
301	12	-35
169	6	-41
168	7	-41
168	8	-41
168	9	-41
168	10	-41
168	11	-41
168	12	-41
168	5	-41
168	13	-41
404	6	-12
404	7	-12
404	8	-12
404	9	-12
402	10	-12
403	10	-12
401	11	-12
401	12	-12
401	13	-12
206	13	-44
207	13	-44
208	13	-44
205	14	-44
203	15	-44
204	15	-44
202	16	-44
209	12	-44
201	17	-44
210	13	-44
211	13	-44
212	13	-44
209	12	-44
213	12	-44
224	4	-20
225	5	-20
226	6	-20
227	7	-20
228	8	-20
229	9	-20
230	10	-20
231	10	-20
232	11	-20
233	12	-20
234	12	-20
235	13	-20
223	3	-20
299	14	-33
300	13	-33
155	12	-41
156	12	-41
157	13	-41
158	13	-41
159	14	-41
160	14	-41
162	14	-41
164	14	-41
166	14	-41
167	14	-41
161	15	-41
163	15	-41
165	15	-41
154	11	-41
168	13	-41
393	5	-13
391	6	-13
392	6	-13
390	7	-13
388	8	-13
389	8	-13
387	9	-13
387	10	-13
387	11	-13
387	12	-13
387	13	-13
387	14	-13
387	15	-13
387	16	-13
403	14	-12
404	14	-12
405	14	-12
406	14	-12
407	15	-12
402	14	-12
253	7	-29
254	8	-29
255	9	-29
256	10	-29
257	11	-29
258	12	-29
259	12	-29
260	13	-29
261	14	-29
262	15	-29
263	16	-29
252	6	-29
264	17	-29
169	14	-41
170	15	-41
171	15	-41
172	15	-41
173	16	-41
175	16	-41
177	16	-41
179	16	-41
174	17	-41
176	17	-41
178	17	-41
180	17	-41
181	17	-41
182	17	-41
183	17	-41
184	17	-41
185	17	-41
186	17	-41
187	17	-41
188	17	-41
189	17	-41
190	17	-41
191	17	-41
192	17	-41
193	17	-41
194	17	-41
195	17	-41
196	17	-41
197	17	-41
198	17	-41
199	17	-41
168	13	-41
200	17	-41
400	15	-11
399	16	-11
398	17	-11
401	14	-11
397	18	-11
386	18	-15
387	17	-15
385	19	-15
389	17	-10
390	17	-10
391	17	-10
392	17	-10
393	17	-10
395	17	-10
394	18	-10
396	18	-10
388	17	-10
397	18	-10
302	14	-31
302	15	-31
303	16	-31
304	17	-31
305	17	-31
306	18	-31
307	18	-31
309	18	-31
308	19	-31
310	19	-31
311	19	-31
312	19	-31
313	19	-31
301	13	-31
334	12	-16
336	12	-16
338	12	-16
329	13	-16
330	13	-16
331	13	-16
332	13	-16
333	13	-16
335	13	-16
337	13	-16
339	13	-16
341	13	-16
326	14	-16
327	14	-16
328	14	-16
340	14	-16
342	14	-16
325	15	-16
343	15	-16
324	16	-16
344	16	-16
345	16	-16
346	16	-16
324	17	-16
347	17	-16
323	18	-16
348	18	-16
350	18	-16
380	18	-16
383	18	-16
384	18	-16
323	19	-16
349	19	-16
351	19	-16
375	19	-16
377	19	-16
378	19	-16
379	19	-16
381	19	-16
382	19	-16
322	20	-16
352	20	-16
353	20	-16
354	20	-16
356	20	-16
364	20	-16
368	20	-16
370	20	-16
371	20	-16
372	20	-16
373	20	-16
374	20	-16
376	20	-16
322	21	-16
355	21	-16
357	21	-16
358	21	-16
359	21	-16
360	21	-16
361	21	-16
362	21	-16
363	21	-16
365	21	-16
366	21	-16
367	21	-16
369	21	-16
322	22	-16
385	19	-16
322	23	-16
398	19	-8
398	20	-8
399	21	-8
400	22	-8
401	23	-8
397	18	-8
402	24	-8
263	18	-43
262	19	-43
261	20	-43
260	21	-43
259	22	-43
259	23	-43
259	24	-43
264	17	-43
259	25	-43
404	24	-7
405	24	-7
406	24	-7
403	24	-7
214	13	-35
215	14	-35
216	15	-35
217	16	-35
218	16	-35
219	17	-35
220	18	-35
221	19	-35
222	20	-35
223	21	-35
224	21	-35
225	22	-35
226	23	-35
227	24	-35
228	25	-35
213	12	-35
229	26	-35
230	25	-41
251	25	-41
254	25	-41
256	25	-41
231	26	-41
246	26	-41
247	26	-41
248	26	-41
249	26	-41
250	26	-41
252	26	-41
253	26	-41
255	26	-41
257	26	-41
258	26	-41
232	27	-41
233	27	-41
234	27	-41
235	27	-41
238	27	-41
240	27	-41
241	27	-41
242	27	-41
243	27	-41
244	27	-41
245	27	-41
236	28	-41
237	28	-41
239	28	-41
259	25	-41
229	26	-41
201	19	-43
201	20	-43
201	21	-43
201	22	-43
201	23	-43
201	24	-43
201	25	-43
201	26	-43
201	27	-43
201	18	-43
201	28	-43
289	24	-32
291	24	-32
293	24	-32
294	24	-32
296	24	-32
321	24	-32
280	25	-32
282	25	-32
283	25	-32
284	25	-32
285	25	-32
286	25	-32
287	25	-32
288	25	-32
290	25	-32
292	25	-32
295	25	-32
297	25	-32
298	25	-32
299	25	-32
320	25	-32
260	26	-32
277	26	-32
279	26	-32
281	26	-32
300	26	-32
301	26	-32
302	26	-32
304	26	-32
318	26	-32
319	26	-32
261	27	-32
262	27	-32
275	27	-32
276	27	-32
278	27	-32
303	27	-32
305	27	-32
306	27	-32
307	27	-32
308	27	-32
316	27	-32
317	27	-32
263	28	-32
273	28	-32
274	28	-32
309	28	-32
310	28	-32
311	28	-32
312	28	-32
313	28	-32
314	28	-32
315	28	-32
264	29	-32
265	29	-32
266	29	-32
268	29	-32
270	29	-32
271	29	-32
272	29	-32
267	30	-32
269	30	-32
322	23	-32
259	25	-32
403	26	-7
404	27	-7
405	28	-7
402	25	-7
228	27	-44
226	28	-44
227	28	-44
202	29	-44
223	29	-44
224	29	-44
225	29	-44
203	30	-44
204	30	-44
206	30	-44
208	30	-44
221	30	-44
222	30	-44
205	31	-44
207	31	-44
209	31	-44
210	31	-44
211	31	-44
212	31	-44
213	31	-44
214	31	-44
215	31	-44
216	31	-44
217	31	-44
219	31	-44
220	31	-44
218	32	-44
229	26	-44
201	28	-44
323	24	-28
324	25	-28
325	25	-28
326	26	-28
327	27	-28
328	28	-28
329	29	-28
330	29	-28
331	29	-28
322	23	-28
332	30	-28
340	21	-23
339	22	-23
338	23	-23
337	24	-23
336	25	-23
335	26	-23
334	27	-23
334	28	-23
333	29	-23
332	30	-23
189	29	-41
190	29	-41
191	29	-41
192	29	-41
193	29	-41
194	29	-41
196	29	-41
198	29	-41
200	29	-41
185	30	-41
186	30	-41
187	30	-41
188	30	-41
195	30	-41
197	30	-41
199	30	-41
168	31	-41
174	31	-41
176	31	-41
178	31	-41
183	31	-41
184	31	-41
152	32	-41
153	32	-41
154	32	-41
155	32	-41
156	32	-41
158	32	-41
160	32	-41
162	32	-41
163	32	-41
164	32	-41
165	32	-41
166	32	-41
167	32	-41
169	32	-41
170	32	-41
171	32	-41
172	32	-41
173	32	-41
175	32	-41
177	32	-41
179	32	-41
180	32	-41
181	32	-41
182	32	-41
126	33	-41
127	33	-41
128	33	-41
129	33	-41
130	33	-41
131	33	-41
132	33	-41
133	33	-41
134	33	-41
135	33	-41
136	33	-41
137	33	-41
138	33	-41
139	33	-41
140	33	-41
141	33	-41
142	33	-41
143	33	-41
144	33	-41
145	33	-41
146	33	-41
147	33	-41
148	33	-41
149	33	-41
150	33	-41
151	33	-41
157	33	-41
159	33	-41
161	33	-41
201	28	-41
125	33	-41
152	11	-38
150	12	-38
151	12	-38
153	12	-38
148	13	-38
149	13	-38
146	14	-38
147	14	-38
144	15	-38
145	15	-38
142	16	-38
143	16	-38
140	17	-38
141	17	-38
138	18	-38
139	18	-38
136	19	-38
137	19	-38
134	20	-38
135	20	-38
132	21	-38
133	21	-38
130	22	-38
131	22	-38
128	23	-38
129	23	-38
126	24	-38
127	24	-38
125	25	-38
124	26	-38
124	27	-38
124	28	-38
124	29	-38
124	30	-38
124	31	-38
154	11	-38
124	32	-38
333	31	-25
334	32	-25
335	33	-25
332	30	-25
385	20	-8
385	21	-8
385	22	-8
385	23	-8
385	24	-8
386	25	-8
387	26	-8
387	27	-8
388	28	-8
389	28	-8
390	29	-8
391	30	-8
392	31	-8
393	32	-8
394	33	-8
395	34	-8
385	19	-8
449	32	-10
447	33	-10
448	33	-10
446	34	-10
445	35	-10
444	36	-10
445	37	-10
444	38	-10
444	39	-10
444	40	-10
459	36	-12
458	37	-12
457	38	-12
456	39	-12
455	40	-12
440	39	-11
441	40	-11
442	41	-11
443	42	-11
446	41	-12
447	41	-12
448	41	-12
449	41	-12
450	41	-12
451	41	-12
452	41	-12
453	41	-12
454	41	-12
455	40	-12
445	41	-12
438	41	-14
439	42	-14
440	43	-14
442	43	-14
443	42	-14
441	44	-14
456	41	-12
456	42	-12
457	43	-12
455	40	-12
431	45	-14
433	45	-14
434	45	-14
436	45	-14
438	45	-14
439	45	-14
426	46	-14
427	46	-14
428	46	-14
429	46	-14
430	46	-14
432	46	-14
435	46	-14
437	46	-14
420	47	-14
421	47	-14
422	47	-14
423	47	-14
424	47	-14
425	47	-14
416	48	-14
417	48	-14
418	48	-14
419	48	-14
415	49	-14
414	50	-14
412	51	-14
413	51	-14
411	52	-14
410	53	-14
409	54	-14
440	44	-14
408	55	-14
442	46	-12
443	47	-12
444	48	-12
445	49	-12
446	49	-12
447	50	-12
448	51	-12
450	51	-12
449	52	-12
451	52	-12
441	45	-12
452	53	-12
453	52	-11
452	53	-11
122	34	-39
123	34	-39
120	35	-39
121	35	-39
118	36	-39
119	36	-39
116	37	-39
117	37	-39
114	38	-39
115	38	-39
113	39	-39
112	40	-39
112	41	-39
112	42	-39
112	43	-39
112	44	-39
112	45	-39
112	46	-39
112	47	-39
112	48	-39
112	49	-39
112	50	-39
112	51	-39
112	52	-39
112	53	-39
124	33	-39
112	54	-39
170	46	-44
172	46	-44
174	46	-44
176	46	-44
168	47	-44
169	47	-44
171	47	-44
173	47	-44
175	47	-44
177	47	-44
178	47	-44
166	48	-44
167	48	-44
179	48	-44
180	48	-44
181	48	-44
182	48	-44
184	48	-44
186	48	-44
188	48	-44
190	48	-44
192	48	-44
194	48	-44
196	48	-44
198	48	-44
164	49	-44
165	49	-44
183	49	-44
185	49	-44
187	49	-44
189	49	-44
191	49	-44
193	49	-44
195	49	-44
197	49	-44
199	49	-44
200	49	-44
201	49	-44
203	49	-44
162	50	-44
163	50	-44
202	50	-44
204	50	-44
205	50	-44
206	50	-44
160	51	-44
161	51	-44
207	51	-44
208	51	-44
158	52	-44
159	52	-44
209	52	-44
210	52	-44
157	53	-44
211	53	-44
212	53	-44
156	54	-44
213	54	-44
453	54	-11
452	53	-11
154	54	-41
114	55	-41
115	55	-41
116	55	-41
117	55	-41
118	55	-41
119	55	-41
120	55	-41
121	55	-41
122	55	-41
123	55	-41
124	55	-41
125	55	-41
126	55	-41
127	55	-41
128	55	-41
129	55	-41
130	55	-41
131	55	-41
132	55	-41
133	55	-41
134	55	-41
135	55	-41
136	55	-41
137	55	-41
138	55	-41
139	55	-41
140	55	-41
141	55	-41
142	55	-41
143	55	-41
144	55	-41
145	55	-41
146	55	-41
147	55	-41
148	55	-41
149	55	-41
150	55	-41
151	55	-41
152	55	-41
153	55	-41
155	55	-41
156	54	-41
113	55	-41
216	53	-44
218	53	-44
214	54	-44
215	54	-44
217	54	-44
219	54	-44
220	54	-44
221	54	-44
222	54	-44
223	54	-44
224	54	-44
225	54	-44
227	54	-44
229	54	-44
231	54	-44
233	54	-44
226	55	-44
228	55	-44
230	55	-44
232	55	-44
234	55	-44
213	54	-44
235	56	-44
236	55	-44
237	55	-44
238	55	-44
239	55	-44
235	56	-44
351	52	-27
353	52	-27
355	52	-27
357	52	-27
338	53	-27
339	53	-27
340	53	-27
341	53	-27
342	53	-27
343	53	-27
344	53	-27
345	53	-27
346	53	-27
347	53	-27
348	53	-27
349	53	-27
350	53	-27
352	53	-27
354	53	-27
356	53	-27
358	53	-27
360	53	-27
333	54	-27
335	54	-27
336	54	-27
337	54	-27
359	54	-27
361	54	-27
363	54	-27
332	55	-27
334	55	-27
362	55	-27
364	55	-27
365	55	-27
366	55	-27
330	56	-27
331	56	-27
329	57	-27
367	55	-27
328	58	-27
373	50	-19
375	50	-19
377	50	-19
371	51	-19
372	51	-19
374	51	-19
376	51	-19
378	51	-19
370	52	-19
379	52	-19
369	53	-19
380	53	-19
369	54	-19
379	54	-19
380	55	-19
381	56	-19
368	55	-19
409	57	-19
408	56	-19
321	57	-32
322	57	-32
323	57	-32
320	58	-32
324	58	-32
325	58	-32
317	59	-32
318	59	-32
319	59	-32
316	60	-32
314	61	-32
315	61	-32
326	59	-32
313	62	-32
327	58	-34
328	58	-34
326	59	-34
247	51	-40
248	51	-40
249	51	-40
245	52	-40
246	52	-40
250	52	-40
251	52	-40
252	52	-40
243	53	-40
244	53	-40
253	53	-40
254	53	-40
241	54	-40
242	54	-40
255	54	-40
256	55	-40
257	56	-40
258	56	-40
259	56	-40
260	57	-40
261	58	-40
262	58	-40
263	59	-40
240	55	-40
264	60	-40
406	56	-20
405	57	-20
404	58	-20
403	59	-20
407	55	-20
402	60	-20
487	58	-8
486	59	-8
485	60	-8
157	55	-44
158	55	-44
211	55	-44
212	55	-44
159	56	-44
160	56	-44
161	56	-44
162	56	-44
163	56	-44
209	56	-44
210	56	-44
164	57	-44
165	57	-44
166	57	-44
207	57	-44
208	57	-44
167	58	-44
168	58	-44
198	58	-44
200	58	-44
202	58	-44
204	58	-44
206	58	-44
169	59	-44
170	59	-44
171	59	-44
172	59	-44
174	59	-44
176	59	-44
178	59	-44
180	59	-44
182	59	-44
191	59	-44
193	59	-44
195	59	-44
197	59	-44
199	59	-44
201	59	-44
203	59	-44
205	59	-44
173	60	-44
175	60	-44
177	60	-44
179	60	-44
181	60	-44
183	60	-44
184	60	-44
185	60	-44
186	60	-44
187	60	-44
188	60	-44
189	60	-44
190	60	-44
192	60	-44
194	60	-44
196	60	-44
156	54	-44
213	54	-44
329	59	-33
330	60	-33
328	58	-33
368	59	-26
367	60	-26
369	58	-26
482	60	-8
483	60	-8
484	60	-8
303	60	-28
305	60	-28
306	60	-28
307	60	-28
308	60	-28
310	60	-28
301	61	-28
302	61	-28
304	61	-28
309	61	-28
311	61	-28
312	61	-28
299	62	-28
300	62	-28
297	63	-28
298	63	-28
296	64	-28
294	65	-28
295	65	-28
292	66	-28
293	66	-28
291	67	-28
313	62	-28
290	68	-28
371	59	-23
372	59	-23
373	60	-23
396	60	-23
397	60	-23
399	60	-23
400	60	-23
374	61	-23
375	61	-23
391	61	-23
393	61	-23
394	61	-23
395	61	-23
398	61	-23
376	62	-23
378	62	-23
380	62	-23
384	62	-23
386	62	-23
388	62	-23
389	62	-23
390	62	-23
392	62	-23
377	63	-23
379	63	-23
381	63	-23
382	63	-23
383	63	-23
385	63	-23
387	63	-23
370	58	-23
401	60	-23
235	57	-43
235	58	-43
235	59	-43
235	60	-43
235	61	-43
235	62	-43
235	56	-43
480	62	-9
481	62	-9
482	63	-9
483	62	-8
484	62	-8
482	63	-8
241	57	-42
242	57	-42
243	58	-42
244	59	-42
245	59	-42
246	60	-42
247	61	-42
248	61	-42
250	61	-42
249	62	-42
251	62	-42
252	62	-42
253	62	-42
255	62	-42
262	62	-42
263	62	-42
254	63	-42
256	63	-42
257	63	-42
258	63	-42
259	63	-42
260	63	-42
261	63	-42
240	56	-42
264	61	-42
314	63	-30
313	62	-30
315	64	-30
486	63	-8
485	62	-8
326	60	-31
326	61	-31
326	62	-31
325	63	-31
326	64	-31
326	59	-31
326	65	-31
481	64	-9
482	63	-9
266	61	-38
267	61	-38
268	62	-38
269	62	-38
270	63	-38
271	64	-38
272	64	-38
273	65	-38
274	65	-38
275	66	-38
276	66	-38
277	66	-38
265	61	-38
278	67	-38
279	67	-31
280	67	-31
281	67	-31
282	67	-31
283	67	-31
285	67	-31
286	67	-31
287	67	-31
288	67	-31
289	67	-31
284	68	-31
278	67	-31
290	68	-31
317	65	-31
318	65	-31
319	66	-31
320	66	-31
324	66	-31
321	67	-31
322	67	-31
323	67	-31
316	64	-31
325	66	-31
327	67	-31
328	68	-31
329	69	-31
330	69	-31
326	66	-31
331	70	-31
276	68	-40
277	68	-40
274	69	-40
275	69	-40
271	70	-40
272	70	-40
273	70	-40
269	71	-40
270	71	-40
212	72	-40
214	72	-40
240	72	-40
242	72	-40
244	72	-40
246	72	-40
249	72	-40
251	72	-40
253	72	-40
255	72	-40
257	72	-40
259	72	-40
261	72	-40
263	72	-40
265	72	-40
267	72	-40
268	72	-40
208	73	-40
209	73	-40
210	73	-40
211	73	-40
213	73	-40
215	73	-40
216	73	-40
217	73	-40
218	73	-40
219	73	-40
220	73	-40
221	73	-40
222	73	-40
224	73	-40
234	73	-40
236	73	-40
237	73	-40
238	73	-40
239	73	-40
241	73	-40
243	73	-40
245	73	-40
247	73	-40
248	73	-40
250	73	-40
252	73	-40
254	73	-40
256	73	-40
258	73	-40
260	73	-40
262	73	-40
264	73	-40
266	73	-40
207	74	-40
223	74	-40
225	74	-40
226	74	-40
228	74	-40
230	74	-40
232	74	-40
233	74	-40
235	74	-40
205	75	-40
206	75	-40
227	75	-40
229	75	-40
231	75	-40
278	67	-40
204	76	-40
402	62	-22
403	63	-22
403	64	-22
404	65	-22
405	66	-22
406	67	-22
407	68	-22
407	69	-22
407	70	-22
407	71	-22
407	72	-22
402	61	-22
407	73	-22
501	70	-6
500	71	-6
500	72	-6
345	68	-23
347	68	-23
340	69	-23
341	69	-23
342	69	-23
343	69	-23
344	69	-23
346	69	-23
348	69	-23
349	69	-23
350	69	-23
351	69	-23
352	69	-23
353	69	-23
354	69	-23
355	69	-23
335	70	-23
337	70	-23
338	70	-23
339	70	-23
356	70	-23
357	70	-23
358	70	-23
360	70	-23
362	70	-23
364	70	-23
333	71	-23
334	71	-23
336	71	-23
359	71	-23
361	71	-23
363	71	-23
365	71	-23
366	71	-23
367	71	-23
369	71	-23
371	71	-23
368	72	-23
370	72	-23
372	72	-23
374	72	-23
376	72	-23
373	73	-23
375	73	-23
377	73	-23
378	73	-23
379	73	-23
380	73	-23
381	73	-23
382	73	-23
384	73	-23
386	73	-23
387	73	-23
388	73	-23
389	73	-23
390	73	-23
391	73	-23
392	73	-23
393	73	-23
394	73	-23
396	73	-23
398	73	-23
400	73	-23
383	74	-23
385	74	-23
395	74	-23
397	74	-23
399	74	-23
401	74	-23
402	74	-23
403	74	-23
404	74	-23
405	74	-23
406	74	-23
332	71	-23
407	73	-23
201	75	-44
202	75	-44
203	75	-44
200	76	-44
204	76	-44
199	77	-44
427	73	-18
428	73	-18
429	73	-18
424	74	-18
425	74	-18
426	74	-18
430	74	-18
431	74	-18
423	75	-18
432	75	-18
422	76	-18
433	76	-18
110	56	-39
111	56	-39
108	57	-39
109	57	-39
106	58	-39
107	58	-39
104	59	-39
105	59	-39
102	60	-39
103	60	-39
100	61	-39
101	61	-39
98	62	-39
99	62	-39
96	63	-39
97	63	-39
94	64	-39
95	64	-39
92	65	-39
93	65	-39
90	66	-39
91	66	-39
88	67	-39
89	67	-39
86	68	-39
87	68	-39
85	69	-39
84	70	-39
84	71	-39
84	72	-39
84	73	-39
84	74	-39
84	75	-39
84	76	-39
112	55	-39
84	77	-39
314	66	-32
313	67	-32
311	68	-32
312	68	-32
310	69	-32
308	70	-32
309	70	-32
307	71	-32
306	72	-32
306	73	-32
306	74	-32
306	75	-32
306	76	-32
315	65	-32
306	77	-32
330	72	-29
328	73	-29
329	73	-29
327	74	-29
326	75	-29
323	76	-29
324	76	-29
325	76	-29
321	77	-29
322	77	-29
320	78	-29
318	79	-29
319	79	-29
317	80	-29
316	81	-29
331	71	-29
315	82	-29
408	74	-20
409	74	-20
410	74	-20
412	74	-20
411	75	-20
413	75	-20
414	75	-20
415	75	-20
416	75	-20
417	75	-20
418	75	-20
419	75	-20
420	76	-20
421	76	-20
407	73	-20
422	76	-20
443	68	-13
442	69	-13
441	70	-13
441	71	-13
440	72	-13
439	73	-13
438	74	-13
438	75	-13
437	76	-13
437	77	-13
488	75	-6
489	75	-6
490	75	-6
487	76	-6
491	76	-6
493	76	-6
486	77	-6
492	77	-6
486	78	-6
486	79	-6
486	80	-6
486	81	-6
198	76	-44
194	77	-44
196	77	-44
197	77	-44
191	78	-44
192	78	-44
193	78	-44
195	78	-44
187	79	-44
188	79	-44
189	79	-44
190	79	-44
186	80	-44
184	81	-44
185	81	-44
182	82	-44
183	82	-44
180	83	-44
181	83	-44
179	84	-44
177	85	-44
178	85	-44
175	86	-44
176	86	-44
174	87	-44
172	88	-44
173	88	-44
170	89	-44
171	89	-44
199	77	-44
169	90	-44
291	69	-36
292	70	-36
293	71	-36
294	72	-36
295	72	-36
296	73	-36
297	74	-36
298	74	-36
299	75	-36
300	76	-36
301	76	-36
302	77	-36
304	77	-36
303	78	-36
305	78	-36
290	68	-36
306	77	-36
434	77	-17
435	77	-17
436	78	-17
433	76	-17
437	77	-17
496	77	-7
495	78	-7
495	79	-7
2	2	-44
3	3	-44
4	4	-44
5	5	-44
6	6	-44
7	7	-44
8	8	-44
9	9	-44
10	10	-44
11	11	-44
12	12	-44
13	13	-44
14	14	-44
15	15	-44
16	16	-44
17	17	-44
18	18	-44
19	19	-44
20	20	-44
21	21	-44
22	22	-44
23	23	-44
24	24	-44
25	25	-44
26	26	-44
27	27	-44
28	28	-44
29	29	-44
30	30	-44
31	31	-44
32	32	-44
33	33	-44
34	34	-44
35	35	-44
36	36	-44
37	37	-44
38	38	-44
39	39	-44
40	40	-44
41	41	-44
42	42	-44
43	43	-44
44	44	-44
45	45	-44
46	46	-44
47	47	-44
48	48	-44
49	49	-44
50	50	-44
51	51	-44
52	52	-44
53	53	-44
54	54	-44
55	55	-44
56	56	-44
57	57	-44
58	58	-44
59	59	-44
60	60	-44
61	61	-44
62	62	-44
63	63	-44
64	64	-44
65	65	-44
66	66	-44
67	67	-44
68	68	-44
69	69	-44
70	70	-44
71	71	-44
72	72	-44
73	73	-44
74	74	-44
75	75	-44
76	76	-44
77	77	-44
78	78	-44
79	79	-44
80	80	-44
82	79	-44
83	79	-44
84	78	-44
81	80	-44
423	77	-18
424	77	-18
432	77	-18
425	78	-18
426	78	-18
430	78	-18
431	78	-18
427	79	-18
428	79	-18
429	79	-18
422	76	-18
433	76	-18
504	79	-5
504	80	-5
307	78	-33
308	79	-33
309	80	-33
310	80	-33
311	81	-33
312	81	-33
314	81	-33
313	82	-33
306	77	-33
315	82	-33
484	81	-8
481	82	-8
482	82	-8
483	82	-8
485	82	-8
480	83	-8
479	84	-8
486	81	-8
478	85	-8
494	80	-8
493	81	-8
492	82	-8
495	79	-8
491	83	-8
496	80	-7
496	81	-7
497	82	-7
495	79	-7
487	82	-8
488	83	-8
489	83	-8
486	81	-8
490	83	-8
512	82	-5
513	82	-5
514	83	-5
316	83	-32
317	84	-32
315	82	-32
199	78	-43
199	79	-43
199	80	-43
199	81	-43
199	82	-43
200	83	-43
201	84	-43
202	85	-43
199	77	-43
203	86	-43
204	77	-43
204	78	-43
204	79	-43
204	80	-43
204	81	-43
204	82	-43
205	83	-43
205	84	-43
204	85	-43
204	76	-43
203	86	-43
438	78	-9
439	78	-9
440	79	-9
441	80	-9
442	80	-9
443	81	-9
444	81	-9
445	81	-9
446	81	-9
447	82	-9
449	82	-9
448	83	-9
450	83	-9
451	83	-9
452	83	-9
453	83	-9
454	83	-9
455	83	-9
456	83	-9
457	83	-9
459	83	-9
458	84	-9
460	84	-9
462	84	-9
461	85	-9
463	85	-9
464	85	-9
465	85	-9
467	85	-9
473	85	-9
474	85	-9
475	85	-9
476	85	-9
466	86	-9
468	86	-9
469	86	-9
470	86	-9
471	86	-9
472	86	-9
437	77	-9
477	86	-9
509	86	-5
508	87	-5
510	87	-5
511	87	-5
512	87	-5
513	87	-5
507	88	-5
86	78	-41
87	78	-41
88	78	-41
89	78	-41
90	78	-41
91	78	-41
92	78	-41
93	78	-41
94	78	-41
95	78	-41
96	78	-41
97	78	-41
98	78	-41
99	78	-41
100	78	-41
101	78	-41
102	78	-41
103	78	-41
104	78	-41
105	78	-41
106	78	-41
107	78	-41
108	78	-41
109	78	-41
110	78	-41
111	78	-41
112	78	-41
113	78	-41
114	78	-41
115	78	-41
116	78	-41
117	78	-41
118	78	-41
119	78	-41
120	78	-41
121	78	-41
122	78	-41
123	78	-41
124	78	-41
125	78	-41
126	78	-41
127	78	-41
128	78	-41
129	78	-41
130	78	-41
131	78	-41
132	78	-41
133	78	-41
134	78	-41
135	78	-41
136	78	-41
137	78	-41
138	78	-41
139	78	-41
140	78	-41
141	78	-41
142	78	-41
143	78	-41
144	78	-41
145	78	-41
146	78	-41
147	78	-41
148	78	-41
149	78	-41
150	78	-41
151	78	-41
152	78	-41
153	78	-41
154	78	-41
155	78	-41
156	78	-41
157	78	-41
158	78	-41
159	79	-41
160	79	-41
161	80	-41
162	80	-41
163	81	-41
164	82	-41
165	82	-41
166	82	-41
167	83	-41
168	84	-41
168	85	-41
168	86	-41
168	87	-41
168	88	-41
85	78	-41
168	89	-41
491	85	-5
492	86	-5
493	87	-5
496	87	-5
498	87	-5
500	87	-5
501	87	-5
502	87	-5
503	87	-5
505	87	-5
494	88	-5
495	88	-5
497	88	-5
499	88	-5
504	88	-5
491	84	-5
506	88	-5
204	87	-43
204	88	-43
203	89	-43
203	86	-43
203	90	-43
508	90	-5
509	91	-5
510	92	-5
511	92	-5
507	89	-5
79	82	-44
79	83	-44
79	84	-44
80	85	-44
80	86	-44
81	87	-44
81	88	-44
82	89	-44
82	90	-44
83	91	-44
83	92	-44
84	93	-44
80	81	-44
85	94	-44
166	91	-44
165	92	-44
164	93	-44
167	91	-44
163	94	-44
86	94	-44
87	94	-44
88	94	-44
89	94	-44
90	94	-44
91	94	-44
92	94	-44
93	94	-44
94	94	-44
95	94	-44
96	94	-44
97	94	-44
98	94	-44
99	94	-44
100	94	-44
101	94	-44
102	94	-44
103	94	-44
104	94	-44
105	94	-44
106	94	-44
107	94	-44
108	94	-44
109	94	-44
110	94	-44
111	94	-44
112	94	-44
113	94	-44
114	94	-44
115	94	-44
116	94	-44
117	94	-44
118	94	-44
119	94	-44
120	94	-44
121	94	-44
122	94	-44
123	94	-44
124	94	-44
125	94	-44
126	94	-44
127	94	-44
128	94	-44
129	94	-44
130	94	-44
131	94	-44
132	94	-44
133	94	-44
134	94	-44
135	94	-44
136	94	-44
137	94	-44
138	94	-44
139	94	-44
140	94	-44
141	94	-44
142	94	-44
143	94	-44
144	94	-44
145	94	-44
146	94	-44
147	94	-44
148	94	-44
149	94	-44
150	94	-44
151	94	-44
152	94	-44
153	94	-44
154	94	-44
160	94	-44
161	94	-44
155	95	-44
156	95	-44
158	95	-44
159	95	-44
157	96	-44
85	94	-44
162	94	-44
415	94	-10
415	95	-10
415	96	-10
436	98	-6
437	98	-6
504	96	-5
505	96	-5
506	97	-5
507	98	-5
479	87	-5
479	88	-5
480	89	-5
481	90	-5
482	91	-5
483	92	-5
485	92	-5
484	93	-5
486	93	-5
487	94	-5
488	95	-5
489	96	-5
490	97	-5
491	98	-5
492	99	-5
493	100	-5
494	101	-5
478	86	-5
434	101	-8
434	102	-8
434	103	-8
407	100	-15
406	101	-15
405	102	-15
406	103	-15
406	104	-15
439	102	-7
436	103	-7
437	103	-7
438	103	-7
435	104	-7
200	92	-43
201	92	-43
199	93	-43
198	94	-43
197	95	-43
195	96	-43
196	96	-43
194	97	-43
193	98	-43
192	99	-43
191	100	-43
191	101	-43
190	102	-43
189	103	-43
189	104	-43
189	105	-43
202	91	-43
189	106	-43
170	92	-43
171	93	-43
172	94	-43
173	94	-43
174	95	-43
175	95	-43
176	96	-43
177	97	-43
178	98	-43
179	99	-43
180	100	-43
181	101	-43
182	102	-43
183	103	-43
184	104	-43
185	105	-43
186	106	-43
169	92	-43
187	107	-43
188	107	-43
189	106	-43
187	107	-43
204	92	-42
204	93	-42
205	94	-42
205	95	-42
206	96	-42
206	97	-42
207	98	-42
207	99	-42
208	100	-42
208	101	-42
209	102	-42
210	103	-42
209	104	-42
210	105	-42
211	106	-42
212	106	-42
213	107	-42
203	91	-42
232	101	-44
233	101	-44
234	101	-44
235	101	-44
237	101	-44
239	101	-44
228	102	-44
229	102	-44
230	102	-44
231	102	-44
236	102	-44
238	102	-44
240	102	-44
242	102	-44
244	102	-44
227	103	-44
241	103	-44
243	103	-44
245	103	-44
226	104	-44
246	104	-44
225	105	-44
247	105	-44
248	105	-44
223	106	-44
224	106	-44
249	106	-44
250	106	-44
222	107	-44
251	107	-44
252	107	-44
221	108	-44
220	109	-44
219	110	-44
219	111	-44
218	112	-44
218	113	-44
253	108	-44
218	114	-44
279	104	-38
288	104	-38
273	105	-38
275	105	-38
276	105	-38
277	105	-38
278	105	-38
280	105	-38
281	105	-38
282	105	-38
283	105	-38
284	105	-38
285	105	-38
286	105	-38
287	105	-38
289	105	-38
290	105	-38
291	105	-38
292	105	-38
293	105	-38
294	105	-38
295	105	-38
296	105	-38
298	105	-38
299	105	-38
300	105	-38
301	105	-38
269	106	-38
270	106	-38
271	106	-38
272	106	-38
274	106	-38
297	106	-38
302	106	-38
303	106	-38
267	107	-38
268	107	-38
304	107	-38
254	108	-38
255	108	-38
258	108	-38
260	108	-38
262	108	-38
264	108	-38
265	108	-38
266	108	-38
256	109	-38
257	109	-38
259	109	-38
261	109	-38
263	109	-38
253	108	-38
305	108	-38
433	105	-8
433	106	-8
433	107	-8
434	104	-8
433	108	-8
444	103	-6
445	103	-6
443	104	-6
442	105	-6
441	106	-6
441	107	-6
441	108	-6
481	102	-6
482	103	-6
483	104	-6
484	105	-6
485	106	-6
486	107	-6
487	108	-6
405	106	-16
403	107	-16
404	107	-16
402	108	-16
406	105	-16
402	109	-16
186	108	-44
183	109	-44
184	109	-44
185	109	-44
181	110	-44
182	110	-44
180	111	-44
178	112	-44
179	112	-44
177	113	-44
170	114	-44
173	114	-44
175	114	-44
176	114	-44
171	115	-44
172	115	-44
174	115	-44
187	107	-44
169	113	-44
408	106	-12
409	107	-12
410	107	-12
411	107	-12
412	108	-12
413	108	-12
414	109	-12
407	105	-12
422	107	-10
423	108	-10
424	109	-10
424	110	-10
486	109	-5
487	108	-5
435	109	-8
436	109	-8
437	110	-8
438	110	-8
434	109	-8
439	110	-8
488	109	-5
489	110	-5
487	108	-5
306	107	-27
308	107	-27
307	108	-27
309	108	-27
311	108	-27
310	109	-27
312	109	-27
313	109	-27
314	109	-27
327	109	-27
329	109	-27
331	109	-27
333	109	-27
335	109	-27
315	110	-27
316	110	-27
317	110	-27
318	110	-27
319	110	-27
320	110	-27
321	110	-27
322	110	-27
323	110	-27
324	110	-27
326	110	-27
328	110	-27
330	110	-27
332	110	-27
334	110	-27
336	110	-27
337	110	-27
338	110	-27
339	110	-27
340	110	-27
341	110	-27
344	110	-27
325	111	-27
342	111	-27
343	111	-27
345	111	-27
305	108	-27
346	112	-27
388	110	-17
390	110	-17
392	110	-17
394	110	-17
397	110	-17
399	110	-17
400	110	-17
385	111	-17
387	111	-17
389	111	-17
391	111	-17
393	111	-17
395	111	-17
396	111	-17
398	111	-17
382	112	-17
384	112	-17
386	112	-17
381	113	-17
383	113	-17
380	114	-17
401	110	-17
379	115	-17
432	110	-10
431	111	-10
433	109	-10
430	112	-10
446	108	-7
443	109	-7
444	109	-7
445	109	-7
447	109	-7
447	110	-7
448	111	-7
442	109	-7
472	110	-5
472	111	-5
163	96	-43
163	97	-43
163	98	-43
163	99	-43
163	100	-43
163	101	-43
163	102	-43
163	103	-43
163	104	-43
163	105	-43
163	106	-43
163	107	-43
163	108	-43
163	109	-43
163	110	-43
163	111	-43
163	112	-43
163	95	-43
163	113	-43
168	94	-43
168	95	-43
168	96	-43
168	97	-43
168	98	-43
168	99	-43
168	100	-43
168	101	-43
168	102	-43
168	103	-43
168	104	-43
168	105	-43
168	106	-43
168	107	-43
168	108	-43
169	109	-43
169	110	-43
169	111	-43
169	112	-43
168	93	-43
169	113	-43
251	109	-43
252	109	-43
249	110	-43
250	110	-43
240	111	-43
242	111	-43
244	111	-43
247	111	-43
248	111	-43
237	112	-43
239	112	-43
241	112	-43
243	112	-43
245	112	-43
246	112	-43
236	113	-43
238	113	-43
233	114	-43
234	114	-43
235	114	-43
219	115	-43
220	115	-43
232	115	-43
221	116	-43
222	116	-43
230	116	-43
231	116	-43
223	117	-43
224	117	-43
227	117	-43
229	117	-43
225	118	-43
226	118	-43
228	118	-43
253	108	-43
218	114	-43
304	109	-37
303	110	-37
302	111	-37
301	112	-37
305	108	-37
301	113	-37
425	111	-10
426	111	-10
428	111	-10
429	111	-10
427	112	-10
424	110	-10
430	112	-10
403	111	-11
422	111	-11
423	111	-11
404	112	-11
405	112	-11
418	112	-11
420	112	-11
421	112	-11
406	113	-11
417	113	-11
419	113	-11
407	114	-11
408	114	-11
411	114	-11
412	114	-11
413	114	-11
414	114	-11
415	114	-11
416	114	-11
409	115	-11
410	115	-11
402	110	-11
424	110	-11
84	95	-44
83	96	-44
83	97	-44
82	98	-44
82	99	-44
81	100	-44
81	101	-44
80	102	-44
80	103	-44
79	104	-44
79	105	-44
78	106	-44
78	107	-44
77	108	-44
77	109	-44
76	110	-44
77	111	-44
77	112	-44
78	113	-44
78	114	-44
79	115	-44
85	94	-44
80	116	-44
162	114	-44
159	115	-44
160	115	-44
161	115	-44
81	116	-44
82	116	-44
83	116	-44
84	116	-44
85	116	-44
86	116	-44
87	116	-44
88	116	-44
89	116	-44
90	116	-44
91	116	-44
92	116	-44
93	116	-44
94	116	-44
95	116	-44
96	116	-44
97	116	-44
98	116	-44
99	116	-44
100	116	-44
101	116	-44
102	116	-44
103	116	-44
104	116	-44
105	116	-44
106	116	-44
107	116	-44
108	116	-44
109	116	-44
110	116	-44
111	116	-44
112	116	-44
113	116	-44
114	116	-44
115	116	-44
116	116	-44
117	116	-44
118	116	-44
119	116	-44
120	116	-44
121	116	-44
122	116	-44
123	116	-44
124	116	-44
125	116	-44
126	116	-44
127	116	-44
128	116	-44
129	116	-44
130	116	-44
131	116	-44
132	116	-44
133	116	-44
134	116	-44
135	116	-44
136	116	-44
137	116	-44
138	116	-44
139	116	-44
140	116	-44
141	116	-44
142	116	-44
143	116	-44
144	116	-44
145	116	-44
146	116	-44
147	116	-44
148	116	-44
149	116	-44
150	116	-44
151	116	-44
152	116	-44
153	116	-44
154	116	-44
155	116	-44
156	116	-44
157	116	-44
158	116	-44
163	113	-44
80	116	-44
164	114	-44
168	114	-44
165	115	-44
166	115	-44
167	115	-44
163	113	-44
169	113	-44
302	114	-36
303	115	-36
301	113	-36
430	113	-10
430	114	-10
430	115	-10
430	112	-10
431	116	-10
190	107	-43
191	108	-43
192	108	-43
193	109	-43
194	110	-43
195	110	-43
196	111	-43
197	111	-43
198	112	-43
199	113	-43
200	113	-43
201	114	-43
202	114	-43
204	114	-43
203	115	-43
205	115	-43
206	115	-43
208	115	-43
216	115	-43
217	115	-43
207	116	-43
209	116	-43
210	116	-43
211	116	-43
212	116	-43
213	116	-43
214	116	-43
215	116	-43
189	106	-43
218	114	-43
380	116	-20
379	115	-20
440	112	-7
441	113	-7
442	114	-7
442	115	-7
443	116	-7
440	111	-7
352	108	-17
354	108	-17
356	108	-17
350	109	-17
351	109	-17
353	109	-17
355	109	-17
357	109	-17
358	109	-17
360	109	-17
348	110	-17
349	110	-17
359	110	-17
361	110	-17
347	111	-17
362	111	-17
363	112	-17
364	112	-17
365	113	-17
366	114	-17
367	114	-17
368	114	-17
369	115	-17
370	116	-17
371	116	-17
372	117	-17
346	112	-17
373	118	-17
377	115	-21
378	115	-21
375	116	-21
376	116	-21
374	117	-21
379	115	-21
373	118	-21
430	117	-9
429	118	-9
431	116	-9
395	118	-12
394	119	-12
394	120	-12
393	121	-12
346	113	-20
346	114	-20
346	115	-20
347	116	-20
348	117	-20
349	118	-20
350	118	-20
351	119	-20
373	119	-20
352	120	-20
353	120	-20
372	120	-20
354	121	-20
355	121	-20
356	121	-20
357	121	-20
359	121	-20
370	121	-20
371	121	-20
358	122	-20
360	122	-20
361	122	-20
362	122	-20
363	122	-20
364	122	-20
365	122	-20
366	122	-20
367	122	-20
368	122	-20
369	122	-20
346	112	-20
373	118	-20
390	121	-13
392	121	-13
389	122	-13
391	122	-13
393	121	-13
414	123	-13
415	124	-13
417	120	-9
417	121	-9
417	122	-9
416	123	-9
415	124	-9
394	122	-12
394	123	-12
395	124	-12
393	121	-12
432	117	-6
432	118	-6
433	119	-6
433	120	-6
434	121	-6
435	122	-6
436	122	-6
437	123	-6
438	124	-6
431	116	-6
407	124	-13
406	125	-13
405	126	-13
403	126	-15
404	126	-15
405	126	-15
414	125	-11
414	126	-11
415	124	-11
79	117	-44
78	118	-44
78	119	-44
77	120	-44
77	121	-44
76	122	-44
76	123	-44
76	124	-44
76	125	-44
76	126	-44
77	127	-44
77	128	-44
78	129	-44
78	130	-44
79	131	-44
79	132	-44
80	116	-44
80	133	-44
299	114	-25
300	114	-25
298	115	-25
297	116	-25
295	117	-25
296	117	-25
294	118	-25
293	119	-25
293	120	-25
292	121	-25
292	122	-25
292	123	-25
291	124	-25
290	125	-25
289	126	-25
289	127	-25
288	128	-25
287	129	-25
286	130	-25
284	131	-25
285	131	-25
283	132	-25
301	113	-25
282	133	-25
406	127	-8
406	128	-8
406	129	-8
406	130	-8
406	131	-8
404	132	-8
405	132	-8
405	126	-8
419	131	-9
420	131	-9
421	132	-9
422	133	-9
155	131	-44
153	132	-44
154	132	-44
156	132	-44
157	132	-44
158	132	-44
81	133	-44
82	133	-44
83	133	-44
84	133	-44
85	133	-44
86	133	-44
87	133	-44
88	133	-44
89	133	-44
90	133	-44
91	133	-44
92	133	-44
93	133	-44
94	133	-44
95	133	-44
96	133	-44
97	133	-44
98	133	-44
99	133	-44
100	133	-44
101	133	-44
102	133	-44
103	133	-44
104	133	-44
105	133	-44
106	133	-44
107	133	-44
108	133	-44
109	133	-44
110	133	-44
111	133	-44
112	133	-44
113	133	-44
114	133	-44
115	133	-44
116	133	-44
117	133	-44
118	133	-44
119	133	-44
120	133	-44
121	133	-44
122	133	-44
123	133	-44
124	133	-44
125	133	-44
126	133	-44
127	133	-44
128	133	-44
129	133	-44
130	133	-44
131	133	-44
132	133	-44
133	133	-44
134	133	-44
135	133	-44
136	133	-44
137	133	-44
138	133	-44
139	133	-44
140	133	-44
141	133	-44
142	133	-44
143	133	-44
144	133	-44
145	133	-44
146	133	-44
147	133	-44
148	133	-44
149	133	-44
150	133	-44
151	133	-44
152	133	-44
159	133	-44
80	133	-44
160	134	-44
421	134	-7
422	133	-7
275	135	-40
276	135	-40
277	135	-40
274	136	-40
278	136	-40
273	137	-40
280	135	-38
281	134	-38
279	136	-38
384	135	-12
383	136	-12
423	134	-7
424	135	-7
422	133	-7
176	127	-42
172	128	-42
174	128	-42
175	128	-42
177	128	-42
178	128	-42
170	129	-42
171	129	-42
173	129	-42
179	129	-42
180	129	-42
166	130	-42
167	130	-42
168	130	-42
169	130	-42
181	130	-42
182	130	-42
183	130	-42
164	131	-42
165	131	-42
184	131	-42
162	132	-42
163	132	-42
185	132	-42
186	132	-42
161	133	-42
187	133	-42
189	133	-42
206	133	-42
208	133	-42
188	134	-42
190	134	-42
191	134	-42
196	134	-42
198	134	-42
199	134	-42
200	134	-42
201	134	-42
202	134	-42
203	134	-42
204	134	-42
205	134	-42
207	134	-42
209	134	-42
210	134	-42
192	135	-42
193	135	-42
194	135	-42
195	135	-42
197	135	-42
211	135	-42
212	135	-42
213	136	-42
214	136	-42
160	134	-42
215	137	-42
268	135	-40
270	135	-40
265	136	-40
267	136	-40
269	136	-40
271	136	-40
272	136	-40
263	137	-40
264	137	-40
266	137	-40
261	138	-40
262	138	-40
273	137	-40
260	139	-40
381	136	-14
382	136	-14
383	136	-14
384	137	-11
383	136	-11
222	132	-42
223	132	-42
224	132	-42
225	132	-42
226	132	-42
227	132	-42
228	132	-42
230	132	-42
231	132	-42
232	132	-42
233	132	-42
234	132	-42
220	133	-42
221	133	-42
229	133	-42
235	133	-42
236	133	-42
219	134	-42
237	134	-42
238	134	-42
217	135	-42
218	135	-42
239	135	-42
240	135	-42
216	136	-42
241	136	-42
242	137	-42
243	138	-42
215	137	-42
244	139	-42
254	138	-42
256	138	-42
258	138	-42
259	138	-42
245	139	-42
247	139	-42
249	139	-42
251	139	-42
253	139	-42
255	139	-42
257	139	-42
246	140	-42
248	140	-42
250	140	-42
252	140	-42
244	139	-42
260	139	-42
283	135	-35
284	136	-35
285	137	-35
285	138	-35
286	139	-35
287	140	-35
287	141	-35
287	142	-35
288	143	-35
282	134	-35
160	135	-43
160	136	-43
160	137	-43
161	138	-43
161	139	-43
162	140	-43
162	141	-43
162	142	-43
162	143	-43
162	144	-43
162	145	-43
160	134	-43
162	146	-43
215	138	-42
215	139	-42
214	140	-42
213	141	-42
212	142	-42
212	143	-42
212	144	-42
212	145	-42
212	146	-42
215	137	-42
212	147	-42
273	138	-31
273	139	-31
273	140	-31
273	141	-31
273	142	-31
273	143	-31
273	144	-31
273	145	-31
273	146	-31
273	137	-31
243	140	-41
241	141	-41
242	141	-41
239	142	-41
240	142	-41
237	143	-41
238	143	-41
235	144	-41
236	144	-41
234	145	-41
232	146	-41
233	146	-41
228	147	-41
229	147	-41
230	147	-41
231	147	-41
213	148	-41
214	148	-41
215	148	-41
224	148	-41
226	148	-41
227	148	-41
216	149	-41
217	149	-41
218	149	-41
219	149	-41
220	149	-41
221	149	-41
222	149	-41
223	149	-41
225	149	-41
244	139	-41
212	147	-41
171	145	-42
173	145	-42
174	145	-42
175	145	-42
176	145	-42
167	146	-42
168	146	-42
169	146	-42
170	146	-42
172	146	-42
177	146	-42
178	146	-42
179	146	-42
180	146	-42
164	147	-42
165	147	-42
166	147	-42
181	147	-42
182	147	-42
185	147	-42
183	148	-42
184	148	-42
186	148	-42
187	148	-42
188	148	-42
189	148	-42
198	148	-42
200	148	-42
201	148	-42
202	148	-42
203	148	-42
204	148	-42
205	148	-42
206	148	-42
207	148	-42
208	148	-42
209	148	-42
210	148	-42
211	148	-42
190	149	-42
191	149	-42
192	149	-42
193	149	-42
194	149	-42
195	149	-42
196	149	-42
197	149	-42
199	149	-42
163	147	-42
212	147	-42
260	140	-34
260	141	-34
260	142	-34
260	143	-34
260	144	-34
260	145	-34
260	146	-34
260	147	-34
260	148	-34
260	149	-34
261	150	-34
262	151	-34
260	139	-34
416	147	-6
417	147	-6
418	147	-6
419	148	-6
420	148	-6
421	149	-6
422	150	-6
423	150	-6
424	151	-6
79	134	-44
79	135	-44
78	136	-44
78	137	-44
77	138	-44
77	139	-44
77	140	-44
78	141	-44
78	142	-44
79	143	-44
79	144	-44
80	145	-44
80	146	-44
81	147	-44
81	148	-44
82	149	-44
82	150	-44
83	151	-44
83	152	-44
84	153	-44
80	133	-44
85	154	-44
264	153	-34
265	153	-34
279	138	-19
279	139	-19
279	140	-19
279	141	-19
279	142	-19
279	143	-19
279	144	-19
307	144	-19
279	145	-19
307	145	-19
279	146	-19
306	146	-19
279	147	-19
306	147	-19
278	148	-19
305	148	-19
279	149	-19
305	149	-19
279	150	-19
304	150	-19
280	151	-19
303	151	-19
281	152	-19
282	152	-19
283	152	-19
301	152	-19
302	152	-19
284	153	-19
286	153	-19
288	153	-19
290	153	-19
295	153	-19
298	153	-19
299	153	-19
300	153	-19
285	154	-19
287	154	-19
289	154	-19
291	154	-19
292	154	-19
293	154	-19
294	154	-19
296	154	-19
297	154	-19
279	137	-19
86	154	-44
87	154	-44
88	154	-44
89	154	-44
90	154	-44
91	154	-44
92	154	-44
93	154	-44
94	154	-44
95	154	-44
96	154	-44
97	154	-44
98	154	-44
99	154	-44
100	154	-44
101	154	-44
102	154	-44
103	154	-44
104	154	-44
105	154	-44
106	154	-44
107	154	-44
108	154	-44
109	154	-44
110	154	-44
111	154	-44
112	154	-44
113	154	-44
114	154	-44
115	154	-44
116	154	-44
117	154	-44
118	154	-44
119	154	-44
120	154	-44
121	154	-44
122	154	-44
123	154	-44
124	154	-44
125	154	-44
126	154	-44
127	154	-44
128	154	-44
129	154	-44
130	154	-44
131	154	-44
132	154	-44
133	154	-44
134	154	-44
135	154	-44
136	154	-44
137	154	-44
138	154	-44
139	154	-44
140	154	-44
141	154	-44
142	154	-44
143	154	-44
144	154	-44
145	154	-44
146	154	-44
147	154	-44
148	154	-44
149	154	-44
150	154	-44
151	154	-44
152	154	-44
153	154	-44
85	154	-44
154	155	-44
161	148	-43
160	149	-43
159	150	-43
158	151	-43
157	152	-43
156	153	-43
155	154	-43
162	147	-43
154	155	-43
267	154	-33
268	154	-33
269	154	-33
270	154	-33
271	154	-33
272	154	-33
273	154	-33
274	154	-33
275	154	-33
276	154	-33
277	154	-33
186	157	-37
185	158	-37
186	159	-37
185	158	-37
350	159	-17
349	160	-17
348	161	-17
347	160	-21
330	161	-21
333	161	-21
335	161	-21
345	161	-21
346	161	-21
326	162	-21
327	162	-21
328	162	-21
329	162	-21
331	162	-21
332	162	-21
334	162	-21
336	162	-21
337	162	-21
338	162	-21
340	162	-21
341	162	-21
342	162	-21
343	162	-21
344	162	-21
325	163	-21
339	163	-21
348	161	-21
324	164	-21
322	163	-22
323	164	-22
349	162	-20
350	163	-20
351	164	-20
348	161	-20
323	166	-22
323	165	-22
322	167	-22
323	168	-22
324	169	-22
324	170	-22
322	167	-22
155	156	-43
155	157	-43
155	158	-43
156	159	-43
156	160	-43
157	161	-43
157	162	-43
158	163	-43
159	164	-43
159	165	-43
160	166	-43
161	167	-43
162	168	-43
163	169	-43
163	170	-43
163	171	-43
154	155	-43
163	172	-43
315	170	-21
316	171	-21
317	172	-21
321	168	-22
320	169	-22
319	170	-22
318	171	-22
322	167	-22
317	172	-22
84	155	-44
83	156	-44
83	157	-44
82	158	-44
82	159	-44
81	160	-44
81	161	-44
80	162	-44
80	163	-44
79	164	-44
79	165	-44
78	166	-44
78	167	-44
77	168	-44
77	169	-44
77	170	-44
78	171	-44
78	172	-44
79	173	-44
79	174	-44
80	175	-44
85	154	-44
81	176	-44
161	173	-44
159	174	-44
160	174	-44
157	175	-44
158	175	-44
82	176	-44
83	176	-44
84	176	-44
85	176	-44
86	176	-44
87	176	-44
88	176	-44
89	176	-44
90	176	-44
91	176	-44
92	176	-44
93	176	-44
94	176	-44
95	176	-44
96	176	-44
97	176	-44
98	176	-44
99	176	-44
100	176	-44
101	176	-44
102	176	-44
103	176	-44
104	176	-44
105	176	-44
106	176	-44
107	176	-44
108	176	-44
109	176	-44
110	176	-44
111	176	-44
112	176	-44
113	176	-44
114	176	-44
115	176	-44
116	176	-44
117	176	-44
118	176	-44
119	176	-44
120	176	-44
121	176	-44
122	176	-44
123	176	-44
124	176	-44
125	176	-44
126	176	-44
127	176	-44
128	176	-44
129	176	-44
130	176	-44
131	176	-44
132	176	-44
133	176	-44
134	176	-44
135	176	-44
136	176	-44
137	176	-44
138	176	-44
139	176	-44
140	176	-44
141	176	-44
142	176	-44
143	176	-44
144	176	-44
145	176	-44
146	176	-44
147	176	-44
148	176	-44
149	176	-44
150	176	-44
151	176	-44
152	176	-44
153	176	-44
155	176	-44
156	176	-44
154	177	-44
162	173	-44
81	176	-44
238	166	-30
239	166	-30
237	167	-30
236	168	-30
237	169	-30
237	170	-30
237	171	-30
236	172	-30
236	173	-30
236	174	-30
236	175	-30
236	176	-30
236	177	-30
236	178	-30
316	173	-23
315	174	-23
315	175	-23
314	176	-23
313	177	-23
317	172	-23
312	178	-23
362	179	-14
361	180	-14
183	159	-38
184	159	-38
182	160	-38
181	161	-38
180	162	-38
180	163	-38
180	164	-38
179	165	-38
180	166	-38
179	167	-38
179	168	-38
179	169	-38
178	170	-38
178	171	-38
178	172	-38
178	173	-38
178	174	-38
178	175	-38
178	176	-38
178	177	-38
178	178	-38
178	179	-38
178	180	-38
185	158	-38
178	181	-38
164	174	-42
165	175	-42
166	176	-42
167	177	-42
168	178	-42
169	179	-42
170	180	-42
171	181	-42
172	181	-42
173	182	-42
174	182	-42
163	173	-42
175	183	-42
176	182	-42
177	182	-42
178	181	-42
175	183	-42
237	179	-42
238	180	-42
239	180	-42
240	181	-42
241	182	-42
236	178	-42
242	183	-42
360	181	-15
359	182	-15
357	183	-15
358	183	-15
356	184	-15
361	180	-15
355	185	-15
362	181	-14
363	182	-14
364	183	-14
365	184	-14
361	180	-14
174	184	-43
171	185	-43
172	185	-43
173	185	-43
169	186	-43
170	186	-43
167	187	-43
168	187	-43
165	188	-43
166	188	-43
164	189	-43
163	190	-43
162	191	-43
160	192	-43
161	192	-43
158	193	-43
159	193	-43
156	194	-43
157	194	-43
155	195	-43
84	196	-43
85	196	-43
86	196	-43
87	196	-43
88	196	-43
89	196	-43
90	196	-43
91	196	-43
92	196	-43
93	196	-43
94	196	-43
95	196	-43
96	196	-43
97	196	-43
98	196	-43
99	196	-43
100	196	-43
101	196	-43
102	196	-43
103	196	-43
104	196	-43
105	196	-43
106	196	-43
107	196	-43
108	196	-43
109	196	-43
110	196	-43
111	196	-43
112	196	-43
113	196	-43
114	196	-43
115	196	-43
116	196	-43
117	196	-43
118	196	-43
119	196	-43
120	196	-43
121	196	-43
122	196	-43
123	196	-43
124	196	-43
125	196	-43
126	196	-43
127	196	-43
128	196	-43
129	196	-43
130	196	-43
131	196	-43
132	196	-43
133	196	-43
134	196	-43
135	196	-43
136	196	-43
137	196	-43
138	196	-43
139	196	-43
140	196	-43
141	196	-43
142	196	-43
143	196	-43
144	196	-43
145	196	-43
146	196	-43
147	196	-43
148	196	-43
149	196	-43
150	196	-43
151	196	-43
152	196	-43
153	196	-43
154	196	-43
175	183	-43
83	196	-43
354	184	-19
351	185	-19
352	185	-19
353	185	-19
355	185	-19
350	186	-19
338	185	-20
340	185	-20
342	185	-20
343	185	-20
345	185	-20
346	185	-20
348	185	-20
349	185	-20
333	186	-20
334	186	-20
335	186	-20
336	186	-20
337	186	-20
339	186	-20
341	186	-20
344	186	-20
347	186	-20
329	187	-20
330	187	-20
331	187	-20
332	187	-20
325	188	-20
326	188	-20
327	188	-20
328	188	-20
350	186	-20
324	188	-20
313	180	-23
314	181	-23
314	182	-23
315	183	-23
316	183	-23
317	184	-23
318	185	-23
319	186	-23
320	187	-23
321	187	-23
322	187	-23
312	179	-23
323	188	-23
216	187	-42
217	187	-42
218	187	-42
214	188	-42
215	188	-42
219	188	-42
220	188	-42
213	189	-42
221	189	-42
212	190	-42
233	179	-42
235	179	-42
232	180	-42
234	180	-42
231	181	-42
230	182	-42
229	183	-42
227	184	-42
228	184	-42
226	185	-42
224	186	-42
225	186	-42
223	187	-42
222	188	-42
236	178	-42
221	189	-42
179	182	-41
180	182	-41
181	183	-41
182	183	-41
183	184	-41
184	184	-41
185	185	-41
186	185	-41
188	185	-41
190	185	-41
187	186	-41
189	186	-41
191	186	-41
192	186	-41
193	186	-41
194	186	-41
195	186	-41
196	186	-41
197	186	-41
198	186	-41
199	186	-41
201	186	-41
200	187	-41
202	187	-41
203	187	-41
204	187	-41
205	187	-41
206	187	-41
207	187	-41
208	187	-41
209	188	-41
210	188	-41
211	189	-41
178	181	-41
212	190	-41
323	190	-22
323	189	-22
310	179	-27
308	180	-27
309	180	-27
307	181	-27
306	182	-27
304	183	-27
305	183	-27
303	184	-27
302	185	-27
300	186	-27
301	186	-27
299	187	-27
298	188	-27
297	189	-27
296	190	-27
295	191	-27
311	179	-27
294	192	-27
355	186	-13
356	187	-13
356	188	-13
357	189	-13
358	189	-13
359	190	-13
364	190	-13
360	191	-13
364	191	-13
361	192	-13
362	192	-13
364	192	-13
363	193	-13
355	185	-13
221	190	-42
221	191	-42
221	192	-42
221	193	-42
221	194	-42
221	189	-42
221	195	-42
244	183	-35
246	183	-35
247	183	-35
249	183	-35
251	183	-35
253	183	-35
255	183	-35
245	184	-35
248	184	-35
250	184	-35
252	184	-35
254	184	-35
256	184	-35
257	184	-35
258	184	-35
259	184	-35
260	184	-35
261	184	-35
262	184	-35
263	185	-35
264	185	-35
265	185	-35
266	186	-35
267	187	-35
268	187	-35
269	188	-35
270	189	-35
271	189	-35
272	189	-35
273	190	-35
274	190	-35
275	191	-35
276	192	-35
278	192	-35
290	192	-35
292	192	-35
293	192	-35
277	193	-35
279	193	-35
280	193	-35
281	193	-35
282	193	-35
284	193	-35
286	193	-35
288	193	-35
289	193	-35
291	193	-35
283	194	-35
285	194	-35
287	194	-35
243	183	-35
294	192	-35
80	177	-44
79	178	-44
79	179	-44
78	180	-44
78	181	-44
77	182	-44
77	183	-44
76	184	-44
77	185	-44
77	186	-44
78	187	-44
78	188	-44
79	189	-44
79	190	-44
80	191	-44
80	192	-44
81	193	-44
81	194	-44
82	195	-44
81	176	-44
83	196	-44
350	187	-13
350	188	-13
350	189	-13
350	190	-13
350	191	-13
349	192	-13
350	193	-13
349	194	-13
350	195	-13
350	186	-13
212	191	-41
212	192	-41
212	193	-41
212	194	-41
212	195	-41
212	196	-41
212	197	-41
212	198	-41
212	190	-41
213	199	-41
82	197	-44
81	198	-44
82	199	-44
83	196	-44
83	200	-44
264	198	-34
264	199	-34
265	200	-34
266	199	-34
265	200	-34
403	196	-12
403	197	-12
404	198	-12
403	199	-12
403	200	-12
220	196	-40
219	197	-40
218	198	-40
217	199	-40
215	200	-40
216	200	-40
221	195	-40
214	200	-40
404	201	-13
403	200	-13
295	193	-29
295	194	-29
296	195	-29
297	196	-29
297	197	-29
298	198	-29
298	199	-29
299	200	-29
300	201	-29
300	202	-29
294	192	-29
242	185	-32
242	186	-32
242	187	-32
242	188	-32
242	189	-32
242	190	-32
241	191	-32
240	192	-32
240	193	-32
239	194	-32
239	195	-32
239	196	-32
239	197	-32
239	198	-32
239	199	-32
238	200	-32
238	201	-32
238	202	-32
238	203	-32
242	184	-32
238	204	-32
212	201	-42
211	202	-42
210	203	-42
210	204	-42
213	200	-42
209	205	-42
222	196	-41
223	197	-41
224	198	-41
225	199	-41
226	199	-41
227	200	-41
228	201	-41
229	202	-41
230	203	-41
231	204	-41
232	204	-41
221	195	-41
233	205	-41
402	201	-14
401	202	-14
400	203	-14
398	204	-14
399	204	-14
397	205	-14
403	200	-14
396	206	-14
84	200	-42
85	200	-42
86	200	-42
87	200	-42
88	200	-42
89	200	-42
90	200	-42
91	200	-42
92	200	-42
93	200	-42
94	200	-42
95	200	-42
96	200	-42
97	200	-42
98	200	-42
99	200	-42
100	200	-42
101	200	-42
102	200	-42
103	200	-42
104	200	-42
105	200	-42
106	200	-42
107	200	-42
108	200	-42
109	200	-42
110	200	-42
111	200	-42
112	200	-42
113	200	-42
114	200	-42
115	200	-42
116	200	-42
117	200	-42
118	200	-42
119	200	-42
120	200	-42
121	200	-42
122	200	-42
123	200	-42
124	200	-42
125	200	-42
126	200	-42
127	200	-42
128	200	-42
129	200	-42
130	200	-42
131	200	-42
132	200	-42
133	200	-42
134	200	-42
135	200	-42
136	200	-42
137	200	-42
138	200	-42
139	200	-42
140	200	-42
141	200	-42
142	200	-42
143	200	-42
144	200	-42
145	200	-42
146	200	-42
147	200	-42
148	200	-42
149	200	-42
150	200	-42
151	200	-42
152	200	-42
153	201	-42
154	201	-42
155	202	-42
156	202	-42
157	203	-42
158	203	-42
186	203	-42
188	203	-42
190	203	-42
191	203	-42
192	203	-42
193	203	-42
194	203	-42
195	203	-42
196	203	-42
198	203	-42
159	204	-42
160	204	-42
183	204	-42
185	204	-42
187	204	-42
189	204	-42
197	204	-42
199	204	-42
200	204	-42
201	204	-42
161	205	-42
162	205	-42
180	205	-42
181	205	-42
182	205	-42
184	205	-42
202	205	-42
203	205	-42
204	205	-42
205	205	-42
207	205	-42
163	206	-42
164	206	-42
175	206	-42
176	206	-42
177	206	-42
178	206	-42
179	206	-42
206	206	-42
165	207	-42
166	207	-42
167	207	-42
168	207	-42
170	207	-42
172	207	-42
173	207	-42
174	207	-42
169	208	-42
171	208	-42
83	200	-42
208	206	-42
234	206	-42
235	206	-42
236	206	-42
233	205	-42
237	205	-42
309	206	-26
308	207	-26
391	205	-16
393	205	-16
394	205	-16
389	206	-16
390	206	-16
392	206	-16
386	207	-16
387	207	-16
388	207	-16
382	208	-16
383	208	-16
384	208	-16
385	208	-16
380	209	-16
381	209	-16
377	210	-16
378	210	-16
379	210	-16
375	211	-16
376	211	-16
372	212	-16
373	212	-16
374	212	-16
371	213	-16
370	214	-16
367	215	-16
368	215	-16
369	215	-16
335	216	-16
337	216	-16
339	216	-16
341	216	-16
343	216	-16
364	216	-16
365	216	-16
366	216	-16
323	217	-16
325	217	-16
327	217	-16
328	217	-16
329	217	-16
330	217	-16
331	217	-16
332	217	-16
333	217	-16
334	217	-16
336	217	-16
338	217	-16
340	217	-16
342	217	-16
344	217	-16
345	217	-16
346	217	-16
347	217	-16
348	217	-16
350	217	-16
352	217	-16
358	217	-16
360	217	-16
361	217	-16
362	217	-16
363	217	-16
286	218	-16
316	218	-16
318	218	-16
320	218	-16
321	218	-16
322	218	-16
324	218	-16
326	218	-16
349	218	-16
351	218	-16
353	218	-16
354	218	-16
355	218	-16
356	218	-16
357	218	-16
359	218	-16
285	219	-16
287	219	-16
288	219	-16
289	219	-16
291	219	-16
311	219	-16
313	219	-16
314	219	-16
315	219	-16
317	219	-16
319	219	-16
290	220	-16
292	220	-16
294	220	-16
296	220	-16
298	220	-16
300	220	-16
302	220	-16
304	220	-16
306	220	-16
308	220	-16
309	220	-16
310	220	-16
312	220	-16
293	221	-16
295	221	-16
297	221	-16
299	221	-16
301	221	-16
303	221	-16
305	221	-16
307	221	-16
395	206	-16
284	218	-16
264	201	-35
263	202	-35
262	203	-35
261	204	-35
261	205	-35
260	206	-35
260	207	-35
259	208	-35
265	200	-35
258	209	-35
304	208	-24
305	208	-24
306	208	-24
307	207	-24
394	209	-15
395	208	-15
239	206	-41
240	206	-41
241	207	-41
242	207	-41
243	208	-41
244	208	-41
245	209	-41
246	209	-41
247	209	-41
248	210	-41
249	210	-41
250	210	-41
252	210	-41
253	210	-41
254	210	-41
255	210	-41
256	210	-41
251	211	-41
238	205	-41
257	209	-41
308	209	-24
308	210	-24
308	208	-24
390	210	-16
391	210	-16
392	210	-16
396	209	-15
396	210	-15
395	208	-15
425	210	-4
426	210	-4
427	210	-4
428	210	-4
429	210	-4
430	210	-4
431	210	-4
421	211	-4
422	211	-4
423	211	-4
424	211	-4
432	211	-4
433	211	-4
210	207	-42
211	208	-42
212	208	-42
213	209	-42
214	209	-42
215	210	-42
216	211	-42
217	212	-42
218	212	-42
219	212	-42
209	206	-42
220	213	-42
232	206	-42
230	207	-42
231	207	-42
229	208	-42
227	209	-42
228	209	-42
226	210	-42
224	211	-42
225	211	-42
222	212	-42
223	212	-42
233	205	-42
221	213	-42
259	211	-34
260	211	-34
261	212	-34
261	213	-34
262	214	-34
263	214	-34
264	215	-34
265	216	-34
266	217	-34
267	217	-34
282	217	-34
268	218	-34
281	218	-34
269	219	-34
270	219	-34
279	219	-34
280	219	-34
271	220	-34
276	220	-34
277	220	-34
278	220	-34
272	221	-34
273	221	-34
274	221	-34
275	221	-34
258	210	-34
283	218	-34
282	220	-41
283	219	-41
221	215	-41
221	216	-41
222	217	-41
222	218	-41
221	219	-41
221	220	-41
221	221	-41
221	214	-41
221	222	-41
82	201	-44
81	202	-44
81	203	-44
80	204	-44
80	205	-44
79	206	-44
79	207	-44
78	208	-44
78	209	-44
77	210	-44
77	211	-44
76	212	-44
76	213	-44
75	214	-44
76	215	-44
76	216	-44
77	217	-44
77	218	-44
78	219	-44
78	220	-44
79	221	-44
79	222	-44
83	200	-44
80	223	-44
190	222	-43
192	222	-43
194	222	-43
196	222	-43
198	222	-43
200	222	-43
202	222	-43
204	222	-43
206	222	-43
208	222	-43
209	222	-43
210	222	-43
211	222	-43
212	222	-43
214	222	-43
182	223	-43
184	223	-43
185	223	-43
186	223	-43
187	223	-43
188	223	-43
189	223	-43
191	223	-43
193	223	-43
195	223	-43
197	223	-43
199	223	-43
201	223	-43
203	223	-43
205	223	-43
207	223	-43
213	223	-43
215	223	-43
216	223	-43
217	223	-43
218	223	-43
180	224	-43
181	224	-43
183	224	-43
219	224	-43
178	225	-43
179	225	-43
176	226	-43
177	226	-43
174	227	-43
175	227	-43
173	228	-43
220	223	-43
172	229	-43
246	222	-43
248	222	-43
249	222	-43
250	222	-43
252	222	-43
254	222	-43
256	222	-43
244	223	-43
245	223	-43
247	223	-43
251	223	-43
253	223	-43
255	223	-43
257	223	-43
258	223	-43
259	223	-43
260	223	-43
261	223	-43
262	223	-43
264	223	-43
266	223	-43
243	224	-43
263	224	-43
265	224	-43
267	224	-43
241	225	-43
242	225	-43
240	226	-43
239	227	-43
237	228	-43
238	228	-43
236	229	-43
155	221	-44
156	221	-44
157	221	-44
158	221	-44
153	222	-44
154	222	-44
159	222	-44
160	222	-44
81	223	-44
82	223	-44
83	223	-44
84	223	-44
85	223	-44
86	223	-44
87	223	-44
88	223	-44
89	223	-44
90	223	-44
91	223	-44
92	223	-44
93	223	-44
94	223	-44
95	223	-44
96	223	-44
97	223	-44
98	223	-44
99	223	-44
100	223	-44
101	223	-44
102	223	-44
103	223	-44
104	223	-44
105	223	-44
106	223	-44
107	223	-44
108	223	-44
109	223	-44
110	223	-44
111	223	-44
112	223	-44
113	223	-44
114	223	-44
115	223	-44
116	223	-44
117	223	-44
118	223	-44
119	223	-44
120	223	-44
121	223	-44
122	223	-44
123	223	-44
124	223	-44
125	223	-44
126	223	-44
127	223	-44
128	223	-44
129	223	-44
130	223	-44
131	223	-44
132	223	-44
133	223	-44
134	223	-44
135	223	-44
136	223	-44
137	223	-44
138	223	-44
139	223	-44
140	223	-44
141	223	-44
142	223	-44
143	223	-44
144	223	-44
145	223	-44
146	223	-44
147	223	-44
148	223	-44
149	223	-44
150	223	-44
151	223	-44
152	223	-44
161	223	-44
162	224	-44
163	224	-44
164	225	-44
165	226	-44
166	226	-44
167	227	-44
80	223	-44
168	228	-44
170	228	-43
171	229	-43
169	228	-43
172	229	-43
222	224	-43
223	224	-43
224	225	-43
225	226	-43
226	226	-43
227	227	-43
229	227	-43
228	228	-43
230	228	-43
231	228	-43
232	228	-43
233	228	-43
234	229	-43
235	229	-43
221	223	-43
236	229	-43
237	230	-43
237	231	-43
238	232	-43
236	229	-43
239	233	-43
337	233	-23
336	234	-23
327	234	-25
328	234	-25
329	234	-25
330	234	-25
331	234	-25
332	234	-25
333	234	-25
334	234	-25
325	235	-25
326	235	-25
324	236	-25
322	237	-25
323	237	-25
335	234	-25
321	238	-25
79	224	-44
79	225	-44
78	226	-44
78	227	-44
77	228	-44
77	229	-44
77	230	-44
78	231	-44
78	232	-44
79	233	-44
79	234	-44
80	235	-44
80	236	-44
81	237	-44
81	238	-44
80	223	-44
82	239	-44
238	234	-42
237	235	-42
236	236	-42
235	237	-42
235	238	-42
239	233	-42
235	239	-42
240	234	-42
241	235	-42
242	236	-42
242	237	-42
242	238	-42
239	233	-42
242	239	-42
400	237	-12
401	238	-12
402	239	-12
408	235	-11
409	235	-11
407	236	-11
406	237	-11
404	238	-11
405	238	-11
403	239	-11
167	230	-43
165	231	-43
166	231	-43
164	232	-43
163	233	-43
162	234	-43
160	235	-43
161	235	-43
159	236	-43
157	237	-43
158	237	-43
155	238	-43
156	238	-43
83	239	-43
84	239	-43
85	239	-43
86	239	-43
87	239	-43
88	239	-43
89	239	-43
90	239	-43
91	239	-43
92	239	-43
93	239	-43
94	239	-43
95	239	-43
96	239	-43
97	239	-43
98	239	-43
99	239	-43
100	239	-43
101	239	-43
102	239	-43
103	239	-43
104	239	-43
105	239	-43
106	239	-43
107	239	-43
108	239	-43
109	239	-43
110	239	-43
111	239	-43
112	239	-43
113	239	-43
114	239	-43
115	239	-43
116	239	-43
117	239	-43
118	239	-43
119	239	-43
120	239	-43
121	239	-43
122	239	-43
123	239	-43
124	239	-43
125	239	-43
126	239	-43
127	239	-43
128	239	-43
129	239	-43
130	239	-43
131	239	-43
132	239	-43
133	239	-43
134	239	-43
135	239	-43
136	239	-43
137	239	-43
138	239	-43
139	239	-43
140	239	-43
141	239	-43
142	239	-43
143	239	-43
144	239	-43
145	239	-43
146	239	-43
147	239	-43
148	239	-43
149	239	-43
150	239	-43
151	239	-43
152	239	-43
153	239	-43
154	239	-43
168	229	-43
82	239	-43
317	238	-28
315	239	-28
316	239	-28
318	239	-28
319	239	-28
313	240	-28
314	240	-28
312	241	-28
310	242	-28
311	242	-28
309	243	-28
308	244	-28
307	245	-28
305	246	-28
306	246	-28
304	247	-28
320	238	-28
303	248	-28
173	230	-42
174	230	-42
175	231	-42
176	231	-42
177	232	-42
178	232	-42
179	233	-42
180	233	-42
181	234	-42
182	234	-42
183	234	-42
184	234	-42
185	234	-42
186	234	-42
188	234	-42
190	234	-42
192	234	-42
194	234	-42
196	234	-42
198	234	-42
200	234	-42
202	234	-42
204	234	-42
206	234	-42
208	234	-42
210	234	-42
187	235	-42
189	235	-42
191	235	-42
193	235	-42
195	235	-42
197	235	-42
199	235	-42
201	235	-42
203	235	-42
205	235	-42
207	235	-42
209	235	-42
211	235	-42
212	235	-42
213	235	-42
215	235	-42
214	236	-42
216	236	-42
217	236	-42
218	236	-42
219	237	-42
220	237	-42
221	237	-42
222	237	-42
223	238	-42
224	238	-42
225	238	-42
226	238	-42
228	238	-42
232	238	-42
227	239	-42
229	239	-42
230	239	-42
231	239	-42
233	239	-42
234	240	-42
172	229	-42
235	239	-42
236	240	-43
238	240	-43
239	240	-43
240	240	-43
237	241	-43
235	239	-43
241	240	-43
337	236	-21
338	236	-21
339	237	-21
340	238	-21
341	239	-21
342	239	-21
343	240	-21
344	241	-21
336	235	-21
345	242	-21
346	241	-25
345	242	-25
362	239	-22
364	239	-22
365	239	-22
367	239	-22
368	239	-22
361	240	-22
363	240	-22
366	240	-22
369	240	-22
370	240	-22
358	241	-22
359	241	-22
360	241	-22
371	241	-22
354	242	-22
356	242	-22
357	242	-22
372	242	-22
353	243	-22
355	243	-22
352	244	-22
349	245	-22
350	245	-22
351	245	-22
373	243	-22
348	244	-22
386	235	-13
384	236	-13
385	236	-13
383	237	-13
383	238	-13
382	239	-13
382	240	-13
381	241	-13
381	242	-13
381	243	-13
243	241	-43
244	242	-43
245	243	-43
242	240	-43
246	244	-43
346	243	-27
345	242	-27
347	244	-27
404	242	-11
405	242	-11
406	242	-11
407	242	-11
408	242	-11
409	242	-11
410	242	-11
411	243	-11
403	242	-11
374	242	-19
375	243	-19
376	243	-19
377	243	-19
379	243	-19
378	244	-19
380	244	-19
373	243	-19
381	243	-19
393	244	-14
394	244	-14
395	244	-14
396	244	-14
397	244	-14
392	245	-14
390	246	-14
391	246	-14
398	244	-14
389	247	-14
255	239	-37
256	239	-37
257	239	-37
258	239	-37
253	240	-37
254	240	-37
259	240	-37
260	240	-37
251	241	-37
252	241	-37
261	241	-37
249	242	-37
250	242	-37
261	242	-37
248	243	-37
262	243	-37
263	244	-37
264	244	-37
265	245	-37
247	244	-37
244	246	-42
245	246	-42
246	246	-42
203	247	-42
205	247	-42
206	247	-42
207	247	-42
209	247	-42
242	247	-42
243	247	-42
201	248	-42
202	248	-42
204	248	-42
208	248	-42
210	248	-42
211	248	-42
212	248	-42
240	248	-42
241	248	-42
199	249	-42
200	249	-42
213	249	-42
214	249	-42
215	249	-42
216	249	-42
218	249	-42
220	249	-42
222	249	-42
224	249	-42
226	249	-42
227	249	-42
228	249	-42
229	249	-42
230	249	-42
231	249	-42
232	249	-42
233	249	-42
234	249	-42
235	249	-42
236	249	-42
237	249	-42
238	249	-42
239	249	-42
197	250	-42
198	250	-42
217	250	-42
219	250	-42
221	250	-42
223	250	-42
225	250	-42
196	251	-42
194	252	-42
195	252	-42
192	253	-42
193	253	-42
191	254	-42
247	245	-42
190	255	-42
81	240	-44
81	241	-44
80	242	-44
80	243	-44
80	244	-44
81	245	-44
81	246	-44
82	247	-44
82	239	-44
83	248	-44
322	240	-27
323	241	-27
324	242	-27
325	243	-27
326	243	-27
327	244	-27
328	244	-27
329	245	-27
330	245	-27
331	245	-27
332	245	-27
333	245	-27
334	246	-27
335	246	-27
336	246	-27
337	246	-27
338	246	-27
339	246	-27
340	246	-27
341	246	-27
343	246	-27
345	246	-27
346	246	-27
342	247	-27
344	247	-27
321	239	-27
347	245	-27
382	244	-16
383	245	-16
384	245	-16
385	246	-16
386	247	-16
387	247	-16
388	247	-16
381	243	-16
389	247	-16
373	244	-19
371	245	-19
372	245	-19
369	246	-19
370	246	-19
368	247	-19
365	248	-19
366	248	-19
367	248	-19
364	249	-19
363	250	-19
361	251	-19
362	251	-19
360	252	-19
373	243	-19
359	253	-19
249	246	-40
250	246	-40
251	247	-40
252	247	-40
253	248	-40
254	249	-40
255	249	-40
256	250	-40
278	250	-40
279	250	-40
280	250	-40
281	250	-40
282	250	-40
257	251	-40
258	251	-40
275	251	-40
276	251	-40
277	251	-40
259	252	-40
260	252	-40
261	252	-40
262	252	-40
264	252	-40
269	252	-40
271	252	-40
272	252	-40
273	252	-40
274	252	-40
263	253	-40
265	253	-40
266	253	-40
267	253	-40
268	253	-40
270	253	-40
248	245	-40
283	251	-40
303	250	-34
304	249	-34
304	251	-34
399	246	-16
399	247	-16
398	248	-16
397	249	-16
396	250	-16
399	245	-16
395	251	-16
401	245	-12
402	246	-12
403	247	-12
403	248	-12
404	249	-12
405	250	-12
401	244	-12
302	248	-34
299	249	-34
301	249	-34
285	250	-34
286	250	-34
287	250	-34
288	250	-34
289	250	-34
290	250	-34
291	250	-34
292	250	-34
293	250	-34
294	250	-34
296	250	-34
298	250	-34
300	250	-34
295	251	-34
297	251	-34
303	248	-34
284	251	-34
305	249	-34
306	249	-34
307	250	-34
308	251	-34
304	249	-34
309	252	-34
390	248	-17
391	249	-17
392	250	-17
393	251	-17
389	247	-17
394	251	-17
357	248	-22
358	249	-22
358	250	-22
358	251	-22
358	252	-22
359	253	-22
376	251	-17
375	252	-17
374	253	-17
374	254	-17
305	252	-33
306	253	-33
308	253	-33
307	254	-33
304	251	-33
309	252	-33
310	253	-33
311	254	-33
312	254	-33
309	252	-33
313	255	-33
189	254	-43
178	255	-43
180	255	-43
182	255	-43
184	255	-43
185	255	-43
186	255	-43
187	255	-43
188	255	-43
173	256	-43
175	256	-43
176	256	-43
177	256	-43
179	256	-43
181	256	-43
183	256	-43
170	257	-43
171	257	-43
172	257	-43
174	257	-43
168	258	-43
169	258	-43
190	255	-43
167	259	-43
314	254	-21
316	254	-21
317	254	-21
318	254	-21
320	254	-21
352	254	-21
355	254	-21
315	255	-21
319	255	-21
321	255	-21
322	255	-21
323	255	-21
324	255	-21
349	255	-21
350	255	-21
351	255	-21
353	255	-21
354	255	-21
356	255	-21
357	255	-21
325	256	-21
326	256	-21
327	256	-21
328	256	-21
341	256	-21
343	256	-21
344	256	-21
345	256	-21
346	256	-21
347	256	-21
348	256	-21
329	257	-21
331	257	-21
333	257	-21
335	257	-21
336	257	-21
337	257	-21
338	257	-21
339	257	-21
340	257	-21
342	257	-21
330	258	-21
332	258	-21
334	258	-21
358	254	-21
313	255	-21
375	255	-17
374	254	-17
418	253	-10
417	254	-10
417	255	-10
416	256	-10
416	257	-10
84	248	-43
85	248	-43
86	248	-43
87	248	-43
88	248	-43
89	248	-43
90	248	-43
91	248	-43
92	248	-43
93	248	-43
94	248	-43
95	248	-43
96	248	-43
97	248	-43
98	248	-43
99	248	-43
100	248	-43
101	248	-43
102	248	-43
103	248	-43
104	248	-43
105	248	-43
106	248	-43
107	248	-43
108	248	-43
109	248	-43
110	248	-43
111	248	-43
112	248	-43
113	248	-43
114	248	-43
115	248	-43
116	248	-43
117	248	-43
118	248	-43
119	248	-43
120	248	-43
121	248	-43
122	248	-43
123	248	-43
124	248	-43
125	248	-43
126	248	-43
127	248	-43
128	248	-43
129	248	-43
130	248	-43
131	248	-43
132	248	-43
133	248	-43
134	248	-43
135	248	-43
136	248	-43
137	248	-43
138	248	-43
139	248	-43
140	248	-43
141	248	-43
142	248	-43
143	248	-43
144	248	-43
145	248	-43
146	248	-43
147	248	-43
148	248	-43
149	248	-43
150	248	-43
151	248	-43
152	248	-43
153	248	-43
154	248	-43
155	248	-43
156	249	-43
157	250	-43
158	251	-43
159	252	-43
160	253	-43
161	254	-43
162	254	-43
163	255	-43
164	256	-43
165	257	-43
83	248	-43
166	258	-43
359	255	-21
360	256	-21
361	257	-21
358	254	-21
362	258	-21
372	255	-17
373	255	-17
371	256	-17
368	257	-17
369	257	-17
370	257	-17
364	258	-17
365	258	-17
366	258	-17
367	258	-17
374	254	-17
363	258	-17
303	252	-28
303	253	-28
303	254	-28
303	255	-28
303	256	-28
304	257	-28
305	258	-28
304	251	-28
306	259	-28
395	253	-14
395	254	-14
396	255	-14
395	256	-14
396	257	-14
397	258	-14
398	259	-14
399	259	-14
395	252	-14
418	258	-10
421	258	-10
419	259	-10
420	259	-10
417	258	-10
82	249	-44
81	250	-44
81	251	-44
80	252	-44
80	253	-44
79	254	-44
79	255	-44
78	256	-44
78	257	-44
78	258	-44
79	259	-44
79	260	-44
83	248	-44
80	261	-44
311	256	-27
312	256	-27
310	257	-27
309	258	-27
308	259	-27
307	260	-27
313	255	-27
306	259	-27
411	260	-13
412	261	-13
165	260	-44
164	261	-44
166	259	-44
163	262	-44
415	259	-12
414	260	-12
413	261	-12
416	258	-12
412	261	-12
81	261	-44
82	261	-44
83	261	-44
84	261	-44
85	261	-44
86	261	-44
87	261	-44
88	261	-44
89	261	-44
90	261	-44
91	261	-44
92	261	-44
93	261	-44
94	261	-44
95	261	-44
96	261	-44
97	261	-44
98	261	-44
99	261	-44
100	261	-44
101	261	-44
102	261	-44
103	261	-44
104	261	-44
105	261	-44
106	261	-44
107	261	-44
108	261	-44
109	261	-44
110	261	-44
111	261	-44
112	261	-44
113	261	-44
114	261	-44
115	261	-44
116	261	-44
117	261	-44
118	261	-44
119	261	-44
120	261	-44
121	261	-44
122	261	-44
123	261	-44
124	261	-44
125	261	-44
126	261	-44
127	261	-44
128	261	-44
129	261	-44
130	261	-44
131	261	-44
132	261	-44
133	261	-44
134	261	-44
135	261	-44
136	261	-44
137	261	-44
138	261	-44
139	261	-44
140	261	-44
141	261	-44
142	261	-44
143	261	-44
144	261	-44
145	261	-44
146	261	-44
147	261	-44
148	261	-44
149	261	-44
150	261	-44
151	262	-44
152	262	-44
159	262	-44
160	262	-44
161	262	-44
153	263	-44
154	263	-44
156	263	-44
157	263	-44
158	263	-44
155	264	-44
80	261	-44
162	262	-44
276	259	-42
277	260	-42
277	261	-42
277	262	-42
278	263	-42
284	253	-37
284	254	-37
284	255	-37
284	256	-37
284	257	-37
283	258	-37
282	259	-37
281	260	-37
280	261	-37
279	262	-37
284	252	-37
278	263	-37
408	261	-12
409	262	-12
410	262	-12
411	262	-12
191	258	-42
191	259	-42
191	260	-42
191	261	-42
191	262	-42
191	263	-42
191	264	-42
191	257	-42
193	256	-42
194	257	-42
195	258	-42
196	258	-42
233	258	-42
235	258	-42
236	258	-42
237	258	-42
238	258	-42
239	258	-42
240	258	-42
241	258	-42
242	258	-42
243	258	-42
197	259	-42
198	259	-42
232	259	-42
234	259	-42
244	259	-42
245	259	-42
246	259	-42
248	259	-42
199	260	-42
200	260	-42
202	260	-42
204	260	-42
206	260	-42
226	260	-42
228	260	-42
229	260	-42
230	260	-42
231	260	-42
247	260	-42
249	260	-42
250	260	-42
251	260	-42
201	261	-42
203	261	-42
205	261	-42
207	261	-42
208	261	-42
209	261	-42
210	261	-42
211	261	-42
212	261	-42
213	261	-42
215	261	-42
217	261	-42
219	261	-42
221	261	-42
223	261	-42
224	261	-42
225	261	-42
227	261	-42
252	261	-42
253	261	-42
254	261	-42
256	261	-42
214	262	-42
216	262	-42
218	262	-42
220	262	-42
222	262	-42
255	262	-42
257	262	-42
258	262	-42
259	262	-42
260	262	-42
261	262	-42
262	262	-42
263	262	-42
264	262	-42
265	262	-42
266	263	-42
267	263	-42
268	263	-42
269	263	-42
270	263	-42
272	263	-42
274	263	-42
271	264	-42
273	264	-42
275	264	-42
192	256	-42
276	264	-42
412	263	-10
413	264	-10
414	265	-10
411	262	-10
362	260	-18
362	261	-18
362	262	-18
362	263	-18
361	264	-18
362	265	-18
363	266	-18
364	267	-18
365	268	-18
366	268	-18
367	268	-18
368	268	-18
369	268	-18
370	268	-18
371	268	-18
372	268	-18
373	268	-18
362	259	-18
374	269	-18
375	268	-17
374	269	-17
305	260	-27
304	261	-27
302	262	-27
303	262	-27
300	263	-27
301	263	-27
299	264	-27
298	265	-27
278	266	-27
279	266	-27
296	266	-27
297	266	-27
280	267	-27
292	267	-27
294	267	-27
295	267	-27
281	268	-27
282	268	-27
290	268	-27
291	268	-27
293	268	-27
283	269	-27
285	269	-27
287	269	-27
288	269	-27
289	269	-27
284	270	-27
286	270	-27
306	259	-27
277	265	-27
317	260	-21
315	261	-21
316	261	-21
314	262	-21
313	263	-21
312	264	-21
311	265	-21
311	266	-21
310	267	-21
309	268	-21
308	269	-21
374	270	-17
374	269	-17
163	264	-43
163	265	-43
163	266	-43
163	267	-43
163	268	-43
163	269	-43
163	270	-43
163	271	-43
163	272	-43
163	273	-43
163	274	-43
163	275	-43
163	276	-43
163	263	-43
163	277	-43
205	274	-42
206	274	-42
207	274	-42
201	275	-42
202	275	-42
203	275	-42
204	275	-42
208	275	-42
209	275	-42
197	276	-42
198	276	-42
199	276	-42
200	276	-42
210	276	-42
196	277	-42
192	278	-42
193	278	-42
194	278	-42
195	278	-42
191	279	-42
211	277	-42
190	280	-42
213	275	-42
214	275	-42
212	276	-42
215	276	-42
216	276	-42
217	277	-42
218	277	-42
211	277	-42
219	278	-42
328	277	-21
330	277	-21
331	277	-21
332	277	-21
333	277	-21
327	278	-21
329	278	-21
325	279	-21
326	279	-21
322	280	-21
323	280	-21
324	280	-21
320	281	-21
321	281	-21
319	282	-21
318	283	-21
304	275	-29
303	276	-29
302	277	-29
302	278	-29
302	279	-29
240	272	-40
239	273	-40
238	274	-40
237	275	-40
237	276	-40
237	277	-40
236	278	-40
236	279	-40
236	280	-40
79	262	-44
79	263	-44
78	264	-44
78	265	-44
77	266	-44
77	267	-44
76	268	-44
76	269	-44
75	270	-44
75	271	-44
75	272	-44
76	273	-44
76	274	-44
77	275	-44
77	276	-44
78	277	-44
78	278	-44
79	279	-44
79	280	-44
80	261	-44
80	281	-44
185	279	-43
187	279	-43
189	279	-43
182	280	-43
183	280	-43
184	280	-43
186	280	-43
188	280	-43
180	281	-43
181	281	-43
179	282	-43
190	280	-43
178	283	-43
212	278	-41
213	279	-41
218	279	-41
214	280	-41
215	280	-41
216	280	-41
217	280	-41
211	277	-41
219	278	-41
220	278	-41
222	278	-41
225	278	-41
230	278	-41
221	279	-41
223	279	-41
224	279	-41
226	279	-41
227	279	-41
228	279	-41
229	279	-41
231	279	-41
232	279	-41
233	280	-41
234	280	-41
219	278	-41
235	281	-41
154	279	-44
153	280	-44
155	280	-44
156	280	-44
81	281	-44
82	281	-44
83	281	-44
84	281	-44
85	281	-44
86	281	-44
87	281	-44
88	281	-44
89	281	-44
90	281	-44
91	281	-44
92	281	-44
93	281	-44
94	281	-44
95	281	-44
96	281	-44
97	281	-44
98	281	-44
99	281	-44
100	281	-44
101	281	-44
102	281	-44
103	281	-44
104	281	-44
105	281	-44
106	281	-44
107	281	-44
108	281	-44
109	281	-44
110	281	-44
111	281	-44
112	281	-44
113	281	-44
114	281	-44
115	281	-44
116	281	-44
117	281	-44
118	281	-44
119	281	-44
120	281	-44
121	281	-44
122	281	-44
123	281	-44
124	281	-44
125	281	-44
126	281	-44
127	281	-44
128	281	-44
129	281	-44
130	281	-44
131	281	-44
132	281	-44
133	281	-44
134	281	-44
135	281	-44
136	281	-44
137	281	-44
138	281	-44
139	281	-44
140	281	-44
141	281	-44
142	281	-44
143	281	-44
144	281	-44
145	281	-44
146	281	-44
147	281	-44
148	281	-44
149	281	-44
150	281	-44
151	281	-44
152	281	-44
157	281	-44
158	281	-44
80	281	-44
159	282	-44
162	279	-44
161	280	-44
160	281	-44
163	278	-44
159	282	-44
165	278	-43
166	278	-43
168	278	-43
167	279	-43
169	279	-43
170	279	-43
171	279	-43
172	279	-43
173	280	-43
174	280	-43
175	281	-43
176	281	-43
177	282	-43
164	278	-43
178	283	-43
303	280	-28
304	280	-28
305	280	-28
306	281	-28
307	281	-28
308	282	-28
310	282	-28
309	283	-28
311	283	-28
302	279	-28
264	275	-38
260	276	-38
261	276	-38
262	276	-38
263	276	-38
265	276	-38
267	276	-38
269	276	-38
257	277	-38
258	277	-38
259	277	-38
266	277	-38
268	277	-38
270	277	-38
271	277	-38
272	277	-38
254	278	-38
255	278	-38
256	278	-38
273	278	-38
274	278	-38
253	279	-38
275	279	-38
276	279	-38
251	280	-38
252	280	-38
277	280	-38
278	280	-38
237	281	-38
238	281	-38
239	281	-38
249	281	-38
250	281	-38
279	281	-38
280	281	-38
240	282	-38
241	282	-38
242	282	-38
246	282	-38
248	282	-38
281	282	-38
243	283	-38
244	283	-38
245	283	-38
247	283	-38
282	283	-38
283	283	-38
284	283	-38
285	283	-38
286	284	-38
287	285	-38
288	285	-38
290	285	-38
291	285	-38
292	285	-38
289	286	-38
236	280	-38
293	286	-38
301	280	-32
300	281	-32
298	282	-32
299	282	-32
297	283	-32
296	284	-32
294	285	-32
295	285	-32
302	279	-32
293	286	-32
293	287	-37
293	288	-37
293	286	-37
294	289	-37
159	283	-43
159	284	-43
159	285	-43
159	286	-43
159	287	-43
159	288	-43
159	289	-43
159	290	-43
159	282	-43
159	291	-43
338	289	-27
339	289	-27
335	290	-27
336	290	-27
337	290	-27
333	291	-27
334	291	-27
332	292	-27
331	293	-27
330	294	-27
329	295	-27
328	296	-27
340	290	-27
328	297	-27
190	281	-41
190	282	-41
190	283	-41
190	284	-41
191	285	-41
191	286	-41
191	287	-41
191	288	-41
191	289	-41
191	290	-41
191	291	-41
190	280	-41
191	292	-41
295	291	-33
294	290	-33
296	292	-33
342	291	-26
341	290	-26
79	282	-44
79	283	-44
78	284	-44
78	285	-44
77	286	-44
77	287	-44
77	288	-44
78	289	-44
78	290	-44
79	291	-44
79	292	-44
80	281	-44
80	293	-44
292	291	-33
291	292	-33
293	290	-33
340	292	-26
340	291	-26
178	284	-40
178	285	-40
178	286	-40
178	287	-40
178	288	-40
178	289	-40
178	290	-40
178	291	-40
178	292	-40
178	293	-40
178	283	-40
178	294	-40
157	292	-44
158	292	-44
81	293	-44
82	293	-44
83	293	-44
84	293	-44
85	293	-44
86	293	-44
87	293	-44
88	293	-44
89	293	-44
90	293	-44
91	293	-44
92	293	-44
93	293	-44
94	293	-44
95	293	-44
96	293	-44
97	293	-44
98	293	-44
99	293	-44
100	293	-44
101	293	-44
102	293	-44
103	293	-44
104	293	-44
105	293	-44
106	293	-44
107	293	-44
108	293	-44
109	293	-44
110	293	-44
111	293	-44
112	293	-44
113	293	-44
114	293	-44
115	293	-44
116	293	-44
117	293	-44
118	293	-44
119	293	-44
120	293	-44
121	293	-44
122	293	-44
123	293	-44
124	293	-44
125	293	-44
126	293	-44
127	293	-44
128	293	-44
129	293	-44
130	293	-44
131	293	-44
132	293	-44
133	293	-44
134	293	-44
135	293	-44
136	293	-44
137	293	-44
138	293	-44
139	293	-44
140	293	-44
141	293	-44
142	293	-44
143	293	-44
144	293	-44
145	293	-44
146	293	-44
147	293	-44
148	293	-44
149	293	-44
150	293	-44
151	293	-44
152	293	-44
153	293	-44
155	293	-44
156	293	-44
154	294	-44
159	291	-44
80	293	-44
189	293	-43
190	293	-43
186	294	-43
187	294	-43
188	294	-43
184	295	-43
185	295	-43
181	296	-43
182	296	-43
183	296	-43
191	292	-43
180	296	-43
295	294	-33
296	293	-33
160	292	-44
161	293	-44
162	293	-44
163	294	-44
164	294	-44
166	294	-44
168	294	-44
170	294	-44
172	294	-44
165	295	-44
167	295	-44
169	295	-44
171	295	-44
173	295	-44
174	295	-44
175	295	-44
176	295	-44
159	291	-44
177	295	-44
210	278	-39
209	279	-39
208	280	-39
207	281	-39
206	282	-39
205	283	-39
204	284	-39
203	285	-39
202	286	-39
202	287	-39
201	288	-39
201	289	-39
200	290	-39
200	291	-39
200	292	-39
199	293	-39
199	294	-39
199	295	-39
211	277	-39
198	296	-39
192	293	-43
193	294	-43
194	295	-43
195	295	-43
196	295	-43
197	296	-43
191	292	-43
198	296	-43
298	294	-29
299	295	-29
300	295	-29
301	296	-29
302	296	-29
303	297	-29
304	297	-29
305	297	-29
306	297	-29
308	297	-29
310	297	-29
312	297	-29
317	297	-29
326	297	-29
307	298	-29
309	298	-29
311	298	-29
313	298	-29
314	298	-29
315	298	-29
316	298	-29
318	298	-29
319	298	-29
320	298	-29
321	298	-29
322	298	-29
323	298	-29
324	298	-29
325	298	-29
297	293	-29
327	298	-29
267	284	-32
267	285	-32
267	286	-32
267	287	-32
266	288	-32
266	289	-32
266	290	-32
265	291	-32
264	292	-32
264	293	-32
263	294	-32
263	295	-32
262	296	-32
262	297	-32
261	298	-32
261	299	-32
260	300	-32
259	301	-32
235	282	-40
235	283	-40
235	284	-40
235	285	-40
235	286	-40
234	287	-40
233	288	-40
232	289	-40
231	290	-40
230	291	-40
229	292	-40
228	293	-40
227	294	-40
226	295	-40
226	296	-40
226	297	-40
225	298	-40
225	299	-40
225	300	-40
225	301	-40
225	302	-40
235	281	-40
225	303	-40
329	299	-28
330	300	-28
331	301	-28
332	302	-28
328	298	-28
179	298	-41
179	299	-41
179	300	-41
179	301	-41
179	302	-41
178	303	-41
178	304	-41
179	297	-41
178	305	-41
257	302	-43
258	302	-43
255	303	-43
256	303	-43
254	304	-43
252	305	-43
253	305	-43
251	306	-43
250	307	-43
259	301	-43
249	308	-43
79	294	-44
79	295	-44
78	296	-44
78	297	-44
77	298	-44
77	299	-44
76	300	-44
76	301	-44
76	302	-44
77	303	-44
77	304	-44
78	305	-44
78	306	-44
79	307	-44
79	308	-44
80	293	-44
80	309	-44
177	306	-43
175	307	-43
176	307	-43
154	308	-43
156	308	-43
173	308	-43
174	308	-43
81	309	-43
82	309	-43
83	309	-43
84	309	-43
85	309	-43
86	309	-43
87	309	-43
88	309	-43
89	309	-43
90	309	-43
91	309	-43
92	309	-43
93	309	-43
94	309	-43
95	309	-43
96	309	-43
97	309	-43
98	309	-43
99	309	-43
100	309	-43
101	309	-43
102	309	-43
103	309	-43
104	309	-43
105	309	-43
106	309	-43
107	309	-43
108	309	-43
109	309	-43
110	309	-43
111	309	-43
112	309	-43
113	309	-43
114	309	-43
115	309	-43
116	309	-43
117	309	-43
118	309	-43
119	309	-43
120	309	-43
121	309	-43
122	309	-43
123	309	-43
124	309	-43
125	309	-43
126	309	-43
127	309	-43
128	309	-43
129	309	-43
130	309	-43
131	309	-43
132	309	-43
133	309	-43
134	309	-43
135	309	-43
136	309	-43
137	309	-43
138	309	-43
139	309	-43
140	309	-43
141	309	-43
142	309	-43
143	309	-43
144	309	-43
145	309	-43
146	309	-43
147	309	-43
148	309	-43
149	309	-43
150	309	-43
151	309	-43
152	309	-43
153	309	-43
155	309	-43
157	309	-43
158	309	-43
159	309	-43
160	309	-43
161	309	-43
163	309	-43
165	309	-43
167	309	-43
168	309	-43
169	309	-43
170	309	-43
171	309	-43
172	309	-43
162	310	-43
164	310	-43
166	310	-43
178	305	-43
80	309	-43
199	297	-40
199	298	-40
200	299	-40
201	300	-40
201	301	-40
201	302	-40
202	303	-40
202	304	-40
202	305	-40
201	306	-40
202	307	-40
202	308	-40
202	309	-40
198	296	-40
202	310	-40
227	305	-43
228	305	-43
229	306	-43
230	306	-43
231	307	-43
232	308	-43
233	308	-43
234	308	-43
235	309	-43
236	309	-43
237	309	-43
239	309	-43
241	309	-43
243	309	-43
244	309	-43
245	309	-43
246	309	-43
247	309	-43
238	310	-43
240	310	-43
242	310	-43
226	304	-43
248	308	-43
260	302	-41
261	303	-41
262	304	-41
263	305	-41
264	306	-41
265	307	-41
266	308	-41
267	309	-41
268	310	-41
259	301	-41
224	305	-43
223	306	-43
222	307	-43
221	308	-43
220	309	-43
219	310	-43
218	311	-43
225	304	-43
217	312	-43
179	306	-43
180	307	-43
181	307	-43
182	308	-43
183	308	-43
184	309	-43
185	309	-43
186	310	-43
188	310	-43
187	311	-43
189	311	-43
190	311	-43
201	311	-43
191	312	-43
192	312	-43
193	312	-43
194	312	-43
198	312	-43
199	312	-43
200	312	-43
195	313	-43
196	313	-43
197	313	-43
178	305	-43
202	310	-43
203	311	-42
204	312	-42
205	313	-42
206	313	-42
209	313	-42
212	313	-42
214	313	-42
215	313	-42
207	314	-42
208	314	-42
210	314	-42
211	314	-42
213	314	-42
202	310	-42
216	312	-42
368	313	-15
370	313	-15
371	313	-15
372	313	-15
374	313	-15
376	313	-15
363	314	-15
364	314	-15
365	314	-15
366	314	-15
367	314	-15
369	314	-15
373	314	-15
375	314	-15
377	314	-15
378	314	-15
379	314	-15
380	314	-15
381	314	-15
382	314	-15
383	314	-15
361	315	-15
362	315	-15
384	315	-15
385	315	-15
386	315	-15
387	315	-15
388	315	-15
389	315	-15
390	315	-15
392	315	-15
393	315	-15
397	315	-15
360	316	-15
391	316	-15
394	316	-15
395	316	-15
396	316	-15
358	317	-15
359	317	-15
357	318	-15
79	310	-44
79	311	-44
78	312	-44
78	313	-44
77	314	-44
77	315	-44
76	316	-44
76	317	-44
80	309	-44
76	318	-44
217	314	-42
217	315	-42
217	316	-42
217	317	-42
218	318	-42
219	319	-42
217	313	-42
354	319	-28
311	320	-28
351	320	-28
352	320	-28
353	320	-28
355	320	-28
308	321	-28
309	321	-28
310	321	-28
312	321	-28
313	321	-28
314	321	-28
348	321	-28
350	321	-28
305	322	-28
306	322	-28
307	322	-28
315	322	-28
316	322	-28
317	322	-28
341	322	-28
342	322	-28
343	322	-28
344	322	-28
345	322	-28
346	322	-28
347	322	-28
349	322	-28
303	323	-28
304	323	-28
318	323	-28
319	323	-28
320	323	-28
321	323	-28
322	323	-28
323	323	-28
324	323	-28
332	323	-28
334	323	-28
336	323	-28
337	323	-28
338	323	-28
339	323	-28
340	323	-28
301	324	-28
302	324	-28
325	324	-28
326	324	-28
327	324	-28
328	324	-28
329	324	-28
330	324	-28
331	324	-28
333	324	-28
335	324	-28
299	325	-28
300	325	-28
356	319	-28
298	326	-28
249	310	-40
249	311	-40
249	312	-40
249	313	-40
249	314	-40
249	315	-40
249	316	-40
250	317	-40
249	318	-40
249	319	-40
249	320	-40
249	321	-40
249	322	-40
249	323	-40
249	309	-40
249	324	-40
358	320	-25
359	321	-25
359	322	-25
360	323	-25
357	319	-25
365	322	-18
366	322	-18
364	323	-18
78	319	-38
79	320	-38
80	320	-38
81	321	-38
82	321	-38
83	322	-38
84	322	-38
85	323	-38
86	323	-38
87	324	-38
88	324	-38
77	319	-38
89	325	-38
290	324	-33
293	324	-33
296	324	-33
288	325	-33
289	325	-33
291	325	-33
292	325	-33
294	325	-33
295	325	-33
297	325	-33
285	326	-33
286	326	-33
287	326	-33
298	326	-33
284	327	-33
251	325	-44
252	325	-44
253	325	-44
254	325	-44
255	325	-44
257	325	-44
256	326	-44
258	326	-44
259	326	-44
260	326	-44
261	326	-44
262	326	-44
263	326	-44
264	326	-44
265	326	-44
266	326	-44
267	326	-44
268	326	-44
269	326	-44
250	325	-44
270	327	-44
275	325	-42
277	325	-42
279	325	-42
280	325	-42
271	326	-42
272	326	-42
273	326	-42
274	326	-42
276	326	-42
278	326	-42
281	326	-42
282	326	-42
283	326	-42
270	327	-42
284	327	-42
248	326	-44
246	327	-44
247	327	-44
245	328	-44
244	329	-44
249	325	-44
243	330	-44
370	326	-18
369	327	-18
367	328	-18
368	328	-18
366	329	-18
365	330	-18
167	323	-39
169	323	-39
170	323	-39
171	323	-39
172	323	-39
173	323	-39
174	323	-39
175	323	-39
176	323	-39
177	323	-39
178	323	-39
180	323	-39
154	324	-39
156	324	-39
158	324	-39
160	324	-39
162	324	-39
164	324	-39
166	324	-39
168	324	-39
179	324	-39
181	324	-39
182	324	-39
183	324	-39
184	324	-39
91	325	-39
92	325	-39
93	325	-39
94	325	-39
95	325	-39
96	325	-39
97	325	-39
98	325	-39
99	325	-39
100	325	-39
101	325	-39
102	325	-39
103	325	-39
104	325	-39
105	325	-39
106	325	-39
107	325	-39
108	325	-39
109	325	-39
110	325	-39
111	325	-39
112	325	-39
113	325	-39
114	325	-39
115	325	-39
116	325	-39
117	325	-39
118	325	-39
119	325	-39
120	325	-39
121	325	-39
122	325	-39
123	325	-39
124	325	-39
125	325	-39
126	325	-39
127	325	-39
128	325	-39
129	325	-39
130	325	-39
131	325	-39
132	325	-39
133	325	-39
134	325	-39
135	325	-39
136	325	-39
137	325	-39
138	325	-39
139	325	-39
140	325	-39
141	325	-39
142	325	-39
143	325	-39
144	325	-39
145	325	-39
146	325	-39
147	325	-39
148	325	-39
149	325	-39
150	325	-39
151	325	-39
152	325	-39
153	325	-39
155	325	-39
157	325	-39
159	325	-39
161	325	-39
163	325	-39
165	325	-39
185	325	-39
186	325	-39
188	325	-39
187	326	-39
189	326	-39
191	326	-39
190	327	-39
192	327	-39
194	327	-39
223	327	-39
225	327	-39
226	327	-39
193	328	-39
195	328	-39
196	328	-39
198	328	-39
200	328	-39
202	328	-39
204	328	-39
206	328	-39
208	328	-39
210	328	-39
212	328	-39
214	328	-39
216	328	-39
218	328	-39
220	328	-39
221	328	-39
222	328	-39
224	328	-39
227	328	-39
228	328	-39
197	329	-39
199	329	-39
201	329	-39
203	329	-39
205	329	-39
207	329	-39
209	329	-39
211	329	-39
213	329	-39
215	329	-39
217	329	-39
219	329	-39
229	329	-39
230	329	-39
231	329	-39
232	329	-39
233	330	-39
234	330	-39
90	325	-39
235	331	-39
236	330	-44
237	330	-44
238	330	-44
239	330	-44
235	331	-44
240	331	-44
241	330	-44
242	330	-44
243	330	-44
240	331	-44
270	328	-41
270	329	-41
270	330	-41
270	327	-41
366	332	-17
365	331	-17
380	329	-14
381	329	-14
382	330	-14
382	331	-14
383	332	-14
384	333	-14
385	333	-14
386	333	-14
387	333	-14
388	334	-14
389	335	-14
390	336	-14
234	332	-44
232	333	-44
233	333	-44
231	334	-44
230	335	-44
228	336	-44
229	336	-44
227	337	-44
235	331	-44
226	338	-44
89	327	-36
89	328	-36
89	329	-36
89	330	-36
89	331	-36
90	332	-36
91	333	-36
92	333	-36
93	334	-36
94	334	-36
95	335	-36
96	335	-36
97	336	-36
98	336	-36
99	337	-36
100	337	-36
101	338	-36
102	338	-36
89	326	-36
103	339	-36
244	331	-44
245	332	-44
245	333	-44
246	334	-44
247	334	-44
248	335	-44
249	336	-44
250	337	-44
251	338	-44
243	330	-44
252	339	-44
362	328	-18
360	329	-18
361	329	-18
363	329	-18
357	330	-18
359	330	-18
356	331	-18
358	331	-18
355	332	-18
354	333	-18
353	334	-18
352	335	-18
351	336	-18
350	337	-18
349	338	-18
364	330	-18
349	339	-18
221	338	-44
223	338	-44
211	339	-44
213	339	-44
215	339	-44
216	339	-44
217	339	-44
218	339	-44
219	339	-44
220	339	-44
222	339	-44
206	340	-44
208	340	-44
209	340	-44
210	340	-44
212	340	-44
214	340	-44
202	341	-44
203	341	-44
204	341	-44
205	341	-44
207	341	-44
200	342	-44
201	342	-44
199	343	-44
198	344	-44
224	339	-44
197	345	-44
284	328	-33
284	329	-33
284	330	-33
282	331	-33
283	331	-33
281	332	-33
280	333	-33
278	334	-33
279	334	-33
277	335	-33
275	336	-33
276	336	-33
274	337	-33
267	338	-33
272	338	-33
273	338	-33
254	339	-33
256	339	-33
258	339	-33
260	339	-33
262	339	-33
264	339	-33
266	339	-33
268	339	-33
269	339	-33
270	339	-33
271	339	-33
255	340	-33
257	340	-33
259	340	-33
261	340	-33
263	340	-33
265	340	-33
284	327	-33
253	339	-33
299	327	-25
300	328	-25
301	329	-25
302	329	-25
303	330	-25
304	330	-25
305	331	-25
306	332	-25
307	333	-25
308	333	-25
309	334	-25
310	334	-25
311	335	-25
312	336	-25
313	336	-25
314	336	-25
315	336	-25
316	337	-25
318	337	-25
317	338	-25
319	338	-25
320	338	-25
321	338	-25
322	338	-25
324	338	-25
326	338	-25
323	339	-25
325	339	-25
327	339	-25
328	339	-25
329	339	-25
330	339	-25
331	339	-25
332	339	-25
333	339	-25
334	339	-25
335	339	-25
336	339	-25
338	339	-25
340	339	-25
342	339	-25
345	339	-25
337	340	-25
339	340	-25
341	340	-25
343	340	-25
344	340	-25
346	340	-25
347	340	-25
298	326	-25
348	340	-25
105	339	-38
106	339	-38
107	339	-38
108	339	-38
109	339	-38
110	339	-38
111	339	-38
112	339	-38
113	339	-38
114	339	-38
115	339	-38
116	339	-38
117	339	-38
118	339	-38
119	339	-38
120	339	-38
121	339	-38
122	339	-38
123	339	-38
124	339	-38
125	339	-38
126	339	-38
127	339	-38
128	339	-38
129	339	-38
130	339	-38
131	339	-38
132	339	-38
133	339	-38
134	339	-38
135	339	-38
136	339	-38
137	339	-38
138	339	-38
139	339	-38
140	339	-38
141	339	-38
142	339	-38
143	339	-38
144	339	-38
145	339	-38
146	339	-38
147	339	-38
148	339	-38
149	339	-38
150	339	-38
151	339	-38
152	339	-38
153	339	-38
154	339	-38
155	339	-38
156	339	-38
157	339	-38
158	339	-38
160	339	-38
162	339	-38
159	340	-38
161	340	-38
163	340	-38
164	340	-38
166	340	-38
165	341	-38
167	341	-38
168	341	-38
169	341	-38
170	341	-38
172	341	-38
173	341	-38
174	341	-38
175	341	-38
176	341	-38
177	341	-38
178	341	-38
179	341	-38
180	341	-38
181	341	-38
182	341	-38
184	341	-38
186	341	-38
171	342	-38
183	342	-38
185	342	-38
187	342	-38
188	342	-38
189	342	-38
190	342	-38
191	342	-38
193	342	-38
192	343	-38
194	343	-38
195	343	-38
196	344	-38
104	339	-38
197	345	-38
240	332	-41
240	333	-41
240	334	-41
240	335	-41
240	336	-41
240	337	-41
240	338	-41
240	339	-41
240	340	-41
240	341	-41
240	342	-41
240	343	-41
240	344	-41
240	345	-41
240	331	-41
240	346	-41
350	341	-22
351	342	-22
352	343	-22
353	344	-22
354	345	-22
349	340	-22
355	346	-22
226	340	-43
226	341	-43
226	342	-43
226	343	-43
227	344	-43
227	345	-43
227	346	-43
227	347	-43
226	339	-43
227	348	-43
251	341	-42
249	342	-42
250	342	-42
248	343	-42
246	344	-42
247	344	-42
245	345	-42
243	346	-42
244	346	-42
242	347	-42
252	340	-42
241	347	-42
360	345	-21
359	346	-21
357	347	-21
358	347	-21
356	346	-21
224	340	-43
224	341	-43
224	342	-43
224	343	-43
224	344	-43
224	345	-43
224	346	-43
224	347	-43
224	348	-43
224	339	-43
224	349	-43
235	348	-44
237	348	-44
228	349	-44
229	349	-44
232	349	-44
233	349	-44
234	349	-44
236	349	-44
230	350	-44
231	350	-44
227	348	-44
238	348	-44
226	349	-44
225	350	-44
227	348	-44
224	349	-44
353	348	-21
354	348	-21
352	349	-21
351	350	-21
355	347	-21
197	346	-43
197	347	-43
197	348	-43
196	349	-43
195	350	-43
195	351	-43
195	352	-43
197	345	-43
195	353	-43
103	341	-38
103	342	-38
103	343	-38
103	344	-38
103	345	-38
104	346	-38
105	347	-38
106	347	-38
107	348	-38
108	348	-38
109	349	-38
110	349	-38
111	350	-38
112	350	-38
113	351	-38
114	351	-38
115	352	-38
116	352	-38
117	353	-38
118	353	-38
103	340	-38
119	354	-38
239	350	-42
240	351	-42
240	352	-42
241	353	-42
242	354	-42
239	349	-42
243	355	-42
159	353	-41
162	353	-41
164	353	-41
166	353	-41
168	353	-41
170	353	-41
172	353	-41
121	354	-41
122	354	-41
123	354	-41
124	354	-41
125	354	-41
126	354	-41
127	354	-41
128	354	-41
129	354	-41
130	354	-41
131	354	-41
132	354	-41
133	354	-41
134	354	-41
135	354	-41
136	354	-41
137	354	-41
138	354	-41
139	354	-41
140	354	-41
141	354	-41
142	354	-41
143	354	-41
144	354	-41
145	354	-41
146	354	-41
147	354	-41
148	354	-41
149	354	-41
150	354	-41
151	354	-41
152	354	-41
153	354	-41
154	354	-41
156	354	-41
157	354	-41
158	354	-41
160	354	-41
161	354	-41
163	354	-41
165	354	-41
167	354	-41
169	354	-41
171	354	-41
173	354	-41
174	354	-41
175	354	-41
176	354	-41
177	354	-41
178	354	-41
179	354	-41
180	354	-41
181	354	-41
182	354	-41
183	354	-41
184	354	-41
185	354	-41
187	354	-41
194	354	-41
155	355	-41
186	355	-41
188	355	-41
189	355	-41
190	355	-41
191	355	-41
192	355	-41
193	355	-41
195	353	-41
120	354	-41
223	350	-44
222	351	-44
220	352	-44
221	352	-44
219	353	-44
218	354	-44
216	355	-44
217	355	-44
215	356	-44
224	349	-44
214	357	-44
196	354	-44
197	354	-44
198	355	-44
199	355	-44
200	355	-44
201	355	-44
202	356	-44
203	356	-44
204	356	-44
206	356	-44
207	356	-44
208	356	-44
209	356	-44
212	356	-44
205	357	-44
210	357	-44
211	357	-44
213	357	-44
195	353	-44
214	357	-44
242	357	-40
241	358	-40
243	356	-40
244	359	-40
243	360	-40
245	358	-40
248	358	-39
247	359	-39
249	359	-39
250	360	-39
246	358	-39
288	363	-32
287	364	-32
287	365	-32
287	366	-32
215	358	-43
215	359	-43
216	360	-43
216	361	-43
216	362	-43
216	363	-43
215	364	-43
215	365	-43
215	366	-43
214	357	-43
215	367	-43
119	356	-39
119	357	-39
119	358	-39
119	359	-39
119	360	-39
120	361	-39
121	362	-39
122	362	-39
123	363	-39
124	363	-39
125	364	-39
126	364	-39
127	365	-39
128	365	-39
129	366	-39
130	366	-39
131	367	-39
132	367	-39
119	355	-39
133	368	-39
282	367	-40
284	367	-40
286	367	-40
278	368	-40
279	368	-40
280	368	-40
281	368	-40
283	368	-40
285	368	-40
272	369	-40
273	369	-40
274	369	-40
275	369	-40
276	369	-40
277	369	-40
271	370	-40
270	371	-40
287	366	-40
269	372	-40
135	368	-40
136	368	-40
137	368	-40
138	368	-40
139	368	-40
140	368	-40
141	368	-40
142	368	-40
143	368	-40
144	368	-40
145	368	-40
146	368	-40
147	368	-40
148	368	-40
149	368	-40
150	368	-40
151	368	-40
152	368	-40
153	368	-40
154	368	-40
156	368	-40
214	368	-40
155	369	-40
157	369	-40
158	369	-40
159	369	-40
160	369	-40
162	369	-40
164	369	-40
166	369	-40
168	369	-40
170	369	-40
172	369	-40
174	369	-40
176	369	-40
178	369	-40
179	369	-40
180	369	-40
181	369	-40
182	369	-40
183	369	-40
184	369	-40
185	369	-40
186	369	-40
188	369	-40
190	369	-40
192	369	-40
210	369	-40
211	369	-40
212	369	-40
213	369	-40
161	370	-40
163	370	-40
165	370	-40
167	370	-40
169	370	-40
171	370	-40
173	370	-40
175	370	-40
177	370	-40
187	370	-40
189	370	-40
191	370	-40
193	370	-40
194	370	-40
195	370	-40
196	370	-40
198	370	-40
200	370	-40
203	370	-40
208	370	-40
209	370	-40
197	371	-40
199	371	-40
201	371	-40
202	371	-40
204	371	-40
205	371	-40
206	371	-40
207	371	-40
215	367	-40
134	368	-40
313	367	-26
314	368	-26
315	369	-26
315	370	-26
316	371	-26
317	370	-20
316	371	-20
264	369	-43
265	369	-43
262	370	-43
263	370	-43
266	370	-43
267	370	-43
260	371	-43
261	371	-43
268	371	-43
259	372	-43
269	372	-43
259	373	-43
257	373	-43
250	374	-43
252	374	-43
253	374	-43
254	374	-43
255	374	-43
256	374	-43
258	374	-43
247	375	-43
248	375	-43
249	375	-43
251	375	-43
241	376	-43
243	376	-43
244	376	-43
245	376	-43
246	376	-43
237	377	-43
238	377	-43
239	377	-43
240	377	-43
242	377	-43
259	373	-43
236	378	-43
315	372	-29
314	373	-29
314	374	-29
316	371	-29
313	375	-29
268	373	-43
260	374	-43
267	374	-43
261	375	-43
262	375	-43
266	375	-43
263	376	-43
264	376	-43
265	376	-43
269	372	-43
259	373	-43
216	368	-43
217	369	-43
218	369	-43
219	370	-43
220	370	-43
221	370	-43
223	370	-43
222	371	-43
224	371	-43
225	371	-43
227	371	-43
226	372	-43
228	372	-43
229	373	-43
230	374	-43
231	374	-43
232	375	-43
233	376	-43
234	376	-43
235	377	-43
215	367	-43
236	378	-43
288	367	-31
289	368	-31
290	369	-31
291	370	-31
292	370	-31
293	371	-31
294	371	-31
295	372	-31
296	373	-31
297	374	-31
298	375	-31
299	376	-31
300	376	-31
301	376	-31
310	376	-31
312	376	-31
302	377	-31
303	377	-31
304	377	-31
305	377	-31
306	377	-31
308	377	-31
309	377	-31
311	377	-31
307	378	-31
287	366	-31
313	375	-31
314	376	-30
315	376	-30
316	377	-30
317	378	-30
313	375	-30
235	379	-44
236	378	-44
234	380	-44
133	370	-38
133	371	-38
133	372	-38
133	373	-38
133	374	-38
133	375	-38
133	376	-38
134	377	-38
135	378	-38
136	378	-38
137	379	-38
138	379	-38
139	380	-38
140	380	-38
141	381	-38
142	381	-38
143	382	-38
144	382	-38
145	383	-38
146	383	-38
147	384	-38
148	384	-38
133	369	-38
149	385	-38
231	380	-44
232	380	-44
229	381	-44
230	381	-44
228	382	-44
226	383	-44
227	383	-44
224	384	-44
225	384	-44
223	385	-44
222	386	-44
233	380	-44
222	387	-44
234	382	-44
234	383	-44
234	384	-44
234	385	-44
234	386	-44
234	381	-44
234	387	-44
388	383	-14
387	384	-14
386	385	-14
384	386	-14
385	386	-14
379	387	-14
381	387	-14
382	387	-14
383	387	-14
373	388	-14
375	388	-14
376	388	-14
377	388	-14
378	388	-14
380	388	-14
370	389	-14
372	389	-14
374	389	-14
360	390	-14
362	390	-14
364	390	-14
366	390	-14
367	390	-14
368	390	-14
369	390	-14
371	390	-14
350	391	-14
352	391	-14
354	391	-14
355	391	-14
356	391	-14
357	391	-14
358	391	-14
359	391	-14
361	391	-14
363	391	-14
365	391	-14
344	392	-14
346	392	-14
347	392	-14
348	392	-14
349	392	-14
351	392	-14
353	392	-14
332	393	-14
334	393	-14
336	393	-14
337	393	-14
338	393	-14
339	393	-14
340	393	-14
341	393	-14
342	393	-14
343	393	-14
345	393	-14
329	394	-14
330	394	-14
331	394	-14
333	394	-14
335	394	-14
233	388	-43
234	387	-43
234	389	-43
154	384	-40
158	384	-40
160	384	-40
162	384	-40
164	384	-40
165	384	-40
166	384	-40
167	384	-40
169	384	-40
171	384	-40
172	384	-40
173	384	-40
174	384	-40
175	384	-40
176	384	-40
177	384	-40
178	384	-40
179	384	-40
180	384	-40
181	384	-40
182	384	-40
184	384	-40
186	384	-40
151	385	-40
152	385	-40
153	385	-40
155	385	-40
156	385	-40
157	385	-40
159	385	-40
161	385	-40
163	385	-40
168	385	-40
170	385	-40
183	385	-40
185	385	-40
187	385	-40
188	385	-40
189	385	-40
190	385	-40
192	385	-40
194	385	-40
196	385	-40
198	385	-40
191	386	-40
193	386	-40
195	386	-40
197	386	-40
199	386	-40
200	386	-40
201	386	-40
202	386	-40
203	386	-40
204	386	-40
206	386	-40
205	387	-40
207	387	-40
208	387	-40
209	387	-40
211	387	-40
220	387	-40
210	388	-40
212	388	-40
213	388	-40
216	388	-40
218	388	-40
219	388	-40
221	388	-40
214	389	-40
215	389	-40
217	389	-40
150	385	-40
222	387	-40
236	389	-44
235	388	-44
236	390	-44
223	388	-44
224	388	-44
225	389	-44
226	389	-44
227	390	-44
228	390	-44
229	391	-44
230	391	-44
231	391	-44
222	387	-44
232	391	-44
235	391	-42
236	390	-42
234	391	-42
75	320	-44
74	321	-44
73	322	-44
72	323	-44
71	324	-44
70	325	-44
69	326	-44
68	327	-44
67	328	-44
66	329	-44
65	330	-44
64	331	-44
63	332	-44
62	333	-44
61	334	-44
60	335	-44
59	336	-44
58	337	-44
57	338	-44
56	339	-44
55	340	-44
54	341	-44
53	342	-44
52	343	-44
51	344	-44
50	345	-44
49	346	-44
48	347	-44
47	348	-44
46	349	-44
45	350	-44
44	351	-44
43	352	-44
42	353	-44
41	354	-44
40	355	-44
39	356	-44
38	357	-44
37	358	-44
36	359	-44
35	360	-44
34	361	-44
33	362	-44
32	363	-44
31	364	-44
30	365	-44
29	366	-44
28	367	-44
27	368	-44
26	369	-44
25	370	-44
24	371	-44
23	372	-44
22	373	-44
21	374	-44
20	375	-44
19	376	-44
18	377	-44
17	378	-44
16	379	-44
15	380	-44
14	381	-44
13	382	-44
12	383	-44
11	384	-44
10	385	-44
9	386	-44
8	387	-44
7	388	-44
6	389	-44
5	390	-44
4	391	-44
3	392	-44
2	393	-44
1	394	-44
76	319	-44
149	387	-37
149	388	-37
149	389	-37
149	390	-37
149	391	-37
150	392	-37
151	393	-37
152	393	-37
153	394	-37
154	394	-37
155	394	-37
156	394	-37
157	394	-37
158	394	-37
159	394	-37
149	386	-37
233	393	-42
233	394	-42
233	392	-42
237	391	-41
238	392	-41
246	392	-41
248	392	-41
250	392	-41
251	392	-41
252	392	-41
239	393	-41
240	393	-41
242	393	-41
243	393	-41
244	393	-41
245	393	-41
247	393	-41
249	393	-41
253	393	-41
254	393	-41
241	394	-41
255	394	-41
236	390	-41
