454	1	-14
446	2	-14
447	2	-14
448	2	-14
449	2	-14
450	2	-14
451	2	-14
452	2	-14
453	2	-14
455	2	-14
444	3	-14
445	3	-14
443	4	-14
442	5	-14
441	6	-14
440	7	-14
440	8	-14
218	1	-37
217	2	-37
216	3	-37
216	4	-37
328	1	-43
326	2	-43
327	2	-43
324	3	-43
325	3	-43
323	4	-43
206	1	-36
207	2	-36
208	2	-36
209	2	-36
210	2	-36
211	3	-36
212	3	-36
213	4	-36
214	4	-36
215	5	-36
312	1	-43
314	1	-43
313	2	-43
315	2	-43
316	2	-43
318	2	-43
317	3	-43
319	3	-43
320	3	-43
322	3	-43
321	4	-43
323	4	-43
376	1	-22
377	1	-22
378	1	-22
379	2	-22
380	2	-22
382	2	-22
381	3	-22
383	3	-22
384	3	-22
385	4	-22
386	4	-22
387	4	-22
388	4	-22
389	4	-22
390	4	-22
391	4	-22
392	5	-22
324	5	-43
325	6	-43
323	4	-43
394	6	-22
395	6	-22
393	5	-22
276	2	-49
275	3	-49
275	4	-49
275	5	-49
275	6	-49
275	7	-49
275	8	-49
275	9	-49
392	7	-22
392	8	-22
392	6	-22
434	9	-20
436	9	-20
437	9	-20
438	9	-20
439	9	-20
433	10	-20
435	10	-20
440	8	-20
432	11	-20
270	9	-54
265	10	-54
266	10	-54
268	10	-54
269	10	-54
271	10	-54
272	10	-54
273	10	-54
274	10	-54
267	11	-54
275	9	-54
264	11	-54
426	8	-21
428	8	-21
425	9	-21
427	9	-21
429	9	-21
430	9	-21
423	10	-21
424	10	-21
431	10	-21
422	11	-21
432	11	-21
421	12	-21
414	12	-22
416	12	-22
417	12	-22
419	12	-22
412	13	-22
413	13	-22
415	13	-22
418	13	-22
409	14	-22
410	14	-22
411	14	-22
408	15	-22
406	16	-22
407	16	-22
405	17	-22
420	12	-22
405	18	-22
431	12	-21
430	13	-21
432	11	-21
429	14	-21
456	12	-14
457	12	-14
454	13	-14
455	13	-14
458	13	-14
459	14	-14
453	14	-14
136	3	-51
137	3	-51
138	3	-51
139	3	-51
140	3	-51
141	3	-51
142	3	-51
143	3	-51
144	3	-51
145	3	-51
146	3	-51
148	3	-51
150	3	-51
134	4	-51
135	4	-51
147	4	-51
149	4	-51
151	4	-51
152	4	-51
153	4	-51
154	4	-51
155	4	-51
156	4	-51
132	5	-51
133	5	-51
157	5	-51
158	5	-51
131	6	-51
159	6	-51
160	6	-51
130	7	-51
161	7	-51
162	7	-51
129	8	-51
163	8	-51
164	8	-51
128	9	-51
165	9	-51
128	10	-51
166	10	-51
128	11	-51
166	11	-51
128	12	-51
166	12	-51
128	13	-51
166	13	-51
128	14	-51
166	14	-51
128	15	-51
166	15	-51
128	16	-51
128	17	-51
128	18	-51
128	19	-51
128	20	-51
128	21	-51
166	16	-51
128	22	-51
422	14	-22
423	15	-22
421	13	-22
424	16	-22
426	15	-20
427	15	-20
428	15	-20
429	14	-20
425	16	-20
441	9	-14
442	9	-14
443	10	-14
444	11	-14
445	12	-14
446	13	-14
447	14	-14
448	14	-14
449	15	-14
450	15	-14
440	8	-14
451	16	-14
264	12	-53
264	13	-53
264	14	-53
264	15	-53
264	16	-53
264	11	-53
276	10	-40
277	11	-40
278	11	-40
279	12	-40
280	12	-40
281	13	-40
282	13	-40
283	13	-40
284	13	-40
285	14	-40
286	14	-40
287	14	-40
311	14	-40
313	14	-40
288	15	-40
289	15	-40
290	15	-40
291	15	-40
292	15	-40
308	15	-40
309	15	-40
310	15	-40
312	15	-40
314	15	-40
315	15	-40
316	15	-40
317	15	-40
318	15	-40
319	15	-40
320	15	-40
321	15	-40
322	15	-40
323	15	-40
324	15	-40
325	15	-40
326	15	-40
327	15	-40
328	15	-40
329	15	-40
330	15	-40
293	16	-40
294	16	-40
295	16	-40
296	16	-40
297	16	-40
298	16	-40
300	16	-40
306	16	-40
307	16	-40
331	16	-40
332	16	-40
299	17	-40
301	17	-40
302	17	-40
304	17	-40
305	17	-40
333	17	-40
334	17	-40
303	18	-40
275	9	-40
335	18	-40
423	18	-21
424	17	-21
422	19	-21
397	16	-25
397	17	-25
397	18	-25
397	19	-25
397	20	-25
401	19	-25
402	19	-25
403	19	-25
404	19	-25
400	20	-25
399	21	-25
405	18	-25
398	21	-25
261	10	-49
263	10	-49
260	11	-49
262	11	-49
258	12	-49
259	12	-49
257	13	-49
255	14	-49
256	14	-49
254	15	-49
252	16	-49
253	16	-49
251	17	-49
251	18	-49
251	19	-49
251	20	-49
264	11	-49
251	21	-49
393	16	-24
392	17	-24
392	18	-24
392	19	-24
392	20	-24
392	21	-24
454	16	-12
455	17	-12
456	18	-12
456	19	-12
457	20	-12
453	15	-12
451	17	-12
451	18	-12
451	19	-12
451	20	-12
452	21	-12
451	16	-12
163	18	-53
164	18	-53
161	19	-53
162	19	-53
159	20	-53
160	20	-53
155	21	-53
157	21	-53
158	21	-53
142	22	-53
144	22	-53
146	22	-53
147	22	-53
148	22	-53
149	22	-53
150	22	-53
151	22	-53
152	22	-53
153	22	-53
154	22	-53
156	22	-53
130	23	-53
131	23	-53
132	23	-53
133	23	-53
134	23	-53
135	23	-53
136	23	-53
137	23	-53
138	23	-53
140	23	-53
141	23	-53
143	23	-53
145	23	-53
139	24	-53
165	17	-53
129	23	-53
246	22	-54
248	22	-54
249	22	-54
250	22	-54
243	23	-54
244	23	-54
245	23	-54
247	23	-54
237	24	-54
239	24	-54
240	24	-54
241	24	-54
242	24	-54
236	25	-54
238	25	-54
251	21	-54
235	24	-54
379	21	-26
381	21	-26
383	21	-26
384	21	-26
385	21	-26
386	21	-26
387	21	-26
376	22	-26
377	22	-26
378	22	-26
380	22	-26
382	22	-26
388	22	-26
389	22	-26
390	22	-26
374	23	-26
375	23	-26
373	24	-26
391	22	-26
372	25	-26
406	19	-23
407	20	-23
408	21	-23
409	22	-23
405	18	-23
410	23	-23
217	6	-32
218	6	-32
219	7	-32
220	8	-32
221	9	-32
222	10	-32
223	11	-32
224	11	-32
225	12	-32
226	13	-32
227	13	-32
228	14	-32
229	15	-32
230	15	-32
231	16	-32
232	17	-32
233	17	-32
234	18	-32
235	19	-32
235	20	-32
235	21	-32
235	22	-32
235	23	-32
216	5	-32
235	24	-32
411	22	-20
412	22	-20
413	22	-20
414	23	-20
415	23	-20
416	23	-20
410	23	-20
417	24	-20
421	21	-21
419	22	-21
420	22	-21
418	23	-21
422	20	-21
417	24	-21
430	15	-15
431	16	-15
432	17	-15
433	18	-15
434	19	-15
434	20	-15
435	21	-15
436	22	-15
437	23	-15
437	24	-15
429	14	-15
336	18	-35
337	19	-35
338	19	-35
339	19	-35
340	20	-35
342	20	-35
344	20	-35
341	21	-35
343	21	-35
345	21	-35
346	22	-35
347	22	-35
348	22	-35
349	22	-35
351	22	-35
350	23	-35
352	23	-35
354	23	-35
356	23	-35
358	23	-35
360	23	-35
362	23	-35
364	23	-35
353	24	-35
355	24	-35
357	24	-35
359	24	-35
361	24	-35
363	24	-35
365	24	-35
366	24	-35
367	24	-35
368	24	-35
370	24	-35
371	24	-35
369	25	-35
335	18	-35
372	25	-35
417	25	-21
417	24	-21
417	26	-21
168	17	-48
170	17	-48
172	17	-48
174	17	-48
167	18	-48
169	18	-48
171	18	-48
173	18	-48
175	18	-48
176	18	-48
177	18	-48
178	18	-48
179	18	-48
180	18	-48
181	18	-48
182	18	-48
183	18	-48
184	18	-48
185	19	-48
186	19	-48
187	20	-48
188	20	-48
189	21	-48
190	21	-48
191	22	-48
192	22	-48
193	22	-48
194	23	-48
195	23	-48
196	23	-48
197	24	-48
198	24	-48
200	24	-48
199	25	-48
201	25	-48
202	25	-48
203	25	-48
205	25	-48
204	26	-48
206	26	-48
207	26	-48
208	26	-48
209	26	-48
211	26	-48
212	26	-48
213	26	-48
214	26	-48
215	26	-48
216	26	-48
217	26	-48
218	26	-48
220	26	-48
231	26	-48
232	26	-48
210	27	-48
219	27	-48
221	27	-48
222	27	-48
224	27	-48
226	27	-48
228	27	-48
229	27	-48
230	27	-48
223	28	-48
225	28	-48
227	28	-48
166	17	-48
233	25	-48
396	24	-18
397	25	-18
398	25	-18
399	26	-18
400	27	-18
396	23	-18
401	28	-18
410	24	-22
409	25	-22
409	26	-22
409	27	-22
410	23	-22
409	28	-22
424	21	-17
425	22	-17
426	23	-17
427	24	-17
428	24	-17
429	25	-17
429	26	-17
430	27	-17
423	20	-17
384	29	-21
383	30	-21
414	28	-21
415	28	-21
411	29	-21
412	29	-21
413	29	-21
416	27	-21
410	29	-21
333	19	-38
334	19	-38
331	20	-38
332	20	-38
328	21	-38
330	21	-38
327	22	-38
329	22	-38
325	23	-38
326	23	-38
323	24	-38
324	24	-38
322	25	-38
320	26	-38
321	26	-38
319	27	-38
318	28	-38
317	29	-38
316	30	-38
335	18	-38
315	31	-38
393	25	-19
393	26	-19
393	27	-19
393	28	-19
392	29	-19
393	30	-19
394	30	-19
395	30	-19
397	30	-19
398	30	-19
399	30	-19
400	30	-19
396	31	-19
393	24	-19
401	29	-19
404	28	-19
403	29	-19
405	29	-19
406	30	-19
402	29	-19
407	30	-19
440	27	-14
441	28	-14
442	29	-14
443	29	-14
444	30	-14
445	31	-14
447	30	-13
446	31	-13
384	31	-21
383	30	-21
252	22	-46
253	22	-46
254	23	-46
255	23	-46
256	24	-46
257	24	-46
258	25	-46
259	25	-46
260	26	-46
261	26	-46
262	27	-46
264	27	-46
266	27	-46
268	27	-46
263	28	-46
265	28	-46
267	28	-46
269	28	-46
271	28	-46
270	29	-46
272	29	-46
274	29	-46
276	29	-46
278	29	-46
273	30	-46
275	30	-46
277	30	-46
279	30	-46
281	30	-46
280	31	-46
282	31	-46
284	31	-46
286	31	-46
288	31	-46
290	31	-46
292	31	-46
294	31	-46
296	31	-46
298	31	-46
300	31	-46
302	31	-46
304	31	-46
283	32	-46
285	32	-46
287	32	-46
289	32	-46
291	32	-46
293	32	-46
295	32	-46
297	32	-46
299	32	-46
301	32	-46
303	32	-46
305	32	-46
306	32	-46
307	32	-46
308	32	-46
309	32	-46
310	32	-46
311	32	-46
312	32	-46
313	32	-46
251	21	-46
314	31	-46
420	28	-19
421	28	-19
422	28	-19
423	29	-19
424	30	-19
425	31	-19
426	32	-19
419	28	-19
427	33	-19
372	26	-25
372	27	-25
372	28	-25
373	29	-25
373	30	-25
374	31	-25
375	31	-25
376	32	-25
377	33	-25
372	25	-25
378	34	-25
382	31	-22
381	32	-22
379	33	-22
380	33	-22
383	30	-22
378	34	-22
426	34	-18
427	33	-18
428	34	-18
429	34	-18
427	33	-18
447	33	-13
447	34	-13
446	32	-13
376	35	-20
375	36	-20
377	35	-20
234	27	-52
234	28	-52
234	29	-52
234	30	-52
234	31	-52
234	32	-52
234	33	-52
234	34	-52
234	35	-52
234	36	-52
234	37	-52
234	38	-52
234	26	-52
316	33	-43
316	34	-43
316	35	-43
317	36	-43
318	37	-43
319	38	-43
315	32	-43
390	37	-18
391	38	-18
391	39	-18
482	34	-20
480	35	-20
481	35	-20
479	36	-20
479	37	-20
478	38	-20
478	39	-20
472	39	-20
473	40	-20
474	41	-20
392	41	-17
391	40	-17
477	41	-20
478	40	-20
476	42	-20
378	36	-22
378	37	-22
378	38	-22
378	39	-22
379	40	-22
380	41	-22
381	42	-22
382	42	-22
377	35	-22
383	43	-22
388	40	-20
387	41	-20
389	41	-20
384	42	-20
385	42	-20
386	42	-20
390	40	-20
383	43	-20
480	40	-19
481	41	-19
482	41	-19
483	42	-19
479	40	-19
126	24	-51
127	24	-51
124	25	-51
125	25	-51
122	26	-51
123	26	-51
120	27	-51
121	27	-51
118	28	-51
119	28	-51
116	29	-51
117	29	-51
114	30	-51
115	30	-51
112	31	-51
113	31	-51
110	32	-51
111	32	-51
108	33	-51
109	33	-51
106	34	-51
107	34	-51
104	35	-51
105	35	-51
102	36	-51
103	36	-51
100	37	-51
101	37	-51
99	38	-51
98	39	-51
98	40	-51
98	41	-51
98	42	-51
98	43	-51
128	23	-51
98	44	-51
418	30	-19
418	31	-19
418	32	-19
419	33	-19
420	34	-19
420	35	-19
421	36	-19
422	37	-19
424	37	-19
423	38	-19
425	38	-19
427	38	-19
426	39	-19
428	39	-19
429	39	-19
430	39	-19
431	39	-19
432	40	-19
433	40	-19
434	41	-19
435	41	-19
436	41	-19
437	42	-19
438	43	-19
439	43	-19
418	29	-19
440	44	-19
444	41	-21
442	42	-21
443	42	-21
441	43	-21
440	44	-21
466	42	-22
468	42	-22
470	42	-22
473	42	-22
460	43	-22
462	43	-22
463	43	-22
464	43	-22
465	43	-22
467	43	-22
469	43	-22
471	43	-22
472	43	-22
457	44	-22
458	44	-22
459	44	-22
461	44	-22
474	41	-22
408	32	-15
408	33	-15
408	34	-15
408	35	-15
409	36	-15
410	37	-15
411	38	-15
412	39	-15
414	39	-15
413	40	-15
415	40	-15
417	40	-15
416	41	-15
418	41	-15
419	42	-15
420	43	-15
421	43	-15
422	44	-15
423	44	-15
424	44	-15
408	31	-15
425	45	-15
427	44	-15
426	45	-15
383	44	-17
382	45	-17
383	43	-17
441	45	-26
442	45	-26
444	45	-26
446	45	-26
443	46	-26
445	46	-26
440	44	-26
409	48	-15
410	49	-15
426	47	-15
426	48	-15
427	49	-15
427	50	-15
426	46	-15
384	50	-16
385	51	-16
414	50	-30
415	50	-30
416	51	-30
476	44	-16
476	45	-16
477	46	-16
477	47	-16
478	48	-16
479	49	-16
480	50	-16
481	50	-16
482	51	-16
483	51	-16
484	51	-16
485	51	-16
486	51	-16
487	51	-16
490	51	-16
488	52	-16
489	52	-16
476	43	-16
387	52	-13
388	52	-13
389	52	-13
391	52	-13
390	53	-13
392	53	-13
492	51	-13
493	52	-13
494	53	-13
495	53	-13
497	53	-13
499	53	-13
496	54	-13
498	54	-13
500	54	-13
334	54	-45
336	54	-45
341	54	-45
343	54	-45
345	54	-45
319	55	-45
320	55	-45
321	55	-45
322	55	-45
323	55	-45
324	55	-45
325	55	-45
326	55	-45
327	55	-45
328	55	-45
329	55	-45
330	55	-45
331	55	-45
332	55	-45
333	55	-45
335	55	-45
337	55	-45
338	55	-45
339	55	-45
340	55	-45
342	55	-45
344	55	-45
346	55	-45
317	56	-45
318	56	-45
315	57	-45
316	57	-45
313	58	-45
314	58	-45
312	59	-45
312	60	-45
347	56	-45
311	61	-45
364	50	-37
363	51	-37
363	52	-37
362	53	-37
362	54	-37
361	55	-37
360	56	-37
352	54	-43
348	55	-43
349	55	-43
350	55	-43
351	55	-43
353	55	-43
354	55	-43
355	55	-43
356	55	-43
358	55	-43
359	55	-43
357	56	-43
347	56	-43
360	56	-43
398	56	-30
399	56	-30
400	57	-30
401	58	-30
402	57	-34
401	58	-34
480	55	-19
479	56	-19
479	57	-19
478	58	-19
347	57	-45
347	58	-45
347	56	-45
436	55	-20
437	55	-20
438	55	-20
439	55	-20
440	55	-20
452	55	-20
453	55	-20
454	55	-20
455	55	-20
456	55	-20
457	55	-20
458	55	-20
459	55	-20
460	55	-20
461	55	-20
462	55	-20
463	55	-20
465	55	-20
467	55	-20
441	56	-20
442	56	-20
443	56	-20
444	56	-20
445	56	-20
446	56	-20
447	56	-20
448	56	-20
449	56	-20
450	56	-20
451	56	-20
464	56	-20
466	56	-20
468	56	-20
470	56	-20
472	56	-20
469	57	-20
471	57	-20
473	57	-20
474	57	-20
475	57	-20
476	58	-20
477	58	-20
554	59	-6
555	60	-6
557	59	-6
556	60	-6
555	60	-6
361	57	-41
362	58	-41
362	59	-41
363	60	-41
364	61	-41
360	56	-41
365	62	-41
390	60	-30
390	61	-30
390	62	-30
2	2	-56
3	3	-56
4	4	-56
5	5	-56
6	6	-56
7	7	-56
8	8	-56
9	9	-56
10	10	-56
11	11	-56
12	12	-56
13	13	-56
14	14	-56
15	15	-56
16	16	-56
17	17	-56
18	18	-56
19	19	-56
20	20	-56
21	21	-56
22	22	-56
23	23	-56
24	24	-56
25	25	-56
26	26	-56
27	27	-56
28	28	-56
29	29	-56
30	30	-56
31	31	-56
32	32	-56
33	33	-56
34	34	-56
35	35	-56
36	36	-56
37	37	-56
38	38	-56
39	39	-56
40	40	-56
41	41	-56
42	42	-56
43	43	-56
44	44	-56
45	45	-56
46	46	-56
47	47	-56
48	48	-56
49	49	-56
50	50	-56
51	51	-56
52	52	-56
53	53	-56
54	54	-56
55	55	-56
56	56	-56
57	57	-56
58	58	-56
59	59	-56
60	60	-56
61	61	-56
62	62	-56
63	63	-56
96	46	-52
97	46	-52
94	47	-52
95	47	-52
92	48	-52
93	48	-52
90	49	-52
91	49	-52
88	50	-52
89	50	-52
86	51	-52
87	51	-52
84	52	-52
85	52	-52
82	53	-52
83	53	-52
80	54	-52
81	54	-52
78	55	-52
79	55	-52
76	56	-52
77	56	-52
74	57	-52
75	57	-52
72	58	-52
73	58	-52
70	59	-52
71	59	-52
68	60	-52
69	60	-52
66	61	-52
67	61	-52
64	62	-52
65	62	-52
98	45	-52
63	63	-52
100	45	-53
101	45	-53
102	45	-53
103	45	-53
104	45	-53
105	45	-53
106	45	-53
107	45	-53
108	45	-53
109	45	-53
110	45	-53
111	45	-53
112	45	-53
113	45	-53
114	45	-53
115	45	-53
116	45	-53
117	45	-53
118	45	-53
119	45	-53
120	45	-53
121	45	-53
122	45	-53
123	46	-53
124	46	-53
125	47	-53
126	47	-53
127	48	-53
128	48	-53
129	49	-53
130	49	-53
131	50	-53
132	50	-53
133	51	-53
134	51	-53
135	52	-53
136	52	-53
138	52	-53
140	52	-53
137	53	-53
139	53	-53
141	53	-53
172	53	-53
174	53	-53
176	53	-53
177	53	-53
179	53	-53
181	53	-53
183	53	-53
185	53	-53
187	53	-53
189	53	-53
142	54	-53
143	54	-53
157	54	-53
159	54	-53
162	54	-53
164	54	-53
166	54	-53
167	54	-53
168	54	-53
169	54	-53
170	54	-53
171	54	-53
173	54	-53
175	54	-53
178	54	-53
180	54	-53
182	54	-53
184	54	-53
186	54	-53
188	54	-53
190	54	-53
191	54	-53
192	54	-53
194	54	-53
196	54	-53
198	54	-53
200	54	-53
144	55	-53
145	55	-53
146	55	-53
147	55	-53
148	55	-53
149	55	-53
151	55	-53
152	55	-53
153	55	-53
154	55	-53
155	55	-53
156	55	-53
158	55	-53
160	55	-53
161	55	-53
163	55	-53
165	55	-53
193	55	-53
195	55	-53
197	55	-53
199	55	-53
201	55	-53
202	55	-53
203	55	-53
204	55	-53
205	55	-53
150	56	-53
206	56	-53
207	57	-53
208	57	-53
209	58	-53
210	58	-53
211	59	-53
212	59	-53
213	60	-53
214	60	-53
215	61	-53
216	61	-53
217	62	-53
99	45	-53
218	63	-53
306	61	-44
307	61	-44
308	61	-44
304	62	-44
305	62	-44
309	62	-44
302	63	-44
303	63	-44
300	64	-44
301	64	-44
298	65	-44
299	65	-44
296	66	-44
297	66	-44
295	67	-44
310	61	-44
294	68	-44
392	62	-32
391	63	-32
393	63	-32
553	62	-9
554	61	-9
399	61	-36
397	62	-36
398	62	-36
396	63	-36
400	60	-36
395	64	-36
367	62	-36
368	62	-36
369	63	-36
370	64	-36
366	62	-36
371	65	-36
555	62	-7
555	63	-7
555	64	-7
554	61	-7
587	64	-6
588	64	-6
586	65	-6
478	60	-15
479	61	-15
480	62	-15
481	63	-15
482	64	-15
483	65	-15
484	66	-15
485	66	-15
486	66	-15
487	67	-15
478	59	-15
220	63	-48
219	64	-48
221	64	-48
222	64	-48
223	65	-48
224	65	-48
225	65	-48
226	65	-48
228	65	-48
227	66	-48
229	66	-48
230	66	-48
231	66	-48
232	66	-48
234	66	-48
236	66	-48
238	66	-48
240	66	-48
248	66	-48
250	66	-48
252	66	-48
254	66	-48
256	66	-48
258	66	-48
260	66	-48
262	66	-48
264	66	-48
265	66	-48
266	66	-48
267	66	-48
268	66	-48
269	66	-48
270	66	-48
271	66	-48
273	66	-48
275	66	-48
277	66	-48
279	66	-48
233	67	-48
235	67	-48
237	67	-48
239	67	-48
241	67	-48
242	67	-48
243	67	-48
244	67	-48
245	67	-48
246	67	-48
247	67	-48
249	67	-48
251	67	-48
253	67	-48
255	67	-48
257	67	-48
259	67	-48
261	67	-48
263	67	-48
272	67	-48
274	67	-48
276	67	-48
278	67	-48
280	67	-48
281	67	-48
282	67	-48
283	67	-48
284	67	-48
285	67	-48
286	67	-48
287	67	-48
288	67	-48
289	67	-48
290	67	-48
291	67	-48
293	67	-48
292	68	-48
218	63	-48
294	68	-48
312	63	-45
313	64	-45
314	65	-45
315	66	-45
316	67	-45
317	68	-45
311	62	-45
318	69	-45
372	64	-35
373	65	-35
374	66	-35
375	66	-35
376	66	-35
377	67	-35
378	68	-35
378	69	-35
378	70	-35
378	71	-35
371	65	-35
378	72	-35
388	63	-31
386	64	-31
387	64	-31
384	65	-31
385	65	-31
383	66	-31
382	67	-31
381	68	-31
381	69	-31
381	70	-31
381	71	-31
389	64	-31
381	72	-31
389	65	-30
389	66	-30
390	67	-30
390	68	-30
390	69	-30
390	70	-30
390	71	-30
389	64	-30
390	72	-30
216	64	-56
217	64	-56
214	65	-56
215	65	-56
213	66	-56
211	67	-56
212	67	-56
209	68	-56
210	68	-56
207	69	-56
208	69	-56
174	70	-56
176	70	-56
177	70	-56
178	70	-56
179	70	-56
180	70	-56
182	70	-56
206	70	-56
172	71	-56
173	71	-56
175	71	-56
181	71	-56
183	71	-56
184	71	-56
185	71	-56
186	71	-56
188	71	-56
198	71	-56
200	71	-56
202	71	-56
204	71	-56
205	71	-56
170	72	-56
171	72	-56
187	72	-56
189	72	-56
190	72	-56
191	72	-56
192	72	-56
193	72	-56
194	72	-56
195	72	-56
196	72	-56
197	72	-56
199	72	-56
201	72	-56
203	72	-56
169	73	-56
168	74	-56
166	75	-56
167	75	-56
164	76	-56
165	76	-56
162	77	-56
163	77	-56
161	78	-56
160	79	-56
218	63	-56
159	80	-56
365	64	-38
365	65	-38
365	66	-38
366	67	-38
366	68	-38
366	69	-38
366	70	-38
366	71	-38
366	72	-38
365	63	-38
366	73	-38
394	66	-37
393	67	-37
393	68	-37
392	69	-37
392	70	-37
392	71	-37
392	72	-37
394	65	-37
391	73	-37
457	72	-24
458	72	-24
371	66	-38
371	67	-38
371	68	-38
371	69	-38
371	70	-38
371	71	-38
371	72	-38
371	73	-38
371	65	-38
371	74	-38
379	73	-39
380	73	-39
378	72	-39
381	72	-39
320	69	-41
321	69	-41
322	69	-41
323	69	-41
324	69	-41
325	69	-41
326	69	-41
327	69	-41
328	69	-41
329	69	-41
330	69	-41
331	69	-41
332	69	-41
333	69	-41
334	69	-41
335	69	-41
336	69	-41
337	69	-41
338	69	-41
339	69	-41
341	69	-41
343	69	-41
319	70	-41
340	70	-41
342	70	-41
344	70	-41
345	70	-41
346	70	-41
348	70	-41
347	71	-41
349	71	-41
350	71	-41
351	71	-41
352	71	-41
353	71	-41
354	71	-41
356	71	-41
355	72	-41
357	72	-41
358	72	-41
359	72	-41
360	72	-41
361	73	-41
362	73	-41
363	73	-41
364	74	-41
365	74	-41
318	69	-41
366	73	-41
376	73	-40
377	73	-40
373	74	-40
374	74	-40
375	74	-40
372	75	-40
378	72	-40
371	74	-40
295	69	-46
296	70	-46
297	70	-46
317	70	-46
298	71	-46
299	71	-46
316	71	-46
300	72	-46
301	72	-46
314	72	-46
315	72	-46
302	73	-46
303	73	-46
312	73	-46
313	73	-46
304	74	-46
305	74	-46
310	74	-46
311	74	-46
306	75	-46
307	75	-46
308	75	-46
309	75	-46
294	68	-46
318	69	-46
368	73	-41
367	74	-41
369	74	-41
370	75	-41
366	73	-41
371	74	-41
389	74	-38
389	75	-38
390	73	-38
389	76	-38
465	74	-21
466	74	-21
467	75	-21
468	75	-21
469	75	-21
382	73	-38
383	74	-38
384	74	-38
385	75	-38
386	75	-38
387	76	-38
388	77	-38
381	72	-38
389	76	-38
402	61	-22
403	62	-22
404	63	-22
404	64	-22
405	65	-22
406	66	-22
407	67	-22
408	68	-22
409	69	-22
410	69	-22
411	70	-22
412	70	-22
413	70	-22
414	71	-22
415	71	-22
416	72	-22
417	72	-22
418	72	-22
419	73	-22
420	73	-22
421	74	-22
422	75	-22
423	75	-22
424	76	-22
425	77	-22
426	77	-22
427	77	-22
428	77	-22
429	77	-22
430	78	-22
431	79	-22
401	60	-22
431	80	-22
476	79	-17
477	79	-17
478	79	-17
479	79	-17
537	79	-13
536	80	-13
521	79	-15
523	79	-15
525	79	-15
527	79	-15
517	80	-15
519	80	-15
520	80	-15
522	80	-15
524	80	-15
526	80	-15
528	80	-15
529	80	-15
514	81	-15
515	81	-15
516	81	-15
518	81	-15
530	81	-15
531	81	-15
532	82	-15
533	81	-15
534	81	-15
535	80	-15
532	82	-15
390	77	-32
391	77	-32
392	78	-32
393	79	-32
394	79	-32
395	80	-32
396	80	-32
398	80	-32
397	81	-32
399	81	-32
400	81	-32
402	81	-32
404	81	-32
406	81	-32
430	81	-32
401	82	-32
403	82	-32
405	82	-32
407	82	-32
408	82	-32
409	82	-32
410	82	-32
411	82	-32
412	82	-32
413	82	-32
414	82	-32
416	82	-32
418	82	-32
425	82	-32
427	82	-32
428	82	-32
429	82	-32
415	83	-32
417	83	-32
419	83	-32
420	83	-32
421	83	-32
422	83	-32
424	83	-32
426	83	-32
423	84	-32
389	76	-32
431	80	-32
600	82	-6
600	83	-6
537	82	-13
538	83	-13
536	81	-13
437	77	-22
436	78	-22
438	78	-22
439	78	-22
440	78	-22
441	78	-22
442	78	-22
443	78	-22
445	78	-22
434	79	-22
435	79	-22
444	79	-22
446	79	-22
447	79	-22
448	79	-22
449	79	-22
450	79	-22
433	80	-22
451	80	-22
452	80	-22
453	80	-22
454	80	-22
456	80	-22
432	81	-22
455	81	-22
457	81	-22
458	81	-22
459	82	-22
460	82	-22
461	82	-22
462	82	-22
463	83	-22
464	83	-22
465	83	-22
466	84	-22
467	84	-22
468	84	-22
469	85	-22
470	85	-22
431	80	-22
471	85	-22
526	85	-15
527	85	-15
525	86	-15
528	86	-15
531	83	-15
530	84	-15
529	85	-15
532	82	-15
528	86	-15
599	84	-6
599	85	-6
600	83	-6
599	86	-6
476	82	-16
477	82	-16
478	82	-16
479	82	-16
480	82	-16
474	83	-16
475	83	-16
481	83	-16
482	83	-16
483	83	-16
484	83	-16
472	84	-16
473	84	-16
485	84	-16
486	84	-16
487	84	-16
488	84	-16
489	85	-16
490	85	-16
491	85	-16
492	85	-16
494	85	-16
493	86	-16
495	86	-16
471	85	-16
520	85	-16
522	85	-16
524	85	-16
517	86	-16
518	86	-16
519	86	-16
521	86	-16
523	86	-16
514	87	-16
516	87	-16
513	88	-16
515	88	-16
511	89	-16
512	89	-16
525	86	-16
510	89	-16
601	84	-6
601	85	-6
601	86	-6
600	83	-6
601	87	-6
588	87	-7
590	87	-7
591	87	-7
592	87	-7
593	87	-7
594	87	-7
595	87	-7
596	87	-7
597	87	-7
587	88	-7
589	88	-7
586	89	-7
598	87	-7
585	90	-7
605	86	-6
604	87	-6
603	88	-6
508	87	-17
509	88	-17
510	89	-17
525	87	-16
525	88	-16
525	86	-16
565	86	-10
567	86	-10
570	86	-10
564	87	-10
566	87	-10
568	87	-10
569	87	-10
571	87	-10
572	87	-10
573	88	-10
574	89	-10
583	86	-8
584	87	-8
584	88	-8
584	89	-8
600	88	-6
599	87	-6
601	87	-6
576	87	-8
577	87	-8
575	88	-8
578	88	-8
579	89	-8
574	89	-8
580	90	-8
509	90	-18
510	89	-18
508	91	-18
574	90	-9
574	89	-9
575	91	-9
604	90	-6
603	89	-6
557	88	-10
557	89	-10
557	90	-10
557	91	-10
581	91	-9
580	90	-9
582	91	-9
160	82	-55
161	83	-55
162	84	-55
163	85	-55
164	86	-55
165	87	-55
165	88	-55
166	89	-55
167	90	-55
167	91	-55
168	92	-55
169	93	-55
159	81	-55
168	94	-55
472	86	-18
473	87	-18
474	88	-18
475	89	-18
476	89	-18
477	90	-18
478	90	-18
480	90	-18
482	90	-18
484	90	-18
486	90	-18
479	91	-18
481	91	-18
483	91	-18
485	91	-18
487	91	-18
489	91	-18
491	91	-18
493	91	-18
505	91	-18
506	91	-18
488	92	-18
490	92	-18
492	92	-18
494	92	-18
495	92	-18
496	92	-18
498	92	-18
500	92	-18
502	92	-18
504	92	-18
497	93	-18
499	93	-18
501	93	-18
503	93	-18
471	85	-18
507	91	-18
565	92	-11
565	93	-11
579	91	-10
578	92	-10
577	93	-10
580	90	-10
576	92	-10
508	93	-17
508	94	-17
508	95	-17
508	92	-17
62	64	-56
62	65	-56
61	66	-56
61	67	-56
60	68	-56
60	69	-56
59	70	-56
60	71	-56
59	72	-56
60	73	-56
60	74	-56
61	75	-56
61	76	-56
62	77	-56
62	78	-56
63	79	-56
63	80	-56
64	81	-56
64	82	-56
65	83	-56
65	84	-56
66	85	-56
66	86	-56
67	87	-56
67	88	-56
68	89	-56
68	90	-56
69	91	-56
69	92	-56
70	93	-56
70	94	-56
71	95	-56
71	96	-56
63	63	-56
72	97	-56
156	80	-54
157	80	-54
154	81	-54
155	81	-54
152	82	-54
153	82	-54
151	83	-54
149	84	-54
150	84	-54
148	85	-54
146	86	-54
147	86	-54
144	87	-54
145	87	-54
142	88	-54
143	88	-54
140	89	-54
141	89	-54
139	90	-54
137	91	-54
138	91	-54
136	92	-54
135	93	-54
134	94	-54
133	95	-54
133	96	-54
158	80	-54
133	97	-54
529	87	-12
530	88	-12
531	89	-12
532	89	-12
533	90	-12
535	90	-12
536	90	-12
534	91	-12
537	91	-12
538	91	-12
539	91	-12
540	91	-12
541	92	-12
542	92	-12
543	92	-12
544	92	-12
545	93	-12
546	93	-12
547	93	-12
548	93	-12
549	94	-12
550	94	-12
551	95	-12
552	95	-12
553	96	-12
554	96	-12
555	97	-12
556	97	-12
528	86	-12
557	98	-12
571	93	-11
573	93	-11
574	93	-11
570	94	-11
572	94	-11
568	95	-11
569	95	-11
567	96	-11
566	97	-11
575	92	-11
566	98	-11
512	95	-14
514	95	-14
515	95	-14
516	95	-14
511	96	-14
513	96	-14
517	96	-14
517	97	-14
518	98	-14
517	99	-14
583	93	-7
584	94	-7
584	95	-7
585	96	-7
586	97	-7
587	98	-7
588	98	-7
583	92	-7
558	99	-11
557	98	-11
559	100	-11
564	98	-11
561	99	-11
562	99	-11
563	99	-11
565	99	-11
560	100	-11
556	99	-11
554	100	-11
555	100	-11
557	98	-11
73	97	-55
74	97	-55
75	97	-55
76	97	-55
77	97	-55
78	97	-55
79	97	-55
80	97	-55
81	97	-55
82	97	-55
83	97	-55
84	97	-55
85	97	-55
86	97	-55
87	97	-55
88	97	-55
89	97	-55
90	97	-55
91	97	-55
92	97	-55
93	97	-55
94	97	-55
95	97	-55
96	97	-55
97	97	-55
98	97	-55
99	97	-55
100	97	-55
101	97	-55
102	97	-55
103	97	-55
104	97	-55
105	97	-55
106	97	-55
107	97	-55
108	97	-55
109	97	-55
110	97	-55
111	97	-55
112	97	-55
113	97	-55
114	97	-55
115	97	-55
116	97	-55
117	97	-55
118	97	-55
119	97	-55
120	97	-55
121	98	-55
122	99	-55
123	99	-55
124	100	-55
125	100	-55
126	100	-55
127	101	-55
72	97	-55
128	102	-55
132	99	-56
130	100	-56
131	100	-56
129	101	-56
133	98	-56
128	102	-56
516	101	-15
517	100	-15
519	101	-15
519	102	-15
518	100	-15
558	101	-11
557	102	-11
559	100	-11
257	101	-56
259	101	-56
261	101	-56
262	101	-56
263	101	-56
264	101	-56
265	101	-56
266	101	-56
267	101	-56
250	102	-56
252	102	-56
254	102	-56
255	102	-56
256	102	-56
258	102	-56
260	102	-56
268	102	-56
269	102	-56
245	103	-56
247	103	-56
248	103	-56
249	103	-56
251	103	-56
253	103	-56
270	103	-56
271	103	-56
240	104	-56
241	104	-56
242	104	-56
243	104	-56
244	104	-56
246	104	-56
234	105	-56
236	105	-56
237	105	-56
238	105	-56
239	105	-56
214	106	-56
216	106	-56
224	106	-56
226	106	-56
228	106	-56
229	106	-56
230	106	-56
231	106	-56
232	106	-56
233	106	-56
235	106	-56
213	107	-56
215	107	-56
217	107	-56
218	107	-56
219	107	-56
220	107	-56
221	107	-56
222	107	-56
223	107	-56
225	107	-56
227	107	-56
272	104	-56
212	106	-56
167	96	-55
166	97	-55
165	98	-55
164	99	-55
163	100	-55
162	101	-55
161	102	-55
160	103	-55
159	104	-55
158	105	-55
168	95	-55
158	106	-55
202	98	-54
199	99	-54
200	99	-54
201	99	-54
203	99	-54
204	99	-54
205	99	-54
206	99	-54
197	100	-54
198	100	-54
207	100	-54
208	100	-54
196	101	-54
209	101	-54
195	102	-54
210	102	-54
211	102	-54
195	103	-54
212	103	-54
194	104	-54
212	104	-54
194	105	-54
212	105	-54
194	106	-54
194	107	-54
194	108	-54
194	109	-54
194	110	-54
194	111	-54
212	106	-54
194	112	-54
560	102	-10
560	103	-10
560	104	-10
561	105	-10
560	101	-10
567	100	-9
567	101	-9
568	102	-9
569	103	-9
570	104	-9
571	105	-9
566	99	-9
571	106	-9
300	104	-50
301	104	-50
303	104	-50
304	104	-50
306	104	-50
298	105	-50
299	105	-50
302	105	-50
305	105	-50
307	105	-50
308	105	-50
296	106	-50
297	106	-50
309	106	-50
310	106	-50
293	107	-50
294	107	-50
295	107	-50
311	107	-50
292	108	-50
135	98	-55
136	98	-55
137	98	-55
138	98	-55
139	98	-55
140	98	-55
141	98	-55
142	98	-55
143	99	-55
144	99	-55
145	99	-55
146	100	-55
147	101	-55
148	101	-55
149	102	-55
150	102	-55
151	103	-55
152	104	-55
153	104	-55
154	105	-55
155	106	-55
156	106	-55
157	107	-55
134	98	-55
158	106	-55
277	101	-54
279	101	-54
275	102	-54
276	102	-54
278	102	-54
280	102	-54
281	102	-54
282	102	-54
283	102	-54
273	103	-54
274	103	-54
284	103	-54
285	103	-54
286	104	-54
287	105	-54
288	105	-54
289	106	-54
290	106	-54
291	107	-54
272	104	-54
292	108	-54
315	105	-50
313	106	-50
314	106	-50
316	106	-50
317	107	-50
318	107	-50
312	107	-50
319	108	-50
563	106	-9
564	106	-9
565	106	-9
566	106	-9
567	106	-9
568	107	-9
569	107	-9
570	107	-9
585	106	-7
586	107	-7
457	108	-17
456	109	-17
476	107	-14
478	107	-14
475	108	-14
477	108	-14
479	108	-14
480	108	-14
474	109	-14
481	109	-14
482	109	-14
474	110	-14
474	111	-14
474	112	-14
483	110	-14
474	113	-14
572	109	-9
571	108	-9
573	108	-9
433	106	-18
423	107	-18
425	107	-18
427	107	-18
428	107	-18
429	107	-18
430	107	-18
431	107	-18
432	107	-18
434	107	-18
435	107	-18
436	107	-18
420	108	-18
422	108	-18
424	108	-18
426	108	-18
437	108	-18
438	108	-18
439	108	-18
452	108	-18
413	109	-18
415	109	-18
417	109	-18
418	109	-18
419	109	-18
421	109	-18
440	109	-18
441	109	-18
442	109	-18
444	109	-18
446	109	-18
448	109	-18
450	109	-18
451	109	-18
453	109	-18
401	110	-18
403	110	-18
404	110	-18
405	110	-18
406	110	-18
407	110	-18
408	110	-18
409	110	-18
410	110	-18
411	110	-18
412	110	-18
414	110	-18
416	110	-18
443	110	-18
445	110	-18
447	110	-18
449	110	-18
454	110	-18
402	111	-18
455	109	-18
400	111	-18
574	109	-8
574	110	-8
573	108	-8
319	109	-49
318	110	-49
317	111	-49
319	108	-49
320	107	-32
321	108	-32
322	108	-32
323	108	-32
324	108	-32
325	108	-32
326	109	-32
327	109	-32
328	109	-32
329	109	-32
330	109	-32
331	109	-32
332	109	-32
333	109	-32
335	109	-32
334	110	-32
336	110	-32
337	110	-32
338	110	-32
339	110	-32
340	110	-32
342	110	-32
384	110	-32
386	110	-32
388	110	-32
390	110	-32
392	110	-32
394	110	-32
396	110	-32
398	110	-32
399	110	-32
341	111	-32
343	111	-32
344	111	-32
345	111	-32
346	111	-32
347	111	-32
348	111	-32
350	111	-32
379	111	-32
381	111	-32
382	111	-32
383	111	-32
385	111	-32
387	111	-32
389	111	-32
391	111	-32
393	111	-32
395	111	-32
397	111	-32
349	112	-32
351	112	-32
353	112	-32
371	112	-32
373	112	-32
375	112	-32
376	112	-32
377	112	-32
378	112	-32
380	112	-32
352	113	-32
354	113	-32
355	113	-32
356	113	-32
357	113	-32
358	113	-32
359	113	-32
360	113	-32
361	113	-32
362	113	-32
363	113	-32
364	113	-32
365	113	-32
366	113	-32
367	113	-32
368	113	-32
369	113	-32
370	113	-32
372	113	-32
374	113	-32
319	108	-32
400	111	-32
292	109	-39
292	110	-39
291	111	-39
291	112	-39
292	108	-39
291	113	-39
170	95	-55
171	96	-55
172	97	-55
172	98	-55
173	99	-55
174	100	-55
174	101	-55
175	102	-55
175	103	-55
176	104	-55
177	105	-55
176	106	-55
177	107	-55
178	108	-55
178	109	-55
178	110	-55
178	111	-55
178	112	-55
178	113	-55
169	95	-55
178	114	-55
210	107	-56
211	107	-56
208	108	-56
209	108	-56
205	109	-56
207	109	-56
204	110	-56
206	110	-56
202	111	-56
203	111	-56
200	112	-56
201	112	-56
196	113	-56
197	113	-56
198	113	-56
199	113	-56
212	106	-56
195	113	-56
311	109	-49
310	110	-49
309	111	-49
308	112	-49
307	113	-49
311	108	-49
306	114	-49
578	113	-6
579	114	-6
481	111	-14
482	111	-14
480	112	-14
478	113	-14
479	113	-14
476	114	-14
477	114	-14
483	110	-14
475	114	-14
484	110	-13
485	110	-13
486	110	-13
487	110	-13
488	110	-13
489	111	-13
490	111	-13
491	111	-13
492	112	-13
493	112	-13
494	113	-13
495	114	-13
483	110	-13
496	115	-13
499	110	-11
498	111	-11
498	112	-11
498	113	-11
497	114	-11
496	115	-11
589	112	-6
590	113	-6
591	114	-6
272	105	-36
272	106	-36
272	107	-36
272	108	-36
272	109	-36
271	110	-36
270	111	-36
270	112	-36
270	113	-36
270	114	-36
270	115	-36
272	104	-36
270	116	-36
578	115	-6
579	114	-6
580	115	-6
579	114	-6
192	113	-55
190	114	-55
191	114	-55
179	115	-55
180	115	-55
182	115	-55
186	115	-55
188	115	-55
189	115	-55
181	116	-55
183	116	-55
184	116	-55
185	116	-55
187	116	-55
193	113	-55
178	114	-55
307	116	-39
306	115	-39
400	112	-31
400	113	-31
400	114	-31
400	115	-31
400	116	-31
400	111	-31
159	107	-55
160	108	-55
161	109	-55
162	109	-55
163	110	-55
164	111	-55
165	112	-55
166	112	-55
167	113	-55
168	113	-55
169	114	-55
170	115	-55
171	115	-55
176	115	-55
177	115	-55
172	116	-55
174	116	-55
175	116	-55
173	117	-55
158	106	-55
178	114	-55
292	114	-36
293	114	-36
294	114	-36
295	115	-36
296	115	-36
297	115	-36
304	115	-36
298	116	-36
299	116	-36
302	116	-36
303	116	-36
300	117	-36
301	117	-36
291	113	-36
305	114	-36
457	111	-16
458	112	-16
459	113	-16
460	114	-16
461	114	-16
462	115	-16
463	116	-16
465	116	-16
464	117	-16
466	117	-16
467	117	-16
456	110	-16
468	118	-16
472	116	-15
469	117	-15
470	117	-15
471	117	-15
473	115	-15
468	118	-15
289	114	-39
290	114	-39
288	115	-39
286	116	-39
287	116	-39
271	117	-39
272	117	-39
273	117	-39
284	117	-39
285	117	-39
274	118	-39
275	118	-39
278	118	-39
279	118	-39
280	118	-39
281	118	-39
282	118	-39
283	118	-39
276	119	-39
277	119	-39
291	113	-39
270	116	-39
496	116	-12
495	117	-12
494	118	-12
494	119	-12
496	115	-12
493	120	-12
474	116	-11
475	117	-11
476	117	-11
477	118	-11
478	118	-11
483	118	-11
485	118	-11
487	118	-11
479	119	-11
480	119	-11
481	119	-11
482	119	-11
484	119	-11
486	119	-11
488	119	-11
489	119	-11
490	120	-11
492	120	-11
491	121	-11
473	115	-11
493	120	-11
468	119	-13
468	120	-13
468	121	-13
467	122	-13
466	123	-13
466	124	-13
468	118	-13
494	123	-11
494	124	-11
494	122	-11
495	125	-11
496	122	-12
497	123	-12
497	124	-12
495	121	-12
497	125	-12
494	126	-11
495	125	-11
194	115	-54
194	116	-54
194	117	-54
194	118	-54
195	119	-54
195	120	-54
196	121	-54
196	122	-54
197	123	-54
198	124	-54
199	125	-54
199	126	-54
199	127	-54
194	114	-54
199	128	-54
128	103	-54
128	104	-54
128	105	-54
128	106	-54
128	107	-54
128	108	-54
128	109	-54
128	110	-54
128	111	-54
128	112	-54
128	113	-54
128	114	-54
128	115	-54
128	116	-54
128	117	-54
128	118	-54
128	119	-54
129	120	-54
130	121	-54
131	122	-54
131	123	-54
131	124	-54
131	125	-54
131	126	-54
131	127	-54
131	128	-54
128	102	-54
131	129	-54
197	129	-54
194	130	-54
195	130	-54
196	130	-54
193	131	-54
191	132	-54
192	132	-54
189	133	-54
190	133	-54
187	134	-54
188	134	-54
186	135	-54
184	136	-54
185	136	-54
182	137	-54
183	137	-54
181	138	-54
180	139	-54
198	129	-54
180	140	-54
269	117	-47
268	118	-47
267	119	-47
266	120	-47
264	121	-47
265	121	-47
263	122	-47
262	123	-47
260	124	-47
261	124	-47
259	125	-47
258	126	-47
257	127	-47
256	128	-47
254	129	-47
255	129	-47
253	130	-47
252	131	-47
270	116	-47
251	132	-47
498	127	-8
499	128	-8
500	129	-8
501	130	-8
502	130	-8
503	131	-8
504	131	-8
505	131	-8
506	131	-8
508	131	-8
510	131	-8
512	131	-8
507	132	-8
509	132	-8
511	132	-8
497	126	-8
250	131	-54
246	132	-54
248	132	-54
249	132	-54
242	133	-54
244	133	-54
245	133	-54
247	133	-54
238	134	-54
240	134	-54
241	134	-54
243	134	-54
235	135	-54
236	135	-54
237	135	-54
239	135	-54
233	136	-54
234	136	-54
251	132	-54
232	137	-54
130	131	-53
129	132	-53
128	133	-53
127	134	-53
126	135	-53
125	136	-53
131	130	-53
125	137	-53
200	130	-54
201	131	-54
202	132	-54
203	133	-54
204	134	-54
205	135	-54
206	136	-54
199	129	-54
207	137	-54
210	136	-54
222	136	-54
224	136	-54
231	136	-54
209	137	-54
211	137	-54
212	137	-54
214	137	-54
216	137	-54
218	137	-54
219	137	-54
220	137	-54
221	137	-54
223	137	-54
225	137	-54
226	137	-54
227	137	-54
228	137	-54
230	137	-54
213	138	-54
215	138	-54
217	138	-54
229	138	-54
208	137	-54
232	137	-54
550	137	-10
551	138	-10
552	139	-10
553	138	-7
552	139	-7
146	128	-55
142	129	-55
143	129	-55
144	129	-55
145	129	-55
147	129	-55
148	129	-55
150	129	-55
133	130	-55
134	130	-55
135	130	-55
136	130	-55
137	130	-55
138	130	-55
139	130	-55
140	130	-55
141	130	-55
149	130	-55
151	130	-55
152	130	-55
153	130	-55
154	131	-55
155	131	-55
156	131	-55
157	131	-55
158	132	-55
159	132	-55
160	132	-55
161	132	-55
162	132	-55
165	132	-55
163	133	-55
164	133	-55
166	133	-55
167	133	-55
168	134	-55
169	134	-55
170	135	-55
171	135	-55
172	136	-55
173	136	-55
174	137	-55
175	137	-55
176	138	-55
177	139	-55
177	140	-55
132	130	-55
177	141	-55
179	141	-55
178	142	-55
180	140	-55
177	141	-55
553	140	-6
554	141	-6
555	141	-6
556	142	-6
557	142	-6
552	139	-6
71	98	-56
71	99	-56
70	100	-56
70	101	-56
69	102	-56
69	103	-56
68	104	-56
68	105	-56
67	106	-56
67	107	-56
66	108	-56
66	109	-56
65	110	-56
65	111	-56
64	112	-56
64	113	-56
63	114	-56
63	115	-56
62	116	-56
62	117	-56
61	118	-56
61	119	-56
60	120	-56
60	121	-56
59	122	-56
60	123	-56
60	124	-56
61	125	-56
61	126	-56
62	127	-56
62	128	-56
63	129	-56
63	130	-56
64	131	-56
64	132	-56
65	133	-56
65	134	-56
66	135	-56
66	136	-56
67	137	-56
67	138	-56
68	139	-56
68	140	-56
69	141	-56
69	142	-56
70	143	-56
72	97	-56
71	144	-56
175	142	-54
176	142	-54
174	143	-54
177	141	-54
173	144	-54
124	139	-56
123	140	-56
122	141	-56
121	142	-56
120	143	-56
72	144	-56
73	144	-56
74	144	-56
75	144	-56
76	144	-56
77	144	-56
78	144	-56
79	144	-56
80	144	-56
81	144	-56
82	144	-56
83	144	-56
84	144	-56
85	144	-56
86	144	-56
87	144	-56
88	144	-56
89	144	-56
90	144	-56
91	144	-56
92	144	-56
93	144	-56
94	144	-56
95	144	-56
96	144	-56
97	144	-56
98	144	-56
99	144	-56
100	144	-56
101	144	-56
102	144	-56
103	144	-56
104	144	-56
105	144	-56
106	144	-56
107	144	-56
108	144	-56
109	144	-56
110	144	-56
111	144	-56
112	144	-56
113	144	-56
114	144	-56
115	144	-56
116	144	-56
117	144	-56
118	144	-56
119	144	-56
125	138	-56
71	144	-56
205	139	-54
206	139	-54
204	140	-54
181	141	-54
182	141	-54
183	141	-54
202	141	-54
203	141	-54
184	142	-54
185	142	-54
186	142	-54
200	142	-54
201	142	-54
187	143	-54
188	143	-54
189	143	-54
199	143	-54
190	144	-54
191	144	-54
192	144	-54
194	144	-54
196	144	-54
197	144	-54
198	144	-54
193	145	-54
195	145	-54
207	138	-54
180	140	-54
281	143	-38
282	144	-38
283	145	-38
287	144	-35
285	145	-35
286	145	-35
284	146	-35
283	145	-35
448	146	-12
449	146	-12
127	138	-54
128	138	-54
129	138	-54
130	138	-54
131	139	-54
132	139	-54
133	140	-54
134	140	-54
135	141	-54
136	141	-54
137	142	-54
138	142	-54
139	143	-54
140	143	-54
141	144	-54
142	144	-54
170	144	-54
171	144	-54
143	145	-54
144	145	-54
146	145	-54
148	145	-54
151	145	-54
152	145	-54
153	145	-54
154	145	-54
168	145	-54
169	145	-54
145	146	-54
147	146	-54
149	146	-54
150	146	-54
155	146	-54
156	146	-54
157	146	-54
158	146	-54
159	146	-54
160	146	-54
162	146	-54
164	146	-54
166	146	-54
167	146	-54
161	147	-54
163	147	-54
165	147	-54
126	138	-54
172	144	-54
232	138	-53
232	139	-53
232	140	-53
232	141	-53
232	142	-53
232	143	-53
232	144	-53
232	145	-53
232	146	-53
232	147	-53
232	148	-53
232	137	-53
282	146	-39
281	147	-39
280	148	-39
279	149	-39
278	150	-39
277	151	-39
283	145	-39
276	152	-39
251	133	-48
251	134	-48
251	135	-48
251	136	-48
252	137	-48
252	138	-48
252	139	-48
253	140	-48
254	141	-48
255	142	-48
256	143	-48
256	144	-48
257	145	-48
258	146	-48
259	147	-48
260	147	-48
261	148	-48
262	149	-48
264	149	-48
263	150	-48
265	150	-48
266	151	-48
267	151	-48
268	152	-48
269	152	-48
270	152	-48
271	152	-48
272	152	-48
273	152	-48
274	152	-48
275	153	-48
251	132	-48
276	152	-48
277	153	-48
276	152	-48
173	146	-54
173	147	-54
173	148	-54
173	149	-54
173	150	-54
173	151	-54
173	152	-54
173	153	-54
173	154	-54
173	155	-54
173	156	-54
173	145	-54
341	145	-26
340	146	-26
340	147	-26
338	148	-26
339	148	-26
337	149	-26
336	150	-26
335	151	-26
334	152	-26
332	153	-26
333	153	-26
330	154	-26
331	154	-26
329	155	-26
316	156	-26
318	156	-26
320	156	-26
321	156	-26
328	156	-26
315	157	-26
317	157	-26
319	157	-26
322	157	-26
323	157	-26
324	157	-26
326	157	-26
327	157	-26
314	158	-26
325	158	-26
310	159	-26
312	159	-26
313	159	-26
309	160	-26
311	160	-26
308	161	-26
307	162	-26
305	163	-26
306	163	-26
304	164	-26
303	165	-26
302	166	-26
301	167	-26
300	168	-26
299	169	-26
298	170	-26
297	171	-26
296	172	-26
199	162	-42
200	163	-42
201	164	-42
204	162	-42
205	162	-42
202	163	-42
203	163	-42
201	164	-42
349	168	-26
348	169	-26
347	170	-26
346	171	-26
293	170	-41
294	171	-41
295	172	-41
345	171	-26
343	172	-26
344	172	-26
346	171	-26
347	172	-27
346	171	-27
360	170	-19
361	170	-19
362	170	-19
359	171	-19
363	171	-19
364	171	-19
365	171	-19
366	171	-19
367	171	-19
368	171	-19
358	172	-19
369	172	-19
357	173	-19
370	173	-19
356	174	-19
355	175	-19
355	176	-19
355	177	-19
355	178	-19
355	179	-19
139	160	-48
140	160	-48
138	161	-48
139	162	-48
138	163	-48
138	164	-48
139	165	-48
138	166	-48
138	167	-48
138	168	-48
137	169	-48
137	170	-48
137	171	-48
137	172	-48
137	173	-48
137	174	-48
137	175	-48
137	176	-48
138	177	-48
144	171	-53
143	172	-53
142	173	-53
141	174	-53
140	175	-53
139	176	-53
138	177	-53
200	165	-43
200	166	-43
200	167	-43
200	168	-43
199	169	-43
199	170	-43
199	171	-43
199	172	-43
199	173	-43
199	174	-43
199	175	-43
199	176	-43
201	164	-43
199	177	-43
70	145	-55
69	146	-55
69	147	-55
68	148	-55
68	149	-55
67	150	-55
67	151	-55
66	152	-55
66	153	-55
65	154	-55
65	155	-55
64	156	-55
64	157	-55
63	158	-55
64	159	-55
63	160	-55
64	161	-55
64	162	-55
65	163	-55
65	164	-55
66	165	-55
66	166	-55
67	167	-55
67	168	-55
68	169	-55
68	170	-55
69	171	-55
69	172	-55
70	173	-55
70	174	-55
71	175	-55
71	176	-55
72	177	-55
72	178	-55
71	144	-55
73	179	-55
295	174	-45
294	175	-45
293	176	-45
292	177	-45
291	178	-45
296	173	-45
290	179	-45
137	178	-55
137	179	-55
138	177	-55
137	180	-55
286	179	-47
287	179	-47
288	179	-47
283	180	-47
284	180	-47
285	180	-47
280	181	-47
281	181	-47
282	181	-47
279	182	-47
277	183	-47
278	183	-47
274	184	-47
275	184	-47
276	184	-47
273	185	-47
272	186	-47
270	187	-47
271	187	-47
269	188	-47
268	189	-47
266	190	-47
267	190	-47
265	191	-47
289	179	-47
264	192	-47
74	179	-55
75	179	-55
76	179	-55
77	179	-55
78	179	-55
79	179	-55
80	179	-55
81	179	-55
82	179	-55
83	179	-55
84	179	-55
85	179	-55
86	179	-55
87	179	-55
88	179	-55
89	179	-55
90	179	-55
91	179	-55
92	179	-55
93	179	-55
94	179	-55
95	179	-55
96	179	-55
97	179	-55
98	179	-55
99	179	-55
100	179	-55
101	179	-55
102	179	-55
103	179	-55
104	179	-55
105	179	-55
106	179	-55
107	179	-55
108	179	-55
109	179	-55
110	179	-55
111	179	-55
112	179	-55
113	179	-55
114	179	-55
115	179	-55
116	179	-55
117	179	-55
118	179	-55
119	179	-55
120	179	-55
121	179	-55
122	179	-55
123	179	-55
124	179	-55
125	179	-55
126	179	-55
127	179	-55
128	179	-55
129	179	-55
130	180	-55
131	180	-55
132	181	-55
133	181	-55
134	181	-55
135	181	-55
73	179	-55
136	181	-55
357	180	-24
358	180	-24
359	180	-24
361	180	-24
369	180	-24
360	181	-24
362	181	-24
363	181	-24
364	181	-24
365	181	-24
366	181	-24
367	181	-24
368	181	-24
356	180	-24
338	179	-27
339	180	-27
339	181	-27
339	182	-27
339	183	-27
354	181	-29
353	182	-29
352	183	-29
355	180	-29
351	184	-29
338	184	-34
335	185	-34
336	185	-34
337	185	-34
334	186	-34
339	183	-34
333	187	-34
340	184	-32
341	184	-32
346	184	-32
348	184	-32
349	184	-32
342	185	-32
343	185	-32
344	185	-32
345	185	-32
347	185	-32
339	183	-32
350	184	-32
200	178	-49
201	178	-49
202	179	-49
203	179	-49
204	179	-49
205	180	-49
206	180	-49
207	180	-49
208	180	-49
209	180	-49
210	181	-49
212	181	-49
211	182	-49
213	182	-49
214	182	-49
215	182	-49
216	182	-49
217	182	-49
218	182	-49
219	182	-49
220	182	-49
221	182	-49
223	182	-49
225	182	-49
222	183	-49
224	183	-49
226	183	-49
227	183	-49
228	183	-49
229	183	-49
230	183	-49
231	183	-49
232	183	-49
234	183	-49
233	184	-49
235	184	-49
236	185	-49
237	186	-49
238	186	-49
199	177	-49
239	187	-49
291	181	-35
291	182	-35
292	183	-35
293	184	-35
294	185	-35
294	186	-35
332	186	-35
295	187	-35
313	187	-35
315	187	-35
317	187	-35
319	187	-35
321	187	-35
322	187	-35
323	187	-35
324	187	-35
325	187	-35
326	187	-35
327	187	-35
328	187	-35
329	187	-35
330	187	-35
331	187	-35
296	188	-35
298	188	-35
305	188	-35
306	188	-35
307	188	-35
308	188	-35
309	188	-35
310	188	-35
311	188	-35
312	188	-35
314	188	-35
316	188	-35
318	188	-35
320	188	-35
297	189	-35
299	189	-35
300	189	-35
301	189	-35
302	189	-35
303	189	-35
304	189	-35
290	180	-35
333	187	-35
138	182	-56
139	183	-56
140	184	-56
141	185	-56
142	186	-56
143	187	-56
144	188	-56
145	189	-56
146	189	-56
147	190	-56
148	191	-56
137	181	-56
149	192	-56
150	191	-56
151	191	-56
152	191	-56
149	192	-56
153	192	-56
333	188	-33
333	189	-33
333	190	-33
334	191	-33
333	187	-33
333	192	-33
241	188	-51
242	188	-51
243	189	-51
244	189	-51
245	189	-51
246	189	-51
247	190	-51
249	190	-51
251	190	-51
248	191	-51
250	191	-51
252	191	-51
253	191	-51
254	191	-51
255	191	-51
256	191	-51
258	191	-51
259	191	-51
260	191	-51
261	191	-51
263	191	-51
257	192	-51
262	192	-51
240	187	-51
264	192	-51
332	192	-30
333	192	-30
198	178	-54
197	179	-54
196	180	-54
195	181	-54
194	182	-54
193	183	-54
192	184	-54
190	185	-54
191	185	-54
189	186	-54
188	187	-54
186	188	-54
187	188	-54
185	189	-54
183	190	-54
184	190	-54
182	191	-54
180	192	-54
181	192	-54
178	193	-54
179	193	-54
199	177	-54
177	194	-54
352	186	-24
353	187	-24
354	188	-24
355	189	-24
356	189	-24
357	190	-24
358	191	-24
359	191	-24
360	191	-24
361	192	-24
362	192	-24
363	192	-24
369	192	-24
364	193	-24
365	193	-24
366	193	-24
367	193	-24
368	193	-24
351	185	-24
154	191	-54
156	191	-54
158	191	-54
160	191	-54
162	191	-54
155	192	-54
157	192	-54
159	192	-54
161	192	-54
163	192	-54
164	192	-54
165	192	-54
166	192	-54
167	192	-54
168	192	-54
170	192	-54
172	192	-54
169	193	-54
171	193	-54
173	193	-54
174	193	-54
175	194	-54
176	194	-54
153	192	-54
177	194	-54
394	197	-22
395	198	-22
395	199	-22
395	200	-22
396	201	-22
397	202	-22
398	202	-22
399	203	-22
179	195	-54
180	195	-54
181	195	-54
182	195	-54
183	195	-54
184	195	-54
185	195	-54
186	195	-54
187	195	-54
188	195	-54
189	195	-54
190	196	-54
191	197	-54
192	198	-54
193	198	-54
194	199	-54
195	200	-54
196	201	-54
197	202	-54
198	203	-54
199	204	-54
178	195	-54
200	205	-54
264	193	-48
264	194	-48
264	195	-48
265	196	-48
265	197	-48
265	198	-48
266	199	-48
266	200	-48
267	201	-48
267	202	-48
268	203	-48
269	204	-48
264	192	-48
402	204	-26
403	204	-26
404	204	-26
405	204	-26
72	180	-55
72	181	-55
71	182	-55
71	183	-55
70	184	-55
70	185	-55
69	186	-55
69	187	-55
68	188	-55
68	189	-55
67	190	-55
67	191	-55
66	192	-55
66	193	-55
65	194	-55
65	195	-55
64	196	-55
64	197	-55
63	198	-55
64	199	-55
64	200	-55
65	201	-55
65	202	-55
66	203	-55
66	204	-55
67	205	-55
73	179	-55
68	206	-55
149	193	-55
149	194	-55
149	195	-55
149	196	-55
149	197	-55
148	198	-55
146	199	-55
147	199	-55
145	200	-55
143	201	-55
144	201	-55
142	202	-55
140	203	-55
141	203	-55
136	204	-55
138	204	-55
139	204	-55
129	205	-55
130	205	-55
131	205	-55
132	205	-55
133	205	-55
134	205	-55
135	205	-55
137	205	-55
69	206	-55
70	206	-55
71	206	-55
72	206	-55
73	206	-55
74	206	-55
75	206	-55
76	206	-55
77	206	-55
78	206	-55
79	206	-55
80	206	-55
81	206	-55
82	206	-55
83	206	-55
84	206	-55
85	206	-55
86	206	-55
87	206	-55
88	206	-55
89	206	-55
90	206	-55
91	206	-55
92	206	-55
93	206	-55
94	206	-55
95	206	-55
96	206	-55
97	206	-55
98	206	-55
99	206	-55
100	206	-55
101	206	-55
102	206	-55
103	206	-55
104	206	-55
105	206	-55
106	206	-55
107	206	-55
108	206	-55
109	206	-55
110	206	-55
111	206	-55
112	206	-55
113	206	-55
114	206	-55
115	206	-55
116	206	-55
117	206	-55
118	206	-55
119	206	-55
120	206	-55
121	206	-55
122	206	-55
123	206	-55
124	206	-55
125	206	-55
126	206	-55
127	206	-55
128	206	-55
149	192	-55
68	206	-55
177	196	-53
177	197	-53
177	198	-53
177	199	-53
177	200	-53
177	201	-53
177	202	-53
177	203	-53
178	204	-53
179	205	-53
180	206	-53
178	195	-53
181	207	-53
239	189	-48
239	190	-48
239	191	-48
239	192	-48
238	193	-48
237	194	-48
236	195	-48
235	196	-48
233	197	-48
234	197	-48
232	198	-48
230	199	-48
231	199	-48
229	200	-48
228	201	-48
228	202	-48
227	203	-48
227	204	-48
226	205	-48
226	206	-48
226	207	-48
239	188	-48
225	208	-48
153	193	-55
153	194	-55
153	195	-55
153	196	-55
153	197	-55
153	198	-55
153	199	-55
153	200	-55
153	201	-55
153	202	-55
153	203	-55
153	204	-55
153	205	-55
153	206	-55
153	207	-55
153	208	-55
153	192	-55
198	206	-54
199	206	-54
183	207	-54
184	207	-54
185	207	-54
186	207	-54
187	207	-54
188	207	-54
189	207	-54
196	207	-54
197	207	-54
190	208	-54
191	208	-54
193	208	-54
194	208	-54
195	208	-54
192	209	-54
200	205	-54
182	207	-54
201	206	-53
202	206	-53
203	206	-53
204	207	-53
222	207	-53
223	207	-53
205	208	-53
206	208	-53
207	208	-53
208	208	-53
210	208	-53
212	208	-53
214	208	-53
216	208	-53
218	208	-53
219	208	-53
220	208	-53
221	208	-53
224	208	-53
209	209	-53
211	209	-53
213	209	-53
215	209	-53
217	209	-53
200	205	-53
225	208	-53
334	193	-17
334	194	-17
335	195	-17
336	196	-17
337	197	-17
338	197	-17
339	198	-17
340	198	-17
341	198	-17
342	198	-17
343	198	-17
344	198	-17
345	198	-17
346	199	-17
347	199	-17
348	199	-17
349	200	-17
350	200	-17
351	201	-17
352	202	-17
353	203	-17
354	203	-17
355	203	-17
356	204	-17
357	205	-17
358	206	-17
359	206	-17
360	206	-17
361	207	-17
362	208	-17
363	208	-17
364	208	-17
365	209	-17
366	209	-17
368	209	-17
370	209	-17
372	209	-17
367	210	-17
369	210	-17
371	210	-17
333	192	-17
359	214	-36
360	214	-36
361	214	-36
358	215	-36
357	216	-36
354	217	-36
355	217	-36
356	217	-36
347	218	-36
349	218	-36
351	218	-36
352	218	-36
353	218	-36
344	219	-36
346	219	-36
348	219	-36
350	219	-36
345	220	-36
343	218	-36
226	209	-54
227	210	-54
227	211	-54
228	212	-54
229	213	-54
230	214	-54
231	215	-54
225	208	-54
231	216	-54
181	209	-53
181	210	-53
181	211	-53
181	212	-53
181	213	-53
181	214	-53
180	215	-53
180	216	-53
181	208	-53
180	217	-53
228	217	-55
229	217	-55
230	217	-55
226	218	-55
227	218	-55
224	219	-55
225	219	-55
214	220	-55
216	220	-55
218	220	-55
219	220	-55
220	220	-55
221	220	-55
222	220	-55
223	220	-55
211	221	-55
212	221	-55
213	221	-55
215	221	-55
217	221	-55
209	222	-55
210	222	-55
208	223	-55
206	224	-55
207	224	-55
205	225	-55
204	226	-55
202	227	-55
203	227	-55
201	228	-55
200	229	-55
231	216	-55
199	230	-55
344	217	-38
343	218	-38
178	219	-55
179	218	-55
177	220	-55
313	215	-40
314	215	-40
315	215	-40
316	215	-40
317	215	-40
318	215	-40
319	215	-40
308	216	-40
309	216	-40
310	216	-40
311	216	-40
312	216	-40
320	216	-40
321	216	-40
322	216	-40
323	216	-40
232	217	-40
233	217	-40
305	217	-40
307	217	-40
324	217	-40
325	217	-40
326	217	-40
328	217	-40
234	218	-40
235	218	-40
302	218	-40
304	218	-40
306	218	-40
327	218	-40
329	218	-40
330	218	-40
331	218	-40
332	218	-40
333	218	-40
342	218	-40
236	219	-40
237	219	-40
299	219	-40
300	219	-40
301	219	-40
303	219	-40
334	219	-40
335	219	-40
336	219	-40
337	219	-40
338	219	-40
339	219	-40
340	219	-40
341	219	-40
238	220	-40
239	220	-40
240	220	-40
241	220	-40
242	220	-40
243	220	-40
244	220	-40
245	220	-40
246	220	-40
247	220	-40
248	220	-40
249	220	-40
250	220	-40
251	220	-40
252	220	-40
253	220	-40
254	220	-40
255	220	-40
256	220	-40
257	220	-40
258	220	-40
259	220	-40
260	220	-40
261	220	-40
262	220	-40
263	220	-40
264	220	-40
266	220	-40
267	220	-40
268	220	-40
270	220	-40
296	220	-40
298	220	-40
265	221	-40
269	221	-40
271	221	-40
272	221	-40
273	221	-40
275	221	-40
293	221	-40
295	221	-40
297	221	-40
274	222	-40
276	222	-40
277	222	-40
278	222	-40
279	222	-40
280	222	-40
282	222	-40
284	222	-40
286	222	-40
288	222	-40
290	222	-40
291	222	-40
292	222	-40
294	222	-40
281	223	-40
283	223	-40
285	223	-40
287	223	-40
289	223	-40
231	216	-40
343	218	-40
166	220	-55
168	220	-55
170	220	-55
171	220	-55
172	220	-55
173	220	-55
174	220	-55
175	220	-55
165	221	-55
167	221	-55
169	221	-55
163	222	-55
164	222	-55
161	223	-55
162	223	-55
160	224	-55
158	225	-55
159	225	-55
156	226	-55
157	226	-55
155	227	-55
176	220	-55
154	228	-55
411	218	-17
411	219	-17
411	220	-17
411	221	-17
407	222	-17
410	222	-17
408	223	-17
409	223	-17
67	207	-56
66	208	-56
66	209	-56
65	210	-56
65	211	-56
64	212	-56
64	213	-56
64	214	-56
65	215	-56
65	216	-56
66	217	-56
66	218	-56
67	219	-56
67	220	-56
68	221	-56
68	222	-56
69	223	-56
69	224	-56
68	206	-56
70	225	-56
403	224	-21
404	224	-21
405	224	-21
406	224	-21
398	225	-21
400	225	-21
401	225	-21
402	225	-21
395	226	-21
396	226	-21
397	226	-21
399	226	-21
393	227	-21
394	227	-21
392	228	-21
392	229	-21
392	230	-21
391	231	-21
391	232	-21
391	233	-21
391	234	-21
71	225	-56
72	225	-56
73	225	-56
74	225	-56
75	225	-56
76	225	-56
77	225	-56
78	225	-56
79	225	-56
80	225	-56
81	225	-56
82	225	-56
83	225	-56
84	225	-56
85	225	-56
86	225	-56
87	225	-56
88	225	-56
89	225	-56
90	225	-56
91	225	-56
92	225	-56
93	225	-56
94	225	-56
95	225	-56
96	225	-56
97	225	-56
98	225	-56
99	225	-56
100	225	-56
101	225	-56
102	225	-56
103	225	-56
104	225	-56
105	225	-56
106	225	-56
107	225	-56
108	225	-56
109	225	-56
110	225	-56
111	225	-56
112	225	-56
113	225	-56
114	225	-56
115	225	-56
116	225	-56
117	225	-56
118	225	-56
119	225	-56
120	225	-56
121	225	-56
122	225	-56
123	225	-56
124	225	-56
125	225	-56
126	226	-56
127	226	-56
128	227	-56
129	227	-56
130	228	-56
131	228	-56
132	228	-56
133	228	-56
135	228	-56
137	228	-56
139	228	-56
134	229	-56
136	229	-56
138	229	-56
140	229	-56
141	229	-56
142	229	-56
143	229	-56
144	229	-56
145	229	-56
146	229	-56
147	229	-56
148	229	-56
149	229	-56
150	229	-56
151	229	-56
152	229	-56
153	229	-56
70	225	-56
154	228	-56
181	219	-55
182	219	-55
183	220	-55
184	220	-55
185	221	-55
186	222	-55
187	222	-55
188	223	-55
189	223	-55
190	224	-55
191	224	-55
192	225	-55
193	226	-55
194	226	-55
195	227	-55
196	228	-55
197	228	-55
198	229	-55
180	218	-55
199	230	-55
177	222	-54
177	223	-54
177	224	-54
177	225	-54
177	226	-54
177	227	-54
177	228	-54
177	229	-54
177	230	-54
177	221	-54
177	231	-54
155	229	-55
156	229	-55
157	230	-55
158	230	-55
159	231	-55
160	231	-55
161	232	-55
162	232	-55
175	232	-55
176	232	-55
163	233	-55
164	233	-55
165	233	-55
167	233	-55
168	233	-55
169	233	-55
170	233	-55
171	233	-55
172	233	-55
173	233	-55
174	233	-55
166	234	-55
154	228	-55
177	231	-55
199	231	-54
198	232	-54
198	233	-54
198	234	-54
199	230	-54
198	235	-54
178	232	-54
179	233	-54
180	233	-54
181	234	-54
182	234	-54
183	234	-54
184	235	-54
185	235	-54
186	235	-54
187	235	-54
188	235	-54
189	236	-54
190	236	-54
191	236	-54
192	236	-54
193	236	-54
194	236	-54
195	236	-54
196	236	-54
177	231	-54
197	236	-54
445	234	-9
446	235	-9
447	236	-9
446	237	-9
392	235	-23
393	235	-23
394	236	-23
396	236	-23
395	237	-23
397	237	-23
398	238	-23
399	238	-23
400	239	-23
391	234	-23
401	240	-23
389	234	-26
387	235	-26
388	235	-26
390	235	-26
385	236	-26
386	236	-26
384	237	-26
382	238	-26
383	238	-26
381	239	-26
379	240	-26
380	240	-26
391	234	-26
378	241	-26
445	238	-12
443	239	-12
444	239	-12
441	240	-12
442	240	-12
446	237	-12
440	241	-12
403	240	-16
404	240	-16
405	240	-16
406	240	-16
407	240	-16
408	240	-16
409	240	-16
438	240	-16
410	241	-16
412	241	-16
434	241	-16
435	241	-16
436	241	-16
437	241	-16
411	242	-16
413	242	-16
414	242	-16
415	242	-16
416	242	-16
418	242	-16
430	242	-16
432	242	-16
433	242	-16
417	243	-16
419	243	-16
420	243	-16
421	243	-16
422	243	-16
423	243	-16
424	243	-16
425	243	-16
426	243	-16
427	243	-16
428	243	-16
429	243	-16
431	243	-16
402	240	-16
439	241	-16
447	238	-9
448	239	-9
448	240	-9
449	241	-9
450	241	-9
446	237	-9
371	242	-32
373	242	-32
374	242	-32
375	242	-32
376	242	-32
377	242	-32
368	243	-32
370	243	-32
372	243	-32
367	244	-32
369	244	-32
366	245	-32
378	241	-32
365	246	-32
199	237	-54
200	238	-54
201	239	-54
202	240	-54
203	241	-54
204	242	-54
204	243	-54
204	244	-54
198	236	-54
204	245	-54
291	236	-45
291	237	-45
291	238	-45
291	239	-45
291	240	-45
291	241	-45
291	242	-45
291	243	-45
291	244	-45
291	245	-45
291	246	-45
310	235	-35
312	235	-35
314	235	-35
316	235	-35
306	236	-35
307	236	-35
308	236	-35
309	236	-35
311	236	-35
313	236	-35
315	236	-35
317	236	-35
318	236	-35
319	236	-35
305	237	-35
320	237	-35
321	237	-35
322	237	-35
324	237	-35
303	238	-35
304	238	-35
323	238	-35
325	238	-35
327	238	-35
301	239	-35
302	239	-35
326	239	-35
328	239	-35
330	239	-35
300	240	-35
329	240	-35
331	240	-35
332	240	-35
298	241	-35
299	241	-35
333	241	-35
334	241	-35
336	241	-35
338	241	-35
297	242	-35
335	242	-35
337	242	-35
339	242	-35
340	242	-35
341	242	-35
343	242	-35
296	243	-35
342	243	-35
344	243	-35
345	243	-35
346	243	-35
347	243	-35
348	243	-35
349	243	-35
351	243	-35
296	244	-35
350	244	-35
352	244	-35
353	244	-35
354	244	-35
355	244	-35
356	244	-35
357	244	-35
358	244	-35
359	245	-35
296	245	-35
360	246	-35
362	245	-37
363	245	-37
364	245	-37
361	246	-37
365	246	-37
379	242	-31
380	242	-31
381	243	-31
382	243	-31
383	244	-31
384	244	-31
385	245	-31
386	245	-31
387	245	-31
378	241	-31
388	246	-31
389	245	-31
390	245	-31
388	246	-31
391	246	-31
400	242	-27
399	243	-27
397	244	-27
398	244	-27
392	245	-27
393	245	-27
394	245	-27
395	245	-27
396	245	-27
401	241	-27
391	246	-27
293	246	-51
295	246	-51
292	247	-51
294	247	-51
296	245	-51
291	246	-51
203	246	-54
202	247	-54
200	248	-54
201	248	-54
204	245	-54
199	249	-54
290	247	-52
287	248	-52
288	248	-52
289	248	-52
284	249	-52
285	249	-52
286	249	-52
282	250	-52
283	250	-52
281	251	-52
291	246	-52
280	252	-52
388	247	-30
388	248	-30
388	246	-30
391	247	-27
391	248	-27
391	246	-27
170	247	-55
171	247	-55
172	247	-55
173	247	-55
174	247	-55
175	247	-55
176	247	-55
177	247	-55
178	247	-55
180	247	-55
182	247	-55
184	247	-55
168	248	-55
169	248	-55
179	248	-55
181	248	-55
183	248	-55
185	248	-55
186	248	-55
187	248	-55
188	248	-55
189	248	-55
190	248	-55
166	249	-55
167	249	-55
191	249	-55
192	249	-55
193	249	-55
194	249	-55
195	249	-55
196	249	-55
197	249	-55
164	250	-55
165	250	-55
162	251	-55
163	251	-55
160	252	-55
161	252	-55
159	253	-55
159	254	-55
198	249	-55
158	255	-55
440	243	-12
440	244	-12
441	245	-12
442	246	-12
443	247	-12
444	248	-12
445	248	-12
446	249	-12
447	249	-12
440	242	-12
205	246	-54
206	246	-54
207	247	-54
208	247	-54
210	247	-54
209	248	-54
211	248	-54
212	249	-54
213	249	-54
214	249	-54
215	249	-54
217	249	-54
216	250	-54
218	250	-54
219	250	-54
220	250	-54
221	250	-54
222	250	-54
223	250	-54
224	250	-54
225	251	-54
226	251	-54
227	251	-54
258	251	-54
260	251	-54
262	251	-54
264	251	-54
265	251	-54
266	251	-54
268	251	-54
270	251	-54
271	251	-54
272	251	-54
273	251	-54
228	252	-54
229	252	-54
230	252	-54
231	252	-54
232	252	-54
252	252	-54
253	252	-54
254	252	-54
255	252	-54
256	252	-54
257	252	-54
259	252	-54
261	252	-54
263	252	-54
267	252	-54
269	252	-54
233	253	-54
234	253	-54
236	253	-54
246	253	-54
248	253	-54
249	253	-54
250	253	-54
251	253	-54
235	254	-54
237	254	-54
238	254	-54
240	254	-54
241	254	-54
242	254	-54
243	254	-54
244	254	-54
245	254	-54
247	254	-54
239	255	-54
204	245	-54
274	252	-54
276	250	-55
277	250	-55
275	251	-55
278	251	-55
279	251	-55
274	252	-55
280	252	-55
361	248	-34
361	249	-34
361	250	-34
360	251	-34
361	247	-34
359	252	-34
365	247	-31
365	248	-31
365	249	-31
365	250	-31
365	251	-31
365	252	-31
365	253	-31
365	246	-31
365	254	-31
297	246	-34
298	246	-34
299	247	-34
300	247	-34
301	248	-34
302	248	-34
303	248	-34
309	248	-34
314	248	-34
316	248	-34
318	248	-34
304	249	-34
305	249	-34
306	249	-34
307	249	-34
308	249	-34
310	249	-34
311	249	-34
312	249	-34
313	249	-34
315	249	-34
317	249	-34
319	249	-34
320	249	-34
321	249	-34
322	249	-34
323	249	-34
324	250	-34
325	250	-34
326	250	-34
327	250	-34
328	250	-34
329	251	-34
330	251	-34
331	251	-34
333	251	-34
332	252	-34
334	252	-34
335	252	-34
336	252	-34
338	252	-34
337	253	-34
339	253	-34
341	253	-34
352	253	-34
358	253	-34
340	254	-34
342	254	-34
343	254	-34
344	254	-34
345	254	-34
346	254	-34
347	254	-34
348	254	-34
349	254	-34
351	254	-34
353	254	-34
354	254	-34
355	254	-34
356	254	-34
357	254	-34
350	255	-34
296	245	-34
359	252	-34
437	254	-13
438	254	-13
439	254	-13
440	254	-13
155	254	-56
157	254	-56
143	255	-56
144	255	-56
145	255	-56
146	255	-56
147	255	-56
148	255	-56
149	255	-56
150	255	-56
151	255	-56
152	255	-56
153	255	-56
154	255	-56
156	255	-56
136	256	-56
138	256	-56
139	256	-56
140	256	-56
141	256	-56
142	256	-56
132	257	-56
133	257	-56
134	257	-56
135	257	-56
137	257	-56
130	258	-56
131	258	-56
128	259	-56
129	259	-56
126	260	-56
127	260	-56
71	261	-56
72	261	-56
73	261	-56
74	261	-56
75	261	-56
76	261	-56
77	261	-56
78	261	-56
79	261	-56
80	261	-56
81	261	-56
82	261	-56
83	261	-56
84	261	-56
85	261	-56
86	261	-56
87	261	-56
88	261	-56
89	261	-56
90	261	-56
91	261	-56
92	261	-56
93	261	-56
94	261	-56
95	261	-56
96	261	-56
97	261	-56
98	261	-56
99	261	-56
100	261	-56
101	261	-56
102	261	-56
103	261	-56
104	261	-56
105	261	-56
106	261	-56
107	261	-56
108	261	-56
109	261	-56
110	261	-56
111	261	-56
112	261	-56
113	261	-56
114	261	-56
115	261	-56
116	261	-56
117	261	-56
118	261	-56
119	261	-56
120	261	-56
121	261	-56
122	261	-56
123	261	-56
124	261	-56
125	261	-56
158	255	-56
70	261	-56
360	253	-34
361	254	-34
362	255	-34
363	255	-34
364	255	-34
359	252	-34
365	254	-34
376	251	-31
375	252	-31
374	253	-31
374	254	-31
374	255	-31
374	256	-31
366	255	-31
367	256	-31
368	256	-31
369	256	-31
370	257	-31
371	257	-31
372	257	-31
373	257	-31
365	254	-31
374	256	-31
69	226	-55
69	227	-55
68	228	-55
68	229	-55
67	230	-55
67	231	-55
66	232	-55
66	233	-55
65	234	-55
65	235	-55
64	236	-55
64	237	-55
63	238	-55
63	239	-55
62	240	-55
62	241	-55
61	242	-55
62	243	-55
62	244	-55
62	245	-55
62	246	-55
63	247	-55
63	248	-55
64	249	-55
64	250	-55
65	251	-55
65	252	-55
66	253	-55
66	254	-55
67	255	-55
67	256	-55
68	257	-55
68	258	-55
69	259	-55
69	260	-55
70	225	-55
70	261	-55
274	253	-53
274	254	-53
274	255	-53
274	256	-53
274	257	-53
274	258	-53
274	259	-53
275	260	-53
274	252	-53
275	261	-53
199	251	-55
199	252	-55
199	253	-55
199	254	-55
198	255	-55
196	256	-55
197	256	-55
161	257	-55
162	257	-55
195	257	-55
163	258	-55
164	258	-55
193	258	-55
194	258	-55
165	259	-55
166	259	-55
192	259	-55
167	260	-55
168	260	-55
183	260	-55
187	260	-55
188	260	-55
190	260	-55
191	260	-55
169	261	-55
170	261	-55
172	261	-55
174	261	-55
176	261	-55
178	261	-55
179	261	-55
180	261	-55
181	261	-55
182	261	-55
184	261	-55
185	261	-55
186	261	-55
189	261	-55
171	262	-55
173	262	-55
175	262	-55
177	262	-55
199	250	-55
160	256	-55
280	253	-51
280	254	-51
280	255	-51
280	256	-51
280	257	-51
280	258	-51
279	259	-51
278	260	-51
277	261	-51
276	262	-51
280	252	-51
275	261	-51
407	257	-16
408	257	-16
409	258	-16
410	259	-16
411	259	-16
412	260	-16
413	261	-16
414	262	-16
415	262	-16
274	262	-54
273	263	-54
275	261	-54
272	264	-54
270	265	-54
271	264	-54
159	258	-55
159	259	-55
159	260	-55
159	261	-55
159	262	-55
159	263	-55
159	264	-55
159	265	-55
159	266	-55
159	257	-55
272	266	-55
272	265	-55
403	267	-20
402	268	-20
401	269	-20
375	257	-24
376	258	-24
377	259	-24
378	259	-24
379	260	-24
380	261	-24
381	261	-24
382	261	-24
383	262	-24
384	262	-24
385	262	-24
386	263	-24
387	263	-24
388	263	-24
389	264	-24
390	264	-24
391	265	-24
392	265	-24
393	265	-24
394	266	-24
395	267	-24
396	267	-24
397	267	-24
398	268	-24
400	268	-24
399	269	-24
374	256	-24
401	269	-24
305	264	-36
305	265	-36
305	266	-36
305	267	-36
306	268	-36
306	269	-36
306	270	-36
306	271	-36
259	271	-53
258	272	-53
257	273	-53
443	271	-12
443	272	-12
244	271	-54
246	271	-54
248	271	-54
250	271	-54
251	271	-54
252	271	-54
253	271	-54
243	272	-54
245	272	-54
247	272	-54
249	272	-54
254	272	-54
255	272	-54
241	273	-54
242	273	-54
256	273	-54
240	274	-54
257	273	-54
239	275	-54
402	270	-14
403	270	-14
404	271	-14
405	272	-14
417	272	-14
419	272	-14
420	272	-14
421	272	-14
422	272	-14
406	273	-14
407	273	-14
408	273	-14
410	273	-14
412	273	-14
414	273	-14
416	273	-14
418	273	-14
423	273	-14
409	274	-14
411	274	-14
413	274	-14
415	274	-14
401	269	-14
307	272	-41
308	273	-41
310	273	-41
309	274	-41
311	274	-41
306	271	-41
312	275	-41
318	269	-37
317	270	-37
316	271	-37
315	272	-37
314	273	-37
313	274	-37
312	275	-37
236	274	-54
238	274	-54
233	275	-54
234	275	-54
235	275	-54
237	275	-54
230	276	-54
231	276	-54
232	276	-54
226	277	-54
227	277	-54
228	277	-54
229	277	-54
224	278	-54
225	278	-54
220	279	-54
222	279	-54
223	279	-54
213	280	-54
215	280	-54
217	280	-54
218	280	-54
219	280	-54
221	280	-54
196	281	-54
198	281	-54
200	281	-54
201	281	-54
202	281	-54
203	281	-54
204	281	-54
206	281	-54
209	281	-54
211	281	-54
212	281	-54
214	281	-54
216	281	-54
197	282	-54
199	282	-54
205	282	-54
207	282	-54
208	282	-54
210	282	-54
239	275	-54
195	282	-54
258	274	-51
259	275	-51
260	276	-51
261	277	-51
262	278	-51
257	273	-51
262	279	-51
159	278	-55
160	278	-55
161	278	-55
162	278	-55
163	278	-55
157	279	-55
158	279	-55
164	279	-55
165	279	-55
156	280	-55
154	281	-55
155	281	-55
152	282	-55
153	282	-55
151	283	-55
149	284	-55
150	284	-55
147	285	-55
148	285	-55
146	286	-55
146	287	-55
146	288	-55
146	289	-55
166	280	-55
146	290	-55
259	280	-43
260	280	-43
261	280	-43
257	281	-43
258	281	-43
255	282	-43
256	282	-43
251	283	-43
252	283	-43
253	283	-43
254	283	-43
249	284	-43
250	284	-43
248	285	-43
246	286	-43
247	286	-43
244	287	-43
245	287	-43
243	288	-43
262	279	-43
242	288	-43
313	276	-37
313	277	-37
313	278	-37
314	279	-37
315	280	-37
312	275	-37
172	276	-55
174	276	-55
176	276	-55
178	276	-55
180	276	-55
170	277	-55
171	277	-55
173	277	-55
175	277	-55
177	277	-55
179	277	-55
181	277	-55
182	277	-55
184	277	-55
168	278	-55
169	278	-55
183	278	-55
185	278	-55
167	279	-55
186	279	-55
187	279	-55
188	279	-55
189	280	-55
190	280	-55
191	280	-55
192	280	-55
193	281	-55
194	281	-55
166	280	-55
195	282	-55
305	272	-41
304	273	-41
303	274	-41
302	275	-41
301	276	-41
300	277	-41
299	278	-41
298	279	-41
297	280	-41
296	281	-41
295	282	-41
294	283	-41
306	271	-41
293	284	-41
263	280	-45
264	281	-45
265	281	-45
266	282	-45
267	283	-45
268	284	-45
269	285	-45
262	279	-45
270	286	-45
239	276	-43
239	277	-43
239	278	-43
239	279	-43
240	280	-43
241	281	-43
241	282	-43
241	283	-43
241	284	-43
241	285	-43
241	286	-43
239	275	-43
241	287	-43
290	284	-50
292	284	-50
286	285	-50
288	285	-50
289	285	-50
291	285	-50
272	286	-50
285	286	-50
287	286	-50
273	287	-50
274	287	-50
276	287	-50
279	287	-50
280	287	-50
281	287	-50
282	287	-50
283	287	-50
284	287	-50
275	288	-50
277	288	-50
278	288	-50
293	284	-50
271	286	-50
294	285	-43
294	286	-43
294	287	-43
295	288	-43
296	289	-43
297	290	-43
293	284	-43
332	281	-35
331	282	-35
330	283	-35
330	284	-35
329	285	-35
329	286	-35
328	287	-35
327	288	-35
327	289	-35
326	290	-35
325	291	-35
315	291	-40
316	291	-40
318	291	-40
319	291	-40
320	291	-40
321	291	-40
322	291	-40
323	291	-40
324	291	-40
317	292	-40
325	291	-40
326	292	-39
327	293	-39
325	291	-39
327	294	-39
166	281	-53
166	282	-53
166	283	-53
166	284	-53
166	285	-53
165	286	-53
165	287	-53
164	288	-53
164	289	-53
164	290	-53
164	291	-53
163	292	-53
163	293	-53
163	294	-53
166	280	-53
163	295	-53
270	288	-43
270	289	-43
270	290	-43
270	291	-43
270	292	-43
270	293	-43
268	294	-43
269	294	-43
270	287	-43
148	291	-56
149	291	-56
150	291	-56
151	291	-56
152	291	-56
153	291	-56
154	292	-56
155	292	-56
156	293	-56
157	294	-56
158	294	-56
159	295	-56
160	296	-56
161	296	-56
147	291	-56
162	296	-56
325	296	-37
324	297	-37
326	295	-37
329	296	-37
330	297	-37
328	295	-37
69	262	-55
69	263	-55
68	264	-55
68	265	-55
67	266	-55
67	267	-55
66	268	-55
66	269	-55
65	270	-55
66	271	-55
65	272	-55
65	273	-55
65	274	-55
66	275	-55
66	276	-55
67	277	-55
67	278	-55
68	279	-55
68	280	-55
69	281	-55
69	282	-55
70	283	-55
70	284	-55
71	285	-55
71	286	-55
72	287	-55
72	288	-55
73	289	-55
73	290	-55
74	291	-55
74	292	-55
75	293	-55
75	294	-55
76	295	-55
76	296	-55
77	297	-55
77	298	-55
70	261	-55
78	299	-55
327	297	-37
327	298	-37
327	296	-37
79	299	-55
80	299	-55
81	299	-55
82	299	-55
83	299	-55
84	299	-55
85	299	-55
86	299	-55
87	299	-55
88	299	-55
89	299	-55
90	299	-55
91	299	-55
92	299	-55
93	299	-55
94	299	-55
95	299	-55
96	299	-55
97	299	-55
98	299	-55
99	299	-55
100	299	-55
101	299	-55
102	299	-55
103	299	-55
104	299	-55
105	299	-55
106	299	-55
107	299	-55
108	299	-55
109	299	-55
110	299	-55
111	299	-55
112	299	-55
113	299	-55
114	299	-55
115	299	-55
116	299	-55
117	299	-55
118	299	-55
119	299	-55
120	299	-55
78	299	-55
121	300	-55
144	292	-55
145	292	-55
142	293	-55
143	293	-55
141	294	-55
139	295	-55
140	295	-55
138	296	-55
136	297	-55
137	297	-55
134	298	-55
135	298	-55
122	299	-55
123	299	-55
124	299	-55
125	299	-55
126	299	-55
127	299	-55
128	299	-55
129	299	-55
130	299	-55
131	299	-55
132	299	-55
133	299	-55
146	291	-55
121	300	-55
240	289	-50
239	290	-50
238	291	-50
237	292	-50
236	293	-50
235	294	-50
235	295	-50
234	296	-50
234	297	-50
232	298	-50
233	298	-50
231	299	-50
231	300	-50
241	288	-50
230	301	-50
300	299	-45
299	300	-45
301	300	-45
299	301	-45
302	301	-45
303	296	-42
303	297	-42
303	298	-42
303	299	-42
303	300	-42
302	301	-42
289	301	-45
290	301	-45
291	301	-45
292	301	-45
294	301	-45
293	302	-45
295	302	-45
296	302	-45
297	302	-45
298	302	-45
299	301	-45
300	302	-45
301	302	-45
299	301	-45
302	301	-45
227	302	-55
228	302	-55
222	303	-55
224	303	-55
225	303	-55
226	303	-55
220	304	-55
221	304	-55
223	304	-55
217	305	-55
218	305	-55
219	305	-55
215	306	-55
216	306	-55
213	307	-55
214	307	-55
212	308	-55
211	309	-55
229	302	-55
210	310	-55
164	297	-55
164	298	-55
165	299	-55
166	300	-55
167	301	-55
168	302	-55
169	303	-55
169	304	-55
169	305	-55
163	296	-55
169	306	-55
195	283	-50
195	284	-50
195	285	-50
195	286	-50
195	287	-50
195	288	-50
194	289	-50
191	290	-50
193	290	-50
190	291	-50
192	291	-50
190	292	-50
189	293	-50
188	294	-50
188	295	-50
187	296	-50
188	297	-50
188	298	-50
189	299	-50
190	300	-50
190	301	-50
190	302	-50
190	303	-50
190	304	-50
190	305	-50
190	306	-50
195	282	-50
190	307	-50
167	307	-56
168	307	-56
164	308	-56
165	308	-56
166	308	-56
161	309	-56
162	309	-56
163	309	-56
140	310	-56
141	310	-56
142	310	-56
143	310	-56
144	310	-56
145	310	-56
146	310	-56
147	310	-56
148	310	-56
149	310	-56
150	310	-56
151	310	-56
152	310	-56
154	310	-56
156	310	-56
158	310	-56
159	310	-56
160	310	-56
153	311	-56
155	311	-56
157	311	-56
169	306	-56
139	310	-56
122	301	-55
123	302	-55
124	303	-55
125	304	-55
126	304	-55
127	304	-55
128	305	-55
129	305	-55
130	306	-55
131	306	-55
132	306	-55
133	307	-55
134	307	-55
135	308	-55
136	309	-55
137	309	-55
121	300	-55
138	310	-55
170	307	-55
171	308	-55
172	309	-55
173	309	-55
174	310	-55
169	306	-55
175	311	-55
192	308	-55
193	308	-55
194	308	-55
195	308	-55
196	308	-55
197	308	-55
199	308	-55
198	309	-55
200	309	-55
201	309	-55
202	309	-55
203	309	-55
204	310	-55
191	308	-55
205	311	-55
208	309	-55
209	309	-55
206	310	-55
207	310	-55
210	310	-55
205	311	-55
303	302	-42
304	302	-42
305	303	-42
306	304	-42
307	305	-42
308	306	-42
309	307	-42
310	308	-42
311	309	-42
312	310	-42
302	301	-42
313	311	-42
316	309	-41
315	310	-41
314	311	-41
318	311	-41
317	312	-41
316	313	-41
177	312	-55
178	312	-55
179	313	-55
180	314	-55
176	311	-55
181	315	-55
189	309	-55
188	310	-55
187	311	-55
186	312	-55
184	313	-55
185	313	-55
182	314	-55
183	314	-55
190	308	-55
181	315	-55
210	311	-54
210	312	-54
210	313	-54
210	314	-54
210	310	-54
211	315	-54
312	313	-41
311	314	-41
313	312	-41
392	313	-22
393	313	-22
394	313	-22
395	313	-22
396	313	-22
399	313	-22
401	313	-22
397	314	-22
398	314	-22
400	314	-22
402	314	-22
403	315	-22
404	316	-22
408	315	-22
407	316	-22
210	316	-53
210	317	-53
211	315	-53
211	318	-53
212	316	-54
212	317	-54
211	315	-54
211	318	-54
205	312	-54
205	313	-54
205	314	-54
205	315	-54
205	316	-54
204	317	-54
202	318	-54
203	318	-54
205	311	-54
317	315	-38
318	315	-38
319	316	-38
320	317	-38
321	318	-38
322	319	-38
316	314	-38
342	319	-40
341	320	-40
343	320	-40
344	320	-40
346	320	-40
348	320	-40
350	320	-40
352	320	-40
339	321	-40
340	321	-40
345	321	-40
347	321	-40
349	321	-40
351	321	-40
353	321	-40
354	321	-40
336	322	-40
338	322	-40
296	323	-40
298	323	-40
335	323	-40
337	323	-40
294	324	-40
295	324	-40
297	324	-40
299	324	-40
300	324	-40
301	324	-40
302	324	-40
304	324	-40
332	324	-40
333	324	-40
334	324	-40
291	325	-40
292	325	-40
293	325	-40
303	325	-40
305	325	-40
307	325	-40
330	325	-40
331	325	-40
289	326	-40
290	326	-40
306	326	-40
308	326	-40
309	326	-40
311	326	-40
327	326	-40
328	326	-40
329	326	-40
287	327	-40
288	327	-40
310	327	-40
312	327	-40
314	327	-40
316	327	-40
318	327	-40
320	327	-40
322	327	-40
324	327	-40
325	327	-40
326	327	-40
284	328	-40
285	328	-40
286	328	-40
313	328	-40
315	328	-40
317	328	-40
319	328	-40
321	328	-40
323	328	-40
355	322	-40
283	329	-40
276	316	-54
276	317	-54
276	318	-54
276	319	-54
276	320	-54
276	321	-54
276	322	-54
276	323	-54
276	324	-54
276	325	-54
276	326	-54
355	323	-33
355	324	-33
355	325	-33
355	326	-33
355	322	-33
354	327	-33
356	321	-37
357	322	-37
358	322	-37
359	323	-37
360	324	-37
361	324	-37
362	325	-37
363	326	-37
355	322	-37
364	327	-37
138	312	-55
138	313	-55
138	314	-55
138	315	-55
138	316	-55
139	317	-55
140	318	-55
141	318	-55
142	319	-55
143	320	-55
144	320	-55
145	321	-55
146	321	-55
147	322	-55
148	323	-55
149	323	-55
150	324	-55
151	325	-55
152	325	-55
153	326	-55
154	326	-55
155	326	-55
156	327	-55
157	327	-55
158	327	-55
138	311	-55
159	328	-55
267	326	-55
269	326	-55
270	326	-55
271	326	-55
272	326	-55
274	326	-55
265	327	-55
266	327	-55
268	327	-55
273	327	-55
275	327	-55
263	328	-55
264	328	-55
256	329	-55
258	329	-55
259	329	-55
260	329	-55
261	329	-55
262	329	-55
255	330	-55
257	330	-55
276	326	-55
254	329	-55
350	327	-34
351	327	-34
352	327	-34
353	327	-34
354	327	-34
231	303	-50
232	304	-50
233	305	-50
233	306	-50
234	307	-50
234	308	-50
235	309	-50
235	310	-50
236	311	-50
236	312	-50
237	313	-50
238	313	-50
239	314	-50
240	315	-50
240	316	-50
241	317	-50
242	317	-50
243	318	-50
244	319	-50
245	320	-50
246	320	-50
247	321	-50
248	322	-50
249	322	-50
250	323	-50
251	324	-50
252	324	-50
253	325	-50
254	326	-50
254	327	-50
254	328	-50
230	302	-50
254	329	-50
277	327	-55
278	327	-55
280	327	-55
279	328	-55
281	328	-55
282	328	-55
276	326	-55
283	329	-55
345	327	-35
346	327	-35
344	328	-35
355	328	-34
356	328	-34
357	328	-34
358	328	-34
359	328	-34
360	328	-34
361	328	-34
362	328	-34
354	327	-34
363	328	-34
212	319	-54
212	320	-54
212	321	-54
212	322	-54
212	323	-54
212	324	-54
212	325	-54
212	326	-54
212	327	-54
212	328	-54
212	329	-54
211	318	-54
212	330	-54
340	329	-35
341	329	-35
181	316	-54
181	317	-54
182	318	-54
182	319	-54
183	320	-54
184	321	-54
184	322	-54
185	323	-54
185	324	-54
185	325	-54
185	326	-54
185	327	-54
185	328	-54
185	329	-54
185	330	-54
181	315	-54
185	331	-54
77	300	-55
77	301	-55
76	302	-55
76	303	-55
75	304	-55
75	305	-55
74	306	-55
74	307	-55
73	308	-55
73	309	-55
72	310	-55
72	311	-55
71	312	-55
71	313	-55
70	314	-55
70	315	-55
69	316	-55
69	317	-55
68	318	-55
68	319	-55
67	320	-55
67	321	-55
66	322	-55
66	323	-55
65	324	-55
65	325	-55
64	326	-55
64	327	-55
63	328	-55
63	329	-55
62	330	-55
62	331	-55
78	299	-55
62	332	-55
175	313	-54
175	314	-54
175	315	-54
175	316	-54
175	317	-54
175	318	-54
175	319	-54
175	320	-54
175	321	-54
175	322	-54
174	323	-54
174	324	-54
174	325	-54
174	326	-54
174	327	-54
174	328	-54
174	329	-54
174	330	-54
174	331	-54
174	332	-54
174	333	-54
175	312	-54
174	334	-54
201	323	-54
202	324	-54
203	325	-54
204	325	-54
205	325	-54
206	326	-54
207	327	-54
207	328	-54
207	329	-54
207	330	-54
207	331	-54
207	332	-54
207	333	-54
207	334	-54
214	332	-56
215	332	-56
217	332	-56
216	333	-56
213	331	-56
218	333	-56
367	329	-30
368	329	-30
369	330	-30
370	331	-30
371	332	-30
372	333	-30
373	333	-30
366	329	-30
374	334	-30
161	328	-56
162	329	-56
163	330	-56
164	330	-56
165	331	-56
166	331	-56
167	332	-56
168	332	-56
169	333	-56
170	333	-56
171	334	-56
160	328	-56
172	335	-56
211	332	-56
210	333	-56
209	334	-56
212	331	-56
208	335	-56
352	334	-28
351	335	-28
173	335	-56
174	334	-56
172	335	-56
230	327	-56
231	327	-56
228	328	-56
229	328	-56
232	328	-56
233	328	-56
225	329	-56
226	329	-56
227	329	-56
234	329	-56
222	330	-56
223	330	-56
224	330	-56
235	330	-56
236	330	-56
220	331	-56
221	331	-56
237	331	-56
238	331	-56
219	332	-56
239	332	-56
240	333	-56
241	333	-56
242	334	-56
242	335	-56
218	333	-56
242	336	-56
365	331	-29
365	332	-29
365	333	-29
365	334	-29
366	335	-29
367	335	-29
371	335	-29
372	335	-29
373	335	-29
368	336	-29
369	336	-29
370	336	-29
365	330	-29
374	334	-29
384	333	-28
383	334	-28
382	335	-28
381	336	-28
183	332	-56
181	333	-56
182	333	-56
179	334	-56
180	334	-56
175	335	-56
177	335	-56
178	335	-56
176	336	-56
184	332	-56
174	334	-56
253	330	-56
252	331	-56
251	332	-56
250	333	-56
248	334	-56
249	334	-56
246	335	-56
247	335	-56
244	336	-56
245	336	-56
254	329	-56
243	337	-56
352	336	-29
351	335	-29
375	335	-30
376	336	-30
377	336	-30
378	336	-30
380	336	-30
379	337	-30
374	334	-30
381	336	-30
387	333	-27
388	334	-27
389	335	-27
389	336	-27
389	337	-27
389	338	-27
394	337	-26
393	338	-26
186	333	-56
187	334	-56
188	335	-56
189	336	-56
190	337	-56
191	338	-56
185	332	-56
192	339	-56
382	337	-29
383	338	-29
384	339	-29
386	339	-29
387	339	-29
388	339	-29
385	340	-29
381	336	-29
389	338	-29
391	338	-28
390	339	-28
392	339	-28
389	338	-28
393	338	-28
206	336	-56
205	337	-56
204	338	-56
203	339	-56
202	340	-56
207	335	-56
201	341	-56
394	339	-26
395	340	-26
393	338	-26
194	339	-56
195	339	-56
196	340	-56
197	340	-56
198	341	-56
199	341	-56
193	339	-56
200	341	-56
159	330	-55
159	331	-55
159	332	-55
159	333	-55
159	334	-55
159	335	-55
159	336	-55
159	337	-55
159	338	-55
159	339	-55
159	340	-55
159	341	-55
159	342	-55
159	329	-55
159	343	-55
219	334	-56
220	335	-56
221	335	-56
222	336	-56
223	337	-56
224	337	-56
225	338	-56
226	338	-56
241	338	-56
227	339	-56
239	339	-56
240	339	-56
228	340	-56
229	340	-56
237	340	-56
238	340	-56
230	341	-56
232	341	-56
235	341	-56
236	341	-56
231	342	-56
233	342	-56
234	342	-56
218	333	-56
242	337	-56
170	336	-56
171	336	-56
168	337	-56
169	337	-56
167	338	-56
165	339	-56
166	339	-56
164	340	-56
163	341	-56
162	342	-56
161	343	-56
172	335	-56
160	344	-56
64	333	-48
65	334	-48
66	334	-48
67	335	-48
68	335	-48
69	336	-48
70	336	-48
71	337	-48
72	337	-48
73	338	-48
74	338	-48
75	339	-48
76	339	-48
77	340	-48
78	340	-48
79	341	-48
80	341	-48
81	342	-48
82	342	-48
83	343	-48
84	343	-48
85	344	-48
86	344	-48
63	333	-48
87	345	-48
283	330	-41
283	331	-41
284	332	-41
285	333	-41
285	334	-41
286	335	-41
287	336	-41
288	336	-41
289	337	-41
290	338	-41
291	338	-41
292	339	-41
293	340	-41
294	340	-41
295	341	-41
296	341	-41
297	341	-41
298	341	-41
300	341	-41
302	341	-41
304	341	-41
306	341	-41
308	341	-41
310	341	-41
299	342	-41
301	342	-41
303	342	-41
305	342	-41
307	342	-41
309	342	-41
311	342	-41
312	342	-41
313	342	-41
315	342	-41
314	343	-41
316	343	-41
317	343	-41
318	343	-41
319	343	-41
320	343	-41
321	343	-41
323	343	-41
322	344	-41
324	344	-41
325	344	-41
326	344	-41
327	344	-41
328	345	-41
329	345	-41
330	345	-41
331	346	-41
332	347	-41
283	329	-41
333	348	-41
348	335	-30
350	335	-30
347	336	-30
349	336	-30
345	337	-30
346	337	-30
344	338	-30
343	339	-30
342	340	-30
341	341	-30
340	342	-30
339	343	-30
339	344	-30
338	345	-30
338	346	-30
338	347	-30
351	335	-30
337	348	-30
157	345	-56
158	345	-56
155	346	-56
156	346	-56
153	347	-56
154	347	-56
151	348	-56
152	348	-56
159	344	-56
150	349	-56
334	348	-40
335	348	-40
333	348	-40
336	348	-40
89	345	-49
90	345	-49
91	345	-49
92	345	-49
93	345	-49
94	345	-49
95	345	-49
96	345	-49
97	345	-49
98	345	-49
99	345	-49
100	345	-49
101	345	-49
102	345	-49
103	345	-49
104	345	-49
105	345	-49
106	345	-49
107	345	-49
108	345	-49
109	345	-49
110	345	-49
111	345	-49
112	345	-49
113	345	-49
114	345	-49
115	345	-49
116	345	-49
117	345	-49
118	345	-49
119	345	-49
120	345	-49
121	345	-49
122	345	-49
123	346	-49
124	346	-49
125	347	-49
126	347	-49
127	348	-49
128	348	-49
129	348	-49
130	348	-49
131	348	-49
132	348	-49
133	348	-49
134	348	-49
135	348	-49
136	348	-49
137	348	-49
138	348	-49
139	348	-49
140	348	-49
141	348	-49
143	348	-49
145	348	-49
147	348	-49
149	348	-49
142	349	-49
144	349	-49
146	349	-49
148	349	-49
88	345	-49
150	349	-49
332	349	-40
331	350	-40
330	351	-40
333	348	-40
338	350	-37
338	351	-37
339	352	-37
337	349	-37
340	353	-37
338	355	-36
337	356	-36
339	354	-36
151	350	-56
152	351	-56
153	352	-56
154	352	-56
155	353	-56
156	353	-56
157	353	-56
158	354	-56
159	354	-56
160	355	-56
161	355	-56
162	356	-56
163	357	-56
164	357	-56
166	357	-56
165	358	-56
167	358	-56
168	358	-56
150	349	-56
169	359	-56
341	355	-35
341	356	-35
342	357	-35
343	358	-35
344	359	-35
340	354	-35
170	358	-56
171	359	-56
172	359	-56
173	360	-56
174	360	-56
175	361	-56
176	361	-56
177	361	-56
169	359	-56
178	362	-56
192	341	-55
192	342	-55
192	343	-55
192	344	-55
192	345	-55
192	346	-55
192	347	-55
192	348	-55
191	349	-55
190	350	-55
189	351	-55
188	352	-55
187	353	-55
186	354	-55
185	355	-55
184	356	-55
183	357	-55
182	358	-55
182	359	-55
180	360	-55
181	360	-55
179	361	-55
192	340	-55
178	362	-55
169	360	-55
169	361	-55
169	362	-55
169	363	-55
169	364	-55
169	359	-55
87	347	-48
87	348	-48
87	349	-48
87	350	-48
87	351	-48
87	352	-48
87	353	-48
87	354	-48
87	355	-48
87	356	-48
87	357	-48
87	358	-48
87	359	-48
87	360	-48
87	361	-48
88	362	-48
89	363	-48
90	363	-48
91	364	-48
92	364	-48
93	365	-48
94	365	-48
95	366	-48
96	366	-48
97	367	-48
98	367	-48
87	346	-48
99	368	-48
179	363	-55
179	364	-55
180	365	-55
179	366	-55
179	367	-55
178	362	-55
178	368	-55
201	343	-55
201	344	-55
201	345	-55
201	346	-55
201	347	-55
201	348	-55
201	349	-55
202	350	-55
203	351	-55
203	352	-55
204	353	-55
205	354	-55
206	355	-55
207	356	-55
208	357	-55
209	358	-55
210	359	-55
210	360	-55
211	361	-55
212	361	-55
213	362	-55
214	363	-55
215	364	-55
216	364	-55
217	365	-55
218	365	-55
219	366	-55
220	367	-55
221	367	-55
222	368	-55
223	369	-55
201	342	-55
224	370	-55
101	368	-51
102	368	-51
103	368	-51
104	368	-51
105	368	-51
106	368	-51
107	368	-51
108	368	-51
109	368	-51
110	368	-51
111	368	-51
112	368	-51
113	368	-51
114	368	-51
115	368	-51
116	368	-51
117	368	-51
177	368	-51
118	369	-51
119	369	-51
120	369	-51
175	369	-51
176	369	-51
121	370	-51
122	370	-51
130	370	-51
132	370	-51
134	370	-51
136	370	-51
138	370	-51
139	370	-51
140	370	-51
141	370	-51
142	370	-51
143	370	-51
144	370	-51
145	370	-51
146	370	-51
147	370	-51
148	370	-51
149	370	-51
150	370	-51
152	370	-51
154	370	-51
156	370	-51
173	370	-51
174	370	-51
123	371	-51
124	371	-51
125	371	-51
126	371	-51
127	371	-51
128	371	-51
129	371	-51
131	371	-51
133	371	-51
135	371	-51
137	371	-51
151	371	-51
153	371	-51
155	371	-51
157	371	-51
158	371	-51
171	371	-51
172	371	-51
159	372	-51
160	372	-51
161	372	-51
162	372	-51
163	372	-51
164	372	-51
165	372	-51
166	372	-51
167	372	-51
168	372	-51
169	372	-51
170	372	-51
100	368	-51
178	368	-51
226	371	-52
227	372	-52
228	373	-52
229	373	-52
230	374	-52
230	375	-52
225	370	-52
230	376	-52
224	372	-55
224	373	-55
223	374	-55
223	375	-55
223	376	-55
224	371	-55
223	377	-55
287	366	-38
288	367	-38
289	368	-38
290	369	-38
290	370	-38
290	371	-38
290	372	-38
290	373	-38
290	374	-38
290	375	-38
290	376	-38
291	377	-38
294	373	-40
293	374	-40
292	375	-40
292	376	-40
291	377	-40
179	369	-56
180	370	-56
181	371	-56
181	372	-56
182	373	-56
183	374	-56
184	374	-56
185	375	-56
186	376	-56
187	376	-56
188	377	-56
189	378	-56
190	378	-56
178	368	-56
191	379	-56
206	377	-56
208	377	-56
209	377	-56
211	377	-56
213	377	-56
214	377	-56
216	377	-56
218	377	-56
204	378	-56
205	378	-56
207	378	-56
210	378	-56
212	378	-56
215	378	-56
217	378	-56
219	378	-56
220	378	-56
221	378	-56
222	378	-56
202	379	-56
203	379	-56
201	380	-56
199	381	-56
200	381	-56
223	377	-56
198	382	-56
228	377	-56
229	377	-56
224	378	-56
226	378	-56
227	378	-56
225	379	-56
230	376	-56
223	377	-56
248	370	-48
250	370	-48
252	370	-48
253	370	-48
255	370	-48
244	371	-48
245	371	-48
246	371	-48
247	371	-48
249	371	-48
251	371	-48
254	371	-48
256	371	-48
258	371	-48
242	372	-48
243	372	-48
257	372	-48
259	372	-48
240	373	-48
241	373	-48
260	373	-48
262	373	-48
239	374	-48
261	374	-48
263	374	-48
236	375	-48
238	375	-48
264	375	-48
232	376	-48
234	376	-48
235	376	-48
237	376	-48
265	376	-48
266	376	-48
231	377	-48
233	377	-48
267	377	-48
268	377	-48
269	378	-48
270	378	-48
271	378	-48
289	378	-48
272	379	-48
273	379	-48
274	379	-48
276	379	-48
279	379	-48
282	379	-48
284	379	-48
287	379	-48
288	379	-48
275	380	-48
277	380	-48
278	380	-48
280	380	-48
281	380	-48
283	380	-48
285	380	-48
286	380	-48
230	376	-48
290	378	-48
192	379	-56
193	380	-56
194	380	-56
195	381	-56
196	381	-56
191	379	-56
197	382	-56
197	384	-56
196	385	-56
198	383	-56
195	386	-56
99	370	-50
99	371	-50
99	372	-50
99	373	-50
99	374	-50
99	375	-50
99	376	-50
99	377	-50
100	378	-50
101	379	-50
102	379	-50
103	380	-50
104	380	-50
105	381	-50
106	381	-50
107	382	-50
108	382	-50
109	383	-50
110	383	-50
111	384	-50
112	384	-50
113	385	-50
114	385	-50
115	386	-50
116	386	-50
117	387	-50
118	387	-50
119	387	-50
120	387	-50
121	387	-50
122	387	-50
99	369	-50
123	388	-50
190	380	-54
189	381	-54
188	382	-54
187	383	-54
187	384	-54
187	385	-54
187	386	-54
187	387	-54
191	379	-54
187	388	-54
369	380	-27
370	381	-27
370	382	-27
371	383	-27
371	384	-27
371	385	-27
372	386	-27
372	387	-27
371	388	-27
128	385	-51
130	385	-51
131	385	-51
133	385	-51
134	385	-51
135	385	-51
136	385	-51
137	385	-51
138	385	-51
139	385	-51
140	385	-51
142	385	-51
144	385	-51
146	385	-51
148	385	-51
125	386	-51
127	386	-51
129	386	-51
132	386	-51
141	386	-51
143	386	-51
145	386	-51
147	386	-51
149	386	-51
150	386	-51
151	386	-51
152	386	-51
124	387	-51
126	387	-51
153	387	-51
154	387	-51
155	387	-51
156	387	-51
157	387	-51
158	387	-51
159	387	-51
160	387	-51
161	387	-51
163	387	-51
168	387	-51
162	388	-51
164	388	-51
165	388	-51
166	388	-51
167	388	-51
169	388	-51
170	389	-51
171	389	-51
172	389	-51
173	389	-51
174	389	-51
175	389	-51
176	389	-51
178	389	-51
180	389	-51
182	389	-51
183	389	-51
184	389	-51
185	389	-51
186	389	-51
177	390	-51
179	390	-51
181	390	-51
123	388	-51
187	388	-51
194	386	-55
192	387	-55
193	387	-55
190	388	-55
191	388	-55
188	389	-55
189	389	-55
195	386	-55
187	388	-55
398	385	-20
400	385	-20
401	385	-20
396	386	-20
397	386	-20
399	386	-20
394	387	-20
395	387	-20
392	388	-20
393	388	-20
390	389	-20
391	389	-20
389	390	-20
388	391	-20
291	379	-35
292	380	-35
293	380	-35
294	381	-35
294	382	-35
295	383	-35
296	383	-35
297	384	-35
298	385	-35
299	386	-35
300	386	-35
301	387	-35
302	387	-35
303	388	-35
304	388	-35
305	389	-35
306	389	-35
308	389	-35
307	390	-35
309	390	-35
310	390	-35
312	390	-35
314	390	-35
316	390	-35
318	390	-35
320	390	-35
323	390	-35
311	391	-35
313	391	-35
315	391	-35
317	391	-35
319	391	-35
321	391	-35
322	391	-35
324	391	-35
290	378	-35
354	391	-36
355	392	-36
368	390	-35
369	390	-35
356	391	-35
357	391	-35
358	391	-35
359	391	-35
361	391	-35
362	391	-35
363	391	-35
364	391	-35
365	391	-35
366	391	-35
367	391	-35
360	392	-35
370	389	-35
355	392	-35
389	392	-27
388	391	-27
417	392	-21
418	392	-21
351	393	-36
352	393	-36
353	393	-36
354	393	-36
355	392	-36
61	334	-56
60	335	-56
59	336	-56
58	337	-56
57	338	-56
56	339	-56
55	340	-56
54	341	-56
53	342	-56
52	343	-56
51	344	-56
50	345	-56
49	346	-56
48	347	-56
47	348	-56
46	349	-56
45	350	-56
44	351	-56
43	352	-56
42	353	-56
41	354	-56
40	355	-56
39	356	-56
38	357	-56
37	358	-56
36	359	-56
35	360	-56
34	361	-56
33	362	-56
32	363	-56
31	364	-56
30	365	-56
29	366	-56
28	367	-56
27	368	-56
26	369	-56
25	370	-56
24	371	-56
23	372	-56
22	373	-56
21	374	-56
20	375	-56
19	376	-56
18	377	-56
17	378	-56
16	379	-56
15	380	-56
14	381	-56
13	382	-56
12	383	-56
11	384	-56
10	385	-56
9	386	-56
8	387	-56
7	388	-56
6	389	-56
5	390	-56
4	391	-56
3	392	-56
2	393	-56
1	394	-56
62	333	-56
123	389	-50
123	390	-50
123	391	-50
123	392	-50
123	393	-50
123	394	-50
123	388	-50
196	387	-56
197	388	-56
198	389	-56
199	390	-56
200	391	-56
201	392	-56
202	392	-56
203	393	-56
204	393	-56
205	394	-56
206	394	-56
207	394	-56
195	386	-56
220	392	-52
222	392	-52
224	392	-52
218	393	-52
219	393	-52
221	393	-52
223	393	-52
216	394	-52
217	394	-52
372	390	-29
373	391	-29
374	391	-29
375	392	-29
376	392	-29
386	392	-29
387	392	-29
377	393	-29
378	393	-29
380	393	-29
382	393	-29
384	393	-29
385	393	-29
379	394	-29
381	394	-29
383	394	-29
371	389	-29
388	391	-29
