302	1	49
301	2	49
373	2	33
372	3	33
291	1	45
292	1	45
293	1	45
294	1	45
296	1	45
295	2	45
297	2	45
298	2	45
299	3	45
300	2	45
358	1	26
360	1	26
359	2	26
361	2	26
362	2	26
364	2	26
366	2	26
368	2	26
370	2	26
371	2	26
363	3	26
365	3	26
367	3	26
369	3	26
372	3	26
430	3	27
431	4	27
432	1	26
433	2	26
432	3	26
431	4	26
176	1	48
177	2	48
178	2	48
179	2	48
180	2	48
181	3	48
182	3	48
184	3	48
183	4	48
185	4	48
186	4	48
187	5	48
190	2	48
189	3	48
188	4	48
187	5	48
116	3	61
118	3	61
120	3	61
114	4	61
115	4	61
117	4	61
119	4	61
121	4	61
122	4	61
112	5	61
113	5	61
123	5	61
110	6	61
111	6	61
108	7	61
109	7	61
107	8	61
106	9	61
106	10	61
106	11	61
106	12	61
106	13	61
106	14	61
106	15	61
106	16	61
106	17	61
106	18	61
106	19	61
106	20	61
124	6	61
106	21	61
302	4	50
303	4	50
305	4	50
310	4	50
304	5	50
306	5	50
307	5	50
308	5	50
309	5	50
311	5	50
301	3	50
312	6	50
316	2	54
317	2	54
318	2	54
319	2	54
320	2	54
322	2	54
315	3	54
321	3	54
323	3	54
324	3	54
325	3	54
326	3	54
314	4	54
327	4	54
313	5	54
328	5	54
329	6	54
330	6	54
331	6	54
312	6	54
332	7	54
334	5	49
333	6	49
332	7	49
433	7	30
434	8	30
432	6	30
435	9	30
313	7	54
314	8	54
315	9	54
312	6	54
315	10	54
467	9	21
466	10	21
333	8	47
334	9	47
335	10	47
332	7	47
429	7	30
430	7	30
427	8	30
428	8	30
426	9	30
424	10	30
425	10	30
431	6	30
314	11	54
315	10	54
461	9	23
459	10	23
460	10	23
462	10	23
463	10	23
464	10	23
458	11	23
465	11	23
457	12	23
456	13	23
466	10	23
455	14	23
250	8	63
251	8	63
249	9	63
252	9	63
253	9	63
254	9	63
248	10	63
255	10	63
246	11	63
247	11	63
256	11	63
257	11	63
258	11	63
245	12	63
259	12	63
243	13	63
244	13	63
260	13	63
242	14	63
240	15	63
241	15	63
239	16	63
239	17	63
239	18	63
239	19	63
261	14	63
239	20	63
420	13	31
419	14	31
436	10	26
437	10	26
438	11	26
440	11	26
439	12	26
441	12	26
442	13	26
443	13	26
444	13	26
445	13	26
446	13	26
447	13	26
448	13	26
449	13	26
450	13	26
451	13	26
452	13	26
454	13	26
453	14	26
435	9	26
455	14	26
467	11	21
468	12	21
468	13	21
469	14	21
466	10	21
473	14	20
474	15	20
484	5	19
486	5	19
487	5	19
483	6	19
485	6	19
481	7	19
482	7	19
480	8	19
479	9	19
478	10	19
477	11	19
476	12	19
476	13	19
475	14	19
474	15	19
125	6	62
126	6	62
127	7	62
128	7	62
129	8	62
130	8	62
131	9	62
132	10	62
132	11	62
132	12	62
132	13	62
132	14	62
132	15	62
124	6	62
132	16	62
154	1	62
153	2	62
152	3	62
152	4	62
152	5	62
152	6	62
152	7	62
152	8	62
152	9	62
152	10	62
152	11	62
152	12	62
152	13	62
152	14	62
152	15	62
152	16	62
152	17	62
373	4	34
373	5	34
374	6	34
375	7	34
376	8	34
377	9	34
379	9	34
378	10	34
380	10	34
382	10	34
384	10	34
386	10	34
388	10	34
381	11	34
383	11	34
385	11	34
387	11	34
389	11	34
390	11	34
391	11	34
393	11	34
392	12	34
394	12	34
395	13	34
396	13	34
397	13	34
398	13	34
399	14	34
400	14	34
401	14	34
403	14	34
402	15	34
404	15	34
405	15	34
406	15	34
407	15	34
409	15	34
408	16	34
410	16	34
411	16	34
412	16	34
413	16	34
416	16	34
417	16	34
418	16	34
414	17	34
415	17	34
372	3	34
419	15	34
434	10	30
432	11	30
433	11	30
431	12	30
429	13	30
430	13	30
428	14	30
427	15	30
426	16	30
435	9	30
426	17	30
421	16	32
422	16	32
423	17	32
420	15	32
424	18	32
134	16	63
136	16	63
133	17	63
135	17	63
137	17	63
138	17	63
139	17	63
140	17	63
141	17	63
142	17	63
144	17	63
146	17	63
148	17	63
150	17	63
143	18	63
145	18	63
147	18	63
149	18	63
151	18	63
132	16	63
152	17	63
315	13	57
314	14	57
314	15	57
314	16	57
314	17	57
314	18	57
316	12	57
314	19	57
318	13	52
318	14	52
317	15	52
317	16	52
317	17	52
317	18	52
317	12	52
317	19	52
473	16	21
471	17	21
472	17	21
470	18	21
474	15	21
469	19	21
123	7	63
122	8	63
121	9	63
120	10	63
120	11	63
120	12	63
120	13	63
120	14	63
120	15	63
120	16	63
120	17	63
120	18	63
120	19	63
124	6	63
120	20	63
427	19	29
426	18	29
456	15	23
456	16	23
457	17	23
458	17	23
459	18	23
461	18	23
460	19	23
462	19	23
463	19	23
464	19	23
465	19	23
466	19	23
467	19	23
468	19	23
455	14	23
469	19	23
484	19	15
485	19	15
262	13	60
263	13	60
264	13	60
265	14	60
266	14	60
267	14	60
268	14	60
270	14	60
269	15	60
271	15	60
272	15	60
286	15	60
288	15	60
289	15	60
290	15	60
291	15	60
292	15	60
293	15	60
294	15	60
295	15	60
296	15	60
297	15	60
298	15	60
299	15	60
300	15	60
301	15	60
302	15	60
273	16	60
274	16	60
275	16	60
276	16	60
277	16	60
278	16	60
279	16	60
280	16	60
281	16	60
282	16	60
283	16	60
284	16	60
285	16	60
287	16	60
303	16	60
304	16	60
305	17	60
306	17	60
307	18	60
308	18	60
309	19	60
310	20	60
261	14	60
311	21	60
312	20	57
313	20	57
314	19	57
311	21	57
315	20	56
314	19	56
316	20	56
130	17	63
131	17	63
128	18	63
129	18	63
126	19	63
127	19	63
124	20	63
125	20	63
121	21	63
122	21	63
123	21	63
132	16	63
120	20	63
472	21	20
471	20	20
471	22	20
188	6	52
189	7	52
190	8	52
191	9	52
192	9	52
193	10	52
194	10	52
195	11	52
196	11	52
197	12	52
198	13	52
199	14	52
200	14	52
201	15	52
202	16	52
203	17	52
203	18	52
203	19	52
203	20	52
203	21	52
203	22	52
187	5	52
203	23	52
232	21	64
234	21	64
235	21	64
237	21	64
238	21	64
228	22	64
230	22	64
231	22	64
233	22	64
236	22	64
221	23	64
222	23	64
223	23	64
224	23	64
225	23	64
226	23	64
227	23	64
229	23	64
205	24	64
207	24	64
208	24	64
210	24	64
212	24	64
214	24	64
215	24	64
216	24	64
217	24	64
218	24	64
219	24	64
220	24	64
204	25	64
206	25	64
209	25	64
211	25	64
213	25	64
239	20	64
203	24	64
119	21	62
108	22	62
109	22	62
110	22	62
111	22	62
112	22	62
113	22	62
114	22	62
115	22	62
116	22	62
118	22	62
117	23	62
120	20	62
107	22	62
153	18	63
154	19	63
155	19	63
156	19	63
157	19	63
158	20	63
160	20	63
159	21	63
161	21	63
162	21	63
164	21	63
166	21	63
163	22	63
165	22	63
167	22	63
168	22	63
169	23	63
170	23	63
171	23	63
173	23	63
172	24	63
174	24	63
175	24	63
176	24	63
177	24	63
178	24	63
179	24	63
152	17	63
180	25	63
472	23	16
473	24	16
474	25	16
475	25	16
476	25	16
471	22	16
182	25	62
183	25	62
184	25	62
185	25	62
187	25	62
188	25	62
190	25	62
200	25	62
201	25	62
186	26	62
189	26	62
191	26	62
192	26	62
193	26	62
194	26	62
196	26	62
198	26	62
199	26	62
195	27	62
197	27	62
202	24	62
181	25	62
261	15	62
261	16	62
260	17	62
259	18	62
258	19	62
258	20	62
258	21	62
258	22	62
258	23	62
258	24	62
258	25	62
258	26	62
258	27	62
261	14	62
258	28	62
318	21	50
319	21	50
320	22	50
321	23	50
322	23	50
323	24	50
324	24	50
325	24	50
326	25	50
327	26	50
328	26	50
330	26	50
345	26	50
347	26	50
349	26	50
351	26	50
352	26	50
353	26	50
354	26	50
355	26	50
356	26	50
358	26	50
360	26	50
362	26	50
363	26	50
365	26	50
329	27	50
331	27	50
332	27	50
333	27	50
334	27	50
335	27	50
336	27	50
337	27	50
338	27	50
339	27	50
340	27	50
341	27	50
342	27	50
343	27	50
344	27	50
346	27	50
348	27	50
350	27	50
357	27	50
359	27	50
361	27	50
364	27	50
366	27	50
367	27	50
368	27	50
369	27	50
370	28	50
371	28	50
317	20	50
372	29	50
373	28	43
372	29	43
374	29	43
240	21	64
241	22	64
242	22	64
243	23	64
244	23	64
245	24	64
246	25	64
247	25	64
248	26	64
249	26	64
250	27	64
251	28	64
252	28	64
253	29	64
254	29	64
255	29	64
256	29	64
239	20	64
257	29	64
421	20	32
423	20	32
420	21	32
422	21	32
419	22	32
418	23	32
418	24	32
418	25	32
417	26	32
417	27	32
417	28	32
417	29	32
424	19	32
417	30	32
468	30	19
468	31	19
384	23	32
386	23	32
388	23	32
390	23	32
382	24	32
383	24	32
385	24	32
387	24	32
389	24	32
391	24	32
380	25	32
381	25	32
392	25	32
393	25	32
394	25	32
379	26	32
395	26	32
396	26	32
397	26	32
398	26	32
400	26	32
377	27	32
378	27	32
399	27	32
401	27	32
403	27	32
375	28	32
376	28	32
402	28	32
404	28	32
405	28	32
406	28	32
407	29	32
408	29	32
409	29	32
410	29	32
412	29	32
411	30	32
413	30	32
414	30	32
415	31	32
374	29	32
416	31	32
310	22	57
309	23	57
308	24	57
307	25	57
306	26	57
305	27	57
304	28	57
303	29	57
301	30	57
302	30	57
300	31	57
300	32	57
299	33	57
298	34	57
311	21	57
297	35	57
466	32	20
464	33	20
465	33	20
459	34	20
460	34	20
461	34	20
462	34	20
463	34	20
458	35	20
456	36	20
457	36	20
455	37	20
467	32	20
454	38	20
418	32	30
419	33	30
420	34	30
421	35	30
417	31	30
421	36	30
259	30	64
260	30	64
261	30	64
262	30	64
264	30	64
263	31	64
265	31	64
266	31	64
268	31	64
270	31	64
272	31	64
267	32	64
269	32	64
271	32	64
273	32	64
274	32	64
275	32	64
276	32	64
277	32	64
278	32	64
280	32	64
282	32	64
279	33	64
281	33	64
283	33	64
284	33	64
285	33	64
286	33	64
287	34	64
288	34	64
289	35	64
290	35	64
291	35	64
293	35	64
294	35	64
296	35	64
292	36	64
295	36	64
258	29	64
297	35	64
372	30	36
372	31	36
372	32	36
372	33	36
371	34	36
370	35	36
369	36	36
372	29	36
437	31	24
432	32	24
433	32	24
434	32	24
435	32	24
436	32	24
438	32	24
429	33	24
430	33	24
431	33	24
439	33	24
440	33	24
441	33	24
442	33	24
427	34	24
428	34	24
443	34	24
424	35	24
425	35	24
426	35	24
444	35	24
445	35	24
446	35	24
423	36	24
447	36	24
448	36	24
449	36	24
450	37	24
451	37	24
452	37	24
453	37	24
422	37	24
454	38	24
180	27	63
180	28	63
180	29	63
180	30	63
180	31	63
180	32	63
180	33	63
180	34	63
180	35	63
180	36	63
180	37	63
180	38	63
180	26	63
423	38	29
422	37	29
422	39	29
503	37	25
504	37	25
505	37	25
506	37	25
507	38	25
508	39	25
420	37	30
419	38	30
418	39	30
417	40	30
421	36	30
469	33	16
470	34	16
471	35	16
471	36	16
471	37	16
472	38	16
473	39	16
474	40	16
475	40	16
468	32	16
374	30	33
374	31	33
375	32	33
375	33	33
376	34	33
377	35	33
378	36	33
379	37	33
380	37	33
381	38	33
382	39	33
383	40	33
384	41	33
374	29	33
454	39	21
455	40	21
456	41	21
454	38	21
421	40	29
420	41	29
419	42	29
422	39	29
104	23	62
105	23	62
102	24	62
103	24	62
100	25	62
101	25	62
98	26	62
99	26	62
96	27	62
97	27	62
94	28	62
95	28	62
92	29	62
93	29	62
90	30	62
91	30	62
88	31	62
89	31	62
86	32	62
87	32	62
84	33	62
85	33	62
82	34	62
83	34	62
80	35	62
81	35	62
78	36	62
79	36	62
76	37	62
77	37	62
74	38	62
75	38	62
72	39	62
73	39	62
71	40	62
70	41	62
70	42	62
70	43	62
106	22	62
70	44	62
298	36	57
299	37	57
300	38	57
301	39	57
302	40	57
303	41	57
304	42	57
305	43	57
297	35	57
423	40	28
424	41	28
424	42	28
425	43	28
426	44	28
422	39	28
427	45	28
426	46	28
427	45	28
529	44	16
527	45	16
528	45	16
530	45	16
526	46	16
503	45	24
504	46	24
505	47	24
523	46	16
523	47	16
475	47	30
476	47	30
477	47	30
479	47	30
481	47	30
473	48	30
474	48	30
478	48	30
480	48	30
472	49	30
470	50	30
471	50	30
469	51	30
468	52	30
467	53	30
466	54	30
348	47	44
349	48	44
350	49	44
351	50	44
356	43	44
357	43	44
355	44	44
354	45	44
353	46	44
353	47	44
352	48	44
352	49	44
351	50	44
2	2	65
3	3	65
4	4	65
5	5	65
6	6	65
7	7	65
8	8	65
9	9	65
10	10	65
11	11	65
12	12	65
13	13	65
14	14	65
15	15	65
16	16	65
17	17	65
18	18	65
19	19	65
20	20	65
21	21	65
22	22	65
23	23	65
24	24	65
25	25	65
26	26	65
27	27	65
28	28	65
29	29	65
30	30	65
31	31	65
32	32	65
33	33	65
34	34	65
35	35	65
36	36	65
37	37	65
38	38	65
39	39	65
40	40	65
41	41	65
42	42	65
43	43	65
44	44	65
45	45	65
46	46	65
47	47	65
48	48	65
49	49	65
50	50	65
51	51	65
52	52	65
53	53	65
351	51	52
351	52	52
351	50	52
350	53	52
68	46	65
69	46	65
66	47	65
67	47	65
64	48	65
65	48	65
62	49	65
63	49	65
60	50	65
61	50	65
58	51	65
59	51	65
56	52	65
57	52	65
55	53	65
70	45	65
54	53	65
340	53	56
342	53	56
343	53	56
345	53	56
346	53	56
324	54	56
326	54	56
328	54	56
330	54	56
332	54	56
333	54	56
334	54	56
335	54	56
336	54	56
337	54	56
338	54	56
339	54	56
341	54	56
344	54	56
347	54	56
348	54	56
349	54	56
319	55	56
320	55	56
321	55	56
322	55	56
323	55	56
325	55	56
327	55	56
329	55	56
331	55	56
318	56	56
316	57	56
317	57	56
315	58	56
315	59	56
314	60	56
313	61	56
313	62	56
313	63	56
350	53	56
313	64	56
428	46	34
429	46	34
430	47	34
431	47	34
432	47	34
433	48	34
435	48	34
434	49	34
436	49	34
438	49	34
437	50	34
439	50	34
441	50	34
443	50	34
440	51	34
442	51	34
444	51	34
445	51	34
446	51	34
447	52	34
448	52	34
449	52	34
450	52	34
451	53	34
452	53	34
453	53	34
454	53	34
455	54	34
456	54	34
457	54	34
459	54	34
462	54	34
458	55	34
460	55	34
461	55	34
463	55	34
464	55	34
465	55	34
427	45	34
466	54	34
510	53	19
509	54	19
508	55	19
467	55	30
468	56	30
466	54	30
469	57	30
502	57	23
504	57	23
498	58	23
499	58	23
500	58	23
501	58	23
503	58	23
471	57	29
472	58	29
473	58	29
474	59	29
475	59	29
470	57	29
398	61	43
397	62	43
396	63	43
469	59	29
469	60	29
469	61	29
469	62	29
469	58	29
393	62	46
390	63	46
391	63	46
392	63	46
394	63	46
395	63	46
389	64	46
387	65	46
388	65	46
385	66	46
386	66	46
383	67	46
384	67	46
381	68	46
382	68	46
380	69	46
379	70	46
378	71	46
396	63	46
378	72	46
72	45	63
73	45	63
74	45	63
75	45	63
76	45	63
77	45	63
78	45	63
79	45	63
80	45	63
81	45	63
82	45	63
83	45	63
84	45	63
85	45	63
86	45	63
87	45	63
88	45	63
89	45	63
90	45	63
91	45	63
92	45	63
93	45	63
94	46	63
95	46	63
96	47	63
97	47	63
98	48	63
99	48	63
100	49	63
101	49	63
102	50	63
103	51	63
104	51	63
105	52	63
106	52	63
107	53	63
108	53	63
109	54	63
110	54	63
111	55	63
112	55	63
113	56	63
114	56	63
115	57	63
116	57	63
117	58	63
118	58	63
119	59	63
120	59	63
121	60	63
122	60	63
123	61	63
124	61	63
125	62	63
126	62	63
127	63	63
128	63	63
129	64	63
130	64	63
131	65	63
71	45	63
132	66	63
147	58	65
149	58	65
150	58	65
151	58	65
152	58	65
153	58	65
155	58	65
145	59	65
146	59	65
148	59	65
154	59	65
156	59	65
157	59	65
158	59	65
159	59	65
142	60	65
143	60	65
144	60	65
160	60	65
162	60	65
140	61	65
141	61	65
161	61	65
163	61	65
164	61	65
165	61	65
166	61	65
167	61	65
168	61	65
169	61	65
170	61	65
171	61	65
172	61	65
173	61	65
175	61	65
138	62	65
139	62	65
174	62	65
176	62	65
177	62	65
178	62	65
179	62	65
180	62	65
181	62	65
183	62	65
185	62	65
136	63	65
137	63	65
182	63	65
184	63	65
186	63	65
187	63	65
188	63	65
189	63	65
190	63	65
191	63	65
134	64	65
135	64	65
192	64	65
193	64	65
194	64	65
195	64	65
308	64	65
310	64	65
133	65	65
196	65	65
197	65	65
198	65	65
199	65	65
237	65	65
239	65	65
241	65	65
243	65	65
245	65	65
247	65	65
249	65	65
250	65	65
251	65	65
252	65	65
253	65	65
254	65	65
255	65	65
256	65	65
257	65	65
258	65	65
259	65	65
260	65	65
261	65	65
262	65	65
264	65	65
266	65	65
301	65	65
302	65	65
303	65	65
304	65	65
305	65	65
306	65	65
307	65	65
309	65	65
311	65	65
312	65	65
200	66	65
201	66	65
202	66	65
203	66	65
205	66	65
222	66	65
224	66	65
226	66	65
228	66	65
230	66	65
232	66	65
233	66	65
234	66	65
235	66	65
236	66	65
238	66	65
240	66	65
242	66	65
244	66	65
246	66	65
248	66	65
263	66	65
265	66	65
267	66	65
268	66	65
269	66	65
270	66	65
271	66	65
272	66	65
273	66	65
274	66	65
275	66	65
276	66	65
277	66	65
278	66	65
279	66	65
280	66	65
281	66	65
282	66	65
283	66	65
284	66	65
285	66	65
287	66	65
289	66	65
291	66	65
292	66	65
293	66	65
294	66	65
296	66	65
298	66	65
299	66	65
300	66	65
204	67	65
206	67	65
207	67	65
208	67	65
209	67	65
210	67	65
211	67	65
212	67	65
213	67	65
214	67	65
215	67	65
216	67	65
217	67	65
218	67	65
219	67	65
220	67	65
221	67	65
223	67	65
225	67	65
227	67	65
229	67	65
231	67	65
286	67	65
288	67	65
290	67	65
295	67	65
297	67	65
313	64	65
132	66	65
636	67	8
637	68	8
638	67	9
637	68	9
637	69	9
637	68	9
637	70	9
640	69	9
639	70	9
638	71	9
351	54	52
352	55	52
352	56	52
353	57	52
354	58	52
354	59	52
355	60	52
355	61	52
356	62	52
357	63	52
357	64	52
358	65	52
359	66	52
360	67	52
360	68	52
360	69	52
360	70	52
360	71	52
350	53	52
360	72	52
634	73	9
635	73	9
636	72	9
633	74	9
637	73	8
636	72	8
314	65	51
315	65	51
316	66	51
317	66	51
318	67	51
319	67	51
320	67	51
321	67	51
322	67	51
324	67	51
326	67	51
328	67	51
330	67	51
323	68	51
325	68	51
327	68	51
329	68	51
331	68	51
332	68	51
333	68	51
334	68	51
335	68	51
337	68	51
336	69	51
338	69	51
339	69	51
340	69	51
341	69	51
342	69	51
344	69	51
343	70	51
345	70	51
346	70	51
347	70	51
348	71	51
349	71	51
350	71	51
351	72	51
352	72	51
353	72	51
354	73	51
355	74	51
356	74	51
357	74	51
358	74	51
313	64	51
359	73	51
372	73	50
374	73	50
375	73	50
377	73	50
361	74	50
362	74	50
363	74	50
364	74	50
365	74	50
366	74	50
367	74	50
368	74	50
369	74	50
370	74	50
371	74	50
373	74	50
376	74	50
378	72	50
360	73	50
629	72	9
630	73	9
631	74	9
632	74	9
397	64	39
397	65	39
398	66	39
399	67	39
400	68	39
401	68	39
402	69	39
403	70	39
404	71	39
405	71	39
406	72	39
407	72	39
408	72	39
409	73	39
410	73	39
411	73	39
412	73	39
413	73	39
414	73	39
415	73	39
416	73	39
417	73	39
418	73	39
420	73	39
422	73	39
419	74	39
421	74	39
423	74	39
424	74	39
425	74	39
426	74	39
427	75	39
428	75	39
429	75	39
430	75	39
431	76	39
432	76	39
396	63	39
632	76	12
631	77	12
630	78	12
633	75	12
629	79	12
626	79	13
625	80	13
627	80	13
628	80	13
624	81	13
622	82	13
623	82	13
621	83	13
629	79	13
620	84	13
649	79	9
651	79	9
653	79	9
630	80	9
646	80	9
647	80	9
648	80	9
650	80	9
652	80	9
654	80	9
655	80	9
631	81	9
632	81	9
643	81	9
644	81	9
645	81	9
633	82	9
634	82	9
641	82	9
642	82	9
635	83	9
636	83	9
637	83	9
638	83	9
639	83	9
640	83	9
629	79	9
435	78	40
436	78	40
437	78	40
438	79	40
439	79	40
440	80	40
441	81	40
441	82	40
441	83	40
614	82	14
602	83	14
603	83	14
604	83	14
605	83	14
606	83	14
607	83	14
608	83	14
609	83	14
610	83	14
611	83	14
612	83	14
613	83	14
615	83	14
616	83	14
617	83	14
618	83	14
599	84	14
600	84	14
601	84	14
598	85	14
592	86	14
593	86	14
594	86	14
595	86	14
596	86	14
597	86	14
619	84	14
591	87	14
132	67	64
132	68	64
132	69	64
131	70	64
130	71	64
129	72	64
128	73	64
127	74	64
126	75	64
126	76	64
126	77	64
126	78	64
126	79	64
126	80	64
126	81	64
126	82	64
126	83	64
125	84	64
125	85	64
124	86	64
132	66	64
124	87	64
379	73	45
380	74	45
381	75	45
382	75	45
383	76	45
384	76	45
385	77	45
386	78	45
387	78	45
388	79	45
389	80	45
390	80	45
391	81	45
392	81	45
394	81	45
393	82	45
395	82	45
397	82	45
396	83	45
398	83	45
399	83	45
400	83	45
401	83	45
403	83	45
402	84	45
404	84	45
405	84	45
406	84	45
408	84	45
440	84	45
407	85	45
409	85	45
410	85	45
411	85	45
412	85	45
413	85	45
414	85	45
416	85	45
438	85	45
439	85	45
415	86	45
417	86	45
418	86	45
419	86	45
420	86	45
421	86	45
422	86	45
423	86	45
424	86	45
425	86	45
426	86	45
427	86	45
428	86	45
429	86	45
430	86	45
431	86	45
432	86	45
433	86	45
434	86	45
435	86	45
436	86	45
437	86	45
378	72	45
441	83	45
538	77	19
540	77	19
532	78	19
533	78	19
534	78	19
535	78	19
536	78	19
537	78	19
539	78	19
541	78	19
542	78	19
543	78	19
544	78	19
545	78	19
547	78	19
549	78	19
546	79	19
548	79	19
550	79	19
551	79	19
552	80	19
553	80	19
554	80	19
555	81	19
556	81	19
557	81	19
558	82	19
559	82	19
561	82	19
560	83	19
562	83	19
564	83	19
563	84	19
565	84	19
566	85	19
567	85	19
568	85	19
569	86	19
570	87	19
583	85	19
580	86	19
581	86	19
582	86	19
584	86	19
579	87	19
585	85	18
586	85	18
587	85	18
588	85	18
589	85	18
590	86	18
584	86	18
591	87	18
571	86	19
572	87	19
573	87	19
570	87	19
574	88	19
578	86	19
577	87	19
576	88	19
579	87	19
575	88	19
122	88	65
119	89	65
120	89	65
121	89	65
117	90	65
118	90	65
115	91	65
116	91	65
114	92	65
113	93	65
112	94	65
110	95	65
111	95	65
108	96	65
109	96	65
106	97	65
107	97	65
105	98	65
103	99	65
104	99	65
102	100	65
100	101	65
101	101	65
98	102	65
99	102	65
96	103	65
97	103	65
95	104	65
92	105	65
93	105	65
94	105	65
64	106	65
65	106	65
66	106	65
67	106	65
68	106	65
69	106	65
70	106	65
71	106	65
72	106	65
73	106	65
74	106	65
75	106	65
76	106	65
77	106	65
78	106	65
79	106	65
80	106	65
81	106	65
82	106	65
83	106	65
84	106	65
85	106	65
86	106	65
87	106	65
88	106	65
89	106	65
90	106	65
91	106	65
123	88	65
63	106	65
569	88	19
569	89	19
570	87	19
569	90	19
584	87	17
585	88	17
585	89	17
584	86	17
585	90	17
543	83	19
442	84	19
443	84	19
444	84	19
445	84	19
446	84	19
447	84	19
448	84	19
449	84	19
451	84	19
538	84	19
540	84	19
541	84	19
542	84	19
544	84	19
545	84	19
546	84	19
548	84	19
550	84	19
450	85	19
452	85	19
453	85	19
454	85	19
455	85	19
456	85	19
458	85	19
460	85	19
462	85	19
536	85	19
537	85	19
539	85	19
547	85	19
549	85	19
551	85	19
553	85	19
457	86	19
459	86	19
461	86	19
463	86	19
464	86	19
465	86	19
466	86	19
468	86	19
470	86	19
533	86	19
534	86	19
535	86	19
552	86	19
554	86	19
556	86	19
467	87	19
469	87	19
471	87	19
472	87	19
473	87	19
530	87	19
532	87	19
555	87	19
557	87	19
558	87	19
559	87	19
474	88	19
475	88	19
476	88	19
526	88	19
527	88	19
528	88	19
529	88	19
531	88	19
560	88	19
561	88	19
562	88	19
477	89	19
478	89	19
479	89	19
524	89	19
525	89	19
563	89	19
564	89	19
480	90	19
482	90	19
521	90	19
522	90	19
523	90	19
565	90	19
566	90	19
567	90	19
481	91	19
483	91	19
484	91	19
518	91	19
520	91	19
485	92	19
512	92	19
514	92	19
516	92	19
517	92	19
519	92	19
486	93	19
487	93	19
488	93	19
509	93	19
511	93	19
513	93	19
515	93	19
489	94	19
490	94	19
506	94	19
508	94	19
510	94	19
491	95	19
492	95	19
493	95	19
495	95	19
501	95	19
503	95	19
504	95	19
505	95	19
507	95	19
494	96	19
496	96	19
497	96	19
498	96	19
499	96	19
500	96	19
502	96	19
441	83	19
568	91	19
574	90	17
574	89	17
574	91	17
579	88	18
580	89	18
580	90	18
579	87	18
580	91	18
590	88	17
589	89	17
587	90	17
588	90	17
586	91	17
591	87	17
585	90	17
584	91	17
582	92	17
583	92	17
585	90	17
581	92	17
620	86	13
620	87	13
620	88	13
621	89	13
621	90	13
622	91	13
622	92	13
620	85	13
570	92	19
572	92	19
571	93	19
569	91	19
573	92	19
575	93	19
576	93	19
579	93	19
577	94	19
578	94	19
574	92	19
580	92	19
549	96	16
550	96	16
551	96	16
631	96	11
631	97	11
538	98	15
539	98	15
625	95	12
626	96	12
627	96	12
628	97	12
629	98	12
630	98	12
631	97	12
632	98	11
633	98	11
631	97	11
538	102	14
537	103	14
531	100	15
531	101	15
530	102	15
529	103	15
530	104	15
529	105	15
53	55	65
52	56	65
52	57	65
51	58	65
51	59	65
50	60	65
50	61	65
49	62	65
49	63	65
48	64	65
48	65	65
47	66	65
47	67	65
46	68	65
46	69	65
45	70	65
46	71	65
45	72	65
46	73	65
46	74	65
47	75	65
47	76	65
48	77	65
48	78	65
49	79	65
49	80	65
50	81	65
50	82	65
51	83	65
51	84	65
52	85	65
52	86	65
53	87	65
53	88	65
54	89	65
54	90	65
55	91	65
55	92	65
56	93	65
56	94	65
57	95	65
57	96	65
58	97	65
58	98	65
59	99	65
59	100	65
60	101	65
60	102	65
61	103	65
61	104	65
62	105	65
53	54	65
63	106	65
235	100	65
237	100	65
238	100	65
228	101	65
229	101	65
230	101	65
231	101	65
232	101	65
233	101	65
234	101	65
236	101	65
239	101	65
240	101	65
223	102	65
224	102	65
225	102	65
226	102	65
227	102	65
241	102	65
242	102	65
217	103	65
218	103	65
219	103	65
220	103	65
221	103	65
222	103	65
243	103	65
244	103	65
245	103	65
210	104	65
212	104	65
214	104	65
215	104	65
216	104	65
246	104	65
247	104	65
182	105	65
185	105	65
187	105	65
194	105	65
196	105	65
198	105	65
200	105	65
202	105	65
204	105	65
205	105	65
206	105	65
207	105	65
208	105	65
209	105	65
211	105	65
213	105	65
248	105	65
249	105	65
179	106	65
180	106	65
181	106	65
183	106	65
184	106	65
186	106	65
188	106	65
189	106	65
190	106	65
191	106	65
192	106	65
193	106	65
195	106	65
197	106	65
199	106	65
201	106	65
203	106	65
250	106	65
177	107	65
178	107	65
176	108	65
174	109	65
175	109	65
173	110	65
172	111	65
171	112	65
170	113	65
169	114	65
168	115	65
167	116	65
166	117	65
165	118	65
164	119	65
163	120	65
163	121	65
251	107	65
163	122	65
471	106	20
471	107	20
637	106	12
638	107	12
531	106	14
532	107	14
530	106	14
640	106	10
642	106	10
639	107	10
641	107	10
638	107	10
601	105	12
599	106	12
600	106	12
602	106	12
602	107	12
603	108	12
637	108	10
638	107	10
470	108	23
467	109	23
468	109	23
469	109	23
466	110	23
465	111	23
465	112	23
464	113	23
463	114	23
471	107	23
462	115	23
472	108	19
473	109	19
474	109	19
475	110	19
471	107	19
528	107	15
526	108	15
527	108	15
525	109	15
524	110	15
529	106	15
524	111	15
532	110	14
532	111	14
532	112	14
532	113	14
538	111	14
540	111	14
542	111	14
537	112	14
539	112	14
541	112	14
534	113	14
535	113	14
536	113	14
533	114	14
493	111	21
494	111	21
495	112	21
496	113	21
496	114	21
496	115	21
525	113	15
526	113	15
527	114	15
524	112	15
528	115	15
313	105	42
315	105	42
317	105	42
320	105	42
322	105	42
252	106	42
253	106	42
254	106	42
255	106	42
256	106	42
258	106	42
260	106	42
263	106	42
304	106	42
307	106	42
309	106	42
310	106	42
311	106	42
312	106	42
314	106	42
316	106	42
318	106	42
319	106	42
321	106	42
323	106	42
324	106	42
325	106	42
326	106	42
327	106	42
328	106	42
330	106	42
332	106	42
257	107	42
259	107	42
261	107	42
262	107	42
264	107	42
265	107	42
266	107	42
267	107	42
268	107	42
269	107	42
271	107	42
273	107	42
275	107	42
277	107	42
286	107	42
288	107	42
293	107	42
298	107	42
300	107	42
301	107	42
302	107	42
303	107	42
305	107	42
306	107	42
308	107	42
329	107	42
331	107	42
333	107	42
334	107	42
335	107	42
336	107	42
337	107	42
338	107	42
340	107	42
429	107	42
430	107	42
431	107	42
433	107	42
270	108	42
272	108	42
274	108	42
276	108	42
278	108	42
279	108	42
280	108	42
281	108	42
282	108	42
283	108	42
284	108	42
285	108	42
287	108	42
289	108	42
290	108	42
291	108	42
292	108	42
294	108	42
295	108	42
296	108	42
297	108	42
299	108	42
339	108	42
341	108	42
342	108	42
343	108	42
345	108	42
347	108	42
349	108	42
360	108	42
362	108	42
369	108	42
371	108	42
373	108	42
375	108	42
421	108	42
422	108	42
423	108	42
424	108	42
425	108	42
426	108	42
427	108	42
428	108	42
432	108	42
434	108	42
435	108	42
436	108	42
438	108	42
344	109	42
346	109	42
348	109	42
350	109	42
351	109	42
352	109	42
353	109	42
354	109	42
355	109	42
356	109	42
357	109	42
358	109	42
359	109	42
361	109	42
363	109	42
364	109	42
365	109	42
366	109	42
367	109	42
368	109	42
370	109	42
372	109	42
374	109	42
376	109	42
377	109	42
378	109	42
379	109	42
380	109	42
381	109	42
382	109	42
383	109	42
384	109	42
385	109	42
386	109	42
387	109	42
388	109	42
389	109	42
391	109	42
393	109	42
395	109	42
414	109	42
416	109	42
417	109	42
418	109	42
419	109	42
420	109	42
437	109	42
439	109	42
441	109	42
390	110	42
392	110	42
394	110	42
396	110	42
397	110	42
398	110	42
399	110	42
400	110	42
401	110	42
402	110	42
403	110	42
404	110	42
405	110	42
406	110	42
407	110	42
408	110	42
409	110	42
410	110	42
411	110	42
412	110	42
413	110	42
415	110	42
440	110	42
442	110	42
443	111	42
444	111	42
445	111	42
446	111	42
447	112	42
448	112	42
449	112	42
450	113	42
451	113	42
452	113	42
453	114	42
454	114	42
455	114	42
456	114	42
457	114	42
459	114	42
461	114	42
458	115	42
460	115	42
251	107	42
462	115	42
522	112	21
520	113	21
521	113	21
505	114	21
507	114	21
509	114	21
510	114	21
511	114	21
518	114	21
519	114	21
500	115	21
502	115	21
503	115	21
504	115	21
506	115	21
508	115	21
512	115	21
513	115	21
514	115	21
515	115	21
516	115	21
517	115	21
498	116	21
499	116	21
501	116	21
523	112	21
497	116	21
530	114	13
531	115	13
532	114	13
529	115	13
528	117	14
528	118	14
528	119	14
527	120	14
528	116	14
463	116	26
464	116	26
465	117	26
466	118	26
467	119	26
468	119	26
469	120	26
470	120	26
471	121	26
472	121	26
473	121	26
474	121	26
476	121	26
478	121	26
475	122	26
477	122	26
479	122	26
480	122	26
481	122	26
482	122	26
484	122	26
485	122	26
486	122	26
483	123	26
462	115	26
487	123	26
495	117	23
494	118	23
492	119	23
493	119	23
491	120	23
490	121	23
489	122	23
496	116	23
488	123	23
125	89	65
125	90	65
126	91	65
126	92	65
126	93	65
127	94	65
128	95	65
129	96	65
130	97	65
131	98	65
132	99	65
133	99	65
134	100	65
134	101	65
135	102	65
136	102	65
137	103	65
138	104	65
139	105	65
140	105	65
141	106	65
142	107	65
143	107	65
144	108	65
145	109	65
146	109	65
147	110	65
148	111	65
149	112	65
150	113	65
151	114	65
152	115	65
153	116	65
154	117	65
155	118	65
156	119	65
157	120	65
158	121	65
159	122	65
160	122	65
161	123	65
124	88	65
162	123	65
164	124	64
165	125	64
165	126	64
165	127	64
163	123	64
165	128	64
62	107	65
61	108	65
61	109	65
60	110	65
60	111	65
59	112	65
59	113	65
58	114	65
58	115	65
57	116	65
57	117	65
56	118	65
56	119	65
56	120	65
57	121	65
57	122	65
58	123	65
58	124	65
59	125	65
59	126	65
60	127	65
60	128	65
61	129	65
61	130	65
63	106	65
62	131	65
251	108	63
251	109	63
251	110	63
249	111	63
250	111	63
248	112	63
246	113	63
247	113	63
245	114	63
244	115	63
243	116	63
241	117	63
242	117	63
240	118	63
239	119	63
238	120	63
237	121	63
235	122	63
236	122	63
234	123	63
233	124	63
231	125	63
232	125	63
230	126	63
228	127	63
229	127	63
227	128	63
226	129	63
225	130	63
251	107	63
224	131	63
166	129	64
167	130	64
168	130	64
169	130	64
223	130	64
170	131	64
171	131	64
172	131	64
221	131	64
222	131	64
173	132	64
174	132	64
216	132	64
218	132	64
219	132	64
220	132	64
175	133	64
176	133	64
177	133	64
213	133	64
214	133	64
215	133	64
217	133	64
178	134	64
179	134	64
180	134	64
210	134	64
211	134	64
212	134	64
181	135	64
182	135	64
184	135	64
186	135	64
188	135	64
189	135	64
191	135	64
193	135	64
195	135	64
197	135	64
199	135	64
201	135	64
202	135	64
204	135	64
206	135	64
207	135	64
208	135	64
209	135	64
183	136	64
185	136	64
187	136	64
190	136	64
192	136	64
194	136	64
196	136	64
198	136	64
200	136	64
203	136	64
205	136	64
165	128	64
224	131	64
535	132	12
536	132	12
537	132	12
534	133	12
531	134	12
532	134	12
533	134	12
609	130	7
611	130	7
610	131	7
612	131	7
612	132	7
549	132	11
549	133	11
548	134	11
547	135	11
546	136	11
545	137	11
544	138	11
544	139	11
543	140	11
544	139	11
542	141	11
164	129	65
163	130	65
63	131	65
64	131	65
65	131	65
66	131	65
67	131	65
68	131	65
69	131	65
70	131	65
71	131	65
72	131	65
73	131	65
74	131	65
75	131	65
76	131	65
77	131	65
78	131	65
79	131	65
80	131	65
81	131	65
82	131	65
83	131	65
84	131	65
85	131	65
86	131	65
87	131	65
88	131	65
89	131	65
90	131	65
91	131	65
92	131	65
93	131	65
94	131	65
95	131	65
96	131	65
97	131	65
98	131	65
99	131	65
100	131	65
161	131	65
162	131	65
101	132	65
102	132	65
103	132	65
160	132	65
104	133	65
105	133	65
158	133	65
159	133	65
106	134	65
107	134	65
157	134	65
108	135	65
109	135	65
155	135	65
156	135	65
110	136	65
111	136	65
154	136	65
112	137	65
113	137	65
115	137	65
117	137	65
120	137	65
122	137	65
124	137	65
152	137	65
153	137	65
114	138	65
116	138	65
118	138	65
119	138	65
121	138	65
123	138	65
125	138	65
126	138	65
127	138	65
150	138	65
151	138	65
128	139	65
129	139	65
130	139	65
131	139	65
132	139	65
133	139	65
134	139	65
136	139	65
149	139	65
135	140	65
137	140	65
138	140	65
139	140	65
140	140	65
141	140	65
143	140	65
145	140	65
147	140	65
148	140	65
142	141	65
144	141	65
146	141	65
165	128	65
62	131	65
532	141	12
534	141	12
536	141	12
537	141	12
538	141	12
539	141	12
540	141	12
530	142	12
531	142	12
533	142	12
535	142	12
528	143	12
529	143	12
541	141	12
527	144	12
488	125	21
488	126	21
488	127	21
488	128	21
489	129	21
489	130	21
489	131	21
489	132	21
490	133	21
491	134	21
492	135	21
493	136	21
495	136	21
494	137	21
496	137	21
497	138	21
498	138	21
499	138	21
500	138	21
501	138	21
502	139	21
503	139	21
504	139	21
505	139	21
506	139	21
507	139	21
508	139	21
509	139	21
511	139	21
510	140	21
512	140	21
513	140	21
514	140	21
515	140	21
516	140	21
517	140	21
518	141	21
519	141	21
520	141	21
521	142	21
522	142	21
523	143	21
524	143	21
525	143	21
488	124	21
526	144	21
545	140	10
546	140	10
547	141	10
548	141	10
549	142	10
550	142	10
551	143	10
552	143	10
544	139	10
553	144	10
555	143	9
554	144	9
542	143	11
543	144	11
542	142	11
263	143	58
265	143	58
261	144	58
262	144	58
264	144	58
266	144	58
259	145	58
260	145	58
267	145	58
258	146	58
268	146	58
256	147	58
257	147	58
255	148	58
254	149	58
252	150	58
253	150	58
269	147	58
251	151	58
270	146	57
271	146	57
272	146	57
269	147	57
528	147	12
527	146	12
529	148	12
270	148	55
269	147	55
526	147	11
525	148	11
527	146	11
532	146	11
532	147	11
531	148	11
530	149	11
528	149	11
527	150	11
529	148	11
225	132	63
225	133	63
225	134	63
225	135	63
226	136	63
227	137	63
227	138	63
228	139	63
228	140	63
228	141	63
229	142	63
230	142	63
231	143	63
231	144	63
232	145	63
233	146	63
234	147	63
235	148	63
236	148	63
237	149	63
238	149	63
240	149	63
242	149	63
239	150	63
241	150	63
243	150	63
244	150	63
246	150	63
247	150	63
245	151	63
248	151	63
249	151	63
224	131	63
250	151	63
546	148	10
546	149	10
547	150	10
548	151	10
549	151	10
554	146	9
554	147	9
554	148	9
555	149	9
556	149	9
557	150	9
559	150	9
558	151	9
554	145	9
252	153	63
251	152	63
252	154	63
333	130	44
332	131	44
331	132	44
330	133	44
329	134	44
328	135	44
327	136	44
327	137	44
326	138	44
326	139	44
325	140	44
324	141	44
324	142	44
323	143	44
322	144	44
322	145	44
321	146	44
320	147	44
319	148	44
318	149	44
317	150	44
316	151	44
315	152	44
314	153	44
312	154	44
313	154	44
311	155	44
530	150	10
531	151	10
530	152	10
531	153	10
532	154	10
530	149	10
532	155	10
306	155	44
307	155	44
308	155	44
309	155	44
303	156	44
304	156	44
305	156	44
310	155	44
302	157	44
250	153	62
249	154	62
248	155	62
247	156	62
251	152	62
301	156	45
300	157	45
302	157	45
531	156	8
532	155	8
533	156	8
534	157	8
532	155	8
251	156	63
250	157	63
249	158	63
252	155	63
178	159	51
177	160	51
254	156	62
255	157	62
255	158	62
256	159	62
253	155	62
298	157	54
296	158	54
297	158	54
293	159	54
294	159	54
295	159	54
290	160	54
292	160	54
289	161	54
291	161	54
288	162	54
287	163	54
286	164	54
284	165	54
285	165	54
283	166	54
282	167	54
281	168	54
280	169	54
278	170	54
279	170	54
277	171	54
276	172	54
276	173	54
275	174	54
274	175	54
274	176	54
273	177	54
299	157	54
272	178	54
178	161	51
177	160	51
311	157	44
312	158	44
312	159	44
312	160	44
312	161	44
312	162	44
311	156	44
313	163	44
360	160	27
359	161	27
359	162	27
358	163	27
300	159	45
300	160	45
300	161	45
300	162	45
300	163	45
300	164	45
300	158	45
302	158	44
302	159	44
302	160	44
302	161	44
302	162	44
302	163	44
302	164	44
302	157	44
357	163	30
355	164	30
356	164	30
358	163	30
314	164	43
315	165	43
313	163	43
359	164	31
359	165	31
359	166	31
358	163	31
312	164	42
312	165	42
311	166	42
310	167	42
309	168	42
313	163	42
176	160	54
174	161	54
175	161	54
173	162	54
173	163	54
172	164	54
172	165	54
171	166	54
171	167	54
171	168	54
171	169	54
171	170	54
171	171	54
171	172	54
171	173	54
171	174	54
177	160	54
171	175	54
108	159	65
107	160	65
107	161	65
106	162	65
106	163	65
105	164	65
105	165	65
105	166	65
105	167	65
105	168	65
104	169	65
104	170	65
104	171	65
104	172	65
104	173	65
104	174	65
104	175	65
104	176	65
104	177	65
104	178	65
104	179	65
265	178	63
267	178	63
268	178	63
269	178	63
270	178	63
261	179	63
263	179	63
264	179	63
266	179	63
256	180	63
258	180	63
260	180	63
262	180	63
255	181	63
257	181	63
259	181	63
251	182	63
253	182	63
254	182	63
250	183	63
252	183	63
248	184	63
249	184	63
247	185	63
246	186	63
244	187	63
245	187	63
242	188	63
243	188	63
241	189	63
240	190	63
271	178	63
239	191	63
61	132	65
61	133	65
60	134	65
60	135	65
59	136	65
59	137	65
58	138	65
58	139	65
57	140	65
57	141	65
56	142	65
56	143	65
55	144	65
55	145	65
54	146	65
54	147	65
53	148	65
53	149	65
52	150	65
52	151	65
51	152	65
51	153	65
50	154	65
50	155	65
49	156	65
49	157	65
48	158	65
49	159	65
48	160	65
49	161	65
49	162	65
50	163	65
50	164	65
51	165	65
51	166	65
52	167	65
52	168	65
53	169	65
53	170	65
54	171	65
54	172	65
55	173	65
55	174	65
56	175	65
56	176	65
57	177	65
57	178	65
58	179	65
58	180	65
59	181	65
62	131	65
60	182	65
102	180	65
103	180	65
100	181	65
101	181	65
61	182	65
62	182	65
63	182	65
64	182	65
65	182	65
66	182	65
67	182	65
68	182	65
69	182	65
70	182	65
71	182	65
72	182	65
73	182	65
74	182	65
75	182	65
76	182	65
77	182	65
78	182	65
79	182	65
80	182	65
81	182	65
82	182	65
83	182	65
84	182	65
85	182	65
86	182	65
87	182	65
88	182	65
89	182	65
90	182	65
91	182	65
92	182	65
93	182	65
94	182	65
95	182	65
96	182	65
97	182	65
98	182	65
99	182	65
104	179	65
60	182	65
173	176	63
174	177	63
175	177	63
176	177	63
177	178	63
178	178	63
180	178	63
179	179	63
181	179	63
182	179	63
183	180	63
184	180	63
185	180	63
186	180	63
187	180	63
188	180	63
190	180	63
192	180	63
189	181	63
191	181	63
193	181	63
194	181	63
195	181	63
196	181	63
198	181	63
200	181	63
202	181	63
204	181	63
197	182	63
199	182	63
201	182	63
203	182	63
205	182	63
206	183	63
207	184	63
208	184	63
172	176	63
209	185	63
272	180	54
272	181	54
272	182	54
272	183	54
272	184	54
272	185	54
336	185	54
272	186	54
320	186	54
322	186	54
323	186	54
324	186	54
325	186	54
326	186	54
327	186	54
328	186	54
329	186	54
330	186	54
331	186	54
332	186	54
333	186	54
334	186	54
335	186	54
273	187	54
317	187	54
318	187	54
319	187	54
321	187	54
273	188	54
312	188	54
314	188	54
316	188	54
274	189	54
290	189	54
292	189	54
294	189	54
296	189	54
297	189	54
298	189	54
299	189	54
300	189	54
301	189	54
302	189	54
303	189	54
304	189	54
305	189	54
306	189	54
307	189	54
308	189	54
309	189	54
310	189	54
311	189	54
313	189	54
315	189	54
275	190	54
285	190	54
287	190	54
289	190	54
291	190	54
293	190	54
295	190	54
276	191	54
278	191	54
280	191	54
282	191	54
283	191	54
284	191	54
286	191	54
288	191	54
277	192	54
279	192	54
281	192	54
272	179	54
337	186	54
346	181	37
348	181	37
349	181	37
351	181	37
354	181	37
342	182	37
344	182	37
345	182	37
347	182	37
350	182	37
352	182	37
353	182	37
355	182	37
356	182	37
357	182	37
358	182	37
359	182	37
360	182	37
361	182	37
341	183	37
343	183	37
362	183	37
339	184	37
340	184	37
363	184	37
364	184	37
338	185	37
365	185	37
366	186	37
337	186	37
105	180	65
106	181	65
107	182	65
108	183	65
109	184	65
110	185	65
111	186	65
112	187	65
113	188	65
114	188	65
115	189	65
116	190	65
104	179	65
117	191	65
210	184	63
211	184	63
212	185	63
213	185	63
214	185	63
215	185	63
216	186	63
217	187	63
218	187	63
220	187	63
219	188	63
221	188	63
222	189	63
223	189	63
224	189	63
225	189	63
226	189	63
228	189	63
230	189	63
232	189	63
227	190	63
229	190	63
231	190	63
233	190	63
234	190	63
235	190	63
236	190	63
238	190	63
237	191	63
209	185	63
239	191	63
170	177	65
169	178	65
168	179	65
167	180	65
166	181	65
165	182	65
163	183	65
164	183	65
162	184	65
161	185	65
159	186	65
160	186	65
158	187	65
157	188	65
155	189	65
156	189	65
154	190	65
153	191	65
152	192	65
151	193	65
151	194	65
150	195	65
171	176	65
149	196	65
118	190	65
120	190	65
119	191	65
121	191	65
122	191	65
123	191	65
124	191	65
125	191	65
126	191	65
127	191	65
128	191	65
129	191	65
131	191	65
133	191	65
135	191	65
137	191	65
130	192	65
132	192	65
134	192	65
136	192	65
138	192	65
140	192	65
139	193	65
141	193	65
142	193	65
143	193	65
144	194	65
145	194	65
146	195	65
147	195	65
148	196	65
117	191	65
149	196	65
150	197	64
151	198	64
149	196	64
152	199	64
59	183	65
58	184	65
58	185	65
57	186	65
57	187	65
56	188	65
56	189	65
55	190	65
55	191	65
54	192	65
54	193	65
53	194	65
53	195	65
52	196	65
52	197	65
52	198	65
53	199	65
53	200	65
54	201	65
60	182	65
55	202	65
337	187	35
337	188	35
338	189	35
337	190	35
338	191	35
339	191	35
340	192	35
341	192	35
342	193	35
344	193	35
343	194	35
345	194	35
346	194	35
347	194	35
348	195	35
349	195	35
350	195	35
351	195	35
352	195	35
353	196	35
355	196	35
357	196	35
359	196	35
354	197	35
356	197	35
358	197	35
360	197	35
361	197	35
362	197	35
363	197	35
364	197	35
365	197	35
366	197	35
367	197	35
368	197	35
369	197	35
370	197	35
371	197	35
372	197	35
374	197	35
373	198	35
375	198	35
376	198	35
377	198	35
378	199	35
379	200	35
380	200	35
381	201	35
382	201	35
383	202	35
384	203	35
337	186	35
117	192	65
117	193	65
117	194	65
117	195	65
117	196	65
117	197	65
115	198	65
116	198	65
113	199	65
114	199	65
112	200	65
110	201	65
111	201	65
56	202	65
57	202	65
58	202	65
59	202	65
60	202	65
61	202	65
62	202	65
63	202	65
64	202	65
65	202	65
66	202	65
67	202	65
68	202	65
69	202	65
70	202	65
71	202	65
72	202	65
73	202	65
74	202	65
75	202	65
76	202	65
77	202	65
78	202	65
79	202	65
80	202	65
81	202	65
82	202	65
83	202	65
84	202	65
85	202	65
86	202	65
87	202	65
88	202	65
89	202	65
90	202	65
91	202	65
92	202	65
93	202	65
94	202	65
95	202	65
96	202	65
97	202	65
98	202	65
99	202	65
100	202	65
108	202	65
109	202	65
101	203	65
102	203	65
106	203	65
107	203	65
103	204	65
104	204	65
105	204	65
117	191	65
55	202	65
239	192	61
239	193	61
239	194	61
239	195	61
239	196	61
239	197	61
239	198	61
240	199	61
240	200	61
241	201	61
240	202	61
241	203	61
241	204	61
242	205	61
243	206	61
244	206	61
239	191	61
379	206	22
378	207	22
380	207	22
357	206	42
357	207	42
357	208	42
357	209	42
373	206	30
372	207	30
371	208	30
364	209	30
366	209	30
367	209	30
368	209	30
369	209	30
370	209	30
358	210	30
359	210	30
360	210	30
361	210	30
362	210	30
363	210	30
365	210	30
357	209	30
209	186	63
209	187	63
209	188	63
209	189	63
209	190	63
209	191	63
209	192	63
209	193	63
207	194	63
208	194	63
206	195	63
205	196	63
203	197	63
204	197	63
202	198	63
202	199	63
201	200	63
201	201	63
200	202	63
200	203	63
200	204	63
200	205	63
200	206	63
199	207	63
199	208	63
199	209	63
199	210	63
209	185	63
198	211	63
154	199	64
155	199	64
156	199	64
157	199	64
158	199	64
159	199	64
160	199	64
161	199	64
162	199	64
163	199	64
164	199	64
165	199	64
166	200	64
167	200	64
168	201	64
169	202	64
170	203	64
171	204	64
172	204	64
173	205	64
174	206	64
175	207	64
176	207	64
177	207	64
178	207	64
180	207	64
182	207	64
179	208	64
181	208	64
183	208	64
184	208	64
185	209	64
186	209	64
187	210	64
188	210	64
189	211	64
190	211	64
191	211	64
153	199	64
192	212	64
356	210	44
353	211	44
354	211	44
355	211	44
350	212	44
351	212	44
352	212	44
349	213	44
347	214	44
348	214	44
346	215	44
344	216	44
345	216	44
343	217	44
357	209	44
342	218	44
194	211	63
196	211	63
197	211	63
195	212	63
198	211	63
193	212	63
199	212	64
200	212	64
201	213	64
202	213	64
294	213	64
296	213	64
298	213	64
300	213	64
302	213	64
304	213	64
306	213	64
308	213	64
310	213	64
203	214	64
204	214	64
290	214	64
291	214	64
292	214	64
293	214	64
295	214	64
297	214	64
299	214	64
301	214	64
303	214	64
305	214	64
307	214	64
309	214	64
311	214	64
312	214	64
313	214	64
314	214	64
315	214	64
317	214	64
319	214	64
205	215	64
206	215	64
288	215	64
289	215	64
316	215	64
318	215	64
320	215	64
322	215	64
324	215	64
207	216	64
286	216	64
287	216	64
321	216	64
323	216	64
325	216	64
327	216	64
329	216	64
331	216	64
208	217	64
209	217	64
283	217	64
284	217	64
285	217	64
326	217	64
328	217	64
330	217	64
332	217	64
333	217	64
334	217	64
335	217	64
336	217	64
338	217	64
339	217	64
341	217	64
210	218	64
211	218	64
282	218	64
337	218	64
340	218	64
212	219	64
281	219	64
213	220	64
214	220	64
215	220	64
216	220	64
218	220	64
220	220	64
222	220	64
224	220	64
226	220	64
228	220	64
230	220	64
232	220	64
234	220	64
235	220	64
236	220	64
237	220	64
238	220	64
239	220	64
240	220	64
241	220	64
242	220	64
243	220	64
244	220	64
245	220	64
246	220	64
278	220	64
279	220	64
280	220	64
217	221	64
219	221	64
221	221	64
223	221	64
225	221	64
227	221	64
229	221	64
231	221	64
233	221	64
247	221	64
248	221	64
249	221	64
250	221	64
251	221	64
252	221	64
253	221	64
254	221	64
255	221	64
256	221	64
257	221	64
276	221	64
277	221	64
258	222	64
259	222	64
260	222	64
261	222	64
262	222	64
263	222	64
264	222	64
265	222	64
266	222	64
267	222	64
269	222	64
271	222	64
273	222	64
274	222	64
275	222	64
268	223	64
270	223	64
272	223	64
198	211	64
342	218	64
152	201	63
152	202	63
152	203	63
152	204	63
152	205	63
152	206	63
152	207	63
152	208	63
152	209	63
152	210	63
152	211	63
151	212	63
151	213	63
150	214	63
150	215	63
149	216	63
149	217	63
149	218	63
149	219	63
149	220	63
152	200	63
149	221	63
342	219	48
343	220	48
343	221	48
344	222	48
345	223	48
342	218	48
346	224	48
399	221	32
399	222	32
399	223	32
348	224	47
347	224	47
54	203	65
53	204	65
53	205	65
52	206	65
52	207	65
51	208	65
51	209	65
50	210	65
50	211	65
49	212	65
50	213	65
49	214	65
50	215	65
50	216	65
51	217	65
51	218	65
52	219	65
52	220	65
53	221	65
53	222	65
54	223	65
54	224	65
55	225	65
55	202	65
56	226	65
448	223	16
449	224	16
450	225	16
451	226	16
455	223	17
454	224	17
452	225	17
453	225	17
451	226	17
347	226	46
346	225	46
451	227	19
450	228	19
449	229	19
448	230	19
451	226	19
447	231	19
150	222	65
151	222	65
152	223	65
153	223	65
154	224	65
155	225	65
156	226	65
157	227	65
158	228	65
159	229	65
160	230	65
161	231	65
149	221	65
162	232	65
193	214	64
192	215	64
190	216	64
191	216	64
188	217	64
189	217	64
186	218	64
187	218	64
185	219	64
183	220	64
184	220	64
182	221	64
180	222	64
181	222	64
179	223	64
177	224	64
178	224	64
176	225	64
174	226	64
175	226	64
172	227	64
173	227	64
170	228	64
171	228	64
168	229	64
169	229	64
167	230	64
164	231	64
165	231	64
166	231	64
193	213	64
163	232	64
57	226	65
58	226	65
59	226	65
60	226	65
61	226	65
62	226	65
63	226	65
64	226	65
65	226	65
66	226	65
67	226	65
68	226	65
69	226	65
70	226	65
71	226	65
72	226	65
73	226	65
74	226	65
75	226	65
76	226	65
77	226	65
78	226	65
79	226	65
80	226	65
81	226	65
82	226	65
83	226	65
84	226	65
85	226	65
86	226	65
87	226	65
88	226	65
89	226	65
90	226	65
91	226	65
92	226	65
93	226	65
94	226	65
95	226	65
96	226	65
97	226	65
98	227	65
99	227	65
100	227	65
101	228	65
102	228	65
104	228	65
106	228	65
103	229	65
105	229	65
107	229	65
108	229	65
109	229	65
110	229	65
111	229	65
113	229	65
115	229	65
116	229	65
117	229	65
118	229	65
120	229	65
122	229	65
112	230	65
114	230	65
119	230	65
121	230	65
123	230	65
124	230	65
125	230	65
126	231	65
127	231	65
128	231	65
129	232	65
130	232	65
56	226	65
131	233	65
148	222	65
146	223	65
147	223	65
144	224	65
145	224	65
143	225	65
142	226	65
141	227	65
140	228	65
138	229	65
139	229	65
137	230	65
135	231	65
136	231	65
133	232	65
134	232	65
149	221	65
132	233	65
446	230	21
445	231	21
444	232	21
443	233	21
442	234	21
447	231	21
441	235	21
471	230	10
471	231	10
470	232	10
469	233	10
469	234	10
470	235	10
436	236	34
437	236	34
438	236	34
439	236	34
434	237	34
435	237	34
379	238	34
380	238	34
381	238	34
432	238	34
433	238	34
377	239	34
378	239	34
382	239	34
383	239	34
385	239	34
431	239	34
376	240	34
384	240	34
386	240	34
387	240	34
388	240	34
390	240	34
392	240	34
394	240	34
396	240	34
400	240	34
428	240	34
429	240	34
430	240	34
374	241	34
375	241	34
389	241	34
391	241	34
393	241	34
395	241	34
397	241	34
398	241	34
399	241	34
401	241	34
403	241	34
404	241	34
405	241	34
427	241	34
373	242	34
402	242	34
406	242	34
407	242	34
408	242	34
409	242	34
410	242	34
411	242	34
412	242	34
414	242	34
424	242	34
425	242	34
426	242	34
371	243	34
372	243	34
413	243	34
415	243	34
416	243	34
417	243	34
418	243	34
419	243	34
420	243	34
421	243	34
422	243	34
423	243	34
440	235	34
370	244	34
304	231	55
305	231	55
306	231	55
307	231	55
302	232	55
303	232	55
308	232	55
310	232	55
300	233	55
301	233	55
309	233	55
311	233	55
299	234	55
312	234	55
313	234	55
298	235	55
314	235	55
315	235	55
316	235	55
296	236	55
297	236	55
317	236	55
318	236	55
319	236	55
295	237	55
320	237	55
295	238	55
321	238	55
294	239	55
467	236	13
466	237	13
468	237	13
469	236	13
471	237	11
472	237	11
473	237	11
474	237	11
475	237	11
476	237	11
477	237	11
470	236	11
293	239	64
290	240	64
291	240	64
292	240	64
288	241	64
289	241	64
285	242	64
286	242	64
287	242	64
283	243	64
284	243	64
282	244	64
279	245	64
280	245	64
281	245	64
277	246	64
278	246	64
272	247	64
274	247	64
275	247	64
276	247	64
266	248	64
267	248	64
268	248	64
269	248	64
270	248	64
271	248	64
273	248	64
294	239	64
265	249	64
321	239	52
321	240	52
320	241	52
320	242	52
321	238	52
320	243	52
295	240	57
296	240	57
297	241	57
298	241	57
299	241	57
300	242	57
301	242	57
302	243	57
303	243	57
308	243	57
310	243	57
312	243	57
313	243	57
314	243	57
316	243	57
317	243	57
318	243	57
304	244	57
305	244	57
306	244	57
307	244	57
309	244	57
311	244	57
315	244	57
294	239	57
319	244	57
164	234	64
165	235	64
166	236	64
167	237	64
168	238	64
169	239	64
170	240	64
170	241	64
170	242	64
170	243	64
170	244	64
163	233	64
170	245	64
441	237	23
441	238	23
441	239	23
442	240	23
443	241	23
444	242	23
445	243	23
446	243	23
447	244	23
441	236	23
321	245	56
320	244	56
322	246	56
169	246	65
170	245	65
168	247	65
473	244	11
472	245	11
472	246	11
471	247	11
150	246	65
152	246	65
149	247	65
151	247	65
153	247	65
154	247	65
155	247	65
156	247	65
157	247	65
158	247	65
148	248	65
146	249	65
147	249	65
144	250	65
145	250	65
136	251	65
137	251	65
138	251	65
139	251	65
140	251	65
141	251	65
142	251	65
143	251	65
159	248	65
135	251	65
160	247	65
161	247	65
162	247	65
163	247	65
164	247	65
165	247	65
166	247	65
167	247	65
159	248	65
449	244	19
450	245	19
451	245	19
452	245	19
453	246	19
454	246	19
455	246	19
456	247	19
447	232	15
448	233	15
448	234	15
449	235	15
450	236	15
451	237	15
452	238	15
453	239	15
454	240	15
455	241	15
456	241	15
457	241	15
459	241	15
458	242	15
460	242	15
461	242	15
462	243	15
463	244	15
464	244	15
465	244	15
466	245	15
467	246	15
468	246	15
469	247	15
447	231	15
470	248	15
255	246	64
257	246	64
258	246	64
252	247	64
253	247	64
254	247	64
256	247	64
259	247	64
260	247	64
262	247	64
251	248	64
261	248	64
263	248	64
264	248	64
250	249	64
265	249	64
322	237	48
324	237	48
323	238	48
325	238	48
326	239	48
328	239	48
327	240	48
329	240	48
330	240	48
331	241	48
332	241	48
333	242	48
334	242	48
335	242	48
336	243	48
337	243	48
338	243	48
340	243	48
339	244	48
341	244	48
342	244	48
343	244	48
344	244	48
345	244	48
347	244	48
349	244	48
351	244	48
346	245	48
348	245	48
350	245	48
352	245	48
353	245	48
354	246	48
355	246	48
356	246	48
357	247	48
358	247	48
359	247	48
360	248	48
321	238	48
361	249	48
372	245	46
373	245	46
374	245	46
375	246	46
376	247	46
377	248	46
371	245	46
132	235	64
132	236	64
132	237	64
132	238	64
132	239	64
132	240	64
132	241	64
132	242	64
133	243	64
133	244	64
133	245	64
133	246	64
133	247	64
133	248	64
133	249	64
132	234	64
133	250	64
323	245	55
324	246	55
325	247	55
326	247	55
327	247	55
328	248	55
329	249	55
322	246	55
330	250	55
368	246	47
369	246	47
367	247	47
365	248	47
366	248	47
364	249	47
370	245	47
363	250	47
331	250	52
332	250	52
334	250	52
358	250	52
359	250	52
360	250	52
333	251	52
335	251	52
337	251	52
339	251	52
341	251	52
356	251	52
357	251	52
336	252	52
338	252	52
340	252	52
342	252	52
344	252	52
346	252	52
348	252	52
350	252	52
353	252	52
354	252	52
355	252	52
343	253	52
345	253	52
347	253	52
349	253	52
351	253	52
352	253	52
361	249	52
330	250	52
472	249	10
473	250	10
474	250	10
475	251	10
471	248	10
329	251	55
328	252	55
330	250	55
131	251	65
132	251	65
129	252	65
130	252	65
127	253	65
128	253	65
124	254	65
125	254	65
126	254	65
110	255	65
112	255	65
114	255	65
116	255	65
118	255	65
120	255	65
121	255	65
122	255	65
123	255	65
103	256	65
105	256	65
107	256	65
108	256	65
109	256	65
111	256	65
113	256	65
115	256	65
117	256	65
119	256	65
102	257	65
104	257	65
106	257	65
100	258	65
101	258	65
97	259	65
98	259	65
99	259	65
57	260	65
58	260	65
59	260	65
60	260	65
61	260	65
62	260	65
63	260	65
64	260	65
65	260	65
66	260	65
67	260	65
68	260	65
69	260	65
70	260	65
71	260	65
72	260	65
73	260	65
74	260	65
75	260	65
76	260	65
77	260	65
78	260	65
79	260	65
80	260	65
81	260	65
82	260	65
83	260	65
84	260	65
85	260	65
86	260	65
87	260	65
88	260	65
89	260	65
90	260	65
91	260	65
92	260	65
93	260	65
94	260	65
95	260	65
96	260	65
133	250	65
56	260	65
171	246	65
172	246	65
173	246	65
174	246	65
175	246	65
176	247	65
177	247	65
178	247	65
179	248	65
180	248	65
182	248	65
246	248	65
248	248	65
249	248	65
181	249	65
183	249	65
184	249	65
185	249	65
242	249	65
244	249	65
245	249	65
247	249	65
186	250	65
187	250	65
188	250	65
190	250	65
240	250	65
241	250	65
243	250	65
189	251	65
191	251	65
192	251	65
193	251	65
194	251	65
196	251	65
198	251	65
238	251	65
239	251	65
195	252	65
197	252	65
199	252	65
201	252	65
236	252	65
237	252	65
200	253	65
202	253	65
203	253	65
204	253	65
205	253	65
231	253	65
233	253	65
235	253	65
206	254	65
224	254	65
226	254	65
228	254	65
229	254	65
230	254	65
232	254	65
234	254	65
207	255	65
208	255	65
210	255	65
213	255	65
215	255	65
217	255	65
219	255	65
221	255	65
222	255	65
223	255	65
225	255	65
227	255	65
209	256	65
211	256	65
212	256	65
214	256	65
216	256	65
218	256	65
220	256	65
170	245	65
250	249	65
461	252	13
461	253	13
461	254	13
250	250	63
250	251	63
250	252	63
250	253	63
250	254	63
250	255	63
251	256	63
251	257	63
251	258	63
250	249	63
251	259	63
265	250	64
265	251	64
265	252	64
265	253	64
265	254	64
265	255	64
265	256	64
264	257	64
262	258	64
263	258	64
265	249	64
55	227	65
54	228	65
54	229	65
53	230	65
53	231	65
52	232	65
52	233	65
51	234	65
51	235	65
50	236	65
50	237	65
49	238	65
49	239	65
48	240	65
48	241	65
47	242	65
48	243	65
47	244	65
48	245	65
48	246	65
49	247	65
49	248	65
50	249	65
50	250	65
51	251	65
51	252	65
52	253	65
52	254	65
53	255	65
53	256	65
54	257	65
54	258	65
55	259	65
56	226	65
56	260	65
158	249	64
157	250	64
156	251	64
155	252	64
154	253	64
153	254	64
153	255	64
154	256	64
155	257	64
156	258	64
157	259	64
159	248	64
158	260	64
168	249	65
168	250	65
168	251	65
168	252	65
168	253	65
168	254	65
168	255	65
166	256	65
167	256	65
164	257	65
165	257	65
162	258	65
163	258	65
159	259	65
160	259	65
161	259	65
168	248	65
158	260	65
257	256	62
256	257	62
255	258	62
253	259	62
254	259	62
252	260	62
134	253	65
134	254	65
135	255	65
136	256	65
137	257	65
138	257	65
139	258	65
140	258	65
141	259	65
142	259	65
143	260	65
144	260	65
145	261	65
146	261	65
156	261	65
157	261	65
147	262	65
148	262	65
150	262	65
152	262	65
154	262	65
155	262	65
149	263	65
151	263	65
153	263	65
134	252	65
158	260	65
242	263	62
243	264	62
244	265	62
245	266	62
250	261	62
249	262	62
248	263	62
247	264	62
246	265	62
251	260	62
245	266	62
394	267	32
393	268	32
392	269	32
391	270	32
363	252	37
363	253	37
363	254	37
363	255	37
364	256	37
365	257	37
366	258	37
367	259	37
368	260	37
369	261	37
370	262	37
371	262	37
372	263	37
373	264	37
374	264	37
375	264	37
376	265	37
378	265	37
377	266	37
379	266	37
380	267	37
381	267	37
382	267	37
383	268	37
384	268	37
385	269	37
386	269	37
387	269	37
388	269	37
389	270	37
390	271	37
363	251	37
391	270	37
320	247	44
321	247	44
319	248	44
318	249	44
317	250	44
315	251	44
316	251	44
314	252	44
313	253	44
312	254	44
310	255	44
311	255	44
309	256	44
309	257	44
308	258	44
307	259	44
306	260	44
305	261	44
304	262	44
303	263	44
302	264	44
300	265	44
301	265	44
299	266	44
298	267	44
297	268	44
296	269	44
295	270	44
295	271	44
294	272	44
322	246	44
293	273	44
290	272	63
284	273	63
286	273	63
287	273	63
288	273	63
289	273	63
291	273	63
283	274	63
285	274	63
282	275	63
281	276	63
280	277	63
278	278	63
279	278	63
277	279	63
276	280	63
275	281	63
274	282	63
273	283	63
272	284	63
272	285	63
292	273	63
271	286	63
226	273	64
228	273	64
224	274	64
225	274	64
227	274	64
229	274	64
230	274	64
223	275	64
231	275	64
232	275	64
233	275	64
221	276	64
222	276	64
234	276	64
235	276	64
236	276	64
219	277	64
220	277	64
217	278	64
218	278	64
216	279	64
237	277	64
215	280	64
244	267	63
243	268	63
243	269	63
242	270	63
241	271	63
240	272	63
239	273	63
239	274	63
238	275	63
238	276	63
245	266	63
237	277	63
321	273	43
321	274	43
320	275	43
319	276	43
318	277	43
319	278	44
318	277	44
142	276	65
143	276	65
144	276	65
145	276	65
146	276	65
140	277	65
141	277	65
147	277	65
148	277	65
149	277	65
150	277	65
151	277	65
153	277	65
138	278	65
139	278	65
152	278	65
154	278	65
156	278	65
205	278	65
136	279	65
137	279	65
155	279	65
157	279	65
158	279	65
159	279	65
160	279	65
196	279	65
198	279	65
200	279	65
201	279	65
202	279	65
203	279	65
204	279	65
134	280	65
135	280	65
161	280	65
162	280	65
163	280	65
190	280	65
191	280	65
192	280	65
193	280	65
194	280	65
195	280	65
197	280	65
199	280	65
133	281	65
164	281	65
166	281	65
168	281	65
184	281	65
185	281	65
186	281	65
187	281	65
188	281	65
189	281	65
131	282	65
132	282	65
165	282	65
167	282	65
169	282	65
170	282	65
171	282	65
172	282	65
173	282	65
174	282	65
175	282	65
176	282	65
177	282	65
178	282	65
179	282	65
180	282	65
181	282	65
182	282	65
183	282	65
129	283	65
130	283	65
128	284	65
126	285	65
127	285	65
125	286	65
124	287	65
124	288	65
124	289	65
123	290	65
122	291	65
122	292	65
122	293	65
122	294	65
122	295	65
122	296	65
122	297	65
122	298	65
206	279	65
122	299	65
208	277	64
210	277	64
207	278	64
209	278	64
211	278	64
212	278	64
213	279	64
214	279	64
206	279	64
215	280	64
238	278	61
239	279	61
237	277	61
239	280	61
392	271	33
393	272	33
394	272	33
395	273	33
397	273	33
428	273	33
429	273	33
430	273	33
431	273	33
432	273	33
434	273	33
396	274	33
398	274	33
400	274	33
425	274	33
426	274	33
427	274	33
433	274	33
435	274	33
399	275	33
401	275	33
402	275	33
403	275	33
405	275	33
422	275	33
424	275	33
436	275	33
437	275	33
404	276	33
406	276	33
407	276	33
408	276	33
409	276	33
410	276	33
411	276	33
412	276	33
414	276	33
416	276	33
418	276	33
419	276	33
420	276	33
421	276	33
423	276	33
438	276	33
439	276	33
413	277	33
415	277	33
417	277	33
440	277	33
441	277	33
442	278	33
443	278	33
444	279	33
391	270	33
445	280	33
447	280	16
446	280	16
236	281	58
237	281	58
238	281	58
232	282	58
233	282	58
234	282	58
235	282	58
230	283	58
231	283	58
221	284	58
222	284	58
223	284	58
224	284	58
226	284	58
228	284	58
229	284	58
225	285	58
227	285	58
239	280	58
220	284	58
293	275	49
294	276	49
294	277	49
294	278	49
294	279	49
295	280	49
295	281	49
293	274	49
295	282	49
445	282	16
445	281	16
216	281	63
217	282	63
218	283	63
215	280	63
219	284	63
294	283	44
293	284	44
295	282	44
206	280	63
206	281	63
206	282	63
206	283	63
206	284	63
206	285	63
206	286	63
206	279	63
240	281	54
241	282	54
242	283	54
243	284	54
244	285	54
245	285	54
246	286	54
247	286	54
248	287	54
249	287	54
267	287	54
268	287	54
269	287	54
250	288	54
251	288	54
264	288	54
265	288	54
266	288	54
252	289	54
253	289	54
254	289	54
255	289	54
256	289	54
258	289	54
259	289	54
260	289	54
261	289	54
262	289	54
263	289	54
257	290	54
239	280	54
270	286	54
296	283	47
297	284	47
297	285	47
297	286	47
298	287	47
299	288	47
300	289	47
301	290	47
302	290	47
303	291	47
295	282	47
272	288	62
273	289	62
274	290	62
275	291	62
276	292	62
277	293	62
271	287	62
278	294	62
285	293	58
280	294	58
281	294	58
282	294	58
283	294	58
284	294	58
279	294	58
317	278	48
317	279	48
316	280	48
315	281	48
314	282	48
313	283	48
312	284	48
312	285	48
311	286	48
310	287	48
310	288	48
310	289	48
309	290	48
310	291	48
310	292	48
310	293	48
310	294	48
311	295	48
311	296	48
318	277	48
312	297	48
311	298	45
312	297	45
315	297	47
313	298	47
314	298	47
312	297	47
55	261	65
54	262	65
54	263	65
53	264	65
53	265	65
52	266	65
52	267	65
51	268	65
51	269	65
50	270	65
50	271	65
50	272	65
50	273	65
50	274	65
51	275	65
51	276	65
52	277	65
52	278	65
53	279	65
53	280	65
54	281	65
54	282	65
55	283	65
55	284	65
56	285	65
56	286	65
57	287	65
57	288	65
58	289	65
58	290	65
59	291	65
59	292	65
60	293	65
60	294	65
61	295	65
61	296	65
62	297	65
62	298	65
63	299	65
63	300	65
56	260	65
64	301	65
124	300	65
125	300	65
126	300	65
127	300	65
128	300	65
129	300	65
130	300	65
131	300	65
132	300	65
133	301	65
134	301	65
123	300	65
135	302	65
218	286	64
217	287	64
216	288	64
215	289	64
214	290	64
213	291	64
212	292	64
211	293	64
210	294	64
209	295	64
208	296	64
208	297	64
207	298	64
206	299	64
206	300	64
205	301	64
219	285	64
204	302	64
278	296	56
278	297	56
278	298	56
278	299	56
278	300	56
278	301	56
278	302	56
278	295	56
65	301	65
66	301	65
67	301	65
68	301	65
69	301	65
70	301	65
71	301	65
72	301	65
73	301	65
74	301	65
75	301	65
76	301	65
77	301	65
78	301	65
79	301	65
80	301	65
81	301	65
82	301	65
83	301	65
84	301	65
85	301	65
86	301	65
87	301	65
88	301	65
89	301	65
90	301	65
91	301	65
92	301	65
93	301	65
94	301	65
95	301	65
96	301	65
97	301	65
98	301	65
99	301	65
100	302	65
101	302	65
112	302	65
114	302	65
102	303	65
103	303	65
104	303	65
105	303	65
106	303	65
108	303	65
109	303	65
110	303	65
111	303	65
113	303	65
115	303	65
116	303	65
107	304	65
64	301	65
117	304	65
121	301	65
119	302	65
120	302	65
118	303	65
122	300	65
117	304	65
201	302	64
196	303	64
198	303	64
199	303	64
200	303	64
202	303	64
203	303	64
194	304	64
195	304	64
197	304	64
191	305	64
192	305	64
193	305	64
189	306	64
190	306	64
188	307	64
186	308	64
187	308	64
184	309	64
185	309	64
183	310	64
204	302	64
182	311	64
172	308	65
174	308	65
170	309	65
171	309	65
173	309	65
175	309	65
176	309	65
168	310	65
169	310	65
166	311	65
167	311	65
163	312	65
164	312	65
165	312	65
161	313	65
162	313	65
159	314	65
160	314	65
157	315	65
158	315	65
155	316	65
156	316	65
177	310	65
154	317	65
286	309	49
287	310	49
137	303	65
138	304	65
139	305	65
140	306	65
141	307	65
142	308	65
143	309	65
144	310	65
136	302	65
145	311	65
178	309	64
179	310	64
180	310	64
181	310	64
177	310	64
182	311	64
286	311	49
287	310	49
400	312	42
401	312	42
402	313	42
403	312	35
402	313	35
205	303	64
206	304	64
207	305	64
208	306	64
209	307	64
209	308	64
210	309	64
210	310	64
211	311	64
211	312	64
212	313	64
204	302	64
213	314	64
403	314	33
404	314	33
405	314	33
402	313	33
146	312	65
147	313	65
148	313	65
149	314	65
150	315	65
151	316	65
152	316	65
145	311	65
153	317	65
212	315	64
211	316	64
210	317	64
209	318	64
213	314	64
135	304	65
135	305	65
135	306	65
135	307	65
135	308	65
135	309	65
135	310	65
135	311	65
135	312	65
135	313	65
135	314	65
135	315	65
135	316	65
135	317	65
135	318	65
135	319	65
135	303	65
136	320	65
144	312	64
143	313	64
142	314	64
141	315	64
140	316	64
139	317	64
138	318	64
137	319	64
145	311	64
136	320	64
177	311	64
177	312	64
177	313	64
177	314	64
177	315	64
177	316	64
177	317	64
177	318	64
176	319	64
177	310	64
336	321	53
337	321	53
338	321	53
339	321	53
340	321	53
341	321	53
342	321	53
343	321	53
344	321	53
345	321	53
346	321	53
330	322	53
332	322	53
333	322	53
334	322	53
335	322	53
347	322	53
348	322	53
327	323	53
328	323	53
329	323	53
331	323	53
324	324	53
325	324	53
326	324	53
320	325	53
322	325	53
323	325	53
317	326	53
318	326	53
319	326	53
321	326	53
316	327	53
349	323	53
315	326	53
288	311	52
289	311	52
290	312	52
291	313	52
292	313	52
293	313	52
294	314	52
295	315	52
296	316	52
297	316	52
298	317	52
299	317	52
300	318	52
301	318	52
302	318	52
303	319	52
304	319	52
305	319	52
306	320	52
307	320	52
308	320	52
309	320	52
310	321	52
311	321	52
312	322	52
313	322	52
314	323	52
315	324	52
315	325	52
287	310	52
315	326	52
153	319	65
153	320	65
153	321	65
153	322	65
153	323	65
153	324	65
153	325	65
153	326	65
153	318	65
153	327	65
214	314	65
215	315	65
216	316	65
217	317	65
218	318	65
219	319	65
220	320	65
221	321	65
222	322	65
222	323	65
222	324	65
222	325	65
222	326	65
222	327	65
222	328	65
213	314	65
222	329	65
349	325	45
349	326	45
348	327	45
346	328	45
347	328	45
349	324	45
182	312	63
182	313	63
182	314	63
182	315	63
182	316	63
182	317	63
183	318	63
183	319	63
183	320	63
183	321	63
183	322	63
183	323	63
183	324	63
183	325	63
183	326	63
183	327	63
183	328	63
183	329	63
182	311	63
183	330	63
150	328	65
151	328	65
148	329	65
149	329	65
144	330	65
145	330	65
146	330	65
147	330	65
142	331	65
143	331	65
140	332	65
141	332	65
139	333	65
138	334	65
137	335	65
152	328	65
136	335	65
276	325	60
278	325	60
279	325	60
281	325	60
274	326	60
275	326	60
277	326	60
280	326	60
282	326	60
283	326	60
284	326	60
285	326	60
286	326	60
272	327	60
273	327	60
287	327	60
288	327	60
289	327	60
290	327	60
291	327	60
314	327	60
270	328	60
271	328	60
292	328	60
293	328	60
294	328	60
296	328	60
298	328	60
312	328	60
313	328	60
268	329	60
269	329	60
295	329	60
297	329	60
299	329	60
307	329	60
309	329	60
311	329	60
266	330	60
267	330	60
300	330	60
301	330	60
302	330	60
303	330	60
304	330	60
305	330	60
306	330	60
308	330	60
310	330	60
265	331	60
315	326	60
264	332	60
237	328	65
239	328	65
241	328	65
243	328	65
245	328	65
248	328	65
250	328	65
229	329	65
230	329	65
232	329	65
233	329	65
234	329	65
235	329	65
236	329	65
238	329	65
240	329	65
242	329	65
244	329	65
246	329	65
247	329	65
249	329	65
251	329	65
252	329	65
253	329	65
254	329	65
256	329	65
224	330	65
225	330	65
226	330	65
227	330	65
228	330	65
231	330	65
255	330	65
257	330	65
258	330	65
260	330	65
262	330	65
259	331	65
261	331	65
263	331	65
223	330	65
264	332	65
117	305	65
117	306	65
117	307	65
117	308	65
117	309	65
117	310	65
117	311	65
117	312	65
117	313	65
117	314	65
117	315	65
117	316	65
117	317	65
117	318	65
118	319	65
119	320	65
120	320	65
121	321	65
122	322	65
123	323	65
124	324	65
125	325	65
126	326	65
127	327	65
128	328	65
129	329	65
130	330	65
131	331	65
132	332	65
133	332	65
117	304	65
134	333	65
135	321	65
135	322	65
135	323	65
135	324	65
135	325	65
135	326	65
135	327	65
135	328	65
135	329	65
135	330	65
135	331	65
135	332	65
136	320	65
134	333	65
351	324	48
352	325	48
353	326	48
354	327	48
355	327	48
356	328	48
357	329	48
358	329	48
359	330	48
360	331	48
361	332	48
362	333	48
350	323	48
363	334	48
335	334	42
337	334	42
338	334	42
340	334	42
342	334	42
344	334	42
346	334	42
330	335	42
331	335	42
332	335	42
333	335	42
334	335	42
336	335	42
339	335	42
341	335	42
343	335	42
345	335	42
347	335	42
348	335	42
350	335	42
352	335	42
361	335	42
327	336	42
328	336	42
329	336	42
349	336	42
351	336	42
353	336	42
355	336	42
358	336	42
359	336	42
360	336	42
325	337	42
326	337	42
354	337	42
356	337	42
357	337	42
324	338	42
323	339	42
322	340	42
321	341	42
321	342	42
320	343	42
320	344	42
320	345	42
320	346	42
320	347	42
319	348	42
319	349	42
362	335	42
319	350	42
154	329	65
155	330	65
156	331	65
157	332	65
158	333	65
159	334	65
160	335	65
161	336	65
162	337	65
153	328	65
163	338	65
185	332	65
186	332	65
187	332	65
188	333	65
189	333	65
191	333	65
190	334	65
192	334	65
193	334	65
194	334	65
195	334	65
196	334	65
197	334	65
199	334	65
202	334	65
198	335	65
200	335	65
201	335	65
203	335	65
204	335	65
206	335	65
205	336	65
207	336	65
209	336	65
208	337	65
210	337	65
211	337	65
212	337	65
184	331	65
213	338	65
221	331	65
220	332	65
219	333	65
218	334	65
217	335	65
216	336	65
214	337	65
215	337	65
222	330	65
213	338	65
165	338	65
166	338	65
167	338	65
168	339	65
169	339	65
170	340	65
171	340	65
164	338	65
172	341	65
182	332	65
181	333	65
180	334	65
179	335	65
178	336	65
177	337	65
175	338	65
176	338	65
174	339	65
173	340	65
183	331	65
172	341	65
63	302	65
63	303	65
62	304	65
62	305	65
61	306	65
61	307	65
60	308	65
60	309	65
59	310	65
59	311	65
58	312	65
58	313	65
57	314	65
57	315	65
56	316	65
56	317	65
55	318	65
55	319	65
54	320	65
54	321	65
53	322	65
53	323	65
52	324	65
52	325	65
51	326	65
51	327	65
50	328	65
50	329	65
49	330	65
49	331	65
48	332	65
49	333	65
48	334	65
49	335	65
49	336	65
50	337	65
50	338	65
51	339	65
51	340	65
52	341	65
64	301	65
52	342	65
400	337	34
399	338	34
398	339	34
396	340	34
397	340	34
395	341	34
394	342	34
364	336	40
365	337	40
366	337	40
368	337	40
367	338	40
369	338	40
370	338	40
371	338	40
372	338	40
373	339	40
374	339	40
375	339	40
376	339	40
377	339	40
378	339	40
379	339	40
380	340	40
382	340	40
381	341	40
383	341	40
384	341	40
385	341	40
386	341	40
387	341	40
388	341	40
389	342	40
390	342	40
391	342	40
392	342	40
393	342	40
363	335	40
394	342	40
395	343	35
396	344	35
394	342	35
54	343	65
55	344	65
56	344	65
57	345	65
58	345	65
59	346	65
60	346	65
61	347	65
62	347	65
53	343	65
63	348	65
134	336	65
133	337	65
132	338	65
131	339	65
130	340	65
129	341	65
128	342	65
127	343	65
126	344	65
125	345	65
124	346	65
123	347	65
122	348	65
122	349	65
135	335	65
121	350	65
213	339	64
213	340	64
213	341	64
213	342	64
213	343	64
213	344	64
213	345	64
214	346	64
214	347	64
215	348	64
216	349	64
217	350	64
213	338	64
264	333	56
264	334	56
265	335	56
266	336	56
267	337	56
267	338	56
268	339	56
269	340	56
270	340	56
271	341	56
272	341	56
273	342	56
274	342	56
275	343	56
276	343	56
277	343	56
278	344	56
279	344	56
280	344	56
281	344	56
282	344	56
283	344	56
284	344	56
285	344	56
286	344	56
288	344	56
290	344	56
287	345	56
289	345	56
291	345	56
292	345	56
293	345	56
294	345	56
295	345	56
297	345	56
296	346	56
298	346	56
300	346	56
299	347	56
301	347	56
303	347	56
302	348	56
304	348	56
306	348	56
305	349	56
307	349	56
308	349	56
309	349	56
310	349	56
311	350	56
312	350	56
314	350	56
315	350	56
316	350	56
313	351	56
317	351	56
264	332	56
318	351	56
65	348	61
66	348	61
67	348	61
68	348	61
69	348	61
70	348	61
71	348	61
72	348	61
73	348	61
74	348	61
75	348	61
76	348	61
77	348	61
78	348	61
79	348	61
80	348	61
81	348	61
82	348	61
83	348	61
84	348	61
85	348	61
86	348	61
87	348	61
88	348	61
89	348	61
90	348	61
91	348	61
92	348	61
93	348	61
94	348	61
95	348	61
96	348	61
97	348	61
98	348	61
99	348	61
101	348	61
106	348	61
108	348	61
110	348	61
100	349	61
102	349	61
103	349	61
104	349	61
105	349	61
107	349	61
109	349	61
111	349	61
112	349	61
113	350	61
114	350	61
115	351	61
116	351	61
117	351	61
118	352	61
64	348	61
119	353	61
120	352	63
121	351	63
119	353	63
320	352	55
319	351	55
320	353	55
172	342	65
172	343	65
172	344	65
172	345	65
172	346	65
172	347	65
172	348	65
172	349	65
173	350	65
174	351	65
175	352	65
175	353	65
176	354	65
177	355	65
172	341	65
178	356	65
319	354	54
318	355	54
317	356	54
316	357	54
315	358	54
320	353	54
177	358	65
176	359	65
175	360	65
178	357	65
180	358	65
181	359	65
182	360	65
179	357	65
183	361	65
123	351	65
124	351	65
125	351	65
126	351	65
127	351	65
128	351	65
129	352	65
130	352	65
131	353	65
132	353	65
133	354	65
134	354	65
135	355	65
136	356	65
137	356	65
138	357	65
139	358	65
140	358	65
141	359	65
142	360	65
143	360	65
144	361	65
145	361	65
146	362	65
147	362	65
148	362	65
122	351	65
149	363	65
163	340	65
163	341	65
163	342	65
163	343	65
163	344	65
163	345	65
163	346	65
163	347	65
163	348	65
163	349	65
162	350	65
161	351	65
160	352	65
159	353	65
158	354	65
157	355	65
156	356	65
155	357	65
154	358	65
153	359	65
152	360	65
151	361	65
150	362	65
163	339	65
149	363	65
119	354	63
119	355	63
119	356	63
119	357	63
119	358	63
119	359	63
119	360	63
119	361	63
119	362	63
119	363	63
119	364	63
119	353	63
119	365	63
182	363	64
181	364	64
183	362	64
150	364	65
150	365	65
149	366	65
149	363	65
149	367	65
321	354	43
322	355	43
322	356	43
323	357	43
324	358	43
324	359	43
324	360	43
325	361	43
325	362	43
326	363	43
327	364	43
328	365	43
329	366	43
330	367	43
320	353	43
120	366	62
121	367	62
122	368	62
123	368	62
146	368	62
147	368	62
148	368	62
124	369	62
125	369	62
144	369	62
145	369	62
126	370	62
127	370	62
141	370	62
142	370	62
143	370	62
128	371	62
129	371	62
130	371	62
140	371	62
131	372	62
132	372	62
133	372	62
134	372	62
135	372	62
136	372	62
137	372	62
138	372	62
139	372	62
119	365	62
149	367	62
63	350	61
63	351	61
63	352	61
63	353	61
63	354	61
63	355	61
63	356	61
63	357	61
63	358	61
63	359	61
63	360	61
63	361	61
63	362	61
64	363	61
65	364	61
66	364	61
67	365	61
68	365	61
69	366	61
70	366	61
71	367	61
72	367	61
73	368	61
74	368	61
75	369	61
76	369	61
63	349	61
77	370	61
185	363	65
186	364	65
187	364	65
188	365	65
189	366	65
190	366	65
191	367	65
192	368	65
193	369	65
194	370	65
195	371	65
195	372	65
184	362	65
195	373	65
79	370	60
80	370	60
81	370	60
82	370	60
83	370	60
84	370	60
85	370	60
86	370	60
87	370	60
88	370	60
89	370	60
90	370	60
91	370	60
92	370	60
93	370	60
94	371	60
95	372	60
96	373	60
97	373	60
98	374	60
78	370	60
99	375	60
118	366	61
116	367	61
117	367	61
115	368	61
113	369	61
114	369	61
109	370	61
111	370	61
112	370	61
107	371	61
108	371	61
110	371	61
105	372	61
106	372	61
103	373	61
104	373	61
101	374	61
102	374	61
119	365	61
100	375	61
194	374	65
193	375	65
191	376	65
192	376	65
187	377	65
189	377	65
190	377	65
181	378	65
182	378	65
183	378	65
184	378	65
185	378	65
186	378	65
188	378	65
179	379	65
180	379	65
177	380	65
178	380	65
176	381	65
174	382	65
175	382	65
173	383	65
172	384	65
195	373	65
171	385	65
272	374	63
271	375	63
270	376	63
269	377	63
269	378	63
269	379	63
268	380	63
221	373	65
223	373	65
224	373	65
225	373	65
226	373	65
227	373	65
228	373	65
230	373	65
196	374	65
197	374	65
198	374	65
216	374	65
218	374	65
219	374	65
220	374	65
222	374	65
229	374	65
231	374	65
232	374	65
199	375	65
200	375	65
201	375	65
202	375	65
204	375	65
206	375	65
208	375	65
210	375	65
212	375	65
213	375	65
214	375	65
215	375	65
217	375	65
233	375	65
234	375	65
203	376	65
205	376	65
207	376	65
209	376	65
211	376	65
235	376	65
236	376	65
237	376	65
238	377	65
240	377	65
239	378	65
241	378	65
242	379	65
244	379	65
246	379	65
243	380	65
245	380	65
247	380	65
249	380	65
251	380	65
256	380	65
258	380	65
260	380	65
266	380	65
248	381	65
250	381	65
252	381	65
253	381	65
254	381	65
255	381	65
257	381	65
259	381	65
261	381	65
262	381	65
263	381	65
264	381	65
265	381	65
267	381	65
195	373	65
268	380	65
100	377	60
100	378	60
100	379	60
100	380	60
100	381	60
100	382	60
100	376	60
100	383	60
150	368	65
151	369	65
152	370	65
153	371	65
154	372	65
155	373	65
156	373	65
157	374	65
158	375	65
159	376	65
160	377	65
161	378	65
162	379	65
163	380	65
164	381	65
165	381	65
166	382	65
149	367	65
167	383	65
168	384	64
170	384	64
169	385	64
167	383	64
171	385	64
77	372	59
77	373	59
77	374	59
77	375	59
77	376	59
77	377	59
77	378	59
78	379	59
79	380	59
80	380	59
81	381	59
82	381	59
83	382	59
84	382	59
85	383	59
86	383	59
87	384	59
88	384	59
98	384	59
99	384	59
89	385	59
90	385	59
96	385	59
97	385	59
91	386	59
92	386	59
94	386	59
95	386	59
93	387	59
77	371	59
100	383	59
396	385	30
395	386	30
394	387	30
394	388	30
393	389	30
101	384	60
102	384	60
166	384	60
103	385	60
104	385	60
105	385	60
164	385	60
165	385	60
106	386	60
107	386	60
109	386	60
110	386	60
111	386	60
112	386	60
113	386	60
114	386	60
116	386	60
118	386	60
120	386	60
162	386	60
163	386	60
108	387	60
115	387	60
117	387	60
119	387	60
121	387	60
122	387	60
123	387	60
124	387	60
125	387	60
126	387	60
127	387	60
128	387	60
130	387	60
132	387	60
134	387	60
136	387	60
160	387	60
161	387	60
129	388	60
131	388	60
133	388	60
135	388	60
137	388	60
138	388	60
140	388	60
158	388	60
159	388	60
139	389	60
141	389	60
142	389	60
143	389	60
144	389	60
146	389	60
148	389	60
150	389	60
152	389	60
153	389	60
154	389	60
155	389	60
156	389	60
157	389	60
145	390	60
147	390	60
149	390	60
151	390	60
100	383	60
167	383	60
387	388	34
389	388	34
386	389	34
388	389	34
390	389	34
391	389	34
392	389	34
393	389	34
466	378	26
466	379	26
466	380	26
464	381	26
465	381	26
463	382	26
462	383	26
461	384	26
460	385	26
460	386	26
459	387	26
459	388	26
458	389	26
457	390	26
456	391	26
393	392	30
394	391	30
171	386	64
171	387	64
171	388	64
172	389	64
173	390	64
174	391	64
175	392	64
176	392	64
177	393	64
171	385	64
194	392	56
196	392	56
197	392	56
198	392	56
199	392	56
200	392	56
192	393	56
193	393	56
195	393	56
201	393	56
191	394	56
454	391	29
452	392	29
453	392	29
455	392	29
442	393	29
444	393	29
446	393	29
448	393	29
449	393	29
450	393	29
451	393	29
441	394	29
443	394	29
445	394	29
447	394	29
456	391	29
51	344	65
50	345	65
49	346	65
48	347	65
47	348	65
46	349	65
45	350	65
44	351	65
43	352	65
42	353	65
41	354	65
40	355	65
39	356	65
38	357	65
37	358	65
36	359	65
35	360	65
34	361	65
33	362	65
32	363	65
31	364	65
30	365	65
29	366	65
28	367	65
27	368	65
26	369	65
25	370	65
24	371	65
23	372	65
22	373	65
21	374	65
20	375	65
19	376	65
18	377	65
17	378	65
16	379	65
15	380	65
14	381	65
13	382	65
12	383	65
11	384	65
10	385	65
9	386	65
8	387	65
7	388	65
6	389	65
5	390	65
4	391	65
3	392	65
2	393	65
1	394	65
52	343	65
269	381	42
270	382	42
271	383	42
272	384	42
273	385	42
274	385	42
275	386	42
276	386	42
277	387	42
278	387	42
279	388	42
280	388	42
281	389	42
282	389	42
283	390	42
284	390	42
286	390	42
285	391	42
287	391	42
288	391	42
290	391	42
292	391	42
294	391	42
296	391	42
298	391	42
300	391	42
302	391	42
304	391	42
306	391	42
308	391	42
289	392	42
291	392	42
293	392	42
295	392	42
297	392	42
299	392	42
301	392	42
303	392	42
305	392	42
307	392	42
309	392	42
310	392	42
311	392	42
312	392	42
313	392	42
314	392	42
316	392	42
318	392	42
320	392	42
322	392	42
324	392	42
326	392	42
328	392	42
330	392	42
332	392	42
334	392	42
336	392	42
338	392	42
340	392	42
342	392	42
344	392	42
346	392	42
348	392	42
350	392	42
352	392	42
315	393	42
317	393	42
319	393	42
321	393	42
323	393	42
325	393	42
327	393	42
329	393	42
331	393	42
333	393	42
335	393	42
337	393	42
339	393	42
341	393	42
343	393	42
345	393	42
347	393	42
349	393	42
351	393	42
353	393	42
354	393	42
356	393	42
358	393	42
360	393	42
355	394	42
357	394	42
359	394	42
361	394	42
362	394	42
363	394	42
268	380	42
396	391	30
397	392	30
398	393	30
399	394	30
400	394	30
395	391	30
457	392	27
458	393	27
459	394	27
456	391	27
