179	1	71
180	1	71
181	1	71
182	1	71
302	1	64
304	1	64
306	1	64
308	1	64
300	2	64
301	2	64
303	2	64
305	2	64
307	2	64
309	2	64
310	2	64
298	3	64
299	3	64
311	3	64
312	3	64
296	4	64
297	4	64
313	4	64
295	5	64
318	1	64
316	2	64
317	2	64
315	3	64
314	4	64
145	1	55
146	1	55
148	1	55
147	2	55
149	2	55
150	2	55
152	2	55
151	3	55
153	3	55
154	3	55
156	3	55
155	4	55
157	4	55
158	4	55
159	5	55
164	1	72
163	2	72
162	3	72
161	4	72
160	5	72
261	1	51
262	1	51
264	1	51
266	1	51
263	2	51
265	2	51
267	2	51
268	2	51
269	2	51
270	2	51
271	2	51
272	2	51
274	2	51
276	2	51
278	2	51
273	3	51
275	3	51
277	3	51
279	3	51
280	3	51
281	3	51
282	3	51
283	3	51
284	3	51
286	3	51
285	4	51
287	4	51
288	4	51
289	4	51
290	4	51
294	4	51
291	5	51
292	5	51
293	5	51
295	5	51
356	2	37
355	3	37
354	4	37
353	5	37
352	6	37
340	1	32
341	2	32
342	2	32
343	3	32
344	3	32
346	3	32
345	4	32
347	4	32
348	4	32
349	5	32
350	5	32
351	6	32
352	6	32
403	4	42
404	4	42
405	4	42
406	4	42
407	4	42
408	4	42
409	4	42
410	4	42
412	4	42
411	5	42
413	5	42
414	5	42
415	6	42
429	8	43
430	9	43
472	1	37
470	2	37
471	2	37
469	3	37
468	4	37
467	5	37
466	6	37
465	7	37
462	8	37
463	8	37
464	8	37
459	9	37
461	9	37
458	10	37
460	10	37
456	11	37
457	11	37
455	12	37
454	13	37
453	14	37
452	15	37
161	7	61
162	8	61
163	9	61
160	6	61
164	10	61
296	6	58
297	7	58
297	8	58
298	9	58
299	10	58
295	5	58
300	11	58
301	10	63
300	11	63
329	4	64
328	5	64
328	6	64
327	7	64
326	8	64
325	9	64
325	10	64
324	11	64
323	12	64
425	10	43
426	10	43
427	10	43
423	11	43
424	11	43
428	11	43
429	10	43
314	6	64
315	7	64
316	8	64
317	9	64
318	10	64
319	10	64
320	11	64
321	12	64
314	5	64
322	12	64
282	10	74
282	11	74
282	12	74
282	13	74
282	14	74
282	15	74
94	4	74
95	4	74
96	4	74
92	5	74
93	5	74
97	5	74
98	5	74
90	6	74
91	6	74
99	6	74
100	6	74
88	7	74
89	7	74
101	7	74
102	7	74
87	8	74
103	8	74
86	9	74
104	9	74
86	10	74
104	10	74
86	11	74
104	11	74
86	12	74
104	12	74
86	13	74
104	13	74
86	14	74
104	14	74
86	15	74
104	15	74
86	16	74
86	17	74
104	16	74
86	18	74
431	11	40
432	11	40
433	12	40
434	12	40
435	13	40
436	13	40
437	14	40
438	14	40
439	14	40
440	14	40
441	14	40
442	14	40
443	14	40
444	14	40
446	14	40
447	14	40
448	14	40
449	14	40
451	14	40
445	15	40
450	15	40
430	10	40
452	15	40
272	15	74
274	15	74
275	15	74
276	15	74
278	15	74
280	15	74
270	16	74
271	16	74
273	16	74
277	16	74
279	16	74
281	16	74
269	17	74
267	18	74
268	18	74
265	19	74
266	19	74
282	15	74
264	20	74
299	12	73
299	13	73
298	14	73
298	15	73
298	16	73
298	17	73
300	11	73
298	18	73
353	7	44
354	7	44
355	8	44
356	9	44
357	10	44
358	11	44
359	11	44
360	12	44
361	13	44
362	13	44
419	13	44
363	14	44
364	14	44
365	14	44
366	14	44
368	14	44
370	14	44
418	14	44
367	15	44
369	15	44
371	15	44
373	15	44
375	15	44
417	15	44
372	16	44
374	16	44
376	16	44
378	16	44
380	16	44
382	16	44
384	16	44
415	16	44
416	16	44
377	17	44
379	17	44
381	17	44
383	17	44
385	17	44
386	17	44
387	17	44
388	17	44
389	17	44
390	17	44
391	17	44
392	17	44
393	17	44
394	17	44
396	17	44
398	17	44
400	17	44
405	17	44
407	17	44
409	17	44
411	17	44
412	17	44
413	17	44
414	17	44
395	18	44
397	18	44
399	18	44
401	18	44
402	18	44
403	18	44
404	18	44
406	18	44
408	18	44
410	18	44
352	6	44
452	16	39
453	17	39
452	15	39
323	14	64
323	15	64
324	16	64
324	17	64
325	18	64
323	13	64
251	16	74
252	16	74
253	16	74
254	16	74
255	16	74
256	16	74
257	16	74
248	17	74
249	17	74
250	17	74
258	17	74
259	17	74
246	18	74
247	18	74
260	18	74
261	18	74
243	19	74
244	19	74
245	19	74
262	19	74
263	19	74
241	20	74
242	20	74
240	21	74
239	22	74
264	20	74
238	23	74
283	16	74
284	16	74
285	17	74
286	17	74
287	18	74
288	18	74
289	19	74
290	19	74
291	20	74
282	15	74
292	21	74
103	17	74
101	18	74
102	18	74
87	19	74
88	19	74
89	19	74
90	19	74
99	19	74
100	19	74
91	20	74
92	20	74
97	20	74
98	20	74
93	21	74
94	21	74
95	21	74
96	21	74
104	16	74
86	18	74
296	19	74
297	19	74
295	20	74
294	21	74
298	18	74
293	21	74
476	20	30
477	20	30
470	21	30
472	21	30
473	21	30
474	21	30
475	21	30
469	22	30
471	22	30
464	23	30
465	23	30
466	23	30
467	23	30
468	23	30
463	24	30
461	25	30
462	25	30
166	11	74
167	12	74
168	13	74
169	14	74
169	15	74
169	16	74
169	17	74
169	18	74
169	19	74
169	20	74
169	21	74
169	22	74
165	10	74
169	23	74
164	12	73
164	13	73
163	14	73
163	15	73
163	16	73
163	17	73
163	18	73
163	19	73
163	20	73
163	21	73
163	22	73
163	23	73
164	11	73
163	24	73
224	20	74
215	21	74
218	21	74
220	21	74
221	21	74
222	21	74
223	21	74
225	21	74
227	21	74
206	22	74
208	22	74
211	22	74
212	22	74
213	22	74
214	22	74
216	22	74
217	22	74
219	22	74
226	22	74
228	22	74
230	22	74
198	23	74
200	23	74
202	23	74
203	23	74
204	23	74
205	23	74
207	23	74
209	23	74
210	23	74
229	23	74
231	23	74
232	23	74
233	23	74
234	23	74
235	23	74
170	24	74
171	24	74
172	24	74
174	24	74
176	24	74
178	24	74
187	24	74
189	24	74
191	24	74
193	24	74
195	24	74
197	24	74
199	24	74
201	24	74
236	24	74
237	24	74
173	25	74
175	25	74
177	25	74
179	25	74
180	25	74
181	25	74
182	25	74
183	25	74
184	25	74
185	25	74
186	25	74
188	25	74
190	25	74
192	25	74
194	25	74
196	25	74
169	23	74
238	23	74
105	17	74
106	17	74
107	17	74
108	17	74
109	17	74
110	17	74
111	17	74
112	17	74
113	17	74
114	17	74
116	17	74
118	17	74
120	17	74
122	17	74
124	17	74
115	18	74
117	18	74
119	18	74
121	18	74
123	18	74
125	18	74
126	18	74
127	19	74
128	20	74
129	20	74
130	20	74
131	20	74
133	20	74
132	21	74
134	21	74
135	21	74
136	21	74
138	21	74
137	22	74
139	22	74
140	22	74
141	22	74
142	22	74
143	22	74
144	22	74
146	22	74
148	22	74
145	23	74
147	23	74
149	23	74
150	23	74
152	23	74
154	23	74
151	24	74
153	24	74
155	24	74
156	24	74
157	24	74
158	24	74
160	24	74
159	25	74
161	25	74
162	25	74
104	16	74
163	24	74
167	24	74
168	24	74
164	25	74
166	25	74
165	26	74
169	23	74
163	24	74
264	21	73
264	22	73
264	23	73
264	24	73
264	25	73
264	26	73
264	27	73
264	28	73
264	20	73
264	29	73
299	19	73
300	19	73
301	20	73
302	21	73
303	22	73
304	22	73
305	23	73
306	23	73
307	24	73
308	25	73
309	26	73
310	27	73
311	28	73
312	28	73
358	28	73
313	29	73
342	29	73
344	29	73
346	29	73
348	29	73
349	29	73
350	29	73
351	29	73
352	29	73
353	29	73
354	29	73
355	29	73
356	29	73
357	29	73
359	29	73
360	29	73
361	29	73
314	30	73
340	30	73
341	30	73
343	30	73
345	30	73
347	30	73
362	30	73
363	30	73
315	31	73
337	31	73
338	31	73
339	31	73
364	31	73
365	31	73
366	31	73
316	32	73
317	32	73
318	32	73
334	32	73
335	32	73
336	32	73
319	33	73
320	33	73
321	33	73
322	33	73
328	33	73
329	33	73
330	33	73
331	33	73
332	33	73
333	33	73
323	34	73
324	34	73
325	34	73
326	34	73
327	34	73
298	18	73
367	32	73
239	24	74
240	25	74
241	25	74
242	26	74
243	27	74
244	27	74
245	28	74
246	28	74
247	29	74
248	29	74
249	30	74
250	31	74
251	31	74
261	31	74
262	31	74
252	32	74
253	32	74
254	32	74
256	32	74
258	32	74
259	32	74
260	32	74
255	33	74
257	33	74
238	23	74
263	30	74
371	29	57
372	29	57
373	29	57
374	29	57
375	29	57
376	29	57
377	29	57
378	29	57
379	29	57
380	29	57
381	29	57
382	29	57
383	29	57
384	29	57
386	29	57
388	29	57
390	29	57
369	30	57
370	30	57
385	30	57
387	30	57
389	30	57
391	30	57
368	31	57
392	31	57
393	31	57
394	32	57
367	32	57
395	33	57
514	32	32
513	33	32
505	32	33
506	32	33
507	32	33
508	33	33
509	34	33
510	33	33
511	33	33
512	33	33
509	34	33
457	33	32
456	34	32
455	35	32
455	36	32
503	34	31
504	35	31
504	36	31
508	35	33
509	34	33
507	36	33
513	35	33
513	34	33
514	36	33
291	23	74
290	24	74
289	25	74
288	26	74
287	27	74
286	28	74
285	29	74
285	30	74
285	31	74
284	32	74
283	33	74
283	34	74
282	35	74
281	36	74
292	22	74
280	37	74
403	31	45
396	32	45
397	32	45
398	32	45
399	32	45
400	32	45
401	32	45
402	32	45
404	32	45
405	32	45
406	32	45
408	32	45
410	32	45
412	32	45
407	33	45
409	33	45
411	33	45
413	33	45
414	33	45
416	33	45
415	34	45
417	34	45
418	35	45
419	36	45
395	33	45
420	37	45
515	36	32
516	36	32
514	36	32
265	31	74
266	31	74
267	32	74
268	33	74
269	34	74
270	34	74
271	35	74
272	36	74
274	36	74
273	37	74
275	37	74
276	37	74
277	37	74
278	37	74
264	30	74
279	37	74
367	33	59
367	34	59
367	35	59
368	36	59
368	37	59
367	32	59
369	38	59
506	37	32
507	36	32
505	37	32
508	37	32
507	36	32
357	38	60
357	39	60
436	35	41
438	35	41
440	35	41
442	35	41
444	35	41
422	36	41
424	36	41
431	36	41
433	36	41
434	36	41
435	36	41
437	36	41
439	36	41
441	36	41
443	36	41
445	36	41
446	36	41
447	36	41
449	36	41
451	36	41
423	37	41
425	37	41
426	37	41
427	37	41
428	37	41
429	37	41
430	37	41
432	37	41
448	37	41
450	37	41
452	37	41
453	38	41
421	37	41
454	37	41
370	39	59
369	38	59
371	40	59
513	37	33
513	38	33
512	39	33
514	36	33
358	40	60
359	40	60
357	39	60
368	39	59
367	40	59
369	38	59
395	34	58
395	35	58
394	36	58
392	37	58
393	37	58
391	38	58
386	39	58
388	39	58
390	39	58
379	40	58
381	40	58
383	40	58
384	40	58
385	40	58
387	40	58
389	40	58
372	41	58
374	41	58
376	41	58
377	41	58
378	41	58
380	41	58
382	41	58
373	42	58
375	42	58
395	33	58
371	40	58
2	2	74
3	3	74
4	4	74
5	5	74
6	6	74
7	7	74
8	8	74
9	9	74
10	10	74
11	11	74
12	12	74
13	13	74
14	14	74
15	15	74
16	16	74
17	17	74
18	18	74
19	19	74
20	20	74
21	21	74
22	22	74
23	23	74
24	24	74
25	25	74
26	26	74
27	27	74
28	28	74
29	29	74
30	30	74
31	31	74
32	32	74
33	33	74
34	34	74
35	35	74
36	36	74
37	37	74
38	38	74
39	39	74
40	40	74
41	41	74
42	42	74
84	19	74
85	19	74
82	20	74
83	20	74
80	21	74
81	21	74
78	22	74
79	22	74
76	23	74
77	23	74
74	24	74
75	24	74
72	25	74
73	25	74
70	26	74
71	26	74
68	27	74
69	27	74
66	28	74
67	28	74
64	29	74
65	29	74
62	30	74
63	30	74
60	31	74
61	31	74
58	32	74
59	32	74
56	33	74
57	33	74
54	34	74
55	34	74
52	35	74
53	35	74
50	36	74
51	36	74
48	37	74
49	37	74
47	38	74
46	39	74
45	40	74
44	41	74
86	18	74
43	42	74
351	40	60
355	40	60
356	40	60
348	41	60
349	41	60
350	41	60
352	41	60
353	41	60
354	41	60
357	39	60
535	38	30
535	39	30
534	40	30
534	41	30
534	42	30
370	41	56
369	42	56
371	40	56
528	43	30
529	43	30
530	43	30
531	43	30
532	43	30
527	44	30
526	45	30
525	46	30
524	47	30
522	48	30
523	48	30
521	49	30
520	50	30
519	51	30
518	52	30
533	43	30
517	53	30
420	39	44
420	40	44
420	41	44
420	42	44
420	43	44
419	44	44
420	38	44
503	38	39
502	39	39
501	40	39
500	41	39
499	42	39
499	43	39
498	44	39
498	45	39
504	37	39
498	46	39
535	44	29
536	45	29
534	43	29
537	46	29
42	44	74
43	45	74
43	46	74
43	43	74
44	47	74
456	38	40
457	38	40
458	39	40
459	40	40
460	40	40
461	41	40
462	41	40
463	42	40
464	42	40
465	43	40
466	43	40
467	43	40
468	44	40
469	44	40
470	44	40
471	44	40
472	44	40
474	44	40
473	45	40
475	45	40
476	45	40
477	45	40
478	45	40
479	45	40
480	45	40
481	45	40
482	46	40
483	46	40
484	46	40
486	46	40
488	46	40
490	46	40
493	46	40
495	46	40
496	46	40
485	47	40
487	47	40
489	47	40
491	47	40
492	47	40
494	47	40
497	47	40
455	37	40
498	46	40
536	47	28
535	48	28
537	46	28
337	46	67
336	47	67
337	48	67
336	49	67
336	50	67
336	51	67
336	52	67
538	47	21
539	48	21
540	48	21
541	48	21
542	49	21
545	49	21
546	49	21
547	49	21
548	49	21
543	50	21
544	50	21
549	50	21
550	50	21
551	51	21
537	46	21
476	52	42
477	52	42
478	52	42
475	53	42
474	54	42
473	55	42
473	56	42
472	57	42
693	52	7
694	52	7
695	52	7
696	52	7
692	53	7
691	54	7
690	55	7
690	56	7
689	57	7
689	58	7
333	52	71
318	53	71
319	53	71
320	53	71
322	53	71
324	53	71
325	53	71
326	53	71
327	53	71
328	53	71
329	53	71
331	53	71
332	53	71
334	53	71
335	53	71
317	54	71
321	54	71
323	54	71
330	54	71
317	55	71
317	56	71
317	57	71
317	58	71
317	59	71
317	60	71
336	52	71
317	61	71
499	47	37
500	48	37
501	48	37
502	49	37
503	50	37
504	51	37
505	51	37
506	52	37
508	52	37
514	52	37
507	53	37
509	53	37
510	53	37
511	53	37
512	53	37
513	53	37
515	53	37
498	46	37
516	53	37
281	39	74
281	40	74
282	41	74
283	42	74
284	43	74
284	44	74
285	45	74
285	46	74
286	47	74
287	48	74
288	49	74
289	50	74
290	51	74
291	52	74
292	53	74
293	54	74
280	38	74
652	54	13
653	55	13
655	52	12
654	53	12
654	54	12
653	55	12
654	56	12
653	55	12
127	53	74
126	54	74
128	54	74
129	54	74
130	55	74
131	55	74
132	56	74
133	57	74
134	57	74
125	55	74
135	58	74
439	50	45
441	50	45
438	51	45
440	51	45
442	51	45
444	51	45
443	52	45
445	52	45
446	52	45
447	52	45
448	53	45
449	53	45
450	53	45
451	54	45
452	54	45
453	54	45
455	54	45
454	55	45
456	55	45
458	55	45
460	55	45
463	55	45
466	55	45
457	56	45
459	56	45
461	56	45
462	56	45
464	56	45
465	56	45
467	56	45
468	56	45
469	57	45
470	57	45
471	57	45
651	56	16
652	56	16
650	57	16
653	55	16
138	56	74
140	56	74
136	57	74
137	57	74
139	57	74
141	57	74
142	57	74
143	58	74
144	59	74
145	59	74
146	60	74
135	58	74
147	61	74
700	58	8
699	59	8
691	60	8
692	60	8
698	60	8
693	61	8
694	61	8
695	61	8
696	61	8
697	61	8
690	59	8
148	60	74
149	61	74
150	61	74
151	61	74
152	62	74
153	62	74
154	62	74
155	62	74
156	62	74
157	62	74
159	62	74
161	62	74
312	62	74
313	62	74
314	62	74
315	62	74
316	62	74
158	63	74
160	63	74
162	63	74
163	63	74
164	63	74
165	63	74
308	63	74
310	63	74
311	63	74
166	64	74
219	64	74
221	64	74
223	64	74
225	64	74
226	64	74
227	64	74
228	64	74
229	64	74
230	64	74
231	64	74
232	64	74
233	64	74
234	64	74
235	64	74
236	64	74
237	64	74
238	64	74
240	64	74
242	64	74
244	64	74
246	64	74
248	64	74
250	64	74
252	64	74
254	64	74
256	64	74
304	64	74
306	64	74
307	64	74
309	64	74
167	65	74
168	65	74
169	65	74
170	65	74
208	65	74
210	65	74
211	65	74
212	65	74
213	65	74
214	65	74
215	65	74
216	65	74
217	65	74
218	65	74
220	65	74
222	65	74
224	65	74
239	65	74
241	65	74
243	65	74
245	65	74
247	65	74
249	65	74
251	65	74
253	65	74
255	65	74
257	65	74
258	65	74
259	65	74
260	65	74
261	65	74
262	65	74
264	65	74
266	65	74
267	65	74
269	65	74
272	65	74
303	65	74
305	65	74
171	66	74
172	66	74
173	66	74
174	66	74
176	66	74
197	66	74
199	66	74
201	66	74
202	66	74
203	66	74
204	66	74
205	66	74
206	66	74
207	66	74
209	66	74
263	66	74
265	66	74
268	66	74
270	66	74
271	66	74
273	66	74
274	66	74
275	66	74
276	66	74
277	66	74
278	66	74
279	66	74
281	66	74
286	66	74
297	66	74
298	66	74
299	66	74
300	66	74
301	66	74
302	66	74
175	67	74
177	67	74
178	67	74
179	67	74
180	67	74
181	67	74
182	67	74
184	67	74
186	67	74
188	67	74
190	67	74
192	67	74
194	67	74
196	67	74
198	67	74
200	67	74
280	67	74
282	67	74
283	67	74
284	67	74
285	67	74
287	67	74
288	67	74
289	67	74
290	67	74
291	67	74
292	67	74
293	67	74
294	67	74
295	67	74
296	67	74
183	68	74
185	68	74
187	68	74
189	68	74
191	68	74
193	68	74
195	68	74
147	61	74
317	61	74
517	55	30
518	56	30
518	57	30
519	58	30
519	59	30
520	60	30
520	61	30
520	62	30
517	54	30
521	63	30
390	61	59
389	62	59
389	63	59
389	64	59
337	53	66
338	54	66
339	55	66
340	55	66
341	56	66
342	57	66
343	58	66
344	58	66
345	59	66
346	60	66
346	61	66
346	62	66
346	63	66
346	64	66
346	65	66
336	52	66
346	66	66
508	60	33
509	60	33
510	60	33
511	60	33
512	60	33
507	61	33
513	61	33
505	62	33
506	62	33
514	62	33
504	63	33
515	63	33
502	64	33
503	64	33
516	64	33
501	65	33
517	65	33
501	66	33
518	66	33
519	65	30
520	64	30
518	66	30
522	65	30
522	66	30
521	64	30
521	67	30
45	47	74
46	47	74
47	47	74
48	47	74
49	47	74
50	47	74
51	47	74
52	47	74
53	47	74
54	47	74
55	47	74
56	47	74
57	47	74
58	47	74
59	47	74
60	47	74
61	47	74
62	47	74
63	47	74
64	47	74
65	47	74
66	47	74
67	48	74
68	48	74
69	49	74
70	50	74
71	50	74
72	51	74
73	51	74
74	52	74
75	53	74
76	54	74
77	55	74
78	56	74
79	57	74
80	58	74
81	59	74
82	60	74
83	61	74
84	62	74
85	63	74
86	64	74
87	65	74
88	65	74
89	65	74
90	66	74
91	66	74
92	66	74
93	67	74
94	67	74
44	47	74
95	68	74
121	54	74
123	54	74
124	54	74
119	55	74
120	55	74
122	55	74
117	56	74
118	56	74
115	57	74
116	57	74
113	58	74
114	58	74
111	59	74
112	59	74
110	60	74
108	61	74
109	61	74
106	62	74
107	62	74
104	63	74
105	63	74
102	64	74
103	64	74
101	65	74
99	66	74
100	66	74
97	67	74
98	67	74
125	55	74
96	68	74
473	59	37
474	59	37
475	60	37
475	61	37
476	62	37
477	63	37
478	64	37
479	65	37
481	65	37
480	66	37
482	66	37
498	66	37
483	67	37
484	67	37
485	67	37
486	67	37
487	67	37
488	67	37
489	67	37
490	67	37
491	67	37
492	67	37
493	67	37
494	67	37
495	67	37
496	67	37
497	67	37
499	67	37
472	58	37
500	67	37
519	67	29
518	66	29
520	68	29
641	65	18
641	66	18
641	67	18
125	56	73
125	57	73
125	58	73
125	59	73
125	60	73
125	61	73
125	62	73
125	63	73
125	64	73
125	65	73
126	66	73
127	67	73
128	68	73
129	69	73
125	55	73
130	70	73
135	59	73
135	60	73
135	61	73
135	62	73
135	63	73
135	64	73
135	65	73
135	66	73
134	67	73
133	68	73
132	69	73
135	58	73
131	70	73
318	62	69
319	63	69
320	63	69
322	63	69
321	64	69
323	64	69
324	64	69
325	64	69
326	65	69
327	65	69
328	65	69
329	66	69
330	66	69
331	66	69
332	66	69
333	66	69
334	66	69
335	67	69
336	67	69
344	67	69
345	67	69
337	68	69
338	68	69
339	68	69
340	68	69
342	68	69
343	68	69
341	69	69
317	61	69
346	66	69
502	68	33
503	69	33
501	67	33
638	69	21
639	69	21
640	69	21
637	70	21
641	70	21
636	71	17
637	70	17
638	71	21
637	70	21
639	72	21
640	71	20
641	70	20
639	72	20
147	62	73
147	63	73
147	64	73
147	65	73
147	66	73
147	67	73
147	68	73
146	69	73
145	70	73
144	71	73
143	72	73
147	61	73
374	63	60
375	63	60
376	63	60
377	64	60
378	65	60
378	66	60
378	67	60
378	68	60
378	69	60
378	70	60
378	71	60
378	72	60
378	73	60
387	65	60
388	65	60
386	66	60
384	67	60
385	67	60
382	68	60
383	68	60
381	69	60
380	70	60
380	71	60
380	72	60
389	64	60
380	73	60
522	69	29
523	69	29
524	70	29
525	71	29
526	72	29
527	72	29
528	72	29
521	68	29
529	73	29
697	71	8
693	72	8
694	72	8
695	72	8
696	72	8
692	73	8
531	73	28
532	73	28
530	73	28
533	74	28
534	73	27
533	74	27
640	73	21
639	72	21
640	74	21
642	70	20
643	71	20
643	72	20
643	73	20
641	70	20
643	74	20
379	74	60
378	73	60
380	73	60
347	67	64
348	68	64
349	68	64
350	68	64
351	69	64
352	69	64
353	69	64
354	70	64
355	70	64
356	70	64
357	70	64
358	71	64
359	71	64
360	71	64
362	71	64
361	72	64
363	72	64
364	72	64
365	72	64
366	73	64
367	73	64
368	73	64
370	73	64
369	74	64
371	74	64
372	74	64
373	74	64
374	74	64
376	74	64
377	74	64
375	75	64
346	66	64
378	73	64
528	75	28
529	74	28
641	75	21
642	75	21
640	74	21
643	74	21
688	60	11
686	61	11
687	61	11
685	62	11
683	63	11
684	63	11
681	64	11
682	64	11
680	65	11
679	66	11
678	67	11
677	68	11
676	69	11
676	70	11
675	71	11
675	72	11
675	73	11
675	74	11
675	75	11
689	59	11
675	76	11
630	75	24
636	75	24
639	75	24
624	76	24
626	76	24
627	76	24
628	76	24
629	76	24
631	76	24
632	76	24
633	76	24
634	76	24
635	76	24
637	76	24
638	76	24
617	77	24
619	77	24
621	77	24
622	77	24
623	77	24
625	77	24
612	78	24
613	78	24
614	78	24
615	78	24
616	78	24
618	78	24
620	78	24
640	74	24
611	79	24
692	75	8
692	76	8
692	74	8
390	65	53
391	65	53
392	66	53
393	67	53
394	67	53
395	68	53
396	68	53
397	69	53
399	69	53
398	70	53
400	70	53
402	70	53
404	70	53
406	70	53
408	70	53
409	70	53
410	70	53
411	70	53
412	70	53
413	70	53
414	70	53
415	70	53
416	70	53
417	70	53
419	70	53
421	70	53
401	71	53
403	71	53
405	71	53
407	71	53
418	71	53
420	71	53
422	71	53
423	71	53
424	71	53
425	71	53
426	72	53
427	72	53
428	72	53
429	72	53
430	72	53
431	73	53
432	73	53
433	74	53
434	74	53
435	74	53
436	75	53
437	75	53
438	75	53
439	76	53
440	76	53
441	77	53
389	64	53
442	78	53
534	75	27
535	76	27
536	77	27
533	74	27
644	75	19
646	75	19
648	75	19
645	76	19
647	76	19
649	76	19
650	76	19
651	76	19
652	77	19
653	77	19
654	77	19
655	77	19
656	77	19
657	77	19
658	77	19
660	77	19
662	77	19
664	77	19
665	77	19
667	77	19
668	77	19
669	77	19
670	77	19
671	77	19
672	77	19
673	77	19
674	77	19
659	78	19
661	78	19
663	78	19
666	78	19
643	74	19
675	76	19
676	77	11
675	76	11
677	78	11
97	70	74
98	71	74
98	72	74
98	73	74
98	74	74
98	75	74
98	76	74
98	77	74
98	78	74
96	69	74
98	79	74
444	77	50
445	78	50
443	78	50
446	79	50
608	77	27
609	77	27
610	78	27
607	78	27
611	79	27
690	73	11
687	74	11
689	74	11
686	75	11
688	75	11
684	76	11
685	76	11
683	77	11
679	78	11
680	78	11
681	78	11
682	78	11
691	73	11
678	78	11
593	78	31
595	78	31
597	78	31
599	78	31
600	78	31
566	79	31
568	79	31
588	79	31
590	79	31
592	79	31
594	79	31
596	79	31
598	79	31
601	79	31
561	80	31
563	80	31
564	80	31
565	80	31
567	80	31
569	80	31
571	80	31
573	80	31
575	80	31
577	80	31
579	80	31
581	80	31
583	80	31
585	80	31
586	80	31
587	80	31
589	80	31
591	80	31
560	81	31
562	81	31
570	81	31
572	81	31
574	81	31
576	81	31
578	81	31
580	81	31
582	81	31
584	81	31
602	80	31
604	78	27
605	78	27
603	79	27
606	78	27
602	80	27
129	72	74
128	73	74
127	74	74
125	75	74
126	75	74
124	76	74
123	77	74
122	78	74
122	79	74
100	80	74
101	80	74
102	80	74
103	80	74
104	80	74
105	80	74
106	80	74
107	80	74
108	80	74
109	80	74
110	80	74
111	80	74
112	80	74
113	80	74
114	80	74
115	80	74
116	80	74
117	80	74
118	80	74
119	80	74
120	80	74
121	80	74
130	71	74
99	80	74
608	80	27
607	79	27
609	81	27
610	80	26
611	79	26
609	81	26
678	80	13
677	79	13
679	81	13
602	81	27
602	80	27
602	82	27
704	80	8
704	81	8
703	82	8
408	76	55
408	77	55
408	78	55
408	79	55
408	80	55
408	81	55
408	82	55
408	83	55
702	81	9
699	82	9
700	82	9
701	82	9
697	83	9
698	83	9
696	84	9
696	85	9
703	82	9
696	86	9
97	81	74
97	82	74
96	83	74
98	80	74
95	84	74
442	80	49
441	81	49
441	82	49
441	83	49
442	79	49
442	84	49
445	81	49
444	82	49
443	83	49
446	80	49
442	84	49
719	82	7
720	82	7
721	82	7
717	83	7
718	83	7
722	83	7
716	84	7
715	85	7
381	74	59
382	75	59
383	76	59
384	76	59
385	77	59
386	77	59
387	78	59
388	79	59
389	79	59
390	80	59
391	80	59
392	80	59
393	81	59
394	81	59
396	81	59
395	82	59
397	82	59
398	82	59
399	82	59
400	82	59
401	83	59
402	83	59
403	83	59
404	83	59
405	83	59
406	83	59
407	84	59
380	73	59
408	83	59
603	83	26
604	83	26
608	83	26
605	84	26
606	84	26
607	84	26
602	82	26
609	82	26
615	82	25
610	83	25
611	83	25
613	83	25
614	83	25
612	84	25
609	82	25
701	85	9
702	85	9
703	85	9
700	86	9
698	87	9
699	87	9
704	84	9
697	88	9
706	83	8
707	84	8
709	84	8
714	84	8
708	85	8
710	85	8
711	85	8
712	85	8
713	85	8
705	84	8
715	85	8
94	84	74
92	85	74
93	85	74
89	86	74
90	86	74
91	86	74
87	87	74
88	87	74
86	88	74
84	89	74
85	89	74
83	90	74
82	91	74
81	92	74
80	93	74
79	94	74
78	95	74
77	96	74
76	97	74
75	98	74
73	99	74
74	99	74
72	100	74
70	101	74
71	101	74
68	102	74
69	102	74
66	103	74
67	103	74
50	104	74
51	104	74
52	104	74
53	104	74
54	104	74
55	104	74
56	104	74
57	104	74
58	104	74
59	104	74
60	104	74
61	104	74
62	104	74
63	104	74
64	104	74
65	104	74
95	84	74
49	104	74
441	85	50
441	86	50
442	84	50
441	87	50
448	80	49
449	81	49
450	81	49
451	82	49
451	83	49
451	84	49
451	85	49
451	86	49
447	79	49
451	87	49
596	83	29
598	83	29
600	83	29
601	83	29
593	84	29
595	84	29
597	84	29
599	84	29
590	85	29
592	85	29
594	85	29
585	86	29
587	86	29
588	86	29
589	86	29
591	86	29
580	87	29
581	87	29
582	87	29
583	87	29
584	87	29
586	87	29
573	88	29
574	88	29
575	88	29
576	88	29
577	88	29
578	88	29
579	88	29
602	82	29
572	89	29
720	86	7
721	86	7
678	82	11
678	83	11
678	84	11
678	85	11
677	86	11
676	87	11
679	81	11
715	86	7
716	87	7
715	85	7
680	82	10
681	83	10
682	83	10
683	84	10
684	84	10
685	85	10
686	86	10
688	86	10
687	87	10
689	87	10
690	87	10
694	87	10
691	88	10
692	88	10
693	88	10
679	81	10
695	87	10
409	84	55
410	84	55
412	84	55
414	84	55
416	84	55
411	85	55
413	85	55
415	85	55
417	85	55
418	85	55
419	85	55
420	86	55
421	86	55
422	86	55
423	86	55
424	86	55
426	86	55
428	86	55
430	86	55
425	87	55
427	87	55
429	87	55
431	87	55
432	87	55
433	87	55
435	87	55
434	88	55
436	88	55
437	88	55
438	88	55
440	88	55
439	89	55
408	83	55
441	87	55
570	88	40
571	88	40
563	89	40
564	89	40
565	89	40
566	89	40
567	89	40
568	89	40
569	89	40
558	90	40
560	90	40
561	90	40
562	90	40
557	91	40
559	91	40
555	92	40
556	92	40
552	93	40
553	93	40
554	93	40
551	94	40
550	95	40
547	96	40
548	96	40
549	96	40
486	97	40
546	97	40
485	98	40
487	98	40
489	98	40
542	98	40
544	98	40
545	98	40
488	99	40
490	99	40
492	99	40
494	99	40
496	99	40
539	99	40
541	99	40
543	99	40
491	100	40
493	100	40
495	100	40
497	100	40
499	100	40
501	100	40
503	100	40
532	100	40
534	100	40
536	100	40
538	100	40
540	100	40
498	101	40
500	101	40
502	101	40
504	101	40
505	101	40
506	101	40
507	101	40
508	101	40
509	101	40
510	101	40
511	101	40
512	101	40
513	101	40
514	101	40
515	101	40
516	101	40
517	101	40
518	101	40
519	101	40
520	101	40
521	101	40
522	101	40
523	101	40
524	101	40
525	101	40
526	101	40
527	101	40
528	101	40
529	101	40
530	101	40
531	101	40
533	101	40
535	101	40
537	101	40
572	89	40
484	97	40
442	88	50
443	89	50
448	89	50
449	89	50
444	90	50
445	90	50
446	90	50
447	90	50
441	87	50
450	88	50
714	90	7
715	91	7
716	91	7
572	90	26
572	91	26
572	92	26
572	89	26
453	88	47
452	89	47
454	89	47
456	89	47
455	90	47
457	90	47
458	90	47
459	90	47
460	90	47
462	90	47
461	91	47
463	91	47
464	91	47
466	91	47
465	92	47
467	92	47
468	92	47
469	93	47
470	93	47
472	93	47
471	94	47
473	94	47
451	88	47
474	94	47
479	92	44
480	92	44
481	92	44
475	93	44
476	93	44
477	93	44
478	93	44
482	93	44
483	94	44
484	95	44
484	96	44
474	94	44
484	97	44
475	95	44
476	96	44
477	96	44
478	97	44
479	97	44
480	98	44
481	98	44
482	98	44
483	98	44
474	94	44
484	97	44
698	89	8
699	90	8
700	91	8
700	92	8
700	93	8
700	94	8
700	95	8
701	96	8
702	97	8
703	98	8
697	88	8
704	99	8
705	98	7
704	99	7
337	99	74
338	99	74
324	100	74
331	100	74
333	100	74
334	100	74
335	100	74
336	100	74
339	100	74
318	101	74
320	101	74
321	101	74
322	101	74
323	101	74
325	101	74
326	101	74
327	101	74
328	101	74
329	101	74
330	101	74
332	101	74
304	102	74
306	102	74
307	102	74
309	102	74
311	102	74
312	102	74
313	102	74
314	102	74
315	102	74
316	102	74
317	102	74
319	102	74
299	103	74
301	103	74
302	103	74
303	103	74
305	103	74
308	103	74
310	103	74
293	104	74
294	104	74
295	104	74
296	104	74
297	104	74
298	104	74
300	104	74
227	105	74
229	105	74
231	105	74
232	105	74
233	105	74
234	105	74
236	105	74
238	105	74
239	105	74
240	105	74
241	105	74
243	105	74
245	105	74
247	105	74
284	105	74
286	105	74
288	105	74
289	105	74
290	105	74
291	105	74
292	105	74
224	106	74
225	106	74
226	106	74
228	106	74
230	106	74
235	106	74
237	106	74
242	106	74
244	106	74
246	106	74
248	106	74
249	106	74
250	106	74
251	106	74
252	106	74
253	106	74
254	106	74
255	106	74
256	106	74
257	106	74
258	106	74
260	106	74
262	106	74
264	106	74
266	106	74
279	106	74
281	106	74
283	106	74
285	106	74
287	106	74
259	107	74
261	107	74
263	107	74
265	107	74
267	107	74
268	107	74
269	107	74
270	107	74
271	107	74
272	107	74
273	107	74
274	107	74
275	107	74
276	107	74
277	107	74
278	107	74
280	107	74
282	107	74
340	101	74
223	107	74
705	100	7
706	101	7
704	99	7
342	99	62
344	99	62
346	99	62
347	99	62
348	99	62
349	99	62
350	99	62
351	99	62
352	99	62
353	99	62
341	100	62
343	100	62
345	100	62
354	100	62
356	100	62
358	100	62
355	101	62
357	101	62
359	101	62
360	102	62
361	102	62
340	101	62
362	103	62
43	48	74
43	49	74
42	50	74
42	51	74
41	52	74
41	53	74
40	54	74
40	55	74
39	56	74
39	57	74
38	58	74
38	59	74
37	60	74
37	61	74
36	62	74
36	63	74
35	64	74
35	65	74
34	66	74
34	67	74
33	68	74
33	69	74
32	70	74
32	71	74
32	72	74
33	73	74
33	74	74
34	75	74
34	76	74
35	77	74
35	78	74
36	79	74
36	80	74
37	81	74
37	82	74
38	83	74
38	84	74
39	85	74
39	86	74
40	87	74
40	88	74
41	89	74
41	90	74
42	91	74
42	92	74
43	93	74
43	94	74
44	95	74
44	96	74
45	97	74
45	98	74
46	99	74
46	100	74
47	101	74
47	102	74
48	103	74
44	47	74
49	104	74
628	101	19
578	102	19
580	102	19
582	102	19
584	102	19
627	102	19
576	103	19
577	103	19
579	103	19
581	103	19
583	103	19
585	103	19
586	103	19
587	103	19
620	103	19
622	103	19
623	103	19
624	103	19
625	103	19
626	103	19
572	104	19
574	104	19
575	104	19
588	104	19
589	104	19
590	104	19
591	104	19
592	104	19
593	104	19
594	104	19
595	104	19
596	104	19
597	104	19
619	104	19
621	104	19
570	105	19
571	105	19
573	105	19
598	105	19
599	105	19
616	105	19
617	105	19
618	105	19
569	106	19
600	106	19
601	106	19
602	106	19
604	106	19
606	106	19
608	106	19
610	106	19
612	106	19
614	106	19
615	106	19
567	107	19
568	107	19
603	107	19
605	107	19
607	107	19
609	107	19
611	107	19
613	107	19
566	108	19
372	98	59
372	99	59
372	100	59
372	101	59
372	102	59
372	103	59
372	104	59
372	105	59
204	101	74
206	101	74
208	101	74
210	101	74
211	101	74
199	102	74
201	102	74
203	102	74
205	102	74
207	102	74
209	102	74
212	102	74
213	102	74
214	102	74
192	103	74
194	103	74
196	103	74
197	103	74
198	103	74
200	103	74
202	103	74
215	103	74
216	103	74
178	104	74
182	104	74
184	104	74
186	104	74
188	104	74
189	104	74
190	104	74
191	104	74
193	104	74
195	104	74
217	104	74
218	104	74
156	105	74
157	105	74
159	105	74
160	105	74
161	105	74
162	105	74
164	105	74
166	105	74
168	105	74
170	105	74
171	105	74
172	105	74
173	105	74
174	105	74
175	105	74
176	105	74
177	105	74
179	105	74
180	105	74
181	105	74
183	105	74
185	105	74
187	105	74
219	105	74
220	105	74
221	105	74
154	106	74
155	106	74
158	106	74
163	106	74
165	106	74
167	106	74
169	106	74
222	106	74
152	107	74
153	107	74
151	108	74
150	109	74
148	110	74
149	110	74
147	111	74
146	112	74
145	113	74
144	114	74
143	115	74
142	116	74
142	117	74
141	118	74
140	119	74
139	120	74
139	121	74
139	122	74
139	123	74
139	124	74
139	125	74
139	126	74
223	107	74
139	127	74
364	103	60
365	104	60
366	104	60
367	104	60
368	105	60
369	105	60
370	105	60
371	106	60
363	103	60
372	105	60
362	105	62
361	106	62
360	107	62
359	108	62
362	104	62
595	108	17
594	109	17
578	109	17
580	109	17
581	109	17
582	109	17
583	109	17
584	109	17
577	110	17
579	110	17
575	111	17
576	111	17
574	112	17
585	110	17
573	113	17
586	110	18
589	110	18
590	110	18
591	110	18
592	110	18
593	110	18
587	111	18
588	111	18
594	109	18
585	110	18
595	110	16
594	109	16
350	110	66
349	111	66
348	112	66
347	113	66
565	108	21
564	109	21
563	110	21
561	111	21
562	111	21
560	112	21
566	108	21
559	113	21
567	109	20
568	110	20
569	111	20
570	111	20
571	112	20
572	112	20
566	108	20
573	113	20
340	102	67
340	103	67
340	104	67
340	105	67
340	106	67
339	107	67
338	108	67
337	109	67
335	110	67
336	110	67
334	111	67
334	112	67
334	113	67
334	114	67
340	101	67
334	115	67
348	114	66
347	113	66
555	114	27
553	115	27
554	115	27
556	115	27
557	115	27
550	116	27
551	116	27
552	116	27
547	117	27
548	117	27
549	117	27
544	118	27
545	118	27
546	118	27
537	119	27
538	119	27
539	119	27
540	119	27
541	119	27
542	119	27
543	119	27
533	120	27
534	120	27
535	120	27
536	120	27
530	121	27
531	121	27
532	121	27
511	122	27
512	122	27
513	122	27
516	122	27
524	122	27
526	122	27
528	122	27
529	122	27
514	123	27
515	123	27
517	123	27
518	123	27
519	123	27
520	123	27
521	123	27
522	123	27
523	123	27
525	123	27
527	123	27
558	114	27
510	121	27
562	115	19
563	115	19
564	116	19
565	116	19
566	116	19
567	116	19
568	116	19
569	116	19
570	116	19
571	116	19
572	116	19
561	115	19
573	115	19
582	111	17
584	111	17
581	112	17
583	112	17
580	113	17
579	114	17
579	115	17
578	116	17
585	110	17
577	117	17
332	116	53
328	117	53
329	117	53
330	117	53
331	117	53
324	118	53
325	118	53
326	118	53
327	118	53
323	119	53
321	120	53
322	120	53
320	121	53
319	122	53
318	123	53
317	124	53
316	125	53
315	126	53
314	127	53
314	128	53
314	129	53
313	130	53
312	131	53
311	132	53
311	133	53
310	134	53
310	135	53
309	136	53
309	137	53
308	138	53
333	116	53
307	139	53
575	116	17
576	117	17
574	115	17
577	117	17
346	114	66
344	115	66
345	115	66
343	116	66
342	117	66
340	118	66
341	118	66
347	113	66
339	119	66
335	117	42
336	118	42
337	119	42
334	116	42
338	119	42
585	119	16
584	120	16
493	114	31
494	114	31
495	114	31
497	114	31
496	115	31
498	115	31
499	115	31
500	115	31
501	115	31
503	115	31
505	115	31
502	116	31
504	116	31
506	116	31
507	116	31
508	117	31
509	117	31
510	118	31
510	119	31
510	120	31
510	121	31
578	118	16
579	118	16
580	119	16
582	119	16
581	120	16
583	120	16
577	117	16
584	120	16
585	121	16
584	120	16
374	105	55
373	106	55
375	106	55
376	106	55
377	106	55
378	106	55
380	106	55
379	107	55
381	107	55
382	107	55
383	107	55
384	107	55
385	107	55
386	107	55
387	108	55
388	108	55
389	108	55
390	108	55
391	108	55
393	108	55
395	108	55
397	108	55
399	108	55
400	108	55
401	108	55
402	108	55
403	108	55
404	108	55
405	108	55
406	108	55
407	108	55
408	108	55
409	108	55
410	108	55
411	108	55
412	108	55
413	108	55
414	108	55
415	108	55
416	108	55
417	108	55
418	108	55
420	108	55
422	108	55
424	108	55
392	109	55
394	109	55
396	109	55
398	109	55
419	109	55
421	109	55
423	109	55
425	109	55
426	109	55
427	109	55
428	109	55
429	110	55
430	110	55
432	110	55
431	111	55
433	111	55
434	111	55
435	111	55
436	111	55
437	112	55
438	112	55
439	113	55
440	113	55
442	113	55
441	114	55
443	114	55
444	115	55
445	115	55
446	115	55
447	116	55
448	116	55
449	116	55
450	117	55
451	118	55
452	118	55
453	118	55
454	118	55
455	119	55
456	119	55
457	120	55
458	120	55
460	120	55
459	121	55
461	121	55
463	121	55
462	122	55
464	122	55
465	122	55
466	122	55
467	122	55
468	122	55
508	122	55
509	122	55
469	123	55
470	123	55
471	123	55
472	123	55
474	123	55
494	123	55
495	123	55
496	123	55
497	123	55
498	123	55
499	123	55
500	123	55
501	123	55
502	123	55
503	123	55
504	123	55
505	123	55
506	123	55
507	123	55
473	124	55
475	124	55
476	124	55
478	124	55
488	124	55
490	124	55
491	124	55
492	124	55
493	124	55
477	125	55
479	125	55
480	125	55
481	125	55
482	125	55
484	125	55
486	125	55
487	125	55
489	125	55
483	126	55
485	126	55
372	105	55
510	121	55
340	121	40
341	122	40
342	122	40
343	123	40
344	123	40
345	124	40
346	125	40
339	120	40
96	85	74
96	86	74
96	87	74
97	88	74
98	89	74
98	90	74
99	91	74
100	92	74
100	93	74
100	94	74
101	95	74
102	96	74
103	97	74
103	98	74
104	99	74
105	99	74
106	100	74
106	101	74
107	102	74
108	102	74
109	103	74
110	104	74
111	105	74
112	106	74
113	107	74
114	108	74
115	109	74
116	110	74
117	111	74
118	112	74
119	113	74
120	114	74
121	115	74
122	116	74
123	117	74
124	118	74
125	119	74
126	120	74
127	121	74
128	121	74
129	122	74
129	123	74
129	124	74
129	125	74
129	126	74
95	84	74
129	127	74
48	105	74
47	106	74
47	107	74
46	108	74
46	109	74
45	110	74
45	111	74
44	112	74
44	113	74
43	114	74
43	115	74
42	116	74
42	117	74
42	118	74
42	119	74
42	120	74
43	121	74
43	122	74
44	123	74
44	124	74
45	125	74
45	126	74
46	127	74
46	128	74
47	129	74
49	104	74
48	130	74
130	128	74
138	128	74
131	129	74
132	129	74
133	129	74
134	129	74
135	129	74
136	129	74
137	129	74
129	127	74
139	127	74
223	108	73
223	109	73
223	110	73
223	111	73
221	112	73
222	112	73
220	113	73
219	114	73
218	115	73
216	116	73
217	116	73
215	117	73
214	118	73
213	119	73
212	120	73
211	121	73
210	122	73
208	123	73
209	123	73
207	124	73
206	125	73
204	126	73
205	126	73
203	127	73
203	128	73
202	129	73
200	130	73
201	130	73
223	107	73
199	131	73
560	117	20
560	118	20
560	119	20
560	120	20
560	121	20
561	122	20
560	123	20
561	124	20
562	125	20
563	126	20
564	127	20
565	128	20
566	129	20
567	130	20
560	116	20
140	128	74
141	128	74
142	128	74
143	129	74
144	129	74
145	129	74
146	130	74
147	130	74
148	130	74
149	131	74
150	131	74
194	131	74
196	131	74
151	132	74
152	132	74
153	132	74
190	132	74
192	132	74
193	132	74
195	132	74
197	132	74
154	133	74
155	133	74
157	133	74
160	133	74
162	133	74
187	133	74
189	133	74
191	133	74
156	134	74
158	134	74
159	134	74
161	134	74
163	134	74
164	134	74
165	134	74
166	134	74
167	134	74
168	134	74
169	134	74
170	134	74
171	134	74
172	134	74
173	134	74
174	134	74
175	134	74
176	134	74
177	134	74
179	134	74
180	134	74
181	134	74
182	134	74
183	134	74
184	134	74
185	134	74
186	134	74
188	134	74
178	135	74
139	127	74
198	131	74
128	128	74
127	129	74
49	130	74
50	130	74
51	130	74
52	130	74
53	130	74
54	130	74
55	130	74
56	130	74
57	130	74
58	130	74
59	130	74
60	130	74
61	130	74
62	130	74
63	130	74
64	130	74
65	130	74
66	130	74
67	130	74
68	130	74
69	130	74
70	130	74
71	130	74
125	130	74
126	130	74
72	131	74
73	131	74
124	131	74
74	132	74
75	132	74
76	132	74
122	132	74
123	132	74
77	133	74
78	133	74
120	133	74
121	133	74
79	134	74
80	134	74
118	134	74
119	134	74
81	135	74
82	135	74
116	135	74
117	135	74
83	136	74
84	136	74
92	136	74
94	136	74
114	136	74
115	136	74
85	137	74
86	137	74
87	137	74
88	137	74
89	137	74
90	137	74
91	137	74
93	137	74
95	137	74
96	137	74
97	137	74
98	137	74
99	137	74
100	137	74
101	137	74
112	137	74
113	137	74
102	138	74
103	138	74
104	138	74
105	138	74
106	138	74
108	138	74
110	138	74
111	138	74
107	139	74
109	139	74
129	127	74
48	130	74
247	139	71
246	140	71
245	141	71
244	142	71
243	143	71
199	133	73
200	134	73
201	135	73
201	136	73
202	137	73
203	138	73
203	139	73
203	140	73
204	141	73
204	142	73
205	143	73
199	132	73
205	144	73
237	142	72
239	142	72
235	143	72
236	143	72
238	143	72
240	143	72
241	143	72
234	144	72
242	144	72
233	145	72
232	146	72
230	147	72
231	147	72
229	148	72
228	149	72
243	143	72
227	150	72
244	144	72
243	143	72
245	145	72
250	141	71
249	142	71
248	143	71
247	144	71
246	145	71
204	145	72
203	146	72
205	144	72
288	141	71
289	142	71
290	143	71
291	144	71
292	145	71
293	146	71
294	147	71
295	148	71
296	149	71
305	140	68
306	140	68
304	141	68
303	142	68
302	143	68
301	144	68
300	145	68
299	146	68
298	147	68
297	148	68
307	139	68
296	149	68
308	140	63
308	141	63
309	142	63
310	143	63
311	144	63
312	145	63
313	146	63
314	147	63
315	148	63
307	139	63
206	145	72
207	146	72
208	147	72
209	148	72
210	148	72
211	148	72
212	149	72
213	149	72
214	149	72
215	149	72
216	149	72
218	149	72
219	149	72
220	149	72
221	149	72
222	149	72
223	149	72
224	149	72
225	149	72
226	149	72
217	150	72
205	144	72
227	150	72
227	151	72
227	152	72
227	153	72
227	150	72
227	154	72
246	147	72
247	148	72
248	149	72
249	150	72
250	151	72
251	152	72
252	153	72
245	146	72
295	150	72
294	151	72
293	152	72
292	153	72
296	149	72
291	154	72
284	154	72
285	154	72
286	154	72
287	154	72
288	154	72
289	154	72
281	155	72
282	155	72
283	155	72
290	154	72
280	156	72
226	155	62
225	156	62
227	154	62
228	155	71
228	156	71
229	157	71
228	158	71
229	159	71
230	160	71
230	161	71
231	162	71
227	154	71
280	158	71
280	159	71
280	160	71
280	161	71
280	162	71
280	163	71
280	164	71
280	157	71
536	166	16
536	167	16
554	161	17
555	161	17
556	162	17
557	162	17
558	163	17
559	164	17
560	165	17
561	166	17
562	167	17
572	168	14
573	168	14
291	156	69
291	157	69
291	158	69
291	159	69
291	160	69
291	161	69
292	162	69
292	163	69
292	164	69
292	165	69
292	166	69
293	167	69
293	168	69
292	169	69
292	170	69
293	171	69
291	155	69
589	170	11
589	171	11
589	172	11
588	173	11
587	173	16
588	173	16
149	158	73
148	159	73
147	160	73
146	161	73
145	162	73
144	163	73
143	164	73
143	165	73
143	166	73
143	167	73
143	168	73
143	169	73
143	170	73
143	171	73
143	172	73
143	173	73
143	174	73
143	175	73
277	156	72
278	156	72
274	157	72
276	157	72
273	158	72
275	158	72
271	159	72
272	159	72
270	160	72
269	161	72
267	162	72
268	162	72
266	163	72
265	164	72
264	165	72
263	166	72
262	167	72
260	168	72
261	168	72
259	169	72
258	170	72
257	171	72
255	172	72
256	172	72
254	173	72
254	174	72
279	156	72
253	175	72
589	174	11
587	175	11
588	175	11
588	173	11
251	175	72
252	175	72
250	176	72
249	177	72
253	175	72
248	178	72
254	176	72
255	177	72
253	175	72
241	177	72
243	177	72
244	177	72
246	177	72
247	177	72
235	178	72
237	178	72
238	178	72
239	178	72
240	178	72
242	178	72
245	178	72
230	179	72
232	179	72
234	179	72
236	179	72
229	180	72
231	180	72
233	180	72
225	181	72
226	181	72
227	181	72
228	181	72
222	182	72
224	182	72
220	183	72
221	183	72
223	183	72
219	184	72
217	185	72
218	185	72
216	186	72
214	187	72
215	187	72
212	188	72
213	188	72
248	178	72
211	189	72
145	176	74
146	176	74
147	176	74
148	176	74
149	177	74
150	177	74
151	178	74
152	178	74
153	178	74
154	178	74
156	178	74
155	179	74
157	179	74
158	179	74
159	179	74
160	179	74
162	179	74
164	179	74
166	179	74
161	180	74
163	180	74
165	180	74
167	180	74
168	180	74
169	180	74
170	180	74
171	180	74
172	180	74
173	180	74
174	180	74
175	181	74
176	181	74
177	182	74
178	183	74
179	183	74
144	176	74
180	184	74
332	183	63
333	183	63
334	183	63
335	183	63
336	183	63
77	156	74
76	157	74
76	158	74
75	159	74
75	160	74
74	161	74
74	162	74
74	163	74
73	164	74
73	165	74
72	166	74
72	167	74
72	168	74
72	169	74
72	170	74
72	171	74
72	172	74
72	173	74
72	174	74
72	175	74
72	176	74
72	177	74
72	178	74
72	179	74
72	180	74
72	181	74
72	182	74
72	183	74
72	184	74
72	185	74
323	184	67
324	184	67
322	185	67
319	186	67
320	186	67
321	186	67
47	131	74
46	132	74
46	133	74
45	134	74
45	135	74
44	136	74
44	137	74
43	138	74
43	139	74
42	140	74
42	141	74
41	142	74
41	143	74
40	144	74
40	145	74
39	146	74
39	147	74
38	148	74
38	149	74
37	150	74
37	151	74
36	152	74
36	153	74
35	154	74
35	155	74
34	156	74
34	157	74
33	158	74
34	159	74
34	160	74
35	161	74
35	162	74
36	163	74
36	164	74
37	165	74
37	166	74
38	167	74
38	168	74
39	169	74
39	170	74
40	171	74
40	172	74
41	173	74
41	174	74
42	175	74
42	176	74
43	177	74
43	178	74
44	179	74
44	180	74
45	181	74
45	182	74
46	183	74
46	184	74
47	185	74
47	186	74
48	187	74
48	130	74
49	188	74
338	183	63
341	183	63
342	183	63
339	184	63
340	184	63
343	184	63
344	184	63
345	185	63
346	185	63
347	185	63
348	186	63
349	186	63
350	187	63
351	188	63
363	179	57
361	180	57
362	180	57
359	181	57
360	181	57
358	182	57
357	183	57
355	184	57
356	184	57
354	185	57
353	186	57
352	187	57
351	188	57
70	187	74
71	187	74
50	188	74
51	188	74
52	188	74
53	188	74
54	188	74
55	188	74
56	188	74
57	188	74
58	188	74
59	188	74
60	188	74
61	188	74
62	188	74
63	188	74
64	188	74
65	188	74
66	188	74
67	188	74
68	188	74
69	188	74
72	186	74
49	188	74
184	182	73
182	183	73
183	183	73
185	183	73
186	183	73
188	183	73
187	184	73
189	184	73
190	184	73
192	184	73
191	185	73
193	185	73
194	186	73
195	186	73
196	186	73
198	186	73
197	187	73
199	187	73
200	187	73
201	187	73
203	187	73
202	188	73
204	188	73
205	188	73
206	188	73
207	188	73
208	188	73
209	188	73
181	184	73
210	189	73
248	179	72
248	180	72
248	181	72
248	182	72
248	183	72
248	184	72
248	185	72
248	186	72
248	187	72
248	188	72
248	178	72
352	189	57
352	190	57
353	191	57
354	192	57
355	193	57
356	194	57
357	195	57
351	188	57
142	177	74
141	178	74
140	179	74
139	180	74
138	181	74
137	182	74
136	183	74
134	184	74
135	184	74
133	185	74
131	186	74
132	186	74
130	187	74
128	188	74
129	188	74
127	189	74
125	190	74
126	190	74
124	191	74
122	192	74
123	192	74
121	193	74
121	194	74
121	195	74
120	196	74
143	176	74
119	197	74
74	186	74
75	187	74
76	187	74
77	188	74
78	188	74
79	189	74
80	189	74
81	190	74
82	190	74
84	190	74
83	191	74
85	191	74
86	191	74
88	191	74
90	191	74
92	191	74
94	191	74
96	191	74
98	191	74
100	191	74
102	191	74
87	192	74
89	192	74
91	192	74
93	192	74
95	192	74
97	192	74
99	192	74
101	192	74
103	192	74
104	192	74
105	192	74
106	192	74
107	193	74
108	193	74
109	194	74
110	194	74
111	195	74
112	195	74
113	196	74
114	196	74
115	197	74
116	197	74
117	198	74
73	186	74
118	198	74
211	191	72
211	192	72
211	193	72
211	194	72
211	195	72
211	196	72
211	197	72
211	198	72
212	199	72
211	190	72
211	200	72
120	199	74
121	200	74
119	198	74
122	201	74
208	200	72
209	200	72
210	200	72
168	195	70
169	196	70
170	197	70
171	198	70
171	199	70
171	200	70
171	201	70
171	202	70
171	203	70
172	204	70
180	186	72
180	187	72
180	188	72
180	189	72
180	190	72
180	191	72
180	192	72
179	193	72
178	194	72
177	195	72
176	196	72
175	197	72
174	198	72
174	199	72
173	200	72
173	201	72
173	202	72
173	203	72
180	185	72
172	204	72
212	202	72
212	203	72
213	204	72
211	201	72
363	202	54
364	202	54
365	202	54
366	203	54
367	204	54
367	205	54
396	198	49
398	198	49
400	198	49
402	198	49
403	198	49
404	198	49
405	198	49
406	198	49
407	198	49
408	198	49
409	198	49
395	199	49
397	199	49
399	199	49
401	199	49
410	199	49
392	200	49
393	200	49
394	200	49
411	200	49
412	200	49
413	200	49
386	201	49
388	201	49
389	201	49
390	201	49
391	201	49
414	201	49
383	202	49
385	202	49
387	202	49
415	202	49
417	202	49
378	203	49
380	203	49
382	203	49
384	203	49
416	203	49
418	203	49
375	204	49
377	204	49
379	204	49
381	204	49
419	204	49
372	205	49
373	205	49
374	205	49
376	205	49
419	205	49
369	206	49
370	206	49
371	206	49
368	206	49
171	205	73
171	206	73
171	207	73
172	204	73
171	208	73
365	207	66
366	207	66
362	208	66
363	208	66
364	208	66
341	209	66
343	209	66
345	209	66
347	209	66
349	209	66
351	209	66
357	209	66
358	209	66
359	209	66
360	209	66
361	209	66
334	210	66
336	210	66
337	210	66
338	210	66
339	210	66
340	210	66
342	210	66
344	210	66
346	210	66
348	210	66
350	210	66
352	210	66
353	210	66
354	210	66
355	210	66
356	210	66
331	211	66
333	211	66
335	211	66
329	212	66
330	212	66
332	212	66
367	206	66
328	213	66
124	201	74
125	201	74
126	201	74
127	201	74
128	201	74
129	201	74
130	201	74
131	201	74
132	201	74
133	201	74
134	201	74
135	201	74
136	201	74
137	201	74
138	201	74
139	201	74
140	201	74
141	202	74
142	202	74
143	203	74
144	203	74
145	204	74
146	204	74
148	204	74
147	205	74
149	205	74
150	206	74
151	206	74
152	206	74
153	207	74
154	207	74
155	208	74
156	208	74
157	209	74
158	209	74
159	209	74
160	210	74
161	210	74
162	210	74
163	211	74
164	211	74
123	201	74
165	212	74
170	209	74
168	210	74
169	210	74
166	211	74
167	211	74
171	208	74
165	212	74
172	209	73
285	209	73
287	209	73
289	209	73
291	209	73
293	209	73
295	209	73
173	210	73
282	210	73
284	210	73
286	210	73
288	210	73
290	210	73
292	210	73
294	210	73
296	210	73
297	210	73
298	210	73
299	210	73
300	210	73
302	210	73
174	211	73
175	211	73
276	211	73
277	211	73
278	211	73
279	211	73
280	211	73
281	211	73
283	211	73
301	211	73
303	211	73
304	211	73
305	211	73
306	211	73
308	211	73
310	211	73
176	212	73
177	212	73
273	212	73
274	212	73
275	212	73
307	212	73
309	212	73
311	212	73
313	212	73
315	212	73
317	212	73
322	212	73
324	212	73
326	212	73
178	213	73
268	213	73
270	213	73
271	213	73
272	213	73
312	213	73
314	213	73
316	213	73
318	213	73
319	213	73
320	213	73
321	213	73
323	213	73
325	213	73
179	214	73
180	214	73
267	214	73
269	214	73
181	215	73
182	215	73
266	215	73
183	216	73
184	216	73
263	216	73
264	216	73
265	216	73
185	217	73
262	217	73
186	218	73
187	218	73
260	218	73
261	218	73
188	219	73
208	219	73
210	219	73
212	219	73
214	219	73
259	219	73
189	220	73
190	220	73
203	220	73
205	220	73
207	220	73
209	220	73
211	220	73
213	220	73
215	220	73
216	220	73
217	220	73
218	220	73
219	220	73
220	220	73
222	220	73
224	220	73
226	220	73
258	220	73
191	221	73
192	221	73
193	221	73
194	221	73
195	221	73
196	221	73
197	221	73
198	221	73
199	221	73
200	221	73
201	221	73
202	221	73
204	221	73
206	221	73
221	221	73
223	221	73
225	221	73
227	221	73
228	221	73
229	221	73
230	221	73
231	221	73
232	221	73
233	221	73
234	221	73
235	221	73
237	221	73
239	221	73
241	221	73
243	221	73
245	221	73
254	221	73
255	221	73
256	221	73
257	221	73
236	222	73
238	222	73
240	222	73
242	222	73
244	222	73
246	222	73
247	222	73
248	222	73
249	222	73
250	222	73
251	222	73
252	222	73
253	222	73
171	208	73
327	213	73
328	215	69
328	216	69
328	217	69
328	218	69
328	214	69
447	220	30
448	221	30
453	216	31
452	217	31
451	218	31
450	219	31
450	220	31
449	221	31
336	223	61
335	224	61
337	224	61
448	223	33
448	224	33
449	222	33
448	225	33
122	203	74
122	204	74
122	205	74
122	206	74
122	207	74
122	208	74
122	209	74
122	210	74
122	211	74
122	212	74
121	213	74
121	214	74
121	215	74
121	216	74
121	217	74
121	218	74
121	219	74
121	220	74
121	221	74
121	222	74
121	223	74
121	224	74
121	225	74
122	202	74
121	226	74
48	189	74
47	190	74
47	191	74
46	192	74
46	193	74
45	194	74
45	195	74
44	196	74
44	197	74
43	198	74
43	199	74
42	200	74
42	201	74
41	202	74
41	203	74
40	204	74
40	205	74
39	206	74
39	207	74
38	208	74
38	209	74
37	210	74
37	211	74
36	212	74
36	213	74
36	214	74
37	215	74
36	216	74
37	217	74
37	218	74
38	219	74
38	220	74
39	221	74
39	222	74
40	223	74
40	224	74
41	225	74
41	226	74
49	188	74
42	227	74
164	213	74
162	214	74
163	214	74
160	215	74
161	215	74
158	216	74
159	216	74
156	217	74
157	217	74
155	218	74
153	219	74
154	219	74
152	220	74
150	221	74
151	221	74
149	222	74
147	223	74
148	223	74
146	224	74
144	225	74
145	225	74
142	226	74
143	226	74
123	227	74
124	227	74
125	227	74
126	227	74
127	227	74
128	227	74
129	227	74
130	227	74
131	227	74
132	227	74
133	227	74
134	227	74
135	227	74
136	227	74
137	227	74
138	227	74
139	227	74
140	227	74
141	227	74
165	212	74
122	227	74
446	226	39
447	226	39
444	227	39
445	227	39
442	228	39
443	228	39
441	229	39
440	230	39
438	231	39
439	231	39
448	225	39
437	232	39
449	226	33
450	227	33
451	227	33
452	228	33
453	229	33
454	230	33
455	231	33
456	231	33
457	232	33
458	232	33
448	225	33
459	233	33
464	230	26
462	231	26
463	231	26
461	232	26
460	233	26
433	232	59
431	233	59
432	233	59
434	233	59
435	233	59
428	234	59
430	234	59
427	235	59
429	235	59
426	236	59
424	237	59
425	237	59
422	238	59
423	238	59
421	239	59
417	240	59
418	240	59
419	240	59
420	240	59
372	241	59
374	241	59
375	241	59
376	241	59
377	241	59
378	241	59
379	241	59
380	241	59
381	241	59
382	241	59
383	241	59
384	241	59
386	241	59
388	241	59
414	241	59
416	241	59
368	242	59
369	242	59
370	242	59
371	242	59
373	242	59
385	242	59
387	242	59
389	242	59
390	242	59
391	242	59
392	242	59
393	242	59
394	242	59
395	242	59
396	242	59
398	242	59
400	242	59
402	242	59
404	242	59
406	242	59
409	242	59
411	242	59
413	242	59
415	242	59
366	243	59
367	243	59
397	243	59
399	243	59
401	243	59
403	243	59
405	243	59
407	243	59
408	243	59
410	243	59
412	243	59
364	244	59
365	244	59
362	245	59
363	245	59
360	246	59
361	246	59
358	247	59
359	247	59
357	248	59
355	249	59
356	249	59
354	250	59
436	232	59
353	251	59
120	228	74
120	229	74
119	230	74
119	231	74
119	232	74
118	233	74
118	234	74
118	235	74
118	236	74
118	237	74
121	227	74
118	238	74
490	236	18
490	237	18
43	227	74
44	227	74
45	227	74
46	227	74
47	227	74
48	227	74
49	227	74
50	227	74
51	227	74
52	227	74
53	227	74
54	227	74
55	227	74
56	227	74
57	227	74
58	227	74
59	227	74
60	227	74
61	227	74
62	227	74
63	227	74
64	227	74
65	227	74
66	227	74
67	227	74
68	227	74
69	227	74
70	227	74
71	228	74
72	228	74
74	228	74
73	229	74
75	229	74
76	229	74
77	229	74
79	229	74
78	230	74
80	230	74
81	230	74
82	230	74
83	230	74
84	231	74
85	231	74
86	232	74
87	232	74
88	233	74
89	233	74
90	233	74
91	234	74
92	234	74
93	235	74
94	235	74
95	236	74
96	236	74
97	236	74
98	237	74
99	237	74
100	237	74
101	238	74
102	238	74
103	238	74
104	239	74
105	239	74
106	239	74
107	239	74
108	239	74
109	239	74
110	239	74
111	239	74
112	239	74
113	239	74
114	239	74
115	239	74
116	239	74
42	227	74
117	239	74
461	235	25
462	236	25
463	237	25
464	237	25
470	237	25
465	238	25
469	238	25
466	239	25
467	239	25
468	239	25
460	234	25
119	240	73
118	239	73
120	241	73
286	235	73
288	235	73
290	235	73
292	235	73
281	236	73
283	236	73
284	236	73
285	236	73
287	236	73
289	236	73
291	236	73
293	236	73
294	236	73
278	237	73
280	237	73
282	237	73
295	237	73
296	237	73
274	238	73
276	238	73
277	238	73
279	238	73
297	238	73
273	239	73
275	239	73
298	239	73
299	239	73
269	240	73
271	240	73
272	240	73
300	240	73
268	241	73
270	241	73
265	242	73
266	242	73
267	242	73
262	243	73
263	243	73
264	243	73
260	244	73
261	244	73
257	245	73
258	245	73
259	245	73
255	246	73
256	246	73
251	247	73
252	247	73
253	247	73
254	247	73
301	241	73
250	248	73
437	234	39
437	235	39
437	236	39
438	237	39
438	238	39
439	239	39
440	240	39
437	233	39
120	243	73
119	244	73
120	242	73
118	245	73
101	246	74
102	246	74
103	246	74
104	246	74
105	246	74
106	246	74
107	246	74
108	246	74
109	246	74
110	246	74
111	246	74
112	246	74
113	246	74
114	246	74
99	247	74
100	247	74
97	248	74
98	248	74
95	249	74
96	249	74
93	250	74
94	250	74
91	251	74
92	251	74
88	252	74
89	252	74
90	252	74
86	253	74
87	253	74
84	254	74
85	254	74
78	255	74
79	255	74
80	255	74
81	255	74
82	255	74
83	255	74
72	256	74
74	256	74
75	256	74
76	256	74
77	256	74
70	257	74
71	257	74
73	257	74
43	258	74
44	258	74
45	258	74
46	258	74
47	258	74
48	258	74
49	258	74
50	258	74
51	258	74
52	258	74
53	258	74
54	258	74
55	258	74
56	258	74
57	258	74
58	258	74
59	258	74
60	258	74
61	258	74
62	258	74
63	258	74
64	258	74
65	258	74
66	258	74
67	258	74
68	258	74
69	258	74
115	246	74
42	258	74
471	242	29
471	243	29
471	244	29
470	245	29
470	246	29
469	247	29
468	248	29
467	248	29
468	248	29
240	248	74
242	248	74
244	248	74
246	248	74
248	248	74
236	249	74
237	249	74
238	249	74
239	249	74
241	249	74
243	249	74
245	249	74
247	249	74
233	250	74
234	250	74
235	250	74
229	251	74
230	251	74
231	251	74
232	251	74
228	252	74
226	253	74
227	253	74
224	254	74
225	254	74
222	255	74
223	255	74
221	256	74
219	257	74
220	257	74
218	258	74
216	259	74
217	259	74
214	260	74
215	260	74
212	261	74
213	261	74
210	262	74
211	262	74
208	263	74
209	263	74
207	264	74
205	265	74
206	265	74
249	248	74
204	266	74
303	239	70
302	240	70
304	240	70
305	240	70
306	240	70
307	240	70
308	240	70
309	240	70
310	240	70
312	240	70
311	241	70
313	241	70
314	242	70
315	242	70
316	243	70
317	243	70
318	243	70
319	244	70
320	244	70
321	245	70
322	246	70
323	246	70
324	246	70
325	246	70
326	247	70
328	247	70
327	248	70
329	248	70
331	248	70
330	249	70
332	249	70
334	249	70
336	249	70
338	249	70
339	249	70
341	249	70
346	249	70
333	250	70
335	250	70
337	250	70
340	250	70
342	250	70
343	250	70
344	250	70
345	250	70
347	250	70
348	250	70
349	250	70
350	250	70
351	250	70
352	250	70
301	241	70
353	251	70
469	249	27
470	250	27
469	251	27
470	252	27
470	253	27
471	254	27
472	255	27
473	255	27
474	255	27
475	256	27
468	248	27
41	228	74
41	229	74
40	230	74
40	231	74
39	232	74
39	233	74
38	234	74
38	235	74
37	236	74
37	237	74
36	238	74
36	239	74
35	240	74
35	241	74
34	242	74
34	243	74
34	244	74
35	245	74
35	246	74
36	247	74
36	248	74
37	249	74
37	250	74
38	251	74
38	252	74
39	253	74
39	254	74
40	255	74
40	256	74
41	257	74
42	227	74
42	258	74
250	250	72
250	251	72
250	252	72
250	253	72
250	254	72
250	255	72
250	256	72
250	257	72
250	258	72
250	259	72
250	260	72
250	249	72
486	251	19
485	252	19
485	253	19
485	254	19
484	255	19
484	256	19
484	257	19
484	258	19
484	259	19
484	260	19
485	261	19
273	261	71
274	262	71
275	263	71
276	264	71
277	265	71
301	242	72
301	243	72
301	244	72
301	245	72
301	246	72
301	247	72
300	248	72
299	249	72
297	250	72
298	250	72
296	251	72
295	252	72
292	253	72
294	253	72
291	254	72
293	254	72
289	255	72
290	255	72
288	256	72
287	257	72
286	258	72
284	259	72
285	259	72
283	260	72
282	261	72
281	262	72
279	263	72
280	263	72
278	264	72
301	241	72
277	265	72
122	241	74
123	241	74
124	241	74
125	241	74
126	241	74
127	241	74
128	241	74
129	241	74
130	241	74
131	242	74
132	242	74
133	243	74
134	243	74
135	243	74
136	244	74
137	245	74
138	245	74
139	246	74
140	246	74
141	247	74
142	247	74
143	247	74
144	247	74
145	247	74
146	247	74
147	248	74
148	248	74
149	248	74
150	248	74
151	249	74
152	249	74
154	249	74
153	250	74
155	250	74
156	250	74
157	251	74
158	251	74
159	251	74
160	251	74
162	251	74
161	252	74
163	252	74
164	252	74
165	252	74
166	252	74
167	252	74
168	252	74
169	253	74
170	253	74
171	253	74
172	253	74
173	254	74
174	254	74
175	255	74
176	256	74
177	257	74
178	257	74
179	258	74
180	259	74
181	260	74
182	260	74
183	261	74
184	261	74
185	262	74
186	263	74
187	263	74
188	264	74
189	264	74
190	265	74
191	265	74
192	266	74
193	266	74
194	266	74
121	241	74
195	267	74
201	265	74
203	265	74
196	266	74
197	266	74
198	266	74
199	266	74
200	266	74
202	266	74
204	266	74
195	267	74
276	266	72
276	267	72
275	268	72
274	269	72
277	265	72
273	270	72
388	267	49
387	268	49
386	269	49
386	270	49
386	271	49
307	269	61
309	269	61
310	269	61
305	270	61
306	270	61
308	270	61
304	271	61
353	252	60
353	253	60
353	254	60
353	255	60
353	256	60
354	257	60
354	258	60
354	259	60
355	260	60
355	261	60
356	262	60
357	263	60
358	264	60
359	265	60
360	266	60
361	267	60
362	267	60
363	268	60
365	268	60
364	269	60
366	269	60
368	269	60
370	269	60
367	270	60
369	270	60
371	270	60
372	270	60
373	270	60
374	271	60
375	271	60
376	271	60
377	271	60
378	271	60
379	271	60
380	271	60
383	271	60
381	272	60
382	272	60
384	272	60
385	272	60
353	251	60
386	271	60
195	268	74
195	269	74
195	270	74
195	271	74
194	272	74
193	273	74
192	274	74
191	275	74
190	276	74
195	267	74
189	277	74
118	247	74
118	248	74
118	249	74
118	250	74
118	251	74
118	252	74
118	253	74
118	254	74
118	255	74
118	256	74
118	257	74
118	258	74
118	259	74
118	260	74
118	261	74
118	262	74
118	263	74
118	264	74
118	265	74
118	266	74
118	267	74
118	268	74
118	269	74
118	270	74
119	271	74
120	272	74
121	273	74
122	273	74
123	274	74
124	275	74
125	276	74
126	276	74
127	277	74
128	277	74
178	277	74
179	277	74
180	277	74
181	277	74
182	277	74
183	277	74
184	277	74
185	277	74
186	277	74
187	277	74
129	278	74
176	278	74
177	278	74
130	279	74
132	279	74
171	279	74
173	279	74
174	279	74
175	279	74
131	280	74
133	280	74
134	280	74
136	280	74
164	280	74
165	280	74
166	280	74
167	280	74
168	280	74
169	280	74
170	280	74
172	280	74
135	281	74
137	281	74
139	281	74
156	281	74
158	281	74
160	281	74
161	281	74
162	281	74
163	281	74
138	282	74
140	282	74
142	282	74
144	282	74
146	282	74
148	282	74
150	282	74
151	282	74
152	282	74
153	282	74
154	282	74
155	282	74
157	282	74
159	282	74
141	283	74
143	283	74
145	283	74
147	283	74
149	283	74
118	246	74
188	277	74
387	272	48
388	273	48
389	274	48
390	274	48
391	275	48
392	275	48
393	276	48
394	277	48
395	277	48
396	277	48
397	277	48
399	277	48
401	277	48
403	277	48
405	277	48
408	277	48
410	277	48
398	278	48
400	278	48
402	278	48
404	278	48
406	278	48
407	278	48
409	278	48
411	278	48
412	278	48
386	271	48
273	272	72
273	273	72
273	274	72
273	275	72
273	276	72
273	277	72
273	278	72
274	279	72
272	280	72
273	280	72
273	271	72
452	281	24
451	282	24
450	283	24
449	284	24
448	285	24
270	269	72
268	270	72
269	270	72
271	270	72
267	271	72
263	272	72
265	272	72
266	272	72
262	273	72
264	273	72
260	274	72
261	274	72
258	275	72
259	275	72
257	276	72
256	277	72
254	278	72
255	278	72
253	279	72
252	280	72
251	281	72
250	282	72
249	283	72
249	284	72
248	285	72
248	286	72
272	270	72
248	287	72
429	278	32
430	279	32
431	280	32
432	280	32
433	280	32
434	280	32
435	281	32
437	281	32
436	282	32
438	282	32
439	282	32
440	283	32
441	284	32
442	284	32
443	285	32
444	285	32
446	285	32
447	285	32
445	286	32
448	285	32
204	267	74
204	268	74
204	269	74
204	270	74
205	271	74
205	272	74
206	273	74
207	274	74
207	275	74
208	276	74
208	277	74
209	278	74
210	279	74
211	280	74
212	281	74
213	282	74
214	282	74
215	283	74
216	284	74
217	285	74
218	285	74
219	286	74
220	287	74
221	287	74
222	288	74
223	288	74
244	288	74
245	288	74
246	288	74
224	289	74
225	289	74
240	289	74
241	289	74
242	289	74
243	289	74
226	290	74
227	290	74
228	290	74
230	290	74
232	290	74
234	290	74
235	290	74
236	290	74
237	290	74
238	290	74
239	290	74
229	291	74
231	291	74
233	291	74
204	266	74
247	288	74
449	286	24
450	286	24
451	287	24
452	288	24
448	285	24
249	289	74
250	290	74
248	288	74
251	291	74
283	291	71
282	292	71
253	291	74
254	291	74
255	291	74
256	291	74
267	291	74
268	291	74
269	291	74
270	291	74
272	291	74
257	292	74
258	292	74
259	292	74
260	292	74
261	292	74
262	292	74
263	292	74
264	292	74
265	292	74
266	292	74
271	292	74
273	292	74
274	292	74
275	292	74
276	292	74
277	293	74
279	293	74
280	293	74
278	294	74
252	291	74
281	293	74
41	259	74
40	260	74
40	261	74
39	262	74
39	263	74
38	264	74
38	265	74
37	266	74
37	267	74
36	268	74
36	269	74
35	270	74
36	271	74
35	272	74
36	273	74
35	274	74
36	275	74
36	276	74
37	277	74
37	278	74
38	279	74
38	280	74
39	281	74
39	282	74
40	283	74
40	284	74
41	285	74
41	286	74
42	287	74
42	288	74
43	289	74
43	290	74
44	291	74
44	292	74
45	293	74
45	294	74
46	295	74
46	296	74
47	297	74
47	298	74
48	299	74
48	300	74
49	301	74
42	258	74
50	302	74
189	279	74
189	280	74
189	281	74
189	282	74
189	283	74
189	284	74
189	285	74
189	286	74
189	287	74
189	288	74
188	289	74
187	290	74
186	291	74
185	292	74
184	293	74
183	294	74
182	295	74
182	296	74
181	297	74
181	298	74
180	299	74
180	300	74
179	301	74
189	278	74
178	302	74
283	294	69
284	295	69
285	295	69
286	295	69
287	295	69
288	296	69
289	297	69
290	298	69
290	299	69
291	300	69
292	300	69
293	301	69
294	301	69
295	302	69
282	293	69
296	303	69
298	302	66
297	303	66
174	302	74
171	303	74
172	303	74
173	303	74
175	303	74
176	303	74
168	304	74
169	304	74
170	304	74
165	305	74
166	305	74
167	305	74
164	306	74
162	307	74
163	307	74
160	308	74
161	308	74
159	309	74
157	310	74
158	310	74
177	303	74
156	311	74
116	248	74
116	249	74
116	250	74
116	251	74
116	252	74
116	253	74
116	254	74
116	255	74
116	256	74
116	257	74
116	258	74
116	259	74
116	260	74
116	261	74
116	262	74
116	263	74
116	264	74
116	265	74
116	266	74
116	267	74
115	268	74
113	269	74
114	269	74
112	270	74
110	271	74
111	271	74
109	272	74
108	273	74
107	274	74
106	275	74
105	276	74
104	277	74
103	278	74
102	279	74
100	280	74
101	280	74
99	281	74
98	282	74
96	283	74
97	283	74
95	284	74
94	285	74
93	286	74
93	287	74
93	288	74
93	289	74
93	290	74
93	291	74
93	292	74
93	293	74
93	294	74
93	295	74
93	296	74
93	297	74
93	298	74
93	299	74
93	300	74
93	301	74
93	302	74
93	303	74
93	304	74
93	305	74
116	247	74
93	306	74
297	305	58
297	304	58
51	302	74
52	302	74
53	302	74
54	302	74
55	302	74
56	302	74
57	302	74
58	302	74
59	302	74
60	302	74
61	302	74
62	302	74
63	302	74
64	302	74
65	302	74
66	302	74
67	302	74
68	302	74
69	302	74
70	302	74
71	303	74
72	303	74
73	303	74
74	303	74
76	303	74
77	303	74
78	303	74
79	303	74
80	303	74
81	303	74
82	303	74
75	304	74
83	304	74
84	304	74
85	304	74
86	304	74
87	305	74
88	305	74
89	306	74
90	306	74
91	306	74
50	302	74
92	307	74
251	293	70
251	294	70
251	295	70
251	296	70
251	297	70
251	298	70
251	299	70
251	300	70
251	301	70
251	302	70
250	303	70
251	304	70
251	305	70
251	306	70
251	292	70
147	309	74
149	309	74
151	309	74
152	309	74
145	310	74
146	310	74
148	310	74
150	310	74
153	310	74
154	310	74
143	311	74
144	311	74
141	312	74
142	312	74
139	313	74
140	313	74
137	314	74
138	314	74
135	315	74
136	315	74
132	316	74
133	316	74
134	316	74
129	317	74
130	317	74
131	317	74
127	318	74
128	318	74
124	319	74
125	319	74
126	319	74
123	320	74
122	321	74
155	311	74
122	322	74
94	308	74
95	309	74
96	310	74
97	311	74
98	312	74
99	313	74
100	314	74
101	315	74
102	316	74
103	317	74
104	318	74
93	307	74
105	319	74
107	319	74
108	319	74
109	319	74
110	319	74
111	319	74
112	319	74
113	319	74
114	319	74
115	320	74
116	320	74
117	320	74
118	320	74
119	321	74
120	322	74
106	319	74
121	323	74
156	313	74
156	314	74
156	315	74
156	316	74
156	317	74
156	318	74
156	319	74
157	320	74
157	321	74
157	322	74
157	323	74
157	324	74
157	325	74
157	326	74
157	327	74
157	328	74
157	329	74
156	312	74
157	330	74
179	304	74
179	305	74
180	306	74
181	307	74
182	308	74
182	309	74
183	310	74
184	311	74
184	312	74
185	313	74
186	314	74
186	315	74
187	316	74
188	317	74
189	318	74
190	319	74
191	320	74
192	321	74
192	322	74
192	323	74
192	324	74
192	325	74
192	326	74
192	327	74
192	328	74
192	329	74
178	303	74
192	330	74
318	323	74
320	323	74
322	323	74
324	323	74
312	324	74
314	324	74
315	324	74
316	324	74
317	324	74
319	324	74
321	324	74
323	324	74
325	324	74
326	324	74
327	324	74
328	324	74
329	324	74
307	325	74
309	325	74
310	325	74
311	325	74
313	325	74
330	325	74
301	326	74
303	326	74
304	326	74
305	326	74
306	326	74
308	326	74
331	326	74
332	326	74
298	327	74
300	327	74
302	327	74
333	327	74
334	327	74
257	328	74
259	328	74
261	328	74
297	328	74
299	328	74
335	328	74
336	328	74
254	329	74
255	329	74
256	329	74
258	329	74
260	329	74
262	329	74
264	329	74
266	329	74
268	329	74
296	329	74
337	329	74
338	329	74
252	330	74
253	330	74
263	330	74
265	330	74
267	330	74
269	330	74
270	330	74
271	330	74
273	330	74
289	330	74
291	330	74
292	330	74
293	330	74
294	330	74
295	330	74
250	331	74
251	331	74
272	331	74
274	331	74
275	331	74
276	331	74
277	331	74
278	331	74
279	331	74
280	331	74
282	331	74
283	331	74
284	331	74
285	331	74
286	331	74
287	331	74
288	331	74
290	331	74
248	332	74
249	332	74
281	332	74
246	333	74
247	333	74
339	330	74
245	334	74
123	324	74
124	325	74
125	326	74
126	327	74
127	328	74
128	329	74
129	330	74
130	331	74
131	332	74
132	333	74
122	323	74
133	334	74
205	329	74
207	329	74
208	329	74
209	329	74
210	329	74
211	329	74
212	329	74
213	329	74
214	329	74
215	329	74
216	329	74
217	329	74
218	329	74
219	329	74
220	329	74
221	329	74
222	329	74
224	329	74
226	329	74
198	330	74
201	330	74
202	330	74
203	330	74
204	330	74
206	330	74
223	330	74
225	330	74
227	330	74
228	330	74
229	330	74
230	330	74
194	331	74
195	331	74
196	331	74
197	331	74
199	331	74
200	331	74
231	331	74
233	331	74
235	331	74
232	332	74
234	332	74
236	332	74
237	332	74
238	332	74
239	332	74
240	333	74
241	333	74
242	333	74
244	333	74
243	334	74
193	331	74
245	334	74
339	332	66
339	333	66
339	334	66
338	335	66
337	336	66
339	331	66
136	335	74
137	336	74
138	336	74
139	336	74
140	337	74
141	337	74
135	335	74
142	338	74
158	331	74
159	331	74
160	332	74
161	332	74
162	333	74
163	334	74
164	334	74
166	334	74
168	334	74
165	335	74
167	335	74
169	335	74
170	335	74
172	335	74
174	335	74
175	335	74
171	336	74
173	336	74
176	336	74
177	336	74
178	336	74
179	336	74
180	336	74
181	337	74
182	337	74
183	337	74
157	330	74
184	338	74
191	332	74
190	333	74
189	334	74
188	335	74
187	336	74
186	337	74
192	331	74
185	338	74
156	331	74
155	332	74
154	333	74
153	334	74
152	335	74
151	336	74
149	337	74
150	337	74
144	338	74
145	338	74
146	338	74
147	338	74
148	338	74
157	330	74
143	338	74
341	331	65
342	331	65
343	331	65
344	332	65
346	332	65
345	333	65
347	333	65
348	334	65
349	334	65
350	335	65
351	336	65
352	336	65
353	337	65
354	337	65
355	338	65
356	338	65
340	330	65
357	339	65
398	337	52
397	338	52
397	339	52
397	340	52
397	341	52
335	338	60
335	339	60
336	340	60
337	340	60
338	340	60
356	340	60
339	341	60
340	341	60
355	341	60
341	342	60
352	342	60
353	342	60
354	342	60
342	343	60
343	343	60
344	343	60
345	343	60
348	343	60
349	343	60
350	343	60
351	343	60
346	344	60
347	344	60
357	339	60
395	326	51
394	327	51
393	328	51
391	329	51
392	329	51
390	330	51
389	331	51
388	332	51
388	333	51
388	334	51
388	335	51
388	336	51
388	337	51
388	338	51
388	339	51
388	340	51
388	341	51
388	342	51
388	343	51
404	339	53
403	340	53
402	341	53
399	342	53
400	342	53
401	342	53
398	342	53
358	340	61
360	340	61
359	341	61
361	341	61
362	341	61
364	341	61
363	342	61
365	342	61
366	342	61
367	342	61
368	342	61
369	342	61
370	342	61
371	343	61
372	343	61
373	343	61
374	343	61
375	343	61
376	343	61
378	343	61
380	343	61
382	343	61
384	343	61
386	343	61
377	344	61
379	344	61
381	344	61
383	344	61
385	344	61
387	344	61
357	339	61
388	343	61
396	343	53
396	344	53
397	342	53
395	345	53
389	344	53
390	344	53
391	345	53
392	345	53
393	346	53
388	343	53
394	346	53
49	303	74
48	304	74
48	305	74
47	306	74
47	307	74
46	308	74
46	309	74
45	310	74
45	311	74
44	312	74
44	313	74
43	314	74
43	315	74
42	316	74
42	317	74
41	318	74
41	319	74
40	320	74
40	321	74
39	322	74
39	323	74
38	324	74
38	325	74
37	326	74
37	327	74
36	328	74
36	329	74
35	330	74
35	331	74
35	332	74
35	333	74
35	334	74
36	335	74
36	336	74
37	337	74
37	338	74
38	339	74
38	340	74
39	341	74
39	342	74
40	343	74
40	344	74
41	345	74
41	346	74
42	347	74
42	348	74
43	349	74
43	350	74
50	302	74
44	351	74
396	347	53
397	348	53
398	349	53
399	350	53
395	346	53
185	340	74
185	341	74
185	342	74
185	343	74
185	344	74
185	345	74
185	346	74
186	347	74
186	348	74
186	349	74
187	350	74
188	351	74
189	352	74
190	353	74
185	339	74
297	342	74
296	343	74
297	344	74
297	345	74
297	346	74
297	347	74
297	348	74
297	349	74
297	350	74
297	351	74
297	352	74
297	353	74
297	354	74
245	335	74
245	336	74
245	337	74
246	338	74
247	339	74
248	340	74
249	341	74
250	341	74
251	342	74
252	342	74
253	343	74
254	344	74
255	344	74
256	345	74
257	346	74
258	346	74
260	346	74
262	346	74
259	347	74
261	347	74
263	347	74
264	347	74
265	347	74
267	347	74
266	348	74
268	348	74
269	348	74
270	348	74
271	348	74
273	348	74
272	349	74
274	349	74
276	349	74
275	350	74
277	350	74
278	350	74
279	350	74
280	351	74
281	351	74
282	352	74
283	352	74
284	352	74
285	353	74
286	353	74
288	353	74
287	354	74
289	354	74
290	354	74
292	354	74
293	354	74
291	355	74
294	355	74
295	355	74
245	334	74
296	355	74
298	356	74
297	355	74
299	357	74
314	349	74
313	350	74
311	351	74
312	351	74
309	352	74
310	352	74
307	353	74
308	353	74
305	354	74
306	354	74
303	355	74
304	355	74
300	356	74
301	356	74
302	356	74
299	357	74
105	321	74
105	322	74
105	323	74
105	324	74
105	325	74
105	326	74
105	327	74
105	328	74
105	329	74
105	330	74
105	331	74
105	332	74
104	333	74
103	334	74
102	335	74
101	336	74
100	337	74
99	338	74
98	339	74
97	340	74
96	341	74
95	342	74
94	343	74
93	344	74
92	345	74
91	346	74
90	347	74
90	348	74
90	349	74
90	350	74
90	351	74
90	352	74
90	353	74
90	354	74
90	355	74
90	356	74
90	357	74
90	358	74
105	320	74
90	359	74
132	335	74
131	336	74
130	337	74
129	338	74
128	339	74
127	340	74
126	341	74
125	342	74
124	343	74
123	344	74
122	345	74
121	346	74
120	347	74
119	348	74
119	349	74
119	350	74
119	351	74
119	352	74
119	353	74
119	354	74
119	355	74
119	356	74
119	357	74
119	358	74
119	359	74
119	360	74
133	334	74
119	361	74
134	337	74
134	338	74
134	339	74
134	340	74
134	341	74
134	342	74
134	343	74
134	344	74
134	345	74
134	346	74
134	347	74
134	348	74
133	349	74
132	350	74
131	351	74
130	352	74
129	353	74
128	354	74
127	355	74
126	356	74
125	357	74
124	358	74
123	359	74
122	360	74
121	361	74
134	336	74
120	362	74
118	363	73
119	362	73
117	364	73
45	352	74
46	352	74
47	353	74
48	353	74
49	354	74
50	354	74
51	355	74
52	355	74
53	356	74
54	356	74
55	357	74
56	357	74
57	358	74
58	358	74
59	359	74
60	359	74
61	360	74
62	360	74
88	360	74
89	360	74
63	361	74
64	361	74
86	361	74
87	361	74
65	362	74
66	362	74
84	362	74
85	362	74
67	363	74
68	363	74
82	363	74
83	363	74
69	364	74
70	364	74
72	364	74
74	364	74
76	364	74
78	364	74
79	364	74
80	364	74
81	364	74
71	365	74
73	365	74
75	365	74
77	365	74
44	351	74
90	359	74
93	360	74
94	360	74
95	360	74
96	360	74
97	360	74
98	360	74
99	360	74
100	360	74
101	360	74
102	360	74
103	360	74
104	360	74
105	360	74
106	360	74
107	360	74
108	360	74
109	361	74
110	361	74
111	362	74
112	362	74
113	363	74
114	363	74
116	363	74
115	364	74
92	360	74
117	364	74
142	340	74
142	341	74
142	342	74
142	343	74
142	344	74
142	345	74
142	346	74
142	347	74
142	348	74
142	349	74
142	350	74
143	351	74
144	351	74
145	352	74
145	353	74
146	354	74
147	355	74
148	355	74
149	356	74
150	357	74
151	358	74
152	359	74
153	360	74
154	361	74
155	362	74
156	363	74
157	364	74
158	365	74
142	339	74
159	366	74
299	358	73
300	359	73
300	360	73
301	361	73
301	362	73
302	363	73
302	364	73
303	365	73
303	366	73
299	357	73
304	367	73
468	364	28
466	365	28
467	365	28
465	366	28
465	367	28
303	368	73
302	369	73
301	370	73
304	367	73
466	369	37
467	370	37
465	368	37
160	367	73
161	368	73
162	369	73
163	370	73
164	371	73
164	372	73
159	366	73
164	373	73
305	368	73
306	369	73
307	370	73
308	370	73
309	371	73
310	372	73
304	367	73
311	373	73
316	369	68
315	370	68
314	371	68
312	372	68
313	372	68
311	373	68
158	367	73
157	368	73
156	369	73
155	370	73
156	371	73
157	372	73
158	373	73
159	374	73
159	366	73
160	375	73
312	374	65
311	373	65
162	374	74
163	374	74
161	375	74
164	373	74
160	375	74
463	368	38
461	369	38
462	369	38
460	370	38
459	371	38
457	372	38
458	372	38
456	373	38
455	374	38
454	375	38
464	368	38
118	365	74
119	366	74
119	367	74
120	368	74
121	369	74
122	369	74
123	370	74
124	371	74
125	372	74
126	373	74
127	374	74
128	375	74
129	376	74
130	377	74
131	378	74
132	379	74
133	380	74
134	381	74
117	364	74
134	382	74
248	375	74
247	376	74
246	377	74
245	378	74
244	379	74
244	380	74
244	381	74
244	382	74
244	383	74
447	381	39
447	382	39
135	383	74
136	383	74
138	383	74
140	383	74
137	384	74
139	384	74
141	384	74
142	384	74
143	384	74
144	384	74
134	382	74
145	385	74
159	376	74
157	377	74
158	377	74
155	378	74
156	378	74
153	379	74
154	379	74
152	380	74
150	381	74
151	381	74
148	382	74
149	382	74
147	383	74
146	384	74
160	375	74
145	385	74
165	374	74
166	374	74
167	374	74
169	374	74
170	374	74
172	374	74
173	374	74
175	374	74
168	375	74
171	375	74
174	375	74
176	375	74
177	375	74
178	375	74
179	375	74
180	375	74
181	375	74
182	375	74
183	375	74
184	375	74
185	375	74
187	375	74
189	375	74
191	375	74
193	375	74
195	375	74
186	376	74
188	376	74
190	376	74
192	376	74
194	376	74
196	376	74
197	376	74
198	376	74
199	376	74
200	376	74
201	376	74
203	376	74
202	377	74
204	377	74
206	377	74
205	378	74
207	378	74
208	379	74
209	379	74
210	379	74
211	380	74
212	380	74
214	380	74
213	381	74
215	381	74
216	381	74
217	381	74
218	382	74
220	382	74
222	382	74
231	382	74
233	382	74
219	383	74
221	383	74
223	383	74
224	383	74
225	383	74
226	383	74
227	383	74
228	383	74
229	383	74
230	383	74
232	383	74
234	383	74
235	383	74
236	383	74
237	383	74
238	383	74
239	383	74
240	383	74
241	383	74
242	383	74
243	384	74
164	373	74
244	383	74
91	362	72
91	363	72
91	364	72
91	365	72
91	366	72
91	367	72
91	368	72
91	369	72
91	370	72
91	371	72
91	372	72
91	373	72
91	374	72
91	375	72
91	376	72
91	377	72
91	378	72
92	379	72
93	380	72
94	380	72
95	381	72
96	381	72
97	382	72
98	382	72
99	383	72
100	383	72
132	383	72
133	383	72
101	384	72
102	384	72
130	384	72
131	384	72
103	385	72
104	385	72
128	385	72
129	385	72
105	386	72
106	386	72
126	386	72
127	386	72
107	387	72
108	387	72
110	387	72
124	387	72
125	387	72
109	388	72
111	388	72
112	388	72
114	388	72
116	388	72
118	388	72
120	388	72
122	388	72
123	388	72
113	389	72
115	389	72
117	389	72
119	389	72
121	389	72
91	361	72
134	382	72
485	391	26
486	392	26
487	390	27
488	391	27
488	392	27
363	390	52
365	390	52
362	391	52
364	391	52
366	391	52
367	391	52
368	391	52
370	391	52
361	392	52
369	392	52
360	393	52
491	392	27
490	393	27
359	393	51
360	393	51
489	393	28
488	392	28
490	393	28
43	352	74
42	353	74
41	354	74
40	355	74
39	356	74
38	357	74
37	358	74
36	359	74
35	360	74
34	361	74
33	362	74
32	363	74
31	364	74
30	365	74
29	366	74
28	367	74
27	368	74
26	369	74
25	370	74
24	371	74
23	372	74
22	373	74
21	374	74
20	375	74
19	376	74
18	377	74
17	378	74
16	379	74
15	380	74
14	381	74
13	382	74
12	383	74
11	384	74
10	385	74
9	386	74
8	387	74
7	388	74
6	389	74
5	390	74
4	391	74
3	392	74
2	393	74
1	394	74
44	351	74
145	386	73
145	387	73
145	388	73
145	389	73
145	390	73
146	391	73
147	392	73
148	392	73
149	393	73
150	393	73
151	394	73
145	385	73
172	391	57
174	391	57
168	392	57
169	392	57
170	392	57
171	392	57
173	392	57
175	392	57
176	392	57
166	393	57
167	393	57
177	393	57
178	393	57
163	394	57
164	394	57
165	394	57
179	394	57
180	394	57
181	394	57
245	384	74
246	384	74
247	385	74
248	385	74
249	386	74
250	386	74
251	387	74
252	387	74
253	388	74
254	388	74
255	389	74
256	389	74
257	390	74
258	390	74
259	391	74
260	391	74
262	391	74
261	392	74
263	392	74
264	392	74
265	392	74
266	392	74
268	392	74
270	392	74
272	392	74
274	392	74
267	393	74
269	393	74
271	393	74
273	393	74
275	393	74
276	393	74
277	393	74
278	393	74
279	393	74
280	393	74
281	393	74
282	393	74
283	393	74
284	393	74
285	393	74
286	393	74
287	393	74
288	393	74
289	393	74
290	393	74
291	393	74
292	393	74
293	393	74
294	393	74
295	393	74
296	393	74
298	393	74
300	393	74
302	393	74
304	393	74
306	393	74
316	393	74
318	393	74
320	393	74
322	393	74
323	393	74
324	393	74
325	393	74
326	393	74
327	393	74
328	393	74
330	393	74
332	393	74
297	394	74
299	394	74
301	394	74
303	394	74
305	394	74
307	394	74
308	394	74
309	394	74
310	394	74
311	394	74
312	394	74
313	394	74
314	394	74
315	394	74
317	394	74
319	394	74
321	394	74
329	394	74
331	394	74
333	394	74
334	394	74
335	394	74
244	383	74
361	394	50
360	393	50
485	394	25
486	393	25
491	394	26
492	394	26
493	394	26
490	393	26
