248	1	18
247	2	18
241	1	18
242	1	18
244	1	18
243	2	18
245	2	18
246	2	18
248	4	19
247	3	19
322	1	6
320	2	6
321	2	6
318	3	6
319	3	6
316	4	6
317	4	6
315	5	6
311	6	6
312	6	6
313	6	6
314	6	6
308	7	6
309	7	6
310	7	6
302	8	6
304	8	6
305	8	6
306	8	6
307	8	6
297	9	6
298	9	6
299	9	6
300	9	6
301	9	6
303	9	6
294	10	6
295	10	6
296	10	6
291	11	6
292	11	6
293	11	6
290	12	6
288	13	6
289	13	6
281	14	6
282	14	6
286	14	6
287	14	6
283	15	6
284	15	6
285	15	6
280	13	6
282	8	11
282	9	11
284	9	11
283	10	11
182	1	2
183	1	2
184	1	2
185	1	2
186	1	2
188	1	2
198	1	2
200	1	2
201	1	2
202	1	2
203	1	2
204	1	2
206	1	2
208	1	2
180	2	2
181	2	2
187	2	2
189	2	2
190	2	2
191	2	2
192	2	2
196	2	2
197	2	2
199	2	2
205	2	2
207	2	2
209	2	2
210	2	2
211	2	2
212	2	2
213	2	2
214	2	2
216	2	2
218	2	2
178	3	2
179	3	2
193	3	2
194	3	2
195	3	2
215	3	2
217	3	2
219	3	2
220	3	2
221	3	2
222	3	2
177	4	2
223	4	2
224	4	2
225	4	2
226	4	2
176	5	2
227	5	2
228	5	2
176	6	2
229	6	2
176	7	2
230	7	2
231	7	2
176	8	2
232	8	2
176	9	2
233	9	2
234	9	2
176	10	2
235	10	2
235	11	2
176	11	2
235	12	2
281	11	11
282	10	11
280	12	11
274	13	3
276	13	3
277	13	3
278	13	3
273	14	3
275	14	3
272	15	3
270	16	3
271	16	3
268	17	3
269	17	3
267	18	3
265	19	3
266	19	3
279	13	3
264	20	3
384	15	30
383	16	30
177	12	1
178	12	1
179	13	1
180	13	1
234	13	1
181	14	1
182	14	1
183	14	1
184	14	1
186	14	1
194	14	1
196	14	1
232	14	1
233	14	1
185	15	1
187	15	1
188	15	1
189	15	1
190	15	1
191	15	1
192	15	1
193	15	1
195	15	1
197	15	1
198	15	1
200	15	1
202	15	1
230	15	1
231	15	1
199	16	1
201	16	1
203	16	1
204	16	1
205	16	1
206	16	1
208	16	1
210	16	1
212	16	1
214	16	1
216	16	1
218	16	1
220	16	1
222	16	1
224	16	1
226	16	1
228	16	1
229	16	1
207	17	1
209	17	1
211	17	1
213	17	1
215	17	1
217	17	1
219	17	1
221	17	1
223	17	1
225	17	1
227	17	1
176	11	1
235	12	1
347	14	16
349	14	16
351	14	16
342	15	16
343	15	16
344	15	16
345	15	16
346	15	16
348	15	16
350	15	16
352	15	16
353	15	16
354	15	16
356	15	16
340	16	16
341	16	16
355	16	16
357	16	16
358	16	16
359	16	16
361	16	16
339	17	16
360	17	16
362	17	16
337	18	16
338	18	16
336	19	16
334	20	16
335	20	16
363	18	16
333	21	16
371	16	21
374	16	21
375	16	21
376	16	21
377	16	21
378	16	21
379	16	21
364	17	21
366	17	21
368	17	21
370	17	21
372	17	21
373	17	21
380	17	21
365	18	21
367	18	21
369	18	21
363	18	21
381	18	21
382	17	29
383	16	29
381	18	29
384	17	29
385	18	29
386	19	29
383	16	29
236	13	1
237	14	1
238	14	1
239	14	1
240	15	1
241	15	1
242	16	1
243	17	1
244	17	1
245	17	1
246	18	1
247	18	1
248	18	1
249	19	1
250	19	1
251	19	1
252	19	1
253	19	1
254	19	1
255	19	1
256	19	1
257	19	1
258	19	1
259	19	1
260	19	1
261	19	1
262	20	1
235	12	1
263	20	1
363	19	22
363	20	22
363	18	22
383	20	31
384	21	31
382	19	31
381	20	29
381	21	29
381	22	29
382	19	29
331	20	3
329	21	3
330	21	3
306	22	3
308	22	3
310	22	3
312	22	3
327	22	3
328	22	3
301	23	3
303	23	3
304	23	3
305	23	3
307	23	3
309	23	3
311	23	3
313	23	3
314	23	3
315	23	3
317	23	3
318	23	3
319	23	3
320	23	3
322	23	3
324	23	3
326	23	3
296	24	3
298	24	3
299	24	3
300	24	3
302	24	3
316	24	3
321	24	3
323	24	3
325	24	3
294	25	3
295	25	3
297	25	3
293	26	3
274	27	3
276	27	3
277	27	3
278	27	3
279	27	3
280	27	3
281	27	3
282	27	3
283	27	3
284	27	3
286	27	3
288	27	3
290	27	3
291	27	3
292	27	3
271	28	3
272	28	3
273	28	3
275	28	3
285	28	3
287	28	3
289	28	3
332	21	3
270	27	3
333	23	17
334	24	17
333	22	17
264	22	4
265	23	4
266	24	4
267	25	4
268	26	4
264	21	4
269	27	4
174	11	3
172	12	3
173	12	3
175	12	3
170	13	3
171	13	3
168	14	3
169	14	3
166	15	3
167	15	3
164	16	3
165	16	3
162	17	3
163	17	3
160	18	3
161	18	3
158	19	3
159	19	3
156	20	3
157	20	3
154	21	3
155	21	3
152	22	3
153	22	3
150	23	3
151	23	3
149	24	3
148	25	3
148	26	3
148	27	3
148	28	3
148	29	3
148	30	3
176	11	3
148	31	3
150	32	1
151	32	1
152	32	1
153	32	1
154	32	1
155	32	1
156	32	1
157	32	1
158	32	1
159	32	1
160	32	1
161	32	1
162	32	1
163	32	1
164	32	1
165	32	1
166	32	1
167	32	1
168	32	1
169	32	1
170	32	1
171	32	1
172	32	1
173	32	1
174	32	1
175	32	1
177	32	1
179	32	1
181	32	1
182	32	1
183	32	1
184	32	1
185	32	1
186	32	1
187	32	1
188	32	1
190	32	1
192	32	1
194	32	1
196	32	1
198	32	1
199	32	1
201	32	1
176	33	1
178	33	1
180	33	1
189	33	1
191	33	1
193	33	1
195	33	1
197	33	1
200	33	1
202	33	1
203	33	1
149	32	1
204	34	1
211	29	1
212	29	1
213	29	1
214	29	1
215	29	1
267	29	1
268	29	1
209	30	1
210	30	1
216	30	1
217	30	1
218	30	1
219	30	1
221	30	1
222	30	1
224	30	1
226	30	1
229	30	1
231	30	1
233	30	1
235	30	1
237	30	1
239	30	1
240	30	1
241	30	1
242	30	1
243	30	1
244	30	1
245	30	1
265	30	1
266	30	1
208	31	1
220	31	1
223	31	1
225	31	1
227	31	1
228	31	1
230	31	1
232	31	1
234	31	1
236	31	1
238	31	1
246	31	1
247	31	1
248	31	1
249	31	1
250	31	1
251	31	1
252	31	1
264	31	1
206	32	1
207	32	1
253	32	1
254	32	1
255	32	1
256	32	1
257	32	1
258	32	1
260	32	1
262	32	1
263	32	1
205	33	1
259	33	1
261	33	1
269	28	1
204	34	1
204	35	1
204	36	1
204	37	1
205	38	1
205	39	1
205	40	1
204	34	1
430	45	30
431	46	30
432	44	30
432	45	30
431	46	30
146	33	2
147	33	2
144	34	2
145	34	2
142	35	2
143	35	2
140	36	2
141	36	2
138	37	2
139	37	2
137	38	2
136	39	2
135	40	2
134	41	2
134	42	2
134	43	2
134	44	2
134	45	2
134	46	2
148	32	2
134	47	2
373	42	18
374	43	18
373	44	18
373	45	18
372	46	18
371	47	18
370	48	18
369	49	18
369	50	18
383	44	20
383	45	20
382	46	20
382	47	20
382	48	20
381	49	20
380	50	20
380	51	20
351	50	14
353	50	14
355	50	14
357	50	14
358	50	14
360	50	14
362	50	14
348	51	14
349	51	14
350	51	14
352	51	14
354	51	14
356	51	14
359	51	14
361	51	14
363	51	14
364	51	14
365	51	14
366	51	14
367	51	14
346	52	14
347	52	14
345	53	14
343	54	14
344	54	14
342	55	14
368	51	14
341	56	14
431	47	26
431	48	26
430	49	26
428	50	26
429	50	26
423	51	26
425	51	26
426	51	26
427	51	26
421	52	26
422	52	26
424	52	26
418	53	26
419	53	26
420	53	26
431	46	26
191	46	1
193	46	1
195	46	1
177	47	1
178	47	1
179	47	1
180	47	1
181	47	1
182	47	1
183	47	1
184	47	1
185	47	1
186	47	1
187	47	1
188	47	1
189	47	1
190	47	1
192	47	1
194	47	1
196	47	1
197	47	1
198	47	1
199	47	1
201	47	1
216	47	1
217	47	1
218	47	1
220	47	1
136	48	1
137	48	1
138	48	1
139	48	1
140	48	1
141	48	1
142	48	1
143	48	1
144	48	1
145	48	1
146	48	1
147	48	1
148	48	1
149	48	1
150	48	1
151	48	1
152	48	1
153	48	1
154	48	1
155	48	1
156	48	1
157	48	1
158	48	1
159	48	1
160	48	1
161	48	1
162	48	1
163	48	1
164	48	1
165	48	1
166	48	1
167	48	1
168	48	1
169	48	1
170	48	1
171	48	1
172	48	1
173	48	1
174	48	1
175	48	1
176	48	1
200	48	1
202	48	1
203	48	1
204	48	1
205	48	1
206	48	1
207	48	1
209	48	1
210	48	1
211	48	1
212	48	1
213	48	1
214	48	1
215	48	1
219	48	1
221	48	1
222	48	1
223	48	1
225	48	1
208	49	1
224	49	1
226	49	1
227	49	1
228	49	1
230	49	1
232	49	1
234	49	1
229	50	1
231	50	1
233	50	1
235	50	1
236	50	1
237	50	1
239	50	1
238	51	1
240	51	1
241	51	1
242	52	1
243	52	1
244	53	1
245	53	1
135	48	1
246	54	1
370	52	18
371	52	18
372	53	18
373	54	18
369	51	18
374	55	18
378	53	19
376	54	19
377	54	19
379	52	19
375	55	19
247	54	1
248	54	1
249	54	1
250	54	1
251	54	1
252	54	1
253	54	1
254	55	1
246	54	1
255	55	1
264	49	2
266	49	2
267	49	2
268	49	2
269	49	2
262	50	2
263	50	2
265	50	2
270	50	2
271	50	2
272	50	2
260	51	2
261	51	2
273	51	2
274	51	2
275	51	2
259	52	2
276	52	2
257	53	2
258	53	2
277	53	2
278	53	2
256	54	2
279	54	2
280	55	2
282	55	2
281	56	2
283	56	2
284	56	2
255	55	2
285	57	2
309	55	10
311	55	10
313	55	10
315	55	10
339	55	10
307	56	10
308	56	10
310	56	10
312	56	10
314	56	10
316	56	10
317	56	10
318	56	10
320	56	10
322	56	10
324	56	10
326	56	10
328	56	10
329	56	10
330	56	10
331	56	10
332	56	10
333	56	10
334	56	10
335	56	10
336	56	10
337	56	10
338	56	10
305	57	10
306	57	10
319	57	10
321	57	10
323	57	10
325	57	10
327	57	10
304	58	10
302	59	10
303	59	10
340	56	10
301	60	10
287	56	19
289	56	19
288	57	19
290	57	19
291	57	19
292	57	19
286	57	19
293	58	19
381	53	22
382	53	22
383	54	22
384	55	22
385	55	22
386	56	22
387	57	22
380	52	22
388	58	22
244	55	1
245	55	1
242	56	1
243	56	1
230	57	1
232	57	1
234	57	1
236	57	1
238	57	1
240	57	1
241	57	1
196	58	1
198	58	1
200	58	1
221	58	1
223	58	1
224	58	1
225	58	1
226	58	1
227	58	1
228	58	1
229	58	1
231	58	1
233	58	1
235	58	1
237	58	1
239	58	1
188	59	1
190	59	1
191	59	1
192	59	1
193	59	1
194	59	1
195	59	1
197	59	1
199	59	1
201	59	1
202	59	1
203	59	1
204	59	1
205	59	1
206	59	1
207	59	1
208	59	1
209	59	1
210	59	1
211	59	1
212	59	1
213	59	1
214	59	1
215	59	1
216	59	1
217	59	1
218	59	1
219	59	1
220	59	1
222	59	1
186	60	1
187	60	1
189	60	1
124	61	1
125	61	1
126	61	1
127	61	1
128	61	1
129	61	1
130	61	1
131	61	1
132	61	1
133	61	1
134	61	1
135	61	1
136	61	1
137	61	1
138	61	1
139	61	1
140	61	1
141	61	1
142	61	1
143	61	1
144	61	1
145	61	1
146	61	1
147	61	1
148	61	1
149	61	1
150	61	1
151	61	1
152	61	1
153	61	1
154	61	1
155	61	1
156	61	1
157	61	1
158	61	1
159	61	1
160	61	1
161	61	1
162	61	1
163	61	1
164	61	1
165	61	1
166	61	1
167	61	1
168	61	1
169	61	1
170	61	1
171	61	1
172	61	1
173	61	1
174	61	1
175	61	1
176	61	1
177	61	1
178	61	1
180	61	1
182	61	1
184	61	1
185	61	1
179	62	1
181	62	1
183	62	1
246	54	1
123	61	1
395	56	21
396	56	21
394	57	21
391	58	21
392	58	21
393	58	21
397	57	21
390	59	21
132	49	2
133	49	2
130	50	2
131	50	2
128	51	2
129	51	2
126	52	2
127	52	2
124	53	2
125	53	2
123	54	2
122	55	2
122	56	2
122	57	2
122	58	2
122	59	2
134	48	2
122	60	2
294	57	19
295	57	19
296	58	19
297	58	19
298	59	19
299	59	19
300	59	19
293	58	19
301	60	19
397	58	22
396	59	22
397	57	22
398	56	22
399	57	22
400	57	22
401	58	22
402	59	22
397	57	22
374	57	19
375	58	19
376	58	19
377	59	19
387	59	19
378	60	19
380	60	19
382	60	19
383	60	19
384	60	19
385	60	19
386	60	19
379	61	19
381	61	19
374	56	19
388	58	19
285	59	7
285	60	7
285	61	7
285	62	7
285	58	7
285	63	7
403	62	24
402	63	24
293	59	10
293	60	10
292	61	10
292	62	10
292	63	10
293	58	10
292	64	10
390	61	22
391	61	22
392	62	22
393	63	22
389	60	22
394	64	22
397	62	22
398	62	22
399	62	22
401	62	22
395	63	22
396	63	22
400	63	22
402	63	22
394	64	22
256	56	2
257	57	2
258	57	2
259	58	2
260	58	2
261	59	2
262	60	2
263	60	2
264	61	2
265	61	2
266	61	2
268	61	2
270	61	2
272	61	2
267	62	2
269	62	2
271	62	2
273	62	2
274	62	2
275	62	2
277	62	2
276	63	2
278	63	2
279	63	2
280	63	2
281	63	2
282	63	2
283	64	2
284	64	2
255	55	2
285	63	2
301	61	9
301	62	9
300	63	9
299	64	9
301	60	9
298	65	9
286	64	8
287	64	8
288	64	8
289	65	8
290	65	8
291	65	8
285	63	8
292	64	8
293	65	9
294	65	9
295	65	9
296	65	9
297	65	9
292	64	9
298	65	9
341	58	14
341	59	14
342	60	14
342	61	14
343	62	14
344	63	14
346	63	14
345	64	14
347	64	14
348	64	14
349	64	14
350	64	14
351	64	14
352	64	14
353	64	14
354	64	14
355	64	14
356	64	14
357	65	14
341	57	14
358	66	14
403	64	23
404	65	23
402	63	23
359	65	16
360	65	16
361	65	16
362	66	16
363	67	16
363	68	16
358	66	16
363	69	16
358	67	16
358	68	16
358	69	16
358	66	16
358	70	16
395	65	22
396	66	22
397	67	22
398	68	22
398	69	22
398	70	22
394	64	22
398	71	22
348	71	18
350	71	18
352	71	18
354	71	18
355	71	18
356	71	18
357	71	18
347	72	18
349	72	18
351	72	18
353	72	18
358	70	18
346	73	18
362	70	17
359	71	17
360	71	17
361	71	17
363	69	17
358	70	17
299	66	9
300	67	9
300	68	9
301	69	9
302	70	9
302	71	9
302	72	9
298	65	9
302	73	9
323	66	13
325	66	13
327	66	13
328	66	13
329	66	13
330	66	13
331	66	13
333	66	13
322	67	13
324	67	13
326	67	13
332	67	13
334	67	13
335	67	13
336	67	13
320	68	13
321	68	13
337	68	13
338	68	13
340	68	13
319	69	13
339	69	13
341	69	13
317	70	13
318	70	13
342	70	13
343	70	13
316	71	13
344	71	13
315	72	13
345	72	13
315	73	13
314	74	13
346	73	13
313	75	13
364	70	17
366	70	17
371	70	17
373	70	17
365	71	17
367	71	17
368	71	17
369	71	17
370	71	17
372	71	17
374	71	17
375	71	17
376	71	17
377	71	17
378	71	17
379	71	17
380	71	17
381	71	17
390	71	17
392	71	17
394	71	17
382	72	17
383	72	17
384	72	17
385	72	17
386	72	17
387	72	17
388	72	17
389	72	17
391	72	17
393	72	17
395	72	17
396	72	17
397	72	17
363	69	17
398	71	17
442	69	29
443	69	29
444	69	29
445	69	29
440	70	29
441	70	29
446	70	29
439	71	29
447	71	29
438	72	29
448	72	29
436	73	29
437	73	29
435	74	29
434	75	29
434	76	29
433	77	29
120	62	3
121	62	3
118	63	3
119	63	3
116	64	3
117	64	3
114	65	3
115	65	3
112	66	3
113	66	3
110	67	3
111	67	3
108	68	3
109	68	3
107	69	3
106	70	3
106	71	3
106	72	3
106	73	3
106	74	3
122	61	3
106	75	3
227	73	2
224	74	2
225	74	2
226	74	2
228	74	2
229	74	2
220	75	2
221	75	2
222	75	2
223	75	2
218	76	2
219	76	2
230	75	2
217	77	2
255	72	2
253	73	2
254	73	2
256	73	2
251	74	2
252	74	2
257	74	2
258	74	2
249	75	2
250	75	2
259	75	2
248	76	2
234	73	2
236	73	2
238	73	2
240	73	2
242	73	2
232	74	2
233	74	2
235	74	2
237	74	2
239	74	2
241	74	2
243	74	2
244	74	2
246	74	2
245	75	2
247	75	2
231	75	2
248	76	2
260	74	3
261	74	3
262	74	3
263	74	3
265	74	3
266	74	3
267	74	3
268	74	3
269	74	3
270	74	3
271	74	3
272	74	3
273	74	3
274	74	3
275	74	3
276	74	3
277	74	3
278	74	3
279	74	3
280	74	3
281	74	3
282	74	3
284	74	3
286	74	3
300	74	3
301	74	3
264	75	3
283	75	3
285	75	3
287	75	3
288	75	3
289	75	3
290	75	3
291	75	3
292	75	3
294	75	3
296	75	3
297	75	3
298	75	3
299	75	3
293	76	3
295	76	3
302	73	3
259	75	3
210	74	1
211	74	1
208	75	1
209	75	1
212	75	1
213	75	1
206	76	1
207	76	1
214	76	1
215	76	1
216	76	1
204	77	1
205	77	1
203	78	1
202	79	1
217	77	1
201	80	1
303	74	9
304	74	9
305	75	9
306	75	9
308	75	9
310	75	9
312	75	9
307	76	9
309	76	9
311	76	9
302	73	9
313	75	9
409	70	22
410	70	22
411	70	22
412	70	22
414	70	22
402	71	22
408	71	22
413	71	22
415	71	22
416	71	22
417	71	22
399	72	22
400	72	22
401	72	22
403	72	22
404	72	22
405	72	22
406	72	22
407	72	22
418	72	22
419	73	22
420	73	22
421	74	22
422	75	22
424	75	22
423	76	22
425	76	22
426	76	22
427	76	22
428	77	22
429	77	22
430	77	22
431	77	22
432	77	22
398	71	22
433	77	22
346	74	19
346	75	19
346	76	19
346	77	19
346	78	19
346	73	19
108	76	1
109	76	1
110	76	1
111	76	1
112	76	1
113	76	1
114	76	1
115	76	1
116	76	1
117	76	1
118	76	1
119	76	1
120	76	1
121	76	1
122	76	1
123	76	1
124	76	1
125	76	1
126	76	1
127	76	1
128	76	1
129	76	1
130	76	1
131	76	1
132	76	1
133	76	1
134	76	1
135	76	1
136	76	1
137	76	1
138	76	1
139	76	1
140	76	1
141	76	1
142	76	1
143	76	1
144	76	1
145	76	1
146	76	1
147	76	1
148	76	1
149	76	1
150	76	1
151	76	1
152	76	1
153	76	1
154	76	1
155	76	1
156	76	1
157	76	1
158	76	1
159	76	1
160	76	1
161	76	1
162	76	1
163	76	1
164	76	1
165	76	1
166	76	1
167	76	1
168	76	1
169	76	1
170	76	1
171	76	1
172	76	1
173	76	1
174	76	1
175	76	1
176	76	1
177	76	1
179	76	1
181	76	1
178	77	1
180	77	1
182	77	1
183	77	1
184	77	1
185	77	1
186	77	1
187	77	1
188	77	1
190	77	1
192	77	1
194	77	1
189	78	1
191	78	1
193	78	1
195	78	1
196	78	1
197	79	1
198	79	1
199	79	1
200	80	1
107	76	1
201	80	1
259	76	2
249	77	2
259	77	2
250	78	2
258	78	2
251	79	2
252	79	2
256	79	2
257	79	2
253	80	2
254	80	2
255	80	2
259	75	2
248	76	2
331	76	16
330	77	16
329	78	16
328	79	16
328	80	16
327	81	16
326	82	16
434	78	29
435	79	29
436	80	29
437	81	29
433	77	29
437	82	29
449	80	32
446	81	32
447	81	32
448	81	32
450	81	32
445	82	32
202	81	2
203	82	2
201	80	2
204	83	2
441	81	31
442	81	31
443	81	31
439	82	31
440	82	31
444	82	31
445	82	31
438	83	31
314	76	13
315	76	13
316	77	13
317	78	13
318	78	13
319	79	13
320	80	13
321	81	13
322	82	13
324	82	13
323	83	13
313	75	13
325	83	13
217	78	2
216	79	2
215	80	2
214	81	2
213	82	2
211	83	2
212	83	2
206	84	2
207	84	2
208	84	2
209	84	2
210	84	2
217	77	2
205	84	2
436	83	30
435	84	30
437	82	30
327	84	14
328	85	14
326	83	14
446	83	32
447	84	32
448	85	32
449	86	32
445	82	32
203	85	1
202	86	1
201	87	1
204	84	1
200	88	1
104	77	1
105	77	1
102	78	1
103	78	1
100	79	1
101	79	1
98	80	1
99	80	1
96	81	1
97	81	1
94	82	1
95	82	1
93	83	1
92	84	1
92	85	1
92	86	1
92	87	1
92	88	1
106	76	1
92	89	1
198	88	1
195	89	1
196	89	1
197	89	1
94	90	1
95	90	1
96	90	1
97	90	1
98	90	1
99	90	1
100	90	1
101	90	1
102	90	1
103	90	1
104	90	1
105	90	1
106	90	1
107	90	1
108	90	1
109	90	1
110	90	1
111	90	1
112	90	1
113	90	1
114	90	1
115	90	1
116	90	1
117	90	1
118	90	1
119	90	1
120	90	1
121	90	1
122	90	1
123	90	1
124	90	1
125	90	1
126	90	1
127	90	1
128	90	1
129	90	1
130	90	1
131	90	1
132	90	1
133	90	1
134	90	1
135	90	1
136	90	1
137	90	1
138	90	1
139	90	1
140	90	1
141	90	1
142	90	1
143	90	1
144	90	1
145	90	1
146	90	1
147	90	1
148	90	1
149	90	1
150	90	1
151	90	1
152	90	1
153	90	1
154	90	1
155	90	1
156	90	1
157	90	1
158	90	1
159	90	1
160	90	1
161	90	1
162	90	1
163	90	1
164	90	1
165	90	1
166	90	1
167	90	1
168	90	1
169	90	1
170	90	1
171	90	1
172	90	1
173	90	1
174	90	1
175	90	1
176	90	1
177	90	1
178	90	1
179	90	1
180	90	1
181	90	1
182	90	1
183	90	1
184	90	1
185	90	1
186	90	1
187	90	1
188	90	1
189	90	1
190	90	1
191	90	1
192	90	1
193	90	1
194	90	1
199	88	1
93	90	1
2	2	1
3	3	1
4	4	1
5	5	1
6	6	1
7	7	1
8	8	1
9	9	1
10	10	1
11	11	1
12	12	1
13	13	1
14	14	1
15	15	1
16	16	1
17	17	1
18	18	1
19	19	1
20	20	1
21	21	1
22	22	1
23	23	1
24	24	1
25	25	1
26	26	1
27	27	1
28	28	1
29	29	1
30	30	1
31	31	1
32	32	1
33	33	1
34	34	1
35	35	1
36	36	1
37	37	1
38	38	1
39	39	1
40	40	1
41	41	1
42	42	1
43	43	1
44	44	1
45	45	1
46	46	1
47	47	1
48	48	1
49	49	1
50	50	1
51	51	1
52	52	1
53	53	1
54	54	1
55	55	1
56	56	1
57	57	1
58	58	1
59	59	1
60	60	1
61	61	1
62	62	1
63	63	1
64	64	1
65	65	1
66	66	1
67	67	1
68	68	1
69	69	1
70	70	1
71	71	1
72	72	1
73	73	1
74	74	1
75	75	1
76	76	1
77	77	1
78	78	1
79	79	1
80	80	1
81	81	1
82	82	1
83	83	1
84	84	1
85	85	1
86	86	1
87	87	1
88	88	1
89	89	1
90	90	1
91	91	1
231	77	3
231	78	3
231	79	3
231	80	3
230	81	3
229	82	3
228	83	3
227	84	3
226	85	3
226	86	3
226	87	3
225	88	3
225	89	3
225	90	3
231	76	3
224	91	3
438	84	30
438	85	30
437	86	30
437	87	30
438	88	30
438	89	30
439	90	30
441	90	30
440	91	30
442	91	30
443	92	30
444	92	30
438	83	30
200	90	1
200	91	1
200	92	1
201	93	1
202	94	1
203	95	1
204	96	1
205	97	1
205	98	1
205	99	1
200	89	1
205	100	1
225	92	2
226	93	2
226	94	2
227	95	2
228	96	2
228	97	2
229	98	2
230	99	2
231	100	2
224	91	2
223	91	1
221	92	1
222	92	1
220	93	1
219	94	1
218	95	1
217	96	1
216	97	1
215	98	1
214	99	1
213	100	1
212	101	1
212	102	1
224	91	1
212	103	1
90	92	1
90	93	1
89	94	1
89	95	1
88	96	1
89	97	1
88	98	1
89	99	1
89	100	1
90	101	1
90	102	1
91	103	1
91	91	1
92	104	1
203	101	1
204	101	1
201	102	1
202	102	1
180	103	1
182	103	1
183	103	1
184	103	1
185	103	1
186	103	1
187	103	1
188	103	1
189	103	1
190	103	1
191	103	1
192	103	1
193	103	1
194	103	1
195	103	1
196	103	1
197	103	1
198	103	1
199	103	1
200	103	1
93	104	1
94	104	1
95	104	1
96	104	1
97	104	1
98	104	1
99	104	1
100	104	1
101	104	1
102	104	1
103	104	1
104	104	1
105	104	1
106	104	1
107	104	1
108	104	1
109	104	1
110	104	1
111	104	1
112	104	1
113	104	1
114	104	1
115	104	1
116	104	1
117	104	1
118	104	1
119	104	1
120	104	1
121	104	1
122	104	1
123	104	1
124	104	1
125	104	1
126	104	1
127	104	1
128	104	1
129	104	1
130	104	1
131	104	1
132	104	1
133	104	1
134	104	1
135	104	1
136	104	1
137	104	1
138	104	1
139	104	1
140	104	1
141	104	1
142	104	1
143	104	1
144	104	1
145	104	1
146	104	1
147	104	1
148	104	1
149	104	1
150	104	1
151	104	1
152	104	1
153	104	1
154	104	1
155	104	1
156	104	1
157	104	1
158	104	1
159	104	1
160	104	1
161	104	1
162	104	1
163	104	1
164	104	1
165	104	1
166	104	1
167	104	1
168	104	1
169	104	1
170	104	1
171	104	1
172	104	1
173	104	1
174	104	1
175	104	1
176	104	1
177	104	1
178	104	1
179	104	1
181	104	1
205	100	1
92	104	1
206	101	1
207	102	1
208	102	1
209	103	1
210	103	1
205	100	1
211	104	1
344	104	19
344	105	19
344	106	19
413	106	32
412	107	32
346	106	19
347	106	19
348	106	19
349	106	19
350	107	19
345	107	19
351	108	19
352	108	25
351	108	25
254	103	1
249	104	1
250	104	1
251	104	1
252	104	1
253	104	1
255	104	1
256	104	1
257	104	1
258	104	1
260	104	1
262	104	1
264	104	1
246	105	1
248	105	1
259	105	1
261	105	1
263	105	1
265	105	1
266	105	1
267	105	1
245	106	1
247	106	1
268	106	1
269	106	1
243	107	1
244	107	1
270	107	1
242	108	1
271	108	1
272	108	1
273	109	1
274	109	1
241	109	1
275	110	1
343	108	19
343	109	19
344	107	19
343	110	19
350	109	25
351	108	25
399	106	28
400	106	28
401	106	28
402	106	28
397	107	28
398	107	28
403	107	28
404	107	28
411	107	28
395	108	28
396	108	28
405	108	28
407	108	28
409	108	28
410	108	28
394	109	28
406	109	28
408	109	28
394	110	28
412	107	28
394	111	28
213	105	1
214	106	1
215	107	1
216	108	1
217	109	1
218	110	1
212	104	1
219	111	1
279	109	3
280	109	3
281	109	3
276	110	3
277	110	3
278	110	3
282	110	3
275	110	3
283	111	3
413	108	32
414	109	32
415	110	32
416	110	32
417	110	32
412	107	32
240	108	1
236	109	1
238	109	1
239	109	1
229	110	1
231	110	1
233	110	1
235	110	1
237	110	1
226	111	1
227	111	1
228	111	1
230	111	1
232	111	1
234	111	1
222	112	1
223	112	1
224	112	1
225	112	1
241	109	1
221	112	1
287	109	4
289	109	4
290	109	4
292	109	4
294	109	4
296	109	4
284	110	4
285	110	4
286	110	4
288	110	4
291	110	4
293	110	4
295	110	4
297	110	4
298	110	4
299	110	4
300	110	4
301	110	4
302	110	4
304	110	4
306	110	4
308	110	4
310	110	4
337	110	4
339	110	4
303	111	4
305	111	4
307	111	4
309	111	4
311	111	4
312	111	4
313	111	4
314	111	4
315	111	4
332	111	4
334	111	4
335	111	4
336	111	4
338	111	4
340	111	4
341	111	4
342	111	4
316	112	4
318	112	4
320	112	4
327	112	4
329	112	4
330	112	4
331	112	4
333	112	4
317	113	4
319	113	4
321	113	4
322	113	4
323	113	4
324	113	4
325	113	4
326	113	4
328	113	4
343	110	4
283	111	4
217	112	2
218	112	2
214	113	2
215	113	2
216	113	2
212	114	2
213	114	2
210	115	2
211	115	2
206	116	2
207	116	2
208	116	2
209	116	2
196	117	2
198	117	2
200	117	2
202	117	2
204	117	2
205	117	2
197	118	2
199	118	2
201	118	2
203	118	2
219	111	2
195	118	2
395	113	27
394	112	27
396	114	27
399	110	27
399	111	27
398	112	27
397	113	27
396	114	27
272	112	2
273	112	2
270	113	2
271	113	2
263	114	2
265	114	2
267	114	2
268	114	2
269	114	2
260	115	2
262	115	2
264	115	2
266	115	2
258	116	2
259	116	2
261	116	2
243	117	2
244	117	2
245	117	2
255	117	2
256	117	2
257	117	2
246	118	2
247	118	2
249	118	2
250	118	2
252	118	2
253	118	2
254	118	2
248	119	2
251	119	2
274	111	2
242	116	2
241	110	1
241	111	1
241	112	1
242	113	1
242	114	1
242	115	1
241	109	1
242	116	1
283	112	6
283	113	6
283	114	6
283	115	6
283	111	6
282	116	6
390	112	24
392	112	24
388	113	24
389	113	24
391	113	24
371	114	24
373	114	24
375	114	24
376	114	24
377	114	24
378	114	24
379	114	24
387	114	24
368	115	24
370	115	24
372	115	24
374	115	24
380	115	24
382	115	24
384	115	24
385	115	24
386	115	24
366	116	24
367	116	24
369	116	24
381	116	24
383	116	24
365	117	24
393	112	24
364	118	24
178	117	1
180	117	1
182	117	1
183	117	1
184	117	1
185	117	1
186	117	1
187	117	1
188	117	1
189	117	1
190	117	1
191	117	1
192	117	1
193	117	1
194	117	1
176	118	1
177	118	1
179	118	1
181	118	1
92	119	1
93	119	1
94	119	1
95	119	1
96	119	1
97	119	1
98	119	1
99	119	1
100	119	1
101	119	1
102	119	1
103	119	1
104	119	1
105	119	1
106	119	1
107	119	1
108	119	1
109	119	1
110	119	1
111	119	1
112	119	1
113	119	1
114	119	1
115	119	1
116	119	1
117	119	1
118	119	1
119	119	1
120	119	1
121	119	1
122	119	1
123	119	1
124	119	1
125	119	1
126	119	1
127	119	1
128	119	1
129	119	1
130	119	1
131	119	1
132	119	1
133	119	1
134	119	1
135	119	1
136	119	1
137	119	1
138	119	1
139	119	1
140	119	1
141	119	1
142	119	1
143	119	1
144	119	1
145	119	1
146	119	1
147	119	1
148	119	1
149	119	1
150	119	1
151	119	1
152	119	1
153	119	1
154	119	1
155	119	1
156	119	1
157	119	1
158	119	1
159	119	1
160	119	1
161	119	1
162	119	1
163	119	1
164	119	1
165	119	1
166	119	1
167	119	1
168	119	1
169	119	1
170	119	1
171	119	1
172	119	1
173	119	1
174	119	1
175	119	1
195	118	1
91	119	1
275	112	4
275	113	4
275	114	4
275	115	4
276	116	4
277	116	4
278	116	4
279	117	4
280	117	4
274	111	4
281	116	4
344	111	19
345	112	19
346	113	19
347	114	19
348	114	19
349	115	19
350	115	19
352	115	19
354	115	19
356	115	19
358	115	19
351	116	19
353	116	19
355	116	19
357	116	19
359	116	19
360	116	19
362	116	19
361	117	19
363	117	19
343	110	19
364	118	19
405	112	30
405	113	30
405	114	30
404	115	30
404	116	30
403	117	30
402	118	30
91	105	1
90	106	1
90	107	1
89	108	1
89	109	1
88	110	1
88	111	1
87	112	1
88	113	1
88	114	1
89	115	1
89	116	1
90	117	1
90	118	1
92	104	1
91	119	1
220	114	2
221	115	2
222	115	2
223	116	2
224	116	2
225	117	2
226	117	2
238	117	2
240	117	2
241	117	2
227	118	2
228	118	2
229	118	2
231	118	2
233	118	2
235	118	2
236	118	2
237	118	2
239	118	2
230	119	2
232	119	2
234	119	2
220	113	2
242	116	2
397	115	27
398	116	27
399	117	27
400	118	27
396	114	27
401	119	27
283	118	8
282	119	8
282	117	8
403	120	31
404	121	31
402	119	31
195	119	2
195	120	2
195	121	2
195	122	2
195	118	2
399	122	30
398	123	30
400	121	30
380	127	30
379	128	30
389	126	27
390	127	27
401	122	30
401	123	30
401	124	30
401	125	30
401	126	30
402	127	30
400	121	30
343	128	26
342	129	26
364	119	23
364	120	23
365	121	23
364	122	23
365	123	23
366	124	23
367	125	23
368	126	23
369	126	23
370	127	23
372	127	23
371	128	23
373	128	23
375	128	23
377	128	23
378	128	23
374	129	23
376	129	23
364	118	23
379	128	23
343	130	25
342	129	25
380	129	30
381	130	30
379	128	30
208	131	3
207	132	3
254	126	3
254	127	3
254	128	3
254	129	3
254	130	3
254	131	3
254	132	3
341	130	20
340	131	20
342	129	20
90	120	1
90	121	1
89	122	1
89	123	1
88	124	1
88	125	1
87	126	1
88	127	1
88	128	1
89	129	1
89	130	1
90	131	1
90	132	1
91	119	1
91	133	1
190	131	2
192	131	2
194	131	2
196	131	2
198	131	2
200	131	2
201	131	2
202	131	2
204	131	2
181	132	2
182	132	2
183	132	2
184	132	2
185	132	2
186	132	2
187	132	2
188	132	2
189	132	2
191	132	2
193	132	2
195	132	2
197	132	2
199	132	2
203	132	2
205	132	2
180	133	2
206	133	2
262	129	3
261	130	3
260	131	3
259	132	3
258	133	3
176	132	1
178	132	1
179	132	1
92	133	1
93	133	1
94	133	1
95	133	1
96	133	1
97	133	1
98	133	1
99	133	1
100	133	1
101	133	1
102	133	1
103	133	1
104	133	1
105	133	1
106	133	1
107	133	1
108	133	1
109	133	1
110	133	1
111	133	1
112	133	1
113	133	1
114	133	1
115	133	1
116	133	1
117	133	1
118	133	1
119	133	1
120	133	1
121	133	1
122	133	1
123	133	1
124	133	1
125	133	1
126	133	1
127	133	1
128	133	1
129	133	1
130	133	1
131	133	1
132	133	1
133	133	1
134	133	1
135	133	1
136	133	1
137	133	1
138	133	1
139	133	1
140	133	1
141	133	1
142	133	1
143	133	1
144	133	1
145	133	1
146	133	1
147	133	1
148	133	1
149	133	1
150	133	1
151	133	1
152	133	1
153	133	1
154	133	1
155	133	1
156	133	1
157	133	1
158	133	1
159	133	1
160	133	1
161	133	1
162	133	1
163	133	1
164	133	1
165	133	1
166	133	1
167	133	1
168	133	1
169	133	1
170	133	1
171	133	1
172	133	1
173	133	1
174	133	1
175	133	1
177	133	1
91	133	1
180	133	1
244	132	3
245	132	3
246	132	3
247	132	3
248	132	3
250	132	3
252	132	3
241	133	3
242	133	3
243	133	3
249	133	3
251	133	3
253	133	3
240	134	3
254	132	3
239	135	3
228	132	3
230	132	3
232	132	3
234	132	3
223	133	3
225	133	3
227	133	3
229	133	3
231	133	3
233	133	3
235	133	3
236	133	3
237	133	3
208	134	3
220	134	3
221	134	3
222	134	3
224	134	3
226	134	3
238	134	3
209	135	3
210	135	3
218	135	3
219	135	3
211	136	3
212	136	3
213	136	3
214	136	3
215	136	3
216	136	3
217	136	3
207	133	3
239	135	3
255	133	3
256	133	3
257	134	3
254	132	3
258	133	3
406	129	31
407	130	31
408	130	31
409	131	31
410	132	31
411	133	31
411	134	31
279	130	8
280	131	8
281	132	8
281	133	8
281	134	8
281	135	8
281	136	8
180	134	2
180	135	2
180	136	2
180	137	2
180	138	2
180	133	2
285	136	9
283	137	9
284	137	9
286	137	9
288	137	9
287	138	9
289	138	9
290	138	9
291	138	9
292	138	9
293	138	9
282	137	9
294	139	9
302	131	12
301	132	12
300	133	12
300	134	12
298	135	12
299	135	12
297	136	12
296	137	12
295	138	12
294	139	12
273	139	4
274	139	4
275	139	4
272	140	4
271	141	4
276	140	4
270	142	4
279	138	6
280	138	6
277	139	6
278	139	6
281	137	6
276	140	6
259	134	3
260	135	3
261	136	3
262	137	3
263	138	3
264	139	3
265	140	3
258	133	3
266	141	3
267	141	5
268	141	5
269	142	5
266	141	5
270	142	5
264	142	3
265	142	3
262	143	3
263	143	3
260	144	3
261	144	3
259	145	3
256	146	3
257	146	3
258	146	3
255	147	3
253	148	3
254	148	3
252	149	3
243	150	3
244	150	3
246	150	3
249	150	3
251	150	3
240	151	3
241	151	3
242	151	3
245	151	3
247	151	3
248	151	3
250	151	3
236	152	3
237	152	3
238	152	3
239	152	3
266	141	3
235	152	3
271	143	10
272	144	10
273	145	10
274	146	10
270	142	10
276	141	6
276	142	6
276	143	6
276	144	6
276	145	6
276	146	6
276	140	6
239	136	3
239	137	3
238	138	3
237	139	3
236	140	3
235	141	3
235	142	3
234	143	3
233	144	3
232	145	3
232	146	3
231	147	3
239	135	3
230	148	3
90	134	1
90	135	1
89	136	1
89	137	1
88	138	1
88	139	1
87	140	1
88	141	1
88	142	1
89	143	1
89	144	1
90	145	1
90	146	1
91	147	1
91	148	1
91	133	1
92	149	1
197	146	2
199	146	2
193	147	2
194	147	2
195	147	2
196	147	2
198	147	2
200	147	2
201	147	2
202	147	2
192	148	2
203	148	2
204	148	2
225	148	2
227	148	2
228	148	2
229	148	2
190	149	2
191	149	2
205	149	2
206	149	2
208	149	2
222	149	2
223	149	2
224	149	2
226	149	2
207	150	2
209	150	2
210	150	2
211	150	2
213	150	2
215	150	2
220	150	2
221	150	2
212	151	2
214	151	2
216	151	2
217	151	2
218	151	2
219	151	2
230	148	2
189	150	2
295	140	12
295	141	12
295	142	12
295	143	12
296	144	12
297	145	12
297	146	12
298	147	12
299	147	12
300	148	12
301	148	12
294	139	12
179	147	1
180	147	1
181	147	1
182	147	1
183	147	1
177	148	1
178	148	1
184	148	1
185	148	1
186	148	1
93	149	1
94	149	1
95	149	1
96	149	1
97	149	1
98	149	1
99	149	1
100	149	1
101	149	1
102	149	1
103	149	1
104	149	1
105	149	1
106	149	1
107	149	1
108	149	1
109	149	1
110	149	1
111	149	1
112	149	1
113	149	1
114	149	1
115	149	1
116	149	1
117	149	1
118	149	1
119	149	1
120	149	1
121	149	1
122	149	1
123	149	1
124	149	1
125	149	1
126	149	1
127	149	1
128	149	1
129	149	1
130	149	1
131	149	1
132	149	1
133	149	1
134	149	1
135	149	1
136	149	1
137	149	1
138	149	1
139	149	1
140	149	1
141	149	1
142	149	1
143	149	1
144	149	1
145	149	1
146	149	1
147	149	1
148	149	1
149	149	1
150	149	1
151	149	1
152	149	1
153	149	1
154	149	1
155	149	1
156	149	1
157	149	1
158	149	1
159	149	1
160	149	1
161	149	1
162	149	1
163	149	1
164	149	1
165	149	1
166	149	1
167	149	1
168	149	1
169	149	1
170	149	1
171	149	1
172	149	1
173	149	1
174	149	1
175	149	1
176	149	1
187	149	1
188	149	1
92	149	1
189	150	1
231	149	3
232	150	3
233	151	3
230	148	3
234	152	3
314	149	20
315	149	20
311	150	20
313	150	20
312	151	20
278	148	13
274	149	13
275	149	13
276	149	13
277	149	13
279	149	13
280	149	13
273	150	13
281	150	13
282	150	13
272	151	13
283	151	13
269	152	13
270	152	13
271	152	13
284	152	13
285	152	13
286	153	13
287	153	13
288	153	13
290	153	13
292	153	13
294	153	13
296	153	13
298	153	13
299	153	13
289	154	13
291	154	13
293	154	13
295	154	13
297	154	13
234	154	4
234	155	4
235	156	4
236	157	4
237	158	4
238	159	4
234	153	4
91	150	1
91	151	1
90	152	1
90	153	1
89	154	1
89	155	1
89	156	1
90	157	1
90	158	1
91	159	1
91	160	1
92	149	1
92	161	1
189	151	3
189	152	3
189	153	3
188	154	3
187	155	3
186	156	3
186	157	3
185	158	3
185	159	3
184	160	3
189	150	3
183	161	3
93	161	1
94	161	1
95	161	1
96	161	1
97	161	1
98	161	1
99	161	1
100	161	1
101	161	1
102	161	1
103	161	1
104	161	1
105	161	1
106	161	1
107	161	1
108	161	1
109	161	1
110	161	1
111	161	1
112	161	1
113	161	1
114	161	1
115	161	1
116	161	1
117	161	1
118	161	1
119	161	1
120	161	1
121	161	1
122	161	1
123	161	1
124	161	1
125	161	1
126	161	1
127	161	1
128	161	1
129	161	1
130	161	1
131	161	1
132	161	1
133	161	1
134	161	1
135	161	1
136	161	1
137	161	1
138	161	1
139	161	1
140	161	1
141	161	1
142	161	1
143	161	1
144	161	1
145	161	1
146	161	1
147	161	1
148	161	1
149	161	1
150	161	1
151	161	1
152	161	1
153	161	1
154	161	1
155	161	1
156	161	1
157	161	1
158	161	1
159	161	1
160	161	1
161	161	1
162	161	1
163	161	1
164	161	1
165	161	1
166	161	1
167	161	1
168	161	1
169	161	1
170	161	1
171	161	1
172	161	1
173	161	1
174	161	1
175	161	1
176	161	1
177	162	1
178	162	1
179	162	1
180	162	1
181	162	1
182	162	1
92	161	1
183	161	1
338	163	25
339	164	25
338	166	22
336	167	22
337	167	22
339	165	22
335	168	22
342	164	24
343	164	24
344	164	24
341	165	24
345	165	24
346	165	24
347	165	24
348	165	24
354	165	24
349	166	24
350	166	24
351	166	24
353	166	24
352	167	24
340	164	24
332	167	23
333	168	23
334	169	23
279	168	12
279	169	12
259	170	13
260	171	13
261	170	13
260	171	13
326	172	22
327	172	22
328	172	22
329	172	22
330	173	22
333	170	21
332	171	21
331	172	21
334	169	21
330	173	21
184	162	3
185	163	3
186	164	3
186	165	3
187	166	3
188	167	3
188	168	3
189	169	3
190	170	3
191	171	3
192	172	3
192	173	3
183	161	3
192	174	3
209	160	4
209	161	4
208	162	4
208	163	4
208	164	4
207	165	4
207	166	4
207	167	4
206	168	4
206	169	4
205	170	4
205	171	4
205	172	4
205	173	4
205	174	4
205	175	4
205	176	4
332	175	21
331	174	21
336	170	20
336	171	20
337	172	20
338	173	20
338	174	20
338	175	20
338	176	20
335	169	20
91	162	1
91	163	1
90	164	1
90	165	1
89	166	1
89	167	1
88	168	1
88	169	1
88	170	1
88	171	1
88	172	1
89	173	1
89	174	1
90	175	1
90	176	1
91	177	1
92	161	1
92	178	1
193	175	4
194	176	4
195	176	4
196	177	4
197	177	4
198	177	4
200	177	4
202	177	4
203	177	4
204	177	4
199	178	4
201	178	4
192	174	4
205	176	4
191	175	1
189	176	1
190	176	1
187	177	1
188	177	1
93	178	1
94	178	1
95	178	1
96	178	1
97	178	1
98	178	1
99	178	1
100	178	1
101	178	1
102	178	1
103	178	1
104	178	1
105	178	1
106	178	1
107	178	1
108	178	1
109	178	1
110	178	1
111	178	1
112	178	1
113	178	1
114	178	1
115	178	1
116	178	1
117	178	1
118	178	1
119	178	1
120	178	1
121	178	1
122	178	1
123	178	1
124	178	1
125	178	1
126	178	1
127	178	1
128	178	1
129	178	1
130	178	1
131	178	1
132	178	1
133	178	1
134	178	1
135	178	1
136	178	1
137	178	1
138	178	1
139	178	1
140	178	1
141	178	1
142	178	1
143	178	1
144	178	1
145	178	1
146	178	1
147	178	1
148	178	1
149	178	1
150	178	1
151	178	1
152	178	1
153	178	1
154	178	1
155	178	1
156	178	1
157	178	1
158	178	1
159	178	1
160	178	1
161	178	1
162	178	1
163	178	1
164	178	1
165	178	1
166	178	1
167	178	1
168	178	1
169	178	1
170	178	1
171	178	1
172	178	1
173	178	1
174	178	1
175	178	1
176	178	1
177	178	1
178	178	1
179	178	1
180	178	1
181	178	1
182	178	1
183	178	1
184	178	1
185	178	1
186	178	1
192	174	1
92	178	1
259	172	6
259	173	6
259	174	6
259	175	6
258	176	6
258	177	6
258	178	6
260	171	6
258	179	6
329	175	21
328	176	21
328	177	21
327	178	21
327	179	21
330	174	21
326	180	21
257	180	3
254	181	3
255	181	3
256	181	3
253	182	3
252	183	3
250	184	3
251	184	3
248	185	3
249	185	3
247	186	3
245	187	3
246	187	3
244	188	3
242	189	3
243	189	3
241	190	3
258	179	3
240	191	3
318	180	17
316	181	17
317	181	17
319	181	17
320	181	17
315	182	17
321	182	17
322	182	17
314	183	17
313	184	17
313	185	17
313	186	17
313	187	17
323	183	17
313	188	17
325	181	22
324	182	22
326	180	22
323	183	22
355	183	28
354	184	28
206	177	4
207	178	4
208	179	4
209	180	4
210	181	4
211	182	4
212	183	4
213	184	4
214	185	4
215	185	4
205	176	4
216	186	4
259	180	5
260	181	5
261	181	5
262	182	5
263	182	5
264	182	5
265	183	5
266	184	5
267	185	5
258	179	5
268	186	5
327	181	22
328	182	22
329	183	22
330	183	22
331	184	22
352	184	22
353	184	22
332	185	22
346	185	22
347	185	22
348	185	22
349	185	22
350	185	22
351	185	22
333	186	22
334	186	22
343	186	22
344	186	22
345	186	22
335	187	22
337	187	22
339	187	22
340	187	22
341	187	22
342	187	22
336	188	22
338	188	22
326	180	22
354	184	22
355	185	28
354	184	28
226	182	4
224	183	4
225	183	4
227	183	4
228	183	4
222	184	4
223	184	4
229	184	4
230	184	4
220	185	4
221	185	4
231	185	4
232	185	4
218	186	4
219	186	4
233	186	4
234	186	4
235	187	4
236	188	4
237	188	4
217	187	4
238	189	4
322	184	17
321	185	17
320	186	17
319	187	17
318	188	17
315	189	17
316	189	17
317	189	17
323	183	17
314	189	17
239	190	3
238	189	3
240	191	3
217	188	3
217	189	3
217	190	3
237	190	3
218	191	3
219	191	3
234	191	3
235	191	3
236	191	3
220	192	3
221	192	3
231	192	3
232	192	3
233	192	3
222	193	3
223	193	3
228	193	3
229	193	3
230	193	3
224	194	3
226	194	3
227	194	3
225	195	3
217	187	3
238	189	3
91	179	1
90	180	1
90	181	1
89	182	1
89	183	1
88	184	1
88	185	1
88	186	1
89	187	1
89	188	1
90	189	1
90	190	1
91	191	1
91	192	1
92	178	1
92	193	1
214	187	2
215	187	2
212	188	2
213	188	2
210	189	2
211	189	2
208	190	2
209	190	2
190	191	2
191	191	2
192	191	2
193	191	2
194	191	2
195	191	2
196	191	2
197	191	2
198	191	2
199	191	2
200	191	2
202	191	2
204	191	2
206	191	2
207	191	2
188	192	2
189	192	2
201	192	2
203	192	2
205	192	2
186	193	2
187	193	2
216	186	2
185	194	2
262	192	15
263	193	15
268	188	12
268	189	12
267	190	12
266	191	12
265	192	12
268	187	12
264	193	12
178	192	1
179	192	1
180	192	1
182	192	1
93	193	1
94	193	1
95	193	1
96	193	1
97	193	1
98	193	1
99	193	1
100	193	1
101	193	1
102	193	1
103	193	1
104	193	1
105	193	1
106	193	1
107	193	1
108	193	1
109	193	1
110	193	1
111	193	1
112	193	1
113	193	1
114	193	1
115	193	1
116	193	1
117	193	1
118	193	1
119	193	1
120	193	1
121	193	1
122	193	1
123	193	1
124	193	1
125	193	1
126	193	1
127	193	1
128	193	1
129	193	1
130	193	1
131	193	1
132	193	1
133	193	1
134	193	1
135	193	1
136	193	1
137	193	1
138	193	1
139	193	1
140	193	1
141	193	1
142	193	1
143	193	1
144	193	1
145	193	1
146	193	1
147	193	1
148	193	1
149	193	1
150	193	1
151	193	1
152	193	1
153	193	1
154	193	1
155	193	1
156	193	1
157	193	1
158	193	1
159	193	1
160	193	1
161	193	1
162	193	1
163	193	1
164	193	1
165	193	1
166	193	1
167	193	1
168	193	1
169	193	1
170	193	1
171	193	1
172	193	1
173	193	1
174	193	1
175	193	1
176	193	1
177	193	1
181	193	1
183	193	1
184	193	1
92	193	1
185	194	1
270	185	7
272	185	7
274	185	7
271	186	7
273	186	7
275	186	7
276	186	7
277	186	7
278	186	7
279	186	7
280	186	7
281	186	7
282	187	7
283	188	7
284	188	7
285	189	7
286	189	7
287	190	7
310	190	7
311	190	7
288	191	7
308	191	7
309	191	7
289	192	7
290	192	7
305	192	7
307	192	7
291	193	7
299	193	7
301	193	7
302	193	7
303	193	7
304	193	7
306	193	7
292	194	7
293	194	7
294	194	7
295	194	7
296	194	7
297	194	7
298	194	7
300	194	7
269	186	7
312	189	7
259	194	13
260	195	13
261	196	13
262	195	14
263	194	14
261	196	14
313	191	17
313	192	17
313	193	17
313	194	17
314	195	17
315	196	17
315	197	17
316	198	17
317	199	17
313	190	17
318	200	17
240	192	3
241	193	3
241	194	3
242	195	3
243	196	3
244	197	3
245	198	3
246	199	3
247	200	3
240	191	3
321	200	20
320	201	20
317	202	22
318	201	22
261	197	3
261	198	3
261	199	3
261	200	3
261	201	3
261	202	3
261	203	3
261	196	3
260	204	3
321	203	21
320	202	21
185	195	3
185	196	3
185	197	3
186	198	3
186	199	3
187	200	3
187	201	3
186	202	3
186	203	3
186	204	3
185	194	3
186	205	3
403	204	32
404	205	32
405	204	32
404	205	32
91	194	1
91	195	1
90	196	1
90	197	1
89	198	1
89	199	1
88	200	1
89	201	1
89	202	1
90	203	1
90	204	1
91	205	1
92	193	1
92	206	1
391	206	32
391	207	32
93	206	1
94	206	1
95	206	1
96	206	1
97	206	1
98	206	1
99	206	1
100	206	1
101	206	1
102	206	1
103	206	1
104	206	1
105	206	1
106	206	1
107	206	1
108	206	1
109	206	1
110	206	1
111	206	1
112	206	1
113	206	1
114	206	1
115	206	1
116	206	1
117	206	1
118	206	1
119	206	1
120	206	1
121	206	1
122	206	1
123	206	1
124	206	1
125	206	1
126	206	1
127	206	1
128	206	1
129	206	1
130	206	1
131	206	1
132	206	1
133	206	1
134	206	1
135	206	1
136	206	1
137	206	1
138	206	1
139	206	1
140	206	1
141	206	1
142	206	1
143	206	1
144	206	1
145	206	1
146	206	1
147	206	1
148	206	1
149	206	1
150	206	1
151	206	1
152	206	1
153	206	1
154	206	1
155	206	1
156	206	1
157	206	1
158	206	1
159	206	1
160	206	1
161	206	1
162	206	1
163	206	1
164	206	1
165	206	1
166	206	1
167	206	1
168	206	1
169	206	1
170	206	1
171	206	1
172	206	1
173	206	1
174	206	1
175	206	1
176	206	1
178	206	1
180	206	1
182	206	1
185	206	1
177	207	1
179	207	1
181	207	1
183	207	1
184	207	1
186	205	1
92	206	1
404	206	30
400	207	30
401	207	30
402	207	30
403	207	30
399	208	30
404	205	30
393	208	31
392	208	31
261	205	3
262	205	3
263	206	3
264	206	3
265	207	3
266	208	3
267	208	3
275	208	3
268	209	3
269	209	3
271	209	3
274	209	3
270	210	3
272	210	3
273	210	3
260	204	3
390	209	29
389	210	29
389	211	29
391	208	29
389	212	29
397	210	30
397	211	30
397	212	30
410	210	34
410	211	34
212	204	3
214	204	3
215	204	3
216	204	3
217	204	3
218	204	3
219	204	3
220	204	3
221	204	3
222	204	3
223	204	3
204	205	3
206	205	3
208	205	3
209	205	3
210	205	3
211	205	3
213	205	3
224	205	3
225	205	3
226	205	3
227	205	3
187	206	3
201	206	3
203	206	3
205	206	3
207	206	3
228	206	3
229	206	3
230	206	3
188	207	3
189	207	3
200	207	3
202	207	3
231	207	3
232	207	3
233	207	3
190	208	3
191	208	3
192	208	3
193	208	3
197	208	3
199	208	3
234	208	3
194	209	3
195	209	3
196	209	3
198	209	3
235	209	3
236	210	3
237	210	3
238	211	3
240	211	3
239	212	3
241	212	3
242	212	3
243	212	3
244	212	3
186	205	3
245	213	3
258	204	3
259	204	3
256	205	3
257	205	3
254	206	3
255	206	3
253	207	3
251	208	3
252	208	3
250	209	3
248	210	3
249	210	3
247	211	3
246	212	3
260	204	3
245	213	3
383	213	2
384	213	2
385	213	2
386	213	2
387	213	2
388	213	2
381	214	2
382	214	2
377	215	2
378	215	2
379	215	2
380	215	2
374	216	2
375	216	2
376	216	2
287	217	2
289	217	2
290	217	2
291	217	2
292	217	2
293	217	2
294	217	2
295	217	2
296	217	2
297	217	2
298	217	2
300	217	2
302	217	2
304	217	2
331	217	2
333	217	2
335	217	2
337	217	2
349	217	2
350	217	2
351	217	2
352	217	2
353	217	2
354	217	2
355	217	2
356	217	2
357	217	2
358	217	2
366	217	2
368	217	2
369	217	2
370	217	2
371	217	2
372	217	2
373	217	2
282	218	2
284	218	2
285	218	2
286	218	2
288	218	2
299	218	2
301	218	2
303	218	2
305	218	2
306	218	2
307	218	2
308	218	2
310	218	2
312	218	2
326	218	2
328	218	2
329	218	2
330	218	2
332	218	2
334	218	2
336	218	2
338	218	2
339	218	2
340	218	2
341	218	2
342	218	2
343	218	2
344	218	2
345	218	2
346	218	2
347	218	2
348	218	2
359	218	2
360	218	2
361	218	2
362	218	2
363	218	2
364	218	2
365	218	2
367	218	2
277	219	2
278	219	2
279	219	2
280	219	2
281	219	2
283	219	2
309	219	2
311	219	2
313	219	2
315	219	2
317	219	2
319	219	2
321	219	2
323	219	2
325	219	2
327	219	2
270	220	2
272	220	2
273	220	2
274	220	2
275	220	2
276	220	2
314	220	2
316	220	2
318	220	2
320	220	2
322	220	2
324	220	2
267	221	2
269	221	2
271	221	2
265	222	2
266	222	2
268	222	2
263	223	2
264	223	2
262	224	2
260	225	2
261	225	2
259	226	2
389	212	2
258	227	2
406	213	33
405	214	33
390	213	29
391	213	29
394	213	29
392	214	29
393	214	29
395	214	29
389	212	29
396	213	29
410	215	34
409	216	34
398	214	30
399	215	30
400	215	30
404	215	30
401	216	30
402	216	30
403	216	30
397	213	30
405	214	30
406	215	33
407	216	33
405	214	33
408	216	33
409	218	34
410	219	34
409	217	34
91	207	1
90	208	1
90	209	1
89	210	1
89	211	1
88	212	1
88	213	1
87	214	1
88	215	1
88	216	1
89	217	1
89	218	1
90	219	1
90	220	1
91	221	1
92	206	1
92	222	1
245	214	2
246	215	2
246	216	2
247	217	2
247	218	2
247	219	2
247	220	2
247	221	2
245	213	2
247	222	2
178	221	1
180	221	1
182	221	1
93	222	1
94	222	1
95	222	1
96	222	1
97	222	1
98	222	1
99	222	1
100	222	1
101	222	1
102	222	1
103	222	1
104	222	1
105	222	1
106	222	1
107	222	1
108	222	1
109	222	1
110	222	1
111	222	1
112	222	1
113	222	1
114	222	1
115	222	1
116	222	1
117	222	1
118	222	1
119	222	1
120	222	1
121	222	1
122	222	1
123	222	1
124	222	1
125	222	1
126	222	1
127	222	1
128	222	1
129	222	1
130	222	1
131	222	1
132	222	1
133	222	1
134	222	1
135	222	1
136	222	1
137	222	1
138	222	1
139	222	1
140	222	1
141	222	1
142	222	1
143	222	1
144	222	1
145	222	1
146	222	1
147	222	1
148	222	1
149	222	1
150	222	1
151	222	1
152	222	1
153	222	1
154	222	1
155	222	1
156	222	1
157	222	1
158	222	1
159	222	1
160	222	1
161	222	1
162	222	1
163	222	1
164	222	1
165	222	1
166	222	1
167	222	1
168	222	1
169	222	1
170	222	1
171	222	1
172	222	1
173	222	1
174	222	1
175	222	1
176	222	1
177	222	1
179	222	1
181	222	1
183	222	1
184	222	1
185	222	1
187	222	1
188	222	1
189	222	1
190	222	1
191	222	1
206	222	1
208	222	1
210	222	1
212	222	1
214	222	1
216	222	1
186	223	1
192	223	1
193	223	1
194	223	1
195	223	1
197	223	1
199	223	1
201	223	1
202	223	1
203	223	1
204	223	1
205	223	1
207	223	1
209	223	1
211	223	1
213	223	1
215	223	1
217	223	1
218	223	1
219	223	1
220	223	1
222	223	1
224	223	1
226	223	1
228	223	1
229	223	1
230	223	1
231	223	1
232	223	1
233	223	1
234	223	1
235	223	1
236	223	1
237	223	1
239	223	1
241	223	1
243	223	1
245	223	1
246	223	1
196	224	1
198	224	1
200	224	1
221	224	1
223	224	1
225	224	1
227	224	1
238	224	1
240	224	1
242	224	1
244	224	1
92	222	1
247	222	1
248	223	2
249	224	2
250	224	2
251	225	2
252	225	2
253	225	2
254	226	2
255	227	2
256	227	2
247	222	2
257	227	2
371	228	26
372	229	26
375	226	26
375	227	26
374	228	26
373	229	26
274	232	8
273	233	8
274	234	6
273	233	6
335	234	22
334	235	22
91	223	1
90	224	1
90	225	1
89	226	1
89	227	1
88	228	1
88	229	1
88	230	1
89	231	1
89	232	1
90	233	1
90	234	1
91	235	1
92	222	1
92	236	1
259	229	2
259	230	2
260	231	2
260	232	2
261	233	2
262	234	2
263	234	2
264	235	2
258	228	2
331	235	21
332	236	21
333	235	21
334	235	21
332	236	21
335	236	22
334	235	22
272	233	3
271	234	3
270	235	3
269	236	3
269	237	3
268	238	3
268	239	3
273	233	3
267	240	3
194	234	1
196	234	1
198	234	1
200	234	1
202	234	1
204	234	1
205	234	1
206	234	1
207	234	1
208	234	1
209	234	1
210	234	1
211	234	1
212	234	1
213	234	1
214	234	1
215	234	1
216	234	1
217	234	1
218	234	1
219	234	1
220	234	1
221	234	1
222	234	1
188	235	1
190	235	1
191	235	1
192	235	1
193	235	1
195	235	1
197	235	1
199	235	1
201	235	1
203	235	1
223	235	1
224	235	1
225	235	1
226	235	1
227	235	1
228	235	1
229	235	1
230	235	1
232	235	1
234	235	1
236	235	1
238	235	1
93	236	1
94	236	1
95	236	1
96	236	1
97	236	1
98	236	1
99	236	1
100	236	1
101	236	1
102	236	1
103	236	1
104	236	1
105	236	1
106	236	1
107	236	1
108	236	1
109	236	1
110	236	1
111	236	1
112	236	1
113	236	1
114	236	1
115	236	1
116	236	1
117	236	1
118	236	1
119	236	1
120	236	1
121	236	1
122	236	1
123	236	1
124	236	1
125	236	1
126	236	1
127	236	1
128	236	1
129	236	1
130	236	1
131	236	1
132	236	1
133	236	1
134	236	1
135	236	1
136	236	1
137	236	1
138	236	1
139	236	1
140	236	1
141	236	1
142	236	1
143	236	1
144	236	1
145	236	1
146	236	1
147	236	1
148	236	1
149	236	1
150	236	1
151	236	1
152	236	1
153	236	1
154	236	1
155	236	1
156	236	1
157	236	1
158	236	1
159	236	1
160	236	1
161	236	1
162	236	1
163	236	1
164	236	1
165	236	1
166	236	1
167	236	1
168	236	1
169	236	1
170	236	1
171	236	1
172	236	1
173	236	1
174	236	1
175	236	1
176	236	1
177	236	1
178	236	1
179	236	1
180	236	1
181	236	1
182	236	1
183	236	1
184	236	1
186	236	1
187	236	1
189	236	1
231	236	1
233	236	1
235	236	1
237	236	1
239	236	1
241	236	1
243	236	1
185	237	1
240	237	1
242	237	1
244	237	1
245	237	1
246	237	1
248	237	1
250	237	1
252	237	1
247	238	1
249	238	1
251	238	1
253	238	1
254	238	1
256	238	1
255	239	1
257	239	1
258	239	1
259	239	1
260	239	1
261	240	1
262	240	1
264	240	1
263	241	1
265	241	1
92	236	1
266	241	1
331	237	19
331	238	19
330	239	19
330	240	19
329	241	19
332	236	19
329	242	19
371	231	23
370	232	23
369	233	23
368	234	23
367	235	23
366	236	23
367	237	23
366	238	23
366	239	23
367	240	23
367	241	23
372	230	23
366	242	23
286	241	9
285	242	9
284	243	9
283	244	9
309	234	14
311	234	14
313	234	14
308	235	14
310	235	14
312	235	14
307	236	14
306	237	14
305	238	14
305	239	14
305	240	14
305	241	14
305	242	14
305	243	14
305	244	14
326	243	16
327	243	16
328	243	16
322	244	16
324	244	16
325	244	16
321	245	16
323	245	16
329	242	16
320	246	16
382	239	25
381	240	25
381	241	25
381	242	25
380	243	25
379	244	25
375	244	24
376	245	24
268	242	3
269	243	3
270	244	3
271	245	3
267	241	3
272	246	3
309	244	13
307	245	13
308	245	13
310	245	13
311	245	13
312	245	13
313	245	13
314	245	13
306	245	13
315	246	13
316	245	17
317	245	17
318	245	17
319	245	17
315	246	17
320	246	17
365	244	23
364	245	23
366	243	23
363	246	23
378	244	25
377	245	25
379	244	25
376	245	25
390	243	27
389	244	27
390	245	27
389	246	27
368	243	23
369	243	23
370	244	23
370	245	23
370	246	23
367	243	23
263	246	2
263	247	2
263	248	2
282	244	4
280	245	4
281	245	4
278	246	4
279	246	4
276	247	4
277	247	4
283	244	4
275	248	4
304	246	11
303	247	11
305	245	11
302	248	11
330	243	16
331	243	16
340	243	16
342	243	16
343	243	16
344	243	16
345	243	16
332	244	16
333	244	16
335	244	16
336	244	16
337	244	16
338	244	16
339	244	16
341	244	16
346	244	16
348	244	16
334	245	16
347	245	16
349	245	16
350	245	16
351	245	16
352	245	16
353	245	16
354	245	16
355	246	16
356	246	16
357	246	16
359	246	16
360	246	16
358	247	16
361	247	16
329	242	16
362	246	16
380	245	25
382	245	25
384	245	25
381	246	25
383	246	25
385	246	25
386	246	25
387	246	25
388	247	25
379	244	25
389	246	25
91	237	1
90	238	1
90	239	1
89	240	1
89	241	1
88	242	1
89	243	1
89	244	1
90	245	1
90	246	1
91	247	1
91	248	1
92	236	1
92	249	1
268	248	2
269	248	2
270	248	2
264	249	2
266	249	2
267	249	2
265	250	2
271	247	2
263	248	2
274	247	2
273	248	2
272	247	2
275	248	2
284	245	9
285	246	9
286	247	9
287	248	9
288	248	9
283	244	9
289	249	9
390	247	27
391	248	27
389	246	27
225	247	2
227	247	2
228	247	2
229	247	2
230	247	2
232	247	2
222	248	2
223	248	2
224	248	2
226	248	2
231	248	2
233	248	2
218	249	2
220	249	2
221	249	2
234	249	2
235	249	2
236	249	2
238	249	2
248	249	2
250	249	2
252	249	2
254	249	2
256	249	2
257	249	2
258	249	2
259	249	2
260	249	2
261	249	2
262	249	2
215	250	2
216	250	2
217	250	2
219	250	2
237	250	2
239	250	2
240	250	2
241	250	2
242	250	2
243	250	2
244	250	2
245	250	2
246	250	2
247	250	2
249	250	2
251	250	2
253	250	2
255	250	2
214	251	2
263	248	2
213	252	2
299	249	6
300	249	6
301	249	6
290	250	6
292	250	6
294	250	6
296	250	6
297	250	6
298	250	6
291	251	6
293	251	6
295	251	6
302	248	6
289	249	6
315	247	14
315	248	14
316	249	14
315	246	14
317	250	14
320	247	14
320	248	14
319	249	14
320	246	14
318	250	14
375	246	24
374	247	24
373	248	24
373	249	24
376	245	24
373	250	24
93	249	1
94	249	1
95	249	1
96	249	1
97	249	1
98	249	1
99	249	1
100	249	1
101	249	1
102	249	1
103	249	1
104	249	1
105	249	1
106	249	1
107	249	1
108	249	1
109	249	1
110	249	1
111	249	1
112	249	1
113	249	1
114	249	1
115	249	1
116	249	1
117	249	1
118	249	1
119	249	1
120	249	1
121	249	1
122	249	1
123	249	1
124	249	1
125	249	1
126	249	1
127	249	1
128	249	1
129	249	1
130	249	1
131	249	1
132	249	1
133	249	1
134	249	1
135	249	1
136	249	1
137	249	1
138	249	1
139	249	1
140	249	1
141	249	1
142	249	1
143	249	1
144	249	1
145	249	1
146	249	1
147	249	1
148	249	1
149	249	1
150	249	1
151	249	1
152	249	1
153	249	1
154	249	1
155	249	1
156	249	1
157	249	1
158	249	1
159	249	1
160	249	1
161	249	1
162	249	1
163	249	1
164	249	1
165	249	1
166	249	1
167	249	1
168	249	1
169	249	1
170	249	1
171	249	1
172	249	1
173	249	1
174	249	1
175	249	1
176	249	1
177	249	1
178	250	1
179	250	1
180	250	1
181	250	1
182	250	1
183	250	1
184	250	1
185	250	1
186	250	1
187	250	1
188	250	1
189	250	1
190	250	1
191	250	1
206	250	1
208	250	1
210	250	1
192	251	1
193	251	1
194	251	1
195	251	1
196	251	1
197	251	1
199	251	1
201	251	1
203	251	1
205	251	1
207	251	1
209	251	1
211	251	1
212	251	1
198	252	1
200	252	1
202	252	1
204	252	1
92	249	1
213	252	1
316	252	14
317	251	14
316	253	14
363	248	22
364	249	22
365	249	22
366	250	22
368	250	22
367	251	22
369	251	22
370	251	22
371	252	22
363	247	22
372	251	22
276	249	2
277	250	2
288	250	2
278	251	2
279	251	2
286	251	2
287	251	2
280	252	2
284	252	2
285	252	2
281	253	2
282	253	2
283	253	2
275	248	2
289	249	2
303	249	11
304	250	11
305	251	11
306	251	11
307	252	11
308	253	11
302	248	11
309	254	11
374	252	24
375	253	24
373	251	24
376	253	24
381	250	25
382	250	25
383	250	25
379	251	25
380	251	25
384	251	25
377	252	25
378	252	25
385	252	25
386	252	25
387	252	25
388	253	25
376	253	25
394	254	27
395	254	27
396	254	27
310	254	11
314	254	11
311	255	11
312	255	11
313	255	11
309	254	11
315	254	11
308	255	11
307	256	11
309	254	11
317	255	13
318	256	13
316	254	13
319	257	13
343	248	19
344	248	19
342	249	19
341	250	19
340	251	19
341	252	19
340	253	19
340	254	19
340	255	19
340	256	19
340	257	19
377	254	25
378	255	25
379	256	25
376	253	25
380	257	25
382	256	27
383	256	27
381	257	27
213	253	2
213	254	2
213	255	2
213	256	2
213	257	2
213	252	2
213	258	2
321	256	14
323	256	14
320	257	14
322	257	14
319	257	14
324	257	14
325	256	14
326	256	14
327	256	14
328	257	14
329	257	14
330	258	14
324	257	14
331	259	14
334	257	15
336	257	15
337	257	15
332	258	15
333	258	15
335	258	15
338	258	15
339	258	15
340	257	15
331	259	15
324	258	15
325	259	15
326	260	15
324	257	15
327	261	15
212	259	1
204	260	1
206	260	1
208	260	1
210	260	1
211	260	1
197	261	1
198	261	1
199	261	1
200	261	1
201	261	1
202	261	1
203	261	1
205	261	1
207	261	1
209	261	1
195	262	1
196	262	1
92	263	1
93	263	1
94	263	1
95	263	1
96	263	1
97	263	1
98	263	1
99	263	1
100	263	1
101	263	1
102	263	1
103	263	1
104	263	1
105	263	1
106	263	1
107	263	1
108	263	1
109	263	1
110	263	1
111	263	1
112	263	1
113	263	1
114	263	1
115	263	1
116	263	1
117	263	1
118	263	1
119	263	1
120	263	1
121	263	1
122	263	1
123	263	1
124	263	1
125	263	1
126	263	1
127	263	1
128	263	1
129	263	1
130	263	1
131	263	1
132	263	1
133	263	1
134	263	1
135	263	1
136	263	1
137	263	1
138	263	1
139	263	1
140	263	1
141	263	1
142	263	1
143	263	1
144	263	1
145	263	1
146	263	1
147	263	1
148	263	1
149	263	1
150	263	1
151	263	1
152	263	1
153	263	1
154	263	1
155	263	1
156	263	1
157	263	1
158	263	1
159	263	1
160	263	1
161	263	1
162	263	1
163	263	1
164	263	1
165	263	1
166	263	1
167	263	1
168	263	1
169	263	1
170	263	1
171	263	1
172	263	1
173	263	1
174	263	1
175	263	1
178	263	1
180	263	1
182	263	1
191	263	1
192	263	1
193	263	1
194	263	1
176	264	1
177	264	1
179	264	1
181	264	1
183	264	1
184	264	1
185	264	1
186	264	1
187	264	1
188	264	1
189	264	1
190	264	1
213	258	1
91	263	1
329	260	15
330	260	15
328	261	15
331	259	15
327	261	15
91	250	1
91	251	1
90	252	1
90	253	1
89	254	1
89	255	1
88	256	1
88	257	1
88	258	1
89	259	1
89	260	1
90	261	1
90	262	1
92	249	1
91	263	1
341	258	20
342	259	20
343	260	20
344	261	20
345	262	20
346	262	20
347	262	20
340	257	20
348	263	20
352	260	23
351	261	23
350	262	23
349	263	23
326	262	15
323	263	15
324	263	15
325	263	15
322	264	15
320	265	15
321	265	15
319	266	15
318	267	15
315	268	15
316	268	15
317	268	15
327	261	15
314	268	15
300	257	10
298	258	10
299	258	10
297	259	10
296	260	10
295	261	10
294	262	10
294	263	10
293	264	10
293	265	10
292	266	10
214	259	1
215	259	1
217	259	1
219	259	1
216	260	1
218	260	1
220	260	1
221	260	1
222	260	1
223	260	1
224	260	1
225	260	1
226	260	1
228	260	1
230	260	1
232	260	1
253	260	1
255	260	1
256	260	1
257	260	1
258	260	1
259	260	1
260	260	1
261	260	1
262	260	1
263	260	1
265	260	1
227	261	1
229	261	1
231	261	1
233	261	1
234	261	1
235	261	1
236	261	1
238	261	1
240	261	1
242	261	1
244	261	1
246	261	1
248	261	1
250	261	1
251	261	1
252	261	1
254	261	1
264	261	1
266	261	1
268	261	1
270	261	1
237	262	1
239	262	1
241	262	1
243	262	1
245	262	1
247	262	1
249	262	1
267	262	1
269	262	1
271	262	1
272	262	1
273	262	1
274	263	1
275	263	1
276	263	1
278	263	1
277	264	1
279	264	1
280	264	1
281	264	1
282	264	1
283	265	1
284	265	1
285	265	1
287	265	1
286	266	1
288	266	1
289	266	1
290	266	1
291	266	1
213	258	1
292	266	1
318	258	13
317	259	13
316	260	13
315	261	13
314	262	13
313	263	13
313	264	13
313	265	13
313	266	13
319	257	13
313	267	13
370	263	26
371	264	26
372	265	26
373	266	26
374	266	26
380	259	26
381	260	26
382	261	26
383	262	26
384	263	26
385	263	26
386	264	26
387	265	26
388	265	26
389	266	26
380	258	26
348	265	22
349	266	22
349	267	22
349	268	22
350	269	22
348	264	22
293	267	9
294	268	9
295	268	9
296	269	9
297	270	9
298	270	9
300	270	9
302	270	9
305	270	9
307	270	9
308	270	9
309	270	9
310	270	9
299	271	9
301	271	9
303	271	9
304	271	9
306	271	9
292	266	9
311	269	9
90	264	1
90	265	1
89	266	1
89	267	1
88	268	1
88	269	1
87	270	1
87	271	1
87	272	1
88	273	1
88	274	1
89	275	1
89	276	1
90	277	1
90	278	1
91	263	1
91	279	1
325	272	19
325	273	19
324	274	19
323	275	19
323	276	19
322	277	19
321	278	19
321	279	19
184	278	1
92	279	1
93	279	1
94	279	1
95	279	1
96	279	1
97	279	1
98	279	1
99	279	1
100	279	1
101	279	1
102	279	1
103	279	1
104	279	1
105	279	1
106	279	1
107	279	1
108	279	1
109	279	1
110	279	1
111	279	1
112	279	1
113	279	1
114	279	1
115	279	1
116	279	1
117	279	1
118	279	1
119	279	1
120	279	1
121	279	1
122	279	1
123	279	1
124	279	1
125	279	1
126	279	1
127	279	1
128	279	1
129	279	1
130	279	1
131	279	1
132	279	1
133	279	1
134	279	1
135	279	1
136	279	1
137	279	1
138	279	1
139	279	1
140	279	1
141	279	1
142	279	1
143	279	1
144	279	1
145	279	1
146	279	1
147	279	1
148	279	1
149	279	1
150	279	1
151	279	1
152	279	1
153	279	1
154	279	1
155	279	1
156	279	1
157	279	1
158	279	1
159	279	1
160	279	1
161	279	1
162	279	1
163	279	1
164	279	1
165	279	1
166	279	1
167	279	1
168	279	1
169	279	1
170	279	1
171	279	1
172	279	1
173	279	1
174	279	1
175	279	1
176	279	1
177	279	1
178	279	1
179	279	1
180	279	1
181	279	1
182	279	1
183	279	1
185	279	1
91	279	1
186	280	1
215	278	2
216	278	2
217	278	2
214	279	2
218	279	2
213	280	2
219	280	2
312	271	14
312	272	14
313	273	14
313	274	14
314	275	14
315	276	14
316	277	14
317	278	14
318	279	14
319	279	14
312	270	14
320	280	14
192	276	2
194	276	2
196	276	2
191	277	2
193	277	2
195	277	2
197	277	2
188	278	2
190	278	2
198	278	2
199	278	2
187	279	2
189	279	2
200	279	2
201	280	2
202	280	2
186	280	2
203	281	2
206	279	2
208	279	2
210	279	2
212	279	2
204	280	2
205	280	2
207	280	2
209	280	2
211	280	2
213	280	2
203	281	2
213	281	2
213	282	2
214	283	2
215	284	2
213	280	2
216	285	2
219	281	3
219	282	3
219	283	3
218	284	3
219	280	3
217	285	3
323	281	18
324	281	18
325	282	18
326	283	18
327	283	18
334	283	18
328	284	18
329	284	18
330	284	18
331	284	18
332	284	18
333	284	18
322	280	18
226	277	3
228	277	3
230	277	3
221	278	3
223	278	3
224	278	3
225	278	3
227	278	3
229	278	3
231	278	3
232	278	3
233	278	3
234	278	3
235	278	3
236	278	3
237	278	3
238	278	3
239	278	3
240	278	3
242	278	3
243	278	3
244	278	3
245	278	3
246	278	3
247	278	3
220	279	3
222	279	3
241	279	3
248	279	3
249	279	3
250	279	3
251	280	3
252	280	3
253	280	3
255	280	3
254	281	3
256	281	3
257	281	3
258	282	3
259	282	3
260	283	3
261	283	3
262	284	3
263	285	3
219	280	3
264	286	3
321	282	20
321	283	20
321	284	20
321	285	20
321	286	20
321	281	20
268	287	3
269	288	3
267	286	3
313	286	13
312	287	13
311	288	13
310	289	13
186	281	2
186	282	2
186	283	2
186	284	2
186	285	2
187	286	2
187	287	2
187	288	2
187	289	2
187	290	2
186	280	2
187	291	2
274	281	3
276	281	3
272	282	3
273	282	3
275	282	3
277	282	3
279	282	3
269	283	3
270	283	3
271	283	3
278	283	3
280	283	3
282	283	3
284	283	3
286	283	3
268	284	3
281	284	3
283	284	3
285	284	3
287	284	3
288	284	3
289	284	3
290	284	3
291	284	3
292	284	3
294	284	3
296	284	3
293	285	3
295	285	3
297	285	3
298	285	3
300	285	3
299	286	3
301	286	3
302	286	3
303	286	3
304	287	3
305	288	3
306	288	3
307	288	3
308	289	3
309	290	3
267	285	3
310	289	3
215	287	3
215	288	3
215	289	3
215	290	3
215	291	3
216	286	3
215	292	3
264	288	5
263	289	5
262	290	5
257	291	5
259	291	5
260	291	5
261	291	5
256	292	5
258	292	5
255	293	5
254	294	5
265	287	5
253	295	5
203	282	2
203	283	2
203	284	2
203	285	2
202	286	2
202	287	2
202	288	2
202	289	2
202	290	2
202	291	2
202	292	2
203	281	2
202	293	2
90	280	1
90	281	1
89	282	1
89	283	1
88	284	1
88	285	1
87	286	1
88	287	1
87	288	1
88	289	1
88	290	1
89	291	1
89	292	1
90	293	1
91	279	1
91	294	1
186	292	1
178	293	1
180	293	1
182	293	1
183	293	1
184	293	1
185	293	1
92	294	1
93	294	1
94	294	1
95	294	1
96	294	1
97	294	1
98	294	1
99	294	1
100	294	1
101	294	1
102	294	1
103	294	1
104	294	1
105	294	1
106	294	1
107	294	1
108	294	1
109	294	1
110	294	1
111	294	1
112	294	1
113	294	1
114	294	1
115	294	1
116	294	1
117	294	1
118	294	1
119	294	1
120	294	1
121	294	1
122	294	1
123	294	1
124	294	1
125	294	1
126	294	1
127	294	1
128	294	1
129	294	1
130	294	1
131	294	1
132	294	1
133	294	1
134	294	1
135	294	1
136	294	1
137	294	1
138	294	1
139	294	1
140	294	1
141	294	1
142	294	1
143	294	1
144	294	1
145	294	1
146	294	1
147	294	1
148	294	1
149	294	1
150	294	1
151	294	1
152	294	1
153	294	1
154	294	1
155	294	1
156	294	1
157	294	1
158	294	1
159	294	1
160	294	1
161	294	1
162	294	1
163	294	1
164	294	1
165	294	1
166	294	1
167	294	1
168	294	1
169	294	1
170	294	1
171	294	1
172	294	1
173	294	1
174	294	1
175	294	1
176	294	1
177	294	1
179	294	1
181	294	1
187	291	1
91	294	1
251	294	6
252	295	6
188	292	1
189	293	1
191	293	1
190	294	1
192	294	1
193	294	1
194	294	1
195	294	1
196	294	1
198	294	1
200	294	1
197	295	1
199	295	1
187	291	1
201	294	1
203	295	2
204	296	2
202	294	2
205	297	2
213	293	2
214	293	2
211	294	2
212	294	2
209	295	2
210	295	2
207	296	2
208	296	2
215	292	2
206	297	2
226	291	3
225	292	3
224	293	3
224	294	3
223	295	3
222	296	3
221	297	3
338	296	18
337	297	18
216	293	3
217	294	3
218	295	3
219	296	3
220	297	3
215	292	3
221	297	3
311	290	14
312	291	14
313	291	14
314	292	14
315	293	14
316	294	14
317	294	14
318	295	14
319	296	14
320	296	14
321	297	14
322	297	14
323	297	14
324	297	14
325	297	14
326	297	14
328	297	14
330	297	14
332	297	14
334	297	14
335	297	14
336	297	14
327	298	14
329	298	14
331	298	14
333	298	14
310	289	14
337	297	14
338	298	19
339	299	19
337	297	19
251	297	2
251	298	2
250	299	2
250	300	2
250	301	2
249	302	2
252	296	2
249	303	2
282	301	11
281	302	11
280	303	11
279	304	11
90	295	1
89	296	1
89	297	1
88	298	1
88	299	1
87	300	1
88	301	1
87	302	1
88	303	1
88	304	1
91	294	1
89	305	1
276	305	2
277	305	2
278	305	2
275	306	2
274	307	2
273	308	2
272	309	2
279	304	2
271	310	2
205	299	2
205	300	2
205	301	2
206	302	2
207	303	2
206	304	2
206	305	2
206	306	2
205	298	2
206	307	2
91	307	1
92	307	1
93	308	1
94	308	1
90	306	1
95	309	1
280	305	11
281	305	11
282	306	11
283	307	11
284	308	11
279	304	11
176	308	1
178	308	1
204	308	1
205	308	1
97	309	1
98	309	1
99	309	1
100	309	1
101	309	1
102	309	1
103	309	1
104	309	1
105	309	1
106	309	1
107	309	1
108	309	1
109	309	1
110	309	1
111	309	1
112	309	1
113	309	1
114	309	1
115	309	1
116	309	1
117	309	1
118	309	1
119	309	1
120	309	1
121	309	1
122	309	1
123	309	1
124	309	1
125	309	1
126	309	1
127	309	1
128	309	1
129	309	1
130	309	1
131	309	1
132	309	1
133	309	1
134	309	1
135	309	1
136	309	1
137	309	1
138	309	1
139	309	1
140	309	1
141	309	1
142	309	1
143	309	1
144	309	1
145	309	1
146	309	1
147	309	1
148	309	1
149	309	1
150	309	1
151	309	1
152	309	1
153	309	1
154	309	1
155	309	1
156	309	1
157	309	1
158	309	1
159	309	1
160	309	1
161	309	1
162	309	1
163	309	1
164	309	1
165	309	1
166	309	1
167	309	1
168	309	1
169	309	1
170	309	1
171	309	1
172	309	1
173	309	1
174	309	1
175	309	1
177	309	1
179	309	1
180	309	1
181	309	1
182	309	1
183	309	1
184	309	1
185	309	1
186	309	1
187	309	1
188	309	1
190	309	1
192	309	1
194	309	1
196	309	1
198	309	1
199	309	1
200	309	1
201	309	1
202	309	1
203	309	1
189	310	1
191	310	1
193	310	1
195	310	1
197	310	1
206	307	1
96	309	1
222	298	2
222	299	2
222	300	2
223	301	2
224	302	2
225	303	2
225	304	2
226	305	2
227	306	2
228	307	2
229	308	2
230	309	2
221	297	2
231	310	2
248	304	1
247	305	1
246	306	1
245	307	1
244	308	1
241	309	1
242	309	1
243	309	1
238	310	1
240	310	1
233	311	1
234	311	1
235	311	1
236	311	1
237	311	1
239	311	1
249	303	1
232	311	1
250	304	1
251	305	1
252	306	1
253	306	1
254	307	1
255	308	1
256	308	1
257	309	1
258	309	1
268	309	1
259	310	1
260	310	1
261	310	1
262	310	1
263	310	1
264	310	1
265	310	1
266	310	1
267	310	1
269	310	1
249	303	1
270	310	1
207	308	1
208	309	1
209	309	1
210	310	1
212	310	1
211	311	1
213	311	1
214	311	1
215	312	1
217	312	1
229	312	1
230	312	1
216	313	1
218	313	1
220	313	1
222	313	1
224	313	1
227	313	1
228	313	1
219	314	1
221	314	1
223	314	1
225	314	1
226	314	1
206	307	1
231	311	1
369	316	20
371	316	20
375	316	20
367	317	20
368	317	20
370	317	20
372	317	20
373	317	20
374	317	20
376	317	20
365	318	20
366	318	20
364	319	20
363	320	20
362	321	20
381	317	24
382	318	24
383	318	24
308	320	11
309	320	11
310	320	11
312	320	11
316	320	11
318	320	11
319	320	11
321	320	11
323	320	11
306	321	11
307	321	11
311	321	11
313	321	11
314	321	11
315	321	11
317	321	11
320	321	11
322	321	11
324	321	11
325	321	11
326	321	11
327	321	11
345	321	11
347	321	11
349	321	11
350	321	11
351	321	11
353	321	11
355	321	11
357	321	11
358	321	11
360	321	11
361	321	11
305	322	11
328	322	11
329	322	11
330	322	11
332	322	11
334	322	11
336	322	11
338	322	11
340	322	11
344	322	11
346	322	11
348	322	11
352	322	11
354	322	11
356	322	11
359	322	11
303	323	11
304	323	11
331	323	11
333	323	11
335	323	11
337	323	11
339	323	11
341	323	11
342	323	11
343	323	11
302	324	11
362	321	11
301	325	11
95	311	2
95	312	2
95	313	2
95	314	2
95	315	2
96	316	2
97	317	2
98	317	2
99	318	2
100	318	2
101	319	2
102	319	2
103	320	2
104	320	2
105	321	2
106	321	2
107	322	2
108	322	2
109	323	2
110	323	2
95	310	2
111	324	2
271	312	3
271	313	3
272	314	3
273	315	3
273	316	3
274	317	3
275	318	3
277	318	3
276	319	3
278	319	3
279	319	3
280	319	3
282	319	3
284	319	3
286	319	3
281	320	3
283	320	3
285	320	3
287	320	3
288	320	3
289	320	3
290	320	3
291	320	3
292	320	3
293	321	3
294	321	3
295	322	3
296	323	3
271	311	3
296	324	3
298	324	9
300	324	9
297	325	9
299	325	9
296	324	9
301	325	9
196	323	1
198	323	1
200	323	1
201	323	1
202	323	1
203	323	1
204	323	1
205	323	1
113	324	1
114	324	1
115	324	1
116	324	1
117	324	1
118	324	1
119	324	1
120	324	1
121	324	1
122	324	1
123	324	1
124	324	1
125	324	1
126	324	1
127	324	1
128	324	1
129	324	1
130	324	1
131	324	1
132	324	1
133	324	1
134	324	1
135	324	1
136	324	1
137	324	1
138	324	1
139	324	1
140	324	1
141	324	1
142	324	1
143	324	1
144	324	1
145	324	1
146	324	1
147	324	1
148	324	1
149	324	1
150	324	1
151	324	1
152	324	1
153	324	1
154	324	1
155	324	1
156	324	1
157	324	1
158	324	1
159	324	1
160	324	1
161	324	1
162	324	1
163	324	1
164	324	1
165	324	1
166	324	1
167	324	1
168	324	1
169	324	1
170	324	1
171	324	1
172	324	1
173	324	1
174	324	1
175	324	1
176	324	1
177	324	1
178	324	1
179	324	1
180	324	1
181	324	1
182	324	1
183	324	1
184	324	1
192	324	1
193	324	1
194	324	1
195	324	1
197	324	1
199	324	1
206	324	1
207	324	1
208	324	1
210	324	1
243	324	1
244	324	1
246	324	1
248	324	1
255	324	1
257	324	1
258	324	1
259	324	1
260	324	1
261	324	1
185	325	1
186	325	1
187	325	1
188	325	1
189	325	1
190	325	1
191	325	1
209	325	1
211	325	1
213	325	1
236	325	1
237	325	1
238	325	1
239	325	1
240	325	1
241	325	1
242	325	1
245	325	1
247	325	1
249	325	1
250	325	1
252	325	1
254	325	1
256	325	1
262	325	1
263	325	1
212	326	1
214	326	1
215	326	1
216	326	1
229	326	1
231	326	1
232	326	1
233	326	1
234	326	1
235	326	1
251	326	1
253	326	1
264	326	1
265	326	1
217	327	1
218	327	1
219	327	1
220	327	1
221	327	1
222	327	1
223	327	1
224	327	1
225	327	1
226	327	1
227	327	1
228	327	1
230	327	1
112	324	1
266	327	1
271	324	1
272	324	1
274	324	1
276	324	1
269	325	1
270	325	1
273	325	1
275	325	1
277	325	1
278	325	1
279	325	1
294	325	1
295	325	1
267	326	1
268	326	1
280	326	1
281	326	1
282	326	1
283	326	1
284	326	1
286	326	1
290	326	1
292	326	1
293	326	1
285	327	1
287	327	1
288	327	1
289	327	1
291	327	1
296	324	1
266	327	1
301	326	10
302	327	10
303	328	10
301	325	10
304	329	10
266	328	1
265	329	1
266	327	1
264	330	1
363	322	19
364	323	19
365	324	19
366	325	19
367	326	19
368	326	19
370	326	19
372	326	19
373	326	19
374	326	19
375	326	19
369	327	19
371	327	19
376	327	19
377	328	19
378	328	19
379	329	19
362	321	19
261	331	1
262	331	1
260	332	1
257	333	1
258	333	1
259	333	1
252	334	1
254	334	1
255	334	1
256	334	1
250	335	1
251	335	1
253	335	1
263	330	1
249	336	1
265	332	1
265	333	1
264	331	1
266	334	1
303	331	12
299	332	12
301	332	12
302	332	12
298	333	12
300	333	12
304	330	12
297	334	12
298	335	12
297	334	12
243	335	1
245	335	1
247	335	1
248	335	1
238	336	1
239	336	1
240	336	1
241	336	1
242	336	1
244	336	1
246	336	1
233	337	1
234	337	1
235	337	1
236	337	1
237	337	1
228	338	1
230	338	1
231	338	1
232	338	1
227	339	1
229	339	1
224	340	1
225	340	1
226	340	1
222	341	1
223	341	1
249	336	1
221	342	1
111	326	5
111	327	5
111	328	5
111	329	5
111	330	5
111	331	5
112	332	5
113	333	5
114	333	5
115	334	5
116	334	5
117	335	5
118	335	5
119	336	5
120	336	5
121	337	5
122	337	5
123	338	5
124	338	5
111	325	5
125	339	5
268	335	4
269	335	4
270	336	4
271	336	4
272	336	4
273	337	4
274	337	4
275	338	4
276	338	4
267	334	4
277	339	4
278	338	8
279	338	8
280	338	8
281	338	8
282	338	8
284	338	8
283	339	8
285	339	8
277	339	8
296	334	11
295	335	11
294	336	11
294	337	11
293	338	11
293	339	11
297	334	11
292	340	11
290	340	11
291	340	11
292	340	11
176	338	1
127	339	1
128	339	1
129	339	1
130	339	1
131	339	1
132	339	1
133	339	1
134	339	1
135	339	1
136	339	1
137	339	1
138	339	1
139	339	1
140	339	1
141	339	1
142	339	1
143	339	1
144	339	1
145	339	1
146	339	1
147	339	1
148	339	1
149	339	1
150	339	1
151	339	1
152	339	1
153	339	1
154	339	1
155	339	1
156	339	1
157	339	1
158	339	1
159	339	1
160	339	1
161	339	1
162	339	1
163	339	1
164	339	1
165	339	1
166	339	1
167	339	1
168	339	1
169	339	1
170	339	1
171	339	1
172	339	1
173	339	1
174	339	1
175	339	1
177	339	1
178	339	1
179	339	1
180	339	1
181	339	1
182	339	1
183	339	1
184	339	1
185	339	1
186	339	1
187	339	1
188	339	1
190	339	1
192	339	1
189	340	1
191	340	1
193	340	1
194	340	1
195	340	1
196	340	1
197	340	1
198	340	1
199	340	1
200	340	1
201	340	1
202	340	1
203	340	1
204	340	1
206	340	1
208	340	1
205	341	1
207	341	1
209	341	1
210	341	1
211	341	1
212	341	1
213	341	1
214	341	1
215	341	1
217	341	1
218	341	1
219	341	1
220	341	1
216	342	1
126	339	1
221	342	1
293	341	11
289	342	11
291	342	11
292	342	11
290	343	11
292	340	11
306	330	11
307	330	11
309	330	11
308	331	11
310	331	11
312	331	11
311	332	11
313	332	11
314	333	11
315	333	11
316	333	11
328	333	11
317	334	11
318	334	11
319	334	11
320	334	11
321	334	11
322	334	11
323	334	11
324	334	11
325	334	11
326	334	11
327	334	11
329	334	11
330	335	11
331	335	11
332	336	11
334	336	11
336	336	11
333	337	11
335	337	11
337	337	11
338	337	11
339	337	11
341	337	11
343	337	11
344	337	11
345	337	11
346	337	11
348	337	11
340	338	11
342	338	11
347	338	11
349	338	11
350	338	11
351	338	11
352	338	11
354	338	11
353	339	11
355	339	11
356	339	11
357	340	11
358	340	11
359	341	11
360	342	11
361	343	11
305	329	11
266	336	6
264	337	6
265	337	6
262	338	6
263	338	6
261	339	6
260	340	6
260	341	6
259	342	6
259	343	6
259	344	6
266	335	6
259	345	6
249	337	2
249	338	2
249	339	2
249	340	2
249	341	2
249	342	2
249	343	2
249	344	2
249	345	2
249	336	2
249	346	2
221	343	2
221	344	2
222	345	2
223	346	2
221	342	2
260	346	4
261	347	4
262	348	4
259	345	4
263	349	4
276	340	5
274	341	5
275	341	5
273	342	5
271	343	5
272	343	5
270	344	5
269	345	5
267	346	5
268	346	5
266	347	5
264	348	5
265	348	5
277	339	5
263	349	5
250	347	3
251	348	3
252	349	3
253	349	3
249	346	3
254	350	3
258	346	3
257	347	3
256	348	3
255	349	3
259	345	3
254	350	3
125	341	3
125	342	3
125	343	3
125	344	3
125	345	3
126	346	3
127	347	3
128	347	3
129	348	3
130	348	3
131	349	3
132	349	3
133	350	3
134	350	3
135	351	3
136	351	3
137	352	3
138	352	3
139	353	3
140	353	3
125	340	3
141	354	3
194	352	1
196	352	1
198	352	1
200	352	1
202	352	1
204	352	1
206	352	1
208	352	1
224	352	1
177	353	1
178	353	1
180	353	1
182	353	1
184	353	1
186	353	1
188	353	1
189	353	1
190	353	1
191	353	1
192	353	1
193	353	1
195	353	1
197	353	1
199	353	1
201	353	1
203	353	1
205	353	1
207	353	1
209	353	1
210	353	1
211	353	1
213	353	1
214	353	1
215	353	1
216	353	1
218	353	1
220	353	1
222	353	1
223	353	1
225	353	1
226	353	1
227	353	1
228	353	1
229	353	1
231	353	1
234	353	1
143	354	1
144	354	1
145	354	1
146	354	1
147	354	1
148	354	1
149	354	1
150	354	1
151	354	1
152	354	1
153	354	1
154	354	1
155	354	1
156	354	1
157	354	1
158	354	1
159	354	1
160	354	1
161	354	1
162	354	1
163	354	1
164	354	1
165	354	1
166	354	1
167	354	1
168	354	1
169	354	1
170	354	1
171	354	1
172	354	1
173	354	1
174	354	1
175	354	1
176	354	1
179	354	1
181	354	1
183	354	1
185	354	1
187	354	1
212	354	1
217	354	1
219	354	1
221	354	1
230	354	1
232	354	1
233	354	1
235	354	1
236	354	1
142	354	1
237	355	1
248	347	1
247	348	1
246	349	1
244	350	1
245	350	1
242	351	1
243	351	1
240	352	1
241	352	1
239	353	1
238	354	1
249	346	1
237	355	1
263	350	6
264	351	6
264	352	6
265	353	6
266	353	6
270	353	6
267	354	6
268	354	6
269	354	6
263	349	6
254	351	4
254	352	4
254	353	4
254	354	4
254	355	4
255	356	4
256	357	4
257	358	4
254	350	4
237	356	1
237	357	1
237	358	1
237	359	1
237	360	1
238	361	1
238	362	1
238	363	1
238	364	1
237	355	1
238	365	1
141	356	3
141	357	3
141	358	3
141	359	3
141	360	3
142	361	3
143	362	3
144	362	3
145	363	3
146	363	3
147	364	3
148	364	3
149	365	3
150	365	3
151	366	3
152	366	3
153	367	3
154	367	3
141	355	3
155	368	3
237	366	1
180	367	1
182	367	1
184	367	1
186	367	1
236	367	1
157	368	1
158	368	1
159	368	1
160	368	1
161	368	1
162	368	1
163	368	1
164	368	1
165	368	1
166	368	1
167	368	1
168	368	1
169	368	1
170	368	1
171	368	1
172	368	1
173	368	1
174	368	1
175	368	1
176	368	1
177	368	1
178	368	1
179	368	1
181	368	1
183	368	1
185	368	1
187	368	1
188	368	1
189	368	1
190	368	1
191	368	1
192	368	1
194	368	1
196	368	1
198	368	1
200	368	1
202	368	1
204	368	1
206	368	1
208	368	1
210	368	1
212	368	1
214	368	1
216	368	1
218	368	1
220	368	1
234	368	1
235	368	1
193	369	1
195	369	1
197	369	1
199	369	1
201	369	1
203	369	1
205	369	1
207	369	1
209	369	1
211	369	1
213	369	1
215	369	1
217	369	1
219	369	1
221	369	1
223	369	1
225	369	1
227	369	1
228	369	1
230	369	1
231	369	1
232	369	1
233	369	1
222	370	1
224	370	1
226	370	1
229	370	1
238	365	1
156	368	1
239	366	1
240	366	1
241	366	1
243	366	1
242	367	1
244	367	1
245	367	1
246	367	1
247	368	1
248	368	1
250	368	1
249	369	1
251	369	1
252	369	1
253	370	1
260	370	1
261	370	1
262	370	1
263	370	1
264	370	1
265	370	1
254	371	1
255	371	1
256	371	1
257	371	1
258	371	1
259	371	1
238	365	1
266	371	1
269	368	2
270	368	2
271	368	2
272	368	2
274	368	2
276	368	2
268	369	2
273	369	2
275	369	2
277	369	2
278	369	2
267	370	2
279	370	2
280	370	2
266	371	2
281	371	2
284	370	7
285	370	7
286	370	7
287	370	7
288	370	7
283	371	7
282	371	7
289	371	7
267	372	3
267	373	3
266	371	3
304	365	9
306	365	9
299	366	9
300	366	9
301	366	9
302	366	9
303	366	9
305	366	9
307	366	9
296	367	9
298	367	9
308	367	9
295	368	9
297	368	9
309	368	9
310	368	9
292	369	9
293	369	9
294	369	9
311	369	9
312	369	9
326	369	9
290	370	9
291	370	9
313	370	9
314	370	9
327	370	9
315	371	9
327	371	9
316	372	9
317	372	9
318	372	9
326	372	9
319	373	9
320	373	9
321	373	9
322	373	9
323	373	9
324	373	9
325	373	9
289	371	9
289	372	10
289	373	10
289	374	10
289	371	10
280	373	1
278	374	1
279	374	1
277	375	1
275	376	1
276	376	1
272	377	1
273	377	1
274	377	1
262	378	1
264	378	1
266	378	1
268	378	1
269	378	1
270	378	1
271	378	1
257	379	1
259	379	1
261	379	1
263	379	1
265	379	1
267	379	1
255	380	1
256	380	1
258	380	1
260	380	1
253	381	1
254	381	1
252	382	1
281	372	1
251	383	1
155	370	4
155	371	4
155	372	4
155	373	4
155	374	4
156	375	4
157	376	4
158	376	4
159	377	4
160	377	4
161	378	4
162	378	4
163	379	4
164	379	4
165	380	4
166	380	4
167	381	4
168	381	4
155	369	4
169	382	4
354	379	23
353	380	23
355	380	23
352	381	23
246	382	1
247	382	1
248	382	1
250	382	1
245	383	1
249	383	1
243	384	1
244	384	1
242	385	1
240	386	1
241	386	1
239	387	1
251	383	1
238	388	1
171	382	1
172	382	1
173	382	1
174	382	1
175	382	1
176	382	1
177	383	1
178	383	1
179	383	1
180	383	1
182	383	1
184	383	1
186	383	1
188	383	1
190	383	1
192	383	1
194	383	1
196	383	1
198	383	1
199	383	1
200	383	1
201	383	1
203	383	1
205	383	1
207	383	1
209	383	1
211	383	1
181	384	1
183	384	1
185	384	1
187	384	1
189	384	1
191	384	1
193	384	1
195	384	1
197	384	1
202	384	1
204	384	1
206	384	1
208	384	1
210	384	1
212	384	1
213	384	1
214	384	1
215	384	1
216	384	1
218	384	1
220	384	1
222	384	1
224	384	1
226	384	1
217	385	1
219	385	1
221	385	1
223	385	1
225	385	1
227	385	1
228	385	1
229	385	1
230	385	1
231	386	1
232	386	1
234	386	1
233	387	1
235	387	1
236	387	1
237	387	1
170	382	1
238	388	1
363	384	23
363	385	23
363	386	23
363	387	23
363	388	23
298	387	16
299	388	16
238	389	2
238	388	2
239	390	2
350	386	21
350	387	21
350	388	21
350	389	21
350	390	21
272	389	5
271	390	5
270	391	5
251	384	1
252	385	1
253	386	1
254	387	1
255	388	1
256	389	1
256	390	1
262	390	1
264	390	1
266	390	1
257	391	1
258	391	1
259	391	1
260	391	1
261	391	1
263	391	1
265	391	1
267	391	1
268	391	1
269	391	1
251	383	1
270	391	1
358	390	21
360	390	21
361	390	21
351	391	21
352	391	21
353	391	21
354	391	21
355	391	21
356	391	21
357	391	21
359	391	21
362	389	21
350	390	21
364	390	23
365	391	23
363	389	23
238	391	2
237	392	2
239	390	2
348	391	21
349	391	21
344	392	21
346	392	21
347	392	21
328	393	21
330	393	21
332	393	21
334	393	21
336	393	21
338	393	21
340	393	21
341	393	21
342	393	21
343	393	21
345	393	21
323	394	21
324	394	21
325	394	21
326	394	21
327	394	21
329	394	21
331	394	21
333	394	21
335	394	21
337	394	21
339	394	21
350	390	21
88	307	1
87	308	1
86	309	1
85	310	1
84	311	1
83	312	1
82	313	1
81	314	1
80	315	1
79	316	1
78	317	1
77	318	1
76	319	1
75	320	1
74	321	1
73	322	1
72	323	1
71	324	1
70	325	1
69	326	1
68	327	1
67	328	1
66	329	1
65	330	1
64	331	1
63	332	1
62	333	1
61	334	1
60	335	1
59	336	1
58	337	1
57	338	1
56	339	1
55	340	1
54	341	1
53	342	1
52	343	1
51	344	1
50	345	1
49	346	1
48	347	1
47	348	1
46	349	1
45	350	1
44	351	1
43	352	1
42	353	1
41	354	1
40	355	1
39	356	1
38	357	1
37	358	1
36	359	1
35	360	1
34	361	1
33	362	1
32	363	1
31	364	1
30	365	1
29	366	1
28	367	1
27	368	1
26	369	1
25	370	1
24	371	1
23	372	1
22	373	1
21	374	1
20	375	1
19	376	1
18	377	1
17	378	1
16	379	1
15	380	1
14	381	1
13	382	1
12	383	1
11	384	1
10	385	1
9	386	1
8	387	1
7	388	1
6	389	1
5	390	1
4	391	1
3	392	1
2	393	1
1	394	1
89	306	1
169	384	4
169	385	4
169	386	4
169	387	4
169	388	4
169	389	4
170	390	4
171	391	4
172	391	4
173	392	4
174	392	4
175	393	4
176	393	4
178	393	4
180	393	4
182	393	4
184	393	4
177	394	4
179	394	4
181	394	4
183	394	4
185	394	4
186	394	4
187	394	4
188	394	4
189	394	4
190	394	4
191	394	4
169	383	4
225	394	24
226	394	24
240	390	2
241	391	2
242	391	2
243	392	2
244	392	2
245	393	2
246	393	2
247	394	2
239	390	2
271	392	4
272	393	4
273	394	4
274	394	4
270	391	4
