236	1	22
235	2	22
234	3	22
170	1	3
172	1	3
174	1	3
168	2	3
169	2	3
171	2	3
173	2	3
175	2	3
176	2	3
177	2	3
178	2	3
167	3	3
179	3	3
180	3	3
166	4	3
165	5	3
164	6	3
164	7	3
164	8	3
164	9	3
164	10	3
181	4	3
164	11	3
230	1	23
231	2	23
232	2	23
233	3	23
234	3	23
253	1	13
254	1	13
255	2	13
256	2	13
258	2	13
264	2	13
257	3	13
259	3	13
260	3	13
262	3	13
263	3	13
261	4	13
316	1	8
314	2	8
315	2	8
313	3	8
312	4	8
310	5	8
311	5	8
309	6	8
308	7	8
302	7	2
304	7	2
305	7	2
306	7	2
296	8	2
298	8	2
299	8	2
300	8	2
301	8	2
303	8	2
295	9	2
297	9	2
292	10	2
293	10	2
294	10	2
288	11	2
289	11	2
290	11	2
291	11	2
286	12	2
287	12	2
283	13	2
285	13	2
272	14	2
274	14	2
276	14	2
278	14	2
280	14	2
281	14	2
282	14	2
284	14	2
268	15	2
270	15	2
271	15	2
273	15	2
275	15	2
277	15	2
279	15	2
266	16	2
267	16	2
269	16	2
265	17	2
263	18	2
264	18	2
261	19	2
262	19	2
259	20	2
260	20	2
258	21	2
257	22	2
257	23	2
307	7	2
257	24	2
235	4	18
236	5	18
237	6	18
238	7	18
239	8	18
240	8	18
241	9	18
234	3	18
188	1	3
190	1	3
192	1	3
184	2	3
185	2	3
186	2	3
187	2	3
189	2	3
191	2	3
193	2	3
194	2	3
195	2	3
196	2	3
197	2	3
198	2	3
200	2	3
202	2	3
204	2	3
182	3	3
183	3	3
199	3	3
201	3	3
203	3	3
205	3	3
206	3	3
208	3	3
207	4	3
209	4	3
210	4	3
211	4	3
212	4	3
213	5	3
214	5	3
215	6	3
216	6	3
217	7	3
218	8	3
219	8	3
220	9	3
221	10	3
222	11	3
181	4	3
222	12	3
181	5	2
181	6	2
181	7	2
181	8	2
181	9	2
181	10	2
181	11	2
181	12	2
181	4	2
181	13	2
165	12	3
166	12	3
167	13	3
168	13	3
169	14	3
170	14	3
172	14	3
174	14	3
176	14	3
171	15	3
173	15	3
175	15	3
177	15	3
178	15	3
179	15	3
180	15	3
164	11	3
181	14	3
308	9	9
308	10	9
308	11	9
309	12	9
309	13	9
310	14	9
311	15	9
311	16	9
308	8	9
390	14	31
389	15	31
388	16	31
387	17	31
220	13	1
221	13	1
218	14	1
219	14	1
183	15	1
184	15	1
186	15	1
216	15	1
217	15	1
185	16	1
187	16	1
188	16	1
189	16	1
190	16	1
191	16	1
192	16	1
193	16	1
194	16	1
196	16	1
198	16	1
200	16	1
202	16	1
204	16	1
206	16	1
208	16	1
210	16	1
212	16	1
214	16	1
215	16	1
195	17	1
197	17	1
199	17	1
201	17	1
203	17	1
205	17	1
207	17	1
209	17	1
211	17	1
213	17	1
222	12	1
182	14	1
337	14	15
339	14	15
341	14	15
343	14	15
336	15	15
338	15	15
340	15	15
342	15	15
344	15	15
345	15	15
346	15	15
347	15	15
334	16	15
335	16	15
348	16	15
350	16	15
381	16	15
383	16	15
385	16	15
333	17	15
349	17	15
351	17	15
352	17	15
353	17	15
380	17	15
382	17	15
384	17	15
386	17	15
332	18	15
354	18	15
355	18	15
356	18	15
362	18	15
369	18	15
370	18	15
372	18	15
373	18	15
374	18	15
375	18	15
376	18	15
377	18	15
378	18	15
379	18	15
330	19	15
331	19	15
357	19	15
358	19	15
359	19	15
360	19	15
361	19	15
363	19	15
364	19	15
365	19	15
366	19	15
367	19	15
368	19	15
371	19	15
329	20	15
327	21	15
328	21	15
387	17	15
326	22	15
388	18	32
389	18	32
390	19	32
391	20	32
387	17	32
223	13	3
224	13	3
225	14	3
226	14	3
227	15	3
228	15	3
229	16	3
230	17	3
231	18	3
232	18	3
233	19	3
234	20	3
235	21	3
236	21	3
237	22	3
238	23	3
239	23	3
240	24	3
241	25	3
242	25	3
222	12	3
243	26	3
244	25	1
246	25	1
249	25	1
251	25	1
253	25	1
255	25	1
245	26	1
247	26	1
248	26	1
250	26	1
252	26	1
254	26	1
256	26	1
257	25	1
243	26	1
300	23	2
302	23	2
324	23	2
325	23	2
292	24	2
293	24	2
294	24	2
295	24	2
296	24	2
297	24	2
298	24	2
299	24	2
301	24	2
303	24	2
304	24	2
305	24	2
307	24	2
322	24	2
323	24	2
288	25	2
289	25	2
290	25	2
291	25	2
306	25	2
308	25	2
310	25	2
312	25	2
316	25	2
318	25	2
320	25	2
321	25	2
259	26	2
260	26	2
261	26	2
262	26	2
285	26	2
286	26	2
287	26	2
309	26	2
311	26	2
313	26	2
314	26	2
315	26	2
317	26	2
319	26	2
263	27	2
264	27	2
265	27	2
267	27	2
284	27	2
266	28	2
268	28	2
269	28	2
270	28	2
271	28	2
272	28	2
273	28	2
274	28	2
276	28	2
278	28	2
282	28	2
283	28	2
275	29	2
277	29	2
279	29	2
280	29	2
281	29	2
326	22	2
258	25	2
242	27	1
239	28	1
240	28	1
241	28	1
199	29	1
201	29	1
203	29	1
205	29	1
236	29	1
237	29	1
238	29	1
197	30	1
198	30	1
200	30	1
202	30	1
204	30	1
206	30	1
207	30	1
208	30	1
209	30	1
210	30	1
211	30	1
212	30	1
213	30	1
214	30	1
216	30	1
234	30	1
235	30	1
196	31	1
215	31	1
217	31	1
218	31	1
219	31	1
220	31	1
221	31	1
222	31	1
223	31	1
224	31	1
225	31	1
226	31	1
227	31	1
228	31	1
229	31	1
230	31	1
231	31	1
232	31	1
233	31	1
194	32	1
195	32	1
243	26	1
193	33	1
327	23	15
328	24	15
328	25	15
329	26	15
330	26	15
331	27	15
332	27	15
333	28	15
334	29	15
326	22	15
162	11	3
160	12	3
161	12	3
163	12	3
158	13	3
159	13	3
156	14	3
157	14	3
154	15	3
155	15	3
152	16	3
153	16	3
150	17	3
151	17	3
148	18	3
149	18	3
146	19	3
147	19	3
144	20	3
145	20	3
142	21	3
143	21	3
140	22	3
141	22	3
139	23	3
138	24	3
137	25	3
136	26	3
136	27	3
136	28	3
136	29	3
136	30	3
136	31	3
164	11	3
136	32	3
164	32	1
165	32	1
166	32	1
167	32	1
168	32	1
169	32	1
170	32	1
171	32	1
172	32	1
173	32	1
175	32	1
177	32	1
178	32	1
179	32	1
180	32	1
182	32	1
184	32	1
185	32	1
186	32	1
187	32	1
188	32	1
189	32	1
192	32	1
138	33	1
139	33	1
140	33	1
141	33	1
142	33	1
143	33	1
144	33	1
145	33	1
146	33	1
147	33	1
148	33	1
149	33	1
150	33	1
151	33	1
152	33	1
153	33	1
154	33	1
155	33	1
156	33	1
157	33	1
158	33	1
159	33	1
160	33	1
161	33	1
162	33	1
163	33	1
174	33	1
176	33	1
181	33	1
183	33	1
190	33	1
191	33	1
137	33	1
193	33	1
441	32	33
442	32	33
440	33	33
193	34	2
193	35	2
193	36	2
194	37	2
195	38	2
193	33	2
428	43	32
429	44	32
430	43	31
429	44	31
429	45	31
429	44	31
429	46	31
436	43	31
435	44	31
435	45	31
434	46	31
443	42	31
443	43	31
439	44	31
442	44	31
440	45	31
441	45	31
134	34	2
135	34	2
132	35	2
133	35	2
130	36	2
131	36	2
128	37	2
129	37	2
126	38	2
127	38	2
124	39	2
125	39	2
123	40	2
122	41	2
122	42	2
122	43	2
122	44	2
122	45	2
122	46	2
122	47	2
136	33	2
122	48	2
383	46	19
380	47	19
381	47	19
382	47	19
378	48	19
379	48	19
377	49	19
376	50	19
375	51	19
374	52	19
373	53	19
373	54	19
433	46	31
430	47	31
431	47	31
432	47	31
429	46	31
434	46	31
167	47	1
169	47	1
165	48	1
166	48	1
168	48	1
170	48	1
171	48	1
124	49	1
125	49	1
126	49	1
127	49	1
128	49	1
129	49	1
130	49	1
131	49	1
132	49	1
133	49	1
134	49	1
135	49	1
136	49	1
137	49	1
138	49	1
139	49	1
140	49	1
141	49	1
142	49	1
143	49	1
144	49	1
145	49	1
146	49	1
147	49	1
148	49	1
149	49	1
150	49	1
151	49	1
152	49	1
153	49	1
154	49	1
155	49	1
156	49	1
157	49	1
158	49	1
159	49	1
160	49	1
161	49	1
162	49	1
163	49	1
164	49	1
123	49	1
172	49	1
428	47	26
420	48	26
422	48	26
424	48	26
425	48	26
426	48	26
427	48	26
417	49	26
419	49	26
421	49	26
423	49	26
416	50	26
418	50	26
414	51	26
415	51	26
413	52	26
412	53	26
411	54	26
410	55	26
429	46	26
409	56	26
435	47	30
436	47	30
437	48	30
434	46	30
348	51	10
350	51	10
351	51	10
342	52	10
343	52	10
344	52	10
345	52	10
346	52	10
347	52	10
349	52	10
338	53	10
339	53	10
340	53	10
341	53	10
335	54	10
337	54	10
333	55	10
334	55	10
336	55	10
310	56	10
311	56	10
312	56	10
313	56	10
328	56	10
330	56	10
331	56	10
332	56	10
308	57	10
309	57	10
314	57	10
315	57	10
317	57	10
319	57	10
321	57	10
323	57	10
325	57	10
327	57	10
329	57	10
306	58	10
307	58	10
316	58	10
318	58	10
320	58	10
322	58	10
324	58	10
326	58	10
305	59	10
352	52	10
304	60	10
178	46	1
180	46	1
181	46	1
182	46	1
183	46	1
184	46	1
185	46	1
187	46	1
176	47	1
177	47	1
179	47	1
186	47	1
188	47	1
190	47	1
174	48	1
175	48	1
189	48	1
191	48	1
192	48	1
194	48	1
196	48	1
198	48	1
200	48	1
202	48	1
203	48	1
204	48	1
205	48	1
206	48	1
207	48	1
208	48	1
210	48	1
193	49	1
195	49	1
197	49	1
199	49	1
201	49	1
209	49	1
211	49	1
212	49	1
213	49	1
214	49	1
215	49	1
216	49	1
218	49	1
217	50	1
219	50	1
220	50	1
221	50	1
222	50	1
223	51	1
224	51	1
225	52	1
226	52	1
227	53	1
173	49	1
228	54	1
352	53	14
352	54	14
352	52	14
230	53	1
229	54	1
231	54	1
232	54	1
233	54	1
234	54	1
235	54	1
236	54	1
237	54	1
238	54	1
239	54	1
240	54	1
241	54	1
242	54	1
243	54	1
245	54	1
244	55	1
246	55	1
228	54	1
247	55	1
353	51	14
354	51	14
356	51	14
358	51	14
360	51	14
355	52	14
357	52	14
359	52	14
361	52	14
362	52	14
363	52	14
364	52	14
366	52	14
365	53	14
367	53	14
368	54	14
369	54	14
370	54	14
371	54	14
372	55	14
352	52	14
373	54	14
173	51	1
173	52	1
173	53	1
174	54	1
174	55	1
174	56	1
173	50	1
174	57	1
408	55	22
405	56	22
406	56	22
407	56	22
404	57	22
402	58	22
403	58	22
400	59	22
401	59	22
399	60	22
409	56	22
398	61	22
120	50	2
121	50	2
118	51	2
119	51	2
116	52	2
117	52	2
114	53	2
115	53	2
113	54	2
112	55	2
112	56	2
112	57	2
112	58	2
122	49	2
112	59	2
226	55	1
227	55	1
224	56	1
225	56	1
222	57	1
223	57	1
212	58	1
214	58	1
215	58	1
216	58	1
217	58	1
218	58	1
219	58	1
220	58	1
221	58	1
176	59	1
177	59	1
178	59	1
180	59	1
181	59	1
182	59	1
183	59	1
184	59	1
185	59	1
186	59	1
187	59	1
188	59	1
189	59	1
190	59	1
191	59	1
192	59	1
193	59	1
195	59	1
197	59	1
199	59	1
201	59	1
203	59	1
205	59	1
206	59	1
207	59	1
208	59	1
209	59	1
210	59	1
211	59	1
213	59	1
179	60	1
194	60	1
196	60	1
198	60	1
200	60	1
202	60	1
204	60	1
228	54	1
175	58	1
255	50	1
256	50	1
257	50	1
258	50	1
259	50	1
253	51	1
254	51	1
260	51	1
261	51	1
251	52	1
252	52	1
262	52	1
263	52	1
264	52	1
249	53	1
250	53	1
265	53	1
266	53	1
248	54	1
267	54	1
268	55	1
269	56	1
270	56	1
271	56	1
272	57	1
273	57	1
274	57	1
275	58	1
276	58	1
277	59	1
278	59	1
247	55	1
279	60	1
471	57	34
470	58	34
469	59	34
410	57	26
410	58	26
411	59	26
411	60	26
409	56	26
374	55	19
375	56	19
376	57	19
377	58	19
378	58	19
379	59	19
380	59	19
381	60	19
382	60	19
383	60	19
384	60	19
385	60	19
387	60	19
389	60	19
391	60	19
394	60	19
396	60	19
397	60	19
386	61	19
388	61	19
390	61	19
392	61	19
393	61	19
395	61	19
373	54	19
398	61	19
173	59	1
114	60	1
115	60	1
116	60	1
117	60	1
118	60	1
119	60	1
120	60	1
121	60	1
122	60	1
123	60	1
124	60	1
125	60	1
126	60	1
127	60	1
128	60	1
129	60	1
130	60	1
131	60	1
132	60	1
133	60	1
134	60	1
135	60	1
136	60	1
137	60	1
138	60	1
139	60	1
140	60	1
141	60	1
142	60	1
143	60	1
144	60	1
145	60	1
146	60	1
147	60	1
148	60	1
149	60	1
150	60	1
151	60	1
152	60	1
153	60	1
154	60	1
155	60	1
156	60	1
157	60	1
158	60	1
159	60	1
160	60	1
161	60	1
162	60	1
163	60	1
164	60	1
172	60	1
165	61	1
166	61	1
168	61	1
170	61	1
171	61	1
167	62	1
169	62	1
174	58	1
113	60	1
463	54	33
462	55	33
464	55	33
461	56	33
460	57	33
459	58	33
460	59	33
459	60	33
458	61	33
459	62	33
458	63	33
248	56	2
249	57	2
250	57	2
251	58	2
252	58	2
253	59	2
254	59	2
255	60	2
256	61	2
257	61	2
258	61	2
259	61	2
260	61	2
261	61	2
262	61	2
263	62	2
264	62	2
265	62	2
266	62	2
267	62	2
268	62	2
276	62	2
277	62	2
269	63	2
270	63	2
271	63	2
272	63	2
273	63	2
274	63	2
275	63	2
247	55	2
278	61	2
305	61	17
306	62	17
307	62	17
308	62	17
309	63	17
304	60	17
406	63	24
405	64	24
405	65	24
281	61	8
283	61	8
280	62	8
282	62	8
284	62	8
285	62	8
286	62	8
287	63	8
288	63	8
289	64	8
290	64	8
291	65	8
292	65	8
279	61	8
293	66	8
302	60	10
303	60	10
300	61	10
301	61	10
299	62	10
297	63	10
298	63	10
295	64	10
296	64	10
294	65	10
304	60	10
293	66	10
455	65	32
456	65	32
457	65	32
454	66	32
453	67	32
452	68	32
458	64	32
451	69	32
472	63	33
474	63	33
463	64	33
464	64	33
466	64	33
467	64	33
469	64	33
471	64	33
473	64	33
460	65	33
461	65	33
462	65	33
465	65	33
468	65	33
470	65	33
459	64	33
399	62	22
399	63	22
400	64	22
401	65	22
402	66	22
398	61	22
403	67	22
326	65	11
328	65	11
330	65	11
318	66	11
319	66	11
320	66	11
321	66	11
322	66	11
323	66	11
324	66	11
325	66	11
327	66	11
329	66	11
331	66	11
332	66	11
316	67	11
317	67	11
333	67	11
334	67	11
315	68	11
314	69	11
313	70	11
312	71	11
311	72	11
310	73	11
309	74	11
309	75	11
335	68	11
309	76	11
407	66	23
408	67	23
409	67	23
406	66	23
410	68	23
294	67	9
294	68	9
293	66	9
294	69	9
360	64	16
360	65	16
360	66	16
360	67	16
360	68	16
360	69	16
445	68	29
447	68	29
442	69	29
443	69	29
444	69	29
446	69	29
448	69	29
449	69	29
450	69	29
441	70	29
439	71	29
440	71	29
438	72	29
437	73	29
436	74	29
436	75	29
451	69	29
435	76	29
337	68	15
338	68	15
339	68	15
340	69	15
341	69	15
342	69	15
343	69	15
344	69	15
345	69	15
347	69	15
348	69	15
349	69	15
350	69	15
351	69	15
352	69	15
354	69	15
356	69	15
346	70	15
353	70	15
355	70	15
357	70	15
358	70	15
359	70	15
336	68	15
360	69	15
408	69	23
409	69	23
405	70	23
406	70	23
407	70	23
410	68	23
404	70	23
292	70	2
293	70	2
290	71	2
291	71	2
256	72	2
265	72	2
267	72	2
287	72	2
288	72	2
289	72	2
248	73	2
250	73	2
251	73	2
252	73	2
253	73	2
254	73	2
255	73	2
257	73	2
258	73	2
259	73	2
260	73	2
261	73	2
262	73	2
263	73	2
264	73	2
266	73	2
268	73	2
269	73	2
270	73	2
271	73	2
272	73	2
274	73	2
276	73	2
278	73	2
280	73	2
285	73	2
286	73	2
244	74	2
246	74	2
247	74	2
249	74	2
273	74	2
275	74	2
277	74	2
279	74	2
281	74	2
282	74	2
283	74	2
284	74	2
243	75	2
245	75	2
294	69	2
242	76	2
411	69	24
412	70	24
413	70	24
414	70	24
416	70	24
417	70	24
415	71	24
418	71	24
420	71	24
419	72	24
410	68	24
461	72	36
460	73	36
361	70	16
362	70	16
364	70	16
366	70	16
368	70	16
370	70	16
363	71	16
365	71	16
367	71	16
369	71	16
371	71	16
372	71	16
373	71	16
374	71	16
376	71	16
378	71	16
375	72	16
377	72	16
379	72	16
381	72	16
382	72	16
384	72	16
386	72	16
388	72	16
390	72	16
392	72	16
394	72	16
396	72	16
398	72	16
401	72	16
380	73	16
383	73	16
385	73	16
387	73	16
389	73	16
391	73	16
393	73	16
395	73	16
397	73	16
399	73	16
400	73	16
360	69	16
402	71	16
452	70	32
452	71	32
453	72	32
454	72	32
455	72	32
456	72	32
457	72	32
459	72	32
458	73	32
451	69	32
460	73	32
460	74	36
460	73	36
110	61	3
111	61	3
108	62	3
109	62	3
106	63	3
107	63	3
104	64	3
105	64	3
102	65	3
103	65	3
100	66	3
101	66	3
98	67	3
99	67	3
96	68	3
97	68	3
95	69	3
94	70	3
94	71	3
94	72	3
94	73	3
94	74	3
94	75	3
112	60	3
94	76	3
213	74	1
214	74	1
215	74	1
212	75	1
216	75	1
208	76	1
209	76	1
210	76	1
211	76	1
204	77	1
205	77	1
206	77	1
207	77	1
201	78	1
203	78	1
199	79	1
200	79	1
202	79	1
196	80	1
197	80	1
198	80	1
194	81	1
195	81	1
192	82	1
193	82	1
191	83	1
190	84	1
217	76	1
189	84	1
222	73	2
223	73	2
224	73	2
225	73	2
226	73	2
227	73	2
228	73	2
229	73	2
230	73	2
232	73	2
219	74	2
220	74	2
221	74	2
231	74	2
233	74	2
234	74	2
235	74	2
236	74	2
238	74	2
218	75	2
237	75	2
239	75	2
240	75	2
241	75	2
217	76	2
242	76	2
424	74	26
424	75	26
424	76	26
295	70	6
296	71	6
297	71	6
298	72	6
299	73	6
300	73	6
301	74	6
302	74	6
303	75	6
304	76	6
305	76	6
307	76	6
306	77	6
308	77	6
294	69	6
309	76	6
403	72	22
404	73	22
405	74	22
406	74	22
407	75	22
408	75	22
409	76	22
410	76	22
411	76	22
413	76	22
412	77	22
414	77	22
415	77	22
416	77	22
417	77	22
418	77	22
419	77	22
420	77	22
421	77	22
422	77	22
423	77	22
402	71	22
424	76	22
429	76	26
425	77	26
426	77	26
427	77	26
428	77	26
430	77	26
431	77	26
432	77	26
433	77	26
424	76	26
434	77	26
96	77	1
97	77	1
98	77	1
99	77	1
100	77	1
101	77	1
102	77	1
103	77	1
104	77	1
105	77	1
106	77	1
107	77	1
108	77	1
109	77	1
110	77	1
111	77	1
112	77	1
113	77	1
114	77	1
115	77	1
116	77	1
117	77	1
118	77	1
119	77	1
120	77	1
121	77	1
122	77	1
123	77	1
124	77	1
125	77	1
126	77	1
127	77	1
128	77	1
129	77	1
130	77	1
131	77	1
132	77	1
133	77	1
134	77	1
135	77	1
136	77	1
137	77	1
138	77	1
139	77	1
140	77	1
141	77	1
142	77	1
143	77	1
144	77	1
145	77	1
146	77	1
147	77	1
148	77	1
149	77	1
150	77	1
151	77	1
152	77	1
153	77	1
154	77	1
155	77	1
156	77	1
157	77	1
158	77	1
159	77	1
160	77	1
161	77	1
162	77	1
163	77	1
164	77	1
165	77	1
166	77	1
167	77	1
168	77	1
169	77	1
170	77	1
172	77	1
174	77	1
171	78	1
173	78	1
95	77	1
175	78	1
478	80	36
477	81	36
334	70	13
333	71	13
332	72	13
331	73	13
329	74	13
330	74	13
328	75	13
328	76	13
326	77	13
327	77	13
325	78	13
324	79	13
322	80	13
323	80	13
321	81	13
335	69	13
320	82	13
2	2	1
3	3	1
4	4	1
5	5	1
6	6	1
7	7	1
8	8	1
9	9	1
10	10	1
11	11	1
12	12	1
13	13	1
14	14	1
15	15	1
16	16	1
17	17	1
18	18	1
19	19	1
20	20	1
21	21	1
22	22	1
23	23	1
24	24	1
25	25	1
26	26	1
27	27	1
28	28	1
29	29	1
30	30	1
31	31	1
32	32	1
33	33	1
34	34	1
35	35	1
36	36	1
37	37	1
38	38	1
39	39	1
40	40	1
41	41	1
42	42	1
43	43	1
44	44	1
45	45	1
46	46	1
47	47	1
48	48	1
49	49	1
50	50	1
51	51	1
52	52	1
53	53	1
54	54	1
55	55	1
56	56	1
57	57	1
58	58	1
59	59	1
60	60	1
61	61	1
62	62	1
63	63	1
64	64	1
65	65	1
66	66	1
67	67	1
68	68	1
69	69	1
70	70	1
71	71	1
72	72	1
73	73	1
74	74	1
75	75	1
76	76	1
77	77	1
78	78	1
79	79	1
80	80	1
81	81	1
82	82	1
83	83	1
92	78	1
93	78	1
90	79	1
91	79	1
88	80	1
89	80	1
86	81	1
87	81	1
84	82	1
85	82	1
94	77	1
83	83	1
310	77	11
311	78	11
312	79	11
313	80	11
314	80	11
315	81	11
316	82	11
317	82	11
318	82	11
319	82	11
309	76	11
320	82	11
436	78	29
437	79	29
438	79	29
439	80	29
441	80	29
440	81	29
442	81	29
444	81	29
443	82	29
445	82	29
435	77	29
446	83	29
447	82	31
448	82	31
446	83	31
449	83	31
176	77	1
177	78	1
178	78	1
179	79	1
180	79	1
181	80	1
182	80	1
183	81	1
184	81	1
185	82	1
186	82	1
187	82	1
188	83	1
175	78	1
189	84	1
476	82	36
475	83	36
477	81	36
474	84	36
478	82	36
479	82	36
480	83	36
477	81	36
242	77	2
242	78	2
242	79	2
242	80	2
242	81	2
242	82	2
242	83	2
242	84	2
242	76	2
450	82	32
452	82	32
455	82	32
451	83	32
453	83	32
454	83	32
456	83	32
457	83	32
458	83	32
459	83	32
460	83	32
461	83	32
462	83	32
464	83	32
463	84	32
465	84	32
466	85	32
449	83	32
467	86	32
471	83	35
473	83	35
470	84	35
472	84	35
468	85	35
469	85	35
474	84	35
467	86	35
446	84	32
446	85	32
446	86	32
446	83	32
188	85	1
187	86	1
186	87	1
189	84	1
185	88	1
475	85	36
476	86	36
477	86	36
478	87	36
474	84	36
175	79	1
175	80	1
175	81	1
175	82	1
175	83	1
175	84	1
175	85	1
175	86	1
175	87	1
175	88	1
175	78	1
175	89	1
179	88	1
180	88	1
181	88	1
182	88	1
183	88	1
177	89	1
178	89	1
176	90	1
184	88	1
175	89	1
211	86	2
212	87	2
213	88	2
214	89	2
217	77	2
217	78	2
217	79	2
217	80	2
217	81	2
216	82	2
216	83	2
215	84	2
216	85	2
215	86	2
215	87	2
215	88	2
217	76	2
214	89	2
321	83	13
321	84	13
322	85	13
323	86	13
324	87	13
325	88	13
320	82	13
449	84	32
449	85	32
449	86	32
448	87	32
449	88	32
449	83	32
83	84	1
84	85	1
84	86	1
85	87	1
85	88	1
86	89	1
83	83	1
87	90	1
171	89	1
173	89	1
88	90	1
89	90	1
90	90	1
91	90	1
92	90	1
93	90	1
94	90	1
95	90	1
96	90	1
97	90	1
98	90	1
99	90	1
100	90	1
101	90	1
102	90	1
103	90	1
104	90	1
105	90	1
106	90	1
107	90	1
108	90	1
109	90	1
110	90	1
111	90	1
112	90	1
113	90	1
114	90	1
115	90	1
116	90	1
117	90	1
118	90	1
119	90	1
120	90	1
121	90	1
122	90	1
123	90	1
124	90	1
125	90	1
126	90	1
127	90	1
128	90	1
129	90	1
130	90	1
131	90	1
132	90	1
133	90	1
134	90	1
135	90	1
136	90	1
137	90	1
138	90	1
139	90	1
140	90	1
141	90	1
142	90	1
143	90	1
144	90	1
145	90	1
146	90	1
147	90	1
148	90	1
149	90	1
150	90	1
151	90	1
152	90	1
153	90	1
154	90	1
155	90	1
156	90	1
157	90	1
158	90	1
159	90	1
160	90	1
161	90	1
162	90	1
163	90	1
164	90	1
165	90	1
166	90	1
167	90	1
168	90	1
169	90	1
170	90	1
172	90	1
174	90	1
175	89	1
87	90	1
467	87	35
468	88	35
469	89	35
470	90	35
471	91	35
472	92	35
473	92	35
474	93	35
475	94	35
476	94	35
467	86	35
185	90	1
186	91	1
186	92	1
186	93	1
187	94	1
188	95	1
189	96	1
185	89	1
189	97	1
86	91	1
85	92	1
85	93	1
84	94	1
84	95	1
83	96	1
84	97	1
84	98	1
85	99	1
85	100	1
86	101	1
87	90	1
87	102	1
188	98	1
186	99	1
187	99	1
184	100	1
185	100	1
182	101	1
183	101	1
88	102	1
89	102	1
90	102	1
91	102	1
92	102	1
93	102	1
94	102	1
95	102	1
96	102	1
97	102	1
98	102	1
99	102	1
100	102	1
101	102	1
102	102	1
103	102	1
104	102	1
105	102	1
106	102	1
107	102	1
108	102	1
109	102	1
110	102	1
111	102	1
112	102	1
113	102	1
114	102	1
115	102	1
116	102	1
117	102	1
118	102	1
119	102	1
120	102	1
121	102	1
122	102	1
123	102	1
124	102	1
125	102	1
126	102	1
127	102	1
128	102	1
129	102	1
130	102	1
131	102	1
132	102	1
133	102	1
134	102	1
135	102	1
136	102	1
137	102	1
138	102	1
139	102	1
140	102	1
141	102	1
142	102	1
143	102	1
144	102	1
145	102	1
146	102	1
147	102	1
148	102	1
149	102	1
150	102	1
151	102	1
152	102	1
153	102	1
154	102	1
155	102	1
156	102	1
157	102	1
158	102	1
159	102	1
160	102	1
161	102	1
162	102	1
163	102	1
164	102	1
165	102	1
166	102	1
170	102	1
172	102	1
174	102	1
176	102	1
178	102	1
180	102	1
181	102	1
167	103	1
168	103	1
169	103	1
171	103	1
173	103	1
175	103	1
177	103	1
179	103	1
189	97	1
87	102	1
211	92	1
212	92	1
210	93	1
208	94	1
209	94	1
207	95	1
206	96	1
205	97	1
204	98	1
203	99	1
202	100	1
201	101	1
201	102	1
200	103	1
213	91	1
199	104	1
215	92	2
216	93	2
216	94	2
217	95	2
217	96	2
218	97	2
218	98	2
219	99	2
218	100	2
219	101	2
220	102	2
221	103	2
214	91	2
408	103	30
409	103	30
410	103	30
458	96	34
459	96	34
460	97	34
461	98	34
462	99	34
463	100	34
464	101	34
465	102	34
466	103	34
190	98	1
191	99	1
192	100	1
193	101	1
194	102	1
195	103	1
196	104	1
197	104	1
189	97	1
198	105	1
416	98	32
417	98	32
415	99	32
414	100	32
414	101	32
413	102	32
412	103	32
413	104	32
412	105	32
398	105	28
399	105	28
400	105	28
397	106	28
397	107	28
401	106	28
397	108	28
406	105	29
403	106	29
404	106	29
405	106	29
402	106	29
355	106	19
353	107	19
354	107	19
356	107	19
357	107	19
358	107	19
359	107	19
351	108	19
352	108	19
349	109	19
350	109	19
348	110	19
347	111	19
346	112	19
200	106	1
201	107	1
202	108	1
199	105	1
203	109	1
241	102	1
243	102	1
245	102	1
238	103	1
240	103	1
242	103	1
244	103	1
246	103	1
247	103	1
248	103	1
249	103	1
250	103	1
251	103	1
253	103	1
237	104	1
239	104	1
252	104	1
254	104	1
256	104	1
235	105	1
236	105	1
255	105	1
257	105	1
258	105	1
234	106	1
259	106	1
233	107	1
260	107	1
261	107	1
232	108	1
262	108	1
263	108	1
230	109	1
231	109	1
229	110	1
229	111	1
228	112	1
264	109	1
228	113	1
413	106	32
414	107	32
415	108	32
412	105	32
416	109	32
400	108	28
399	109	28
401	107	28
398	109	28
418	108	34
417	109	34
419	109	34
420	109	34
421	109	34
422	109	34
416	109	34
423	110	34
425	108	34
424	109	34
426	109	34
427	109	34
423	110	34
428	110	34
396	110	28
397	109	28
396	111	28
202	110	1
199	111	1
200	111	1
201	111	1
196	112	1
197	112	1
198	112	1
194	113	1
195	113	1
193	114	1
174	115	1
176	115	1
178	115	1
180	115	1
182	115	1
184	115	1
186	115	1
188	115	1
190	115	1
191	115	1
192	115	1
167	116	1
169	116	1
171	116	1
172	116	1
173	116	1
175	116	1
177	116	1
179	116	1
181	116	1
183	116	1
185	116	1
187	116	1
189	116	1
86	117	1
87	117	1
88	117	1
89	117	1
90	117	1
91	117	1
92	117	1
93	117	1
94	117	1
95	117	1
96	117	1
97	117	1
98	117	1
99	117	1
100	117	1
101	117	1
102	117	1
103	117	1
104	117	1
105	117	1
106	117	1
107	117	1
108	117	1
109	117	1
110	117	1
111	117	1
112	117	1
113	117	1
114	117	1
115	117	1
116	117	1
117	117	1
118	117	1
119	117	1
120	117	1
121	117	1
122	117	1
123	117	1
124	117	1
125	117	1
126	117	1
127	117	1
128	117	1
129	117	1
130	117	1
131	117	1
132	117	1
133	117	1
134	117	1
135	117	1
136	117	1
137	117	1
138	117	1
139	117	1
140	117	1
141	117	1
142	117	1
143	117	1
144	117	1
145	117	1
146	117	1
147	117	1
148	117	1
149	117	1
150	117	1
151	117	1
152	117	1
153	117	1
154	117	1
155	117	1
156	117	1
157	117	1
158	117	1
159	117	1
160	117	1
161	117	1
162	117	1
163	117	1
164	117	1
165	117	1
166	117	1
168	117	1
170	117	1
203	109	1
85	117	1
424	111	34
423	110	34
424	112	34
281	106	1
279	107	1
280	107	1
282	107	1
283	107	1
284	107	1
285	107	1
286	107	1
287	107	1
288	107	1
289	107	1
291	107	1
293	107	1
295	107	1
277	108	1
278	108	1
290	108	1
292	108	1
294	108	1
296	108	1
297	108	1
298	108	1
299	108	1
300	108	1
301	108	1
302	108	1
266	109	1
268	109	1
270	109	1
271	109	1
272	109	1
273	109	1
275	109	1
276	109	1
303	109	1
304	109	1
305	109	1
306	109	1
308	109	1
265	110	1
267	110	1
269	110	1
274	110	1
307	110	1
309	110	1
310	110	1
311	110	1
313	110	1
330	110	1
331	110	1
332	110	1
333	110	1
334	110	1
335	110	1
336	110	1
337	110	1
339	110	1
342	110	1
312	111	1
314	111	1
315	111	1
316	111	1
317	111	1
318	111	1
319	111	1
321	111	1
324	111	1
325	111	1
326	111	1
327	111	1
328	111	1
329	111	1
338	111	1
340	111	1
341	111	1
343	111	1
344	111	1
320	112	1
322	112	1
323	112	1
345	112	1
264	109	1
346	112	1
411	106	30
410	107	30
409	108	30
408	109	30
407	110	30
407	111	30
407	112	30
412	105	30
407	113	30
415	110	33
414	111	33
414	112	33
416	109	33
414	113	33
262	110	2
263	110	2
260	111	2
261	111	2
258	112	2
259	112	2
250	113	2
252	113	2
253	113	2
254	113	2
255	113	2
256	113	2
257	113	2
229	114	2
247	114	2
248	114	2
249	114	2
251	114	2
230	115	2
231	115	2
244	115	2
245	115	2
246	115	2
232	116	2
233	116	2
241	116	2
243	116	2
234	117	2
235	117	2
236	117	2
238	117	2
240	117	2
242	117	2
237	118	2
239	118	2
264	109	2
228	113	2
387	112	19
389	112	19
391	112	19
392	112	19
347	113	19
377	113	19
379	113	19
380	113	19
381	113	19
382	113	19
383	113	19
384	113	19
385	113	19
386	113	19
388	113	19
390	113	19
393	113	19
394	113	19
348	114	19
374	114	19
375	114	19
376	114	19
378	114	19
349	115	19
371	115	19
372	115	19
373	115	19
350	116	19
370	116	19
351	117	19
352	117	19
368	117	19
369	117	19
353	118	19
355	118	19
367	118	19
354	119	19
356	119	19
357	119	19
358	119	19
359	119	19
361	119	19
363	119	19
364	119	19
365	119	19
366	119	19
360	120	19
362	120	19
346	112	19
395	112	19
419	113	32
421	113	32
422	113	32
423	113	32
416	114	32
417	114	32
418	114	32
420	114	32
424	112	32
415	114	32
427	111	33
426	112	33
425	113	33
428	110	33
424	112	33
429	110	35
430	111	35
431	112	35
430	113	35
428	110	35
397	113	27
398	114	27
396	112	27
399	115	27
405	114	29
406	114	29
401	115	29
402	115	29
403	115	29
404	115	29
407	113	29
400	115	29
408	114	30
410	114	30
409	115	30
411	115	30
407	113	30
412	116	30
413	115	32
414	114	32
412	116	32
86	103	1
85	104	1
85	105	1
84	106	1
84	107	1
83	108	1
83	109	1
82	110	1
82	111	1
82	112	1
83	113	1
83	114	1
84	115	1
84	116	1
87	102	1
85	117	1
204	109	1
205	110	1
206	111	1
207	111	1
208	112	1
209	113	1
210	113	1
211	114	1
212	114	1
213	114	1
214	114	1
225	114	1
227	114	1
215	115	1
216	115	1
217	115	1
218	115	1
220	115	1
222	115	1
224	115	1
226	115	1
219	116	1
221	116	1
223	116	1
203	109	1
228	113	1
412	117	32
412	118	32
413	119	32
414	120	32
415	121	32
416	122	32
412	116	32
417	123	32
418	122	34
417	123	34
399	117	28
399	118	28
399	119	28
398	120	28
398	121	28
399	122	28
399	123	28
400	124	28
400	125	28
401	126	28
399	116	28
402	127	28
418	124	34
419	125	34
419	126	34
417	123	34
374	127	24
375	128	24
376	129	24
382	124	29
383	124	29
380	125	29
381	125	29
379	126	29
378	127	29
377	128	29
376	129	29
404	126	31
405	126	31
406	126	31
407	127	31
408	128	31
403	127	31
198	129	3
197	130	3
196	131	3
84	118	1
84	119	1
83	120	1
83	121	1
82	122	1
82	123	1
81	124	1
82	125	1
82	126	1
83	127	1
83	128	1
84	129	1
84	130	1
85	131	1
85	117	1
86	132	1
188	128	1
190	128	1
186	129	1
187	129	1
189	129	1
191	129	1
180	130	1
181	130	1
182	130	1
183	130	1
184	130	1
185	130	1
192	130	1
169	131	1
171	131	1
173	131	1
175	131	1
176	131	1
177	131	1
178	131	1
179	131	1
193	131	1
194	131	1
87	132	1
88	132	1
89	132	1
90	132	1
91	132	1
92	132	1
93	132	1
94	132	1
95	132	1
96	132	1
97	132	1
98	132	1
99	132	1
100	132	1
101	132	1
102	132	1
103	132	1
104	132	1
105	132	1
106	132	1
107	132	1
108	132	1
109	132	1
110	132	1
111	132	1
112	132	1
113	132	1
114	132	1
115	132	1
116	132	1
117	132	1
118	132	1
119	132	1
120	132	1
121	132	1
122	132	1
123	132	1
124	132	1
125	132	1
126	132	1
127	132	1
128	132	1
129	132	1
130	132	1
131	132	1
132	132	1
133	132	1
134	132	1
135	132	1
136	132	1
137	132	1
138	132	1
139	132	1
140	132	1
141	132	1
142	132	1
143	132	1
144	132	1
145	132	1
146	132	1
147	132	1
148	132	1
149	132	1
150	132	1
151	132	1
152	132	1
153	132	1
154	132	1
155	132	1
156	132	1
157	132	1
158	132	1
159	132	1
160	132	1
161	132	1
162	132	1
163	132	1
164	132	1
165	132	1
166	132	1
167	132	1
168	132	1
170	132	1
172	132	1
174	132	1
86	132	1
195	132	1
250	129	3
249	130	3
248	131	3
248	132	3
237	131	3
240	131	3
242	131	3
232	132	3
233	132	3
234	132	3
235	132	3
236	132	3
238	132	3
239	132	3
241	132	3
243	132	3
244	132	3
245	132	3
246	132	3
230	133	3
231	133	3
229	134	3
228	135	3
247	133	3
227	136	3
300	123	11
299	124	11
298	125	11
298	126	11
297	127	11
296	128	11
294	129	11
295	129	11
293	130	11
293	131	11
292	132	11
291	133	11
291	134	11
220	132	3
197	133	3
211	133	3
213	133	3
215	133	3
216	133	3
217	133	3
218	133	3
219	133	3
221	133	3
222	133	3
198	134	3
200	134	3
208	134	3
210	134	3
212	134	3
214	134	3
223	134	3
224	134	3
225	134	3
199	135	3
201	135	3
202	135	3
204	135	3
206	135	3
207	135	3
209	135	3
226	135	3
203	136	3
205	136	3
196	132	3
227	136	3
289	135	9
290	135	9
288	136	9
291	134	9
287	137	9
274	136	5
276	136	5
277	136	5
278	136	5
279	136	5
280	136	5
281	136	5
272	137	5
273	137	5
275	137	5
282	137	5
283	137	5
284	137	5
285	137	5
270	138	5
271	138	5
286	137	5
269	139	5
377	130	29
377	131	29
378	132	29
378	133	29
379	134	29
380	135	29
381	136	29
383	136	29
382	137	29
376	129	29
292	135	11
293	136	11
294	137	11
295	138	11
291	134	11
249	134	3
250	135	3
251	136	3
252	137	3
253	138	3
254	139	3
248	133	3
255	140	3
267	138	3
268	138	3
264	139	3
266	139	3
257	140	3
259	140	3
261	140	3
262	140	3
263	140	3
265	140	3
258	141	3
260	141	3
269	139	3
256	140	3
252	142	3
253	142	3
254	142	3
251	143	3
249	144	3
250	144	3
247	145	3
248	145	3
244	146	3
245	146	3
246	146	3
242	147	3
243	147	3
240	148	3
241	148	3
232	149	3
234	149	3
235	149	3
237	149	3
238	149	3
239	149	3
230	150	3
231	150	3
233	150	3
236	150	3
225	151	3
226	151	3
227	151	3
228	151	3
229	151	3
255	141	3
224	151	3
402	129	31
402	130	31
402	131	31
403	132	31
404	133	31
404	134	31
405	135	31
405	136	31
406	137	31
408	137	31
407	138	31
409	138	31
410	139	31
411	139	31
412	139	31
413	140	31
414	140	31
415	141	31
416	142	31
417	142	31
402	128	31
312	145	24
313	146	24
314	145	24
313	146	24
418	144	35
419	144	35
420	145	35
227	137	3
227	138	3
226	139	3
225	140	3
224	141	3
223	142	3
223	143	3
222	144	3
222	145	3
221	146	3
227	136	3
221	147	3
85	133	1
84	134	1
84	135	1
83	136	1
83	137	1
82	138	1
82	139	1
82	140	1
83	141	1
83	142	1
84	143	1
84	144	1
85	145	1
85	146	1
86	147	1
86	132	1
87	148	1
269	140	5
269	141	5
269	142	5
269	143	5
269	144	5
269	145	5
269	146	5
269	147	5
269	139	5
270	148	5
314	147	23
313	146	23
185	145	2
187	145	2
182	146	2
183	146	2
184	146	2
186	146	2
188	146	2
190	146	2
180	147	2
181	147	2
189	147	2
191	147	2
192	147	2
218	147	2
178	148	2
179	148	2
193	148	2
194	148	2
196	148	2
211	148	2
212	148	2
213	148	2
214	148	2
215	148	2
216	148	2
217	148	2
219	148	2
177	149	2
195	149	2
197	149	2
198	149	2
200	149	2
202	149	2
209	149	2
210	149	2
199	150	2
201	150	2
203	150	2
204	150	2
205	150	2
206	150	2
208	150	2
207	151	2
220	148	2
176	150	2
272	148	9
271	148	9
168	146	1
166	147	1
167	147	1
169	147	1
170	147	1
88	148	1
89	148	1
90	148	1
91	148	1
92	148	1
93	148	1
94	148	1
95	148	1
96	148	1
97	148	1
98	148	1
99	148	1
100	148	1
101	148	1
102	148	1
103	148	1
104	148	1
105	148	1
106	148	1
107	148	1
108	148	1
109	148	1
110	148	1
111	148	1
112	148	1
113	148	1
114	148	1
115	148	1
116	148	1
117	148	1
118	148	1
119	148	1
120	148	1
121	148	1
122	148	1
123	148	1
124	148	1
125	148	1
126	148	1
127	148	1
128	148	1
129	148	1
130	148	1
131	148	1
132	148	1
133	148	1
134	148	1
135	148	1
136	148	1
137	148	1
138	148	1
139	148	1
140	148	1
141	148	1
142	148	1
143	148	1
144	148	1
145	148	1
146	148	1
147	148	1
148	148	1
149	148	1
150	148	1
151	148	1
152	148	1
153	148	1
154	148	1
155	148	1
156	148	1
157	148	1
158	148	1
159	148	1
160	148	1
161	148	1
162	148	1
163	148	1
164	148	1
165	148	1
171	148	1
172	148	1
173	148	1
174	149	1
175	149	1
87	148	1
176	150	1
222	149	3
223	150	3
221	148	3
224	151	3
271	150	10
270	149	10
272	151	10
273	150	12
272	151	12
308	149	19
307	150	19
307	151	19
312	147	21
311	148	21
311	149	21
311	150	21
311	151	21
313	146	21
287	139	9
287	140	9
287	141	9
287	142	9
287	143	9
287	144	9
287	145	9
287	146	9
288	147	9
289	148	9
290	149	9
291	150	9
292	150	9
293	151	9
294	151	9
295	152	9
296	152	9
300	152	9
304	152	9
305	152	9
297	153	9
298	153	9
299	153	9
301	153	9
302	153	9
303	153	9
287	138	9
306	152	9
308	153	19
307	152	19
224	153	4
224	154	4
223	152	4
224	155	4
273	152	12
274	153	12
275	153	12
276	153	12
278	153	12
277	154	12
279	154	12
280	154	12
281	154	12
283	154	12
284	154	12
285	154	12
286	154	12
287	154	12
288	154	12
289	154	12
282	155	12
272	151	12
222	153	5
221	154	5
220	155	5
219	156	5
223	152	5
225	156	5
224	155	5
223	156	6
222	157	6
221	158	6
224	155	6
86	149	1
85	150	1
85	151	1
84	152	1
84	153	1
83	154	1
84	155	1
84	156	1
85	157	1
85	158	1
86	159	1
86	160	1
87	148	1
87	161	1
176	151	2
176	152	2
176	153	2
175	154	2
174	155	2
173	156	2
172	157	2
172	158	2
171	159	2
171	160	2
176	150	2
170	161	2
88	161	1
89	161	1
90	161	1
91	161	1
92	161	1
93	161	1
94	161	1
95	161	1
96	161	1
97	161	1
98	161	1
99	161	1
100	161	1
101	161	1
102	161	1
103	161	1
104	161	1
105	161	1
106	161	1
107	161	1
108	161	1
109	161	1
110	161	1
111	161	1
112	161	1
113	161	1
114	161	1
115	161	1
116	161	1
117	161	1
118	161	1
119	161	1
120	161	1
121	161	1
122	161	1
123	161	1
124	161	1
125	161	1
126	161	1
127	161	1
128	161	1
129	161	1
130	161	1
131	161	1
132	161	1
133	161	1
134	161	1
135	161	1
136	161	1
137	161	1
138	161	1
139	161	1
140	161	1
141	161	1
142	161	1
143	161	1
144	161	1
145	161	1
146	161	1
147	161	1
148	161	1
149	161	1
150	161	1
151	161	1
152	161	1
153	161	1
154	161	1
155	161	1
156	161	1
157	161	1
158	161	1
159	161	1
160	161	1
161	161	1
162	161	1
163	161	1
164	161	1
165	161	1
166	161	1
168	161	1
169	161	1
167	162	1
87	161	1
170	161	1
353	162	22
333	163	22
334	163	22
335	163	22
336	163	22
337	163	22
338	163	22
339	163	22
341	163	22
344	163	22
351	163	22
352	163	22
332	164	22
340	164	22
342	164	22
343	164	22
345	164	22
346	164	22
347	164	22
348	164	22
350	164	22
331	165	22
349	165	22
329	166	22
330	166	22
328	167	22
327	168	22
329	170	22
330	171	22
328	169	22
171	162	2
172	163	2
172	164	2
173	165	2
174	166	2
174	167	2
175	168	2
176	169	2
177	170	2
178	171	2
178	172	2
170	161	2
178	173	2
86	162	1
86	163	1
85	164	1
85	165	1
84	166	1
84	167	1
83	168	1
83	169	1
82	170	1
83	171	1
83	172	1
84	173	1
84	174	1
85	175	1
85	176	1
87	161	1
86	177	1
198	160	3
199	160	3
196	161	3
197	161	3
195	162	3
195	163	3
194	164	3
193	165	3
193	166	3
193	167	3
193	168	3
192	169	3
192	170	3
192	171	3
191	172	3
191	173	3
191	174	3
191	175	3
191	176	3
191	177	3
177	174	1
175	175	1
176	175	1
173	176	1
174	176	1
87	177	1
88	177	1
89	177	1
90	177	1
91	177	1
92	177	1
93	177	1
94	177	1
95	177	1
96	177	1
97	177	1
98	177	1
99	177	1
100	177	1
101	177	1
102	177	1
103	177	1
104	177	1
105	177	1
106	177	1
107	177	1
108	177	1
109	177	1
110	177	1
111	177	1
112	177	1
113	177	1
114	177	1
115	177	1
116	177	1
117	177	1
118	177	1
119	177	1
120	177	1
121	177	1
122	177	1
123	177	1
124	177	1
125	177	1
126	177	1
127	177	1
128	177	1
129	177	1
130	177	1
131	177	1
132	177	1
133	177	1
134	177	1
135	177	1
136	177	1
137	177	1
138	177	1
139	177	1
140	177	1
141	177	1
142	177	1
143	177	1
144	177	1
145	177	1
146	177	1
147	177	1
148	177	1
149	177	1
150	177	1
151	177	1
152	177	1
153	177	1
154	177	1
155	177	1
156	177	1
157	177	1
158	177	1
159	177	1
160	177	1
161	177	1
162	177	1
163	177	1
164	177	1
165	177	1
167	177	1
169	177	1
171	177	1
172	177	1
166	178	1
168	178	1
170	178	1
178	173	1
86	177	1
179	174	3
180	175	3
181	175	3
182	176	3
184	176	3
183	177	3
185	177	3
186	177	3
187	177	3
188	178	3
189	178	3
178	173	3
190	178	3
249	169	4
248	170	4
248	171	4
247	172	4
247	173	4
247	174	4
247	175	4
247	176	4
247	177	4
247	178	4
247	179	4
326	170	21
325	171	21
325	172	21
324	173	21
323	174	21
322	175	21
321	176	21
320	177	21
320	178	21
320	179	21
327	169	21
319	180	21
311	179	19
312	180	19
313	181	19
314	182	19
317	180	20
318	180	20
315	181	20
316	181	20
319	180	20
314	182	20
192	179	3
193	180	3
194	181	3
195	182	3
196	183	3
197	184	3
191	178	3
198	185	3
248	180	3
249	180	3
250	181	3
251	181	3
252	182	3
253	183	3
254	184	3
247	179	3
255	185	3
359	183	29
358	184	29
357	185	29
350	184	23
342	185	23
344	185	23
346	185	23
347	185	23
348	185	23
349	185	23
351	185	23
352	185	23
353	185	23
354	185	23
355	185	23
339	186	23
340	186	23
341	186	23
343	186	23
345	186	23
334	187	23
335	187	23
336	187	23
337	187	23
338	187	23
356	186	23
333	188	23
320	181	22
321	182	22
322	182	22
323	183	22
324	184	22
325	185	22
326	185	22
327	186	22
328	187	22
329	187	22
330	187	22
319	180	22
331	188	22
358	187	29
357	186	29
199	185	3
200	185	3
201	186	3
202	186	3
203	186	3
204	186	3
205	186	3
206	186	3
208	186	3
210	186	3
207	187	3
209	187	3
211	187	3
212	187	3
213	187	3
214	187	3
216	187	3
218	187	3
220	187	3
222	187	3
215	188	3
217	188	3
219	188	3
221	188	3
223	188	3
224	188	3
225	188	3
226	189	3
227	189	3
228	189	3
229	189	3
198	185	3
230	190	3
245	180	3
246	180	3
244	181	3
242	182	3
243	182	3
240	183	3
241	183	3
239	184	3
237	185	3
238	185	3
236	186	3
234	187	3
235	187	3
233	188	3
231	189	3
232	189	3
247	179	3
230	190	3
312	183	10
313	183	10
311	184	10
310	185	10
309	186	10
307	187	10
308	187	10
306	188	10
305	189	10
304	190	10
314	182	10
303	191	10
331	190	24
331	189	24
333	190	24
333	189	24
196	186	2
197	186	2
194	187	2
195	187	2
192	188	2
193	188	2
190	189	2
191	189	2
188	190	2
189	190	2
177	191	2
178	191	2
179	191	2
180	191	2
181	191	2
182	191	2
183	191	2
184	191	2
185	191	2
186	191	2
187	191	2
176	192	2
174	193	2
175	193	2
173	194	2
198	185	2
172	195	2
302	191	10
299	192	10
300	192	10
301	192	10
303	191	10
298	193	10
85	178	1
85	179	1
84	180	1
84	181	1
83	182	1
83	183	1
82	184	1
82	185	1
82	186	1
83	187	1
83	188	1
84	189	1
84	190	1
85	191	1
85	192	1
86	193	1
86	177	1
87	194	1
251	193	14
252	194	14
255	187	9
255	188	9
255	189	9
255	190	9
255	191	9
254	192	9
253	193	9
255	186	9
252	194	9
168	192	1
166	193	1
167	193	1
169	193	1
170	193	1
88	194	1
89	194	1
90	194	1
91	194	1
92	194	1
93	194	1
94	194	1
95	194	1
96	194	1
97	194	1
98	194	1
99	194	1
100	194	1
101	194	1
102	194	1
103	194	1
104	194	1
105	194	1
106	194	1
107	194	1
108	194	1
109	194	1
110	194	1
111	194	1
112	194	1
113	194	1
114	194	1
115	194	1
116	194	1
117	194	1
118	194	1
119	194	1
120	194	1
121	194	1
122	194	1
123	194	1
124	194	1
125	194	1
126	194	1
127	194	1
128	194	1
129	194	1
130	194	1
131	194	1
132	194	1
133	194	1
134	194	1
135	194	1
136	194	1
137	194	1
138	194	1
139	194	1
140	194	1
141	194	1
142	194	1
143	194	1
144	194	1
145	194	1
146	194	1
147	194	1
148	194	1
149	194	1
150	194	1
151	194	1
152	194	1
153	194	1
154	194	1
155	194	1
156	194	1
157	194	1
158	194	1
159	194	1
160	194	1
161	194	1
162	194	1
163	194	1
164	194	1
165	194	1
171	194	1
87	194	1
172	195	1
257	184	5
258	184	5
260	184	5
259	185	5
261	185	5
262	185	5
263	185	5
264	185	5
265	185	5
266	185	5
267	185	5
268	185	5
269	185	5
271	185	5
270	186	5
272	186	5
274	186	5
273	187	5
275	187	5
276	188	5
277	189	5
278	189	5
279	190	5
280	191	5
281	191	5
282	192	5
283	192	5
284	192	5
285	193	5
287	193	5
296	193	5
286	194	5
288	194	5
289	194	5
290	194	5
291	194	5
292	194	5
293	194	5
294	194	5
295	194	5
256	185	5
297	193	5
409	196	35
410	196	35
298	195	11
298	196	11
298	197	11
298	198	11
298	194	11
403	202	32
402	203	32
86	195	1
85	196	1
85	197	1
84	198	1
84	199	1
84	200	1
85	201	1
85	202	1
86	203	1
87	194	1
87	204	1
172	196	3
172	197	3
172	198	3
172	199	3
172	200	3
172	201	3
172	202	3
172	203	3
172	195	3
172	204	3
251	195	5
251	196	5
251	197	5
251	198	5
251	199	5
252	200	5
252	201	5
252	202	5
252	203	5
252	204	5
252	194	5
252	205	5
403	204	32
402	203	32
224	201	3
223	202	3
222	203	3
221	204	3
220	205	3
220	206	3
230	191	3
230	192	3
230	193	3
231	194	3
232	195	3
233	196	3
233	197	3
234	198	3
235	199	3
236	199	3
237	200	3
238	201	3
239	201	3
240	202	3
241	203	3
242	204	3
243	204	3
244	205	3
230	190	3
245	206	3
304	192	11
305	193	11
305	194	11
306	195	11
307	196	11
308	197	11
307	198	11
308	199	11
309	200	11
309	201	11
310	202	11
311	203	11
312	204	11
313	204	11
314	205	11
315	205	11
303	191	11
88	204	1
89	204	1
90	204	1
91	204	1
92	204	1
93	204	1
94	204	1
95	204	1
96	204	1
97	204	1
98	204	1
99	204	1
100	204	1
101	204	1
102	204	1
103	204	1
104	204	1
105	204	1
106	204	1
107	204	1
108	204	1
109	204	1
110	204	1
111	204	1
112	204	1
113	204	1
114	204	1
115	204	1
116	204	1
117	204	1
118	204	1
119	204	1
120	204	1
121	204	1
122	204	1
123	204	1
124	204	1
125	204	1
126	204	1
127	204	1
128	204	1
129	204	1
130	204	1
131	204	1
132	204	1
133	204	1
134	204	1
135	204	1
136	204	1
137	204	1
138	204	1
139	204	1
140	204	1
141	204	1
142	204	1
143	204	1
144	204	1
145	204	1
146	204	1
147	204	1
148	204	1
149	204	1
150	204	1
151	204	1
152	204	1
153	204	1
154	204	1
155	204	1
156	204	1
157	204	1
158	204	1
159	204	1
160	204	1
161	204	1
162	204	1
163	204	1
164	204	1
165	205	1
166	205	1
170	205	1
171	205	1
167	206	1
168	206	1
169	206	1
87	204	1
172	204	1
205	203	2
207	203	2
209	203	2
197	204	2
199	204	2
200	204	2
201	204	2
202	204	2
203	204	2
204	204	2
206	204	2
208	204	2
210	204	2
211	204	2
212	204	2
173	205	2
192	205	2
194	205	2
196	205	2
198	205	2
213	205	2
214	205	2
215	205	2
216	205	2
174	206	2
175	206	2
190	206	2
191	206	2
193	206	2
195	206	2
217	206	2
218	206	2
176	207	2
177	207	2
186	207	2
188	207	2
189	207	2
219	207	2
178	208	2
179	208	2
180	208	2
181	208	2
182	208	2
183	208	2
184	208	2
185	208	2
187	208	2
172	204	2
220	206	2
248	206	3
250	206	3
251	206	3
247	207	3
249	207	3
252	205	3
246	206	3
399	204	30
401	204	30
398	205	30
400	205	30
397	206	30
396	207	30
396	208	30
402	203	30
395	209	30
271	206	9
270	207	9
269	208	9
268	209	9
267	210	9
244	208	3
242	209	3
243	209	3
239	210	3
240	210	3
241	210	3
237	211	3
238	211	3
235	212	3
236	212	3
234	213	3
245	207	3
233	214	3
386	209	2
387	209	2
388	209	2
389	209	2
390	209	2
391	209	2
393	209	2
381	210	2
382	210	2
383	210	2
384	210	2
385	210	2
392	210	2
379	211	2
380	211	2
377	212	2
378	212	2
375	213	2
376	213	2
374	214	2
371	215	2
372	215	2
373	215	2
368	216	2
370	216	2
287	217	2
288	217	2
289	217	2
290	217	2
292	217	2
323	217	2
325	217	2
327	217	2
329	217	2
331	217	2
333	217	2
335	217	2
337	217	2
338	217	2
339	217	2
340	217	2
341	217	2
342	217	2
343	217	2
344	217	2
345	217	2
346	217	2
347	217	2
348	217	2
349	217	2
350	217	2
351	217	2
352	217	2
353	217	2
354	217	2
356	217	2
365	217	2
366	217	2
367	217	2
369	217	2
282	218	2
283	218	2
284	218	2
285	218	2
286	218	2
291	218	2
293	218	2
294	218	2
295	218	2
296	218	2
297	218	2
298	218	2
318	218	2
320	218	2
322	218	2
324	218	2
326	218	2
328	218	2
330	218	2
332	218	2
334	218	2
336	218	2
355	218	2
357	218	2
358	218	2
359	218	2
360	218	2
361	218	2
362	218	2
363	218	2
364	218	2
278	219	2
279	219	2
280	219	2
281	219	2
299	219	2
300	219	2
301	219	2
302	219	2
303	219	2
305	219	2
307	219	2
309	219	2
311	219	2
313	219	2
315	219	2
317	219	2
319	219	2
321	219	2
275	220	2
276	220	2
277	220	2
304	220	2
306	220	2
308	220	2
310	220	2
312	220	2
314	220	2
316	220	2
270	221	2
272	221	2
274	221	2
256	222	2
258	222	2
259	222	2
260	222	2
261	222	2
262	222	2
263	222	2
264	222	2
265	222	2
266	222	2
267	222	2
268	222	2
269	222	2
271	222	2
273	222	2
254	223	2
255	223	2
257	223	2
253	224	2
251	225	2
252	225	2
250	226	2
249	227	2
248	228	2
394	209	2
247	229	2
253	206	3
254	207	3
255	208	3
256	208	3
257	209	3
258	209	3
259	210	3
260	210	3
261	211	3
262	211	3
263	211	3
264	211	3
265	211	3
252	205	3
266	211	3
396	211	29
397	211	29
398	212	29
420	212	29
421	212	29
422	212	29
423	212	29
399	213	29
400	213	29
416	213	29
417	213	29
418	213	29
419	213	29
401	214	29
403	214	29
415	214	29
402	215	29
404	215	29
405	215	29
406	215	29
410	215	29
411	215	29
412	215	29
413	215	29
414	215	29
407	216	29
408	216	29
409	216	29
395	210	29
221	207	3
222	208	3
223	209	3
224	209	3
225	210	3
226	211	3
227	211	3
228	212	3
230	212	3
229	213	3
231	213	3
232	213	3
220	206	3
233	214	3
268	212	8
269	213	8
270	214	8
267	211	8
386	215	28
385	216	28
385	217	28
384	218	28
383	219	28
86	205	1
85	206	1
85	207	1
84	208	1
84	209	1
83	210	1
83	211	1
82	212	1
82	213	1
81	214	1
82	215	1
82	216	1
83	217	1
83	218	1
84	219	1
84	220	1
85	221	1
87	204	1
86	222	1
233	215	2
233	216	2
234	217	2
234	218	2
235	219	2
235	220	2
235	221	2
235	222	2
233	214	2
235	223	2
379	220	26
381	220	26
382	220	26
377	221	26
378	221	26
380	221	26
376	222	26
383	219	26
384	220	28
385	221	28
385	222	28
386	223	28
383	219	28
372	223	26
370	224	26
371	224	26
87	222	1
88	222	1
89	222	1
90	222	1
91	222	1
92	222	1
93	222	1
94	222	1
95	222	1
96	222	1
97	222	1
98	222	1
99	222	1
100	222	1
101	222	1
102	222	1
103	222	1
104	222	1
105	222	1
106	222	1
107	222	1
108	222	1
109	222	1
110	222	1
111	222	1
112	222	1
113	222	1
114	222	1
115	222	1
116	222	1
117	222	1
118	222	1
119	222	1
120	222	1
121	222	1
122	222	1
123	222	1
124	222	1
125	222	1
126	222	1
127	222	1
128	222	1
129	222	1
130	222	1
131	222	1
132	222	1
133	222	1
134	222	1
135	222	1
136	222	1
137	222	1
138	222	1
139	222	1
140	222	1
141	222	1
142	222	1
143	222	1
144	222	1
145	222	1
146	222	1
147	222	1
148	222	1
149	222	1
150	222	1
151	222	1
152	222	1
153	222	1
154	222	1
155	222	1
156	222	1
157	222	1
158	222	1
159	222	1
160	222	1
161	222	1
162	222	1
163	222	1
164	222	1
165	222	1
166	222	1
167	222	1
168	222	1
169	222	1
170	222	1
171	222	1
172	222	1
173	222	1
174	222	1
175	222	1
176	222	1
177	222	1
178	222	1
179	222	1
200	222	1
202	222	1
204	222	1
180	223	1
181	223	1
182	223	1
183	223	1
184	223	1
191	223	1
192	223	1
193	223	1
194	223	1
195	223	1
196	223	1
197	223	1
198	223	1
199	223	1
201	223	1
203	223	1
205	223	1
206	223	1
207	223	1
208	223	1
209	223	1
210	223	1
211	223	1
212	223	1
213	223	1
214	223	1
215	223	1
216	223	1
217	223	1
218	223	1
219	223	1
220	223	1
221	223	1
222	223	1
223	223	1
225	223	1
227	223	1
185	224	1
186	224	1
187	224	1
188	224	1
189	224	1
190	224	1
224	224	1
226	224	1
228	224	1
229	224	1
230	224	1
231	224	1
232	224	1
233	225	1
86	222	1
234	224	1
236	225	2
237	225	2
238	226	2
240	226	2
239	227	2
241	227	2
242	227	2
243	227	2
244	228	2
245	228	2
246	229	2
235	224	2
247	229	2
331	234	18
337	234	18
329	235	18
330	235	18
332	235	18
333	235	18
334	235	18
335	235	18
336	235	18
328	236	18
326	237	18
327	237	18
325	238	18
324	239	18
323	240	18
85	223	1
84	224	1
84	225	1
83	226	1
83	227	1
82	228	1
82	229	1
82	230	1
83	231	1
83	232	1
84	233	1
84	234	1
85	235	1
85	236	1
86	222	1
86	237	1
248	230	2
249	231	2
250	232	2
250	233	2
251	234	2
252	235	2
253	236	2
253	237	2
253	238	2
247	229	2
253	239	2
265	235	2
264	236	2
266	236	2
263	237	2
267	237	2
261	238	2
262	238	2
268	238	2
260	239	2
258	240	2
259	240	2
257	241	2
179	234	1
181	234	1
182	234	1
183	234	1
184	234	1
185	234	1
186	234	1
187	234	1
188	234	1
189	234	1
190	234	1
191	234	1
192	234	1
193	234	1
194	234	1
196	234	1
198	234	1
200	234	1
202	234	1
204	234	1
206	234	1
208	234	1
210	234	1
212	234	1
175	235	1
176	235	1
177	235	1
178	235	1
180	235	1
195	235	1
197	235	1
199	235	1
201	235	1
203	235	1
205	235	1
207	235	1
209	235	1
211	235	1
213	235	1
214	235	1
215	235	1
216	235	1
217	235	1
218	235	1
219	235	1
220	235	1
221	235	1
222	235	1
223	235	1
224	235	1
226	235	1
166	236	1
167	236	1
168	236	1
170	236	1
172	236	1
174	236	1
225	236	1
227	236	1
228	236	1
229	236	1
87	237	1
88	237	1
89	237	1
90	237	1
91	237	1
92	237	1
93	237	1
94	237	1
95	237	1
96	237	1
97	237	1
98	237	1
99	237	1
100	237	1
101	237	1
102	237	1
103	237	1
104	237	1
105	237	1
106	237	1
107	237	1
108	237	1
109	237	1
110	237	1
111	237	1
112	237	1
113	237	1
114	237	1
115	237	1
116	237	1
117	237	1
118	237	1
119	237	1
120	237	1
121	237	1
122	237	1
123	237	1
124	237	1
125	237	1
126	237	1
127	237	1
128	237	1
129	237	1
130	237	1
131	237	1
132	237	1
133	237	1
134	237	1
135	237	1
136	237	1
137	237	1
138	237	1
139	237	1
140	237	1
141	237	1
142	237	1
143	237	1
144	237	1
145	237	1
146	237	1
147	237	1
148	237	1
149	237	1
150	237	1
151	237	1
152	237	1
153	237	1
154	237	1
155	237	1
156	237	1
157	237	1
158	237	1
159	237	1
160	237	1
161	237	1
162	237	1
163	237	1
164	237	1
165	237	1
169	237	1
171	237	1
173	237	1
230	237	1
231	237	1
232	237	1
234	237	1
236	237	1
233	238	1
235	238	1
237	238	1
238	238	1
239	238	1
240	238	1
244	238	1
241	239	1
242	239	1
243	239	1
245	239	1
246	240	1
247	240	1
248	240	1
250	240	1
251	240	1
252	240	1
249	241	1
86	237	1
253	239	1
254	240	2
255	241	2
253	239	2
256	241	2
363	240	23
364	240	23
365	240	23
366	240	23
362	241	23
367	241	23
368	241	23
361	242	23
369	242	23
322	240	14
320	241	14
321	241	14
318	242	14
319	242	14
315	243	14
316	243	14
317	243	14
314	244	14
323	240	14
313	245	14
324	241	16
359	241	16
360	241	16
325	242	16
326	242	16
344	242	16
346	242	16
348	242	16
350	242	16
352	242	16
354	242	16
356	242	16
358	242	16
327	243	16
328	243	16
337	243	16
339	243	16
340	243	16
341	243	16
342	243	16
343	243	16
345	243	16
347	243	16
349	243	16
351	243	16
353	243	16
355	243	16
357	243	16
329	244	16
330	244	16
331	244	16
332	244	16
333	244	16
334	244	16
336	244	16
338	244	16
335	245	16
323	240	16
361	242	16
364	243	23
366	243	23
367	243	23
368	243	23
365	244	23
369	242	23
363	243	23
381	242	25
380	243	25
379	244	25
258	243	2
259	244	2
260	245	2
257	242	2
261	246	2
370	242	23
371	242	23
372	242	23
373	243	23
374	244	23
375	244	23
377	244	23
376	245	23
378	245	23
369	242	23
379	244	23
296	240	9
296	241	9
296	242	9
296	243	9
296	244	9
296	245	9
296	246	9
296	247	9
296	248	9
398	243	25
397	244	25
380	245	25
397	245	25
381	246	25
382	246	25
383	246	25
387	246	25
388	246	25
389	246	25
391	246	25
393	246	25
394	246	25
396	246	25
384	247	25
385	247	25
386	247	25
390	247	25
392	247	25
395	247	25
379	244	25
85	238	1
85	239	1
84	240	1
84	241	1
83	242	1
83	243	1
83	244	1
84	245	1
84	246	1
85	247	1
85	248	1
86	237	1
86	249	1
215	247	2
217	247	2
218	247	2
219	247	2
220	247	2
259	247	2
260	247	2
211	248	2
212	248	2
213	248	2
214	248	2
216	248	2
221	248	2
222	248	2
223	248	2
256	248	2
257	248	2
258	248	2
210	249	2
224	249	2
226	249	2
228	249	2
230	249	2
232	249	2
234	249	2
236	249	2
238	249	2
240	249	2
242	249	2
244	249	2
246	249	2
248	249	2
250	249	2
252	249	2
254	249	2
255	249	2
208	250	2
209	250	2
225	250	2
227	250	2
229	250	2
231	250	2
233	250	2
235	250	2
237	250	2
239	250	2
241	250	2
243	250	2
245	250	2
247	250	2
249	250	2
251	250	2
253	250	2
206	251	2
207	251	2
204	252	2
205	252	2
203	253	2
202	254	2
261	246	2
201	255	2
301	247	10
302	247	10
298	248	10
299	248	10
300	248	10
303	248	10
297	249	10
304	249	10
311	244	12
312	244	12
309	245	12
310	245	12
307	246	12
308	246	12
306	247	12
305	248	12
313	245	12
304	249	12
294	249	7
293	250	7
295	250	7
262	247	2
263	248	2
264	248	2
265	249	2
266	249	2
268	249	2
269	249	2
271	249	2
273	249	2
274	249	2
267	250	2
270	250	2
272	250	2
275	250	2
276	250	2
277	250	2
278	250	2
279	250	2
280	250	2
281	250	2
282	250	2
283	250	2
284	250	2
285	250	2
286	250	2
261	246	2
287	251	2
289	249	5
290	249	5
288	250	5
291	250	5
292	250	5
287	251	5
361	245	21
360	246	21
359	247	21
358	248	21
358	249	21
357	250	21
357	251	21
362	244	21
357	252	21
313	246	13
313	247	13
313	248	13
312	249	13
313	250	13
313	251	13
313	252	13
313	245	13
313	253	13
305	250	11
306	251	11
307	252	11
308	253	11
304	249	11
309	254	11
311	254	11
312	254	11
313	253	11
310	254	11
358	253	24
359	254	24
360	255	24
361	255	24
357	252	24
362	256	24
368	248	24
368	249	24
368	250	24
366	251	24
367	251	24
365	252	24
364	253	24
364	254	24
363	255	24
362	256	24
87	249	1
88	249	1
89	249	1
90	249	1
91	249	1
92	249	1
93	249	1
94	249	1
95	249	1
96	249	1
97	249	1
98	249	1
99	249	1
100	249	1
101	249	1
102	249	1
103	249	1
104	249	1
105	249	1
106	249	1
107	249	1
108	249	1
109	249	1
110	249	1
111	249	1
112	249	1
113	249	1
114	249	1
115	249	1
116	249	1
117	249	1
118	249	1
119	249	1
120	249	1
121	249	1
122	249	1
123	249	1
124	249	1
125	249	1
126	249	1
127	249	1
128	249	1
129	249	1
130	249	1
131	249	1
132	249	1
133	249	1
134	249	1
135	249	1
136	249	1
137	249	1
138	249	1
139	249	1
140	249	1
141	249	1
142	249	1
143	249	1
144	249	1
145	249	1
146	249	1
147	249	1
148	249	1
149	249	1
150	249	1
151	249	1
152	249	1
153	249	1
154	249	1
155	249	1
156	249	1
157	249	1
158	249	1
159	249	1
160	249	1
161	249	1
162	249	1
163	249	1
164	249	1
165	249	1
167	249	1
166	250	1
168	250	1
169	250	1
170	250	1
171	250	1
172	250	1
174	250	1
176	250	1
173	251	1
175	251	1
177	251	1
178	252	1
179	253	1
180	253	1
181	254	1
182	254	1
183	255	1
184	256	1
86	249	1
185	257	1
295	251	8
296	252	8
297	253	8
298	254	8
299	254	8
300	255	8
301	256	8
295	250	8
314	254	11
315	254	11
316	255	11
317	255	11
318	256	11
319	256	11
313	253	11
320	257	11
190	255	1
192	255	1
194	255	1
196	255	1
198	255	1
200	255	1
187	256	1
189	256	1
191	256	1
193	256	1
195	256	1
197	256	1
199	256	1
186	257	1
188	257	1
201	255	1
185	257	1
287	252	5
287	253	5
287	254	5
287	255	5
288	256	5
289	257	5
287	251	5
290	258	5
293	252	6
293	253	6
293	254	6
293	255	6
293	256	6
291	257	6
292	257	6
293	251	6
290	258	6
363	257	25
364	258	25
362	256	25
365	259	25
383	255	25
384	255	25
385	255	25
386	255	25
388	255	25
408	255	25
382	256	25
387	256	25
389	256	25
391	256	25
407	256	25
381	257	25
390	257	25
392	257	25
393	257	25
394	257	25
396	257	25
398	257	25
401	257	25
403	257	25
404	257	25
406	257	25
380	258	25
395	258	25
397	258	25
399	258	25
400	258	25
402	258	25
405	258	25
380	259	25
356	253	14
355	254	14
353	255	14
354	255	14
352	256	14
322	257	14
323	257	14
324	257	14
325	257	14
326	257	14
327	257	14
328	257	14
329	257	14
330	257	14
331	257	14
332	257	14
333	257	14
334	257	14
336	257	14
350	257	14
351	257	14
335	258	14
337	258	14
339	258	14
349	258	14
338	259	14
340	259	14
344	259	14
346	259	14
347	259	14
348	259	14
341	260	14
342	260	14
343	260	14
345	260	14
357	252	14
321	257	14
367	259	26
366	259	26
379	260	26
380	259	26
381	260	28
380	259	28
85	250	1
85	251	1
84	252	1
84	253	1
83	254	1
83	255	1
82	256	1
83	257	1
82	258	1
83	259	1
83	260	1
84	261	1
84	262	1
86	249	1
85	263	1
184	258	1
183	259	1
182	260	1
181	261	1
180	262	1
179	263	1
185	257	1
178	264	1
308	256	11
307	257	11
307	258	11
306	259	11
307	260	11
307	261	11
307	262	11
307	263	11
309	255	11
307	264	11
86	263	1
87	263	1
88	263	1
89	263	1
90	263	1
91	263	1
92	263	1
93	263	1
94	263	1
95	263	1
96	263	1
97	263	1
98	263	1
99	263	1
100	263	1
101	263	1
102	263	1
103	263	1
104	263	1
105	263	1
106	263	1
107	263	1
108	263	1
109	263	1
110	263	1
111	263	1
112	263	1
113	263	1
114	263	1
115	263	1
116	263	1
117	263	1
118	263	1
119	263	1
120	263	1
121	263	1
122	263	1
123	263	1
124	263	1
125	263	1
126	263	1
127	263	1
128	263	1
129	263	1
130	263	1
131	263	1
132	263	1
133	263	1
134	263	1
135	263	1
136	263	1
137	263	1
138	263	1
139	263	1
140	263	1
141	263	1
142	263	1
143	263	1
144	263	1
145	263	1
146	263	1
147	263	1
148	263	1
149	263	1
150	263	1
151	263	1
152	263	1
153	263	1
154	263	1
155	263	1
156	263	1
157	263	1
158	263	1
159	263	1
160	263	1
161	263	1
162	263	1
163	264	1
164	264	1
165	264	1
166	264	1
168	264	1
170	264	1
172	264	1
173	264	1
174	264	1
175	264	1
176	264	1
167	265	1
169	265	1
171	265	1
85	263	1
177	264	1
289	259	5
288	260	5
287	261	5
286	262	5
285	263	5
284	264	5
290	258	5
283	265	5
365	261	25
366	262	25
366	263	25
367	264	25
368	264	25
365	260	25
202	256	1
203	256	1
204	257	1
205	257	1
206	258	1
207	258	1
208	259	1
209	259	1
242	259	1
244	259	1
245	259	1
246	259	1
247	259	1
248	259	1
249	259	1
250	259	1
251	259	1
252	259	1
253	259	1
254	259	1
210	260	1
211	260	1
212	260	1
214	260	1
216	260	1
218	260	1
220	260	1
239	260	1
240	260	1
241	260	1
243	260	1
255	260	1
256	260	1
257	260	1
258	260	1
259	260	1
213	261	1
215	261	1
217	261	1
219	261	1
221	261	1
222	261	1
223	261	1
224	261	1
225	261	1
226	261	1
227	261	1
228	261	1
229	261	1
230	261	1
231	261	1
232	261	1
233	261	1
234	261	1
235	261	1
236	261	1
237	261	1
238	261	1
260	261	1
261	261	1
262	261	1
264	261	1
266	261	1
263	262	1
265	262	1
267	262	1
268	262	1
269	262	1
271	262	1
270	263	1
272	263	1
273	263	1
274	263	1
276	263	1
275	264	1
277	264	1
278	264	1
279	264	1
280	264	1
281	265	1
282	265	1
201	255	1
283	265	1
318	259	16
319	259	16
317	260	16
315	261	16
316	261	16
313	262	16
314	262	16
312	263	16
310	264	16
311	264	16
309	265	16
320	258	16
308	265	16
306	266	14
307	265	14
305	267	14
284	266	6
285	267	6
286	267	6
287	268	6
299	268	6
301	268	6
302	268	6
303	268	6
288	269	6
289	269	6
291	269	6
293	269	6
295	269	6
296	269	6
297	269	6
298	269	6
300	269	6
290	270	6
292	270	6
294	270	6
283	265	6
304	267	6
344	270	22
345	270	22
305	269	12
305	270	12
305	271	12
305	272	12
306	273	12
305	268	12
178	266	1
178	267	1
178	268	1
178	269	1
178	270	1
178	271	1
178	272	1
178	273	1
178	274	1
178	275	1
178	265	1
178	276	1
318	268	17
317	269	17
317	270	17
317	271	17
316	272	17
315	273	17
314	274	17
313	275	17
312	276	17
311	276	15
312	276	15
392	274	27
393	274	27
394	275	27
395	276	27
396	276	27
249	273	3
248	274	3
247	275	3
247	276	3
247	277	3
246	278	3
84	264	1
84	265	1
83	266	1
83	267	1
82	268	1
82	269	1
81	270	1
81	271	1
81	272	1
82	273	1
82	274	1
83	275	1
83	276	1
84	277	1
84	278	1
85	279	1
85	263	1
86	280	1
201	278	2
196	279	2
198	279	2
199	279	2
200	279	2
202	279	2
203	279	2
192	280	2
193	280	2
194	280	2
195	280	2
197	280	2
191	281	2
204	280	2
190	282	2
212	276	2
214	276	2
216	276	2
218	276	2
220	276	2
208	277	2
209	277	2
210	277	2
211	277	2
213	277	2
215	277	2
217	277	2
219	277	2
221	277	2
222	277	2
223	277	2
224	277	2
226	277	2
228	277	2
229	277	2
231	277	2
206	278	2
207	278	2
225	278	2
227	278	2
230	278	2
232	278	2
233	278	2
234	278	2
235	278	2
237	278	2
205	279	2
236	279	2
238	279	2
239	279	2
240	279	2
241	279	2
242	279	2
243	279	2
244	279	2
245	279	2
204	280	2
165	279	1
167	279	1
170	279	1
87	280	1
88	280	1
89	280	1
90	280	1
91	280	1
92	280	1
93	280	1
94	280	1
95	280	1
96	280	1
97	280	1
98	280	1
99	280	1
100	280	1
101	280	1
102	280	1
103	280	1
104	280	1
105	280	1
106	280	1
107	280	1
108	280	1
109	280	1
110	280	1
111	280	1
112	280	1
113	280	1
114	280	1
115	280	1
116	280	1
117	280	1
118	280	1
119	280	1
120	280	1
121	280	1
122	280	1
123	280	1
124	280	1
125	280	1
126	280	1
127	280	1
128	280	1
129	280	1
130	280	1
131	280	1
132	280	1
133	280	1
134	280	1
135	280	1
136	280	1
137	280	1
138	280	1
139	280	1
140	280	1
141	280	1
142	280	1
143	280	1
144	280	1
145	280	1
146	280	1
147	280	1
148	280	1
149	280	1
150	280	1
151	280	1
152	280	1
153	280	1
154	280	1
155	280	1
156	280	1
157	280	1
158	280	1
159	280	1
160	280	1
161	280	1
162	280	1
163	280	1
164	280	1
166	280	1
168	280	1
169	280	1
171	280	1
172	280	1
86	280	1
173	281	1
177	278	1
176	279	1
174	280	1
175	280	1
178	277	1
173	281	1
334	280	24
334	281	24
181	277	1
180	278	1
182	278	1
183	278	1
184	278	1
185	279	1
186	279	1
187	279	1
188	280	1
189	281	1
179	277	1
190	282	1
336	281	25
335	282	25
247	280	3
248	281	3
249	282	3
250	283	3
246	279	3
251	284	3
313	277	16
313	278	16
314	279	16
315	280	16
316	281	16
317	282	16
318	283	16
319	283	16
320	283	16
321	283	16
323	283	16
328	283	16
330	283	16
331	283	16
332	283	16
333	283	16
322	284	16
324	284	16
325	284	16
326	284	16
327	284	16
329	284	16
312	276	16
334	282	16
336	283	25
335	282	25
265	279	3
266	279	3
267	279	3
268	279	3
269	279	3
270	279	3
271	279	3
272	279	3
274	279	3
276	279	3
262	280	3
263	280	3
264	280	3
273	280	3
275	280	3
277	280	3
261	281	3
278	281	3
279	281	3
280	281	3
259	282	3
260	282	3
281	282	3
282	282	3
283	282	3
285	282	3
257	283	3
258	283	3
284	283	3
286	283	3
287	283	3
288	283	3
253	284	3
256	284	3
289	284	3
290	284	3
291	284	3
292	284	3
293	284	3
254	285	3
255	285	3
294	285	3
295	285	3
296	286	3
297	286	3
298	286	3
299	286	3
252	284	3
300	287	3
304	279	10
305	280	10
306	281	10
305	282	10
305	283	10
304	284	10
304	285	10
302	286	10
303	286	10
301	287	10
173	282	1
173	283	1
173	284	1
173	285	1
173	286	1
173	287	1
173	288	1
173	289	1
173	290	1
173	281	1
173	291	1
204	281	2
204	282	2
204	283	2
204	284	2
203	285	2
203	286	2
203	287	2
203	288	2
203	289	2
203	290	2
203	291	2
204	280	2
203	292	2
190	283	1
190	284	1
190	285	1
190	286	1
190	287	1
190	288	1
190	289	1
190	290	1
190	291	1
190	292	1
190	282	1
190	293	1
85	281	1
84	282	1
84	283	1
83	284	1
83	285	1
82	286	1
82	287	1
82	288	1
83	289	1
83	290	1
84	291	1
84	292	1
85	293	1
86	280	1
86	294	1
172	292	1
166	293	1
167	293	1
168	293	1
169	293	1
170	293	1
171	293	1
87	294	1
88	294	1
89	294	1
90	294	1
91	294	1
92	294	1
93	294	1
94	294	1
95	294	1
96	294	1
97	294	1
98	294	1
99	294	1
100	294	1
101	294	1
102	294	1
103	294	1
104	294	1
105	294	1
106	294	1
107	294	1
108	294	1
109	294	1
110	294	1
111	294	1
112	294	1
113	294	1
114	294	1
115	294	1
116	294	1
117	294	1
118	294	1
119	294	1
120	294	1
121	294	1
122	294	1
123	294	1
124	294	1
125	294	1
126	294	1
127	294	1
128	294	1
129	294	1
130	294	1
131	294	1
132	294	1
133	294	1
134	294	1
135	294	1
136	294	1
137	294	1
138	294	1
139	294	1
140	294	1
141	294	1
142	294	1
143	294	1
144	294	1
145	294	1
146	294	1
147	294	1
148	294	1
149	294	1
150	294	1
151	294	1
152	294	1
153	294	1
154	294	1
155	294	1
156	294	1
157	294	1
158	294	1
159	294	1
160	294	1
161	294	1
162	294	1
163	294	1
164	294	1
165	294	1
173	291	1
86	294	1
174	292	1
175	293	1
177	293	1
176	294	1
178	294	1
179	294	1
180	294	1
181	294	1
182	294	1
184	294	1
186	294	1
187	294	1
188	294	1
183	295	1
185	295	1
173	291	1
189	294	1
201	293	2
202	293	2
198	294	2
199	294	2
200	294	2
196	295	2
197	295	2
194	296	2
195	296	2
203	292	2
193	296	2
191	295	1
190	294	1
192	296	1
215	286	2
214	287	2
213	288	2
212	289	2
212	290	2
212	291	2
211	292	2
211	293	2
210	294	2
210	295	2
209	296	2
204	293	2
205	294	2
206	295	2
207	295	2
208	296	2
203	292	2
209	296	2
339	293	17
338	294	17
337	295	17
336	296	17
336	297	17
335	298	17
268	297	9
269	298	9
270	299	9
274	295	11
273	296	11
272	297	11
272	298	11
271	299	11
301	289	11
302	290	11
303	291	11
304	291	11
305	292	11
306	293	11
307	294	11
308	294	11
309	295	11
310	296	11
311	296	11
312	297	11
313	297	11
314	297	11
316	297	11
318	297	11
332	297	11
334	297	11
315	298	11
317	298	11
319	298	11
320	298	11
321	298	11
322	298	11
323	298	11
324	298	11
326	298	11
328	298	11
329	298	11
330	298	11
331	298	11
333	298	11
325	299	11
327	299	11
301	288	11
335	298	11
336	299	17
337	300	17
335	298	17
270	301	4
271	300	4
270	302	4
251	286	2
250	287	2
248	288	2
249	288	2
245	289	2
247	289	2
244	290	2
246	290	2
243	291	2
241	292	2
242	292	2
240	293	2
240	294	2
240	295	2
239	296	2
238	297	2
238	298	2
237	299	2
237	300	2
237	301	2
237	302	2
251	285	2
237	303	2
192	298	2
192	299	2
192	300	2
192	301	2
193	302	2
192	303	2
192	304	2
192	305	2
192	297	2
192	306	2
85	295	1
84	296	1
84	297	1
83	298	1
83	299	1
82	300	1
82	301	1
82	302	1
83	303	1
83	304	1
84	305	1
84	306	1
85	307	1
86	294	1
86	308	1
268	303	1
269	303	1
267	304	1
265	305	1
266	305	1
264	306	1
263	307	1
262	308	1
270	302	1
261	309	1
190	307	1
191	307	1
87	308	1
88	308	1
89	308	1
90	308	1
91	308	1
92	308	1
93	308	1
94	308	1
95	308	1
96	308	1
97	308	1
98	308	1
99	308	1
100	308	1
101	308	1
102	308	1
103	308	1
104	308	1
105	308	1
106	308	1
107	308	1
108	308	1
109	308	1
110	308	1
111	308	1
112	308	1
113	308	1
114	308	1
115	308	1
116	308	1
117	308	1
118	308	1
119	308	1
120	308	1
121	308	1
122	308	1
123	308	1
124	308	1
125	308	1
126	308	1
127	308	1
128	308	1
129	308	1
130	308	1
131	308	1
132	308	1
133	308	1
134	308	1
135	308	1
136	308	1
137	308	1
138	308	1
139	308	1
140	308	1
141	308	1
142	308	1
143	308	1
144	308	1
145	308	1
146	308	1
147	308	1
148	308	1
149	308	1
150	308	1
151	308	1
152	308	1
153	308	1
154	308	1
155	308	1
156	308	1
157	308	1
158	308	1
159	308	1
160	308	1
161	308	1
162	308	1
163	308	1
164	308	1
168	308	1
186	308	1
188	308	1
189	308	1
165	309	1
166	309	1
167	309	1
169	309	1
170	309	1
171	309	1
172	309	1
173	309	1
174	309	1
175	309	1
176	309	1
177	309	1
178	309	1
179	309	1
180	309	1
181	309	1
182	309	1
183	309	1
184	309	1
185	309	1
187	309	1
192	306	1
86	308	1
238	304	1
239	304	1
240	305	1
241	306	1
242	306	1
243	307	1
244	307	1
245	308	1
259	308	1
260	308	1
246	309	1
247	309	1
248	309	1
254	309	1
255	309	1
256	309	1
257	309	1
258	309	1
249	310	1
250	310	1
251	310	1
252	310	1
253	310	1
237	303	1
261	309	1
271	303	5
271	304	5
272	305	5
273	306	5
274	306	5
275	307	5
276	308	5
277	309	5
270	302	5
210	297	2
210	298	2
211	299	2
211	300	2
211	301	2
212	302	2
212	303	2
212	304	2
213	305	2
214	306	2
215	307	2
216	308	2
216	309	2
216	310	2
209	296	2
216	311	2
85	309	1
84	310	1
84	311	1
83	312	1
86	308	1
82	313	1
236	304	2
235	305	2
234	306	2
233	307	2
232	308	2
231	309	2
230	310	2
226	311	2
228	311	2
229	311	2
217	312	2
218	312	2
220	312	2
222	312	2
223	312	2
224	312	2
225	312	2
227	312	2
219	313	2
221	313	2
237	303	2
216	311	2
193	307	1
194	308	1
195	308	1
196	309	1
197	309	1
198	310	1
200	310	1
199	311	1
201	311	1
202	311	1
203	312	1
204	312	1
205	312	1
214	312	1
215	312	1
206	313	1
207	313	1
208	313	1
210	313	1
212	313	1
213	313	1
209	314	1
211	314	1
192	306	1
216	311	1
373	314	19
375	314	19
377	314	19
379	314	19
368	315	19
370	315	19
372	315	19
374	315	19
376	315	19
378	315	19
380	315	19
381	315	19
382	315	19
384	315	19
365	316	19
366	316	19
367	316	19
369	316	19
371	316	19
383	316	19
385	316	19
386	316	19
387	316	19
363	317	19
364	317	19
362	318	19
361	319	19
388	317	19
360	320	19
261	310	1
261	311	1
261	312	1
261	313	1
261	314	1
261	315	1
261	316	1
262	317	1
263	318	1
261	309	1
388	318	26
388	317	26
389	316	26
390	316	26
391	317	26
392	318	26
388	317	26
357	319	18
359	319	18
358	320	18
356	320	18
360	320	18
310	320	11
311	320	11
312	320	11
313	320	11
314	320	11
354	320	11
307	321	11
308	321	11
309	321	11
315	321	11
316	321	11
317	321	11
318	321	11
345	321	11
347	321	11
349	321	11
350	321	11
351	321	11
352	321	11
353	321	11
305	322	11
306	322	11
319	322	11
321	322	11
341	322	11
342	322	11
343	322	11
344	322	11
346	322	11
348	322	11
303	323	11
304	323	11
320	323	11
322	323	11
323	323	11
324	323	11
326	323	11
328	323	11
330	323	11
332	323	11
334	323	11
336	323	11
337	323	11
338	323	11
339	323	11
340	323	11
302	324	11
325	324	11
327	324	11
329	324	11
331	324	11
333	324	11
335	324	11
355	320	11
301	325	11
287	320	9
288	321	9
289	322	9
290	323	9
356	322	18
356	321	18
83	314	1
84	315	1
85	316	1
86	317	1
87	318	1
88	318	1
89	319	1
90	319	1
91	320	1
92	320	1
93	321	1
94	321	1
95	322	1
96	322	1
97	323	1
98	323	1
82	313	1
99	324	1
291	323	10
292	323	10
293	323	10
294	324	10
295	324	10
290	323	10
296	325	10
261	324	1
263	324	1
264	324	1
266	324	1
268	324	1
270	324	1
272	324	1
259	325	1
260	325	1
262	325	1
265	325	1
267	325	1
269	325	1
271	325	1
273	325	1
274	325	1
275	325	1
283	325	1
284	325	1
285	325	1
286	325	1
287	325	1
257	326	1
258	326	1
276	326	1
277	326	1
278	326	1
279	326	1
280	326	1
281	326	1
282	326	1
255	327	1
256	327	1
253	328	1
254	328	1
252	329	1
288	324	1
251	330	1
298	324	10
300	324	10
299	325	10
297	325	10
301	325	10
184	323	1
186	323	1
188	323	1
190	323	1
192	323	1
194	323	1
101	324	1
102	324	1
103	324	1
104	324	1
105	324	1
106	324	1
107	324	1
108	324	1
109	324	1
110	324	1
111	324	1
112	324	1
113	324	1
114	324	1
115	324	1
116	324	1
117	324	1
118	324	1
119	324	1
120	324	1
121	324	1
122	324	1
123	324	1
124	324	1
125	324	1
126	324	1
127	324	1
128	324	1
129	324	1
130	324	1
131	324	1
132	324	1
133	324	1
134	324	1
135	324	1
136	324	1
137	324	1
138	324	1
139	324	1
140	324	1
141	324	1
142	324	1
143	324	1
144	324	1
145	324	1
146	324	1
147	324	1
148	324	1
149	324	1
150	324	1
151	324	1
152	324	1
153	324	1
154	324	1
155	324	1
156	324	1
157	324	1
158	324	1
159	324	1
160	324	1
161	324	1
162	324	1
163	324	1
164	324	1
165	324	1
166	324	1
167	324	1
168	324	1
170	324	1
172	324	1
174	324	1
176	324	1
178	324	1
180	324	1
181	324	1
182	324	1
183	324	1
185	324	1
187	324	1
189	324	1
191	324	1
193	324	1
195	324	1
197	324	1
169	325	1
171	325	1
173	325	1
175	325	1
177	325	1
179	325	1
196	325	1
198	325	1
199	325	1
200	325	1
241	325	1
201	326	1
202	326	1
204	326	1
226	326	1
228	326	1
230	326	1
232	326	1
233	326	1
234	326	1
235	326	1
236	326	1
237	326	1
238	326	1
239	326	1
240	326	1
242	326	1
243	326	1
203	327	1
205	327	1
207	327	1
219	327	1
221	327	1
222	327	1
223	327	1
224	327	1
225	327	1
227	327	1
229	327	1
231	327	1
244	327	1
245	327	1
246	327	1
206	328	1
208	328	1
209	328	1
210	328	1
211	328	1
212	328	1
213	328	1
214	328	1
215	328	1
216	328	1
217	328	1
218	328	1
220	328	1
247	328	1
248	328	1
249	328	1
250	329	1
100	324	1
251	330	1
289	326	10
289	327	10
289	328	10
290	329	10
289	325	10
290	330	10
297	327	12
296	328	12
294	329	12
295	329	12
293	330	12
292	331	12
297	326	12
291	331	12
361	321	19
361	322	19
362	323	19
363	323	19
364	323	19
365	324	19
366	324	19
367	324	19
369	324	19
368	325	19
370	325	19
371	325	19
372	325	19
373	325	19
374	326	19
375	326	19
376	327	19
377	328	19
378	329	19
379	329	19
380	329	19
381	330	19
383	330	19
382	331	19
384	331	19
385	331	19
386	332	19
387	332	19
360	320	19
249	331	1
247	332	1
248	332	1
245	333	1
246	333	1
244	334	1
242	335	1
243	335	1
239	336	1
240	336	1
241	336	1
227	337	1
229	337	1
231	337	1
232	337	1
233	337	1
234	337	1
235	337	1
236	337	1
238	337	1
222	338	1
224	338	1
225	338	1
226	338	1
228	338	1
230	338	1
237	338	1
217	339	1
219	339	1
220	339	1
221	339	1
223	339	1
214	340	1
216	340	1
218	340	1
212	341	1
213	341	1
215	341	1
211	342	1
250	331	1
210	343	1
99	326	6
99	327	6
99	328	6
99	329	6
99	330	6
100	331	6
101	332	6
102	332	6
103	333	6
104	333	6
105	334	6
106	334	6
107	335	6
108	335	6
109	336	6
110	336	6
111	337	6
112	337	6
113	338	6
114	338	6
99	325	6
115	339	6
289	332	4
288	333	4
286	334	4
287	334	4
285	335	4
284	336	4
282	337	4
284	337	4
270	338	4
272	338	4
274	338	4
276	338	4
277	338	4
278	338	4
279	338	4
280	338	4
281	338	4
283	338	4
267	339	4
268	339	4
269	339	4
271	339	4
273	339	4
275	339	4
265	340	4
266	340	4
290	331	4
264	340	4
360	331	24
359	332	24
359	333	24
358	334	24
357	335	24
356	336	24
355	337	24
355	338	24
354	339	24
253	332	1
254	333	1
255	333	1
256	334	1
257	335	1
258	335	1
259	336	1
260	337	1
261	338	1
262	338	1
263	339	1
252	331	1
264	340	1
301	326	10
302	327	10
303	328	10
304	328	10
305	329	10
306	329	10
307	330	10
308	331	10
309	332	10
310	332	10
311	333	10
312	333	10
313	334	10
314	334	10
315	334	10
316	335	10
317	335	10
318	335	10
320	335	10
319	336	10
321	336	10
322	336	10
323	336	10
324	336	10
326	336	10
325	337	10
327	337	10
329	337	10
331	337	10
328	338	10
330	338	10
332	338	10
333	338	10
334	338	10
336	338	10
338	338	10
340	338	10
342	338	10
344	338	10
345	338	10
347	338	10
350	338	10
351	338	10
352	338	10
335	339	10
337	339	10
339	339	10
341	339	10
343	339	10
346	339	10
348	339	10
349	339	10
353	339	10
301	325	10
354	339	10
117	339	1
118	339	1
119	339	1
120	339	1
121	339	1
122	339	1
123	339	1
124	339	1
125	339	1
126	339	1
127	339	1
128	339	1
129	339	1
130	339	1
131	339	1
132	339	1
133	339	1
134	339	1
135	339	1
136	339	1
137	339	1
138	339	1
139	339	1
140	339	1
141	339	1
142	339	1
143	339	1
144	339	1
145	339	1
146	339	1
147	339	1
148	339	1
149	339	1
150	339	1
151	339	1
152	339	1
153	339	1
154	339	1
155	339	1
156	339	1
157	339	1
158	339	1
159	339	1
160	339	1
161	339	1
162	339	1
163	339	1
164	339	1
165	339	1
166	339	1
167	339	1
168	339	1
169	339	1
171	339	1
172	339	1
173	339	1
175	339	1
170	340	1
174	340	1
176	340	1
177	340	1
178	340	1
179	340	1
181	340	1
183	340	1
184	340	1
185	340	1
186	340	1
188	340	1
190	340	1
192	340	1
194	340	1
180	341	1
182	341	1
187	341	1
189	341	1
191	341	1
193	341	1
195	341	1
196	341	1
197	341	1
199	341	1
198	342	1
200	342	1
201	342	1
202	342	1
203	342	1
204	342	1
205	342	1
206	342	1
207	342	1
209	342	1
208	343	1
116	339	1
210	343	1
251	333	1
251	334	1
251	335	1
251	336	1
251	337	1
251	338	1
251	339	1
251	340	1
250	341	1
250	342	1
250	343	1
250	344	1
250	345	1
251	332	1
250	346	1
355	340	23
355	341	23
356	342	23
357	343	23
358	344	23
359	345	23
354	339	23
210	344	2
210	345	2
210	346	2
210	347	2
210	348	2
210	343	2
262	341	3
263	341	3
261	342	3
260	343	3
258	344	3
259	344	3
257	345	3
255	346	3
256	346	3
254	347	3
253	348	3
264	340	3
252	348	3
238	348	1
236	349	1
237	349	1
239	349	1
240	349	1
241	349	1
242	349	1
234	350	1
235	350	1
233	351	1
232	352	1
230	353	1
231	353	1
229	354	1
228	355	1
227	356	1
243	350	1
226	357	1
246	347	1
248	347	1
245	348	1
247	348	1
244	349	1
249	347	1
243	350	1
115	341	4
115	342	4
115	343	4
115	344	4
115	345	4
115	346	4
116	347	4
117	348	4
118	348	4
119	349	4
120	349	4
121	350	4
122	350	4
123	351	4
124	351	4
125	352	4
126	352	4
127	353	4
128	353	4
115	340	4
129	354	4
165	353	1
131	354	1
132	354	1
133	354	1
134	354	1
135	354	1
136	354	1
137	354	1
138	354	1
139	354	1
140	354	1
141	354	1
142	354	1
143	354	1
144	354	1
145	354	1
146	354	1
147	354	1
148	354	1
149	354	1
150	354	1
151	354	1
152	354	1
153	354	1
154	354	1
155	354	1
156	354	1
157	354	1
158	354	1
159	354	1
160	354	1
161	354	1
162	354	1
163	354	1
164	354	1
166	354	1
167	354	1
130	354	1
168	355	1
174	353	1
176	353	1
178	353	1
179	353	1
180	353	1
181	353	1
182	353	1
183	353	1
184	353	1
185	353	1
186	353	1
187	353	1
188	353	1
189	353	1
191	353	1
193	353	1
169	354	1
170	354	1
171	354	1
172	354	1
173	354	1
175	354	1
177	354	1
190	354	1
192	354	1
194	354	1
195	354	1
196	354	1
197	354	1
198	354	1
199	354	1
200	354	1
201	354	1
202	354	1
203	354	1
205	354	1
207	354	1
209	354	1
210	354	1
211	354	1
212	354	1
214	354	1
216	354	1
218	354	1
204	355	1
206	355	1
208	355	1
213	355	1
215	355	1
217	355	1
219	355	1
220	355	1
222	355	1
223	355	1
221	356	1
224	356	1
225	356	1
168	355	1
226	357	1
243	351	2
243	352	2
243	353	2
243	354	2
243	355	2
243	356	2
243	350	2
251	350	3
252	351	3
252	352	3
253	353	3
254	354	3
255	355	3
256	356	3
257	356	3
259	356	3
258	357	3
251	349	3
168	356	2
168	357	2
168	358	2
168	359	2
168	360	2
168	355	2
299	360	12
298	361	12
298	362	12
298	363	12
297	364	12
297	365	12
226	358	2
226	359	2
226	360	2
226	361	2
226	362	2
226	363	2
226	364	2
226	365	2
226	357	2
226	366	2
129	356	4
129	357	4
129	358	4
129	359	4
129	360	4
130	361	4
131	362	4
132	362	4
133	363	4
134	363	4
135	364	4
136	364	4
137	365	4
138	365	4
139	366	4
140	366	4
141	367	4
142	367	4
129	355	4
143	368	4
292	366	3
294	366	3
295	366	3
291	367	3
293	367	3
287	368	3
288	368	3
289	368	3
290	368	3
280	369	3
282	369	3
284	369	3
285	369	3
286	369	3
277	370	3
278	370	3
279	370	3
281	370	3
283	370	3
275	371	3
276	371	3
296	366	3
274	372	3
224	367	1
225	367	1
145	368	1
146	368	1
147	368	1
148	368	1
149	368	1
150	368	1
151	368	1
152	368	1
153	368	1
154	368	1
155	368	1
156	368	1
157	368	1
158	368	1
159	368	1
160	368	1
161	368	1
162	368	1
163	368	1
164	368	1
166	368	1
167	368	1
168	368	1
169	368	1
170	368	1
171	368	1
173	368	1
174	368	1
175	368	1
223	368	1
165	369	1
172	369	1
176	369	1
177	369	1
178	369	1
179	369	1
180	369	1
181	369	1
182	369	1
183	369	1
184	369	1
185	369	1
186	369	1
187	369	1
188	369	1
189	369	1
190	369	1
191	369	1
192	369	1
193	369	1
194	369	1
195	369	1
196	369	1
197	369	1
198	369	1
199	369	1
200	369	1
201	369	1
202	369	1
203	369	1
204	369	1
205	369	1
206	369	1
207	369	1
209	369	1
221	369	1
222	369	1
208	370	1
210	370	1
211	370	1
212	370	1
213	370	1
214	370	1
215	370	1
216	370	1
217	370	1
218	370	1
219	370	1
220	370	1
226	366	1
144	368	1
264	369	2
265	369	2
266	369	2
267	369	2
268	369	2
262	370	2
263	370	2
269	370	2
270	370	2
261	371	2
271	371	2
272	371	2
260	372	2
273	372	2
259	373	2
227	367	1
228	367	1
229	368	1
230	368	1
231	368	1
232	368	1
233	368	1
236	368	1
234	369	1
235	369	1
237	369	1
238	370	1
240	370	1
239	371	1
241	371	1
242	371	1
243	372	1
226	366	1
244	373	1
253	371	1
255	371	1
256	371	1
257	371	1
245	372	1
246	372	1
248	372	1
249	372	1
250	372	1
251	372	1
252	372	1
254	372	1
258	372	1
247	373	1
244	373	1
259	373	1
324	367	17
323	368	17
323	369	17
323	370	17
322	371	17
321	372	17
320	373	17
260	374	3
259	373	3
261	375	3
321	374	16
320	373	16
273	374	1
270	375	1
271	375	1
272	375	1
263	376	1
265	376	1
268	376	1
269	376	1
264	377	1
266	377	1
267	377	1
274	373	1
262	376	1
298	367	12
299	367	12
300	368	12
301	369	12
302	369	12
303	370	12
304	370	12
305	371	12
306	372	12
307	373	12
308	374	12
309	374	12
310	374	12
319	374	12
311	375	12
312	375	12
313	375	12
315	375	12
316	375	12
317	375	12
318	375	12
314	376	12
297	366	12
320	373	12
260	377	1
256	378	1
258	378	1
259	378	1
251	379	1
253	379	1
254	379	1
255	379	1
257	379	1
247	380	1
248	380	1
249	380	1
250	380	1
252	380	1
246	381	1
261	376	1
245	382	1
244	374	1
244	375	1
244	376	1
244	377	1
244	378	1
244	379	1
244	380	1
244	373	1
244	381	1
143	370	4
143	371	4
143	372	4
143	373	4
143	374	4
144	375	4
145	376	4
146	377	4
147	378	4
148	378	4
149	379	4
150	379	4
151	380	4
152	380	4
153	381	4
154	381	4
155	382	4
156	382	4
157	383	4
158	383	4
143	369	4
159	384	4
236	382	1
237	382	1
238	382	1
239	382	1
240	382	1
235	383	1
241	383	1
233	384	1
234	384	1
232	385	1
230	386	1
231	386	1
242	384	1
229	387	1
243	383	1
244	382	1
242	384	1
358	381	22
358	382	22
358	383	22
357	384	22
357	385	22
358	386	22
358	387	22
358	388	22
358	389	22
180	383	1
182	383	1
184	383	1
161	384	1
162	384	1
163	384	1
164	384	1
165	384	1
166	384	1
167	384	1
168	384	1
169	384	1
170	384	1
171	384	1
172	384	1
173	384	1
174	384	1
175	384	1
176	384	1
177	384	1
178	384	1
179	384	1
181	384	1
183	384	1
185	384	1
186	384	1
187	384	1
188	384	1
189	384	1
190	384	1
191	384	1
192	384	1
193	384	1
194	384	1
195	384	1
196	384	1
198	384	1
200	384	1
202	384	1
197	385	1
199	385	1
201	385	1
203	385	1
204	385	1
205	385	1
206	385	1
207	385	1
208	385	1
210	385	1
212	385	1
215	385	1
209	386	1
211	386	1
213	386	1
214	386	1
216	386	1
217	386	1
218	386	1
219	386	1
220	386	1
221	387	1
222	387	1
223	388	1
224	388	1
226	388	1
225	389	1
227	389	1
160	384	1
228	388	1
378	388	22
377	389	22
359	390	22
360	390	22
362	390	22
364	390	22
366	390	22
368	390	22
370	390	22
372	390	22
374	390	22
375	390	22
376	390	22
361	391	22
363	391	22
365	391	22
367	391	22
369	391	22
371	391	22
373	391	22
358	389	22
230	389	1
231	390	1
232	390	1
233	391	1
234	391	1
237	391	1
235	392	1
236	392	1
229	388	1
354	390	21
356	390	21
357	390	21
350	391	21
352	391	21
353	391	21
355	391	21
338	392	21
340	392	21
342	392	21
343	392	21
344	392	21
345	392	21
346	392	21
347	392	21
348	392	21
349	392	21
351	392	21
330	393	21
332	393	21
334	393	21
335	393	21
336	393	21
337	393	21
339	393	21
341	393	21
320	394	21
321	394	21
322	394	21
323	394	21
324	394	21
325	394	21
326	394	21
327	394	21
328	394	21
329	394	21
331	394	21
333	394	21
358	389	21
81	314	1
80	315	1
79	316	1
78	317	1
77	318	1
76	319	1
75	320	1
74	321	1
73	322	1
72	323	1
71	324	1
70	325	1
69	326	1
68	327	1
67	328	1
66	329	1
65	330	1
64	331	1
63	332	1
62	333	1
61	334	1
60	335	1
59	336	1
58	337	1
57	338	1
56	339	1
55	340	1
54	341	1
53	342	1
52	343	1
51	344	1
50	345	1
49	346	1
48	347	1
47	348	1
46	349	1
45	350	1
44	351	1
43	352	1
42	353	1
41	354	1
40	355	1
39	356	1
38	357	1
37	358	1
36	359	1
35	360	1
34	361	1
33	362	1
32	363	1
31	364	1
30	365	1
29	366	1
28	367	1
27	368	1
26	369	1
25	370	1
24	371	1
23	372	1
22	373	1
21	374	1
20	375	1
19	376	1
18	377	1
17	378	1
16	379	1
15	380	1
14	381	1
13	382	1
12	383	1
11	384	1
10	385	1
9	386	1
8	387	1
7	388	1
6	389	1
5	390	1
4	391	1
3	392	1
2	393	1
1	394	1
82	313	1
159	386	5
159	387	5
159	388	5
159	389	5
159	390	5
159	391	5
160	392	5
161	393	5
162	393	5
164	393	5
163	394	5
165	394	5
166	394	5
167	394	5
168	394	5
169	394	5
170	394	5
171	394	5
172	394	5
173	394	5
174	394	5
175	394	5
176	394	5
159	385	5
242	385	1
243	386	1
243	387	1
244	388	1
245	389	1
245	390	1
246	391	1
248	391	1
252	391	1
254	391	1
256	391	1
258	391	1
260	391	1
262	391	1
247	392	1
249	392	1
250	392	1
251	392	1
253	392	1
255	392	1
257	392	1
259	392	1
261	392	1
263	392	1
264	393	1
265	394	1
242	384	1
