53	53	1
163	150	4
37	358	1
184	369	5
349	52	20
115	177	5
135	100	1
319	283	20
104	115	2
122	197	2
194	342	5
284	367	13
285	194	16
356	218	23
147	33	16
331	339	23
170	130	4
151	339	9
207	59	1
101	223	9
155	33	15
89	293	4
125	201	1
127	293	7
202	204	6
100	281	8
317	322	17
119	90	12
66	66	1
180	206	5
437	110	38
187	148	6
295	64	21
156	394	19
266	326	6
233	182	14
377	211	26
109	177	5
145	309	8
384	208	28
311	320	13
297	63	15
207	147	4
336	14	21
193	254	4
285	219	13
142	177	2
145	115	1
113	263	4
168	353	11
183	369	11
243	26	5
350	52	20
367	20	27
9	9	1
321	239	23
103	115	4
343	15	21
382	62	26
419	48	30
187	60	3
206	328	3
208	274	9
136	132	2
139	177	2
13	13	1
256	184	11
166	32	13
222	328	5
151	387	15
207	235	4
135	197	2
261	185	20
156	78	6
265	369	9
301	221	17
318	298	19
200	48	3
143	368	20
255	223	7
423	149	39
135	90	9
121	223	2
336	234	24
359	109	31
344	69	18
217	249	4
199	370	10
317	174	33
264	262	6
337	26	25
85	263	11
372	389	26
178	257	5
114	281	2
225	250	7
134	33	18
245	188	24
83	132	13
448	82	34
194	385	9
233	279	7
89	237	9
306	16	14
108	132	5
253	375	5
92	78	17
343	245	19
114	223	5
204	234	3
260	20	10
334	55	18
425	211	39
160	384	18
196	60	2
269	290	17
181	384	13
114	46	17
115	132	3
259	340	7
313	179	22
405	200	35
389	14	33
360	242	25
345	322	18
200	134	4
242	202	13
137	78	10
266	17	13
198	234	3
381	330	29
129	324	12
149	324	8
387	73	26
153	78	7
154	324	3
137	223	2
173	115	4
340	111	22
144	263	2
115	339	20
279	220	10
210	248	5
229	300	10
249	51	6
91	263	10
110	90	15
111	263	3
265	57	14
213	339	5
303	12	15
307	73	18
204	58	1
153	281	3
354	52	19
125	237	2
126	197	1
109	115	3
142	309	4
218	362	15
362	20	28
397	72	26
211	329	5
85	250	11
195	3	16
484	92	38
142	115	1
108	250	6
167	89	2
84	115	6
440	73	31
80	80	1
243	73	5
244	310	7
118	237	2
172	59	6
84	309	2
173	323	4
333	258	17
123	281	6
195	289	13
141	293	9
267	201	17
338	258	22
92	309	1
128	177	1
129	293	7
183	341	6
204	49	3
329	394	27
346	322	19
337	13	22
390	17	34
102	250	7
231	279	6
250	140	6
340	14	21
203	235	3
242	335	4
137	201	2
300	294	20
140	293	3
113	250	5
258	184	14
210	234	3
122	309	11
288	218	13
110	100	2
115	155	5
152	324	7
389	121	34
390	121	34
340	339	24
161	394	19
144	78	8
220	249	4
168	324	7
133	100	1
154	155	3
320	218	19
122	90	11
86	76	18
158	116	2
179	145	5
142	263	2
198	223	2
234	390	8
221	278	7
223	237	6
153	33	15
244	102	3
373	390	27
89	201	8
125	293	9
220	31	3
188	48	2
206	222	3
120	155	3
193	59	1
229	327	4
269	326	7
162	384	13
330	257	15
96	132	8
332	29	21
98	293	2
99	177	10
154	115	1
390	112	28
339	53	18
105	90	15
106	293	1
216	115	2
235	132	6
255	306	6
419	77	28
129	250	2
240	73	5
222	73	4
95	197	9
350	2	21
136	223	2
140	324	6
288	10	8
252	315	10
130	155	2
144	355	13
143	309	9
198	97	5
114	250	4
332	338	20
422	212	37
406	114	31
281	142	17
101	309	15
432	46	32
90	115	4
109	309	13
126	263	1
145	177	3
164	32	14
96	155	11
116	281	1
188	369	9
153	324	6
225	54	3
358	319	20
342	69	18
218	223	3
328	297	23
313	321	13
367	71	20
208	340	5
334	323	21
154	237	3
407	70	27
84	177	11
47	47	1
255	392	7
165	325	8
275	326	8
155	339	10
228	238	5
156	8	11
176	257	6
86	201	6
217	14	5
112	281	2
94	324	19
113	237	4
132	33	20
98	324	13
119	324	14
339	393	22
323	323	20
34	361	1
128	339	16
93	223	10
277	264	14
117	201	9
118	201	3
134	281	1
337	216	20
123	293	7
92	281	10
310	320	13
310	181	22
130	250	1
404	58	27
172	353	7
106	237	6
268	263	10
127	250	1
237	27	10
168	115	3
222	369	3
421	212	37
26	369	1
151	90	1
316	27	20
156	7	7
140	201	2
254	140	7
326	164	29
332	187	26
167	385	18
386	73	25
77	318	1
207	80	4
262	144	11
246	53	11
215	144	7
142	368	16
18	377	1
298	25	16
209	31	3
118	115	1
28	367	1
191	342	9
123	100	6
87	90	1
107	309	14
402	107	32
276	251	9
150	355	11
246	354	9
88	177	11
395	72	27
108	263	4
162	309	5
181	2	10
146	100	2
308	321	13
187	234	3
206	58	1
143	250	2
164	384	16
20	375	1
315	219	18
226	73	4
26	26	1
101	177	8
265	72	6
106	281	5
178	369	9
347	17	21
238	175	23
365	71	24
204	75	5
227	186	7
317	239	21
106	223	7
342	217	22
307	297	19
236	385	6
365	216	24
278	250	8
191	17	12
12	383	1
144	250	2
18	18	1
331	217	19
133	355	20
119	339	16
138	293	8
265	224	10
140	78	9
87	177	12
270	339	16
109	281	3
146	293	2
289	250	17
332	56	20
153	237	3
189	385	12
176	207	5
305	26	15
363	217	24
129	223	2
166	324	3
337	393	22
321	186	25
177	32	12
346	162	25
329	298	23
455	83	34
185	224	3
114	339	15
441	78	32
243	342	8
244	72	4
298	154	19
371	71	21
120	197	2
193	17	16
210	187	4
284	259	17
304	60	24
339	110	20
341	393	22
111	324	17
186	48	5
258	24	8
116	324	11
139	263	3
103	78	16
157	369	15
124	177	2
194	48	2
412	255	33
200	204	6
110	339	14
347	111	23
388	112	27
190	60	1
119	78	14
176	341	10
103	223	8
105	177	6
303	263	17
200	347	6
272	371	8
165	354	11
405	57	27
138	324	5
229	261	4
356	70	21
140	237	2
141	132	2
109	197	7
238	102	8
239	348	9
115	281	1
99	115	4
267	185	19
88	309	4
255	139	7
371	390	26
268	339	10
348	110	24
148	115	1
369	55	26
136	293	3
144	293	8
110	197	7
294	65	20
132	100	2
209	148	6
120	100	7
121	90	11
103	293	2
90	177	13
91	293	5
217	116	9
93	132	10
101	324	16
36	36	1
129	177	1
183	354	5
117	324	15
99	201	9
337	54	18
139	309	7
201	204	6
219	54	3
275	264	13
311	19	15
244	54	11
121	293	9
176	323	3
212	31	1
257	211	11
330	110	18
265	326	7
157	101	1
361	391	26
95	100	3
333	217	20
194	234	3
123	359	17
141	263	2
325	58	18
128	223	1
399	73	27
347	392	24
111	339	21
384	73	25
169	115	3
351	320	20
79	79	1
153	201	3
136	324	9
137	90	9
191	235	4
193	149	5
227	261	4
290	127	22
128	78	12
458	83	34
198	17	13
270	73	6
417	96	36
331	109	18
332	258	16
150	281	3
151	389	17
121	100	6
105	309	15
88	155	16
105	115	2
123	201	1
33	33	1
358	218	24
309	281	25
316	298	22
102	223	9
266	108	8
161	325	9
271	136	9
58	337	1
226	238	6
137	281	8
155	355	14
282	281	12
104	281	5
176	369	14
301	75	17
107	177	7
125	263	2
322	240	23
91	78	18
342	322	20
112	201	5
96	115	5
168	384	18
115	324	14
160	394	18
87	250	10
107	78	16
143	132	2
162	354	12
128	355	16
94	263	9
98	263	6
116	237	3
264	184	17
84	281	12
427	209	39
50	345	1
323	256	17
215	235	4
219	236	4
219	339	4
129	132	1
240	55	10
149	201	3
150	201	3
154	132	2
138	90	8
195	135	4
143	90	5
204	148	6
132	201	2
245	187	21
320	110	18
263	326	5
88	250	10
359	391	25
325	243	25
296	7	9
336	110	20
134	177	2
138	355	13
193	385	13
122	281	1
378	210	27
359	20	26
114	47	17
97	237	8
152	368	13
7	7	1
355	254	25
389	13	33
122	223	2
213	329	5
360	243	25
144	90	4
310	220	19
298	73	12
101	201	9
102	201	9
122	78	13
376	19	26
106	132	6
197	235	3
220	156	10
192	48	1
101	90	16
229	149	6
104	263	5
174	309	1
125	281	8
90	237	11
381	314	25
224	54	3
350	321	19
245	53	8
159	176	3
218	73	4
109	155	6
185	384	9
98	281	7
192	222	2
210	136	4
212	356	6
124	115	3
349	392	24
22	22	1
334	217	20
155	12	14
193	369	7
124	309	7
178	231	4
108	100	2
218	363	15
185	354	7
208	248	5
138	223	2
68	327	1
216	328	2
323	217	21
401	202	36
168	32	13
349	255	25
132	78	12
150	293	1
259	139	8
352	242	21
101	281	6
175	295	3
269	339	11
272	14	9
93	250	10
130	100	2
149	115	1
116	250	5
153	368	18
284	331	16
229	54	2
86	74	16
180	59	3
237	54	5
368	240	26
100	293	1
135	155	3
137	309	9
108	293	2
110	250	6
114	201	5
115	237	3
369	268	28
170	384	13
297	325	24
404	261	34
85	115	5
214	148	7
112	324	12
293	70	12
95	78	17
134	309	4
121	250	2
213	356	5
177	323	1
270	277	12
308	72	18
93	100	3
131	132	1
95	223	9
149	237	3
169	89	1
134	115	1
156	132	3
104	237	8
139	324	10
108	90	15
109	100	2
164	324	3
180	2	11
186	354	5
150	324	4
151	78	7
225	261	4
155	324	7
228	249	4
371	239	25
54	341	1
364	259	28
135	33	18
138	263	3
175	309	2
195	385	13
141	197	2
142	237	2
196	17	13
324	110	18
336	217	20
30	365	1
341	339	24
392	111	28
414	123	34
201	59	1
347	52	19
206	260	8
171	354	11
100	324	17
262	63	9
101	237	8
374	389	28
407	72	27
103	132	7
361	317	22
107	250	6
199	223	2
240	276	7
114	309	9
189	325	4
227	238	8
137	250	2
126	78	13
73	322	1
110	132	5
182	172	14
200	385	8
97	324	20
280	281	13
118	324	10
246	393	7
281	141	16
122	324	8
233	132	6
304	26	14
396	61	26
93	197	13
94	237	8
113	324	16
152	339	6
151	293	8
353	120	24
121	132	2
122	250	2
274	154	24
97	115	4
305	78	15
200	313	6
311	80	15
59	59	1
83	177	12
156	9	13
211	356	2
283	332	16
338	14	21
325	217	20
108	223	8
91	177	11
146	115	1
145	355	17
187	296	3
370	72	20
351	190	35
63	63	1
65	65	1
194	186	5
282	12	9
129	90	10
206	88	12
425	73	30
120	281	5
143	100	1
219	223	3
134	100	1
137	155	3
135	309	8
85	309	1
177	60	5
193	342	9
288	25	12
318	218	19
142	281	1
180	31	11
345	216	22
93	309	5
55	55	1
240	258	4
3	392	1
39	356	1
205	49	2
364	217	24
370	240	25
138	250	2
249	111	6
304	185	22
391	17	34
114	237	5
115	201	5
43	43	1
315	283	20
262	262	7
120	177	3
158	264	2
286	136	14
94	223	9
131	339	17
132	355	15
183	256	5
331	187	28
354	120	26
262	145	15
302	264	15
216	73	5
215	147	7
327	256	16
129	281	8
330	394	27
96	281	8
278	369	13
407	202	35
121	263	1
104	201	8
197	186	4
252	321	4
350	391	25
422	111	36
318	283	22
137	237	2
106	100	1
160	90	1
144	132	2
217	31	4
127	115	1
336	54	18
174	32	11
139	78	9
142	201	2
91	329	17
143	197	2
145	155	3
219	188	8
130	90	5
99	281	7
172	14	12
155	78	6
156	368	17
209	329	6
338	217	20
200	223	3
274	135	13
129	197	1
292	250	11
352	69	23
151	250	2
355	391	24
125	155	1
270	107	12
128	27	15
93	263	8
182	281	3
96	90	2
273	136	10
277	251	10
5	390	1
352	52	20
135	237	2
138	339	9
228	132	6
360	20	23
216	313	5
142	33	17
253	140	6
91	132	11
202	385	8
111	201	5
96	201	9
116	132	4
282	25	14
230	132	6
195	354	7
182	59	3
201	386	9
94	201	9
403	113	31
152	250	2
281	282	13
123	132	1
143	115	1
181	369	11
93	90	5
203	371	10
117	281	1
107	223	7
186	223	3
223	54	2
225	307	5
297	267	15
281	193	18
10	385	1
137	324	8
85	177	11
396	73	27
162	324	7
90	281	10
270	29	7
93	177	12
256	374	5
350	256	25
152	263	2
301	324	13
123	339	18
286	253	11
252	392	8
35	360	1
91	327	16
255	374	7
346	392	23
435	79	31
113	281	2
99	263	5
133	33	18
151	155	3
120	309	6
316	218	18
266	73	6
406	129	35
164	262	3
475	85	38
130	223	1
154	201	3
135	281	9
247	52	10
93	281	9
256	222	7
131	100	2
370	20	26
283	250	10
156	100	1
410	53	29
86	237	17
146	78	7
310	79	14
111	223	6
420	78	30
336	27	24
337	163	25
248	333	5
122	177	2
232	391	6
123	360	20
124	90	9
215	198	5
284	283	12
271	15	8
321	282	21
124	201	1
290	106	12
237	102	8
96	293	4
149	293	9
222	31	3
104	293	1
157	250	2
106	201	15
195	59	2
252	184	8
92	100	2
352	217	24
280	219	9
247	375	11
107	90	15
240	180	13
148	293	1
310	70	18
298	284	14
62	333	1
216	189	6
215	223	2
99	309	13
426	47	33
194	3	17
160	324	3
143	78	8
373	213	25
131	197	2
387	111	27
320	26	19
322	255	16
197	135	5
325	338	21
91	115	4
362	70	23
294	121	24
150	263	2
133	309	7
247	332	6
319	67	19
143	177	2
163	325	7
200	4	27
326	243	23
111	237	6
203	49	5
167	15	15
98	201	9
281	325	13
232	74	6
123	358	16
140	115	1
177	308	2
271	29	8
255	184	8
96	324	15
132	309	9
409	118	34
102	293	2
104	132	7
156	339	9
265	108	8
124	223	1
252	260	5
198	135	4
181	341	10
323	111	17
340	237	26
183	60	3
313	376	22
103	197	17
88	237	9
234	116	7
250	222	10
148	324	5
243	309	8
151	388	15
120	115	1
283	193	16
140	155	3
160	116	2
57	57	1
152	355	13
228	54	6
212	328	5
195	327	5
333	162	25
61	61	1
355	320	20
269	16	8
186	324	4
154	368	13
49	49	1
85	237	12
215	388	14
107	263	5
125	177	1
161	309	6
110	223	6
147	339	11
239	258	4
311	298	21
21	374	1
370	56	27
11	384	1
47	348	1
110	78	15
225	30	3
351	255	25
6	389	1
155	384	18
102	324	13
214	248	4
144	100	1
127	324	12
273	61	12
146	197	2
129	155	1
182	17	13
41	41	1
95	250	8
309	220	17
328	257	17
151	355	15
364	122	33
13	382	1
89	309	3
124	237	1
326	58	18
280	136	13
45	45	1
179	369	12
220	53	4
166	89	2
209	247	5
211	247	4
301	265	15
161	116	2
145	293	6
56	339	1
147	201	3
96	250	9
114	44	15
331	235	23
389	12	34
176	2	11
393	73	25
88	281	12
287	219	13
201	30	6
348	256	25
131	33	21
132	177	1
152	90	1
155	368	18
264	73	5
48	347	1
473	85	37
257	62	8
131	78	12
205	235	4
372	247	27
321	25	18
266	369	8
91	281	10
290	363	16
129	100	3
98	237	8
116	263	4
188	148	5
154	100	1
210	137	4
46	46	1
262	184	16
123	223	3
265	63	8
234	259	4
307	75	14
145	100	2
220	338	4
224	224	3
205	386	8
99	237	9
117	155	2
88	90	1
89	263	9
218	360	14
129	339	15
242	338	5
351	52	20
227	250	7
300	220	16
249	73	5
322	218	20
88	201	6
126	90	11
144	368	19
164	166	6
41	354	1
313	82	17
188	60	3
351	69	23
264	223	8
229	238	6
90	100	4
91	197	9
199	17	15
240	206	9
292	66	20
333	245	22
151	281	3
195	291	4
125	115	2
126	355	22
240	392	5
166	309	1
333	70	18
154	293	1
101	250	6
86	75	17
124	250	1
490	86	39
388	73	27
10	10	1
139	223	2
397	261	32
363	54	24
400	60	29
76	319	1
185	32	9
169	369	12
244	392	7
134	155	3
334	14	20
229	348	6
212	260	8
157	90	1
105	281	5
230	346	7
289	194	17
143	155	3
145	197	2
381	113	28
169	207	3
208	30	3
118	250	3
266	185	18
123	237	1
196	186	4
414	113	34
201	49	4
94	115	4
99	324	18
85	281	11
123	90	11
124	324	12
304	262	22
434	108	38
490	81	38
127	201	1
147	263	2
281	26	13
250	260	6
141	115	2
145	368	17
112	237	4
314	82	16
116	90	13
171	10	13
64	64	1
281	139	14
337	339	24
289	219	14
221	54	4
224	262	4
60	335	1
149	132	2
116	201	6
117	197	3
354	108	29
101	155	9
321	298	25
267	306	10
358	241	22
214	31	2
87	263	10
161	385	14
129	309	8
312	19	16
332	110	19
150	237	3
9	386	1
210	261	6
215	116	7
344	217	22
291	9	9
184	205	4
134	250	2
245	103	3
138	201	2
233	250	5
325	298	23
109	237	5
182	173	7
327	58	19
115	250	4
152	293	1
207	223	3
262	277	8
281	140	14
139	90	7
435	109	38
111	293	5
130	78	9
425	110	36
101	132	7
222	54	3
102	237	8
156	155	3
160	222	2
125	324	11
180	17	13
167	309	9
225	278	5
299	62	14
175	341	9
106	115	2
125	309	11
90	201	7
251	140	6
184	323	1
366	122	28
313	110	16
333	339	23
61	334	1
279	251	11
287	284	13
98	309	3
116	223	5
153	339	11
210	356	11
156	355	13
328	338	20
129	263	2
93	78	18
94	100	3
131	250	2
95	309	6
149	263	2
202	186	4
293	193	13
317	219	18
119	100	7
228	349	6
89	177	12
109	78	16
20	20	1
114	155	5
330	70	20
132	155	2
206	134	4
144	339	10
109	223	6
185	60	3
222	262	4
206	49	3
101	293	1
66	329	1
230	326	2
266	263	7
140	90	6
233	117	8
266	202	17
320	282	24
109	293	6
340	258	21
146	250	2
19	376	1
239	171	25
152	237	3
322	110	17
334	339	23
317	297	21
173	47	9
139	355	17
341	163	24
252	322	5
363	122	26
127	237	1
243	330	6
207	261	9
280	192	17
388	20	34
318	173	31
87	197	14
324	60	18
35	35	1
74	74	1
169	131	3
279	265	14
247	259	6
176	384	10
123	324	13
124	78	13
158	368	12
213	202	4
91	328	15
360	189	34
277	280	12
350	109	24
151	132	2
189	49	8
119	197	3
102	263	6
194	60	2
103	90	15
123	309	10
106	263	5
197	17	16
217	312	5
163	385	18
394	17	36
383	314	25
132	250	2
153	155	3
226	54	4
190	48	2
137	132	2
29	366	1
105	197	7
358	108	29
360	390	24
396	252	31
198	48	1
272	263	10
128	28	13
112	177	4
346	217	22
388	19	34
138	237	2
212	116	4
159	250	2
108	197	6
367	391	26
259	262	5
335	110	20
263	72	5
266	252	10
378	18	29
218	14	5
326	338	19
222	387	7
247	393	11
339	216	21
250	72	5
158	394	16
379	113	27
343	111	22
128	100	5
201	223	4
238	259	4
130	197	1
294	250	17
332	393	26
134	78	11
83	223	13
119	115	2
89	132	11
107	293	5
396	251	31
114	132	3
243	344	12
136	115	2
83	281	12
121	78	13
190	369	6
252	26	3
182	128	4
112	263	3
201	313	4
115	223	4
4	391	1
177	256	5
342	15	21
382	331	30
165	89	2
94	177	10
421	47	29
210	328	7
213	274	8
129	355	21
202	222	2
385	332	31
150	155	3
133	177	2
118	90	10
121	281	4
86	115	5
91	100	2
312	375	24
116	100	7
213	116	3
107	100	1
143	281	5
332	217	19
133	339	16
134	355	13
135	115	1
84	263	11
173	369	14
334	70	19
215	193	8
126	339	16
152	201	3
121	177	2
232	279	7
341	257	23
131	223	1
388	121	34
318	254	15
323	241	23
326	110	17
275	370	9
294	71	13
97	281	9
6	6	1
15	380	1
112	309	9
203	59	1
96	223	10
205	275	9
116	293	9
256	325	4
330	244	19
121	201	2
156	294	1
178	384	11
198	370	6
219	155	10
220	368	2
115	90	13
386	213	29
261	109	6
336	162	25
120	324	12
354	20	22
32	363	1
164	309	1
112	78	15
165	385	16
256	62	9
368	216	24
172	309	1
407	115	33
139	132	2
107	197	7
254	73	3
147	324	8
114	177	3
405	73	25
117	100	7
406	73	26
93	155	11
204	386	7
24	371	1
406	56	28
100	115	5
389	16	33
374	59	24
143	33	17
146	263	2
181	291	7
219	327	3
290	10	9
204	17	11
149	197	2
116	339	13
277	325	9
327	324	18
409	117	33
84	132	12
341	216	23
257	185	12
185	324	2
293	325	23
132	197	1
355	20	23
135	263	3
391	210	31
174	294	2
86	132	12
16	379	1
179	354	7
111	132	5
185	2	9
131	90	10
258	261	5
333	394	25
134	197	2
83	309	3
135	201	2
191	60	1
234	132	6
144	223	2
91	309	4
255	211	12
96	237	9
278	14	10
118	132	1
355	242	21
156	308	3
230	279	8
357	218	24
378	388	29
126	324	8
236	55	9
148	155	3
368	71	21
387	207	29
100	201	11
101	197	9
121	324	11
139	293	6
157	339	8
379	18	30
125	223	1
200	234	3
24	24	1
187	49	8
261	277	9
316	110	16
135	177	2
371	268	28
121	309	12
392	17	34
195	17	16
413	122	33
159	394	20
342	245	18
181	206	5
258	211	9
28	28	1
121	115	1
196	48	1
93	237	9
402	201	35
331	245	22
153	355	12
119	263	3
173	341	6
104	100	2
286	193	16
16	16	1
221	73	4
170	115	4
192	369	8
123	177	2
106	155	7
219	31	4
112	115	3
365	20	27
221	250	4
167	354	8
424	79	31
135	373	15
248	72	6
67	67	1
103	250	6
157	221	2
141	78	8
142	100	1
180	354	5
252	221	8
309	2	12
326	74	23
222	310	4
385	111	27
97	293	3
132	90	10
157	78	5
105	293	4
216	235	3
141	223	2
291	325	25
114	45	17
249	357	11
356	242	21
175	384	16
180	384	7
146	368	14
440	45	34
242	201	14
278	326	9
137	115	2
104	250	6
139	339	14
157	293	4
176	146	5
324	298	24
37	37	1
150	177	3
321	111	16
176	353	8
305	184	23
116	78	14
372	240	26
283	282	12
357	319	20
358	391	25
89	100	3
70	70	1
307	221	20
403	59	29
95	90	4
152	132	2
315	336	18
316	322	17
283	68	7
105	100	1
307	74	17
313	298	23
167	131	3
151	197	2
151	368	16
171	369	9
249	223	10
357	70	22
103	155	8
303	323	21
218	361	15
329	279	24
220	149	5
239	102	8
242	339	5
226	249	5
62	62	1
282	135	15
137	197	2
372	72	24
339	257	21
254	108	6
474	85	36
186	148	5
227	74	6
101	263	5
285	11	8
308	220	19
310	61	26
368	20	27
349	110	25
332	234	24
80	83	1
99	132	8
156	280	3
193	223	2
195	290	6
124	132	1
213	148	7
198	328	5
54	54	1
129	237	1
299	189	11
100	237	8
465	85	35
86	72	8
34	34	1
199	235	3
130	132	1
222	237	3
149	339	10
318	378	21
69	326	1
89	197	10
162	222	2
109	250	8
420	48	30
353	243	21
394	317	33
92	197	11
147	223	2
382	315	25
167	32	14
316	336	18
194	222	2
285	330	17
142	155	3
292	268	13
389	316	30
268	277	13
214	116	2
342	185	28
126	250	3
434	109	38
329	257	16
183	17	13
222	212	7
373	72	23
101	115	3
228	304	6
140	223	2
289	105	12
163	221	2
182	171	18
331	57	20
150	309	7
109	132	5
129	78	12
95	177	10
150	115	1
389	111	27
155	100	1
198	186	6
145	78	7
182	384	11
199	328	3
238	349	9
345	163	24
132	263	1
86	90	1
89	281	10
137	293	9
192	30	8
88	223	10
179	341	8
290	285	13
169	354	11
193	49	3
142	250	2
325	111	18
147	237	3
371	20	29
207	79	4
134	293	3
209	356	7
104	78	17
123	250	2
178	323	1
234	356	17
147	90	2
203	329	9
168	309	8
170	89	1
243	206	9
136	201	2
118	100	7
301	7	10
196	355	5
326	17	19
219	73	4
398	73	25
38	357	1
369	239	25
370	247	27
8	387	1
155	155	3
301	152	18
139	197	2
305	221	21
141	100	3
204	370	9
332	324	20
269	373	10
290	218	14
436	109	38
329	109	17
115	115	2
370	268	27
195	203	5
272	251	8
129	201	2
313	335	16
134	90	9
409	54	31
178	128	4
306	77	14
162	115	2
235	260	4
110	293	6
112	132	4
383	73	24
96	78	17
114	293	3
132	132	2
224	115	2
133	237	2
118	293	5
280	250	12
135	324	11
139	250	2
174	353	7
303	221	17
306	220	16
342	392	22
238	73	6
111	197	5
113	155	4
134	132	2
193	3	17
122	155	2
273	107	8
298	117	23
117	223	4
151	309	6
339	163	24
157	355	12
286	25	12
148	90	2
239	27	5
98	115	4
154	250	2
320	57	16
339	186	27
357	108	29
71	324	1
348	52	19
349	162	27
131	115	2
149	368	19
204	222	2
388	21	35
229	279	6
269	278	12
324	61	18
145	339	9
75	75	1
94	309	2
183	234	4
203	30	5
115	263	3
333	324	21
250	392	7
287	269	13
294	369	17
349	68	24
98	155	10
262	142	10
211	31	2
140	33	17
69	69	1
158	384	12
288	367	14
110	324	11
294	192	13
152	100	2
133	78	11
64	331	1
135	293	7
154	197	2
139	155	3
157	237	3
193	294	4
227	370	5
339	323	21
396	253	30
128	29	13
184	234	3
111	90	15
166	14	12
494	86	39
423	110	35
133	223	2
140	250	2
267	63	10
146	90	2
193	29	8
247	283	6
146	237	2
309	244	14
293	106	11
168	130	3
132	339	12
153	293	7
88	100	3
126	177	1
308	60	23
237	114	4
112	90	11
165	32	13
184	2	9
397	60	26
353	320	20
387	122	34
173	32	11
250	184	9
106	197	7
199	186	7
150	368	18
247	355	9
145	250	2
109	201	5
200	17	12
255	62	10
311	376	25
207	187	6
281	368	13
119	293	8
266	305	9
141	281	5
288	270	16
307	26	13
330	338	20
96	177	11
95	155	11
258	23	7
366	390	26
356	184	32
124	263	1
15	15	1
291	69	11
240	102	7
239	54	8
277	154	21
278	280	12
153	100	2
82	194	11
246	140	12
84	223	15
230	74	7
140	281	1
251	51	8
159	90	1
357	391	24
127	155	1
181	233	3
182	233	4
224	31	3
97	263	8
210	30	2
175	369	13
95	115	5
100	78	16
282	105	9
263	185	16
67	328	1
284	194	17
215	192	8
146	223	2
239	206	10
131	177	1
99	197	9
283	26	14
340	217	21
359	218	24
141	355	18
142	339	10
128	115	1
182	369	9
292	324	23
221	149	6
402	59	27
43	352	1
282	267	11
184	255	6
257	223	5
168	89	1
206	234	3
282	193	18
86	250	11
91	237	19
288	284	12
92	132	10
182	2	9
330	324	17
169	15	14
153	197	2
171	226	2
335	245	22
195	149	6
362	53	21
220	187	7
366	259	28
132	223	2
248	52	7
84	237	10
395	17	36
108	155	6
258	222	6
295	71	16
7	388	1
156	116	2
145	237	2
290	325	19
381	388	30
113	177	4
97	223	9
133	324	11
173	354	12
212	248	4
361	21	25
181	290	17
128	263	1
220	328	4
154	177	3
262	109	5
268	137	9
125	197	3
182	323	3
96	309	8
95	263	7
149	309	8
315	110	16
231	327	6
214	261	4
306	26	13
151	390	18
211	235	4
46	349	1
265	185	17
250	335	4
251	183	8
52	343	1
396	111	29
312	252	17
148	309	4
150	90	1
248	356	9
140	100	3
233	75	8
98	177	9
99	293	2
117	339	19
152	223	2
120	339	13
174	191	3
305	60	22
239	74	5
152	78	7
44	351	1
138	33	17
251	223	10
324	255	18
92	115	4
146	33	16
274	106	8
294	105	11
370	54	24
188	17	13
133	293	6
157	116	2
108	339	17
145	223	2
260	184	15
317	57	15
320	323	17
177	145	6
213	248	4
369	71	21
97	90	4
132	293	7
336	323	21
103	100	2
126	223	3
185	341	6
222	249	3
137	263	3
192	60	2
84	250	10
105	155	8
413	114	33
53	342	1
186	131	3
356	108	30
229	250	5
283	260	14
231	202	13
91	201	7
326	218	21
111	250	6
114	42	11
332	245	21
261	63	6
193	204	5
159	325	7
325	18	19
73	73	1
254	392	7
383	209	28
274	263	12
113	309	13
95	237	8
149	223	2
117	293	8
45	350	1
196	222	2
14	381	1
113	115	3
77	77	1
208	260	7
261	262	7
228	260	3
89	250	11
324	237	25
90	293	4
342	339	24
112	250	7
147	355	15
148	339	6
165	309	8
276	264	13
350	243	21
173	309	4
391	73	27
86	281	11
215	261	5
90	155	12
144	197	2
145	201	2
380	113	27
4	4	1
478	87	37
261	56	11
121	237	1
176	59	4
287	194	15
307	77	13
145	90	3
184	384	7
148	177	3
131	155	3
98	90	9
298	63	15
354	391	23
136	355	18
262	73	5
156	177	3
123	78	13
322	169	29
126	201	1
127	197	1
110	263	4
183	2	9
330	57	20
114	263	4
242	336	5
156	32	15
319	25	18
180	369	7
312	297	24
111	155	5
113	197	6
276	279	12
192	185	5
162	394	17
129	115	1
148	201	3
116	197	4
119	237	3
104	90	15
267	262	8
285	368	13
394	73	24
146	355	16
19	19	1
310	376	26
58	58	1
224	249	4
239	249	3
173	208	3
247	73	5
233	381	10
86	73	13
312	321	14
348	391	24
223	224	3
422	79	32
246	259	6
135	355	19
138	197	2
229	132	6
90	250	9
108	237	7
326	188	26
347	217	23
97	132	8
115	293	9
133	281	8
173	295	5
122	132	1
393	17	36
50	50	1
87	155	17
126	281	8
141	201	2
243	393	8
117	250	4
120	263	1
174	115	4
340	162	24
75	320	1
130	237	1
185	256	5
132	281	1
119	155	2
194	78	6
175	208	4
196	203	5
216	31	4
130	339	12
185	369	9
42	42	1
304	151	18
103	281	6
267	29	14
322	298	24
144	155	3
90	197	10
324	218	19
205	329	4
266	223	9
430	113	36
145	263	2
110	115	3
93	201	8
148	223	2
114	78	15
115	100	7
258	62	7
350	119	25
351	218	25
102	281	6
176	32	11
124	155	1
141	339	13
142	355	18
127	355	20
92	263	8
197	59	1
165	2	10
148	78	6
292	193	13
314	178	26
154	309	8
407	69	27
138	100	1
321	217	19
358	70	20
179	295	3
217	339	4
109	90	15
163	116	2
133	250	2
262	376	6
270	61	13
170	369	10
226	370	8
136	33	18
354	242	21
405	128	35
86	293	3
144	33	17
186	17	12
349	120	25
191	223	2
360	217	24
343	69	18
383	242	30
93	115	4
150	250	2
208	328	5
100	155	9
155	237	3
173	59	6
227	350	6
344	162	24
254	62	10
273	154	25
328	188	29
130	293	3
111	78	15
101	100	1
89	223	10
180	341	4
234	74	6
127	78	13
181	60	4
147	132	2
115	197	4
205	134	4
423	211	37
189	204	3
337	323	21
338	339	23
286	132	16
161	32	16
291	219	18
364	54	22
148	237	3
224	278	6
193	186	4
68	68	1
199	313	3
171	341	7
335	324	22
227	327	4
83	202	7
104	197	8
122	115	1
124	339	13
107	237	6
179	232	3
95	324	18
208	222	3
351	19	21
140	197	2
231	132	6
234	181	15
142	90	5
270	15	7
143	263	2
363	20	26
314	109	16
350	217	23
116	177	4
152	309	3
171	115	4
141	237	2
126	309	7
142	197	2
200	76	5
288	250	16
147	250	2
111	309	14
221	31	4
314	220	19
209	341	5
245	393	9
121	155	2
213	261	6
285	152	19
126	132	1
273	251	9
329	339	24
220	262	4
314	335	16
340	53	18
52	52	1
147	293	8
384	332	31
134	237	2
155	293	6
86	223	11
107	115	3
343	185	28
328	57	17
425	47	32
280	369	13
481	90	38
212	222	2
89	90	1
128	293	4
164	89	2
94	197	12
118	223	3
262	143	10
196	135	4
87	293	5
127	263	1
331	258	16
95	293	4
316	182	26
336	258	25
118	78	11
245	259	6
319	219	20
392	73	26
344	322	19
269	72	6
180	232	4
128	30	18
164	354	12
385	62	27
151	100	2
136	78	8
175	354	11
147	155	3
131	309	9
259	223	12
278	105	9
8	8	1
190	223	2
192	234	3
226	278	6
300	62	24
414	50	29
148	250	2
154	90	1
279	369	13
304	323	25
12	12	1
141	368	19
289	367	14
236	101	7
344	15	20
310	297	22
274	326	17
183	384	11
293	250	12
365	391	25
188	384	12
140	355	13
87	100	3
169	309	8
243	346	7
134	223	2
120	90	12
211	261	5
269	263	8
181	16	12
366	20	24
99	78	16
279	281	12
120	201	2
90	90	1
272	73	7
381	62	28
309	252	16
39	39	1
114	100	4
115	78	15
153	250	2
99	223	10
136	339	15
186	60	2
295	370	17
333	187	28
196	312	3
251	392	8
287	131	17
127	309	10
149	281	2
152	115	1
136	237	2
27	27	1
193	311	3
107	201	6
362	390	24
191	3	13
31	31	1
36	359	1
110	177	5
148	281	3
21	21	1
259	374	13
223	73	5
273	264	11
118	177	4
212	235	3
305	322	24
215	195	8
270	289	17
109	263	4
128	197	1
344	110	23
168	369	15
149	177	3
150	33	16
188	295	3
334	258	16
88	115	6
159	264	3
57	338	1
184	17	13
203	223	4
85	223	23
341	69	18
287	25	12
144	281	1
110	201	6
133	201	2
118	281	1
134	201	2
151	115	1
138	132	2
189	369	9
355	121	28
391	111	28
489	85	39
326	298	22
97	197	12
260	375	12
192	255	4
49	346	1
284	218	13
125	90	11
197	98	4
145	132	2
329	58	20
260	262	6
100	197	11
194	30	9
175	32	11
268	326	9
270	219	23
130	355	20
95	281	8
167	369	14
79	243	9
136	155	3
300	252	19
319	255	16
103	201	10
250	210	10
87	115	5
141	33	17
327	111	17
112	223	5
221	339	3
278	154	20
337	257	23
264	63	9
191	49	3
106	78	14
90	132	11
199	49	3
92	237	8
254	222	7
94	281	10
116	155	3
353	52	20
134	339	9
172	85	2
209	274	6
139	100	2
88	263	10
306	322	17
127	339	16
23	372	1
117	132	2
246	103	3
301	61	23
33	362	1
368	268	27
169	384	16
333	55	19
190	384	11
140	263	3
141	90	6
252	374	8
127	177	2
116	115	2
304	77	16
361	240	26
91	250	9
112	293	2
258	73	5
25	370	1
98	223	9
116	309	13
100	100	1
152	177	3
300	25	16
122	201	1
339	14	21
351	243	20
72	72	1
201	17	14
92	155	11
146	201	2
98	78	16
172	227	2
193	354	9
142	293	3
218	154	11
253	392	7
76	76	1
17	378	1
355	108	28
283	219	12
138	177	2
267	72	7
158	308	3
146	177	3
147	197	2
114	48	18
149	100	1
84	293	5
141	309	8
92	293	4
331	324	18
151	177	3
153	223	2
121	339	17
201	235	3
291	105	12
185	161	22
347	68	22
369	215	24
205	30	3
334	393	24
232	132	6
140	309	4
349	340	27
332	300	21
120	132	1
229	302	10
85	100	4
122	293	8
86	263	10
140	132	2
213	31	2
230	249	4
143	324	8
92	250	9
112	339	20
327	235	25
114	43	10
329	69	17
371	53	24
134	324	7
135	78	11
209	261	7
174	95	2
321	323	17
340	323	22
251	309	8
411	52	30
142	132	2
255	261	7
365	122	26
246	72	5
127	223	1
182	341	9
218	364	4
271	154	25
257	373	5
348	69	24
279	106	9
335	258	23
484	82	38
103	237	7
88	197	32
343	322	19
352	255	25
208	148	5
356	20	23
87	132	12
288	193	15
363	391	26
97	250	7
120	250	3
123	263	1
106	309	10
177	341	3
303	11	14
199	351	9
74	321	1
201	4	30
272	154	24
94	132	11
307	76	13
311	219	17
150	223	2
327	298	23
261	72	7
119	132	1
106	324	11
184	59	2
148	33	15
166	384	12
204	134	5
205	16	11
153	90	1
223	250	5
242	337	5
155	177	3
105	132	6
233	260	3
143	293	10
204	328	8
187	256	4
97	309	6
352	321	21
207	205	6
89	115	5
71	71	1
327	217	21
238	27	9
256	305	6
187	369	11
173	190	3
122	237	2
342	53	19
138	115	1
157	309	9
140	339	10
241	55	5
261	375	12
154	339	7
192	2	13
173	96	2
102	78	16
191	385	14
232	249	5
181	32	11
147	368	19
114	197	4
97	155	10
25	25	1
209	223	3
230	345	7
139	33	17
140	177	2
186	234	3
322	323	20
91	223	9
143	339	10
293	66	20
98	250	7
333	235	23
189	17	16
335	54	18
338	246	20
29	29	1
197	49	4
147	78	7
292	219	16
443	81	32
172	369	14
137	100	1
252	140	9
125	250	2
17	17	1
252	313	9
201	135	4
434	107	38
259	108	6
208	234	3
314	283	23
246	283	4
139	201	2
385	73	27
42	353	1
188	205	3
210	222	3
302	61	26
105	263	5
267	109	8
359	52	20
143	237	2
111	281	4
152	155	3
297	8	10
319	337	20
195	223	2
128	132	2
419	112	36
98	100	2
297	153	21
136	281	1
192	342	8
407	68	27
181	129	4
110	281	3
347	185	29
382	73	23
275	251	12
149	355	16
150	339	10
205	59	1
206	187	5
260	109	6
155	132	3
371	248	27
174	341	5
392	61	28
178	31	11
307	321	14
164	222	2
111	177	4
148	368	14
330	162	25
352	342	26
351	189	35
117	90	12
386	112	27
141	250	2
200	95	4
291	360	17
313	219	18
317	110	16
264	326	5
139	281	6
174	130	4
177	369	12
250	51	7
87	281	12
126	155	1
363	240	25
128	155	1
95	201	9
100	132	7
190	2	12
104	223	9
343	53	18
152	384	15
136	90	9
173	384	15
102	115	3
157	177	3
302	220	18
158	250	2
107	132	6
235	75	8
345	68	19
118	339	18
138	309	8
194	355	6
14	14	1
146	309	5
238	55	9
189	60	4
154	78	5
155	116	2
335	13	20
212	387	12
141	324	9
181	354	5
146	324	9
364	70	23
202	370	9
133	90	9
136	263	3
102	155	9
156	237	3
70	325	1
126	237	1
201	186	5
218	338	5
83	263	11
103	263	5
87	201	6
90	223	10
141	155	3
346	69	20
205	371	5
99	90	16
226	261	3
216	222	2
90	78	18
128	250	1
401	60	29
365	259	27
171	131	4
118	197	3
119	201	2
180	115	3
127	281	6
148	100	1
223	191	8
172	341	8
155	250	2
228	327	3
323	22	19
125	339	17
198	60	2
220	73	4
259	72	5
261	340	8
263	63	8
157	131	3
230	54	7
324	63	18
289	11	8
108	201	5
254	184	7
168	14	12
154	33	14
88	293	4
163	309	10
254	374	7
240	27	5
348	340	26
114	115	2
243	54	7
171	309	5
267	339	19
485	93	39
182	354	4
147	115	1
130	201	1
131	237	2
238	176	20
100	177	8
136	309	4
407	104	33
304	220	18
86	100	3
108	177	5
144	309	9
110	309	10
128	31	18
111	100	2
202	58	1
205	223	3
208	205	7
118	309	8
102	100	1
174	369	13
32	32	1
103	309	13
87	223	11
161	89	1
144	324	5
127	100	5
286	367	13
97	177	9
100	90	13
230	184	11
286	254	11
125	78	13
179	32	11
134	263	3
119	223	3
137	33	18
145	33	17
218	188	5
55	340	1
220	277	6
384	17	32
167	325	9
187	17	15
65	330	1
156	250	2
195	49	4
221	327	3
132	115	2
336	393	23
154	384	20
354	319	20
88	132	12
159	236	3
488	84	38
273	278	12
184	354	6
94	293	5
327	16	19
169	325	7
260	223	11
171	89	2
207	133	4
215	197	5
142	223	2
416	128	35
146	281	1
291	269	13
312	81	16
296	267	14
132	324	8
152	197	2
223	261	4
385	208	28
387	212	29
388	315	29
306	297	17
420	148	39
296	154	19
424	111	36
339	339	24
158	78	5
324	338	20
256	210	11
260	55	10
118	263	2
135	223	2
464	85	37
122	263	2
87	237	15
144	237	2
254	280	8
145	324	9
121	197	3
194	149	5
214	208	6
215	194	8
343	393	23
218	31	3
219	135	4
326	323	17
327	339	21
384	112	27
204	30	5
313	257	17
78	78	1
350	69	24
117	177	3
100	223	9
153	309	7
267	326	6
305	15	15
124	197	1
94	78	17
331	296	21
315	82	17
153	115	1
154	355	9
191	369	6
158	177	3
89	155	13
111	115	3
136	100	1
264	57	15
211	223	3
356	391	24
341	53	18
143	355	16
181	97	3
147	177	3
224	338	3
150	78	8
152	281	3
335	70	19
119	309	12
249	334	4
213	235	4
158	339	5
214	235	3
144	115	1
386	208	28
338	185	27
131	201	1
102	177	9
356	319	20
159	385	20
348	17	20
3	3	1
222	149	5
353	218	25
137	355	16
51	344	1
141	177	2
98	197	9
170	310	2
99	100	2
172	86	2
120	223	3
124	100	5
179	60	3
286	218	12
289	153	19
219	149	5
128	281	2
164	101	1
203	386	8
97	78	17
153	263	2
113	78	15
100	263	5
318	239	22
156	222	2
324	242	23
309	61	24
113	223	5
186	255	5
366	70	23
424	211	38
438	110	38
338	393	22
356	120	27
217	73	5
327	244	22
131	281	7
149	90	2
226	306	5
118	155	2
212	340	4
312	109	14
152	33	15
99	250	8
136	368	17
194	17	15
124	293	4
196	234	3
128	90	10
2	393	1
172	294	4
223	31	4
117	115	2
354	218	24
85	90	1
175	279	4
144	201	2
114	49	18
353	69	21
406	201	35
190	234	3
120	237	1
210	147	7
389	15	33
123	197	1
158	324	7
125	100	6
94	155	11
183	324	2
119	177	8
338	162	24
302	324	22
108	115	4
368	315	22
459	84	36
480	63	37
133	155	3
100	309	8
136	177	2
151	33	15
102	90	16
207	329	6
338	53	19
391	61	26
427	47	33
108	309	14
144	177	2
91	90	1
363	71	24
112	197	5
113	201	6
185	17	15
400	203	35
189	148	7
209	235	4
229	301	10
103	324	17
487	94	39
108	324	15
253	183	7
145	281	2
290	364	15
148	197	2
131	263	3
183	300	12
187	354	4
99	155	10
117	237	3
119	281	3
151	263	2
210	138	4
230	260	3
238	249	4
332	70	18
150	197	2
133	115	2
151	201	3
100	250	6
138	78	10
174	207	3
289	285	13
130	324	12
130	177	2
221	261	4
133	132	2
199	135	5
110	237	5
256	140	7
156	90	1
268	73	6
94	250	8
113	339	18
260	339	7
190	148	4
300	7	10
157	394	20
194	203	5
195	235	3
303	10	13
357	242	21
279	13	11
102	197	11
105	250	7
197	223	2
112	100	3
202	234	3
63	332	1
101	78	16
85	132	12
107	155	8
162	281	2
179	323	2
288	106	12
92	90	6
306	60	23
345	111	23
364	266	27
22	373	1
117	78	14
231	250	6
109	324	14
92	201	9
146	155	3
114	90	14
150	100	1
188	354	4
263	138	10
231	75	8
178	341	9
159	309	8
200	186	5
113	293	7
117	309	11
151	223	2
153	177	3
245	224	6
301	25	13
335	217	20
112	155	4
317	377	22
265	262	7
343	339	24
72	323	1
90	309	1
236	308	9
380	18	29
148	355	12
133	263	2
171	9	13
138	281	1
323	338	18
128	324	8
219	261	4
223	309	4
374	20	28
51	51	1
362	241	27
217	223	3
309	321	14
97	100	2
172	191	4
190	17	14
227	338	3
85	293	3
122	100	6
106	250	6
159	116	2
178	146	5
217	328	8
252	314	9
326	26	21
93	293	4
113	100	4
437	45	32
423	78	31
377	18	25
86	177	11
108	281	5
127	90	10
182	174	4
370	390	26
335	393	23
328	110	17
92	223	9
240	240	9
130	115	1
131	355	18
244	258	6
317	84	19
31	364	1
363	250	28
146	339	6
271	72	7
117	263	2
136	197	2
151	237	3
227	132	6
407	71	27
266	63	5
105	237	8
251	26	4
107	324	16
108	78	16
221	212	5
296	64	20
23	23	1
190	342	1
135	132	2
135	339	16
192	17	11
265	304	9
340	393	22
214	328	5
142	78	6
90	263	9
126	115	1
309	108	13
346	112	22
115	309	14
315	256	25
351	188	35
299	74	17
355	185	32
11	11	1
322	338	16
128	237	2
146	132	2
364	390	24
59	336	1
119	250	3
104	177	6
175	115	4
322	24	20
344	53	19
272	135	9
202	328	3
40	355	1
311	62	26
149	250	2
5	5	1
153	132	2
333	109	19
351	391	25
83	199	9
263	262	7
218	328	7
147	281	2
203	148	6
276	326	11
186	369	8
137	339	13
228	148	5
300	188	14
232	239	4
341	14	22
199	96	4
38	38	1
149	33	16
230	148	6
89	78	18
269	370	10
163	262	3
345	257	24
327	188	26
241	240	8
98	132	8
207	81	5
105	78	17
340	185	28
147	100	2
96	263	7
369	20	26
211	387	12
232	327	4
140	368	21
30	30	1
103	177	7
105	223	9
125	132	3
161	221	2
181	146	7
184	223	3
135	250	2
210	386	12
177	384	16
215	328	5
110	155	7
148	263	2
259	211	12
170	353	12
334	110	19
337	186	27
300	74	14
122	339	13
86	309	1
215	313	5
324	64	18
292	105	12
241	233	5
149	155	3
120	293	4
485	83	38
177	354	8
233	10	25
267	224	10
303	60	25
2	2	1
136	250	2
375	19	28
158	90	1
469	90	36
215	31	3
165	369	10
130	309	5
202	48	4
313	19	16
27	368	1
120	78	14
281	250	12
176	309	2
126	100	6
180	146	6
309	71	18
184	341	2
187	224	2
192	149	6
338	323	21
307	17	13
329	28	21
336	186	27
195	186	6
251	73	3
328	324	21
94	90	5
224	149	4
104	309	10
105	201	9
123	115	2
124	355	16
161	239	4
344	185	29
396	261	32
56	56	1
243	343	17
299	25	16
104	324	12
139	237	2
157	155	4
158	236	3
214	340	4
91	155	12
312	220	18
60	60	1
172	115	4
191	108	6
357	185	32
157	12	14
213	223	2
251	260	6
393	61	27
126	293	8
143	201	2
1	394	1
128	201	1
435	77	30
148	132	2
131	324	11
151	324	8
389	73	27
155	90	1
48	48	1
390	73	26
123	155	1
106	177	7
160	308	7
178	354	7
142	324	9
486	93	39
274	251	10
132	237	1
150	132	2
172	324	4
137	177	2
340	69	18
107	281	4
343	216	22
328	218	20
147	309	9
130	263	1
185	234	3
331	394	26
259	185	14
78	287	8
133	197	2
227	54	5
155	309	6
260	73	5
282	250	12
232	203	12
178	59	2
216	261	4
235	54	7
287	367	14
40	40	1
96	197	9
97	201	12
355	218	24
193	235	4
283	105	11
139	115	1
214	222	2
92	324	14
92	177	11
128	309	9
364	20	23
224	308	5
95	132	9
44	44	1
102	309	14
486	84	38
87	309	1
329	324	21
113	90	14
166	369	10
223	149	4
225	222	3
192	385	8
102	132	8
341	186	28
127	132	1
114	324	15
82	80	1
245	73	4
138	155	3
174	384	11
105	324	16
106	90	13
179	384	12
254	210	7
113	132	5
131	293	8
149	78	8
261	223	11
341	322	21
323	298	26
359	70	21
143	223	2
383	332	31
334	245	21
104	155	8
124	281	1
241	102	4
295	250	18
173	15	15
130	281	1
96	100	3
376	212	26
313	265	26
171	231	4
318	26	19
189	279	4
412	122	34
155	280	3
237	380	8
353	391	24
420	130	37
316	83	19
231	209	8
400	109	31
188	132	4
183	48	6
304	247	17
215	368	8
239	239	4
256	7	23
78	218	14
135	369	22
447	35	36
367	248	25
114	41	21
167	49	11
356	254	26
195	312	6
199	352	8
160	176	3
242	340	6
80	135	20
298	194	15
260	26	9
231	390	8
434	119	39
397	210	32
236	333	6
164	50	11
477	85	38
429	210	40
244	247	6
83	160	17
196	385	11
263	109	5
319	298	22
285	326	13
346	340	26
423	73	30
104	60	20
360	70	21
399	17	34
333	301	21
318	67	18
180	96	4
237	145	9
242	376	11
303	203	25
169	147	5
351	191	36
212	279	7
89	68	20
240	232	6
444	81	33
140	378	18
491	86	39
296	72	13
188	110	4
255	6	24
168	2	13
463	85	37
212	203	5
231	25	6
192	311	4
233	350	9
362	122	29
79	187	4
211	371	8
233	239	8
79	296	14
304	14	16
324	65	17
262	139	10
208	313	6
128	26	16
81	94	11
265	151	17
237	228	6
199	296	7
271	220	24
240	310	12
203	186	4
166	2	11
302	254	21
163	340	7
239	391	6
304	204	25
414	257	34
381	52	27
161	241	4
437	100	39
260	370	12
191	154	9
265	28	11
218	262	4
189	105	2
250	105	9
88	68	21
164	136	4
169	278	4
151	386	22
163	368	14
254	307	7
400	110	32
187	342	13
352	390	23
82	162	20
372	120	27
438	103	39
159	203	3
239	377	8
206	114	4
290	25	13
239	238	5
485	106	40
295	153	21
135	368	22
204	341	3
161	14	15
252	73	4
290	362	17
80	233	7
298	195	15
80	279	12
332	294	24
308	271	28
95	65	19
259	325	3
363	265	28
249	60	12
477	84	38
248	243	6
230	391	9
419	212	36
257	2	20
176	94	3
77	274	12
336	291	22
180	323	3
426	207	39
270	372	12
399	16	33
195	279	5
85	157	16
303	202	24
307	60	23
297	118	23
396	205	33
164	369	12
245	27	4
196	343	4
371	120	28
200	112	8
182	32	11
183	281	5
81	179	31
276	28	9
333	29	23
262	27	9
78	275	11
105	343	15
323	168	30
180	295	4
370	117	27
389	61	27
194	135	6
398	261	32
446	49	35
375	117	29
185	297	3
109	58	17
189	354	3
388	25	36
355	70	21
240	134	6
264	150	15
268	292	18
164	149	3
268	153	16
272	220	23
174	279	5
300	153	18
153	393	20
285	269	16
337	70	18
161	240	4
238	390	7
171	59	7
238	113	6
389	17	34
191	133	3
416	145	37
165	284	5
431	46	33
268	377	12
221	311	5
293	154	20
164	137	4
350	340	27
400	111	31
226	305	6
306	377	24
82	163	18
183	163	23
258	278	8
361	121	29
196	77	6
208	371	10
323	66	18
256	25	7
295	152	21
209	95	5
299	221	17
135	371	23
299	106	14
336	245	21
379	73	23
218	249	5
369	115	28
242	195	25
80	234	8
413	256	33
270	187	19
160	33	16
332	295	22
80	264	17
297	25	17
175	88	1
250	27	9
363	264	27
317	183	27
246	246	4
397	208	32
373	241	27
386	18	33
358	254	27
395	209	33
173	92	4
282	325	14
328	27	20
182	170	18
210	370	10
176	46	9
263	252	9
215	135	4
309	334	18
239	114	5
232	228	6
393	29	36
266	277	15
436	101	39
347	322	19
293	286	13
264	108	4
85	156	18
264	251	8
217	189	9
359	320	21
188	104	2
192	107	3
386	246	27
220	223	3
281	69	8
391	248	29
149	55	15
370	257	30
81	178	19
244	282	7
263	224	10
238	376	10
276	140	15
105	342	17
380	72	21
285	251	11
436	121	39
241	112	10
191	326	4
303	376	24
160	250	3
193	102	1
269	154	19
217	153	10
175	16	14
179	85	6
207	355	9
317	255	15
175	129	4
400	245	33
168	81	3
226	187	9
316	57	16
377	61	25
168	224	2
291	250	11
202	259	6
178	280	6
476	85	39
386	333	32
79	232	8
500	83	40
83	237	7
234	146	9
182	146	6
186	81	3
96	334	16
210	314	5
390	62	28
361	190	36
172	130	4
161	247	4
228	185	8
158	196	3
111	349	23
218	149	7
247	2	24
108	347	17
166	191	4
155	394	21
250	4	23
378	49	25
401	14	34
316	255	16
340	245	18
217	358	4
292	368	16
424	72	31
193	285	7
283	268	13
177	227	4
359	255	27
163	33	16
200	58	2
205	311	5
233	54	9
390	26	35
78	217	13
135	370	23
161	147	4
162	204	7
219	389	15
360	109	31
242	113	9
423	132	38
81	309	4
199	349	7
375	60	24
298	193	11
160	34	16
271	278	11
80	265	23
216	249	6
198	313	4
236	132	6
170	278	5
249	375	6
236	27	11
406	261	35
164	174	4
174	3	10
230	347	8
177	190	4
126	363	21
419	73	27
352	19	22
499	85	40
234	381	11
162	14	13
157	265	3
312	334	15
228	226	6
185	49	7
191	79	6
393	28	36
170	182	5
503	94	40
312	27	18
223	220	4
184	307	2
240	235	5
387	246	28
397	17	36
396	207	32
349	218	24
259	238	6
258	10	22
316	372	22
415	96	36
391	8	34
253	241	8
257	108	6
91	331	21
291	285	13
461	85	37
232	291	20
394	30	36
78	230	8
276	141	14
161	52	12
313	241	24
160	140	4
354	334	29
193	101	3
94	65	20
174	59	4
207	49	3
409	106	34
173	129	5
287	137	14
352	108	23
253	6	24
417	258	34
77	216	14
161	246	4
346	186	30
161	103	3
416	113	35
237	376	13
365	323	23
169	232	4
378	62	29
216	141	10
160	340	8
344	241	20
217	357	4
363	191	36
297	221	17
245	191	22
193	284	7
302	25	15
202	292	12
359	254	28
229	303	8
305	279	21
239	378	7
120	353	18
266	29	14
314	257	23
161	146	4
229	227	6
232	25	5
214	153	11
180	281	5
318	58	14
167	275	6
160	35	16
327	73	22
194	286	15
237	348	8
184	280	4
226	30	3
145	381	19
410	107	34
230	344	5
487	75	40
248	246	3
466	85	36
163	79	3
182	168	19
183	129	4
499	84	39
77	271	15
441	45	36
78	314	3
256	261	5
208	14	8
171	146	6
299	374	21
416	74	27
407	260	32
321	67	19
351	187	33
365	267	27
169	32	13
154	263	2
302	375	18
197	355	8
307	332	14
316	373	21
206	284	12
324	62	20
234	207	10
91	330	20
171	323	4
276	142	14
243	341	5
484	105	40
253	308	7
336	32	25
80	180	36
170	58	6
354	335	29
303	378	25
204	205	7
213	105	14
351	159	29
317	27	20
283	151	22
193	134	5
226	198	11
420	73	28
168	256	6
154	223	3
500	93	40
201	297	7
390	207	29
161	245	4
238	389	6
158	202	4
80	114	6
470	91	36
191	279	4
322	66	20
366	267	26
216	368	7
216	142	9
198	354	7
255	279	10
411	215	34
179	179	8
259	11	23
272	29	7
453	82	35
224	213	6
173	228	3
177	114	4
234	101	8
162	262	4
183	301	12
471	86	38
310	208	26
81	248	11
158	4	12
186	341	7
370	214	24
161	145	4
289	68	9
295	106	11
191	186	7
318	59	14
167	274	6
160	36	16
421	131	38
194	287	18
273	327	10
477	63	36
212	188	7
88	322	17
254	339	5
306	280	20
258	326	6
182	169	19
215	275	8
77	270	29
161	204	3
256	248	6
418	213	36
78	315	1
243	376	11
319	55	17
147	382	20
171	4	11
261	138	9
336	69	18
170	180	5
261	27	10
308	376	23
131	366	22
260	138	9
166	340	6
454	83	35
178	17	13
397	241	32
292	25	13
187	3	14
376	72	22
210	51	3
239	332	5
361	54	24
234	204	11
81	192	9
162	131	3
276	143	19
81	81	1
294	287	16
261	238	6
399	112	29
275	62	23
312	57	14
80	181	2
247	59	14
401	261	30
482	91	39
194	327	6
251	282	8
169	3	14
212	133	3
236	259	4
287	250	9
211	52	5
324	19	20
79	267	13
256	49	10
161	244	4
247	328	7
185	111	4
323	281	23
308	18	14
184	32	10
203	204	6
251	216	9
351	109	24
213	12	9
249	344	11
269	187	20
368	122	30
227	305	5
131	55	17
296	118	24
168	48	12
112	349	21
233	392	8
187	184	6
371	52	26
106	346	22
161	144	4
119	353	23
440	72	31
199	350	7
398	112	30
167	269	3
189	309	2
160	37	16
165	141	4
397	204	35
349	243	19
245	2	24
164	56	9
234	55	9
287	67	21
281	143	18
176	177	4
87	69	21
209	191	8
319	54	17
399	238	33
171	7	11
252	106	8
170	181	5
213	369	5
275	146	21
228	338	3
416	76	31
156	6	11
165	50	13
331	278	29
231	305	8
224	303	6
334	292	24
324	169	29
305	204	24
404	240	33
243	57	11
276	136	15
441	79	31
78	276	12
185	82	2
208	93	5
156	324	4
154	281	4
301	295	23
306	255	15
443	43	35
486	79	40
287	138	15
79	244	10
358	21	24
419	147	38
162	339	6
79	266	27
172	88	2
238	280	6
134	55	17
161	139	4
162	164	6
441	107	39
80	116	7
238	229	6
241	135	8
351	334	30
251	106	12
268	374	9
98	63	20
235	11	26
267	276	16
291	154	20
220	236	4
177	231	5
486	107	40
268	186	20
159	32	15
280	148	22
161	151	4
403	63	29
365	113	32
167	191	3
379	61	26
342	163	25
402	12	34
227	225	3
355	52	23
160	38	16
165	140	4
166	223	3
179	96	5
302	201	27
235	102	7
409	261	34
248	283	6
255	248	6
177	178	6
139	378	19
254	51	9
230	8	30
286	270	14
163	193	3
405	132	37
286	153	20
163	174	5
267	252	9
181	286	25
280	65	24
82	309	3
161	194	3
209	190	8
181	48	10
170	178	5
227	29	3
250	282	9
164	206	4
410	74	31
197	386	10
141	379	19
382	17	28
220	212	7
93	66	19
177	47	9
233	327	3
183	113	3
263	57	16
325	256	16
442	44	33
79	305	4
159	137	4
234	349	8
161	238	4
204	260	6
276	137	15
105	345	21
309	79	15
208	94	6
351	341	26
214	55	3
185	307	4
251	62	11
345	53	20
227	390	12
123	361	22
327	163	29
302	295	22
154	393	19
236	381	10
302	112	16
267	376	10
339	237	27
486	76	39
183	36	11
245	283	14
442	81	34
225	327	3
233	204	12
243	103	4
79	277	11
172	89	1
262	223	10
305	376	23
318	337	21
161	138	4
312	266	27
441	106	39
214	369	6
488	75	40
128	364	19
241	309	10
80	117	10
208	58	1
270	310	13
223	370	9
401	112	30
317	60	17
249	184	8
212	52	1
197	312	5
198	3	14
307	280	21
222	133	6
212	155	11
409	74	28
287	105	14
239	134	8
263	150	17
219	250	6
81	253	15
238	309	10
158	154	5
161	150	4
158	293	1
214	157	11
403	62	31
209	371	11
195	288	19
80	224	38
402	13	34
242	332	5
249	393	10
165	139	4
491	98	40
198	111	5
250	374	8
144	55	16
210	74	4
267	17	13
239	309	9
183	306	3
181	285	25
234	393	8
209	189	7
162	237	3
208	115	5
170	179	5
333	293	23
256	392	7
469	86	36
270	153	18
402	113	31
165	222	2
236	229	9
435	120	39
293	122	23
478	62	36
378	114	27
302	379	25
178	189	5
268	29	15
391	246	30
159	136	4
78	120	17
172	5	11
209	8	29
232	183	13
276	138	15
441	77	32
105	344	18
399	204	34
85	201	8
332	278	28
237	288	14
227	278	5
130	365	19
335	292	23
268	291	19
236	382	9
306	332	15
292	143	16
224	188	7
126	55	18
263	28	14
286	327	15
129	24	19
206	30	3
172	90	2
229	391	12
162	51	11
276	63	14
209	116	8
300	325	11
161	137	4
312	267	26
367	239	28
252	61	10
389	26	36
218	236	4
493	86	39
227	199	10
345	16	21
194	311	2
326	280	29
245	186	13
279	193	19
278	27	11
174	88	2
254	247	6
183	297	3
371	57	25
215	248	4
81	252	38
263	294	17
161	149	4
252	210	9
426	211	40
266	376	10
80	82	2
423	130	37
214	13	5
80	225	1
190	106	3
209	387	13
191	311	5
242	333	4
165	138	4
213	158	11
387	17	33
212	73	5
211	147	7
339	70	18
168	190	4
244	111	10
257	26	8
310	1	12
395	261	28
159	292	4
215	156	11
181	284	6
390	248	29
128	55	18
209	188	7
252	246	11
497	74	39
179	307	4
199	204	8
189	342	8
104	338	15
94	333	21
307	4	12
415	255	33
324	59	19
304	7	10
286	251	12
159	139	4
78	121	15
172	6	18
414	95	37
262	19	9
276	139	15
285	67	22
191	105	2
214	53	1
213	387	15
479	64	38
189	235	4
237	287	19
155	197	3
273	370	9
297	372	18
302	7	10
236	383	11
311	335	16
311	252	17
211	56	2
235	334	5
336	340	27
394	60	27
256	53	10
161	136	4
162	163	4
200	370	3
256	339	7
228	390	8
294	25	14
247	27	9
184	147	5
240	331	6
80	292	5
189	158	22
226	116	4
245	185	9
202	76	5
415	256	34
277	336	11
196	256	3
254	26	7
301	187	16
183	187	4
404	196	36
376	243	28
182	113	4
310	58	15
210	134	5
161	148	4
280	262	12
265	214	19
240	393	10
274	62	11
169	189	5
132	55	16
308	272	27
478	64	38
160	263	2
202	17	11
131	23	15
481	63	38
231	239	6
376	49	25
79	169	17
281	147	21
176	87	3
206	87	13
181	283	6
394	244	31
158	101	1
356	53	21
170	177	5
503	87	40
289	325	15
483	104	39
255	325	4
165	173	5
240	113	4
169	341	9
311	8	13
174	256	5
395	245	31
182	287	24
79	306	4
176	115	3
159	138	4
319	368	27
105	60	19
209	14	7
403	11	34
191	104	1
309	253	15
238	205	10
190	80	5
365	54	23
312	62	27
228	370	4
322	282	21
236	180	15
203	5	29
237	286	19
222	114	3
203	355	6
259	21	9
178	46	8
187	324	5
102	337	18
211	74	4
183	33	11
234	11	27
79	278	13
172	84	3
372	268	28
310	206	23
295	286	14
300	327	17
229	103	5
157	202	3
161	143	4
346	52	19
80	104	10
380	330	29
184	37	11
274	219	24
227	201	10
191	354	6
288	67	26
247	139	5
143	380	19
307	206	24
165	148	4
237	258	5
222	110	4
175	60	5
245	184	9
329	245	23
248	259	6
174	94	4
178	308	3
358	53	21
395	61	28
404	197	36
135	55	17
229	296	21
183	299	6
210	135	5
238	329	5
394	209	31
286	67	26
184	82	3
238	133	6
241	167	23
160	203	4
240	281	6
242	331	6
99	63	19
269	218	23
363	259	28
434	106	39
282	150	21
246	207	10
307	377	24
259	250	5
82	237	8
182	304	3
79	168	35
120	55	18
334	30	24
281	146	20
291	361	17
257	393	9
233	26	7
181	282	5
186	384	8
280	69	9
357	121	26
78	317	1
209	195	8
219	278	7
460	84	35
85	321	22
252	325	7
271	370	9
203	24	6
213	207	5
303	77	15
166	255	5
249	283	8
160	292	2
245	207	10
246	184	9
245	112	9
202	276	6
301	113	15
276	337	10
371	213	26
239	330	5
77	300	9
257	262	5
195	78	5
186	279	5
488	83	38
450	51	36
160	132	3
416	254	34
483	54	37
342	239	27
455	68	34
155	264	3
246	331	7
179	47	9
237	285	19
169	295	5
353	194	35
326	255	17
420	112	37
168	233	3
405	260	31
231	54	7
221	237	5
211	280	6
290	153	18
262	211	12
176	16	13
215	209	8
181	289	21
171	279	6
162	78	1
228	211	8
161	142	4
498	73	39
360	122	30
80	105	10
227	200	10
228	279	7
80	294	6
165	147	4
216	149	9
231	372	6
107	59	18
236	349	7
168	340	6
210	98	10
144	380	16
92	66	20
348	244	21
404	198	35
229	343	6
376	245	27
183	298	4
428	211	40
171	384	16
318	369	25
253	260	7
309	18	13
115	351	23
380	137	32
242	102	3
312	8	13
123	55	18
160	281	3
431	212	40
236	12	26
273	30	12
274	369	10
264	295	17
386	121	34
98	335	20
163	281	3
173	176	6
254	52	10
182	305	3
499	92	40
281	145	19
372	214	25
295	289	19
266	57	18
215	14	6
380	62	29
403	241	33
209	194	8
214	189	6
294	325	25
237	133	8
86	197	34
251	375	9
240	228	6
145	55	16
249	139	5
297	285	15
206	356	6
248	26	9
362	110	30
150	383	15
206	6	25
418	129	37
78	286	9
134	367	17
191	106	3
309	251	15
170	147	4
180	255	5
142	55	16
165	254	5
350	186	30
170	324	3
237	284	6
400	239	33
258	116	5
248	344	12
183	35	11
79	242	12
163	15	15
277	27	12
181	288	24
208	386	7
367	122	29
447	50	36
161	141	4
215	54	6
437	104	39
186	296	2
156	384	15
146	381	16
247	103	4
341	238	26
80	295	13
307	208	24
188	341	9
216	150	8
355	333	28
127	55	19
330	279	27
206	386	10
224	237	5
253	223	10
183	180	6
277	63	9
229	342	6
233	147	8
162	369	17
158	12	14
200	258	5
162	194	4
318	80	18
392	210	30
199	343	3
308	78	15
165	340	8
165	293	4
223	115	4
227	116	3
194	279	4
213	154	11
363	261	26
193	326	5
202	28	6
203	301	9
292	124	22
139	368	22
348	217	23
281	144	19
186	31	8
404	74	27
263	241	11
232	305	8
215	152	11
252	242	8
209	193	8
195	370	9
436	104	39
208	7	22
331	33	25
132	22	16
388	335	33
482	62	37
269	252	8
268	308	12
411	260	33
400	19	37
255	53	10
433	46	33
197	29	8
125	363	22
489	96	40
129	55	18
286	255	11
91	325	22
263	213	20
441	80	33
261	325	5
191	149	8
157	5	10
436	76	30
351	339	26
375	73	22
455	70	38
422	149	39
246	329	6
237	283	6
269	224	11
501	87	40
306	246	14
325	170	29
386	62	27
224	194	8
174	176	5
305	7	12
183	34	11
239	394	10
262	326	5
138	368	17
286	328	21
172	87	3
385	314	29
172	230	5
286	106	13
417	122	35
181	114	2
167	3	14
80	280	13
118	352	18
216	151	7
368	114	28
136	376	19
202	249	8
169	257	7
174	93	4
202	298	8
244	225	4
207	31	4
359	240	23
107	347	22
490	97	40
301	200	24
238	332	6
152	55	15
81	247	9
346	245	21
128	32	20
366	240	27
209	75	3
158	156	6
280	266	13
440	80	32
426	111	36
252	316	13
167	261	4
397	256	31
327	67	15
411	108	33
363	260	28
202	29	5
203	300	10
187	385	14
235	381	12
415	113	34
476	97	39
187	111	3
300	198	25
159	13	15
182	166	23
225	385	12
334	29	24
305	297	20
204	287	14
323	187	25
403	243	33
209	192	8
440	108	39
133	55	17
100	62	20
185	280	4
275	154	22
161	263	3
252	320	13
223	193	9
198	385	9
331	32	24
284	250	14
117	352	22
213	189	9
142	379	17
95	334	22
192	103	3
400	20	36
224	328	8
258	110	9
353	20	24
258	1	19
79	107	6
82	204	8
79	137	18
205	355	5
79	318	2
286	252	12
91	324	22
408	106	34
263	212	16
215	191	9
172	146	5
313	28	21
276	144	20
243	351	8
351	338	26
479	62	37
344	339	25
161	291	3
435	45	33
237	282	6
293	24	12
226	220	6
306	247	15
258	114	9
235	180	16
224	195	11
182	255	5
286	329	16
185	148	7
313	56	13
295	120	22
366	55	28
114	52	19
333	278	26
204	5	25
299	283	17
393	210	31
214	106	13
252	281	9
199	258	6
308	27	14
251	211	10
421	149	40
265	377	9
170	294	4
216	152	11
179	189	4
168	57	10
226	339	4
202	299	8
172	278	5
210	97	6
206	205	7
300	114	16
211	313	4
78	186	5
209	57	2
181	179	9
161	175	5
241	377	6
167	81	5
321	338	19
345	340	25
317	262	24
86	77	19
252	317	13
80	261	9
136	55	17
284	151	21
213	55	2
199	4	29
303	26	15
166	294	4
245	247	3
264	298	16
202	26	6
420	213	37
174	15	12
235	239	8
163	282	4
207	77	4
230	294	21
310	334	17
439	110	38
358	122	31
300	199	27
159	157	5
310	27	16
357	20	26
295	290	20
172	175	6
319	57	13
399	241	31
375	246	26
270	326	8
440	109	39
190	185	4
322	17	20
114	350	16
223	192	8
237	309	11
374	118	29
175	3	13
236	386	8
400	21	37
258	111	9
121	55	18
230	371	2
487	96	40
201	79	6
79	106	17
335	28	24
82	205	8
305	106	16
79	136	26
82	92	9
352	186	32
79	313	1
101	337	22
234	306	8
215	190	8
200	348	4
276	145	20
243	350	7
191	151	9
265	17	10
275	72	9
313	253	17
403	127	31
402	61	30
170	33	14
298	250	17
228	383	9
252	357	12
80	318	2
160	102	1
307	249	15
212	314	5
412	260	34
237	281	6
217	277	7
226	221	3
202	82	7
250	326	7
258	115	5
359	121	28
197	110	6
352	120	26
225	238	6
106	59	18
159	55	9
210	13	8
79	285	7
408	216	32
176	227	2
309	58	20
204	288	11
313	63	28
427	208	40
110	57	21
493	79	39
356	345	28
180	47	8
80	282	24
320	297	21
383	215	30
226	225	6
164	14	14
224	369	8
248	375	9
480	90	39
429	111	36
361	329	30
79	211	1
239	281	6
314	64	28
139	55	17
253	62	9
78	298	14
447	83	35
181	84	6
222	301	6
80	262	10
298	325	25
212	370	4
264	299	15
202	27	6
222	222	3
278	220	9
188	184	5
211	9	29
230	295	19
83	195	10
248	2	23
79	183	6
391	27	36
233	227	5
281	149	22
462	84	35
361	71	24
418	121	36
295	221	19
319	56	16
265	244	13
360	182	35
124	55	18
90	67	21
216	388	16
375	388	29
331	34	25
411	74	31
264	376	8
383	239	32
231	9	29
201	78	6
330	298	21
335	31	25
287	152	19
82	93	1
301	253	20
79	312	4
91	326	19
176	294	3
280	324	10
191	150	9
308	146	28
436	79	30
483	61	38
146	55	16
303	255	21
307	248	16
217	235	4
273	73	9
330	29	23
226	218	9
217	389	17
188	2	13
364	323	23
258	112	9
315	254	15
192	355	11
415	75	26
439	81	31
163	51	12
205	261	10
79	284	23
234	279	6
253	25	6
115	40	20
360	321	22
157	196	2
186	308	3
109	348	22
114	50	18
470	87	39
143	55	16
493	78	38
251	213	10
80	283	1
431	78	31
216	154	11
387	61	28
453	70	36
235	146	8
244	236	8
233	373	5
182	302	13
258	374	11
79	210	38
272	326	16
257	54	11
181	256	4
100	336	18
176	128	6
78	299	1
403	73	26
260	326	6
389	247	30
252	319	13
180	179	9
274	72	13
203	114	6
260	11	22
213	53	5
435	103	38
502	93	40
197	370	8
203	289	13
222	223	2
297	292	20
320	67	18
201	81	7
79	182	38
395	317	33
215	148	7
300	374	20
229	185	7
360	183	34
379	245	27
237	239	7
347	339	25
388	247	28
167	341	7
223	189	8
160	237	3
274	29	15
193	107	3
260	239	7
283	134	15
374	116	27
259	62	6
84	201	8
178	178	4
197	342	3
221	368	2
258	250	6
377	50	26
258	109	8
235	205	12
201	77	5
192	280	5
196	327	2
362	107	31
348	185	30
404	106	31
162	151	3
289	24	12
294	267	15
294	154	22
298	105	14
180	85	5
483	60	38
401	241	32
123	355	22
303	111	15
166	285	5
246	111	10
269	28	14
259	26	8
198	29	6
164	133	4
236	375	8
258	113	9
130	55	17
225	115	2
207	7	29
300	250	17
83	250	15
338	69	19
239	229	7
408	73	28
91	67	19
114	51	18
170	225	3
427	210	39
436	44	34
238	240	4
493	77	39
80	254	38
161	339	6
218	356	3
203	248	9
170	3	14
298	220	17
317	336	17
251	212	10
397	280	34
216	155	11
203	260	8
93	333	22
306	150	20
292	69	16
182	303	13
116	39	22
357	253	24
81	235	7
324	281	22
309	28	17
185	38	11
318	85	16
322	187	26
318	183	26
180	188	5
198	296	6
435	102	39
397	111	31
202	25	6
201	80	7
225	74	6
207	78	5
153	55	14
201	259	7
148	382	16
438	80	30
225	389	11
239	172	25
209	196	6
219	367	4
132	366	16
161	283	4
264	28	13
189	79	6
231	293	20
396	254	30
349	186	31
325	66	16
79	119	13
187	30	9
225	304	6
229	75	8
308	3	12
401	240	33
165	279	2
166	131	3
421	78	31
279	70	8
501	82	40
434	45	33
164	134	4
383	18	32
249	26	6
235	27	5
254	261	7
467	60	35
268	59	19
339	246	19
197	252	6
201	249	9
244	57	12
300	251	18
248	60	13
328	244	23
349	322	19
243	112	8
243	225	5
176	230	4
161	135	4
80	255	1
251	215	10
397	279	28
331	31	24
296	325	24
179	16	12
326	67	18
487	84	39
163	354	13
268	223	9
315	28	19
79	220	14
230	24	5
309	377	23
367	55	26
208	356	10
295	24	15
81	293	6
327	280	24
160	195	3
317	371	22
247	246	4
189	185	6
435	105	38
308	281	23
237	333	5
84	320	2
288	325	14
203	291	10
222	221	3
315	56	15
83	196	35
272	277	12
163	205	3
182	187	6
384	238	32
281	154	20
196	3	16
262	146	16
281	267	15
219	211	7
390	246	30
81	103	7
380	53	28
241	281	5
261	252	8
375	242	27
223	302	6
137	55	17
161	282	4
298	292	18
217	140	10
296	285	15
246	1	24
231	292	21
396	255	31
301	327	17
268	16	12
92	332	21
221	16	6
330	297	22
79	118	11
244	183	9
406	130	36
79	231	7
372	19	27
301	105	15
305	110	14
205	286	10
262	239	7
310	251	20
357	52	21
161	250	4
204	312	3
208	187	6
266	294	17
87	322	21
167	234	3
227	212	6
179	281	6
166	49	11
199	59	1
237	388	7
240	168	26
123	357	17
122	55	18
207	370	9
83	320	5
197	328	6
164	135	4
226	328	6
175	257	6
328	279	25
196	278	6
201	329	6
210	9	30
314	27	19
418	77	30
285	283	14
161	134	4
295	119	24
360	241	24
80	240	38
392	27	35
251	214	10
218	277	6
203	75	6
331	30	24
218	388	15
401	108	33
303	13	17
468	51	35
212	56	1
250	358	13
349	18	22
177	129	5
197	78	5
304	106	15
186	2	12
337	246	23
234	374	8
475	96	38
161	162	5
243	282	8
232	9	28
346	17	22
170	82	3
251	5	24
86	70	19
317	370	23
251	242	8
377	328	25
293	219	18
203	290	12
197	256	3
173	279	6
211	156	8
292	123	24
140	55	16
415	127	38
221	188	9
304	296	20
324	187	26
186	183	6
229	371	5
177	280	8
267	154	18
262	147	17
299	154	19
157	280	3
152	392	19
81	102	6
161	78	2
343	162	26
204	356	7
261	12	23
238	174	26
223	190	9
293	268	14
203	19	13
402	244	33
316	176	34
268	307	11
255	50	9
221	111	4
406	131	36
163	394	19
225	197	11
233	306	9
352	192	35
301	249	16
205	285	13
79	260	10
215	196	5
214	388	11
125	55	18
234	334	6
185	130	3
101	62	19
161	249	2
137	368	22
266	295	16
446	36	36
156	201	4
378	329	28
184	130	4
402	73	26
260	63	7
80	307	3
237	387	7
123	356	22
492	87	40
296	250	19
355	345	29
279	64	9
155	222	2
296	24	16
212	148	8
116	351	20
267	375	9
291	125	23
391	206	30
385	17	32
225	338	3
159	195	2
186	111	3
209	96	7
318	322	15
214	275	8
161	133	4
190	280	5
299	115	24
81	319	4
80	241	9
341	246	20
167	286	4
264	214	20
251	326	6
236	146	7
166	173	4
354	69	18
216	13	32
373	268	28
286	284	14
438	75	30
277	71	9
262	293	17
361	110	32
234	228	5
253	72	3
209	51	4
390	8	35
257	325	4
161	161	4
171	8	19
80	221	13
86	71	18
240	275	9
160	52	12
184	186	5
222	278	6
184	297	4
296	291	20
496	75	39
246	59	15
502	81	40
127	364	21
165	15	14
245	241	7
491	81	39
202	4	26
255	25	7
278	64	11
212	204	4
359	188	34
415	126	37
311	57	13
429	78	31
432	77	30
309	298	21
239	169	27
257	304	7
417	74	28
209	313	5
284	269	13
270	251	9
203	18	13
445	49	36
297	106	13
374	72	20
407	106	33
231	183	14
188	234	3
122	354	15
201	113	8
486	82	39
235	350	9
129	365	22
168	277	5
225	196	10
125	355	22
234	26	8
352	193	36
215	199	5
290	250	11
309	270	28
385	214	30
162	32	16
181	324	4
161	248	4
498	91	40
180	307	3
195	342	5
242	310	9
160	13	13
80	308	4
264	138	10
401	23	37
492	80	38
188	31	9
328	394	32
248	208	9
224	73	6
263	19	10
159	339	8
417	129	38
161	132	4
156	264	2
147	55	16
184	48	7
483	92	39
421	111	36
189	3	13
283	66	26
84	158	17
373	120	32
250	245	5
301	380	25
279	325	9
430	211	40
268	218	24
130	23	16
121	354	23
177	16	13
254	6	24
291	24	12
257	9	24
405	113	33
230	238	5
385	237	31
157	385	20
215	143	9
81	239	37
181	188	5
205	6	29
158	132	4
80	222	14
416	48	31
388	62	28
247	243	7
169	58	8
249	260	8
279	26	15
249	245	5
235	228	6
376	61	26
328	15	21
183	147	6
348	321	18
323	18	20
427	112	38
253	318	12
256	279	9
345	185	29
388	18	35
265	297	17
284	67	27
398	207	33
271	327	17
203	21	13
402	242	33
166	234	4
396	250	31
222	188	7
187	308	3
154	55	14
292	153	19
258	25	7
226	389	10
197	4	26
291	67	26
311	28	20
206	370	7
225	219	7
396	318	34
428	111	36
381	73	23
153	384	20
451	52	36
265	137	11
214	356	4
275	190	14
80	166	36
90	323	17
401	244	32
169	225	4
350	160	29
401	22	37
166	278	5
273	220	10
166	353	13
226	212	9
373	20	27
221	113	4
224	219	7
150	55	13
415	49	30
376	117	28
138	377	16
262	206	20
177	294	3
495	74	39
252	220	8
252	51	9
360	244	25
242	200	23
413	263	34
303	296	22
240	376	10
166	80	1
84	159	15
448	51	36
269	59	18
175	177	6
202	113	7
211	133	4
396	17	36
480	81	38
192	325	3
410	260	32
230	28	3
257	8	23
300	106	14
361	108	30
385	236	32
81	238	37
77	122	27
78	301	3
253	281	8
238	145	8
223	327	4
240	277	6
223	212	6
199	111	4
236	240	4
237	329	6
368	56	27
166	207	4
170	258	6
317	81	17
502	87	40
108	58	13
203	342	4
316	175	35
249	244	9
175	228	3
374	268	29
278	70	10
212	206	5
306	183	22
277	135	14
244	206	11
83	200	7
79	188	5
172	385	16
159	133	4
310	19	17
77	316	2
319	323	19
314	321	13
263	376	11
323	21	21
200	296	7
214	200	7
403	107	32
238	173	26
265	296	18
398	204	35
203	20	13
194	369	8
165	80	3
164	280	2
325	188	26
258	22	8
79	227	8
79	257	10
196	99	3
81	165	20
171	295	4
244	375	8
408	115	32
361	181	35
262	13	23
138	55	15
379	329	28
190	355	8
488	95	39
80	167	1
416	121	36
422	131	38
80	310	5
298	373	19
350	161	28
383	136	34
151	391	20
282	69	7
221	112	3
291	126	21
277	191	15
163	56	9
384	315	28
183	165	21
419	130	38
263	13	23
103	338	22
315	322	15
262	207	19
418	73	26
256	3	23
228	199	9
417	112	35
299	116	23
389	11	33
274	189	15
369	121	27
99	336	21
194	100	3
218	366	2
293	368	15
113	350	23
478	86	38
303	9	11
292	286	15
250	243	9
352	335	30
373	247	27
353	107	27
79	219	13
244	26	6
304	110	15
163	165	5
337	234	25
111	57	16
228	74	5
270	371	8
170	207	5
261	20	11
218	211	8
275	136	14
80	208	37
271	252	10
251	246	4
398	241	32
407	67	28
315	63	17
83	203	7
159	102	2
339	290	21
182	47	6
239	170	27
295	324	24
78	108	20
290	68	9
418	113	36
252	5	21
416	257	34
265	252	7
214	201	6
398	256	31
242	273	7
85	197	34
179	256	4
161	285	3
416	94	37
165	206	4
203	23	13
296	371	17
246	26	8
141	55	16
211	188	7
248	183	9
304	377	25
225	217	11
79	226	38
177	94	3
395	112	29
79	256	10
81	164	26
299	250	17
229	117	2
205	204	6
498	86	40
309	207	25
218	139	10
299	326	12
156	197	3
80	311	3
188	325	6
501	92	40
193	283	6
282	66	27
221	224	4
210	115	3
230	118	9
183	164	23
428	77	32
295	268	14
280	27	14
232	372	4
256	4	21
135	372	15
252	222	9
214	134	3
308	207	24
170	232	3
389	10	34
270	263	11
242	198	24
80	245	9
271	264	10
184	162	22
320	337	17
175	93	3
303	8	11
273	190	16
364	249	29
296	105	12
245	138	6
377	243	27
353	106	28
207	115	8
211	116	10
230	304	8
286	256	12
253	211	9
97	335	22
225	370	8
314	56	14
405	239	33
81	236	8
82	319	2
195	100	2
484	78	38
176	279	4
437	80	32
167	169	7
80	209	1
161	368	17
366	315	22
374	241	27
251	358	13
179	114	4
396	209	34
397	249	32
231	28	2
235	374	7
225	188	7
315	62	16
253	247	6
159	135	4
81	191	6
262	148	17
124	362	21
149	383	20
190	325	3
105	339	21
370	121	30
80	189	4
161	284	4
416	95	36
247	208	11
288	153	20
203	22	13
170	341	8
133	367	21
375	268	29
86	321	19
472	85	37
222	16	5
335	339	24
155	201	4
377	73	23
400	15	33
424	133	38
164	79	1
225	216	10
500	86	40
414	258	34
187	132	5
196	109	4
314	240	25
404	114	32
196	252	7
162	175	4
276	155	21
232	55	10
191	153	9
289	129	21
199	386	11
167	224	3
218	136	5
271	311	13
445	81	33
188	309	4
151	385	20
400	107	32
97	64	19
452	53	36
201	371	6
183	167	20
367	314	23
102	61	20
267	217	22
239	237	5
256	5	23
78	212	27
135	375	18
343	240	27
241	330	5
403	199	36
276	191	16
109	339	22
389	9	35
470	108	34
242	199	24
80	246	10
167	277	5
378	72	21
198	343	10
178	227	5
246	242	8
353	105	28
103	61	19
178	295	4
239	144	9
253	52	9
323	58	17
148	55	15
78	304	5
299	197	27
360	53	22
374	246	26
351	194	36
207	387	12
179	226	4
192	134	7
267	293	20
281	65	23
220	114	5
96	64	20
325	281	23
371	119	27
159	134	4
381	18	29
262	149	17
81	207	31
204	275	8
78	268	34
162	251	3
241	274	8
370	118	26
167	255	4
223	279	7
80	190	7
327	27	21
217	149	7
164	283	3
246	139	6
400	241	32
316	61	16
362	190	35
324	20	19
206	16	8
381	54	28
157	325	8
234	328	5
418	147	40
257	279	9
161	243	4
280	334	15
191	152	9
289	128	22
247	183	8
308	297	20
297	73	12
198	251	7
203	275	9
316	82	18
248	392	6
307	273	22
151	384	20
224	352	5
233	391	7
244	1	24
408	261	33
452	69	33
181	306	4
239	236	5
495	86	39
263	300	14
78	213	12
135	374	17
347	244	20
437	122	39
470	109	40
199	353	4
242	196	23
356	332	29
413	259	33
218	365	5
167	276	5
80	134	20
165	132	4
189	30	9
383	216	29
296	220	17
169	82	4
350	19	21
164	339	7
151	55	15
178	115	3
93	324	20
350	333	30
301	375	22
353	104	28
291	142	16
82	249	10
196	369	4
83	161	16
234	238	7
384	137	35
243	197	22
262	57	17
81	115	7
299	196	22
228	117	6
275	28	16
449	51	36
216	209	7
221	354	3
246	223	9
249	105	10
302	76	13
387	334	33
268	251	8
466	60	35
367	268	29
210	57	1
79	297	1
262	251	4
81	206	13
417	76	31
128	25	17
441	70	34
78	269	21
81	95	1
399	106	33
217	261	5
89	323	22
454	69	35
373	59	25
302	249	23
82	193	8
305	247	16
489	82	39
276	71	10
314	254	18
110	348	21
161	242	4
200	328	6
418	259	34
137	377	19
222	1	30
223	2	30
224	2	30
225	3	30
162	2	12
161	3	12
163	2	10
164	2	9
177	2	11
178	2	12
179	2	11
160	3	11
159	4	11
249	3	23
173	4	10
226	4	30
227	5	29
306	5	12
306	6	12
307	6	12
308	7	12
309	8	12
310	9	12
311	10	12
394	5	33
393	6	33
392	7	33
228	6	29
229	7	29
298	7	10
299	7	10
294	8	9
295	8	9
292	9	9
293	9	9
156	10	14
156	11	14
212	10	29
154	11	14
153	12	15
171	11	12
171	12	12
171	13	12
170	14	12
213	11	25
286	11	8
287	11	8
152	12	15
151	13	15
283	12	8
284	12	8
150	13	15
149	14	15
211	13	6
212	13	6
280	13	10
281	13	9
333	13	21
331	14	22
332	14	22
148	14	15
147	15	15
219	14	5
220	15	6
273	14	15
274	14	17
275	14	17
276	14	17
277	14	16
330	14	22
329	15	21
146	15	15
145	16	16
207	15	8
144	16	16
143	17	17
142	17	17
141	18	17
223	17	5
140	18	17
139	19	18
224	18	6
225	19	5
264	18	10
398	18	36
399	18	36
138	19	18
137	20	18
136	20	18
135	21	18
226	20	5
134	21	18
133	22	17
227	21	5
228	22	5
388	22	35
388	23	36
388	24	36
229	23	5
323	23	18
324	24	17
284	25	12
285	25	12
325	25	18
241	26	6
242	26	6
232	27	4
191	29	8
190	30	8
195	29	9
196	29	8
200	29	6
199	30	6
228	29	3
229	29	3
157	32	15
158	32	15
171	32	13
172	32	12
128	33	21
127	34	21
129	33	21
130	33	21
126	34	21
125	35	21
124	35	21
123	36	21
122	36	21
121	37	21
120	37	21
119	38	21
443	37	35
445	37	35
444	38	35
118	38	21
117	39	21
445	39	35
445	40	35
454	40	36
449	41	36
451	41	36
452	41	36
453	41	36
450	42	36
454	42	36
445	41	35
446	41	35
447	41	35
448	41	36
444	42	34
438	45	33
439	45	34
172	46	9
171	47	9
174	46	9
175	46	9
428	46	33
430	46	33
429	47	33
442	46	34
170	47	11
169	48	12
422	47	29
423	47	30
424	47	30
443	47	34
417	48	29
418	48	29
444	48	35
208	50	2
373	50	24
372	51	24
374	50	25
375	50	25
379	50	26
380	51	28
412	51	29
413	51	29
114	53	19
114	54	19
114	55	19
115	55	19
159	53	12
158	54	13
157	55	12
218	53	4
216	54	5
217	54	5
258	54	9
259	54	9
116	55	18
117	55	18
118	55	18
119	55	18
155	55	12
156	55	11
160	55	7
161	56	7
162	56	7
242	55	8
242	56	9
407	55	30
408	55	30
408	56	30
409	57	30
112	56	19
113	56	19
165	56	7
166	57	7
167	57	7
245	58	13
267	58	17
321	58	16
322	58	16
372	58	24
308	59	21
270	60	15
398	60	28
399	60	29
250	61	11
271	61	13
272	61	12
268	62	9
269	62	10
383	62	26
384	62	26
404	64	28
315	65	20
316	66	18
317	66	18
315	67	17
405	65	27
406	66	27
313	68	17
314	68	17
328	68	16
311	69	17
312	69	17
330	71	18
331	71	18
255	72	3
257	72	4
256	73	4
329	72	18
421	72	27
422	72	27
213	73	5
214	73	5
215	73	5
241	73	7
242	73	7
328	73	19
400	73	26
401	73	26
236	74	7
237	74	6
412	74	31
413	74	32
414	74	30
426	74	30
427	74	29
439	74	31
439	75	32
205	75	3
206	76	3
325	75	20
324	76	19
428	75	29
428	76	29
208	76	3
437	76	30
440	76	32
159	77	2
160	77	2
198	77	6
199	77	6
322	77	19
321	78	19
323	77	19
430	77	30
485	77	38
86	78	18
85	79	14
87	78	19
88	78	18
193	78	6
192	79	6
425	78	29
426	78	29
427	78	29
433	78	30
434	78	30
84	79	9
83	80	5
320	79	17
484	79	39
485	79	39
483	80	38
188	80	5
187	81	4
319	80	16
487	80	38
487	81	38
488	81	38
481	81	38
482	81	38
207	82	4
203	83	4
207	83	4
204	84	4
207	84	4
205	85	4
207	85	4
206	86	4
446	82	33
449	82	34
450	82	34
451	82	34
452	82	34
479	82	37
483	82	38
171	83	3
183	83	3
182	84	3
456	83	34
457	83	34
478	83	37
80	84	1
81	85	1
468	85	36
467	86	36
81	86	1
82	87	1
178	86	2
177	87	1
496	87	39
497	87	39
82	88	1
83	89	1
470	88	36
470	89	36
479	88	37
479	89	38
162	89	1
163	89	2
173	89	2
173	91	2
206	89	7
205	90	6
206	91	6
207	92	5
84	90	1
83	91	4
204	91	4
203	92	4
202	93	6
201	94	6
178	95	3
80	96	2
81	97	3
172	97	2
171	98	2
81	98	3
82	99	3
170	98	3
169	99	3
182	98	3
183	99	2
477	98	38
168	99	3
167	100	2
211	99	13
211	100	15
211	101	14
478	99	38
83	100	3
84	100	3
82	101	3
166	100	1
165	101	1
184	100	2
276	100	10
276	101	10
276	102	10
276	103	10
276	104	10
276	105	10
275	106	9
277	106	9
407	100	34
408	100	35
479	100	38
185	101	2
406	101	33
407	102	33
407	103	33
480	101	38
162	102	1
163	102	1
186	102	2
211	102	14
212	103	14
213	104	14
231	102	7
232	102	8
233	102	8
481	102	38
187	103	2
230	103	5
404	103	33
405	104	33
405	105	33
406	105	33
482	103	39
228	104	5
227	105	4
248	104	7
280	105	9
281	105	9
284	105	11
285	105	11
226	106	3
302	106	14
303	106	14
306	106	13
306	109	13
225	107	2
253	107	7
271	107	9
272	107	8
307	107	13
307	108	13
308	108	13
194	108	3
195	109	4
224	108	2
268	108	8
269	108	9
310	108	13
311	109	13
78	109	12
78	110	10
79	111	10
190	109	4
189	110	4
223	109	2
253	109	5
252	110	5
255	109	4
256	109	4
251	110	6
250	111	6
318	110	16
319	110	16
337	110	20
338	110	20
341	110	22
342	110	22
432	110	36
433	110	37
363	111	30
393	111	28
394	111	29
431	111	36
430	112	36
79	112	10
80	113	9
184	112	2
247	112	7
248	112	6
364	112	31
382	112	28
383	112	27
346	113	22
346	114	22
366	113	31
367	113	30
204	114	5
205	114	4
411	114	33
412	114	33
430	114	36
431	115	37
82	115	6
83	115	6
164	115	2
165	115	2
166	115	2
167	115	2
218	115	6
219	115	5
236	115	4
235	116	5
347	115	22
372	115	27
373	116	27
373	117	27
377	115	27
377	116	27
410	115	33
409	116	33
348	116	23
370	116	27
371	116	27
374	119	28
431	116	37
432	117	37
231	117	5
232	117	5
349	117	24
350	118	25
433	118	38
351	119	25
410	119	34
410	120	34
391	121	34
392	121	34
393	121	34
411	121	34
77	123	23
77	124	22
78	125	20
416	123	35
405	124	35
405	125	35
405	126	35
404	127	35
415	124	35
415	125	35
78	126	18
79	127	16
79	128	14
80	129	13
179	128	4
180	128	4
80	130	13
81	131	13
288	130	18
82	132	13
163	132	3
224	132	5
223	133	5
225	132	5
226	132	5
285	132	14
284	133	14
284	134	14
285	135	14
81	133	15
189	133	4
190	133	4
208	133	4
209	133	4
202	134	4
203	134	4
213	134	3
221	134	5
220	135	4
218	137	6
216	135	3
217	135	3
242	135	11
243	136	11
278	135	13
279	136	13
267	136	8
266	137	8
269	136	9
270	136	9
281	136	14
281	137	14
281	138	14
381	136	32
382	136	33
244	137	8
78	138	31
78	139	31
218	138	8
258	138	8
257	139	7
288	139	14
78	140	21
79	141	16
248	140	8
262	140	9
262	141	9
289	140	14
245	141	15
244	142	16
290	141	14
79	142	16
80	143	16
165	142	3
165	143	3
165	144	3
165	145	3
165	146	3
166	148	3
167	148	3
168	148	3
243	142	16
242	143	15
241	143	11
240	144	9
80	144	16
81	145	15
173	145	5
175	145	5
174	146	6
215	145	7
215	146	7
81	146	14
82	147	14
417	146	37
232	147	7
231	148	6
305	147	21
307	147	22
306	148	21
82	148	14
83	149	16
202	148	4
200	149	3
201	149	4
205	148	4
206	148	4
196	149	4
197	149	3
198	149	3
199	149	3
225	149	4
226	149	5
227	149	5
306	149	20
83	150	20
84	151	24
305	151	20
84	152	26
85	153	24
160	152	3
159	153	3
265	152	17
266	153	17
302	152	18
303	152	18
85	154	19
86	155	17
279	154	21
280	154	21
159	158	4
159	159	4
160	160	4
187	159	20
188	159	20
186	160	20
348	161	26
347	162	25
329	162	27
328	163	28
331	162	25
332	162	25
334	162	25
335	162	25
325	165	30
324	166	31
324	167	30
165	167	7
166	168	7
319	168	29
320	169	29
317	170	29
321	170	29
318	171	29
320	171	29
319	172	29
78	170	14
79	171	12
167	170	7
167	171	6
79	172	10
80	173	10
167	172	5
168	173	5
169	174	5
80	174	10
81	175	10
170	175	5
171	175	5
170	176	5
182	175	5
81	176	10
82	177	11
182	176	5
182	177	6
182	178	6
182	179	6
238	177	15
238	178	14
237	179	14
239	179	13
315	177	30
312	179	22
311	180	22
241	180	13
242	181	13
314	180	24
315	181	25
184	181	6
185	182	6
243	182	12
308	182	22
309	182	22
170	183	4
170	184	4
169	185	4
169	186	4
169	187	4
169	188	4
170	190	4
171	190	4
307	183	22
78	184	6
78	185	5
319	184	26
354	184	32
353	185	32
358	184	32
359	184	33
186	185	5
185	186	5
320	185	26
205	186	5
204	187	5
303	186	18
302	187	16
334	186	27
335	186	27
358	186	32
329	187	28
330	187	28
359	187	33
271	188	16
245	189	22
245	190	22
272	189	15
175	190	3
176	190	4
298	190	14
297	191	15
297	192	14
165	192	4
164	193	3
244	192	22
243	193	23
242	194	23
278	192	15
295	192	13
296	192	14
290	193	14
291	193	13
84	197	20
83	198	6
209	197	5
209	198	5
209	199	5
209	200	5
209	201	5
209	202	5
209	203	5
209	204	5
209	205	5
229	200	11
227	202	11
403	200	35
404	200	35
230	201	13
227	203	13
227	204	14
192	203	5
190	204	4
191	204	5
197	203	5
198	203	5
242	203	10
242	204	9
241	205	9
242	205	9
265	203	18
264	204	19
187	204	3
185	205	3
186	205	3
211	205	5
210	206	5
263	205	19
306	205	24
393	205	31
392	206	30
394	205	32
395	206	33
399	205	33
399	206	33
179	206	5
177	207	5
178	207	5
182	206	4
183	206	4
236	206	12
235	207	11
237	206	11
167	207	4
168	207	3
172	207	3
171	208	4
388	207	29
389	207	29
233	208	8
232	209	8
261	208	11
261	209	9
260	210	9
261	211	9
249	209	10
381	209	28
382	209	28
217	210	7
230	210	8
229	211	8
379	210	27
380	210	28
389	211	30
390	211	31
374	212	26
375	212	26
388	212	30
225	213	10
225	214	11
225	215	10
77	214	12
77	215	13
266	215	19
267	216	19
366	216	24
367	216	24
329	217	19
330	217	19
361	217	24
362	217	24
281	218	10
282	218	11
294	220	17
158	221	2
159	221	2
248	222	9
247	223	9
81	223	19
82	223	17
188	223	3
189	223	3
225	223	2
225	224	2
182	224	3
183	224	3
180	225	3
181	225	3
242	226	4
241	227	4
230	227	6
231	227	6
78	228	9
78	229	9
174	229	3
175	230	3
173	230	3
239	230	7
240	231	6
241	234	5
242	234	6
243	235	6
328	234	23
330	234	23
329	235	23
334	234	23
335	234	24
165	235	3
163	236	3
164	236	3
338	235	25
338	236	25
325	236	24
326	236	24
244	237	8
244	238	8
244	239	8
244	240	7
322	238	23
323	238	24
257	239	6
256	240	7
258	239	6
319	239	22
320	239	23
242	240	5
243	240	6
255	240	8
254	241	8
263	240	8
315	240	22
316	240	21
364	240	26
365	240	27
383	240	31
383	241	30
264	242	11
265	243	12
311	242	16
312	242	18
310	243	15
383	243	30
383	244	29
378	244	26
377	245	25
307	245	14
308	245	14
344	245	19
345	245	20
380	245	26
381	245	26
382	245	27
384	245	28
385	245	27
392	245	29
392	249	29
393	245	29
393	250	29
396	246	30
397	246	30
398	246	30
399	246	30
399	247	30
398	248	30
207	247	5
206	248	5
204	248	6
205	248	5
242	248	5
243	248	6
303	248	18
366	248	26
365	249	27
368	248	25
369	248	26
234	249	5
235	249	5
236	249	6
237	249	6
240	249	3
241	249	4
257	249	5
200	250	5
199	251	4
308	250	14
394	250	30
395	250	31
82	251	30
260	251	5
297	251	17
362	251	28
361	252	27
163	252	3
164	253	4
195	253	5
194	254	5
195	255	4
360	253	27
307	254	15
308	254	15
353	254	25
354	254	25
188	255	4
189	255	4
190	255	4
191	255	4
320	255	17
321	255	17
373	255	30
371	256	30
372	256	30
373	257	30
344	256	23
342	257	23
343	257	23
346	256	26
347	256	26
360	256	26
172	257	5
173	257	5
171	258	5
198	257	4
286	257	11
285	258	12
361	257	26
78	258	9
79	259	9
241	258	4
242	258	5
243	258	5
311	258	26
312	258	23
362	258	26
367	258	28
368	258	29
369	258	29
169	259	5
168	260	4
310	259	27
308	260	27
309	260	28
231	260	3
232	260	3
306	260	26
307	260	26
282	261	11
281	262	11
305	261	25
412	261	33
412	262	33
165	262	3
166	262	3
166	263	3
166	264	3
316	262	26
315	263	27
314	264	26
363	262	26
363	263	26
81	263	12
82	263	11
279	263	12
278	264	13
166	265	3
166	266	3
166	267	3
166	268	3
300	266	15
299	267	15
298	268	15
298	269	15
298	270	15
311	268	25
289	269	14
290	269	13
310	269	26
167	270	3
167	271	3
167	272	3
167	273	3
298	271	16
298	272	17
76	272	12
77	273	11
207	274	9
206	275	9
210	274	7
211	274	8
212	274	8
200	276	5
201	276	5
199	277	4
216	276	7
265	276	15
263	277	14
264	277	16
198	277	4
197	278	4
260	277	9
259	278	9
239	278	6
238	279	6
187	279	4
188	279	4
274	279	11
275	279	11
193	280	4
193	281	4
193	282	4
235	280	5
236	280	5
304	280	20
303	281	20
81	281	19
82	281	17
158	281	3
159	281	3
210	281	10
208	282	12
209	282	12
302	281	20
301	282	20
242	282	6
207	283	12
300	283	19
316	283	20
317	283	20
161	286	3
161	287	3
78	288	5
79	289	5
161	288	2
161	289	2
295	288	16
235	289	18
236	289	17
234	290	17
79	290	5
80	291	5
161	290	2
338	290	21
337	291	22
233	291	18
162	292	2
163	292	2
164	293	2
181	292	4
181	293	3
181	294	3
181	295	3
195	292	5
194	293	5
195	293	5
82	293	4
83	293	4
202	293	6
201	294	5
201	295	5
299	293	19
167	294	4
168	294	4
190	294	5
189	295	4
191	294	5
192	294	4
196	294	5
197	295	5
182	296	3
229	297	13
229	298	11
229	299	10
314	297	22
315	297	22
331	299	20
263	301	10
262	302	10
263	302	10
77	302	3
78	303	3
203	302	9
261	302	7
260	303	6
204	303	11
204	304	13
204	305	13
259	303	6
258	304	6
264	303	9
204	306	13
205	307	13
205	308	11
235	307	9
249	308	7
250	308	8
205	309	9
205	310	7
206	312	7
207	312	7
245	309	6
246	309	6
247	309	6
248	309	6
252	309	7
252	310	7
252	311	7
252	312	7
269	309	12
190	310	3
219	311	6
218	312	6
202	312	5
203	312	5
220	312	4
220	313	4
220	314	4
213	313	4
214	313	4
365	314	22
363	315	22
364	315	22
369	314	22
370	314	22
371	314	22
372	314	23
373	314	24
374	314	25
375	314	25
376	314	25
377	314	25
378	314	25
379	314	26
380	314	26
220	315	5
221	316	6
386	315	27
387	315	27
390	315	30
391	316	30
362	316	22
392	316	30
393	316	31
222	317	9
359	318	21
360	318	22
174	323	7
175	323	7
252	323	5
252	324	6
253	325	6
254	325	5
324	323	19
325	323	18
366	323	30
363	324	28
363	325	30
362	326	30
362	327	30
362	328	30
283	326	15
284	326	15
287	326	14
249	327	5
248	328	5
235	328	5
236	328	5
302	328	14
366	328	31
363	329	30
364	329	31
365	329	31
303	329	14
244	330	6
245	330	6
304	330	14
359	330	29
360	330	29
305	331	15
358	331	29
357	332	29
282	333	16
281	334	16
308	333	16
242	334	4
233	335	3
232	336	3
279	335	12
278	336	11
251	336	5
252	337	5
353	336	28
231	337	3
230	338	4
352	337	27
222	338	3
223	338	3
253	338	4
271	338	11
273	338	10
272	339	10
274	338	10
275	338	10
106	339	22
107	339	20
105	340	22
105	341	20
215	339	4
216	339	4
229	339	4
229	340	5
229	341	5
258	339	10
257	340	10
262	339	6
264	339	9
263	340	6
265	339	15
266	339	18
210	340	5
211	340	4
254	340	10
255	340	8
253	341	9
205	341	4
206	341	5
207	341	5
202	342	3
201	343	3
252	342	9
250	343	9
251	343	9
353	343	26
354	344	27
200	344	4
200	345	5
200	346	5
243	345	7
247	345	8
244	346	7
245	346	7
246	346	7
357	346	28
241	347	7
242	347	7
242	348	7
231	348	7
232	349	7
240	348	8
242	349	7
226	351	6
225	352	6
244	352	9
245	353	9
223	353	5
222	354	5
158	354	9
159	354	9
160	354	9
161	354	9
200	354	7
201	354	8
202	355	7
220	355	2
219	356	2
215	357	4
216	357	4
218	359	7
252	359	11
290	365	15
290	366	16
291	367	16
217	367	7
159	368	15
160	368	17
282	368	13
283	368	13
262	369	9
261	370	10
263	369	9
264	369	9
276	369	10
277	369	11
267	370	8
268	370	8
259	371	11
258	372	9
315	374	21
314	375	21
315	375	21
246	375	10
245	376	9
316	376	22
238	379	7
230	382	7
229	383	7
231	382	7
232	382	8
227	384	10
226	385	11
236	384	9
385	384	31
385	385	31
385	386	31
386	386	31
387	386	31
382	387	30
384	387	31
383	388	31
224	386	7
223	387	6
224	388	7
220	388	8
221	388	6
376	388	29
377	388	29
379	388	29
380	388	29
368	390	26
369	390	26
344	392	23
345	392	23
241	393	9
242	393	8

