0 11
0 16
0 17
0 21
0 23
0 24
0 689
0 690
0 695
0 696
0 718
0 719
1 7
1 11
1 20
1 712
1 713
1 714
2 7
2 11
2 18
2 19
2 20
2 21
2 22
2 24
2 710
2 711
2 715
3 5
3 8
3 12
3 13
3 705
3 707
3 716
4 5
4 8
4 25
4 26
4 28
4 706
5 8
5 17
5 24
5 28
6 18
6 19
6 20
6 23
6 29
6 30
6 31
6 32
6 33
6 34
6 35
6 36
6 37
6 38
6 39
6 40
6 41
6 42
6 43
6 44
6 202
6 203
6 204
6 205
6 291
6 292
6 293
6 294
6 295
6 296
6 297
6 298
6 299
6 300
6 301
6 302
6 303
6 304
6 305
6 693
6 694
6 695
6 696
6 704
7 21
7 22
7 29
7 45
7 46
7 47
7 48
7 49
7 50
7 51
7 52
7 53
7 54
7 80
7 81
7 82
7 182
7 183
7 184
7 185
7 186
7 187
7 188
7 189
7 190
7 191
7 192
7 193
7 194
7 195
7 196
7 201
7 206
7 239
7 240
7 241
7 242
7 243
7 244
7 245
7 246
7 247
7 270
7 271
7 272
7 273
7 274
7 275
7 276
7 277
7 278
7 279
7 288
7 289
7 290
7 306
7 316
7 317
7 318
7 319
7 320
7 321
7 322
7 323
7 334
7 335
7 336
7 337
7 338
7 339
7 340
7 355
7 356
7 357
7 358
7 359
7 360
7 361
7 362
7 363
7 364
7 365
7 366
7 367
7 368
7 369
7 370
7 371
7 372
7 400
7 401
7 402
7 403
7 404
7 405
7 406
7 407
7 408
7 424
7 425
7 426
7 427
7 428
7 429
7 480
7 481
7 482
7 483
7 484
7 485
7 486
7 487
7 678
7 679
7 680
7 681
7 682
7 683
7 684
7 685
7 686
7 687
7 688
7 689
7 704
8 21
8 29
8 55
8 56
8 57
8 58
8 59
8 60
8 61
8 62
8 63
8 64
8 65
8 66
8 67
8 68
8 69
8 70
8 71
8 72
8 73
8 74
8 75
8 76
8 77
8 78
8 79
8 83
8 84
8 85
8 86
8 87
8 88
8 89
8 90
8 91
8 92
8 93
8 94
8 95
8 96
8 97
8 98
8 99
8 101
8 102
8 103
8 104
8 105
8 106
8 107
8 108
8 109
8 148
8 149
8 150
8 151
8 152
8 153
8 154
8 155
8 156
8 157
8 158
8 181
8 197
8 198
8 199
8 200
8 207
8 209
8 210
8 211
8 212
8 213
8 214
8 215
8 216
8 217
8 218
8 219
8 220
8 221
8 222
8 223
8 224
8 225
8 226
8 227
8 228
8 236
8 237
8 238
8 248
8 249
8 250
8 266
8 267
8 268
8 269
8 280
8 287
8 307
8 315
8 324
8 325
8 326
8 327
8 328
8 329
8 330
8 331
8 332
8 333
8 341
8 342
8 343
8 344
8 351
8 352
8 353
8 354
8 373
8 374
8 375
8 376
8 377
8 393
8 394
8 399
8 409
8 410
8 418
8 419
8 420
8 421
8 422
8 423
8 430
8 431
8 432
8 433
8 441
8 442
8 443
8 444
8 445
8 446
8 447
8 448
8 449
8 450
8 451
8 452
8 453
8 454
8 455
8 456
8 457
8 458
8 459
8 477
8 478
8 479
8 488
8 489
8 499
8 500
8 501
8 502
8 503
8 504
8 505
8 506
8 507
8 508
8 509
8 510
8 511
8 512
8 513
8 514
8 515
8 516
8 527
8 528
8 534
8 535
8 536
8 537
8 538
8 543
8 547
8 548
8 549
8 550
8 551
8 552
8 553
8 554
8 555
8 556
8 557
8 558
8 559
8 668
8 669
8 670
8 671
8 672
8 673
8 674
8 675
8 676
8 677
8 690
8 703
8 706
9 21
9 29
9 100
9 110
9 111
9 112
9 113
9 114
9 115
9 116
9 117
9 118
9 119
9 120
9 121
9 122
9 123
9 124
9 125
9 126
9 134
9 135
9 136
9 137
9 138
9 139
9 140
9 141
9 142
9 143
9 144
9 145
9 146
9 147
9 159
9 180
9 200
9 208
9 229
9 230
9 234
9 235
9 251
9 252
9 253
9 256
9 257
9 258
9 259
9 265
9 281
9 286
9 308
9 313
9 314
9 345
9 346
9 349
9 350
9 378
9 379
9 384
9 385
9 386
9 387
9 388
9 389
9 390
9 391
9 392
9 411
9 412
9 416
9 417
9 434
9 435
9 440
9 460
9 461
9 462
9 463
9 464
9 465
9 466
9 467
9 468
9 469
9 470
9 471
9 472
9 473
9 475
9 476
9 490
9 491
9 496
9 497
9 498
9 517
9 518
9 519
9 520
9 521
9 522
9 523
9 524
9 525
9 526
9 539
9 540
9 542
9 544
9 545
9 546
9 560
9 561
9 562
9 563
9 564
9 565
9 566
9 567
9 568
9 569
9 570
9 571
9 572
9 573
9 574
9 575
9 576
9 577
9 578
9 579
9 580
9 581
9 582
9 583
9 584
9 585
9 586
9 587
9 588
9 589
9 590
9 591
9 592
9 593
9 594
9 595
9 596
9 597
9 598
9 599
9 600
9 601
9 602
9 603
9 604
9 605
9 606
9 607
9 608
9 610
9 611
9 612
9 613
9 614
9 615
9 616
9 617
9 618
9 619
9 620
9 621
9 622
9 623
9 624
9 625
9 626
9 627
9 628
9 629
9 630
9 631
9 632
9 633
9 634
9 635
9 636
9 637
9 638
9 639
9 640
9 641
9 642
9 643
9 644
9 645
9 646
9 647
9 648
9 649
9 650
9 651
9 652
9 653
9 654
9 655
9 656
9 657
9 658
9 659
9 660
9 667
9 690
9 702
9 703
9 705
10 21
10 22
10 29
10 133
10 160
10 175
10 176
10 178
10 179
10 200
10 207
10 231
10 232
10 233
10 254
10 255
10 265
10 282
10 285
10 309
10 312
10 347
10 348
10 380
10 381
10 382
10 383
10 413
10 414
10 415
10 436
10 438
10 439
10 474
10 492
10 493
10 494
10 495
10 541
10 542
10 543
10 609
10 661
10 666
10 691
10 692
10 693
10 694
10 695
10 701
10 704
11 7
11 8
11 9
11 20
11 23
11 24
11 28
11 132
11 161
11 164
11 165
11 166
11 167
11 168
11 169
11 170
11 171
11 172
11 173
11 174
11 177
11 200
11 207
11 283
11 284
11 310
11 311
11 437
11 662
11 663
11 665
11 696
11 697
11 698
11 699
11 700
12 20
12 25
12 26
12 27
12 132
12 162
12 163
12 177
12 200
12 207
12 283
12 310
12 437
12 700
13 20
13 26
13 162
13 177
13 201
13 206
13 283
13 310
13 437
13 701
14 12
14 19
14 27
14 162
14 178
14 202
14 203
14 204
14 205
14 284
14 310
15 12
15 27
15 162
15 284
15 310
16 10
16 11
16 12
16 15
16 27
16 162
16 284
16 310
16 705
17 13
17 16
17 162
17 284
17 311
17 703
18 13
18 16
18 162
18 284
18 703
19 161
19 283
19 703
20 703
22 16
22 17
22 699
24 17
24 702
25 18
26 19
26 706
29 20
29 21
29 22
29 699
29 700
29 701
29 708
29 709
29 713
30 11
30 12
30 13
31 701
33 713
34 711
34 714
34 715
36 717
38 22
39 22
39 23
40 10
40 11
40 16
40 21
41 17
41 18
41 19
41 20
41 21
41 22
41 23
41 703
41 715
41 716
42 13
42 20
42 28
42 703
42 717
43 6
43 7
43 11
43 19
43 702
43 718
43 719
44 19
45 0
46 0
46 704
46 706
46 707
46 708
46 714
46 717
46 718
46 719
46 720
47 703
47 715
47 716
48 4
48 703
49 3
50 3
53 15
53 16
53 17
54 7
55 7
55 719
55 720
56 18
56 19
56 20
57 11
58 713
59 0
59 4
59 5
60 0
60 8
60 9
61 0
61 2
61 718
62 2
63 2
73 0
74 0
142 0
143 0
143 3
143 4
143 11
144 17
145 1
145 2
145 3
145 4
146 5
146 6
146 22
146 23
146 24
146 25
146 27
147 7
147 14
147 21
148 7
148 10
148 11
148 12
148 13
148 15
148 19
148 20
148 30
149 8
149 9
149 11
149 14
149 15
149 16
149 17
149 18
149 31
150 8
150 11
150 31
151 0
151 8
151 11
151 31
152 8
152 9
152 10
153 5
153 6
153 7
153 30
154 29
155 28
156 27
157 24
157 25
157 26
158 7
158 8
158 9
158 10
158 11
158 12
158 13
158 14
158 15
158 16
158 17
158 18
158 19
158 20
158 21
158 22
158 23
159 0
159 1
159 2
159 3
159 4
159 5
159 6
471 345
471 346
557 680
557 681
557 700
557 701
558 679
558 699
559 685
561 680
561 681
561 693
562 685
563 686
564 686
565 682
565 686
566 682
566 687
566 688
566 689
567 716
568 677
568 707
568 708
568 710
568 716
569 716
570 716
571 680
571 681
571 716
572 691
572 692
572 716
573 689
573 690
573 717
575 681
576 680
576 693
576 694
577 680
577 709
577 710
577 711
578 676
578 685
579 684
579 705
580 678
580 679
580 712
581 674
581 675
581 708
581 709
581 712
581 717
582 685
582 686
582 687
583 684
584 678
584 688
585 678
585 688
586 679
586 680
586 683
587 683
588 689
589 688
590 684
590 687
590 713
591 687
592 664
592 669
592 686
592 691
592 713
593 665
593 674
593 686
593 713
594 678
594 687
594 695
594 700
594 701
594 702
594 716
595 678
595 687
595 695
596 687
596 694
597 666
597 669
597 672
597 675
598 664
598 669
598 707
599 661
599 707
601 675
601 676
603 667
