0 23
0 689
0 710
0 711
0 714
0 715
0 716
1 11
1 14
1 15
1 22
1 709
2 12
2 13
2 18
2 19
2 20
2 21
2 25
2 707
2 708
3 1
3 7
3 26
3 28
3 706
3 717
3 718
4 1
4 26
4 28
4 711
4 715
4 716
5 23
5 24
5 25
5 29
5 49
5 50
5 51
5 52
5 53
5 149
5 150
5 151
5 152
5 153
5 719
6 1
6 2
6 10
6 18
6 19
6 20
6 21
6 22
6 29
6 48
6 54
6 82
6 83
6 84
6 85
6 86
6 87
6 88
6 89
6 90
6 91
6 92
6 93
6 94
6 95
6 96
6 97
6 98
6 99
6 121
6 122
6 123
6 124
6 125
6 126
6 127
6 132
6 147
6 148
6 154
6 155
6 156
6 157
6 177
6 178
6 179
6 180
6 233
6 234
6 235
6 236
6 237
6 371
6 372
6 373
6 374
6 614
6 615
6 616
6 617
6 618
6 619
6 620
6 621
6 671
6 672
6 673
6 680
6 681
6 682
6 705
6 713
7 10
7 11
7 12
7 21
7 30
7 36
7 37
7 38
7 39
7 40
7 41
7 42
7 43
7 44
7 45
7 46
7 47
7 54
7 55
7 56
7 57
7 58
7 59
7 60
7 61
7 62
7 63
7 64
7 65
7 66
7 67
7 68
7 72
7 73
7 74
7 75
7 76
7 81
7 100
7 101
7 102
7 103
7 120
7 128
7 133
7 146
7 158
7 159
7 176
7 181
7 210
7 211
7 212
7 213
7 214
7 215
7 216
7 217
7 218
7 219
7 220
7 221
7 222
7 223
7 224
7 225
7 226
7 227
7 228
7 229
7 230
7 231
7 232
7 238
7 239
7 240
7 241
7 242
7 243
7 244
7 245
7 246
7 247
7 248
7 249
7 250
7 251
7 252
7 253
7 254
7 255
7 256
7 257
7 258
7 259
7 260
7 350
7 351
7 352
7 353
7 354
7 355
7 356
7 357
7 358
7 359
7 360
7 361
7 362
7 363
7 364
7 365
7 366
7 367
7 368
7 369
7 370
7 375
7 376
7 377
7 378
7 379
7 380
7 381
7 382
7 383
7 384
7 385
7 386
7 387
7 388
7 389
7 390
7 391
7 394
7 395
7 439
7 440
7 441
7 442
7 443
7 444
7 445
7 446
7 513
7 514
7 515
7 516
7 517
7 572
7 573
7 574
7 575
7 576
7 613
7 622
7 669
7 670
7 683
7 704
7 708
7 709
7 713
8 7
8 10
8 21
8 31
8 34
8 35
8 47
8 54
8 65
8 69
8 70
8 71
8 77
8 80
8 104
8 119
8 128
8 134
8 145
8 160
8 175
8 182
8 196
8 197
8 198
8 199
8 200
8 201
8 202
8 203
8 204
8 205
8 206
8 207
8 208
8 209
8 266
8 267
8 268
8 269
8 270
8 271
8 272
8 273
8 274
8 275
8 276
8 277
8 278
8 342
8 343
8 344
8 345
8 346
8 347
8 348
8 349
8 392
8 393
8 401
8 438
8 447
8 448
8 449
8 450
8 451
8 452
8 453
8 454
8 455
8 512
8 518
8 539
8 540
8 541
8 542
8 543
8 544
8 545
8 546
8 547
8 548
8 549
8 550
8 551
8 552
8 571
8 577
8 612
8 623
8 647
8 648
8 649
8 650
8 651
8 652
8 653
8 654
8 655
8 656
8 657
8 658
8 659
8 660
8 661
8 668
8 684
8 703
8 721
9 7
9 9
9 15
9 21
9 32
9 33
9 48
9 49
9 50
9 51
9 52
9 53
9 65
9 70
9 78
9 79
9 105
9 117
9 118
9 135
9 144
9 161
9 174
9 183
9 193
9 194
9 195
9 279
9 280
9 281
9 282
9 283
9 284
9 340
9 341
9 402
9 403
9 436
9 437
9 456
9 511
9 519
9 536
9 537
9 538
9 553
9 554
9 555
9 556
9 557
9 558
9 570
9 578
9 611
9 624
9 638
9 639
9 640
9 641
9 642
9 643
9 644
9 645
9 646
9 662
9 667
9 685
9 702
9 721
10 7
10 9
10 20
10 21
10 32
10 65
10 70
10 78
10 106
10 116
10 136
10 143
10 162
10 173
10 184
10 192
10 285
10 339
10 404
10 432
10 433
10 434
10 435
10 437
10 457
10 510
10 520
10 535
10 559
10 569
10 579
10 610
10 625
10 633
10 634
10 635
10 636
10 637
10 667
10 685
10 701
11 8
11 9
11 10
11 11
11 19
11 22
11 31
11 70
11 78
11 107
11 115
11 137
11 142
11 163
11 172
11 185
11 191
11 286
11 338
11 405
11 431
11 436
11 458
11 509
11 521
11 535
11 560
11 568
11 580
11 609
11 626
11 632
11 637
11 667
11 684
11 701
11 710
12 12
12 18
12 23
12 31
12 70
12 78
12 108
12 114
12 138
12 141
12 164
12 171
12 186
12 190
12 287
12 337
12 402
12 405
12 430
12 439
12 440
12 459
12 508
12 522
12 535
12 561
12 567
12 581
12 608
12 627
12 631
12 638
12 667
12 684
12 700
12 710
13 13
13 17
13 23
13 31
13 70
13 78
13 109
13 112
13 113
13 129
13 139
13 140
13 165
13 170
13 187
13 188
13 189
13 288
13 336
13 401
13 403
13 404
13 405
13 406
13 407
13 429
13 460
13 507
13 523
13 535
13 536
13 557
13 562
13 566
13 582
13 607
13 628
13 629
13 630
13 639
13 667
13 684
13 699
13 700
13 701
13 703
14 24
14 31
14 71
14 77
14 110
14 111
14 130
14 131
14 132
14 139
14 166
14 169
14 188
14 289
14 335
14 400
14 402
14 408
14 428
14 461
14 506
14 523
14 535
14 537
14 556
14 558
14 559
14 560
14 561
14 562
14 563
14 564
14 565
14 583
14 606
14 629
14 640
14 667
14 684
14 699
14 702
14 707
14 713
14 720
15 25
15 31
15 72
15 76
15 110
15 133
15 139
15 167
15 168
15 188
15 290
15 334
15 401
15 409
15 427
15 462
15 505
15 523
15 535
15 536
15 552
15 557
15 564
15 584
15 605
15 629
15 640
15 667
15 684
15 698
15 702
15 712
15 720
16 25
16 31
16 73
16 76
16 84
16 110
16 134
16 135
16 136
16 137
16 138
16 139
16 167
16 188
16 291
16 333
16 410
16 426
16 463
16 474
16 475
16 476
16 477
16 478
16 479
16 480
16 481
16 482
16 483
16 484
16 485
16 486
16 487
16 488
16 489
16 490
16 491
16 492
16 493
16 494
16 504
16 523
16 535
16 552
16 564
16 585
16 604
16 629
16 640
16 667
16 684
16 698
16 701
16 704
16 710
16 711
16 712
16 719
16 720
17 12
17 26
17 31
17 74
17 75
17 76
17 77
17 78
17 79
17 80
17 81
17 82
17 83
17 110
17 140
17 167
17 188
17 292
17 295
17 296
17 297
17 298
17 299
17 300
17 301
17 302
17 303
17 304
17 305
17 306
17 307
17 308
17 309
17 310
17 311
17 312
17 313
17 314
17 315
17 316
17 317
17 318
17 319
17 320
17 321
17 322
17 332
17 411
17 425
17 464
17 473
17 495
17 503
17 523
17 535
17 564
17 586
17 603
17 629
17 640
17 668
17 684
17 699
17 700
17 709
17 713
17 714
17 718
17 721
18 11
18 14
18 15
18 20
18 27
18 31
18 75
18 110
18 140
18 167
18 187
18 293
18 294
18 323
18 324
18 331
18 412
18 424
18 465
18 472
18 495
18 496
18 497
18 498
18 499
18 500
18 501
18 502
18 523
18 534
18 552
18 564
18 587
18 595
18 602
18 629
18 640
18 669
18 684
18 699
18 709
18 715
18 716
18 717
18 721
19 11
19 18
19 28
19 29
19 30
19 31
19 74
19 110
19 141
19 167
19 186
19 293
19 325
19 330
19 413
19 423
19 466
19 471
19 494
19 501
19 523
19 533
19 553
19 554
19 564
19 588
19 594
19 596
19 601
19 628
19 640
19 670
19 684
19 698
19 699
19 709
19 716
19 717
19 718
19 719
19 720
20 11
20 31
20 73
20 109
20 142
20 143
20 144
20 145
20 146
20 147
20 148
20 149
20 150
20 151
20 152
20 153
20 154
20 155
20 156
20 157
20 158
20 159
20 160
20 161
20 162
20 163
20 164
20 165
20 166
20 167
20 168
20 185
20 293
20 326
20 329
20 414
20 422
20 467
20 470
20 493
20 502
20 522
20 532
20 553
20 555
20 564
20 588
20 589
20 590
20 591
20 592
20 593
20 594
20 595
20 596
20 597
20 598
20 599
20 600
20 628
20 640
20 648
20 671
20 683
20 698
20 700
20 709
20 716
20 718
20 720
21 31
21 72
21 109
21 169
21 170
21 171
21 184
21 293
21 327
21 328
21 415
21 421
21 468
21 469
21 492
21 502
21 522
21 531
21 554
21 555
21 556
21 557
21 565
21 587
21 601
21 628
21 639
21 648
21 672
21 673
21 674
21 675
21 676
21 677
21 678
21 679
21 680
21 681
21 682
21 683
21 696
21 697
21 698
21 699
21 710
21 715
21 716
21 717
21 720
22 16
22 21
22 22
22 31
22 71
22 108
22 172
22 183
22 293
22 327
22 416
22 420
22 468
22 491
22 502
22 522
22 530
22 542
22 558
22 566
22 585
22 586
22 602
22 628
22 639
22 648
22 683
22 695
22 700
22 705
22 711
22 712
22 713
22 714
22 717
22 720
23 17
23 18
23 19
23 20
23 23
23 24
23 31
23 71
23 108
23 173
23 182
23 293
23 328
23 417
23 418
23 419
23 468
23 469
23 490
23 502
23 522
23 529
23 541
23 543
23 559
23 567
23 583
23 584
23 603
23 628
23 639
23 648
23 684
23 695
23 704
23 718
23 719
24 32
24 71
24 106
24 107
24 108
24 174
24 181
24 293
24 328
24 418
24 467
24 470
24 489
24 502
24 522
24 528
24 537
24 538
24 539
24 540
24 541
24 542
24 560
24 568
24 582
24 604
24 628
24 638
24 647
24 684
24 694
24 713
24 719
25 32
25 71
25 108
25 175
25 180
25 293
25 328
25 418
25 467
25 471
25 489
25 502
25 522
25 527
25 536
25 554
25 555
25 556
25 557
25 558
25 559
25 560
25 561
25 562
25 563
25 564
25 565
25 566
25 567
25 568
25 581
25 605
25 627
25 637
25 646
25 684
25 693
25 719
26 12
26 31
26 71
26 108
26 176
26 179
26 293
26 328
26 389
26 418
26 467
26 472
26 487
26 488
26 503
26 522
26 526
26 535
26 569
26 580
26 605
26 626
26 627
26 628
26 636
26 645
26 684
26 693
26 719
27 13
27 23
27 31
27 70
27 107
27 177
27 178
27 292
27 328
27 390
27 418
27 467
27 473
27 486
27 488
27 504
27 522
27 525
27 534
27 570
27 579
27 605
27 625
27 629
27 635
27 644
27 685
27 693
27 697
27 713
27 719
28 14
28 23
28 32
28 178
28 292
28 328
28 358
28 391
28 418
28 432
28 433
28 466
28 474
28 487
28 505
28 522
28 524
28 533
28 545
28 571
28 572
28 578
28 605
28 624
28 629
28 634
28 643
28 685
28 693
28 697
28 702
28 703
28 714
28 715
28 716
28 719
29 11
29 14
29 23
29 178
29 291
29 328
29 358
29 392
29 417
29 418
29 419
29 420
29 421
29 422
29 423
29 424
29 425
29 426
29 427
29 428
29 429
29 430
29 431
29 466
29 475
29 506
29 522
29 523
29 532
29 545
29 546
29 573
29 574
29 575
29 576
29 577
29 605
29 623
29 630
29 633
29 642
29 685
29 692
29 713
29 717
29 718
30 178
30 291
30 328
30 358
30 393
30 417
30 466
30 476
30 507
30 521
30 531
30 540
30 541
30 542
30 543
30 544
30 576
30 604
30 605
30 606
30 613
30 614
30 615
30 616
30 617
30 618
30 619
30 620
30 621
30 622
30 631
30 632
30 641
30 686
30 691
30 699
30 706
30 713
30 718
31 178
31 290
31 329
31 358
31 394
31 417
31 465
31 477
31 508
31 520
31 530
31 539
31 576
31 603
31 607
31 612
31 632
31 640
31 686
31 690
31 699
31 712
31 719
32 178
32 290
32 330
32 357
32 395
32 417
32 465
32 478
32 509
32 510
32 519
32 529
32 538
32 576
32 602
32 608
32 611
32 632
32 639
32 687
32 688
32 689
32 690
32 699
32 701
32 702
32 712
32 719
33 178
33 289
33 331
33 356
33 396
33 417
33 465
33 479
33 511
33 518
33 528
33 537
33 576
33 601
33 609
33 610
33 632
33 638
33 690
33 691
33 692
33 693
33 694
33 695
33 700
33 703
33 704
33 710
33 711
33 719
34 22
34 178
34 289
34 332
34 355
34 397
34 417
34 418
34 464
34 480
34 486
34 512
34 513
34 517
34 527
34 536
34 576
34 599
34 600
34 610
34 633
34 637
34 659
34 660
34 690
34 700
34 719
35 179
35 288
35 333
35 354
35 398
35 416
35 419
35 464
35 481
35 486
35 514
35 516
35 526
35 535
35 576
35 598
35 600
35 610
35 634
35 636
35 658
35 690
35 700
35 706
35 707
36 179
36 288
36 334
36 353
36 399
36 415
36 420
36 464
36 482
36 483
36 484
36 485
36 515
36 516
36 525
36 534
36 576
36 599
36 610
36 635
36 636
36 657
36 690
36 694
36 695
37 28
37 29
37 179
37 287
37 288
37 334
37 352
37 400
37 415
37 421
37 463
37 516
37 524
37 533
37 577
37 610
37 621
37 622
37 623
37 624
37 625
37 626
37 627
37 628
37 629
37 630
37 631
37 632
37 633
37 634
37 635
37 636
37 656
37 690
37 693
38 16
38 20
38 179
38 255
38 286
38 289
38 335
38 351
38 401
38 414
38 422
38 463
38 516
38 523
38 532
38 577
38 610
38 620
38 622
38 636
38 655
38 690
38 693
38 712
39 23
39 24
39 180
39 256
39 286
39 290
39 336
39 350
39 402
39 414
39 423
39 464
39 516
39 522
39 531
39 577
39 610
39 619
39 620
39 621
39 636
39 654
39 690
39 712
39 721
40 25
40 180
40 257
40 285
40 291
40 336
40 349
40 403
40 413
40 424
40 464
40 516
40 521
40 530
40 577
40 611
40 618
40 637
40 653
40 697
40 713
40 721
41 6
41 19
41 25
41 180
41 258
41 285
41 292
41 336
41 348
41 404
41 413
41 425
41 464
41 516
41 520
41 529
41 577
41 612
41 617
41 638
41 652
41 707
41 713
41 721
42 6
42 25
42 181
42 259
42 284
42 293
42 337
42 347
42 405
42 412
42 426
42 464
42 517
42 518
42 519
42 528
42 577
42 612
42 616
42 638
42 651
42 691
42 703
42 707
42 714
42 721
43 24
43 181
43 260
43 284
43 294
43 337
43 346
43 406
43 412
43 427
43 464
43 518
43 527
43 577
43 612
43 615
43 638
43 650
43 692
43 708
43 711
43 716
44 182
44 261
44 283
44 295
44 337
44 345
44 407
44 411
44 428
44 429
44 430
44 431
44 432
44 433
44 434
44 435
44 436
44 437
44 464
44 518
44 526
44 577
44 613
44 614
44 638
44 649
44 709
44 710
45 182
45 262
45 282
45 296
45 297
45 298
45 299
45 300
45 301
45 302
45 303
45 304
45 305
45 338
45 344
45 408
45 409
45 410
45 464
45 519
45 525
45 577
45 614
45 638
45 648
45 709
45 719
46 14
46 182
46 263
46 282
46 338
46 343
46 410
46 464
46 519
46 524
46 578
46 579
46 580
46 581
46 582
46 583
46 584
46 585
46 586
46 587
46 588
46 589
46 590
46 591
46 592
46 593
46 594
46 595
46 596
46 597
46 598
46 599
46 614
46 638
46 647
46 693
46 699
46 709
46 719
47 183
47 195
47 196
47 264
47 282
47 338
47 342
47 410
47 463
47 519
47 523
47 578
47 615
47 638
47 646
47 694
47 695
47 696
47 709
47 714
47 720
48 183
48 186
48 187
48 188
48 189
48 190
48 191
48 192
48 193
48 194
48 265
48 281
48 339
48 340
48 341
48 410
48 463
48 519
48 522
48 578
48 616
48 617
48 618
48 638
48 639
48 640
48 641
48 642
48 645
48 705
48 709
48 714
48 718
48 719
49 184
49 185
49 266
49 281
49 341
49 410
49 463
49 520
49 521
49 579
49 619
49 620
49 637
49 643
49 644
49 700
49 701
49 702
49 705
49 709
49 715
49 716
49 717
50 184
50 267
50 280
50 340
50 410
50 463
50 520
50 579
50 621
50 622
50 623
50 624
50 625
50 626
50 636
50 645
50 704
50 709
51 5
51 15
51 184
51 268
51 280
51 340
51 410
51 463
51 521
51 579
51 580
51 581
51 582
51 583
51 584
51 585
51 586
51 587
51 588
51 589
51 590
51 591
51 592
51 593
51 594
51 595
51 596
51 597
51 598
51 627
51 628
51 629
51 635
51 645
52 5
52 15
52 184
52 269
52 279
52 341
52 410
52 463
52 521
52 579
52 630
52 631
52 632
52 633
52 634
52 645
52 720
53 16
53 17
53 18
53 183
53 270
53 279
53 341
53 409
53 463
53 521
53 579
53 646
53 705
53 707
53 720
54 0
54 21
54 183
54 271
54 272
54 273
54 274
54 279
54 341
54 409
54 463
54 521
54 579
54 647
54 712
54 721
55 0
55 21
55 183
55 275
55 279
55 341
55 409
55 463
55 521
55 580
55 647
55 704
56 10
56 22
56 183
56 276
56 279
56 340
56 409
56 463
56 521
56 546
56 580
56 648
56 700
56 710
56 713
56 714
57 183
57 277
57 278
57 340
57 409
57 463
57 522
57 580
57 649
57 650
57 707
57 710
58 0
58 13
58 182
58 278
58 340
58 409
58 463
58 522
58 580
58 651
58 705
58 706
58 711
58 717
59 181
59 278
59 340
59 409
59 463
59 522
59 580
59 652
59 704
59 712
59 717
60 11
60 181
60 278
60 341
60 409
60 463
60 522
60 580
60 652
60 703
60 705
60 709
60 712
61 180
61 278
61 341
61 410
61 463
61 523
61 580
61 653
61 705
61 713
61 714
62 179
62 278
62 341
62 410
62 463
62 523
62 581
62 654
62 706
62 710
62 719
63 178
63 278
63 341
63 410
63 463
63 523
63 581
63 655
63 707
63 708
63 720
64 14
64 177
64 278
64 341
64 410
64 463
64 523
64 581
64 655
64 720
65 14
65 177
65 279
65 341
65 410
65 464
65 523
65 581
65 655
65 720
66 175
66 176
66 279
66 341
66 410
66 464
66 523
66 582
66 656
66 720
67 174
67 279
67 341
67 410
67 464
67 523
67 582
67 657
67 720
68 0
68 171
68 172
68 173
68 279
68 341
68 410
68 464
68 523
68 582
68 657
68 719
69 0
69 4
69 169
69 170
69 278
69 279
69 341
69 410
69 465
69 524
69 583
69 657
70 0
70 4
70 168
70 278
70 280
70 341
70 410
70 465
70 524
70 583
70 658
71 3
71 167
71 278
71 281
71 341
71 410
71 465
71 525
71 583
71 659
72 166
72 278
72 282
72 341
72 409
72 465
72 525
72 584
72 660
73 141
73 164
73 165
73 278
73 283
73 341
73 409
73 465
73 526
73 584
73 660
74 163
74 278
74 284
74 341
74 407
74 408
74 409
74 465
74 526
74 584
74 660
75 162
75 278
75 285
75 341
75 409
75 465
75 466
75 526
75 585
75 661
76 160
76 161
76 278
76 286
76 339
76 340
76 341
76 409
76 464
76 467
76 468
76 469
76 470
76 471
76 472
76 473
76 474
76 475
76 526
76 585
76 662
77 159
77 278
77 287
77 341
77 409
77 464
77 527
77 586
77 662
78 158
78 278
78 288
78 341
78 408
78 464
78 527
78 586
78 663
79 157
79 278
79 289
79 341
79 464
79 527
79 585
79 586
79 664
80 5
80 156
80 279
80 290
80 341
80 464
80 527
80 584
80 587
80 664
81 5
81 155
81 279
81 291
81 340
81 465
81 528
81 583
81 587
81 665
82 154
82 279
82 292
82 465
82 528
82 582
82 587
82 666
83 153
83 279
83 293
83 294
83 295
83 296
83 297
83 298
83 299
83 300
83 465
83 528
83 581
83 587
83 666
84 153
84 279
84 466
84 528
84 580
84 587
84 667
85 152
85 279
85 466
85 528
85 579
85 588
85 668
86 151
86 279
86 466
86 529
86 578
86 588
86 668
87 151
87 279
87 466
87 529
87 577
87 588
87 669
88 151
88 279
88 466
88 529
88 576
88 588
88 669
89 150
89 278
89 279
89 466
89 530
89 575
89 588
89 670
90 150
90 277
90 280
90 466
90 531
90 574
90 588
90 670
90 683
90 684
90 685
90 686
90 687
91 150
91 276
91 280
91 466
91 531
91 573
91 588
91 670
91 682
92 150
92 275
92 280
92 466
92 531
92 572
92 589
92 670
92 681
93 150
93 274
93 280
93 466
93 531
93 572
93 589
93 670
93 680
94 149
94 273
94 280
94 466
94 531
94 572
94 589
94 671
94 679
95 149
95 272
95 280
95 466
95 532
95 573
95 574
95 575
95 576
95 577
95 578
95 579
95 580
95 581
95 582
95 583
95 584
95 585
95 586
95 587
95 588
95 589
95 671
95 678
96 149
96 271
96 280
96 466
96 532
96 589
96 672
96 677
97 149
97 270
97 280
97 467
97 533
97 589
97 672
97 676
98 149
98 269
98 280
98 467
98 534
98 589
98 608
98 609
98 610
98 611
98 612
98 613
98 614
98 673
98 674
98 675
99 149
99 268
99 280
99 467
99 535
99 590
99 607
99 674
100 149
100 261
100 262
100 263
100 264
100 265
100 266
100 267
100 281
100 467
100 536
100 591
100 606
100 674
101 149
101 282
101 462
101 463
101 464
101 465
101 466
101 467
101 537
101 592
101 605
101 674
102 149
102 282
102 467
102 537
102 593
102 603
102 604
102 675
103 149
103 282
103 467
103 538
103 592
103 593
103 594
103 595
103 596
103 597
103 598
103 599
103 600
103 601
103 602
103 675
104 149
104 282
104 467
104 539
104 592
104 675
104 692
105 149
105 282
105 467
105 540
105 592
105 676
106 149
106 282
106 467
106 541
106 592
106 676
107 148
107 282
107 467
107 542
107 593
107 676
108 148
108 282
108 467
108 543
108 593
108 676
109 148
109 282
109 467
109 544
109 592
109 676
110 148
110 283
110 467
110 544
110 592
110 676
111 148
111 283
111 467
111 543
111 544
111 592
111 676
112 148
112 283
112 467
112 542
112 545
112 592
112 676
113 148
113 282
113 283
113 467
113 541
113 546
113 592
113 676
114 148
114 281
114 284
114 467
114 477
114 478
114 479
114 541
114 546
114 592
114 677
115 148
115 280
115 284
115 464
115 465
115 466
115 467
115 472
115 473
115 474
115 475
115 476
115 541
115 546
115 547
115 592
115 677
116 148
116 279
116 284
116 285
116 286
116 287
116 288
116 289
116 290
116 291
116 292
116 462
116 463
116 468
116 471
116 541
116 546
116 548
116 592
116 677
117 148
117 278
117 284
117 293
117 469
117 470
117 541
117 546
117 549
117 592
117 677
118 148
118 277
118 284
118 294
118 295
118 296
118 297
118 298
118 299
118 469
118 541
118 546
118 550
118 592
118 677
119 147
119 276
119 284
119 295
119 458
119 469
119 536
119 542
119 545
119 546
119 550
119 592
119 677
120 147
120 275
120 284
120 296
120 458
120 469
120 537
120 538
120 543
120 544
120 547
120 548
120 549
120 592
120 678
121 147
121 274
121 284
121 297
121 298
121 299
121 300
121 458
121 469
121 543
121 549
121 592
121 679
122 148
122 273
122 284
122 459
122 469
122 542
122 543
122 548
122 592
122 679
123 148
123 272
123 284
123 460
123 469
123 539
123 540
123 541
123 544
123 548
123 552
123 591
123 679
124 147
124 271
124 284
124 461
124 469
124 544
124 547
124 679
125 147
125 270
125 284
125 285
125 286
125 287
125 288
125 289
125 290
125 291
125 292
125 293
125 294
125 295
125 296
125 297
125 298
125 299
125 300
125 462
125 469
125 544
125 545
125 546
125 551
125 679
126 148
126 270
126 284
126 463
126 469
126 544
126 546
126 551
126 679
127 148
127 270
127 284
127 464
127 469
127 544
127 547
127 551
127 679
128 148
128 264
128 270
128 284
128 300
128 301
128 465
128 469
128 483
128 543
128 548
128 551
128 679
129 148
129 264
129 265
129 266
129 267
129 271
129 284
129 299
129 466
129 469
129 543
129 549
129 550
129 680
130 148
130 264
130 268
130 272
130 284
130 298
130 467
130 469
130 543
130 550
130 680
131 148
131 263
131 269
131 273
131 284
131 298
131 468
131 469
131 484
131 544
131 550
131 680
132 148
132 270
132 274
132 284
132 296
132 297
132 298
132 299
132 300
132 301
132 469
132 484
132 545
132 549
132 680
133 148
133 262
133 271
133 275
133 284
133 295
133 302
133 454
133 455
133 456
133 457
133 458
133 459
133 460
133 461
133 462
133 463
133 464
133 465
133 469
133 483
133 546
133 548
133 553
133 554
133 555
133 680
134 148
134 262
134 263
134 264
134 265
134 266
134 267
134 268
134 269
134 270
134 271
134 276
134 284
134 294
134 302
134 304
134 453
134 466
134 469
134 482
134 540
134 541
134 542
134 543
134 544
134 545
134 546
134 547
134 548
134 552
134 680
135 148
135 262
135 272
135 277
135 284
135 293
135 302
135 303
135 467
135 468
135 481
135 546
135 548
135 551
135 680
136 148
136 262
136 273
136 278
136 284
136 292
136 301
136 468
136 480
136 545
136 549
136 550
136 680
137 148
137 263
137 274
137 279
137 284
137 291
137 300
137 468
137 479
137 544
137 549
137 680
138 148
138 263
138 275
138 280
138 284
138 290
138 299
138 468
138 478
138 543
138 549
138 680
139 135
139 148
139 264
139 276
139 281
139 283
139 289
139 298
139 468
139 477
139 539
139 542
139 549
139 680
140 134
140 136
140 137
140 138
140 139
140 140
140 141
140 142
140 143
140 144
140 145
140 146
140 147
140 265
140 277
140 282
140 288
140 297
140 468
140 476
140 540
140 541
140 549
140 555
140 556
140 680
141 135
141 147
141 266
141 278
141 282
141 287
141 296
141 468
141 475
141 541
141 542
141 543
141 544
141 545
141 546
141 547
141 548
141 549
141 550
141 553
141 554
141 680
141 686
141 687
141 688
141 689
141 690
141 691
141 692
141 693
141 694
141 695
141 696
141 697
141 698
142 26
142 147
142 267
142 279
142 282
142 286
142 295
142 468
142 474
142 541
142 550
142 551
142 552
142 680
142 685
142 699
143 26
143 27
143 28
143 147
143 268
143 280
143 282
143 285
143 294
143 468
143 473
143 541
143 551
143 680
143 684
143 699
144 26
144 147
144 269
144 281
144 282
144 283
144 284
144 293
144 468
144 472
144 541
144 551
144 680
144 683
144 699
145 0
145 1
145 2
145 3
145 4
145 5
145 6
145 24
145 25
145 147
145 270
145 282
145 292
145 466
145 467
145 468
145 469
145 471
145 541
145 551
145 681
145 682
145 699
146 7
146 8
146 12
146 13
146 14
146 22
146 23
146 30
146 147
146 271
146 282
146 291
146 464
146 465
146 470
146 539
146 541
146 551
146 659
146 660
146 661
146 662
146 663
146 681
147 9
147 10
147 11
147 15
147 16
147 17
147 18
147 19
147 20
147 21
147 30
147 147
147 272
147 273
147 282
147 290
147 462
147 463
147 470
147 540
147 541
147 542
147 551
147 664
147 681
148 11
148 14
148 30
148 147
148 274
148 282
148 289
148 455
148 456
148 457
148 458
148 459
148 460
148 461
148 471
148 476
148 477
148 543
148 551
148 665
148 681
149 11
149 31
149 147
149 275
149 282
149 288
149 452
149 453
149 454
149 472
149 473
149 474
149 475
149 544
149 551
149 666
149 681
150 9
150 10
150 31
150 133
150 134
150 135
150 136
150 137
150 138
150 139
150 140
150 141
150 142
150 143
150 144
150 145
150 146
150 147
150 276
150 277
150 278
150 279
150 280
150 281
150 282
150 283
150 287
150 545
150 546
150 547
150 551
150 667
150 681
151 8
151 31
151 132
151 147
151 283
151 284
151 286
151 548
151 549
151 550
151 668
151 681
152 6
152 7
152 147
152 284
152 285
152 550
152 554
152 555
152 556
152 557
152 558
152 559
152 560
152 561
152 562
152 563
152 669
152 680
153 30
153 147
153 285
153 290
153 291
153 551
153 552
153 553
153 670
153 680
154 29
154 147
154 286
154 288
154 289
154 292
154 552
154 671
154 680
155 28
155 147
155 287
155 293
155 308
155 552
155 672
155 680
156 27
156 131
156 147
156 294
156 302
156 303
156 304
156 305
156 306
156 307
156 309
156 552
156 673
156 680
157 24
157 25
157 26
157 132
157 147
157 295
157 296
157 297
157 298
157 299
157 300
157 301
157 308
157 551
157 552
157 553
157 674
157 680
158 5
158 6
158 7
158 8
158 9
158 10
158 11
158 12
158 13
158 14
158 15
158 16
158 17
158 18
158 19
158 20
158 21
158 22
158 23
158 133
158 134
158 135
158 147
158 551
158 554
158 675
158 680
159 0
159 1
159 2
159 3
159 4
159 136
159 147
159 549
159 550
159 551
159 555
159 676
159 680
160 137
160 147
160 551
160 556
160 677
160 679
161 138
161 147
161 551
161 557
161 678
161 679
162 139
162 147
162 551
162 558
162 559
162 560
162 678
162 679
163 140
163 147
163 552
163 677
163 680
164 128
164 129
164 130
164 131
164 132
164 133
164 134
164 135
164 136
164 137
164 138
164 139
164 140
164 141
164 147
164 552
164 677
164 681
165 127
165 142
165 147
165 552
165 662
165 663
165 664
165 665
165 666
165 667
165 668
165 669
165 670
165 671
165 672
165 673
165 674
165 675
165 676
165 677
165 682
166 127
166 143
166 147
166 677
166 683
167 127
167 144
167 147
167 677
167 684
168 126
168 127
168 128
168 129
168 145
168 146
168 677
168 685
169 125
169 130
169 146
169 168
169 677
169 686
170 131
170 146
170 677
170 687
171 132
171 146
171 677
171 688
172 133
172 146
172 677
172 689
173 134
173 147
173 677
173 690
174 135
174 147
174 675
174 676
174 677
174 691
175 136
175 147
175 677
175 692
176 137
176 147
176 677
176 693
177 123
177 124
177 125
177 126
177 127
177 128
177 129
177 130
177 131
177 132
177 133
177 134
177 135
177 136
177 137
177 147
177 677
177 694
177 695
177 696
178 138
178 147
178 677
179 139
179 147
179 677
180 140
180 147
180 677
181 141
181 148
181 675
181 676
181 677
182 142
182 148
182 677
183 143
183 148
183 171
183 172
183 173
183 174
183 175
183 176
183 177
183 178
183 179
183 180
183 181
183 677
184 144
184 148
184 170
184 677
185 145
185 147
185 169
185 677
186 145
186 146
186 147
186 168
186 676
187 123
187 124
187 125
187 144
187 147
187 167
188 122
188 126
188 127
188 128
188 129
188 130
188 131
188 132
188 133
188 134
188 135
188 136
188 137
188 138
188 139
188 140
188 141
188 142
188 143
188 147
188 166
189 147
189 165
190 147
190 164
191 148
191 163
192 148
192 162
193 149
193 161
194 149
194 157
194 158
194 159
194 160
195 149
195 156
195 161
196 149
196 155
196 162
197 149
197 154
197 163
198 149
198 153
198 164
199 150
199 151
199 152
199 165
200 151
200 166
201 151
201 167
202 151
202 168
203 151
203 169
204 151
204 170
205 151
205 171
206 151
206 172
207 151
207 173
208 151
208 174
208 175
209 151
210 151
211 151
212 151
213 151
214 151
215 151
216 151
217 150
217 151
218 149
218 152
219 148
219 152
220 147
220 152
221 146
221 152
222 145
222 152
223 144
223 152
224 143
224 152
225 142
225 152
226 141
226 152
227 140
227 152
228 139
228 152
229 127
229 128
229 129
229 130
229 131
229 132
229 133
229 134
229 135
229 136
229 137
229 138
229 152
230 152
231 152
232 152
233 152
234 152
235 152
236 152
237 152
238 152
239 152
240 152
241 152
242 152
243 128
243 152
244 129
244 152
245 130
245 152
245 177
245 178
245 179
245 180
246 131
246 152
246 176
247 132
247 152
247 175
248 133
248 152
248 174
249 134
249 152
249 173
250 135
250 152
250 172
251 136
251 152
251 171
252 137
252 152
252 170
253 138
253 152
253 169
254 126
254 139
254 152
254 168
255 125
255 127
255 128
255 129
255 130
255 140
255 152
255 167
256 126
256 131
256 141
256 153
256 166
257 132
257 142
257 153
257 165
258 133
258 143
258 153
258 164
259 134
259 144
259 153
259 163
260 135
260 145
260 153
260 162
261 136
261 146
261 153
261 161
262 137
262 147
262 153
262 160
263 138
263 148
263 153
263 159
264 139
264 149
264 153
264 158
265 140
265 150
265 153
265 157
266 141
266 151
266 153
266 156
267 142
267 152
267 153
267 154
267 155
268 143
268 153
269 144
269 153
270 145
270 153
271 146
271 147
271 148
271 149
271 150
271 151
271 152
271 153
272 154
273 155
274 156
275 157
276 158
276 166
276 167
277 158
277 162
277 163
277 164
277 165
278 158
278 159
278 160
278 161
279 158
280 158
281 158
282 158
471 345
539 720
540 720
548 717
549 717
550 717
551 700
551 701
551 718
553 708
554 709
554 714
554 715
555 702
555 709
556 705
557 717
558 680
558 718
563 714
564 686
564 721
566 678
567 679
567 696
567 704
568 684
568 705
568 706
571 681
573 714
574 678
574 679
574 715
575 687
575 688
578 682
579 680
580 697
581 676
581 680
581 713
582 677
582 680
582 695
582 713
583 669
583 678
583 679
583 680
583 681
583 688
583 713
585 670
586 695
587 672
587 695
589 669
589 679
589 686
590 669
590 686
591 673
592 663
592 679
592 680
592 715
594 712
595 668
597 665
599 668
603 678
1291 377
1291 378
