24 24
9 11
19 19
18 24
23 24
24 24
16 24
18 24
21 24
21 1000
1 17
23 24
24 24
22 22
23 24
23 24
19 24
22 23
23 23
19 19
16 24
18 24
6 24
13 13
1 23
19 1000
1 23
14 19
20 21
24 24
13 24
14 14
19 19
1 22
24 24
20 24
24 24
24 24
10 10
18 21
19 21
1 22
11 19
1 18
20 20
1 23
1 24
1 22
6 19
11 23
23 1000
7 23
10 11
17 24
19 19
24 24
21 24
24 24
21 21
18 24
10 23
20 1000
11 11
24 24
1 24
17 21
23 24
19 23
24 24
17 22
13 19
5 24
21 23
22 1000
17 23
20 24
9 20
24 24
10 10
17 21
10 23
1 24
22 23
1 24
22 1000
24 24
24 24
23 1000
8 8
23 23
17 17
21 24
1 24
8 20
18 24
13 23
23 23
24 24
23 1000
19 23
24 24
18 24
16 16
22 24
24 24
21 23
24 24
21 22
23 23
24 24
17 20
24 24
18 24
16 17
22 24
1 23
12 23
22 1000
4 22
20 20
24 24
18 24
10 18
19 20
18 23
20 20
1 18
23 1000
1 15
24 24
1 24
1 22
1 23
24 24
17 23
19 1000
6 24
7 24
14 22
15 1000
20 20
17 24
1 24
8 8
24 24
1 24
17 18
21 23
24 24
19 20
21 1000
18 24
12 12
19 22
15 24
23 1000
24 24
8 22
21 24
1 1
21 21
19 19
21 23
8 24
16 18
17 18
8 22
6 18
24 24
24 24
20 20
24 24
17 23
18 23
1 19
4 7
23 23
22 24
24 24
20 22
18 18
17 18
19 19
22 24
1 8
24 24
24 24
23 24
21 24
17 21
13 24
16 16
6 16
1 20
19 1000
22 1000
10 23
21 21
18 24
16 16
17 1000
8 8
1 20
24 24
24 24
24 24
20 24
6 23
8 12
1 23
16 24
23 23
21 24
23 24
22 24
16 23
18 18
18 18
16 18
20 23
18 1000
15 24
12 12
24 24
19 24
1 1
19 24
1 1
24 24
12 12
5 12
17 17
18 24
1 20
24 24
12 12
13 24
1 20
23 1000
17 20
10 24
17 22
22 24
24 24
1 1
14 24
21 24
24 24
22 22
24 24
22 23
6 24
6 24
6 21
6 21
18 24
19 20
19 22
18 24
1 20
17 21
11 24
22 24
1 6
21 1000
16 24
6 6
4 22
20 20
16 20
24 24
19 19
20 24
13 21
16 21
13 20
14 14
12 12
18 21
19 19
23 24
16 24
12 23
1 23
19 24
22 24
23 24
18 1000
6 20
7 12
17 24
22 22
19 20
6 23
19 24
21 21
21 21
23 1000
21 24
12 20
24 24
19 24
1 24
1 24
17 17
24 24
22 24
11 24
11 18
14 20
17 24
1 20
19 20
1 18
12 12
21 23
11 24
5 24
13 24
18 22
1 6
9 17
17 19
19 19
1 23
6 6
22 22
21 24
17 23
6 24
17 22
21 24
1 1
18 24
24 24
24 24
4 24
15 24
22 22
1 24
20 24
1 12
6 21
20 22
24 1000
22 24
24 24
22 22
24 24
10 24
21 24
6 24
21 22
1 23
1 23
21 23
24 24
