123	279	5
124	279	5
125	279	5
126	279	5
127	279	5
128	279	5
129	279	5
130	279	5
131	279	5
132	279	5
133	279	5
134	279	5
135	279	5
136	279	5
137	279	5
138	279	5
139	279	5
140	279	5
141	279	5
142	279	5
143	279	5
144	279	5
145	279	5
146	279	5
147	279	5
148	279	5
149	279	5
150	279	5
151	279	5
152	279	5
153	279	5
154	279	5
155	279	5
156	279	5
157	279	5
158	279	5
159	279	5
160	279	5
161	279	5
162	279	5
163	279	5
164	279	5
165	279	5
166	279	5
167	279	5
168	279	5
169	279	5
170	279	5
171	279	5
172	279	5
173	279	5
174	279	5
175	279	5
176	279	5
177	279	5
178	279	5
179	279	5
180	279	5
181	279	5
182	279	5
183	279	5
184	279	5
185	279	5
186	279	5
187	279	5
188	279	5
189	279	5
190	279	5
191	279	5
192	279	5
193	279	5
194	279	5
195	279	5
196	279	5
197	279	5
198	279	5
199	279	5
200	279	5
201	279	5
202	279	5
203	279	5
204	279	5
205	279	5
206	279	5
207	279	5
208	279	5
209	279	5
210	279	5
211	279	5
212	279	5
213	279	5
214	279	5
215	279	5
216	279	5
217	279	5
218	279	5
219	279	5
220	279	5
221	279	5
222	279	5
223	279	5
224	279	5
225	279	5
226	279	5
227	279	5
228	279	5
229	279	5
230	279	5
231	279	5
232	279	5
235	279	5
240	279	5
242	279	5
244	279	5
246	279	5
248	279	5
249	279	5
250	279	5
251	279	5
252	279	5
253	279	5
233	280	5
234	280	5
236	280	5
237	280	5
238	280	5
239	280	5
241	280	5
243	280	5
245	280	5
247	280	5
254	280	5
255	280	5
260	280	5
262	280	5
264	280	5
266	280	5
256	281	5
257	281	5
258	281	5
259	281	5
261	281	5
263	281	5
265	281	5
267	281	5
269	281	5
268	282	5
270	282	5
271	283	5
122	279	5
272	284	5
268	1	3
269	1	3
270	1	3
266	2	3
267	2	3
265	3	3
278	1	3
279	1	3
280	1	3
277	2	3
300	142	1
300	143	1
301	144	1
301	145	1
302	146	1
299	141	1
303	146	1
278	78	12
279	78	12
277	79	12
276	80	12
275	81	12
275	281	1
276	281	1
277	281	1
278	281	1
279	281	1
280	281	1
281	281	1
274	282	1
282	282	1
283	282	1
284	282	1
273	283	1
285	283	1
286	283	1
287	284	1
288	284	1
289	284	1
272	284	1
290	285	1
248	1	0
249	2	0
250	2	0
251	3	0
252	2	5
251	3	5
262	1	0
263	2	0
264	2	0
265	3	0
306	282	0
307	282	0
308	283	0
309	283	0
310	283	0
311	284	0
305	281	0
274	1	1
275	2	1
276	2	1
294	79	1
295	80	1
296	80	1
297	81	1
293	78	1
298	82	1
302	78	0
304	78	0
301	79	0
303	79	0
300	80	0
299	81	0
305	78	0
298	82	0
298	1	0
299	1	0
300	1	0
302	1	0
297	2	0
301	2	0
297	3	0
297	4	0
267	80	1
267	81	1
267	82	1
267	83	1
303	284	0
304	285	0
303	283	0
293	285	2
295	285	2
297	285	2
294	286	2
296	286	2
292	284	2
298	286	2
266	4	1
267	4	1
265	3	1
302	366	0
303	366	0
301	367	0
304	367	0
300	368	0
278	4	0
279	4	0
277	3	0
232	2	0
231	3	0
230	4	0
230	5	0
230	6	0
274	81	2
272	82	2
273	82	2
270	83	2
271	83	2
268	84	2
269	84	2
275	81	2
267	83	2
258	287	13
259	288	13
260	289	13
263	287	0
261	288	0
262	288	0
260	289	0
256	82	14
256	83	14
255	84	14
255	85	14
255	86	14
273	285	1
273	286	1
274	287	1
275	288	1
276	288	1
277	288	1
278	288	1
279	288	1
272	284	1
282	367	0
281	368	0
283	366	0
280	369	0
290	367	1
291	368	1
289	366	1
292	369	1
252	4	5
253	5	5
253	6	5
254	7	5
251	3	5
299	83	4
299	84	4
300	85	4
301	86	4
298	82	4
299	287	1
300	288	1
301	289	1
298	286	1
302	290	1
228	8	0
229	8	0
226	9	0
227	9	0
224	10	0
225	10	0
222	11	0
223	11	0
221	12	0
220	13	0
220	14	0
230	7	0
220	15	0
265	84	18
266	84	18
264	85	18
260	86	18
262	86	18
263	86	18
256	87	18
257	87	18
258	87	18
259	87	18
261	87	18
267	83	18
255	86	18
261	367	5
253	368	5
254	368	5
256	368	5
259	368	5
260	368	5
255	369	5
257	369	5
258	369	5
262	366	5
252	367	5
256	290	13
257	291	13
259	290	0
260	289	0
258	291	0
296	5	0
295	6	0
294	7	0
295	8	0
297	4	0
295	9	0
298	5	3
299	6	3
300	6	3
301	7	3
302	7	3
303	7	3
304	7	3
305	8	3
297	4	3
306	9	3
158	76	5
159	76	5
156	77	5
157	77	5
154	78	5
155	78	5
152	79	5
153	79	5
150	80	5
151	80	5
149	81	5
148	82	5
147	83	5
146	84	5
145	85	5
144	86	5
144	87	5
144	88	5
144	89	5
160	75	5
144	90	5
293	368	0
294	368	0
295	368	0
296	368	0
298	368	0
299	368	0
297	369	0
300	368	0
292	369	0
301	369	0
304	369	0
305	369	0
306	369	0
307	369	0
302	370	0
303	370	0
300	368	0
276	27	0
277	28	0
278	29	0
275	26	0
248	287	0
247	288	0
246	289	0
245	290	0
245	291	0
244	292	0
244	293	0
308	9	0
307	10	0
309	10	0
302	291	1
303	292	1
302	290	1
248	219	1
250	219	1
252	219	1
234	220	1
236	220	1
238	220	1
239	220	1
241	220	1
242	220	1
243	220	1
244	220	1
245	220	1
246	220	1
247	220	1
249	220	1
251	220	1
253	220	1
254	220	1
255	220	1
256	220	1
257	220	1
258	220	1
259	220	1
260	220	1
261	220	1
120	221	1
121	221	1
122	221	1
123	221	1
124	221	1
125	221	1
126	221	1
127	221	1
128	221	1
129	221	1
130	221	1
131	221	1
132	221	1
133	221	1
134	221	1
135	221	1
136	221	1
137	221	1
138	221	1
139	221	1
140	221	1
141	221	1
142	221	1
143	221	1
144	221	1
145	221	1
146	221	1
147	221	1
148	221	1
149	221	1
150	221	1
151	221	1
152	221	1
153	221	1
154	221	1
155	221	1
156	221	1
157	221	1
158	221	1
159	221	1
160	221	1
161	221	1
162	221	1
163	221	1
164	221	1
165	221	1
166	221	1
167	221	1
168	221	1
169	221	1
170	221	1
171	221	1
172	221	1
173	221	1
174	221	1
175	221	1
176	221	1
177	221	1
178	221	1
179	221	1
180	221	1
181	221	1
182	221	1
183	221	1
184	221	1
185	221	1
186	221	1
187	221	1
188	221	1
189	221	1
190	221	1
191	221	1
192	221	1
193	221	1
194	221	1
195	221	1
196	221	1
197	221	1
198	221	1
199	221	1
200	221	1
201	221	1
202	221	1
203	221	1
204	221	1
205	221	1
206	221	1
207	221	1
208	221	1
209	221	1
210	221	1
211	221	1
212	221	1
213	221	1
214	221	1
215	221	1
216	221	1
217	221	1
218	221	1
219	221	1
220	221	1
221	221	1
222	221	1
223	221	1
224	221	1
225	221	1
226	221	1
227	221	1
228	221	1
229	221	1
230	221	1
231	221	1
232	221	1
233	221	1
235	221	1
237	221	1
240	221	1
262	221	1
263	221	1
264	221	1
265	221	1
266	221	1
267	220	1
119	221	1
285	370	2
284	371	2
283	372	2
284	10	0
284	11	0
295	46	1
296	46	1
297	46	1
293	47	1
294	47	1
298	47	1
292	48	1
268	221	9
269	221	9
270	221	9
272	221	9
274	221	9
276	221	9
286	221	9
287	221	9
288	221	9
271	222	9
273	222	9
275	222	9
277	222	9
278	222	9
279	222	9
281	222	9
283	222	9
285	222	9
280	223	9
282	223	9
284	223	9
267	220	9
289	220	9
307	80	0
306	79	0
301	218	0
300	219	0
299	220	0
299	221	0
302	217	0
299	222	0
235	149	5
240	149	5
121	150	5
122	150	5
123	150	5
124	150	5
125	150	5
126	150	5
127	150	5
128	150	5
129	150	5
130	150	5
131	150	5
132	150	5
133	150	5
134	150	5
135	150	5
136	150	5
137	150	5
138	150	5
139	150	5
140	150	5
141	150	5
142	150	5
143	150	5
144	150	5
145	150	5
146	150	5
147	150	5
148	150	5
149	150	5
150	150	5
151	150	5
152	150	5
153	150	5
154	150	5
155	150	5
156	150	5
157	150	5
158	150	5
159	150	5
160	150	5
161	150	5
162	150	5
163	150	5
164	150	5
165	150	5
166	150	5
167	150	5
168	150	5
169	150	5
170	150	5
171	150	5
172	150	5
173	150	5
174	150	5
175	150	5
176	150	5
177	150	5
178	150	5
179	150	5
180	150	5
181	150	5
182	150	5
183	150	5
184	150	5
185	150	5
186	150	5
187	150	5
188	150	5
189	150	5
190	150	5
191	150	5
192	150	5
193	150	5
194	150	5
195	150	5
196	150	5
197	150	5
198	150	5
199	150	5
200	150	5
201	150	5
202	150	5
203	150	5
204	150	5
205	150	5
206	150	5
207	150	5
208	150	5
209	150	5
210	150	5
211	150	5
212	150	5
213	150	5
214	150	5
215	150	5
216	150	5
217	150	5
218	150	5
219	150	5
220	150	5
221	150	5
222	150	5
223	150	5
224	150	5
225	150	5
226	150	5
227	150	5
228	150	5
229	150	5
230	150	5
231	150	5
232	150	5
233	150	5
234	150	5
236	150	5
237	150	5
238	150	5
239	150	5
241	150	5
242	150	5
243	150	5
245	150	5
246	150	5
247	150	5
248	150	5
244	151	5
249	151	5
250	151	5
251	152	5
120	150	5
252	153	5
319	7	2
316	8	2
317	8	2
318	8	2
320	8	2
321	8	2
322	8	2
313	9	2
315	9	2
323	9	2
312	10	2
314	10	2
324	10	2
311	11	2
310	12	2
309	11	2
325	11	2
270	152	3
271	152	3
272	152	3
273	152	3
268	153	3
269	153	3
267	154	3
274	153	3
266	155	3
232	7	0
233	7	0
234	7	0
236	7	0
235	8	0
237	8	0
238	8	0
239	9	0
240	10	0
241	11	0
231	7	0
242	12	0
275	152	0
276	152	0
277	152	0
274	153	0
268	11	1
269	11	1
267	12	1
311	220	981
306	221	981
307	221	981
308	221	981
310	221	981
312	221	981
309	222	981
254	151	0
255	151	0
257	151	0
253	152	0
256	152	0
258	152	0
260	152	0
259	153	0
261	153	0
262	153	0
264	153	0
263	154	0
265	154	0
252	153	0
266	155	0
296	10	2
297	10	2
301	10	2
303	10	2
298	11	2
299	11	2
300	11	2
302	11	2
304	11	2
305	11	2
295	9	2
306	10	2
252	154	4
253	155	4
252	153	4
290	221	0
291	221	0
292	222	0
293	223	0
294	223	0
295	223	0
296	223	0
297	223	0
298	223	0
289	220	0
299	222	0
300	223	1
299	222	1
301	224	1
303	222	1
304	222	1
302	223	1
301	224	1
274	154	5
274	155	5
275	156	5
274	153	5
282	11	3
277	12	3
279	12	3
280	12	3
281	12	3
283	12	3
274	13	3
276	13	3
278	13	3
266	14	3
270	14	3
271	14	3
272	14	3
273	14	3
275	14	3
267	15	3
268	15	3
269	15	3
284	11	3
265	13	3
293	10	1
294	10	1
286	11	1
288	11	1
290	11	1
292	11	1
285	12	1
287	12	1
289	12	1
291	12	1
295	9	1
284	11	1
267	156	7
267	157	7
268	158	7
269	159	7
270	159	7
272	159	7
271	160	7
273	160	7
266	155	7
119	151	0
118	152	0
118	153	0
117	154	0
117	155	0
117	156	0
117	157	0
117	158	0
118	159	0
118	160	0
119	161	0
119	162	0
120	150	0
120	163	0
326	10	1
327	10	1
328	10	1
329	10	1
330	11	1
330	12	1
325	11	1
246	161	0
245	162	0
244	163	0
235	381	0
237	381	0
238	381	0
239	381	0
240	381	0
241	381	0
242	381	0
270	381	0
271	381	0
227	382	0
228	382	0
229	382	0
230	382	0
231	382	0
232	382	0
233	382	0
234	382	0
236	382	0
243	382	0
244	382	0
250	382	0
253	382	0
255	382	0
256	382	0
257	382	0
259	382	0
266	382	0
267	382	0
268	382	0
269	382	0
245	383	0
246	383	0
248	383	0
249	383	0
251	383	0
252	383	0
254	383	0
258	383	0
260	383	0
261	383	0
262	383	0
263	383	0
265	383	0
247	384	0
264	384	0
226	382	0
272	382	0
119	137	0
118	138	0
118	139	0
117	140	0
117	141	0
116	142	0
117	143	0
116	144	0
117	145	0
117	146	0
118	147	0
118	148	0
119	149	0
120	136	0
120	150	0
302	282	0
301	283	0
300	284	0
299	285	0
303	283	0
298	286	0
292	233	0
291	234	0
118	222	0
118	223	0
117	224	0
117	225	0
116	226	0
116	227	0
115	228	0
116	229	0
116	230	0
117	231	0
117	232	0
118	233	0
118	234	0
119	221	0
119	235	0
256	12	0
258	12	0
248	13	0
250	13	0
251	13	0
252	13	0
253	13	0
254	13	0
255	13	0
257	13	0
259	13	0
260	13	0
261	13	0
262	13	0
263	13	0
264	13	0
244	14	0
245	14	0
246	14	0
247	14	0
249	14	0
243	13	0
265	13	0
252	87	0
254	87	0
251	88	0
253	88	0
249	89	0
250	89	0
247	90	0
248	90	0
246	91	0
255	86	0
245	92	0
288	233	2
289	234	2
287	234	2
290	234	2
146	91	0
147	91	0
148	91	0
149	91	0
150	91	0
151	91	0
152	91	0
153	91	0
154	91	0
155	91	0
156	91	0
157	91	0
158	91	0
159	91	0
160	91	0
161	91	0
162	91	0
163	91	0
164	91	0
165	91	0
166	91	0
167	91	0
168	91	0
169	91	0
170	91	0
171	91	0
172	91	0
173	91	0
174	91	0
175	91	0
176	91	0
177	91	0
178	91	0
179	91	0
180	91	0
181	91	0
182	91	0
183	91	0
184	91	0
185	91	0
186	91	0
187	91	0
188	91	0
189	91	0
190	91	0
191	91	0
192	91	0
193	91	0
194	91	0
195	91	0
196	91	0
197	91	0
198	91	0
199	91	0
200	91	0
201	91	0
202	91	0
203	91	0
204	91	0
205	91	0
206	91	0
207	91	0
208	91	0
209	91	0
210	91	0
211	91	0
212	91	0
213	91	0
214	91	0
215	91	0
216	91	0
217	91	0
218	91	0
219	91	0
220	91	0
221	91	0
222	91	0
223	91	0
224	91	0
225	91	0
226	91	0
227	91	0
228	91	0
229	91	0
230	91	0
231	91	0
232	91	0
233	91	0
234	91	0
235	91	0
236	91	0
237	91	0
239	91	0
240	91	0
242	91	0
238	92	0
241	92	0
243	92	0
145	91	0
244	92	0
272	383	5
272	384	5
272	382	5
273	381	1
274	382	1
276	382	1
275	383	1
277	383	1
280	383	1
278	384	1
279	384	1
281	384	1
272	382	1
282	385	1
287	382	4
285	383	4
286	383	4
288	383	4
283	384	4
284	384	4
282	385	4
325	12	3
325	13	3
326	14	3
327	14	3
328	14	3
325	11	3
334	13	981
336	13	981
331	14	981
332	14	981
333	14	981
335	14	981
233	294	5
234	294	5
236	294	5
238	294	5
240	294	5
139	295	5
140	295	5
141	295	5
142	295	5
143	295	5
144	295	5
145	295	5
146	295	5
147	295	5
148	295	5
149	295	5
150	295	5
151	295	5
152	295	5
153	295	5
154	295	5
155	295	5
156	295	5
157	295	5
158	295	5
159	295	5
160	295	5
161	295	5
162	295	5
163	295	5
164	295	5
165	295	5
166	295	5
167	295	5
168	295	5
169	295	5
170	295	5
171	295	5
172	295	5
173	295	5
174	295	5
175	295	5
176	295	5
177	295	5
178	295	5
179	295	5
180	295	5
181	295	5
182	295	5
183	295	5
184	295	5
185	295	5
186	295	5
187	295	5
188	295	5
189	295	5
190	295	5
191	295	5
192	295	5
193	295	5
194	295	5
195	295	5
196	295	5
197	295	5
198	295	5
199	295	5
200	295	5
201	295	5
202	295	5
203	295	5
204	295	5
205	295	5
206	295	5
207	295	5
208	295	5
209	295	5
210	295	5
211	295	5
212	295	5
213	295	5
214	295	5
215	295	5
216	295	5
217	295	5
218	295	5
219	295	5
220	295	5
221	295	5
222	295	5
223	295	5
224	295	5
225	295	5
226	295	5
227	295	5
228	295	5
229	295	5
230	295	5
231	295	5
232	295	5
235	295	5
237	295	5
239	295	5
241	295	5
242	295	5
243	294	5
138	295	5
288	387	0
287	388	0
283	386	4
284	387	4
285	387	4
282	385	4
286	388	4
256	293	0
255	294	0
254	295	0
257	292	0
254	296	0
287	390	1
286	389	1
270	96	6
269	97	6
268	98	6
265	295	4
264	296	4
266	296	4
267	296	4
262	297	4
263	297	4
268	297	4
261	298	4
260	299	4
240	14	0
241	14	0
238	15	0
239	15	0
222	16	0
223	16	0
224	16	0
225	16	0
226	16	0
227	16	0
228	16	0
229	16	0
230	16	0
231	16	0
232	16	0
233	16	0
234	16	0
235	16	0
236	16	0
237	16	0
242	13	0
221	16	0
117	278	0
116	279	0
115	280	0
114	281	0
113	282	0
112	283	0
111	284	0
110	285	0
109	286	0
108	287	0
107	288	0
106	289	0
105	290	0
104	291	0
103	292	0
102	293	0
101	294	0
100	295	0
99	296	0
98	297	0
97	298	0
96	299	0
95	300	0
94	301	0
93	302	0
92	303	0
91	304	0
90	305	0
89	306	0
88	307	0
87	308	0
86	309	0
85	310	0
84	311	0
83	312	0
82	313	0
81	314	0
80	315	0
79	316	0
78	317	0
77	318	0
76	319	0
75	320	0
74	321	0
73	322	0
72	323	0
71	324	0
70	325	0
69	326	0
68	327	0
67	328	0
66	329	0
65	330	0
64	331	0
63	332	0
62	333	0
61	334	0
60	335	0
59	336	0
58	337	0
57	338	0
56	339	0
55	340	0
54	341	0
53	342	0
52	343	0
51	344	0
50	345	0
49	346	0
48	347	0
47	348	0
46	349	0
45	350	0
44	351	0
43	352	0
42	353	0
41	354	0
40	355	0
39	356	0
38	357	0
37	358	0
36	359	0
35	360	0
34	361	0
33	362	0
32	363	0
31	364	0
30	365	0
29	366	0
28	367	0
27	368	0
26	369	0
25	370	0
24	371	0
23	372	0
22	373	0
21	374	0
20	375	0
19	376	0
18	377	0
17	378	0
16	379	0
15	380	0
14	381	0
13	382	0
12	383	0
11	384	0
10	385	0
9	386	0
8	387	0
7	388	0
6	389	0
5	390	0
4	391	0
3	392	0
2	393	0
1	394	0
118	277	0
245	295	0
246	295	0
247	296	0
248	297	0
249	297	0
253	297	0
250	298	0
251	298	0
252	298	0
244	294	0
254	296	0
246	94	3
247	95	3
248	95	3
249	96	3
250	96	3
251	96	3
252	96	3
253	96	3
255	96	3
257	96	3
254	97	3
256	97	3
258	97	3
259	97	3
260	97	3
261	98	3
262	98	3
263	99	3
264	99	3
265	99	3
266	99	3
245	93	3
267	99	3
276	82	2
277	83	2
275	81	2
308	99	2
309	99	2
310	99	2
307	100	2
305	101	2
306	101	2
304	102	2
303	103	2
303	104	2
303	105	2
269	100	11
268	99	11
255	297	0
256	298	0
257	299	0
258	299	0
259	300	0
254	296	0
260	299	0
225	384	0
225	385	0
225	386	0
225	387	0
225	388	0
226	389	0
227	390	0
228	390	0
229	391	0
230	391	0
231	392	0
232	392	0
233	393	0
234	393	0
250	393	0
252	393	0
235	394	0
236	394	0
237	394	0
238	394	0
239	394	0
240	394	0
241	394	0
242	394	0
243	394	0
244	394	0
245	394	0
246	394	0
247	394	0
248	394	0
249	394	0
251	394	0
253	394	0
254	394	0
255	394	0
256	394	0
225	383	0
261	300	3
262	301	3
263	302	3
264	303	3
260	299	3
142	92	0
143	92	0
140	93	0
141	93	0
138	94	0
139	94	0
136	95	0
137	95	0
134	96	0
135	96	0
133	97	0
132	98	0
131	99	0
130	100	0
130	101	0
130	102	0
130	103	0
130	104	0
144	91	0
130	105	0
280	20	1
280	21	1
280	22	1
283	304	6
283	305	6
283	306	6
304	16	2
304	17	2
303	18	2
303	19	2
302	20	2
301	21	2
300	22	2
299	23	2
278	23	0
279	23	0
280	22	0
277	24	0
281	23	0
280	22	0
282	24	0
296	306	0
295	307	0
295	16	1
294	17	1
293	18	1
294	19	1
293	20	1
294	21	1
293	22	1
293	23	1
293	24	1
291	305	0
289	306	0
290	306	0
292	306	0
294	306	0
288	307	0
293	307	0
287	308	0
295	307	0
286	309	0
242	162	7
121	163	7
122	163	7
123	163	7
124	163	7
125	163	7
126	163	7
127	163	7
128	163	7
129	163	7
130	163	7
131	163	7
132	163	7
133	163	7
134	163	7
135	163	7
136	163	7
137	163	7
138	163	7
139	163	7
140	163	7
141	163	7
142	163	7
143	163	7
144	163	7
145	163	7
146	163	7
147	163	7
148	163	7
149	163	7
150	163	7
151	163	7
152	163	7
153	163	7
154	163	7
155	163	7
156	163	7
157	163	7
158	163	7
159	163	7
160	163	7
161	163	7
162	163	7
163	163	7
164	163	7
165	163	7
166	163	7
167	163	7
168	163	7
169	163	7
170	163	7
171	163	7
172	163	7
173	163	7
174	163	7
175	163	7
176	163	7
177	163	7
178	163	7
179	163	7
180	163	7
181	163	7
182	163	7
183	163	7
184	163	7
185	163	7
186	163	7
187	163	7
188	163	7
189	163	7
190	163	7
191	163	7
192	163	7
193	163	7
194	163	7
195	163	7
196	163	7
197	163	7
198	163	7
199	163	7
200	163	7
201	163	7
202	163	7
203	163	7
204	163	7
205	163	7
206	163	7
207	163	7
208	163	7
209	163	7
210	163	7
211	163	7
212	163	7
213	163	7
214	163	7
215	163	7
216	163	7
217	163	7
218	163	7
219	163	7
220	163	7
221	163	7
222	163	7
223	163	7
224	163	7
225	163	7
226	163	7
227	163	7
228	163	7
229	163	7
230	163	7
231	163	7
232	163	7
233	163	7
234	163	7
235	163	7
236	163	7
237	163	7
238	163	7
239	163	7
240	163	7
241	163	7
243	163	7
120	163	7
244	163	7
276	25	0
277	24	0
275	26	0
245	164	0
246	165	0
244	163	0
296	308	0
295	307	0
278	25	0
279	25	0
280	25	0
281	25	0
277	24	0
282	24	0
137	297	0
137	298	0
137	299	0
137	300	0
138	301	0
139	302	0
140	303	0
141	304	0
142	304	0
143	305	0
144	305	0
145	306	0
146	306	0
147	307	0
148	307	0
149	308	0
150	308	0
151	309	0
152	309	0
137	296	0
153	310	0
294	25	2
295	25	2
296	25	2
293	24	2
297	26	2
298	25	0
299	24	0
297	26	0
263	169	0
261	170	0
262	170	0
258	171	0
260	171	0
255	172	0
256	172	0
257	172	0
259	172	0
254	173	0
253	174	0
252	175	0
119	164	0
119	165	0
118	166	0
118	167	0
117	168	0
117	169	0
117	170	0
117	171	0
117	172	0
118	173	0
118	174	0
119	175	0
120	163	0
120	176	0
120	235	4
121	235	4
122	235	4
123	235	4
124	235	4
125	235	4
126	235	4
127	235	4
128	235	4
129	235	4
130	235	4
131	235	4
132	235	4
133	235	4
134	235	4
135	235	4
136	235	4
137	235	4
138	235	4
139	235	4
140	235	4
141	235	4
142	235	4
143	235	4
144	235	4
145	235	4
146	235	4
147	235	4
148	235	4
149	235	4
150	235	4
151	235	4
152	235	4
153	235	4
154	235	4
155	235	4
156	235	4
157	235	4
158	235	4
159	235	4
160	235	4
161	235	4
162	235	4
163	235	4
164	235	4
165	235	4
166	235	4
167	235	4
168	235	4
169	235	4
170	235	4
171	235	4
172	235	4
173	235	4
174	235	4
175	235	4
176	235	4
177	235	4
178	235	4
179	235	4
180	235	4
181	235	4
182	235	4
183	235	4
184	235	4
185	235	4
186	235	4
187	235	4
188	235	4
189	235	4
190	235	4
191	235	4
192	235	4
193	235	4
194	235	4
195	235	4
196	235	4
197	235	4
198	235	4
199	235	4
200	235	4
201	235	4
202	235	4
203	235	4
204	235	4
205	235	4
206	235	4
207	235	4
208	235	4
209	235	4
210	235	4
211	235	4
212	235	4
213	235	4
214	235	4
215	235	4
216	235	4
217	235	4
218	235	4
219	235	4
220	235	4
221	235	4
222	235	4
223	235	4
224	235	4
225	235	4
226	235	4
227	235	4
228	235	4
229	235	4
230	235	4
231	235	4
232	235	4
233	235	4
235	235	4
237	235	4
239	235	4
241	235	4
242	235	4
243	235	4
244	235	4
246	235	4
247	235	4
248	235	4
249	235	4
250	235	4
251	235	4
234	236	4
236	236	4
238	236	4
240	236	4
245	236	4
119	235	4
252	236	4
256	26	0
257	26	0
258	26	0
259	26	0
260	26	0
262	26	0
264	26	0
266	26	0
267	26	0
268	26	0
269	26	0
270	26	0
271	26	0
272	26	0
273	26	0
274	26	0
254	27	0
255	27	0
261	27	0
263	27	0
265	27	0
253	28	0
275	26	0
252	29	0
283	23	0
284	24	0
291	24	0
285	25	0
287	25	0
290	25	0
292	25	0
286	26	0
288	26	0
289	26	0
282	24	0
293	24	0
284	235	1
285	235	1
283	236	1
286	234	1
282	237	1
263	367	3
264	367	3
277	367	3
265	368	3
268	368	3
272	368	3
273	368	3
274	368	3
275	368	3
276	368	3
278	368	3
279	368	3
266	369	3
267	369	3
269	369	3
270	369	3
271	369	3
262	366	3
280	369	3
301	25	0
302	25	0
303	25	0
304	26	0
305	26	0
306	26	0
307	26	0
308	26	0
310	26	0
309	27	0
311	27	0
300	24	0
290	286	2
290	287	2
289	288	2
290	285	2
256	233	0
257	233	0
258	233	0
259	233	0
260	233	0
261	233	0
262	233	0
263	233	0
265	233	0
266	233	0
267	233	0
268	233	0
270	233	0
254	234	0
255	234	0
264	234	0
269	234	0
271	234	0
272	234	0
273	234	0
253	235	0
274	235	0
275	235	0
276	235	0
277	236	0
278	236	0
279	236	0
281	236	0
280	237	0
252	236	0
282	237	0
218	17	0
219	17	0
216	18	0
217	18	0
214	19	0
215	19	0
212	20	0
213	20	0
210	21	0
211	21	0
208	22	0
209	22	0
207	23	0
206	24	0
206	25	0
206	26	0
206	27	0
206	28	0
220	16	0
206	29	0
292	236	2
294	236	2
298	236	2
300	236	2
301	236	2
293	237	2
295	237	2
296	237	2
297	237	2
299	237	2
291	235	2
302	189	4
301	188	4
303	188	4
248	28	0
243	29	0
244	29	0
245	29	0
246	29	0
247	29	0
249	29	0
250	29	0
208	30	0
209	30	0
210	30	0
211	30	0
212	30	0
213	30	0
214	30	0
215	30	0
216	30	0
217	30	0
218	30	0
219	30	0
220	30	0
221	30	0
222	30	0
223	30	0
224	30	0
225	30	0
226	30	0
227	30	0
228	30	0
229	30	0
230	30	0
231	30	0
234	30	0
236	30	0
238	30	0
240	30	0
242	30	0
232	31	0
233	31	0
235	31	0
237	31	0
239	31	0
241	31	0
251	29	0
207	30	0
252	237	0
252	238	0
252	239	0
253	240	0
253	241	0
252	236	0
283	238	2
284	239	2
285	240	2
286	241	2
282	237	2
307	244	0
308	244	0
306	245	0
306	246	0
311	246	0
310	247	0
309	248	0
308	248	0
307	247	0
309	248	0
250	247	14
249	248	14
248	249	14
247	250	14
276	105	4
278	105	4
273	106	4
274	106	4
275	106	4
277	106	4
279	106	4
280	106	4
281	106	4
271	107	4
272	107	4
282	107	4
270	108	4
305	248	0
304	249	0
306	247	0
303	250	0
310	249	0
309	248	0
118	236	0
118	237	0
117	238	0
117	239	0
116	240	0
116	241	0
115	242	0
116	243	0
115	244	0
116	245	0
116	246	0
117	247	0
117	248	0
118	249	0
118	250	0
119	235	0
119	251	0
281	308	5
282	308	5
235	309	5
237	309	5
280	309	5
155	310	5
156	310	5
157	310	5
158	310	5
159	310	5
160	310	5
161	310	5
162	310	5
163	310	5
164	310	5
165	310	5
166	310	5
167	310	5
168	310	5
169	310	5
170	310	5
171	310	5
172	310	5
173	310	5
174	310	5
175	310	5
176	310	5
177	310	5
178	310	5
179	310	5
180	310	5
181	310	5
182	310	5
183	310	5
184	310	5
185	310	5
186	310	5
187	310	5
188	310	5
189	310	5
190	310	5
191	310	5
192	310	5
193	310	5
194	310	5
195	310	5
196	310	5
197	310	5
198	310	5
199	310	5
200	310	5
201	310	5
202	310	5
203	310	5
204	310	5
205	310	5
206	310	5
207	310	5
208	310	5
209	310	5
210	310	5
211	310	5
212	310	5
213	310	5
214	310	5
215	310	5
216	310	5
217	310	5
218	310	5
219	310	5
220	310	5
221	310	5
222	310	5
223	310	5
224	310	5
225	310	5
226	310	5
227	310	5
228	310	5
229	310	5
230	310	5
231	310	5
232	310	5
233	310	5
234	310	5
236	310	5
238	310	5
239	310	5
240	310	5
241	310	5
242	310	5
243	310	5
276	310	5
277	310	5
278	310	5
279	310	5
244	311	5
246	311	5
248	311	5
249	311	5
250	311	5
251	311	5
252	311	5
253	311	5
254	311	5
255	311	5
256	311	5
258	311	5
260	311	5
263	311	5
265	311	5
267	311	5
269	311	5
270	311	5
271	311	5
272	311	5
273	311	5
274	311	5
275	311	5
245	312	5
247	312	5
257	312	5
259	312	5
261	312	5
262	312	5
264	312	5
266	312	5
268	312	5
283	307	5
154	310	5
132	106	0
133	106	0
134	106	0
135	106	0
136	106	0
137	106	0
138	106	0
139	106	0
140	106	0
141	106	0
142	106	0
143	106	0
144	106	0
145	106	0
146	106	0
147	106	0
148	106	0
149	106	0
150	106	0
151	106	0
152	106	0
153	106	0
154	106	0
155	106	0
156	106	0
157	106	0
158	106	0
159	106	0
160	106	0
161	106	0
162	106	0
163	106	0
164	106	0
165	106	0
166	106	0
167	106	0
168	106	0
169	106	0
170	106	0
171	106	0
172	106	0
173	106	0
174	106	0
175	106	0
176	106	0
177	106	0
178	106	0
179	106	0
180	106	0
181	106	0
182	106	0
183	106	0
184	106	0
185	106	0
186	106	0
187	106	0
188	106	0
189	106	0
190	106	0
191	106	0
192	106	0
193	106	0
194	106	0
195	106	0
196	106	0
197	106	0
198	106	0
199	106	0
200	106	0
201	106	0
202	106	0
203	106	0
204	106	0
205	106	0
206	106	0
207	106	0
208	106	0
209	106	0
210	106	0
211	106	0
212	106	0
213	106	0
214	106	0
215	106	0
216	106	0
217	106	0
218	106	0
219	106	0
220	106	0
221	106	0
222	106	0
223	106	0
224	106	0
225	106	0
226	106	0
227	106	0
228	106	0
229	106	0
230	106	0
231	106	0
232	106	0
234	106	0
235	106	0
236	106	0
237	106	0
238	106	0
239	106	0
240	106	0
241	106	0
243	106	0
233	107	0
242	107	0
131	106	0
244	107	0
297	27	1
297	28	1
298	29	1
299	30	1
300	30	1
301	30	1
297	26	1
245	106	1
246	107	1
244	107	1
247	108	1
297	249	4
299	249	4
262	250	4
264	250	4
266	250	4
268	250	4
269	250	4
270	250	4
272	250	4
292	250	4
294	250	4
296	250	4
298	250	4
300	250	4
301	250	4
248	251	4
259	251	4
260	251	4
261	251	4
263	251	4
265	251	4
267	251	4
271	251	4
273	251	4
274	251	4
275	251	4
277	251	4
285	251	4
287	251	4
289	251	4
290	251	4
291	251	4
293	251	4
295	251	4
249	252	4
250	252	4
251	252	4
252	252	4
253	252	4
255	252	4
256	252	4
257	252	4
258	252	4
276	252	4
278	252	4
280	252	4
282	252	4
283	252	4
284	252	4
286	252	4
288	252	4
254	253	4
279	253	4
281	253	4
247	250	4
302	250	4
253	31	0
254	32	0
252	30	0
299	106	2
301	106	2
284	107	2
286	107	2
289	107	2
291	107	2
293	107	2
295	107	2
296	107	2
297	107	2
298	107	2
300	107	2
283	108	2
285	108	2
287	108	2
288	108	2
290	108	2
292	108	2
294	108	2
302	106	2
282	107	2
305	106	2
306	106	2
307	107	2
308	107	2
309	107	2
310	107	2
304	106	2
311	108	2
312	107	0
311	108	0
287	310	0
288	311	0
289	312	0
286	309	0
290	313	0
292	311	0
291	312	0
290	313	0
274	38	8
273	39	8
272	40	8
269	39	0
270	40	0
271	41	0
282	201	3
282	202	3
283	203	3
284	204	3
293	204	3
285	205	3
289	205	3
291	205	3
292	205	3
286	206	3
287	206	3
288	206	3
290	206	3
281	200	3
265	107	0
266	107	0
264	108	0
267	108	0
268	108	0
263	109	0
269	109	0
290	314	2
290	315	2
291	316	2
290	313	2
303	289	1
304	289	1
306	289	1
305	290	1
307	290	1
302	290	1
273	42	3
274	43	3
272	41	3
204	31	0
205	31	0
202	32	0
203	32	0
200	33	0
201	33	0
198	34	0
199	34	0
196	35	0
197	35	0
194	36	0
195	36	0
193	37	0
192	38	0
191	39	0
190	40	0
190	41	0
190	42	0
190	43	0
190	44	0
206	30	0
190	45	0
270	43	0
269	44	0
271	42	0
268	45	0
121	176	5
122	176	5
123	176	5
124	176	5
125	176	5
126	176	5
127	176	5
128	176	5
129	176	5
130	176	5
131	176	5
132	176	5
133	176	5
134	176	5
135	176	5
136	176	5
137	176	5
138	176	5
139	176	5
140	176	5
141	176	5
142	176	5
143	176	5
144	176	5
145	176	5
146	176	5
147	176	5
148	176	5
149	176	5
150	176	5
151	176	5
152	176	5
153	176	5
154	176	5
155	176	5
156	176	5
157	176	5
158	176	5
159	176	5
160	176	5
161	176	5
162	176	5
163	176	5
164	176	5
165	176	5
166	176	5
167	176	5
168	176	5
169	176	5
170	176	5
171	176	5
172	176	5
173	176	5
174	176	5
175	176	5
176	176	5
177	176	5
178	176	5
179	176	5
180	176	5
181	176	5
182	176	5
183	176	5
184	176	5
185	176	5
186	176	5
187	176	5
188	176	5
189	176	5
190	176	5
191	176	5
192	176	5
193	176	5
194	176	5
195	176	5
196	176	5
197	176	5
198	176	5
199	176	5
200	176	5
201	176	5
202	176	5
203	176	5
204	176	5
205	176	5
206	176	5
207	176	5
208	176	5
209	176	5
210	176	5
211	176	5
212	176	5
213	176	5
214	176	5
215	176	5
216	176	5
217	176	5
218	176	5
219	176	5
220	176	5
221	176	5
222	176	5
223	176	5
224	176	5
225	176	5
226	176	5
227	176	5
228	176	5
229	176	5
230	176	5
231	176	5
232	176	5
233	176	5
239	176	5
245	176	5
247	176	5
249	176	5
250	176	5
234	177	5
235	177	5
236	177	5
237	177	5
238	177	5
240	177	5
241	177	5
242	177	5
243	177	5
244	177	5
246	177	5
248	177	5
120	176	5
251	176	5
248	107	0
249	107	0
250	107	0
252	107	0
254	107	0
256	107	0
258	107	0
251	108	0
253	108	0
255	108	0
257	108	0
259	108	0
260	108	0
261	108	0
262	109	0
247	108	0
263	109	0
267	174	2
266	175	2
268	175	2
265	176	2
264	177	2
264	178	2
264	179	2
153	312	0
153	313	0
153	314	0
153	315	0
154	316	0
155	317	0
156	318	0
157	319	0
158	319	0
159	320	0
160	320	0
161	321	0
162	321	0
163	322	0
164	322	0
165	323	0
166	323	0
153	311	0
167	324	0
244	108	16
244	109	16
244	110	16
244	107	16
247	109	0
247	110	0
247	108	0
270	179	2
271	179	2
272	179	2
268	180	2
269	180	2
267	181	2
273	180	2
266	181	2
232	45	0
233	45	0
235	45	0
238	45	0
240	45	0
242	45	0
244	45	0
246	45	0
249	45	0
251	45	0
253	45	0
254	45	0
255	45	0
256	45	0
258	45	0
260	45	0
262	45	0
264	45	0
265	45	0
266	45	0
192	46	0
193	46	0
194	46	0
195	46	0
196	46	0
197	46	0
198	46	0
199	46	0
200	46	0
201	46	0
202	46	0
203	46	0
204	46	0
205	46	0
206	46	0
207	46	0
208	46	0
209	46	0
210	46	0
211	46	0
212	46	0
213	46	0
214	46	0
215	46	0
216	46	0
217	46	0
218	46	0
219	46	0
220	46	0
221	46	0
222	46	0
223	46	0
224	46	0
225	46	0
226	46	0
227	46	0
228	46	0
229	46	0
230	46	0
231	46	0
234	46	0
236	46	0
237	46	0
239	46	0
241	46	0
243	46	0
245	46	0
247	46	0
248	46	0
250	46	0
252	46	0
257	46	0
259	46	0
261	46	0
263	46	0
267	45	0
191	46	0
274	179	0
275	179	0
273	180	0
307	171	0
308	171	0
306	172	0
306	173	0
305	174	0
301	175	0
303	175	0
304	175	0
300	176	0
302	176	0
299	177	0
298	178	0
297	179	0
296	180	0
253	177	0
254	177	0
255	178	0
256	178	0
257	179	0
259	179	0
262	179	0
258	180	0
260	180	0
261	180	0
252	176	0
263	180	0
312	319	0
310	320	0
311	320	0
309	321	0
308	322	0
307	323	0
306	324	0
264	110	3
265	110	3
268	110	3
266	111	3
267	111	3
263	109	3
269	109	3
311	109	0
311	110	0
311	111	0
311	108	0
318	111	2
315	112	2
316	112	2
317	112	2
319	112	2
314	113	2
323	112	983
324	112	983
274	181	3
275	182	3
273	180	3
297	182	0
296	181	0
298	183	0
318	179	1
317	180	1
316	181	1
315	182	1
314	183	1
294	181	0
293	182	0
290	183	0
291	183	0
292	183	0
288	184	0
289	184	0
295	181	0
128	107	0
129	107	0
126	108	0
127	108	0
124	109	0
125	109	0
122	110	0
123	110	0
120	111	0
121	111	0
119	112	0
118	113	0
117	114	0
130	106	0
116	115	0
269	214	9
270	214	9
271	214	9
268	215	9
267	216	9
268	217	9
267	218	9
267	219	9
267	220	9
303	108	6
303	109	6
303	110	6
304	111	6
305	112	6
307	112	6
306	113	6
308	113	6
309	113	6
310	113	6
312	113	6
311	114	6
313	114	6
303	107	6
314	113	6
315	114	0
314	113	0
265	183	7
266	184	7
267	185	7
265	182	7
278	117	4
277	118	4
276	119	4
291	370	0
292	369	0
234	250	4
236	250	4
238	250	4
240	250	4
243	250	4
245	250	4
120	251	4
121	251	4
122	251	4
123	251	4
124	251	4
125	251	4
126	251	4
127	251	4
128	251	4
129	251	4
130	251	4
131	251	4
132	251	4
133	251	4
134	251	4
135	251	4
136	251	4
137	251	4
138	251	4
139	251	4
140	251	4
141	251	4
142	251	4
143	251	4
144	251	4
145	251	4
146	251	4
147	251	4
148	251	4
149	251	4
150	251	4
151	251	4
152	251	4
153	251	4
154	251	4
155	251	4
156	251	4
157	251	4
158	251	4
159	251	4
160	251	4
161	251	4
162	251	4
163	251	4
164	251	4
165	251	4
166	251	4
167	251	4
168	251	4
169	251	4
170	251	4
171	251	4
172	251	4
173	251	4
174	251	4
175	251	4
176	251	4
177	251	4
178	251	4
179	251	4
180	251	4
181	251	4
182	251	4
183	251	4
184	251	4
185	251	4
186	251	4
187	251	4
188	251	4
189	251	4
190	251	4
191	251	4
192	251	4
193	251	4
194	251	4
195	251	4
196	251	4
197	251	4
198	251	4
199	251	4
200	251	4
201	251	4
202	251	4
203	251	4
204	251	4
205	251	4
206	251	4
207	251	4
208	251	4
209	251	4
210	251	4
211	251	4
212	251	4
213	251	4
214	251	4
215	251	4
216	251	4
217	251	4
218	251	4
219	251	4
220	251	4
221	251	4
222	251	4
223	251	4
224	251	4
225	251	4
226	251	4
227	251	4
228	251	4
229	251	4
230	251	4
231	251	4
232	251	4
233	251	4
235	251	4
237	251	4
239	251	4
241	251	4
242	251	4
244	251	4
246	251	4
247	250	4
119	251	4
315	184	1
316	185	1
314	183	1
301	185	4
302	186	4
300	185	4
302	187	4
313	182	0
312	183	0
311	184	0
310	185	0
309	186	0
314	183	0
308	187	0
264	119	8
266	119	8
267	119	8
268	119	8
269	119	8
270	119	8
271	119	8
272	119	8
273	119	8
274	119	8
275	119	8
263	120	8
265	120	8
276	119	8
262	121	8
288	113	0
287	114	0
289	114	0
286	115	0
285	116	0
284	117	0
285	118	0
285	119	0
285	120	0
285	185	14
286	185	14
283	186	14
284	186	14
280	187	14
281	187	14
282	187	14
275	188	14
277	188	14
278	188	14
279	188	14
247	189	14
248	189	14
249	189	14
250	189	14
251	189	14
252	189	14
254	189	14
256	189	14
272	189	14
273	189	14
274	189	14
276	189	14
245	190	14
246	190	14
253	190	14
255	190	14
257	190	14
258	190	14
260	190	14
262	190	14
264	190	14
266	190	14
267	190	14
268	190	14
269	190	14
270	190	14
271	190	14
244	191	14
259	191	14
261	191	14
263	191	14
265	191	14
243	192	14
242	193	14
298	119	1
299	119	1
300	119	1
297	120	1
301	120	1
296	121	1
117	117	0
117	118	0
118	119	0
118	120	0
116	116	0
119	121	0
290	43	6
288	44	6
289	44	6
287	45	6
286	46	6
286	47	6
286	48	6
259	119	0
257	120	0
258	120	0
260	120	0
261	120	0
253	121	0
254	121	0
255	121	0
256	121	0
262	121	0
252	122	0
290	188	1
291	189	1
295	185	0
296	185	0
294	186	0
293	187	0
292	188	0
297	184	0
291	189	0
299	187	4
300	188	4
299	186	4
301	188	4
280	370	0
281	371	0
282	371	0
280	369	0
283	372	0
266	10	0
266	11	0
316	251	0
315	252	0
314	253	0
277	351	1
278	352	1
279	353	1
283	353	1
284	353	1
280	354	1
281	354	1
282	354	1
276	350	1
285	353	1
289	49	1
290	49	1
288	49	1
291	49	1
121	281	0
121	282	0
121	283	0
121	284	0
122	285	0
123	286	0
124	287	0
125	288	0
126	289	0
127	290	0
128	290	0
129	291	0
130	291	0
131	292	0
132	292	0
133	293	0
134	293	0
135	294	0
136	294	0
121	280	0
137	295	0
119	177	0
118	178	0
118	179	0
117	180	0
117	181	0
116	182	0
117	183	0
116	184	0
117	185	0
116	186	0
117	187	0
117	188	0
118	189	0
118	190	0
120	176	0
119	191	0
269	47	5
270	47	5
271	48	5
272	48	5
273	49	5
274	49	5
275	49	5
276	49	5
277	49	5
278	49	5
279	49	5
280	49	5
284	49	5
285	49	5
281	50	5
282	50	5
283	50	5
268	46	5
286	48	5
304	252	1
305	253	1
306	253	1
308	253	1
309	253	1
310	253	1
311	253	1
312	253	1
313	253	1
307	254	1
303	251	1
314	253	1
296	49	1
295	50	1
297	50	1
294	50	1
315	254	0
314	253	0
307	188	1
304	189	1
306	189	1
305	190	1
308	187	1
303	188	1
309	188	0
310	189	0
311	190	0
308	187	0
312	191	0
293	52	0
293	51	0
294	53	0
266	258	0
268	258	0
265	259	0
267	259	0
269	259	0
270	259	0
263	260	0
264	260	0
271	260	0
262	261	0
272	261	0
261	262	0
264	322	5
266	322	5
235	323	5
254	323	5
256	323	5
258	323	5
259	323	5
260	323	5
261	323	5
262	323	5
263	323	5
265	323	5
267	323	5
268	323	5
269	323	5
271	323	5
273	323	5
275	323	5
169	324	5
170	324	5
171	324	5
172	324	5
173	324	5
174	324	5
175	324	5
176	324	5
177	324	5
178	324	5
179	324	5
180	324	5
181	324	5
182	324	5
183	324	5
184	324	5
185	324	5
186	324	5
187	324	5
188	324	5
189	324	5
190	324	5
191	324	5
192	324	5
193	324	5
194	324	5
195	324	5
196	324	5
197	324	5
198	324	5
199	324	5
200	324	5
201	324	5
202	324	5
203	324	5
204	324	5
205	324	5
206	324	5
207	324	5
208	324	5
209	324	5
210	324	5
211	324	5
212	324	5
213	324	5
214	324	5
215	324	5
216	324	5
217	324	5
218	324	5
219	324	5
220	324	5
221	324	5
222	324	5
223	324	5
224	324	5
225	324	5
226	324	5
227	324	5
228	324	5
229	324	5
230	324	5
231	324	5
232	324	5
233	324	5
234	324	5
236	324	5
237	324	5
238	324	5
239	324	5
240	324	5
241	324	5
243	324	5
245	324	5
247	324	5
249	324	5
250	324	5
251	324	5
252	324	5
253	324	5
255	324	5
257	324	5
270	324	5
272	324	5
274	324	5
276	324	5
278	324	5
301	324	5
303	324	5
304	324	5
242	325	5
244	325	5
246	325	5
248	325	5
277	325	5
279	325	5
280	325	5
281	325	5
282	325	5
283	325	5
284	325	5
285	325	5
286	325	5
287	325	5
288	325	5
290	325	5
292	325	5
294	325	5
296	325	5
298	325	5
300	325	5
302	325	5
305	325	5
289	326	5
291	326	5
293	326	5
295	326	5
297	326	5
299	326	5
168	324	5
306	324	5
316	51	985
315	52	985
315	53	985
274	261	2
273	262	2
275	262	2
276	263	2
277	263	2
278	264	2
279	264	2
281	264	2
282	264	2
283	264	2
284	264	2
285	264	2
286	264	2
287	264	2
288	264	2
280	265	2
289	265	2
272	261	2
290	265	2
293	54	1
294	53	1
297	262	1
298	262	1
299	262	1
296	263	1
287	51	1
287	52	1
287	53	1
288	54	1
289	55	1
289	56	1
290	57	1
287	50	1
188	47	0
189	47	0
186	48	0
187	48	0
184	49	0
185	49	0
182	50	0
183	50	0
180	51	0
181	51	0
178	52	0
179	52	0
177	53	0
176	54	0
176	55	0
176	56	0
176	57	0
176	58	0
190	46	0
176	59	0
307	325	1
308	326	1
309	327	1
310	327	1
311	327	1
312	327	1
306	324	1
313	328	1
315	326	0
316	326	0
314	327	0
317	326	0
313	328	0
309	262	0
308	263	0
310	263	0
307	264	0
118	252	0
118	253	0
117	254	0
117	255	0
116	256	0
116	257	0
115	258	0
116	259	0
116	260	0
117	261	0
117	262	0
118	263	0
118	264	0
119	251	0
119	265	0
283	373	4
284	374	4
285	374	4
286	374	4
283	372	4
319	328	0
320	329	0
321	329	0
318	327	0
319	325	0
320	325	0
321	325	0
322	325	0
323	326	0
318	326	0
281	334	0
280	335	0
295	54	0
296	54	0
297	55	0
298	56	0
299	57	0
299	58	0
300	59	0
294	53	0
290	334	0
290	335	0
289	336	0
297	334	2
298	335	2
298	336	2
285	308	2
284	307	2
286	309	2
304	334	2
302	335	2
303	335	2
301	336	2
300	337	2
167	326	0
167	327	0
167	328	0
167	329	0
168	330	0
169	331	0
170	332	0
171	333	0
172	333	0
173	334	0
174	334	0
175	335	0
176	335	0
177	336	0
178	336	0
179	337	0
180	337	0
167	325	0
181	338	0
306	138	0
307	139	0
308	140	0
309	140	0
305	137	0
310	139	0
256	335	0
254	336	0
255	336	0
257	336	0
258	337	0
253	337	0
294	261	0
292	262	0
293	262	0
295	262	0
291	263	0
296	263	0
291	264	0
120	121	3
121	121	3
122	121	3
123	121	3
124	121	3
125	121	3
126	121	3
127	121	3
128	121	3
129	121	3
130	121	3
131	121	3
132	121	3
133	121	3
134	121	3
135	121	3
136	121	3
137	121	3
138	121	3
139	121	3
140	121	3
141	121	3
142	121	3
143	121	3
144	121	3
145	121	3
146	121	3
147	121	3
148	121	3
149	121	3
150	121	3
151	121	3
152	121	3
153	121	3
154	121	3
155	121	3
156	121	3
157	121	3
158	121	3
159	121	3
160	121	3
161	121	3
162	121	3
163	121	3
164	121	3
165	121	3
166	121	3
167	121	3
168	121	3
169	121	3
170	121	3
171	121	3
172	121	3
173	121	3
174	121	3
175	121	3
176	121	3
177	121	3
178	121	3
179	121	3
180	121	3
181	121	3
182	121	3
183	121	3
184	121	3
185	121	3
186	121	3
187	121	3
188	121	3
189	121	3
190	121	3
191	121	3
192	121	3
193	121	3
194	121	3
195	121	3
196	121	3
197	121	3
198	121	3
199	121	3
200	121	3
201	121	3
202	121	3
203	121	3
204	121	3
205	121	3
206	121	3
207	121	3
208	121	3
209	121	3
210	121	3
211	121	3
212	121	3
213	121	3
214	121	3
215	121	3
216	121	3
217	121	3
218	121	3
219	121	3
220	121	3
221	121	3
222	121	3
223	121	3
224	121	3
225	121	3
226	121	3
227	121	3
228	121	3
229	121	3
230	121	3
231	121	3
232	121	3
233	121	3
234	121	3
235	121	3
236	121	3
237	121	3
238	121	3
239	121	3
240	121	3
241	121	3
242	121	3
243	121	3
244	121	3
245	121	3
246	121	3
247	121	3
248	121	3
249	121	3
250	121	3
251	121	3
119	121	3
252	122	3
287	336	0
281	337	0
282	337	0
284	337	0
285	337	0
286	337	0
288	337	0
283	338	0
280	336	0
289	336	0
299	337	0
298	336	0
300	337	0
303	120	1
307	120	1
302	121	1
304	121	1
305	121	1
306	121	1
301	120	1
277	120	2
278	120	2
280	120	2
279	121	2
281	121	2
283	121	2
284	121	2
282	122	2
276	119	2
285	120	2
269	139	1
270	140	1
271	140	1
272	141	1
268	139	1
300	121	0
298	122	0
299	122	0
301	120	0
297	122	0
280	108	4
281	108	4
276	109	4
277	109	4
278	109	4
279	109	4
271	110	4
272	110	4
273	110	4
274	110	4
275	110	4
282	107	4
270	109	4
120	191	4
121	191	4
122	191	4
123	191	4
124	191	4
125	191	4
126	191	4
127	191	4
128	191	4
129	191	4
130	191	4
131	191	4
132	191	4
133	191	4
134	191	4
135	191	4
136	191	4
137	191	4
138	191	4
139	191	4
140	191	4
141	191	4
142	191	4
143	191	4
144	191	4
145	191	4
146	191	4
147	191	4
148	191	4
149	191	4
150	191	4
151	191	4
152	191	4
153	191	4
154	191	4
155	191	4
156	191	4
157	191	4
158	191	4
159	191	4
160	191	4
161	191	4
162	191	4
163	191	4
164	191	4
165	191	4
166	191	4
167	191	4
168	191	4
169	191	4
170	191	4
171	191	4
172	191	4
173	191	4
174	191	4
175	191	4
176	191	4
177	191	4
178	191	4
179	191	4
180	191	4
181	191	4
182	191	4
183	191	4
184	191	4
185	191	4
186	191	4
187	191	4
188	191	4
189	191	4
190	191	4
191	191	4
192	191	4
193	191	4
194	191	4
195	191	4
196	191	4
197	191	4
198	191	4
199	191	4
200	191	4
201	191	4
202	191	4
203	191	4
204	191	4
205	191	4
206	191	4
207	191	4
208	191	4
209	191	4
210	191	4
211	191	4
212	191	4
213	191	4
214	191	4
215	191	4
216	191	4
217	191	4
218	191	4
219	191	4
220	191	4
221	191	4
222	191	4
223	191	4
224	191	4
225	191	4
226	191	4
227	191	4
228	191	4
229	191	4
230	191	4
231	191	4
232	191	4
233	191	4
234	191	4
235	191	4
237	191	4
240	191	4
236	192	4
238	192	4
239	192	4
241	192	4
119	191	4
242	193	4
311	192	0
312	191	0
313	192	0
312	191	0
286	121	1
287	122	1
288	122	1
289	123	1
290	123	1
291	123	1
292	123	1
294	123	1
293	124	1
285	120	1
295	123	1
334	62	0
332	63	0
333	63	0
335	61	0
331	64	0
336	57	1
335	58	1
334	59	1
335	60	1
335	61	1
262	122	5
261	123	5
260	124	5
259	125	5
258	126	5
262	121	5
258	127	5
243	194	0
243	195	0
244	196	0
245	197	0
242	193	0
252	123	0
252	124	0
253	125	0
254	125	0
255	126	0
256	127	0
257	128	0
252	122	0
258	127	0
290	190	1
289	191	1
288	192	1
288	193	1
287	194	1
286	195	1
285	196	1
284	197	1
283	198	1
282	199	1
291	189	1
281	200	1
296	124	1
296	125	1
297	126	1
298	127	1
299	128	1
300	129	1
295	123	1
259	128	2
260	129	2
261	130	2
258	127	2
118	122	0
118	123	0
117	124	0
117	125	0
116	126	0
116	127	0
116	128	0
116	129	0
116	130	0
117	131	0
117	132	0
118	133	0
118	134	0
119	135	0
119	121	0
120	136	0
274	200	4
276	200	4
278	200	4
279	200	4
269	201	4
270	201	4
271	201	4
272	201	4
273	201	4
275	201	4
277	201	4
280	201	4
261	202	4
263	202	4
264	202	4
265	202	4
266	202	4
267	202	4
268	202	4
260	203	4
262	203	4
258	204	4
259	204	4
242	205	4
244	205	4
251	205	4
254	205	4
255	205	4
256	205	4
257	205	4
121	206	4
122	206	4
123	206	4
124	206	4
125	206	4
126	206	4
127	206	4
128	206	4
129	206	4
130	206	4
131	206	4
132	206	4
133	206	4
134	206	4
135	206	4
136	206	4
137	206	4
138	206	4
139	206	4
140	206	4
141	206	4
142	206	4
143	206	4
144	206	4
145	206	4
146	206	4
147	206	4
148	206	4
149	206	4
150	206	4
151	206	4
152	206	4
153	206	4
154	206	4
155	206	4
156	206	4
157	206	4
158	206	4
159	206	4
160	206	4
161	206	4
162	206	4
163	206	4
164	206	4
165	206	4
166	206	4
167	206	4
168	206	4
169	206	4
170	206	4
171	206	4
172	206	4
173	206	4
174	206	4
175	206	4
176	206	4
177	206	4
178	206	4
179	206	4
180	206	4
181	206	4
182	206	4
183	206	4
184	206	4
185	206	4
186	206	4
187	206	4
188	206	4
189	206	4
190	206	4
191	206	4
192	206	4
193	206	4
194	206	4
195	206	4
196	206	4
197	206	4
198	206	4
199	206	4
200	206	4
201	206	4
202	206	4
203	206	4
204	206	4
205	206	4
206	206	4
207	206	4
208	206	4
209	206	4
210	206	4
211	206	4
212	206	4
213	206	4
214	206	4
215	206	4
216	206	4
217	206	4
218	206	4
219	206	4
220	206	4
221	206	4
222	206	4
223	206	4
224	206	4
225	206	4
226	206	4
227	206	4
228	206	4
229	206	4
230	206	4
231	206	4
232	206	4
233	206	4
234	206	4
236	206	4
237	206	4
238	206	4
239	206	4
240	206	4
241	206	4
243	206	4
245	206	4
246	206	4
247	206	4
248	206	4
249	206	4
250	206	4
252	206	4
253	206	4
235	207	4
281	200	4
120	206	4
235	337	0
251	337	0
183	338	0
184	338	0
185	338	0
186	338	0
187	338	0
188	338	0
189	338	0
190	338	0
191	338	0
192	338	0
193	338	0
194	338	0
195	338	0
196	338	0
197	338	0
198	338	0
199	338	0
200	338	0
201	338	0
202	338	0
203	338	0
204	338	0
205	338	0
206	338	0
207	338	0
208	338	0
209	338	0
210	338	0
211	338	0
212	338	0
213	338	0
214	338	0
215	338	0
216	338	0
217	338	0
218	338	0
219	338	0
220	338	0
221	338	0
222	338	0
223	338	0
224	338	0
225	338	0
226	338	0
227	338	0
228	338	0
229	338	0
230	338	0
231	338	0
232	338	0
233	338	0
234	338	0
236	338	0
237	338	0
238	338	0
239	338	0
240	338	0
241	338	0
242	338	0
243	338	0
244	338	0
245	338	0
246	338	0
247	338	0
248	338	0
249	338	0
250	338	0
252	337	0
182	338	0
340	60	0
340	61	0
339	62	0
297	337	0
296	338	0
298	336	0
295	339	0
260	261	0
259	262	0
257	263	0
258	263	0
256	264	0
254	265	0
255	265	0
261	262	0
253	266	0
271	262	6
262	263	6
270	263	6
263	264	6
264	264	6
269	264	6
265	265	6
266	265	6
267	265	6
268	265	6
272	261	6
261	262	6
278	337	7
276	338	7
277	338	7
254	339	7
255	339	7
263	339	7
265	339	7
273	339	7
274	339	7
275	339	7
256	340	7
257	340	7
259	340	7
260	340	7
261	340	7
262	340	7
264	340	7
266	340	7
267	340	7
268	340	7
269	340	7
270	340	7
271	340	7
272	340	7
258	341	7
279	336	7
253	338	7
290	337	0
291	338	0
292	338	0
294	338	0
293	339	0
289	336	0
295	339	0
295	264	2
293	265	2
294	265	2
296	263	2
292	266	2
303	264	0
304	264	0
305	264	0
306	265	0
307	264	0
338	61	1
336	62	1
337	62	1
335	61	1
339	62	1
120	265	0
121	265	0
122	265	0
123	265	0
124	265	0
125	265	0
126	265	0
127	265	0
128	265	0
129	265	0
130	265	0
131	265	0
132	265	0
133	265	0
134	265	0
135	265	0
136	265	0
137	265	0
138	265	0
139	265	0
140	265	0
141	265	0
142	265	0
143	265	0
144	265	0
145	265	0
146	265	0
147	265	0
148	265	0
149	265	0
150	265	0
151	265	0
152	265	0
153	265	0
154	265	0
155	265	0
156	265	0
157	265	0
158	265	0
159	265	0
160	265	0
161	265	0
162	265	0
163	265	0
164	265	0
165	265	0
166	265	0
167	265	0
168	265	0
169	265	0
170	265	0
171	265	0
172	265	0
173	265	0
174	265	0
175	265	0
176	265	0
177	265	0
178	265	0
179	265	0
180	265	0
181	265	0
182	265	0
183	265	0
184	265	0
185	265	0
186	265	0
187	265	0
188	265	0
189	265	0
190	265	0
191	265	0
192	265	0
193	265	0
194	265	0
195	265	0
196	265	0
197	265	0
198	265	0
199	265	0
200	265	0
201	265	0
202	265	0
203	265	0
204	265	0
205	265	0
206	265	0
207	265	0
208	265	0
209	265	0
210	265	0
211	265	0
212	265	0
213	265	0
214	265	0
215	265	0
216	265	0
217	265	0
218	265	0
219	265	0
220	265	0
221	265	0
222	265	0
223	265	0
224	265	0
225	265	0
226	265	0
227	265	0
228	265	0
229	265	0
230	265	0
231	265	0
232	265	0
233	265	0
235	265	0
236	265	0
237	265	0
238	265	0
240	265	0
242	265	0
244	265	0
246	265	0
234	266	0
239	266	0
241	266	0
243	266	0
245	266	0
247	266	0
248	266	0
249	266	0
250	266	0
251	266	0
119	265	0
252	266	0
340	63	0
339	62	0
341	64	0
349	62	0
348	63	0
347	64	0
301	338	2
302	339	2
304	339	2
303	340	2
305	340	2
300	337	2
315	264	1
317	264	1
308	265	1
310	265	1
312	265	1
314	265	1
316	265	1
309	266	1
311	266	1
313	266	1
307	264	1
305	280	0
305	281	0
242	58	0
244	58	0
245	58	0
246	58	0
247	58	0
249	58	0
251	58	0
256	58	0
258	58	0
237	59	0
239	59	0
241	59	0
243	59	0
248	59	0
250	59	0
252	59	0
253	59	0
254	59	0
255	59	0
257	59	0
259	59	0
260	59	0
261	59	0
262	59	0
263	59	0
264	59	0
265	59	0
266	59	0
308	59	0
310	59	0
311	59	0
312	59	0
178	60	0
179	60	0
180	60	0
181	60	0
182	60	0
183	60	0
184	60	0
185	60	0
186	60	0
187	60	0
188	60	0
189	60	0
190	60	0
191	60	0
192	60	0
193	60	0
194	60	0
195	60	0
196	60	0
197	60	0
198	60	0
199	60	0
200	60	0
201	60	0
202	60	0
203	60	0
204	60	0
205	60	0
206	60	0
207	60	0
208	60	0
209	60	0
210	60	0
211	60	0
212	60	0
213	60	0
214	60	0
215	60	0
216	60	0
217	60	0
218	60	0
219	60	0
220	60	0
221	60	0
222	60	0
223	60	0
224	60	0
225	60	0
226	60	0
227	60	0
228	60	0
229	60	0
230	60	0
231	60	0
232	60	0
234	60	0
236	60	0
238	60	0
240	60	0
267	60	0
268	60	0
269	60	0
270	60	0
272	60	0
305	60	0
306	60	0
307	60	0
309	60	0
313	60	0
314	60	0
233	61	0
235	61	0
271	61	0
273	61	0
274	61	0
275	61	0
276	61	0
277	61	0
278	61	0
279	61	0
280	61	0
281	61	0
282	61	0
284	61	0
292	61	0
294	61	0
296	61	0
298	61	0
300	61	0
302	61	0
304	61	0
315	61	0
316	61	0
317	61	0
320	61	0
283	62	0
285	62	0
286	62	0
287	62	0
288	62	0
289	62	0
290	62	0
291	62	0
293	62	0
295	62	0
297	62	0
299	62	0
301	62	0
303	62	0
318	62	0
319	62	0
321	62	0
324	62	0
326	62	0
322	63	0
323	63	0
325	63	0
327	63	0
329	63	0
328	64	0
330	64	0
177	60	0
331	64	0
293	267	2
292	266	2
294	268	2
287	340	986
288	340	986
282	341	986
283	341	986
284	341	986
285	341	986
286	341	986
260	267	9
259	268	9
259	269	9
295	340	1
296	341	1
297	342	1
295	339	1
298	343	1
299	342	1
298	343	1
296	269	0
297	269	0
295	269	0
299	344	0
298	343	0
332	65	0
333	66	0
334	66	0
331	64	0
335	67	0
293	270	2
294	269	2
338	65	0
340	65	0
336	66	0
337	66	0
339	66	0
341	64	0
335	67	0
253	268	17
254	269	17
255	269	17
256	270	17
257	271	17
253	267	17
258	270	17
342	65	0
344	65	0
345	65	0
343	66	0
341	64	0
346	65	0
348	66	0
349	66	0
347	65	0
118	266	0
118	267	0
117	268	0
117	269	0
116	270	0
116	271	0
115	272	0
116	273	0
116	274	0
117	275	0
117	276	0
119	265	0
118	277	0
119	278	0
120	278	0
118	277	0
121	279	0
278	346	3
277	347	3
277	348	3
276	349	3
276	350	3
209	369	0
209	370	0
209	371	0
209	372	0
210	373	0
211	374	0
212	375	0
213	376	0
214	376	0
215	377	0
216	377	0
217	378	0
218	378	0
219	379	0
220	379	0
221	380	0
222	380	0
223	381	0
224	381	0
209	368	0
225	382	0
335	68	0
336	69	0
335	70	0
335	67	0
181	340	0
181	341	0
181	342	0
181	343	0
181	344	0
182	345	0
183	346	0
184	346	0
185	347	0
186	347	0
187	348	0
188	348	0
189	349	0
190	349	0
191	350	0
192	350	0
193	351	0
194	351	0
181	339	0
195	352	0
174	61	0
175	61	0
172	62	0
173	62	0
170	63	0
171	63	0
168	64	0
169	64	0
166	65	0
167	65	0
164	66	0
165	66	0
162	67	0
163	67	0
161	68	0
160	69	0
160	70	0
160	71	0
160	72	0
160	73	0
176	60	0
160	74	0
248	70	0
247	71	0
246	72	0
246	73	0
246	74	0
312	74	0
311	75	0
297	72	7
297	73	7
296	74	7
295	75	7
294	76	7
293	77	7
301	225	2
302	226	2
303	227	2
304	227	2
305	228	2
301	224	2
305	136	0
305	137	0
2	2	0
3	3	0
4	4	0
5	5	0
6	6	0
7	7	0
8	8	0
9	9	0
10	10	0
11	11	0
12	12	0
13	13	0
14	14	0
15	15	0
16	16	0
17	17	0
18	18	0
19	19	0
20	20	0
21	21	0
22	22	0
23	23	0
24	24	0
25	25	0
26	26	0
27	27	0
28	28	0
29	29	0
30	30	0
31	31	0
32	32	0
33	33	0
34	34	0
35	35	0
36	36	0
37	37	0
38	38	0
39	39	0
40	40	0
41	41	0
42	42	0
43	43	0
44	44	0
45	45	0
46	46	0
47	47	0
48	48	0
49	49	0
50	50	0
51	51	0
52	52	0
53	53	0
54	54	0
55	55	0
56	56	0
57	57	0
58	58	0
59	59	0
60	60	0
61	61	0
62	62	0
63	63	0
64	64	0
65	65	0
66	66	0
67	67	0
68	68	0
69	69	0
70	70	0
71	71	0
72	72	0
73	73	0
74	74	0
75	75	0
76	76	0
77	77	0
78	78	0
79	79	0
80	80	0
81	81	0
82	82	0
83	83	0
84	84	0
85	85	0
86	86	0
87	87	0
88	88	0
89	89	0
90	90	0
91	91	0
92	92	0
93	93	0
94	94	0
95	95	0
96	96	0
97	97	0
98	98	0
99	99	0
100	100	0
101	101	0
102	102	0
103	103	0
104	104	0
105	105	0
106	106	0
107	107	0
108	108	0
109	109	0
110	110	0
111	111	0
112	112	0
113	113	0
114	114	0
115	115	0
260	271	6
259	270	6
264	136	2
263	137	2
265	137	2
261	138	2
262	138	2
266	137	2
260	139	2
286	352	0
285	353	0
286	232	6
286	233	6
302	137	0
301	138	0
303	138	0
304	138	0
300	139	0
300	140	0
305	137	0
299	141	0
312	137	1
314	137	1
311	138	1
313	138	1
310	139	1
251	351	5
252	351	5
253	351	5
254	351	5
255	351	5
256	351	5
258	351	5
197	352	5
198	352	5
199	352	5
200	352	5
201	352	5
202	352	5
203	352	5
204	352	5
205	352	5
206	352	5
207	352	5
208	352	5
209	352	5
210	352	5
211	352	5
212	352	5
213	352	5
214	352	5
215	352	5
216	352	5
217	352	5
218	352	5
219	352	5
220	352	5
221	352	5
222	352	5
223	352	5
224	352	5
225	352	5
226	352	5
227	352	5
228	352	5
229	352	5
230	352	5
231	352	5
232	352	5
233	352	5
234	352	5
236	352	5
238	352	5
240	352	5
242	352	5
249	352	5
250	352	5
257	352	5
259	352	5
260	352	5
267	352	5
269	352	5
235	353	5
237	353	5
239	353	5
241	353	5
243	353	5
244	353	5
245	353	5
246	353	5
247	353	5
248	353	5
261	353	5
262	353	5
263	353	5
264	353	5
265	353	5
266	353	5
268	353	5
270	353	5
271	353	5
196	352	5
272	354	5
275	351	1
274	352	1
273	353	1
276	350	1
272	354	1
305	214	0
305	215	0
304	216	0
303	217	0
286	354	1
285	353	1
235	135	5
121	136	5
122	136	5
123	136	5
124	136	5
125	136	5
126	136	5
127	136	5
128	136	5
129	136	5
130	136	5
131	136	5
132	136	5
133	136	5
134	136	5
135	136	5
136	136	5
137	136	5
138	136	5
139	136	5
140	136	5
141	136	5
142	136	5
143	136	5
144	136	5
145	136	5
146	136	5
147	136	5
148	136	5
149	136	5
150	136	5
151	136	5
152	136	5
153	136	5
154	136	5
155	136	5
156	136	5
157	136	5
158	136	5
159	136	5
160	136	5
161	136	5
162	136	5
163	136	5
164	136	5
165	136	5
166	136	5
167	136	5
168	136	5
169	136	5
170	136	5
171	136	5
172	136	5
173	136	5
174	136	5
175	136	5
176	136	5
177	136	5
178	136	5
179	136	5
180	136	5
181	136	5
182	136	5
183	136	5
184	136	5
185	136	5
186	136	5
187	136	5
188	136	5
189	136	5
190	136	5
191	136	5
192	136	5
193	136	5
194	136	5
195	136	5
196	136	5
197	136	5
198	136	5
199	136	5
200	136	5
201	136	5
202	136	5
203	136	5
204	136	5
205	136	5
206	136	5
207	136	5
208	136	5
209	136	5
210	136	5
211	136	5
212	136	5
213	136	5
214	136	5
215	136	5
216	136	5
217	136	5
218	136	5
219	136	5
220	136	5
221	136	5
222	136	5
223	136	5
224	136	5
225	136	5
226	136	5
227	136	5
228	136	5
229	136	5
230	136	5
231	136	5
232	136	5
233	136	5
234	136	5
236	136	5
237	136	5
238	136	5
239	136	5
240	136	5
242	136	5
241	137	5
243	137	5
244	137	5
245	137	5
246	137	5
248	137	5
247	138	5
249	138	5
251	138	5
253	138	5
250	139	5
252	139	5
254	139	5
255	139	5
256	139	5
257	139	5
259	139	5
258	140	5
120	136	5
260	139	5
309	75	0
310	75	0
308	76	0
307	77	0
311	75	0
306	78	0
244	74	3
162	75	3
163	75	3
164	75	3
165	75	3
166	75	3
167	75	3
168	75	3
169	75	3
170	75	3
171	75	3
172	75	3
173	75	3
174	75	3
175	75	3
176	75	3
177	75	3
178	75	3
179	75	3
180	75	3
181	75	3
182	75	3
183	75	3
184	75	3
185	75	3
186	75	3
187	75	3
188	75	3
189	75	3
190	75	3
191	75	3
192	75	3
193	75	3
194	75	3
195	75	3
196	75	3
197	75	3
198	75	3
199	75	3
200	75	3
201	75	3
202	75	3
203	75	3
204	75	3
205	75	3
206	75	3
207	75	3
208	75	3
209	75	3
210	75	3
211	75	3
212	75	3
213	75	3
214	75	3
215	75	3
216	75	3
217	75	3
218	75	3
219	75	3
220	75	3
221	75	3
222	75	3
223	75	3
224	75	3
225	75	3
226	75	3
227	75	3
228	75	3
229	75	3
230	75	3
233	75	3
235	75	3
237	75	3
238	75	3
240	75	3
241	75	3
242	75	3
243	75	3
245	75	3
231	76	3
232	76	3
234	76	3
236	76	3
239	76	3
246	74	3
161	75	3
274	139	989
275	140	989
273	355	2
273	356	2
274	357	2
274	358	2
275	359	2
272	354	2
296	214	1
295	215	1
294	216	1
292	217	1
293	217	1
291	218	1
290	219	1
289	220	1
304	219	0
303	218	0
119	207	0
118	208	0
118	209	0
117	210	0
117	211	0
116	212	0
116	213	0
116	214	0
116	215	0
116	216	0
117	217	0
117	218	0
118	219	0
118	220	0
120	206	0
119	221	0
261	140	4
262	140	4
265	140	4
266	140	4
263	141	4
264	141	4
260	139	4
267	139	4
293	360	2
295	360	2
296	360	2
292	361	2
294	361	2
291	362	2
269	135	5
270	135	5
271	135	5
272	135	5
273	135	5
274	135	5
276	135	5
268	136	5
275	136	5
277	136	5
278	136	5
279	137	5
280	137	5
281	138	5
282	138	5
283	138	5
284	138	5
285	139	5
286	139	5
287	139	5
289	139	5
290	139	5
292	139	5
288	140	5
291	140	5
293	140	5
294	140	5
295	140	5
296	140	5
298	140	5
297	141	5
267	137	5
299	141	5
311	140	1
312	141	1
314	141	1
313	142	1
310	139	1
304	145	1
303	146	1
283	364	6
283	365	6
290	364	2
291	363	2
289	365	2
293	364	2
292	363	2
304	147	0
303	146	0
253	365	0
252	366	0
264	364	2
263	365	2
262	366	2
304	282	0
305	281	0
303	283	0
118	192	0
118	193	0
117	194	0
117	195	0
116	196	0
116	197	0
116	198	0
116	199	0
116	200	0
117	201	0
117	202	0
118	203	0
118	204	0
119	205	0
119	191	0
120	206	0
195	354	0
195	355	0
195	356	0
195	357	0
195	358	0
196	359	0
197	360	0
198	361	0
199	362	0
200	362	0
201	363	0
202	363	0
203	364	0
204	364	0
205	365	0
206	365	0
207	366	0
208	366	0
195	353	0
209	367	0
312	76	0
311	75	0
239	366	0
241	366	0
243	366	0
211	367	0
212	367	0
213	367	0
214	367	0
215	367	0
216	367	0
217	367	0
218	367	0
219	367	0
220	367	0
221	367	0
222	367	0
223	367	0
224	367	0
225	367	0
226	367	0
227	367	0
228	367	0
229	367	0
230	367	0
231	367	0
232	367	0
233	367	0
234	367	0
235	367	0
236	367	0
237	367	0
238	367	0
240	367	0
242	367	0
244	367	0
245	367	0
246	367	0
248	367	0
249	367	0
250	367	0
247	368	0
210	367	0
251	367	0
286	365	1
285	366	1
287	366	1
284	366	1
288	366	1
313	329	1
314	330	1
315	330	1
316	331	1
313	328	1
292	280	0
293	280	0
291	281	0
291	282	0
291	283	0
276	73	0
278	73	0
272	74	0
274	74	0
275	74	0
277	74	0
279	74	0
280	74	0
281	74	0
247	75	0
248	75	0
259	75	0
260	75	0
261	75	0
262	75	0
263	75	0
264	75	0
265	75	0
266	75	0
267	75	0
268	75	0
269	75	0
270	75	0
271	75	0
273	75	0
282	75	0
283	75	0
284	75	0
249	76	0
250	76	0
253	76	0
255	76	0
256	76	0
257	76	0
258	76	0
285	76	0
286	76	0
287	76	0
288	76	0
251	77	0
252	77	0
254	77	0
289	77	0
290	78	0
291	78	0
246	74	0
292	77	0
