265	174	2
264	175	2
263	176	2
261	177	2
262	177	2
260	178	2
260	179	2
302	219	1
303	220	1
312	141	0
313	142	0
314	142	0
315	143	0
315	144	0
316	145	0
311	140	0
285	310	2
286	311	2
287	312	2
284	309	2
288	313	2
289	312	0
288	313	0
299	143	1
300	144	1
301	145	1
302	146	1
303	147	1
304	148	1
305	148	1
298	142	1
117	137	0
116	138	0
116	139	0
115	140	0
115	141	0
114	142	0
115	143	0
115	144	0
116	145	0
116	146	0
117	147	0
117	148	0
118	149	0
118	136	0
119	150	0
229	106	0
230	106	0
231	106	0
232	106	0
233	106	0
234	106	0
235	106	0
236	106	0
237	106	0
238	106	0
239	106	0
240	106	0
128	107	0
129	107	0
130	107	0
131	107	0
132	107	0
133	107	0
134	107	0
135	107	0
136	107	0
137	107	0
138	107	0
139	107	0
140	107	0
141	107	0
142	107	0
143	107	0
144	107	0
145	107	0
146	107	0
147	107	0
148	107	0
149	107	0
150	107	0
151	107	0
152	107	0
153	107	0
154	107	0
155	107	0
156	107	0
157	107	0
158	107	0
159	107	0
160	107	0
161	107	0
162	107	0
163	107	0
164	107	0
165	107	0
166	107	0
167	107	0
168	107	0
169	107	0
170	107	0
171	107	0
172	107	0
173	107	0
174	107	0
175	107	0
176	107	0
177	107	0
178	107	0
179	107	0
180	107	0
181	107	0
182	107	0
183	107	0
184	107	0
185	107	0
186	107	0
187	107	0
188	107	0
189	107	0
190	107	0
191	107	0
192	107	0
193	107	0
194	107	0
195	107	0
196	107	0
197	107	0
198	107	0
199	107	0
200	107	0
201	107	0
202	107	0
203	107	0
204	107	0
205	107	0
206	107	0
207	107	0
208	107	0
209	107	0
210	107	0
211	107	0
212	107	0
213	107	0
214	107	0
215	107	0
216	107	0
217	107	0
218	107	0
219	107	0
220	107	0
221	107	0
222	107	0
223	107	0
224	107	0
225	107	0
226	107	0
227	107	0
228	107	0
241	107	0
242	107	0
243	107	0
244	107	0
245	107	0
246	107	0
247	107	0
248	107	0
250	107	0
252	107	0
254	107	0
256	107	0
249	108	0
251	108	0
253	108	0
255	108	0
257	108	0
259	108	0
258	109	0
260	109	0
262	109	0
270	109	0
261	110	0
263	110	0
264	110	0
265	110	0
266	110	0
267	110	0
268	110	0
269	110	0
271	110	0
127	107	0
272	109	0
244	1	2
245	2	2
246	2	2
247	3	2
250	1	2
249	2	2
248	3	2
260	1	1
261	2	1
262	2	1
251	177	0
252	177	0
253	178	0
254	179	0
255	179	0
257	179	0
256	180	0
258	180	0
250	176	0
259	180	0
312	9	0
313	10	0
285	354	1
284	353	1
276	151	0
275	152	0
300	1	988
302	1	988
301	2	988
308	170	0
307	171	0
305	172	0
306	172	0
303	173	0
304	173	0
301	174	0
302	174	0
298	175	0
300	175	0
297	176	0
299	176	0
296	177	0
296	178	0
296	179	0
296	180	0
309	170	0
295	181	0
319	178	1
318	179	1
320	179	1
321	180	1
317	180	1
119	282	0
119	283	0
119	284	0
119	285	0
119	286	0
120	287	0
121	288	0
122	288	0
123	289	0
124	289	0
125	290	0
126	290	0
127	291	0
128	291	0
129	292	0
130	292	0
131	293	0
132	293	0
119	281	0
133	294	0
261	181	14
260	180	14
262	182	14
264	1	3
265	1	3
266	1	3
267	1	3
268	1	3
269	1	3
270	1	3
271	2	3
272	2	3
273	3	3
263	2	3
274	4	3
268	179	2
270	179	2
266	180	2
267	180	2
269	180	2
264	181	2
265	181	2
271	180	2
263	182	2
320	111	983
322	111	983
319	112	983
321	112	983
323	112	983
325	112	983
326	112	983
327	112	983
324	113	983
2	2	0
3	3	0
4	4	0
5	5	0
6	6	0
7	7	0
8	8	0
9	9	0
10	10	0
11	11	0
12	12	0
13	13	0
14	14	0
15	15	0
16	16	0
17	17	0
18	18	0
19	19	0
20	20	0
21	21	0
22	22	0
23	23	0
24	24	0
25	25	0
26	26	0
27	27	0
28	28	0
29	29	0
30	30	0
31	31	0
32	32	0
33	33	0
34	34	0
35	35	0
36	36	0
37	37	0
38	38	0
39	39	0
40	40	0
41	41	0
42	42	0
43	43	0
44	44	0
45	45	0
46	46	0
47	47	0
48	48	0
49	49	0
50	50	0
51	51	0
52	52	0
53	53	0
54	54	0
55	55	0
56	56	0
57	57	0
58	58	0
59	59	0
60	60	0
61	61	0
62	62	0
63	63	0
64	64	0
65	65	0
66	66	0
67	67	0
68	68	0
69	69	0
70	70	0
71	71	0
72	72	0
73	73	0
74	74	0
75	75	0
76	76	0
77	77	0
78	78	0
79	79	0
80	80	0
81	81	0
82	82	0
83	83	0
84	84	0
85	85	0
86	86	0
87	87	0
88	88	0
89	89	0
90	90	0
91	91	0
92	92	0
93	93	0
94	94	0
95	95	0
96	96	0
97	97	0
98	98	0
99	99	0
100	100	0
101	101	0
102	102	0
103	103	0
104	104	0
105	105	0
106	106	0
107	107	0
108	108	0
109	109	0
110	110	0
111	111	0
112	112	0
113	113	0
114	114	0
270	43	0
271	43	0
272	43	0
273	44	0
274	45	0
275	46	0
276	47	0
269	42	0
276	48	0
287	43	7
286	44	7
285	45	7
285	46	7
285	47	7
285	48	7
293	46	5
294	46	5
292	47	5
295	45	5
291	48	5
308	113	983
309	113	983
263	4	0
264	5	0
263	3	0
316	113	2
315	114	2
294	181	0
291	182	0
292	182	0
293	182	0
290	183	0
295	181	0
316	181	0
315	182	0
317	180	0
149	312	0
149	313	0
149	314	0
149	315	0
150	316	0
151	317	0
152	317	0
153	318	0
154	318	0
155	319	0
156	319	0
157	320	0
158	320	0
159	321	0
160	321	0
161	322	0
162	322	0
149	311	0
163	323	0
279	6	0
278	7	0
316	115	1
315	114	1
333	6	0
334	7	0
336	5	1
335	6	1
334	7	1
282	74	3
283	75	3
284	75	3
286	75	3
285	76	3
287	76	3
288	77	3
289	77	3
290	78	3
291	78	3
281	75	3
292	77	3
271	181	1
272	182	1
273	183	1
274	184	1
271	180	1
309	75	2
310	75	2
308	76	2
307	77	2
304	78	2
305	78	2
306	78	2
301	79	2
302	79	2
303	79	2
300	80	2
298	81	2
299	81	2
311	74	2
297	82	2
278	1	1
280	1	1
276	2	1
277	2	1
279	2	1
275	3	1
274	4	1
287	49	0
288	49	0
289	49	0
286	49	0
290	49	0
306	6	986
305	7	986
302	334	0
303	334	0
301	335	0
304	333	0
300	336	0
307	119	0
306	120	0
114	115	0
114	116	0
115	117	0
115	118	0
116	119	0
116	120	0
114	114	0
117	121	0
288	387	2
286	388	2
287	388	2
285	389	2
268	45	2
268	46	2
268	47	2
269	48	2
270	48	2
271	49	2
275	49	2
272	50	2
273	50	2
274	50	2
268	44	2
276	48	2
255	120	19
256	120	19
257	120	19
251	121	19
252	121	19
253	121	19
254	121	19
258	121	19
250	122	19
279	8	0
278	7	0
277	49	2
278	50	2
280	50	2
281	50	2
282	50	2
283	50	2
279	51	2
276	48	2
284	49	2
295	185	0
296	185	0
292	186	0
293	186	0
294	186	0
291	187	0
290	188	0
289	189	0
288	190	0
287	191	0
287	192	0
286	193	0
297	184	0
285	194	0
292	50	5
291	49	5
293	51	5
311	182	0
311	183	0
310	184	0
309	185	0
309	186	0
308	187	0
116	236	0
116	237	0
115	238	0
115	239	0
114	240	0
114	241	0
114	242	0
114	243	0
114	244	0
115	245	0
115	246	0
116	247	0
116	248	0
117	249	0
117	235	0
118	250	0
272	81	6
270	82	6
271	82	6
266	83	6
268	83	6
269	83	6
263	84	6
264	84	6
265	84	6
267	84	6
261	85	6
262	85	6
253	86	6
258	86	6
259	86	6
260	86	6
254	87	6
255	87	6
256	87	6
257	87	6
273	82	6
252	85	6
274	200	4
276	200	4
267	201	4
268	201	4
269	201	4
270	201	4
271	201	4
272	201	4
273	201	4
275	201	4
277	201	4
278	201	4
262	202	4
264	202	4
265	202	4
266	202	4
258	203	4
259	203	4
260	203	4
261	203	4
263	203	4
254	204	4
256	204	4
257	204	4
253	205	4
255	205	4
119	206	4
120	206	4
121	206	4
122	206	4
123	206	4
124	206	4
125	206	4
126	206	4
127	206	4
128	206	4
129	206	4
130	206	4
131	206	4
132	206	4
133	206	4
134	206	4
135	206	4
136	206	4
137	206	4
138	206	4
139	206	4
140	206	4
141	206	4
142	206	4
143	206	4
144	206	4
145	206	4
146	206	4
147	206	4
148	206	4
149	206	4
150	206	4
151	206	4
152	206	4
153	206	4
154	206	4
155	206	4
156	206	4
157	206	4
158	206	4
159	206	4
160	206	4
161	206	4
162	206	4
163	206	4
164	206	4
165	206	4
166	206	4
167	206	4
168	206	4
169	206	4
170	206	4
171	206	4
172	206	4
173	206	4
174	206	4
175	206	4
176	206	4
177	206	4
178	206	4
179	206	4
180	206	4
181	206	4
182	206	4
183	206	4
184	206	4
185	206	4
186	206	4
187	206	4
188	206	4
189	206	4
190	206	4
191	206	4
192	206	4
193	206	4
194	206	4
195	206	4
196	206	4
197	206	4
198	206	4
199	206	4
200	206	4
201	206	4
202	206	4
203	206	4
204	206	4
205	206	4
206	206	4
207	206	4
208	206	4
209	206	4
210	206	4
211	206	4
212	206	4
213	206	4
214	206	4
215	206	4
216	206	4
217	206	4
218	206	4
219	206	4
220	206	4
221	206	4
222	206	4
223	206	4
224	206	4
225	206	4
226	206	4
227	206	4
228	206	4
229	206	4
230	206	4
231	206	4
232	206	4
234	206	4
235	206	4
236	206	4
237	206	4
238	206	4
239	206	4
241	206	4
243	206	4
245	206	4
246	206	4
247	206	4
248	206	4
249	206	4
250	206	4
251	206	4
252	206	4
233	207	4
240	207	4
242	207	4
244	207	4
279	200	4
118	206	4
115	280	0
114	281	0
113	282	0
112	283	0
111	284	0
110	285	0
109	286	0
108	287	0
107	288	0
106	289	0
105	290	0
104	291	0
103	292	0
102	293	0
101	294	0
100	295	0
99	296	0
98	297	0
97	298	0
96	299	0
95	300	0
94	301	0
93	302	0
92	303	0
91	304	0
90	305	0
89	306	0
88	307	0
87	308	0
86	309	0
85	310	0
84	311	0
83	312	0
82	313	0
81	314	0
80	315	0
79	316	0
78	317	0
77	318	0
76	319	0
75	320	0
74	321	0
73	322	0
72	323	0
71	324	0
70	325	0
69	326	0
68	327	0
67	328	0
66	329	0
65	330	0
64	331	0
63	332	0
62	333	0
61	334	0
60	335	0
59	336	0
58	337	0
57	338	0
56	339	0
55	340	0
54	341	0
53	342	0
52	343	0
51	344	0
50	345	0
49	346	0
48	347	0
47	348	0
46	349	0
45	350	0
44	351	0
43	352	0
42	353	0
41	354	0
40	355	0
39	356	0
38	357	0
37	358	0
36	359	0
35	360	0
34	361	0
33	362	0
32	363	0
31	364	0
30	365	0
29	366	0
28	367	0
27	368	0
26	369	0
25	370	0
24	371	0
23	372	0
22	373	0
21	374	0
20	375	0
19	376	0
18	377	0
17	378	0
16	379	0
15	380	0
14	381	0
13	382	0
12	383	0
11	384	0
10	385	0
9	386	0
8	387	0
7	388	0
6	389	0
5	390	0
4	391	0
3	392	0
2	393	0
1	394	0
116	279	0
295	51	1
296	51	1
297	51	1
294	51	1
250	123	0
250	124	0
251	125	0
252	125	0
253	126	0
254	127	0
250	122	0
255	127	0
333	8	0
332	9	0
334	7	0
331	10	0
273	178	4
274	178	4
272	179	4
275	179	4
271	180	4
318	283	0
319	284	0
317	282	0
119	250	4
120	250	4
121	250	4
122	250	4
123	250	4
124	250	4
125	250	4
126	250	4
127	250	4
128	250	4
129	250	4
130	250	4
131	250	4
132	250	4
133	250	4
134	250	4
135	250	4
136	250	4
137	250	4
138	250	4
139	250	4
140	250	4
141	250	4
142	250	4
143	250	4
144	250	4
145	250	4
146	250	4
147	250	4
148	250	4
149	250	4
150	250	4
151	250	4
152	250	4
153	250	4
154	250	4
155	250	4
156	250	4
157	250	4
158	250	4
159	250	4
160	250	4
161	250	4
162	250	4
163	250	4
164	250	4
165	250	4
166	250	4
167	250	4
168	250	4
169	250	4
170	250	4
171	250	4
172	250	4
173	250	4
174	250	4
175	250	4
176	250	4
177	250	4
178	250	4
179	250	4
180	250	4
181	250	4
182	250	4
183	250	4
184	250	4
185	250	4
186	250	4
187	250	4
188	250	4
189	250	4
190	250	4
191	250	4
192	250	4
193	250	4
194	250	4
195	250	4
196	250	4
197	250	4
198	250	4
199	250	4
200	250	4
201	250	4
202	250	4
203	250	4
204	250	4
205	250	4
206	250	4
207	250	4
208	250	4
209	250	4
210	250	4
211	250	4
212	250	4
213	250	4
214	250	4
215	250	4
216	250	4
217	250	4
218	250	4
219	250	4
220	250	4
221	250	4
222	250	4
223	250	4
224	250	4
225	250	4
226	250	4
227	250	4
228	250	4
229	250	4
232	250	4
234	250	4
236	250	4
239	250	4
241	250	4
242	250	4
244	250	4
260	250	4
262	250	4
264	250	4
266	250	4
268	250	4
270	250	4
292	250	4
294	250	4
295	250	4
296	250	4
297	250	4
298	250	4
300	250	4
301	250	4
230	251	4
231	251	4
233	251	4
235	251	4
237	251	4
238	251	4
240	251	4
243	251	4
245	251	4
246	251	4
256	251	4
257	251	4
258	251	4
259	251	4
261	251	4
263	251	4
265	251	4
267	251	4
269	251	4
271	251	4
272	251	4
273	251	4
274	251	4
275	251	4
287	251	4
288	251	4
289	251	4
290	251	4
291	251	4
293	251	4
299	251	4
302	251	4
247	252	4
248	252	4
251	252	4
253	252	4
254	252	4
255	252	4
276	252	4
277	252	4
278	252	4
279	252	4
280	252	4
281	252	4
282	252	4
283	252	4
284	252	4
285	252	4
286	252	4
249	253	4
250	253	4
252	253	4
118	250	4
303	251	4
253	82	19
252	83	19
252	84	19
252	85	19
293	53	0
293	54	0
293	52	0
294	55	0
304	9	0
306	9	0
293	10	0
294	10	0
295	10	0
296	10	0
297	10	0
299	10	0
301	10	0
302	10	0
303	10	0
305	10	0
307	10	0
288	11	0
290	11	0
291	11	0
292	11	0
298	11	0
300	11	0
279	12	0
281	12	0
283	12	0
284	12	0
285	12	0
286	12	0
287	12	0
289	12	0
240	13	0
248	13	0
249	13	0
250	13	0
251	13	0
252	13	0
253	13	0
254	13	0
255	13	0
256	13	0
257	13	0
258	13	0
260	13	0
262	13	0
274	13	0
276	13	0
277	13	0
278	13	0
280	13	0
282	13	0
241	14	0
242	14	0
244	14	0
245	14	0
246	14	0
247	14	0
259	14	0
261	14	0
263	14	0
264	14	0
265	14	0
266	14	0
267	14	0
273	14	0
275	14	0
243	15	0
268	15	0
269	15	0
270	15	0
271	15	0
272	15	0
308	11	0
239	12	0
265	296	3
265	297	3
265	298	3
264	295	3
316	179	1
317	180	1
191	354	0
191	355	0
191	356	0
191	357	0
192	358	0
193	359	0
194	360	0
195	361	0
196	361	0
197	362	0
198	362	0
199	363	0
200	363	0
201	364	0
202	364	0
203	365	0
204	365	0
205	366	0
206	366	0
191	353	0
207	367	0
311	319	0
313	319	0
309	320	0
310	320	0
312	320	0
308	321	0
307	322	0
307	323	0
306	324	0
117	178	0
117	179	0
116	180	0
116	181	0
115	182	0
115	183	0
114	184	0
115	185	0
115	186	0
116	187	0
116	188	0
117	189	0
117	190	0
118	177	0
118	191	0
293	56	1
294	55	1
240	74	0
242	74	0
228	75	0
229	75	0
231	75	0
233	75	0
234	75	0
235	75	0
236	75	0
238	75	0
239	75	0
241	75	0
158	76	0
159	76	0
160	76	0
161	76	0
162	76	0
163	76	0
164	76	0
165	76	0
166	76	0
167	76	0
168	76	0
169	76	0
170	76	0
171	76	0
172	76	0
173	76	0
174	76	0
175	76	0
176	76	0
177	76	0
178	76	0
179	76	0
180	76	0
181	76	0
182	76	0
183	76	0
184	76	0
185	76	0
186	76	0
187	76	0
188	76	0
189	76	0
190	76	0
191	76	0
192	76	0
193	76	0
194	76	0
195	76	0
196	76	0
197	76	0
198	76	0
199	76	0
200	76	0
201	76	0
202	76	0
203	76	0
204	76	0
205	76	0
206	76	0
207	76	0
208	76	0
209	76	0
210	76	0
211	76	0
212	76	0
213	76	0
214	76	0
215	76	0
216	76	0
217	76	0
218	76	0
219	76	0
220	76	0
221	76	0
222	76	0
223	76	0
224	76	0
225	76	0
226	76	0
227	76	0
230	76	0
232	76	0
237	76	0
243	73	0
157	76	0
312	56	5
311	57	5
228	7	0
229	7	0
230	7	0
231	7	0
232	7	0
233	8	0
234	8	0
235	9	0
236	9	0
237	10	0
238	11	0
227	7	0
239	12	0
317	52	982
316	53	982
318	53	982
318	54	982
285	51	1
285	52	1
285	53	1
286	54	1
287	55	1
288	56	1
289	57	1
285	50	1
310	285	3
311	286	3
310	284	3
272	353	0
273	352	0
271	354	0
303	364	0
304	364	0
302	365	0
302	366	0
302	367	0
309	251	1
310	252	1
308	250	1
310	253	1
310	11	2
311	11	2
312	11	2
313	10	2
309	12	2
307	56	2
302	57	2
303	57	2
304	57	2
305	57	2
306	57	2
308	57	2
301	58	2
309	58	2
300	59	2
297	83	4
297	84	4
298	85	4
299	86	4
300	86	4
301	86	4
297	82	4
310	57	0
311	57	0
309	58	0
186	46	0
187	46	0
184	47	0
185	47	0
182	48	0
183	48	0
180	49	0
181	49	0
178	50	0
179	50	0
176	51	0
177	51	0
175	52	0
174	53	0
173	54	0
172	55	0
172	56	0
172	57	0
172	58	0
188	45	0
172	59	0
232	366	0
237	366	0
239	366	0
241	366	0
243	366	0
209	367	0
210	367	0
211	367	0
212	367	0
213	367	0
214	367	0
215	367	0
216	367	0
217	367	0
218	367	0
219	367	0
220	367	0
221	367	0
222	367	0
223	367	0
224	367	0
225	367	0
226	367	0
227	367	0
228	367	0
229	367	0
230	367	0
231	367	0
233	367	0
234	367	0
235	367	0
236	367	0
238	367	0
240	367	0
242	367	0
244	367	0
246	367	0
247	367	0
248	367	0
245	368	0
208	367	0
249	367	0
271	284	1
272	285	1
271	286	1
272	287	1
276	287	1
278	287	1
273	288	1
274	288	1
275	288	1
277	288	1
271	283	1
259	367	5
260	367	5
261	367	5
251	368	5
257	368	5
258	368	5
262	368	5
263	368	5
264	368	5
266	368	5
268	368	5
269	368	5
270	368	5
271	368	5
272	368	5
273	368	5
274	368	5
275	368	5
276	368	5
277	368	5
278	368	5
252	369	5
253	369	5
254	369	5
255	369	5
256	369	5
265	369	5
267	369	5
250	367	5
279	368	5
298	287	1
299	288	1
297	286	1
300	289	1
154	77	0
155	77	0
152	78	0
153	78	0
150	79	0
151	79	0
148	80	0
149	80	0
146	81	0
147	81	0
144	82	0
145	82	0
143	83	0
142	84	0
142	85	0
142	86	0
142	87	0
142	88	0
142	89	0
156	76	0
142	90	0
304	252	1
305	253	1
306	254	1
307	254	1
309	254	1
308	255	1
303	251	1
310	253	1
311	254	1
313	254	1
314	254	1
312	255	1
310	253	1
315	253	1
294	217	0
295	218	0
296	219	0
297	220	0
293	216	0
224	8	0
225	8	0
222	9	0
223	9	0
220	10	0
221	10	0
219	11	0
218	12	0
218	13	0
226	7	0
218	14	0
316	254	1
317	255	1
318	255	1
319	256	1
315	253	1
295	56	6
296	57	6
297	57	6
298	57	6
299	58	6
294	55	6
300	59	6
221	383	0
221	384	0
221	385	0
221	386	0
221	387	0
222	388	0
223	389	0
224	390	0
225	391	0
226	391	0
227	392	0
228	392	0
229	393	0
230	393	0
232	393	0
246	393	0
248	393	0
250	393	0
231	394	0
233	394	0
234	394	0
235	394	0
236	394	0
237	394	0
238	394	0
239	394	0
240	394	0
241	394	0
242	394	0
243	394	0
244	394	0
245	394	0
247	394	0
249	394	0
251	394	0
252	394	0
253	394	0
254	394	0
221	382	0
262	119	6
264	119	6
265	119	6
266	119	6
267	119	6
268	119	6
269	119	6
271	119	6
273	119	6
275	119	6
259	120	6
260	120	6
261	120	6
263	120	6
270	120	6
272	120	6
274	120	6
276	120	6
278	120	6
277	121	6
279	121	6
280	121	6
281	121	6
282	121	6
283	122	6
284	122	6
285	122	6
286	122	6
287	123	6
288	123	6
289	123	6
290	123	6
292	123	6
291	124	6
258	121	6
293	123	6
312	58	0
311	57	0
313	59	0
353	58	0
352	59	0
302	282	0
304	282	0
305	282	0
306	282	0
307	282	0
308	282	0
301	283	0
303	283	0
309	283	0
300	284	0
298	285	0
299	285	0
310	284	0
297	286	0
295	130	0
296	129	0
314	282	3
316	282	3
311	283	3
312	283	3
313	283	3
315	283	3
317	282	3
310	284	3
264	258	0
266	258	0
263	259	0
265	259	0
267	259	0
268	259	0
261	260	0
262	260	0
269	260	0
260	261	0
270	261	0
295	260	0
295	261	0
267	152	3
268	152	3
269	152	3
270	152	3
271	152	3
266	153	3
265	154	3
272	153	3
264	155	3
274	151	2
273	152	2
275	152	2
272	153	2
302	289	1
304	289	1
303	290	1
305	290	1
306	290	1
307	291	1
301	289	1
288	381	0
287	382	0
302	222	1
300	223	1
301	223	1
303	221	1
299	224	1
332	12	1
333	12	1
334	13	1
335	13	1
331	11	1
300	291	2
301	292	2
300	290	2
233	149	5
236	149	5
238	149	5
240	149	5
242	149	5
120	150	5
121	150	5
122	150	5
123	150	5
124	150	5
125	150	5
126	150	5
127	150	5
128	150	5
129	150	5
130	150	5
131	150	5
132	150	5
133	150	5
134	150	5
135	150	5
136	150	5
137	150	5
138	150	5
139	150	5
140	150	5
141	150	5
142	150	5
143	150	5
144	150	5
145	150	5
146	150	5
147	150	5
148	150	5
149	150	5
150	150	5
151	150	5
152	150	5
153	150	5
154	150	5
155	150	5
156	150	5
157	150	5
158	150	5
159	150	5
160	150	5
161	150	5
162	150	5
163	150	5
164	150	5
165	150	5
166	150	5
167	150	5
168	150	5
169	150	5
170	150	5
171	150	5
172	150	5
173	150	5
174	150	5
175	150	5
176	150	5
177	150	5
178	150	5
179	150	5
180	150	5
181	150	5
182	150	5
183	150	5
184	150	5
185	150	5
186	150	5
187	150	5
188	150	5
189	150	5
190	150	5
191	150	5
192	150	5
193	150	5
194	150	5
195	150	5
196	150	5
197	150	5
198	150	5
199	150	5
200	150	5
201	150	5
202	150	5
203	150	5
204	150	5
205	150	5
206	150	5
207	150	5
208	150	5
209	150	5
210	150	5
211	150	5
212	150	5
213	150	5
214	150	5
215	150	5
216	150	5
217	150	5
218	150	5
219	150	5
220	150	5
221	150	5
222	150	5
223	150	5
224	150	5
225	150	5
226	150	5
227	150	5
228	150	5
229	150	5
230	150	5
231	150	5
232	150	5
234	150	5
235	150	5
237	150	5
239	150	5
241	150	5
243	150	5
244	150	5
245	150	5
246	150	5
247	151	5
248	151	5
252	151	5
253	151	5
255	151	5
249	152	5
250	152	5
251	152	5
254	152	5
256	152	5
257	152	5
258	152	5
259	153	5
260	153	5
262	153	5
261	154	5
263	154	5
119	150	5
264	155	5
242	287	0
243	288	0
243	289	0
243	290	0
242	291	0
242	292	0
242	293	0
241	294	0
258	261	0
257	262	0
259	262	0
255	263	0
256	263	0
260	261	0
254	264	0
286	365	1
288	365	1
282	366	1
283	366	1
284	366	1
285	366	1
287	366	1
280	367	1
281	367	1
289	365	1
279	368	1
272	154	2
272	155	2
273	156	2
272	153	2
276	153	3
277	154	3
277	155	3
277	156	3
275	152	3
275	83	13
276	84	13
278	84	13
280	84	13
281	84	13
277	85	13
279	85	13
274	82	13
305	220	1
306	220	1
307	220	1
308	220	1
309	220	1
310	220	1
311	220	1
312	220	1
313	220	1
314	221	1
314	222	1
304	220	1
320	263	0
319	264	0
306	338	1
306	339	1
342	58	1
342	59	1
341	60	1
340	61	1
339	62	1
305	367	0
306	367	0
304	368	0
307	368	0
303	369	0
308	369	0
264	156	5
265	157	5
266	158	5
267	159	5
268	159	5
269	160	5
271	160	5
270	161	5
264	155	5
316	251	0
315	252	0
315	253	0
243	160	0
242	161	0
242	162	0
242	163	0
118	151	0
117	152	0
117	153	0
116	154	0
116	155	0
115	156	0
116	157	0
115	158	0
116	159	0
116	160	0
117	161	0
117	162	0
118	163	0
119	150	0
119	164	0
294	262	0
292	263	0
293	263	0
291	264	0
295	261	0
290	265	0
290	221	3
290	222	3
291	223	3
292	223	3
294	223	3
293	224	3
295	224	3
296	224	3
297	224	3
298	224	3
289	220	3
299	224	3
310	263	1
309	264	1
317	264	1
309	265	1
316	265	1
318	265	1
310	266	1
311	266	1
312	266	1
313	266	1
314	266	1
315	266	1
319	264	1
256	128	5
257	129	5
255	127	5
296	262	2
297	262	2
298	262	2
299	262	2
300	263	2
301	264	2
302	264	2
303	264	2
304	264	2
305	264	2
295	261	2
232	163	7
233	163	7
234	163	7
235	163	7
236	163	7
237	163	7
238	163	7
239	163	7
240	163	7
120	164	7
121	164	7
122	164	7
123	164	7
124	164	7
125	164	7
126	164	7
127	164	7
128	164	7
129	164	7
130	164	7
131	164	7
132	164	7
133	164	7
134	164	7
135	164	7
136	164	7
137	164	7
138	164	7
139	164	7
140	164	7
141	164	7
142	164	7
143	164	7
144	164	7
145	164	7
146	164	7
147	164	7
148	164	7
149	164	7
150	164	7
151	164	7
152	164	7
153	164	7
154	164	7
155	164	7
156	164	7
157	164	7
158	164	7
159	164	7
160	164	7
161	164	7
162	164	7
163	164	7
164	164	7
165	164	7
166	164	7
167	164	7
168	164	7
169	164	7
170	164	7
171	164	7
172	164	7
173	164	7
174	164	7
175	164	7
176	164	7
177	164	7
178	164	7
179	164	7
180	164	7
181	164	7
182	164	7
183	164	7
184	164	7
185	164	7
186	164	7
187	164	7
188	164	7
189	164	7
190	164	7
191	164	7
192	164	7
193	164	7
194	164	7
195	164	7
196	164	7
197	164	7
198	164	7
199	164	7
200	164	7
201	164	7
202	164	7
203	164	7
204	164	7
205	164	7
206	164	7
207	164	7
208	164	7
209	164	7
210	164	7
211	164	7
212	164	7
213	164	7
214	164	7
215	164	7
216	164	7
217	164	7
218	164	7
219	164	7
220	164	7
221	164	7
222	164	7
223	164	7
224	164	7
225	164	7
226	164	7
227	164	7
228	164	7
229	164	7
230	164	7
231	164	7
119	164	7
241	164	7
276	109	4
277	109	4
274	110	4
275	110	4
278	108	4
273	109	4
300	225	1
301	225	1
302	226	1
303	227	1
305	227	1
304	228	1
299	224	1
267	96	0
265	97	0
266	97	0
264	98	0
264	99	0
338	13	980
337	14	980
339	14	980
340	15	980
296	368	1
300	368	1
295	369	1
297	369	1
298	369	1
299	369	1
294	368	1
301	368	1
288	305	2
289	305	2
290	305	2
291	305	2
287	306	2
292	306	2
286	307	2
285	308	2
293	306	2
284	309	2
238	13	0
237	14	0
220	15	0
221	15	0
222	15	0
223	15	0
224	15	0
225	15	0
226	15	0
227	15	0
228	15	0
235	15	0
236	15	0
229	16	0
230	16	0
231	16	0
232	16	0
233	16	0
234	16	0
239	12	0
219	15	0
252	265	4
253	265	4
254	264	4
251	266	4
309	370	0
310	370	0
308	369	0
311	370	0
299	119	1
298	120	1
300	120	1
302	120	1
296	121	1
297	121	1
301	121	1
303	121	1
304	121	1
305	121	1
294	122	1
295	122	1
306	120	1
293	123	1
261	262	0
269	262	0
262	263	0
267	263	0
268	263	0
263	264	0
266	264	0
264	265	0
265	265	0
260	261	0
270	261	0
304	370	0
305	370	0
307	370	0
306	371	0
303	369	0
308	369	0
230	120	3
118	121	3
119	121	3
120	121	3
121	121	3
122	121	3
123	121	3
124	121	3
125	121	3
126	121	3
127	121	3
128	121	3
129	121	3
130	121	3
131	121	3
132	121	3
133	121	3
134	121	3
135	121	3
136	121	3
137	121	3
138	121	3
139	121	3
140	121	3
141	121	3
142	121	3
143	121	3
144	121	3
145	121	3
146	121	3
147	121	3
148	121	3
149	121	3
150	121	3
151	121	3
152	121	3
153	121	3
154	121	3
155	121	3
156	121	3
157	121	3
158	121	3
159	121	3
160	121	3
161	121	3
162	121	3
163	121	3
164	121	3
165	121	3
166	121	3
167	121	3
168	121	3
169	121	3
170	121	3
171	121	3
172	121	3
173	121	3
174	121	3
175	121	3
176	121	3
177	121	3
178	121	3
179	121	3
180	121	3
181	121	3
182	121	3
183	121	3
184	121	3
185	121	3
186	121	3
187	121	3
188	121	3
189	121	3
190	121	3
191	121	3
192	121	3
193	121	3
194	121	3
195	121	3
196	121	3
197	121	3
198	121	3
199	121	3
200	121	3
201	121	3
202	121	3
203	121	3
204	121	3
205	121	3
206	121	3
207	121	3
208	121	3
209	121	3
210	121	3
211	121	3
212	121	3
213	121	3
214	121	3
215	121	3
216	121	3
217	121	3
218	121	3
219	121	3
220	121	3
221	121	3
222	121	3
223	121	3
224	121	3
225	121	3
226	121	3
227	121	3
228	121	3
229	121	3
231	121	3
232	121	3
233	121	3
234	121	3
235	121	3
236	121	3
237	121	3
238	121	3
239	121	3
240	121	3
241	121	3
242	121	3
243	121	3
245	121	3
246	121	3
248	121	3
249	121	3
244	122	3
247	122	3
117	121	3
250	122	3
124	108	0
125	108	0
122	109	0
123	109	0
120	110	0
121	110	0
118	111	0
119	111	0
116	112	0
117	112	0
115	113	0
126	107	0
114	114	0
309	188	2
310	189	2
310	190	2
311	191	2
312	191	2
313	192	2
314	193	2
315	194	2
308	187	2
280	369	1
280	370	1
281	371	1
281	372	1
282	373	1
279	368	1
305	330	0
306	330	0
304	331	0
304	332	0
307	121	0
308	122	0
306	120	0
251	86	0
248	87	0
250	87	0
247	88	0
249	88	0
245	89	0
246	89	0
244	90	0
243	91	0
252	85	0
242	92	0
144	91	0
145	91	0
146	91	0
147	91	0
148	91	0
149	91	0
150	91	0
151	91	0
152	91	0
153	91	0
154	91	0
155	91	0
156	91	0
157	91	0
158	91	0
159	91	0
160	91	0
161	91	0
162	91	0
163	91	0
164	91	0
165	91	0
166	91	0
167	91	0
168	91	0
169	91	0
170	91	0
171	91	0
172	91	0
173	91	0
174	91	0
175	91	0
176	91	0
177	91	0
178	91	0
179	91	0
180	91	0
181	91	0
182	91	0
183	91	0
184	91	0
185	91	0
186	91	0
187	91	0
188	91	0
189	91	0
190	91	0
191	91	0
192	91	0
193	91	0
194	91	0
195	91	0
196	91	0
197	91	0
198	91	0
199	91	0
200	91	0
201	91	0
202	91	0
203	91	0
204	91	0
205	91	0
206	91	0
207	91	0
208	91	0
209	91	0
210	91	0
211	91	0
212	91	0
213	91	0
214	91	0
215	91	0
216	91	0
217	91	0
218	91	0
219	91	0
220	91	0
221	91	0
222	91	0
223	91	0
224	91	0
225	91	0
226	91	0
227	91	0
228	91	0
229	91	0
230	91	0
231	91	0
232	91	0
233	91	0
234	91	0
235	91	0
236	91	0
238	91	0
240	91	0
237	92	0
239	92	0
143	91	0
241	92	0
247	351	5
248	351	5
249	351	5
250	351	5
251	351	5
252	351	5
254	351	5
256	351	5
193	352	5
194	352	5
195	352	5
196	352	5
197	352	5
198	352	5
199	352	5
200	352	5
201	352	5
202	352	5
203	352	5
204	352	5
205	352	5
206	352	5
207	352	5
208	352	5
209	352	5
210	352	5
211	352	5
212	352	5
213	352	5
214	352	5
215	352	5
216	352	5
217	352	5
218	352	5
219	352	5
220	352	5
221	352	5
222	352	5
223	352	5
224	352	5
225	352	5
226	352	5
227	352	5
228	352	5
229	352	5
230	352	5
231	352	5
232	352	5
234	352	5
236	352	5
238	352	5
245	352	5
246	352	5
253	352	5
255	352	5
257	352	5
258	352	5
265	352	5
233	353	5
235	353	5
237	353	5
239	353	5
240	353	5
241	353	5
242	353	5
243	353	5
244	353	5
259	353	5
260	353	5
261	353	5
262	353	5
263	353	5
264	353	5
266	353	5
267	353	5
268	353	5
269	353	5
192	352	5
270	354	5
307	13	5
306	14	5
304	15	5
305	15	5
303	16	5
302	17	5
302	18	5
301	19	5
300	20	5
299	21	5
308	12	5
299	22	5
353	60	0
352	59	0
293	15	2
293	16	2
292	17	2
292	18	2
292	19	2
291	20	2
292	21	2
292	22	2
292	23	2
284	185	15
285	185	15
283	186	15
281	187	15
282	187	15
278	188	15
279	188	15
280	188	15
245	189	15
246	189	15
247	189	15
248	189	15
250	189	15
274	189	15
275	189	15
276	189	15
277	189	15
243	190	15
244	190	15
249	190	15
251	190	15
252	190	15
253	190	15
255	190	15
264	190	15
268	190	15
269	190	15
270	190	15
271	190	15
272	190	15
273	190	15
242	191	15
254	191	15
256	191	15
257	191	15
258	191	15
259	191	15
260	191	15
261	191	15
262	191	15
263	191	15
265	191	15
266	191	15
267	191	15
240	192	15
241	192	15
239	193	15
230	1	19
228	2	19
229	2	19
227	3	19
226	4	19
226	5	19
226	6	19
306	334	0
307	334	0
305	333	0
284	340	987
285	340	987
119	191	4
120	191	4
121	191	4
122	191	4
123	191	4
124	191	4
125	191	4
126	191	4
127	191	4
128	191	4
129	191	4
130	191	4
131	191	4
132	191	4
133	191	4
134	191	4
135	191	4
136	191	4
137	191	4
138	191	4
139	191	4
140	191	4
141	191	4
142	191	4
143	191	4
144	191	4
145	191	4
146	191	4
147	191	4
148	191	4
149	191	4
150	191	4
151	191	4
152	191	4
153	191	4
154	191	4
155	191	4
156	191	4
157	191	4
158	191	4
159	191	4
160	191	4
161	191	4
162	191	4
163	191	4
164	191	4
165	191	4
166	191	4
167	191	4
168	191	4
169	191	4
170	191	4
171	191	4
172	191	4
173	191	4
174	191	4
175	191	4
176	191	4
177	191	4
178	191	4
179	191	4
180	191	4
181	191	4
182	191	4
183	191	4
184	191	4
185	191	4
186	191	4
187	191	4
188	191	4
189	191	4
190	191	4
191	191	4
192	191	4
193	191	4
194	191	4
195	191	4
196	191	4
197	191	4
198	191	4
199	191	4
200	191	4
201	191	4
202	191	4
203	191	4
204	191	4
205	191	4
206	191	4
207	191	4
208	191	4
209	191	4
210	191	4
211	191	4
212	191	4
213	191	4
214	191	4
215	191	4
216	191	4
217	191	4
218	191	4
219	191	4
220	191	4
221	191	4
222	191	4
223	191	4
224	191	4
225	191	4
226	191	4
227	191	4
228	191	4
229	191	4
230	191	4
231	191	4
232	191	4
233	191	4
236	191	4
234	192	4
235	192	4
237	192	4
238	192	4
118	191	4
239	193	4
117	251	0
116	252	0
116	253	0
115	254	0
115	255	0
114	256	0
114	257	0
114	258	0
114	259	0
114	260	0
115	261	0
115	262	0
116	263	0
116	264	0
117	265	0
118	250	0
118	266	0
258	122	5
258	123	5
257	124	5
257	125	5
256	126	5
258	121	5
255	127	5
319	7	0
320	7	0
321	7	0
316	8	0
317	8	0
318	8	0
322	8	0
315	9	0
323	9	0
314	10	0
324	10	0
325	10	0
329	10	0
326	11	0
327	11	0
328	11	0
313	10	0
330	10	0
163	325	0
163	326	0
163	327	0
163	328	0
164	329	0
165	330	0
166	331	0
167	332	0
168	332	0
169	333	0
170	333	0
171	334	0
172	334	0
173	335	0
174	335	0
175	336	0
176	336	0
163	324	0
177	337	0
310	110	1
311	111	1
312	112	1
313	113	1
314	113	1
310	109	1
315	114	1
294	124	1
294	125	1
295	126	1
296	127	1
293	123	1
296	128	1
292	365	5
293	366	5
291	365	5
294	367	5
260	322	5
262	322	5
264	322	5
165	323	5
166	323	5
167	323	5
168	323	5
169	323	5
170	323	5
171	323	5
172	323	5
173	323	5
174	323	5
175	323	5
176	323	5
177	323	5
178	323	5
179	323	5
180	323	5
181	323	5
182	323	5
183	323	5
184	323	5
185	323	5
186	323	5
187	323	5
188	323	5
189	323	5
190	323	5
191	323	5
192	323	5
193	323	5
194	323	5
195	323	5
196	323	5
197	323	5
198	323	5
199	323	5
200	323	5
201	323	5
202	323	5
203	323	5
204	323	5
205	323	5
206	323	5
207	323	5
208	323	5
209	323	5
210	323	5
211	323	5
212	323	5
213	323	5
214	323	5
215	323	5
216	323	5
217	323	5
218	323	5
219	323	5
220	323	5
221	323	5
222	323	5
223	323	5
224	323	5
225	323	5
226	323	5
227	323	5
228	323	5
229	323	5
230	323	5
231	323	5
233	323	5
250	323	5
252	323	5
254	323	5
255	323	5
256	323	5
257	323	5
258	323	5
259	323	5
261	323	5
263	323	5
265	323	5
266	323	5
267	323	5
269	323	5
271	323	5
232	324	5
234	324	5
235	324	5
236	324	5
237	324	5
238	324	5
239	324	5
241	324	5
243	324	5
245	324	5
247	324	5
248	324	5
249	324	5
251	324	5
253	324	5
268	324	5
270	324	5
272	324	5
273	324	5
274	324	5
276	324	5
301	324	5
303	324	5
304	324	5
305	324	5
240	325	5
242	325	5
244	325	5
246	325	5
275	325	5
277	325	5
278	325	5
279	325	5
280	325	5
281	325	5
282	325	5
283	325	5
285	325	5
296	325	5
298	325	5
299	325	5
300	325	5
302	325	5
284	326	5
286	326	5
287	326	5
288	326	5
289	326	5
290	326	5
291	326	5
292	326	5
293	326	5
294	326	5
295	326	5
297	326	5
164	323	5
306	324	5
297	24	2
298	23	2
296	25	2
238	58	0
240	58	0
242	58	0
243	58	0
244	58	0
245	58	0
246	58	0
247	58	0
249	58	0
251	58	0
252	58	0
253	58	0
254	58	0
255	58	0
256	58	0
257	58	0
235	59	0
237	59	0
239	59	0
241	59	0
248	59	0
250	59	0
258	59	0
259	59	0
260	59	0
261	59	0
262	59	0
263	59	0
264	59	0
266	59	0
174	60	0
175	60	0
176	60	0
177	60	0
178	60	0
179	60	0
180	60	0
181	60	0
182	60	0
183	60	0
184	60	0
185	60	0
186	60	0
187	60	0
188	60	0
189	60	0
190	60	0
191	60	0
192	60	0
193	60	0
194	60	0
195	60	0
196	60	0
197	60	0
198	60	0
199	60	0
200	60	0
201	60	0
202	60	0
203	60	0
204	60	0
205	60	0
206	60	0
207	60	0
208	60	0
209	60	0
210	60	0
211	60	0
212	60	0
213	60	0
214	60	0
215	60	0
216	60	0
217	60	0
218	60	0
219	60	0
220	60	0
221	60	0
222	60	0
223	60	0
224	60	0
225	60	0
226	60	0
227	60	0
229	60	0
230	60	0
232	60	0
233	60	0
234	60	0
236	60	0
265	60	0
267	60	0
268	60	0
270	60	0
272	60	0
274	60	0
228	61	0
231	61	0
269	61	0
271	61	0
273	61	0
275	61	0
276	61	0
277	61	0
278	61	0
279	61	0
280	61	0
281	61	0
282	61	0
283	61	0
292	61	0
294	61	0
295	61	0
296	61	0
297	61	0
298	61	0
299	61	0
284	62	0
285	62	0
286	62	0
287	62	0
288	62	0
289	62	0
290	62	0
291	62	0
293	62	0
173	60	0
300	60	0
296	336	1
297	336	1
298	336	1
295	337	1
299	337	1
294	338	1
315	24	0
315	25	0
311	60	0
312	60	0
310	61	0
313	59	0
309	60	0
266	293	0
265	294	0
264	295	0
298	130	2
298	131	2
299	132	2
297	129	2
280	23	0
276	24	0
277	24	0
278	24	0
279	24	0
281	24	0
282	24	0
287	24	0
289	24	0
291	24	0
273	25	0
275	25	0
283	25	0
284	25	0
285	25	0
286	25	0
288	25	0
290	25	0
255	26	0
256	26	0
258	26	0
260	26	0
262	26	0
264	26	0
266	26	0
267	26	0
269	26	0
271	26	0
272	26	0
274	26	0
253	27	0
254	27	0
257	27	0
259	27	0
261	27	0
263	27	0
265	27	0
268	27	0
270	27	0
251	28	0
252	28	0
250	29	0
292	23	0
249	30	0
239	194	3
240	195	3
241	196	3
241	197	3
242	198	3
239	193	3
293	24	0
295	24	0
294	25	0
292	23	0
296	25	0
284	195	1
283	196	1
282	197	1
281	198	1
280	199	1
285	194	1
279	200	1
116	122	0
116	123	0
115	124	0
115	125	0
114	126	0
114	127	0
114	128	0
115	129	0
114	130	0
115	131	0
115	132	0
116	133	0
116	134	0
117	135	0
117	121	0
118	136	0
313	76	2
314	76	2
317	76	2
315	77	2
316	77	2
312	75	2
307	60	1
301	61	1
306	61	1
302	62	1
303	62	1
304	62	1
305	62	1
300	60	1
308	60	1
243	94	3
244	94	3
245	95	3
246	95	3
247	96	3
248	96	3
249	96	3
251	96	3
253	96	3
250	97	3
252	97	3
254	97	3
255	97	3
256	97	3
257	97	3
258	98	3
259	99	3
260	99	3
262	99	3
261	100	3
263	100	3
242	93	3
264	99	3
296	106	3
297	106	3
298	106	3
299	106	3
300	106	3
301	106	3
280	107	3
282	107	3
284	107	3
287	107	3
289	107	3
291	107	3
292	107	3
293	107	3
294	107	3
295	107	3
279	108	3
281	108	3
283	108	3
285	108	3
286	108	3
288	108	3
290	108	3
302	105	3
278	108	3
336	62	0
337	62	0
338	62	0
334	63	0
335	63	0
339	62	0
333	64	0
273	281	1
274	281	1
275	281	1
276	281	1
277	281	1
278	281	1
279	281	1
280	281	1
272	282	1
281	282	1
282	282	1
283	283	1
284	283	1
285	283	1
286	284	1
290	284	1
287	285	1
288	285	1
289	285	1
291	285	1
292	286	1
293	286	1
294	286	1
295	286	1
296	286	1
271	283	1
297	286	1
296	46	1
297	46	1
298	47	1
299	48	1
295	45	1
316	331	981
317	331	981
312	368	0
312	369	0
311	370	0
265	100	1
266	101	1
267	102	1
264	99	1
317	26	0
316	26	0
292	203	0
291	204	0
307	98	2
309	98	2
311	98	2
306	99	2
308	99	2
310	99	2
304	100	2
305	100	2
303	101	2
302	102	2
302	103	2
302	104	2
302	105	2
253	298	0
254	298	0
255	299	0
252	297	0
256	300	0
140	92	0
141	92	0
138	93	0
139	93	0
136	94	0
137	94	0
134	95	0
135	95	0
132	96	0
133	96	0
130	97	0
131	97	0
129	98	0
128	99	0
127	100	0
126	101	0
126	102	0
126	103	0
126	104	0
126	105	0
142	91	0
126	106	0
262	295	0
263	295	0
261	296	0
260	297	0
259	298	0
257	299	0
258	299	0
264	295	0
256	300	0
296	182	0
297	183	0
295	181	0
297	184	0
243	165	0
242	164	0
314	60	2
315	61	2
316	61	2
317	61	2
318	61	2
319	61	2
320	61	2
321	62	2
325	62	2
322	63	2
323	63	2
324	63	2
326	63	2
327	63	2
328	63	2
329	64	2
330	64	2
331	64	2
332	64	2
313	59	2
333	64	2
291	270	3
292	269	3
300	24	0
301	24	0
302	25	0
303	26	0
304	26	0
305	26	0
307	26	0
308	26	0
309	26	0
306	27	0
310	27	0
311	27	0
312	27	0
313	27	0
299	23	0
314	27	0
351	60	0
350	61	0
349	62	0
348	63	0
348	64	0
352	59	0
348	65	0
284	382	3
286	382	3
283	383	3
285	383	3
281	384	3
282	384	3
287	382	3
280	385	3
311	168	0
310	169	0
309	170	0
271	356	3
271	357	3
272	358	3
273	359	3
272	360	3
271	355	3
334	65	0
333	64	0
335	66	0
179	337	0
180	337	0
181	337	0
182	337	0
183	337	0
184	337	0
185	337	0
186	337	0
187	337	0
188	337	0
189	337	0
190	337	0
191	337	0
192	337	0
193	337	0
194	337	0
195	337	0
196	337	0
197	337	0
198	337	0
199	337	0
200	337	0
201	337	0
202	337	0
203	337	0
204	337	0
205	337	0
206	337	0
207	337	0
208	337	0
209	337	0
210	337	0
211	337	0
212	337	0
213	337	0
214	337	0
215	337	0
216	337	0
217	337	0
218	337	0
219	337	0
220	337	0
221	337	0
222	337	0
223	337	0
224	337	0
225	337	0
226	337	0
227	337	0
228	337	0
229	337	0
230	337	0
231	337	0
233	337	0
247	337	0
248	337	0
249	337	0
250	337	0
251	337	0
232	338	0
234	338	0
235	338	0
236	338	0
237	338	0
238	338	0
239	338	0
240	338	0
241	338	0
242	338	0
243	338	0
244	338	0
245	338	0
246	338	0
178	337	0
252	338	0
216	16	0
217	16	0
214	17	0
215	17	0
212	18	0
213	18	0
210	19	0
211	19	0
208	20	0
209	20	0
206	21	0
207	21	0
205	22	0
204	23	0
203	24	0
202	25	0
202	26	0
202	27	0
202	28	0
202	29	0
218	15	0
202	30	0
312	371	0
311	370	0
246	219	0
248	219	0
250	219	0
252	219	0
119	220	0
120	220	0
121	220	0
122	220	0
123	220	0
124	220	0
125	220	0
126	220	0
127	220	0
128	220	0
129	220	0
130	220	0
131	220	0
132	220	0
133	220	0
134	220	0
135	220	0
136	220	0
137	220	0
138	220	0
139	220	0
140	220	0
141	220	0
142	220	0
143	220	0
144	220	0
145	220	0
146	220	0
147	220	0
148	220	0
149	220	0
150	220	0
151	220	0
152	220	0
153	220	0
154	220	0
155	220	0
156	220	0
157	220	0
158	220	0
159	220	0
160	220	0
161	220	0
162	220	0
163	220	0
164	220	0
165	220	0
166	220	0
167	220	0
168	220	0
169	220	0
170	220	0
171	220	0
172	220	0
173	220	0
174	220	0
175	220	0
176	220	0
177	220	0
178	220	0
179	220	0
180	220	0
181	220	0
182	220	0
183	220	0
184	220	0
185	220	0
186	220	0
187	220	0
188	220	0
189	220	0
190	220	0
191	220	0
192	220	0
193	220	0
194	220	0
195	220	0
196	220	0
197	220	0
198	220	0
199	220	0
200	220	0
201	220	0
202	220	0
203	220	0
204	220	0
205	220	0
206	220	0
207	220	0
208	220	0
209	220	0
210	220	0
211	220	0
212	220	0
213	220	0
214	220	0
215	220	0
216	220	0
217	220	0
218	220	0
219	220	0
220	220	0
221	220	0
222	220	0
223	220	0
224	220	0
225	220	0
226	220	0
227	220	0
228	220	0
229	220	0
232	220	0
234	220	0
236	220	0
237	220	0
238	220	0
239	220	0
240	220	0
241	220	0
242	220	0
243	220	0
244	220	0
245	220	0
247	220	0
249	220	0
251	220	0
253	220	0
254	220	0
255	220	0
256	220	0
257	220	0
258	220	0
259	220	0
261	220	0
285	220	0
286	220	0
287	220	0
230	221	0
231	221	0
233	221	0
235	221	0
260	221	0
262	221	0
263	221	0
264	221	0
265	221	0
266	221	0
267	221	0
268	221	0
269	221	0
270	221	0
271	221	0
272	221	0
274	221	0
282	221	0
284	221	0
273	222	0
275	222	0
276	222	0
277	222	0
278	222	0
279	222	0
280	222	0
281	222	0
283	222	0
118	220	0
288	220	0
261	169	0
259	170	0
260	170	0
256	171	0
257	171	0
258	171	0
253	172	0
254	172	0
255	172	0
252	173	0
251	174	0
250	175	0
310	171	0
309	170	0
315	28	0
316	29	0
314	27	0
337	66	0
336	66	0
338	66	0
323	322	1
322	323	1
321	324	1
296	304	3
297	304	3
295	305	3
294	306	3
322	325	1
323	326	1
325	326	1
326	326	1
327	326	1
328	326	1
324	327	1
329	327	1
321	324	1
343	65	0
345	65	0
344	66	0
346	66	0
347	66	0
342	65	0
348	65	0
288	383	0
287	382	0
243	29	0
245	29	0
246	29	0
234	30	0
238	30	0
240	30	0
241	30	0
242	30	0
244	30	0
247	30	0
248	30	0
204	31	0
205	31	0
206	31	0
207	31	0
208	31	0
209	31	0
210	31	0
211	31	0
212	31	0
213	31	0
214	31	0
215	31	0
216	31	0
217	31	0
218	31	0
219	31	0
220	31	0
221	31	0
222	31	0
223	31	0
224	31	0
225	31	0
226	31	0
227	31	0
228	31	0
229	31	0
230	31	0
231	31	0
232	31	0
233	31	0
235	31	0
236	31	0
237	31	0
239	31	0
249	30	0
203	31	0
286	195	7
285	194	7
295	308	3
296	309	3
297	309	3
298	309	3
299	310	3
294	307	3
230	265	0
231	265	0
232	265	0
233	265	0
234	265	0
235	265	0
236	265	0
237	265	0
238	265	0
240	265	0
242	265	0
244	265	0
247	265	0
119	266	0
120	266	0
121	266	0
122	266	0
123	266	0
124	266	0
125	266	0
126	266	0
127	266	0
128	266	0
129	266	0
130	266	0
131	266	0
132	266	0
133	266	0
134	266	0
135	266	0
136	266	0
137	266	0
138	266	0
139	266	0
140	266	0
141	266	0
142	266	0
143	266	0
144	266	0
145	266	0
146	266	0
147	266	0
148	266	0
149	266	0
150	266	0
151	266	0
152	266	0
153	266	0
154	266	0
155	266	0
156	266	0
157	266	0
158	266	0
159	266	0
160	266	0
161	266	0
162	266	0
163	266	0
164	266	0
165	266	0
166	266	0
167	266	0
168	266	0
169	266	0
170	266	0
171	266	0
172	266	0
173	266	0
174	266	0
175	266	0
176	266	0
177	266	0
178	266	0
179	266	0
180	266	0
181	266	0
182	266	0
183	266	0
184	266	0
185	266	0
186	266	0
187	266	0
188	266	0
189	266	0
190	266	0
191	266	0
192	266	0
193	266	0
194	266	0
195	266	0
196	266	0
197	266	0
198	266	0
199	266	0
200	266	0
201	266	0
202	266	0
203	266	0
204	266	0
205	266	0
206	266	0
207	266	0
208	266	0
209	266	0
210	266	0
211	266	0
212	266	0
213	266	0
214	266	0
215	266	0
216	266	0
217	266	0
218	266	0
219	266	0
220	266	0
221	266	0
222	266	0
223	266	0
224	266	0
225	266	0
226	266	0
227	266	0
228	266	0
229	266	0
239	266	0
241	266	0
243	266	0
245	266	0
246	266	0
248	266	0
249	266	0
118	266	0
250	266	0
341	66	1
340	67	1
342	65	1
339	66	1
349	66	1
350	67	1
348	65	1
351	68	1
257	266	0
256	265	0
256	267	0
314	72	0
313	73	0
312	74	0
118	165	0
117	166	0
117	167	0
116	168	0
116	169	0
115	170	0
116	171	0
115	172	0
116	173	0
116	174	0
117	175	0
117	176	0
119	164	0
118	177	0
335	68	1
335	67	1
354	65	0
353	66	0
355	66	0
357	66	0
352	67	0
356	67	0
358	67	0
358	68	0
351	68	0
254	336	0
255	336	0
253	337	0
256	337	0
257	338	0
252	338	0
118	235	12
119	235	12
120	235	12
121	235	12
122	235	12
123	235	12
124	235	12
125	235	12
126	235	12
127	235	12
128	235	12
129	235	12
130	235	12
131	235	12
132	235	12
133	235	12
134	235	12
135	235	12
136	235	12
137	235	12
138	235	12
139	235	12
140	235	12
141	235	12
142	235	12
143	235	12
144	235	12
145	235	12
146	235	12
147	235	12
148	235	12
149	235	12
150	235	12
151	235	12
152	235	12
153	235	12
154	235	12
155	235	12
156	235	12
157	235	12
158	235	12
159	235	12
160	235	12
161	235	12
162	235	12
163	235	12
164	235	12
165	235	12
166	235	12
167	235	12
168	235	12
169	235	12
170	235	12
171	235	12
172	235	12
173	235	12
174	235	12
175	235	12
176	235	12
177	235	12
178	235	12
179	235	12
180	235	12
181	235	12
182	235	12
183	235	12
184	235	12
185	235	12
186	235	12
187	235	12
188	235	12
189	235	12
190	235	12
191	235	12
192	235	12
193	235	12
194	235	12
195	235	12
196	235	12
197	235	12
198	235	12
199	235	12
200	235	12
201	235	12
202	235	12
203	235	12
204	235	12
205	235	12
206	235	12
207	235	12
208	235	12
209	235	12
210	235	12
211	235	12
212	235	12
213	235	12
214	235	12
215	235	12
216	235	12
217	235	12
218	235	12
219	235	12
220	235	12
221	235	12
222	235	12
223	235	12
224	235	12
225	235	12
226	235	12
227	235	12
228	235	12
230	235	12
231	235	12
233	235	12
235	235	12
237	235	12
238	235	12
239	235	12
240	235	12
241	235	12
242	235	12
243	235	12
244	235	12
245	235	12
246	235	12
247	235	12
229	236	12
232	236	12
234	236	12
236	236	12
117	235	12
248	236	12
242	295	0
243	296	0
244	296	0
245	297	0
246	298	0
247	298	0
248	298	0
249	298	0
250	298	0
241	294	0
251	297	0
291	266	0
291	267	0
290	265	0
292	268	0
277	336	12
278	336	12
286	336	12
287	336	12
288	336	12
276	337	12
279	337	12
280	337	12
281	337	12
282	337	12
283	337	12
284	337	12
285	337	12
289	337	12
290	337	12
292	337	12
272	338	12
274	338	12
275	338	12
291	338	12
252	339	12
263	339	12
269	339	12
270	339	12
271	339	12
273	339	12
253	340	12
254	340	12
257	340	12
259	340	12
260	340	12
261	340	12
262	340	12
264	340	12
265	340	12
266	340	12
267	340	12
268	340	12
255	341	12
256	341	12
258	341	12
252	338	12
293	338	12
254	232	10
256	232	10
258	232	10
262	232	10
252	233	10
253	233	10
255	233	10
257	233	10
259	233	10
260	233	10
261	233	10
263	233	10
264	233	10
265	233	10
266	233	10
267	233	10
268	233	10
250	234	10
251	234	10
269	234	10
271	234	10
249	235	10
270	235	10
272	235	10
274	235	10
276	235	10
273	236	10
275	236	10
277	236	10
278	236	10
279	237	10
248	236	10
280	236	10
207	369	0
207	370	0
207	371	0
207	372	0
207	373	0
208	374	0
209	375	0
210	375	0
211	376	0
212	376	0
213	377	0
214	377	0
215	378	0
216	378	0
217	379	0
218	379	0
219	380	0
220	380	0
207	368	0
221	381	0
352	69	0
353	70	0
354	70	0
351	68	0
298	234	4
298	235	4
298	236	4
279	308	5
280	308	5
281	308	5
282	308	5
230	309	5
231	309	5
233	309	5
235	309	5
276	309	5
278	309	5
283	309	5
151	310	5
152	310	5
153	310	5
154	310	5
155	310	5
156	310	5
157	310	5
158	310	5
159	310	5
160	310	5
161	310	5
162	310	5
163	310	5
164	310	5
165	310	5
166	310	5
167	310	5
168	310	5
169	310	5
170	310	5
171	310	5
172	310	5
173	310	5
174	310	5
175	310	5
176	310	5
177	310	5
178	310	5
179	310	5
180	310	5
181	310	5
182	310	5
183	310	5
184	310	5
185	310	5
186	310	5
187	310	5
188	310	5
189	310	5
190	310	5
191	310	5
192	310	5
193	310	5
194	310	5
195	310	5
196	310	5
197	310	5
198	310	5
199	310	5
200	310	5
201	310	5
202	310	5
203	310	5
204	310	5
205	310	5
206	310	5
207	310	5
208	310	5
209	310	5
210	310	5
211	310	5
212	310	5
213	310	5
214	310	5
215	310	5
216	310	5
217	310	5
218	310	5
219	310	5
220	310	5
221	310	5
222	310	5
223	310	5
224	310	5
225	310	5
226	310	5
227	310	5
228	310	5
229	310	5
232	310	5
234	310	5
236	310	5
237	310	5
238	310	5
239	310	5
272	310	5
274	310	5
275	310	5
277	310	5
240	311	5
241	311	5
242	311	5
244	311	5
246	311	5
247	311	5
248	311	5
249	311	5
250	311	5
251	311	5
252	311	5
254	311	5
267	311	5
269	311	5
271	311	5
273	311	5
243	312	5
245	312	5
253	312	5
255	312	5
256	312	5
257	312	5
258	312	5
260	312	5
261	312	5
262	312	5
263	312	5
264	312	5
265	312	5
266	312	5
268	312	5
270	312	5
259	313	5
284	309	5
150	310	5
319	250	980
318	251	980
320	251	980
243	68	0
243	69	0
243	70	0
243	71	0
243	72	0
243	73	0
275	5	0
276	6	0
277	7	0
274	4	0
278	7	0
135	294	5
136	294	5
137	294	5
138	294	5
139	294	5
140	294	5
141	294	5
142	294	5
143	294	5
144	294	5
145	294	5
146	294	5
147	294	5
148	294	5
149	294	5
150	294	5
151	294	5
152	294	5
153	294	5
154	294	5
155	294	5
156	294	5
157	294	5
158	294	5
159	294	5
160	294	5
161	294	5
162	294	5
163	294	5
164	294	5
165	294	5
166	294	5
167	294	5
168	294	5
169	294	5
170	294	5
171	294	5
172	294	5
173	294	5
174	294	5
175	294	5
176	294	5
177	294	5
178	294	5
179	294	5
180	294	5
181	294	5
182	294	5
183	294	5
184	294	5
185	294	5
186	294	5
187	294	5
188	294	5
189	294	5
190	294	5
191	294	5
192	294	5
193	294	5
194	294	5
195	294	5
196	294	5
197	294	5
198	294	5
199	294	5
200	294	5
201	294	5
202	294	5
203	294	5
204	294	5
205	294	5
206	294	5
207	294	5
208	294	5
209	294	5
210	294	5
211	294	5
212	294	5
213	294	5
214	294	5
215	294	5
216	294	5
217	294	5
218	294	5
219	294	5
220	294	5
221	294	5
222	294	5
223	294	5
224	294	5
225	294	5
226	294	5
227	294	5
228	294	5
229	294	5
232	294	5
234	294	5
236	294	5
239	294	5
230	295	5
231	295	5
233	295	5
235	295	5
237	295	5
238	295	5
240	295	5
134	294	5
241	294	5
262	284	0
261	285	0
261	286	0
258	287	0
259	287	0
260	287	0
257	288	0
256	289	0
255	290	0
254	291	0
253	292	0
253	293	0
252	294	0
252	295	0
252	296	0
133	296	0
133	297	0
133	298	0
133	299	0
134	300	0
135	301	0
136	302	0
137	303	0
138	304	0
139	305	0
140	305	0
141	306	0
142	306	0
143	307	0
144	307	0
145	308	0
146	308	0
147	309	0
148	309	0
133	295	0
149	310	0
252	268	0
253	268	0
256	268	0
254	269	0
256	269	0
255	270	0
251	267	0
256	267	0
305	249	0
306	249	0
304	250	0
307	249	0
303	251	0
318	280	0
318	281	0
317	282	0
275	352	2
276	352	2
277	353	2
278	353	2
279	353	2
282	353	2
283	353	2
280	354	2
281	354	2
274	352	2
284	353	2
273	73	0
275	73	0
276	73	0
277	73	0
278	73	0
279	73	0
244	74	0
271	74	0
272	74	0
274	74	0
245	75	0
246	75	0
256	75	0
257	75	0
258	75	0
259	75	0
260	75	0
262	75	0
264	75	0
265	75	0
266	75	0
267	75	0
268	75	0
269	75	0
270	75	0
247	76	0
248	76	0
253	76	0
254	76	0
255	76	0
261	76	0
263	76	0
249	77	0
250	77	0
251	77	0
252	77	0
243	73	0
280	74	0
287	351	0
285	352	0
286	352	0
284	353	0
296	26	2
296	27	2
297	28	2
297	29	2
298	30	2
299	30	2
300	31	2
296	25	2
170	61	0
171	61	0
168	62	0
169	62	0
166	63	0
167	63	0
164	64	0
165	64	0
162	65	0
163	65	0
161	66	0
160	67	0
159	68	0
158	69	0
157	70	0
156	71	0
156	72	0
156	73	0
156	74	0
172	60	0
156	75	0
118	279	0
117	279	0
119	280	0
250	31	0
251	32	0
252	33	0
249	30	0
285	233	5
286	233	5
287	233	5
283	234	5
284	234	5
288	234	5
289	234	5
282	235	5
290	235	5
291	236	5
292	237	5
293	237	5
294	237	5
295	237	5
296	237	5
297	237	5
281	236	5
298	236	5
300	236	2
301	236	2
299	237	2
298	236	2
298	185	3
299	186	3
300	187	3
302	187	3
301	188	3
303	188	3
305	188	3
307	188	3
304	189	3
306	189	3
297	184	3
308	187	3
301	338	2
302	339	2
303	340	2
300	337	2
304	341	2
305	340	0
306	339	0
304	341	0
298	73	7
296	74	7
297	74	7
299	74	7
300	74	7
295	75	7
294	76	7
293	77	7
287	314	2
287	315	2
288	316	2
289	317	2
289	318	2
288	313	2
271	261	2
272	262	2
273	262	2
274	263	2
275	263	2
276	264	2
277	264	2
278	264	2
280	264	2
282	264	2
284	264	2
286	264	2
279	265	2
281	265	2
283	265	2
285	265	2
287	265	2
288	265	2
289	265	2
270	261	2
290	265	2
248	237	19
249	238	19
250	239	19
251	240	19
252	241	19
248	236	19
281	238	1
282	239	1
282	240	1
283	241	1
281	237	1
296	268	0
297	268	0
298	268	0
295	269	0
294	270	0
293	269	0
117	221	0
116	222	0
116	223	0
115	224	0
115	225	0
114	226	0
114	227	0
114	228	0
114	229	0
114	230	0
115	231	0
115	232	0
116	233	0
116	234	0
118	220	0
117	235	0
305	342	1
304	341	1
312	244	0
313	244	0
314	244	0
311	245	0
311	246	0
310	247	0
309	248	0
308	249	0
279	76	0
277	77	0
278	77	0
276	78	0
275	79	0
274	80	0
280	75	0
274	81	0
257	301	5
258	301	5
259	302	5
260	303	5
261	304	5
262	304	5
263	305	5
256	300	5
271	38	14
270	39	14
270	40	14
270	41	14
269	42	14
295	340	2
296	341	2
296	342	2
297	343	2
298	343	2
299	344	2
294	339	2
200	32	0
201	32	0
198	33	0
199	33	0
196	34	0
197	34	0
194	35	0
195	35	0
192	36	0
193	36	0
190	37	0
191	37	0
189	38	0
188	39	0
188	40	0
188	41	0
188	42	0
188	43	0
202	31	0
188	44	0
262	184	2
263	185	2
264	185	2
265	186	2
262	183	2
272	138	2
272	139	2
117	192	0
117	193	0
116	194	0
116	195	0
115	196	0
115	197	0
114	198	0
114	199	0
114	200	0
115	201	0
115	202	0
116	203	0
116	204	0
117	205	0
118	191	0
118	206	0
264	44	0
265	44	0
266	44	0
190	45	0
191	45	0
192	45	0
193	45	0
194	45	0
195	45	0
196	45	0
197	45	0
198	45	0
199	45	0
200	45	0
201	45	0
202	45	0
203	45	0
204	45	0
205	45	0
206	45	0
207	45	0
208	45	0
209	45	0
210	45	0
211	45	0
212	45	0
213	45	0
214	45	0
215	45	0
216	45	0
217	45	0
218	45	0
219	45	0
220	45	0
221	45	0
222	45	0
223	45	0
224	45	0
225	45	0
226	45	0
227	45	0
228	45	0
229	45	0
231	45	0
233	45	0
234	45	0
236	45	0
238	45	0
240	45	0
242	45	0
244	45	0
246	45	0
247	45	0
248	45	0
249	45	0
250	45	0
252	45	0
254	45	0
256	45	0
258	45	0
260	45	0
262	45	0
263	45	0
230	46	0
232	46	0
235	46	0
237	46	0
239	46	0
241	46	0
243	46	0
245	46	0
251	46	0
253	46	0
255	46	0
257	46	0
259	46	0
261	46	0
267	43	0
189	45	0
320	265	0
319	264	0
223	381	0
224	381	0
225	381	0
226	381	0
227	381	0
228	381	0
229	381	0
230	381	0
233	381	0
234	381	0
235	381	0
236	381	0
237	381	0
238	381	0
266	381	0
268	381	0
270	381	0
231	382	0
232	382	0
239	382	0
240	382	0
242	382	0
249	382	0
251	382	0
253	382	0
255	382	0
257	382	0
264	382	0
265	382	0
267	382	0
269	382	0
271	382	0
272	382	0
273	382	0
275	382	0
241	383	0
243	383	0
244	383	0
246	383	0
247	383	0
248	383	0
250	383	0
252	383	0
254	383	0
256	383	0
258	383	0
259	383	0
260	383	0
261	383	0
262	383	0
263	383	0
274	383	0
276	383	0
278	383	0
245	384	0
277	384	0
279	384	0
222	381	0
280	385	0
308	339	0
307	340	0
306	339	0
296	43	1
295	44	1
295	45	1
313	136	0
312	137	0
314	137	0
312	138	0
315	138	0
316	138	0
317	138	0
312	139	0
311	140	0
321	330	981
322	331	981
278	341	3
277	342	3
277	343	3
276	344	3
275	345	3
276	346	3
275	347	3
274	348	3
274	349	3
273	350	3
273	351	3
307	325	1
320	325	1
307	326	1
315	326	1
317	326	1
318	326	1
319	326	1
308	327	1
309	327	1
310	327	1
312	327	1
314	327	1
316	327	1
311	328	1
313	328	1
306	324	1
321	324	1
177	339	0
177	340	0
177	341	0
177	342	0
177	343	0
178	344	0
179	345	0
180	346	0
181	347	0
182	347	0
183	348	0
184	348	0
185	349	0
186	349	0
187	350	0
188	350	0
189	351	0
190	351	0
177	338	0
191	352	0
281	386	5
282	387	5
283	388	5
280	385	5
284	389	5
293	360	4
294	360	4
295	360	4
296	360	4
292	361	4
291	362	4
290	363	4
290	364	4
230	135	5
231	135	5
233	135	5
235	135	5
237	135	5
119	136	5
120	136	5
121	136	5
122	136	5
123	136	5
124	136	5
125	136	5
126	136	5
127	136	5
128	136	5
129	136	5
130	136	5
131	136	5
132	136	5
133	136	5
134	136	5
135	136	5
136	136	5
137	136	5
138	136	5
139	136	5
140	136	5
141	136	5
142	136	5
143	136	5
144	136	5
145	136	5
146	136	5
147	136	5
148	136	5
149	136	5
150	136	5
151	136	5
152	136	5
153	136	5
154	136	5
155	136	5
156	136	5
157	136	5
158	136	5
159	136	5
160	136	5
161	136	5
162	136	5
163	136	5
164	136	5
165	136	5
166	136	5
167	136	5
168	136	5
169	136	5
170	136	5
171	136	5
172	136	5
173	136	5
174	136	5
175	136	5
176	136	5
177	136	5
178	136	5
179	136	5
180	136	5
181	136	5
182	136	5
183	136	5
184	136	5
185	136	5
186	136	5
187	136	5
188	136	5
189	136	5
190	136	5
191	136	5
192	136	5
193	136	5
194	136	5
195	136	5
196	136	5
197	136	5
198	136	5
199	136	5
200	136	5
201	136	5
202	136	5
203	136	5
204	136	5
205	136	5
206	136	5
207	136	5
208	136	5
209	136	5
210	136	5
211	136	5
212	136	5
213	136	5
214	136	5
215	136	5
216	136	5
217	136	5
218	136	5
219	136	5
220	136	5
221	136	5
222	136	5
223	136	5
224	136	5
225	136	5
226	136	5
227	136	5
228	136	5
229	136	5
232	136	5
234	136	5
236	136	5
238	136	5
240	136	5
239	137	5
241	137	5
242	137	5
243	137	5
244	137	5
246	137	5
245	138	5
247	138	5
249	138	5
251	138	5
262	138	5
263	138	5
248	139	5
250	139	5
252	139	5
253	139	5
254	139	5
255	139	5
256	139	5
257	139	5
258	139	5
259	139	5
260	139	5
261	139	5
118	136	5
264	137	5
280	201	3
281	202	3
281	203	3
282	204	3
290	204	3
283	205	3
287	205	3
289	205	3
284	206	3
285	206	3
286	206	3
288	206	3
279	200	3
291	204	3
275	106	3
276	106	3
273	107	3
274	107	3
277	107	3
272	108	3
278	108	3
248	278	5
231	279	5
238	279	5
240	279	5
242	279	5
243	279	5
244	279	5
245	279	5
246	279	5
247	279	5
249	279	5
121	280	5
122	280	5
123	280	5
124	280	5
125	280	5
126	280	5
127	280	5
128	280	5
129	280	5
130	280	5
131	280	5
132	280	5
133	280	5
134	280	5
135	280	5
136	280	5
137	280	5
138	280	5
139	280	5
140	280	5
141	280	5
142	280	5
143	280	5
144	280	5
145	280	5
146	280	5
147	280	5
148	280	5
149	280	5
150	280	5
151	280	5
152	280	5
153	280	5
154	280	5
155	280	5
156	280	5
157	280	5
158	280	5
159	280	5
160	280	5
161	280	5
162	280	5
163	280	5
164	280	5
165	280	5
166	280	5
167	280	5
168	280	5
169	280	5
170	280	5
171	280	5
172	280	5
173	280	5
174	280	5
175	280	5
176	280	5
177	280	5
178	280	5
179	280	5
180	280	5
181	280	5
182	280	5
183	280	5
184	280	5
185	280	5
186	280	5
187	280	5
188	280	5
189	280	5
190	280	5
191	280	5
192	280	5
193	280	5
194	280	5
195	280	5
196	280	5
197	280	5
198	280	5
199	280	5
200	280	5
201	280	5
202	280	5
203	280	5
204	280	5
205	280	5
206	280	5
207	280	5
208	280	5
209	280	5
210	280	5
211	280	5
212	280	5
213	280	5
214	280	5
215	280	5
216	280	5
217	280	5
218	280	5
219	280	5
220	280	5
221	280	5
222	280	5
223	280	5
224	280	5
225	280	5
226	280	5
227	280	5
228	280	5
229	280	5
230	280	5
232	280	5
233	280	5
234	280	5
235	280	5
236	280	5
237	280	5
239	280	5
241	280	5
250	280	5
251	280	5
252	280	5
253	280	5
256	280	5
258	280	5
260	280	5
261	280	5
262	280	5
263	280	5
264	280	5
254	281	5
255	281	5
257	281	5
259	281	5
265	281	5
266	281	5
267	281	5
268	282	5
270	282	5
269	283	5
120	280	5
271	283	5
303	106	1
304	106	1
305	106	1
306	107	1
307	107	1
308	108	1
309	108	1
302	105	1
310	109	1
292	205	2
291	204	2
294	79	1
295	80	1
296	81	1
293	78	1
297	82	1
249	5	2
250	6	2
248	4	2
306	212	982
307	212	982
308	212	982
305	213	982
303	214	982
304	214	982
302	215	982
286	113	986
284	114	986
285	114	986
265	138	0
266	139	0
267	139	0
268	140	0
269	140	0
270	140	0
271	140	0
264	137	0
272	139	0
273	140	2
272	139	2
251	365	0
250	366	0
286	391	0
288	391	0
287	392	0
285	390	0
295	213	0
294	214	0
294	215	0
293	216	0
290	367	3
291	368	3
292	369	3
290	366	3
293	368	3
303	138	1
304	138	1
301	139	1
302	139	1
305	139	1
306	139	1
300	140	1
307	140	1
308	140	1
309	140	1
310	140	1
299	141	1
311	140	1
298	142	1
267	214	990
268	214	990
266	215	990
265	216	990
265	217	990
117	267	0
116	268	0
116	269	0
115	270	0
115	271	0
114	272	0
114	273	0
114	274	0
115	275	0
115	276	0
116	277	0
118	266	0
116	278	0
268	134	5
269	134	5
270	134	5
271	134	5
272	134	5
273	134	5
267	135	5
274	135	5
275	135	5
276	135	5
265	136	5
266	136	5
277	136	5
278	137	5
279	137	5
280	137	5
281	138	5
282	138	5
284	138	5
283	139	5
285	139	5
286	139	5
287	139	5
288	140	5
289	140	5
290	140	5
291	140	5
292	140	5
293	140	5
294	140	5
295	141	5
296	141	5
297	141	5
264	137	5
298	142	5
232	176	0
245	176	0
247	176	0
248	176	0
119	177	0
120	177	0
121	177	0
122	177	0
123	177	0
124	177	0
125	177	0
126	177	0
127	177	0
128	177	0
129	177	0
130	177	0
131	177	0
132	177	0
133	177	0
134	177	0
135	177	0
136	177	0
137	177	0
138	177	0
139	177	0
140	177	0
141	177	0
142	177	0
143	177	0
144	177	0
145	177	0
146	177	0
147	177	0
148	177	0
149	177	0
150	177	0
151	177	0
152	177	0
153	177	0
154	177	0
155	177	0
156	177	0
157	177	0
158	177	0
159	177	0
160	177	0
161	177	0
162	177	0
163	177	0
164	177	0
165	177	0
166	177	0
167	177	0
168	177	0
169	177	0
170	177	0
171	177	0
172	177	0
173	177	0
174	177	0
175	177	0
176	177	0
177	177	0
178	177	0
179	177	0
180	177	0
181	177	0
182	177	0
183	177	0
184	177	0
185	177	0
186	177	0
187	177	0
188	177	0
189	177	0
190	177	0
191	177	0
192	177	0
193	177	0
194	177	0
195	177	0
196	177	0
197	177	0
198	177	0
199	177	0
200	177	0
201	177	0
202	177	0
203	177	0
204	177	0
205	177	0
206	177	0
207	177	0
208	177	0
209	177	0
210	177	0
211	177	0
212	177	0
213	177	0
214	177	0
215	177	0
216	177	0
217	177	0
218	177	0
219	177	0
220	177	0
221	177	0
222	177	0
223	177	0
224	177	0
225	177	0
226	177	0
227	177	0
228	177	0
229	177	0
230	177	0
231	177	0
233	177	0
234	177	0
235	177	0
236	177	0
237	177	0
238	177	0
239	177	0
240	177	0
241	177	0
242	177	0
243	177	0
244	177	0
246	177	0
249	175	0
118	177	0
312	106	0
311	107	0
311	108	0
310	109	0
291	217	5
292	217	5
290	218	5
293	216	5
289	219	5
117	207	0
116	208	0
116	209	0
115	210	0
115	211	0
114	212	0
114	213	0
114	214	0
115	215	0
115	216	0
116	217	0
116	218	0
117	219	0
118	206	0
118	220	0
