1	1	46
6	6	35
5	5	13
29	29	12
28	28	11
10	10	11
18	18	10
26	26	9
25	25	9
11	11	8
30	30	8
17	17	7
8	8	7
20	20	6
27	27	6
4	4	6
19	19	5
1000	26	5
9	9	5
15	15	5
21	18	4
21	21	4
6	8	4
4	1	4
1000	27	4
22	22	4
27	1	3
29	30	3
15	16	3
16	16	3
29	1	3
30	1	3
6	1	3
28	29	2
26	28	2
16	17	2
3	1	2
1000	21	2
24	1	2
24	24	2
1000	13	2
24	26	2
21	22	2
13	13	2
26	21	2
8	9	2
28	1	2
20	21	2
30	28	2
14	14	2
1000	29	2
11	12	2
26	27	2
23	23	2
15	30	2
19	30	2
27	26	1
30	23	1
26	25	1
30	26	1
1	6	1
29	13	1
15	19	1
25	17	1
19	11	1
30	13	1
1000	30	1
7	6	1
25	26	1
9	11	1
29	16	1
27	28	1
11	13	1
21	26	1
12	14	1
11	30	1
10	13	1
1000	28	1
30	29	1
14	12	1
10	24	1
12	10	1
1	15	1
9	6	1
8	1	1
26	1	1
27	12	1
21	29	1
10	14	1
9	1	1
23	27	1
19	21	1
30	12	1
22	23	1
6	21	1
11	1	1
25	27	1
5	1	1
30	14	1
27	29	1
10	30	1
25	30	1
28	30	1
6	29	1
26	29	1
13	16	1
5	27	1
20	28	1
1000	15	1
28	27	1
10	1	1
8	6	1
11	18	1
17	1	1
26	30	1
12	29	1
6	30	1
25	28	1
28	24	1
13	14	1
3	4	1
19	29	1
17	30	1
20	18	1
18	29	1
17	12	1
10	11	1
26	19	1
22	30	1
