125	325	0
125	326	0
125	327	0
125	328	0
125	329	0
126	330	0
127	331	0
128	332	0
129	333	0
130	333	0
131	334	0
132	334	0
133	335	0
134	335	0
135	336	0
136	336	0
137	337	0
138	337	0
139	338	0
140	338	0
125	324	0
141	339	0
224	165	0
223	166	0
223	167	0
223	168	0
222	169	0
223	170	0
222	171	0
222	172	0
222	173	0
222	174	0
222	175	0
222	176	0
328	174	971
327	175	971
306	59	0
305	60	0
304	61	0
307	58	0
303	62	0
204	1	2
205	1	2
206	1	2
208	1	2
207	2	2
209	2	2
210	3	2
216	60	29
216	61	29
216	62	29
216	59	29
212	1	10
211	2	10
210	3	10
313	192	1
314	192	1
315	192	1
312	192	1
316	192	1
341	174	0
342	175	0
343	176	0
340	173	0
192	206	0
193	206	0
195	206	0
100	207	0
101	207	0
102	207	0
103	207	0
104	207	0
105	207	0
106	207	0
107	207	0
108	207	0
109	207	0
110	207	0
111	207	0
112	207	0
113	207	0
114	207	0
115	207	0
116	207	0
117	207	0
118	207	0
119	207	0
120	207	0
121	207	0
122	207	0
123	207	0
124	207	0
125	207	0
126	207	0
127	207	0
128	207	0
129	207	0
130	207	0
131	207	0
132	207	0
133	207	0
134	207	0
135	207	0
136	207	0
137	207	0
138	207	0
139	207	0
140	207	0
141	207	0
142	207	0
143	207	0
144	207	0
145	207	0
146	207	0
147	207	0
148	207	0
149	207	0
150	207	0
151	207	0
152	207	0
153	207	0
154	207	0
155	207	0
156	207	0
157	207	0
158	207	0
159	207	0
160	207	0
161	207	0
162	207	0
163	207	0
164	207	0
165	207	0
166	207	0
167	207	0
168	207	0
169	207	0
170	207	0
171	207	0
172	207	0
173	207	0
174	207	0
175	207	0
176	207	0
177	207	0
178	207	0
179	207	0
180	207	0
181	207	0
182	207	0
183	207	0
184	207	0
185	207	0
186	207	0
187	207	0
188	207	0
189	207	0
190	207	0
191	207	0
194	207	0
99	207	0
196	207	0
365	248	0
364	249	0
386	115	0
385	116	0
375	221	1
376	222	1
377	223	1
378	224	1
379	224	1
380	225	1
382	225	1
384	225	1
386	225	1
381	226	1
383	226	1
385	226	1
374	220	1
256	114	20
255	115	20
255	116	20
255	117	20
208	276	0
209	276	0
210	276	0
212	276	0
206	277	0
207	277	0
211	277	0
213	277	0
204	278	0
205	278	0
214	278	0
191	279	0
192	279	0
194	279	0
196	279	0
198	279	0
199	279	0
200	279	0
201	279	0
202	279	0
203	279	0
215	279	0
216	279	0
100	280	0
101	280	0
102	280	0
103	280	0
104	280	0
105	280	0
106	280	0
107	280	0
108	280	0
109	280	0
110	280	0
111	280	0
112	280	0
113	280	0
114	280	0
115	280	0
116	280	0
117	280	0
118	280	0
119	280	0
120	280	0
121	280	0
122	280	0
123	280	0
124	280	0
125	280	0
126	280	0
127	280	0
128	280	0
129	280	0
130	280	0
131	280	0
132	280	0
133	280	0
134	280	0
135	280	0
136	280	0
137	280	0
138	280	0
139	280	0
140	280	0
141	280	0
142	280	0
143	280	0
144	280	0
145	280	0
146	280	0
147	280	0
148	280	0
149	280	0
150	280	0
151	280	0
152	280	0
153	280	0
154	280	0
155	280	0
156	280	0
157	280	0
158	280	0
159	280	0
160	280	0
161	280	0
162	280	0
163	280	0
164	280	0
165	280	0
166	280	0
167	280	0
168	280	0
169	280	0
170	280	0
171	280	0
172	280	0
173	280	0
174	280	0
175	280	0
176	280	0
177	280	0
178	280	0
179	280	0
180	280	0
181	280	0
182	280	0
183	280	0
184	280	0
185	280	0
186	280	0
187	280	0
188	280	0
189	280	0
190	280	0
193	280	0
195	280	0
197	280	0
217	280	0
218	281	0
219	281	0
99	280	0
220	282	0
266	55	5
267	56	5
268	56	5
269	57	5
270	58	5
271	58	5
272	59	5
273	60	5
274	60	5
275	61	5
276	61	5
277	61	5
278	61	5
279	61	5
280	61	5
281	61	5
282	61	5
283	61	5
284	61	5
285	61	5
286	61	5
287	61	5
288	61	5
289	61	5
290	62	5
291	62	5
292	62	5
293	62	5
294	62	5
295	62	5
302	62	5
296	63	5
297	63	5
298	63	5
299	63	5
300	63	5
301	63	5
265	54	5
303	62	5
371	113	2
367	114	2
368	114	2
369	114	2
370	114	2
372	114	2
364	115	2
365	115	2
366	115	2
373	115	2
374	115	2
379	115	2
380	115	2
381	115	2
375	116	2
376	116	2
377	116	2
378	116	2
382	116	2
383	115	2
363	116	2
346	59	0
347	60	0
348	61	0
349	62	0
350	62	0
351	63	0
352	63	0
353	63	0
354	64	0
355	65	0
356	65	0
345	58	0
357	66	0
99	163	0
98	164	0
98	165	0
97	166	0
97	167	0
96	168	0
96	169	0
95	170	0
96	171	0
96	172	0
97	173	0
97	174	0
98	175	0
98	176	0
100	162	0
99	177	0
369	5	972
370	5	972
371	5	972
409	60	6
409	61	6
408	62	6
407	63	6
406	64	6
405	65	6
404	66	6
404	67	6
350	67	9
351	68	9
221	1	1
222	1	1
224	1	1
226	1	1
228	1	1
223	2	1
225	2	1
227	2	1
229	2	1
230	2	1
231	2	1
232	2	1
233	2	1
234	2	1
236	2	1
235	3	1
237	3	1
238	3	1
240	3	1
239	4	1
241	4	1
242	4	1
243	5	1
244	5	1
245	6	1
246	7	1
359	66	0
360	67	0
361	67	0
358	67	0
362	68	0
308	282	1
309	282	1
306	283	1
307	283	1
310	283	1
305	284	1
311	284	1
312	285	1
305	285	1
311	286	1
330	1	6
328	2	6
329	2	6
324	3	6
326	3	6
327	3	6
322	4	6
323	4	6
325	4	6
320	5	6
321	5	6
317	6	6
318	6	6
319	6	6
314	7	6
315	7	6
316	7	6
311	8	6
312	8	6
313	8	6
300	9	6
302	9	6
304	9	6
306	9	6
307	9	6
308	9	6
309	9	6
310	9	6
298	10	6
299	10	6
301	10	6
303	10	6
305	10	6
293	11	6
294	11	6
295	11	6
296	11	6
297	11	6
289	12	6
290	12	6
291	12	6
292	12	6
286	13	6
287	13	6
288	13	6
282	14	6
283	14	6
284	14	6
285	14	6
281	15	6
345	111	3
346	111	3
347	112	3
348	112	3
349	113	3
350	113	3
351	113	3
352	113	3
353	113	3
354	113	3
355	113	3
356	114	3
357	114	3
358	114	3
359	114	3
360	114	3
361	114	3
362	115	3
344	110	3
363	116	3
280	114	3
278	115	3
279	115	3
281	115	3
282	115	3
276	116	3
277	116	3
283	116	3
284	116	3
285	116	3
275	117	3
286	117	3
287	117	3
288	118	3
274	118	3
289	119	3
296	113	4
294	114	4
295	114	4
293	115	4
292	116	4
291	117	4
290	118	4
296	112	4
289	119	4
232	278	0
234	278	0
226	279	0
228	279	0
229	279	0
230	279	0
231	279	0
233	279	0
235	279	0
236	279	0
224	280	0
225	280	0
227	280	0
237	280	0
221	281	0
222	281	0
223	281	0
238	281	0
220	282	0
368	118	3
368	119	3
98	105	0
97	106	0
97	107	0
96	108	0
96	109	0
95	110	0
95	111	0
95	112	0
95	113	0
95	114	0
96	115	0
96	116	0
97	117	0
97	118	0
98	119	0
99	104	0
99	120	0
245	279	0
247	279	0
248	279	0
249	279	0
250	279	0
251	279	0
252	279	0
253	279	0
254	279	0
255	279	0
256	279	0
258	279	0
239	280	0
240	280	0
241	280	0
242	280	0
243	280	0
244	280	0
246	280	0
257	280	0
259	280	0
260	280	0
261	281	0
262	282	0
263	282	0
264	282	0
265	283	0
266	283	0
267	284	0
268	284	0
270	284	0
269	285	0
271	285	0
272	285	0
274	285	0
275	285	0
277	285	0
279	285	0
280	285	0
281	285	0
282	285	0
273	286	0
276	286	0
278	286	0
283	286	0
284	286	0
285	286	0
286	286	0
288	286	0
290	286	0
292	286	0
297	286	0
299	286	0
301	286	0
302	286	0
303	286	0
304	286	0
287	287	0
289	287	0
291	287	0
293	287	0
294	287	0
295	287	0
296	287	0
298	287	0
300	287	0
238	281	0
305	285	0
304	336	13
303	337	13
303	338	13
302	339	13
301	340	13
274	229	15
274	230	15
274	231	15
274	232	15
274	233	15
274	234	15
274	235	15
274	236	15
352	67	2
353	68	2
354	68	2
355	68	2
356	68	2
357	67	2
351	68	2
377	4	969
379	4	969
373	5	969
374	5	969
375	5	969
376	5	969
378	5	969
380	5	969
386	5	969
381	6	969
382	6	969
383	6	969
385	6	969
387	6	969
384	7	969
245	68	0
245	69	0
245	70	0
245	71	0
245	72	0
245	73	0
270	5	975
272	5	975
271	6	975
273	6	975
274	6	975
275	6	975
277	6	975
280	6	975
276	7	975
278	7	975
279	7	975
281	7	975
282	7	975
283	7	975
284	7	975
285	8	975
306	286	1
307	287	1
308	287	1
309	288	1
305	285	1
310	287	1
232	77	0
232	78	0
231	79	0
230	80	0
229	81	0
228	82	0
226	83	0
227	83	0
224	84	0
225	84	0
221	85	0
222	85	0
223	85	0
218	86	0
219	86	0
220	86	0
232	76	0
217	86	0
194	1	0
193	2	0
192	3	0
191	4	0
190	5	0
190	6	0
190	7	0
190	8	0
190	9	0
190	10	0
233	117	3
234	117	3
235	118	3
236	118	3
238	118	3
239	118	3
249	118	3
251	118	3
253	118	3
254	118	3
237	119	3
240	119	3
241	119	3
242	119	3
243	119	3
244	119	3
245	119	3
246	119	3
247	119	3
248	119	3
250	119	3
252	119	3
232	116	3
255	117	3
336	176	5
337	176	5
332	177	5
333	177	5
334	177	5
335	177	5
329	178	5
330	178	5
331	178	5
326	179	5
327	179	5
328	179	5
325	180	5
324	181	5
324	182	5
323	183	5
338	175	5
323	184	5
311	65	0
311	66	0
312	67	0
312	68	0
312	69	0
312	70	0
324	68	0
326	68	0
327	68	0
322	69	0
323	69	0
325	69	0
328	69	0
321	70	0
319	71	0
320	71	0
329	70	0
318	72	0
208	176	0
209	176	0
100	177	0
101	177	0
102	177	0
103	177	0
104	177	0
105	177	0
106	177	0
107	177	0
108	177	0
109	177	0
110	177	0
111	177	0
112	177	0
113	177	0
114	177	0
115	177	0
116	177	0
117	177	0
118	177	0
119	177	0
120	177	0
121	177	0
122	177	0
123	177	0
124	177	0
125	177	0
126	177	0
127	177	0
128	177	0
129	177	0
130	177	0
131	177	0
132	177	0
133	177	0
134	177	0
135	177	0
136	177	0
137	177	0
138	177	0
139	177	0
140	177	0
141	177	0
142	177	0
143	177	0
144	177	0
145	177	0
146	177	0
147	177	0
148	177	0
149	177	0
150	177	0
151	177	0
152	177	0
153	177	0
154	177	0
155	177	0
156	177	0
157	177	0
158	177	0
159	177	0
160	177	0
161	177	0
162	177	0
163	177	0
164	177	0
165	177	0
166	177	0
167	177	0
168	177	0
169	177	0
170	177	0
171	177	0
172	177	0
173	177	0
174	177	0
175	177	0
176	177	0
177	177	0
178	177	0
179	177	0
180	177	0
181	177	0
182	177	0
183	177	0
184	177	0
185	177	0
186	177	0
187	177	0
188	177	0
189	177	0
190	177	0
191	177	0
206	177	0
207	177	0
192	178	0
193	178	0
194	178	0
195	178	0
196	178	0
197	178	0
198	178	0
199	178	0
200	178	0
201	178	0
203	178	0
204	178	0
205	178	0
202	179	0
210	175	0
99	177	0
364	67	6
365	67	6
366	67	6
367	67	6
368	67	6
369	67	6
370	67	6
371	67	6
372	67	6
374	67	6
382	67	6
384	67	6
386	67	6
388	67	6
390	67	6
373	68	6
375	68	6
376	68	6
377	68	6
378	68	6
379	68	6
380	68	6
381	68	6
383	68	6
385	68	6
387	68	6
389	68	6
391	68	6
392	68	6
393	68	6
394	69	6
395	69	6
396	69	6
397	69	6
363	68	6
398	70	6
401	68	0
403	68	0
402	69	0
404	67	0
400	69	0
304	63	0
304	64	0
304	65	0
305	66	0
305	67	0
306	68	0
306	69	0
306	70	0
306	71	0
306	72	0
303	62	0
306	73	0
238	282	0
237	283	0
236	284	0
235	285	0
233	286	0
234	286	0
232	287	0
231	288	0
230	289	0
230	290	0
229	291	0
229	292	0
238	281	0
229	293	0
302	342	11
303	343	11
301	341	11
98	281	0
97	282	0
97	283	0
96	284	0
96	285	0
95	286	0
95	287	0
95	288	0
96	289	0
96	290	0
97	291	0
97	292	0
98	293	0
99	280	0
99	294	0
269	336	23
269	337	23
267	338	23
268	338	23
266	339	23
265	340	23
263	341	23
264	341	23
262	342	23
263	343	23
263	344	23
263	345	23
269	335	23
263	346	23
277	340	19
276	341	19
275	342	19
274	343	19
273	344	19
273	345	19
273	346	19
194	293	0
196	293	0
198	293	0
200	293	0
201	293	0
202	293	0
203	293	0
100	294	0
101	294	0
102	294	0
103	294	0
104	294	0
105	294	0
106	294	0
107	294	0
108	294	0
109	294	0
110	294	0
111	294	0
112	294	0
113	294	0
114	294	0
115	294	0
116	294	0
117	294	0
118	294	0
119	294	0
120	294	0
121	294	0
122	294	0
123	294	0
124	294	0
125	294	0
126	294	0
127	294	0
128	294	0
129	294	0
130	294	0
131	294	0
132	294	0
133	294	0
134	294	0
135	294	0
136	294	0
137	294	0
138	294	0
139	294	0
140	294	0
141	294	0
142	294	0
143	294	0
144	294	0
145	294	0
146	294	0
147	294	0
148	294	0
149	294	0
150	294	0
151	294	0
152	294	0
153	294	0
154	294	0
155	294	0
156	294	0
157	294	0
158	294	0
159	294	0
160	294	0
161	294	0
162	294	0
163	294	0
164	294	0
165	294	0
166	294	0
167	294	0
168	294	0
169	294	0
170	294	0
171	294	0
172	294	0
173	294	0
174	294	0
175	294	0
176	294	0
177	294	0
178	294	0
179	294	0
180	294	0
181	294	0
182	294	0
183	294	0
184	294	0
185	294	0
186	294	0
187	294	0
188	294	0
189	294	0
190	294	0
191	294	0
192	294	0
193	294	0
195	294	0
197	294	0
199	294	0
204	292	0
99	294	0
211	4	18
211	5	18
212	6	18
212	7	18
212	8	18
212	9	18
212	10	18
212	11	18
212	12	18
210	3	18
212	13	18
314	71	0
315	71	0
316	71	0
317	71	0
313	71	0
318	72	0
366	6	0
365	7	0
364	8	0
364	9	0
363	10	0
362	11	0
362	12	0
361	13	0
350	69	0
350	70	0
350	71	0
351	68	0
350	72	0
362	70	9
361	71	9
362	69	9
361	72	9
246	9	0
245	10	0
244	11	0
244	12	0
244	13	0
246	8	0
244	14	0
248	6	5
250	6	5
249	7	5
251	7	5
252	7	5
253	8	5
254	8	5
255	9	5
256	10	5
257	11	5
258	12	5
259	13	5
247	7	5
259	14	5
280	10	0
280	11	0
280	12	0
280	13	0
280	14	0
223	178	0
224	178	0
225	179	0
226	180	0
227	181	0
228	182	0
229	183	0
222	177	0
230	184	0
272	348	0
270	349	0
271	349	0
273	347	0
269	350	0
275	348	1
276	349	1
274	347	1
277	350	1
279	348	0
278	349	0
277	350	0
330	281	2
329	280	2
262	347	2
261	348	2
260	349	2
259	350	2
263	346	2
258	351	2
264	347	0
265	348	0
266	349	0
267	350	0
263	346	0
268	350	0
257	350	0
254	351	0
255	351	0
256	351	0
253	352	0
252	353	0
258	351	0
251	354	0
234	182	0
235	182	0
237	182	0
239	182	0
231	183	0
232	183	0
233	183	0
236	183	0
238	183	0
240	183	0
242	183	0
241	184	0
243	184	0
244	184	0
230	184	0
245	185	0
398	71	0
398	72	0
398	70	0
297	138	4
300	138	4
302	138	4
288	139	4
290	139	4
291	139	4
292	139	4
293	139	4
294	139	4
295	139	4
296	139	4
298	139	4
299	139	4
301	139	4
303	139	4
282	140	4
284	140	4
286	140	4
287	140	4
289	140	4
280	141	4
281	141	4
283	141	4
285	141	4
304	139	4
279	142	4
273	180	0
274	180	0
275	181	0
276	181	0
277	182	0
278	182	0
280	182	0
279	183	0
281	183	0
282	184	0
272	179	0
283	185	0
192	12	0
193	12	0
194	13	0
195	13	0
196	13	0
198	13	0
197	14	0
199	14	0
200	14	0
201	14	0
202	14	0
204	14	0
206	14	0
208	14	0
210	14	0
211	14	0
203	15	0
205	15	0
207	15	0
209	15	0
191	11	0
212	13	0
252	182	1
253	182	1
249	183	1
250	183	1
251	183	1
254	183	1
255	183	1
247	184	1
248	184	1
256	184	1
257	185	1
258	185	1
246	185	1
259	186	1
331	68	5
330	69	5
332	69	5
333	69	5
334	69	5
335	70	5
337	70	5
336	71	5
338	71	5
340	71	5
342	71	5
339	72	5
341	72	5
343	72	5
344	72	5
345	72	5
346	72	5
348	72	5
347	73	5
329	70	5
349	73	5
270	180	3
271	180	3
267	181	3
269	181	3
266	182	3
268	182	3
264	183	3
265	183	3
263	184	3
261	185	3
262	185	3
272	179	3
260	186	3
219	233	4
221	233	4
222	233	4
223	233	4
224	233	4
225	233	4
226	233	4
227	233	4
228	233	4
230	233	4
232	233	4
208	234	4
210	234	4
212	234	4
214	234	4
216	234	4
217	234	4
218	234	4
220	234	4
229	234	4
231	234	4
233	234	4
234	234	4
235	234	4
237	234	4
239	234	4
194	235	4
196	235	4
198	235	4
200	235	4
202	235	4
204	235	4
205	235	4
206	235	4
207	235	4
209	235	4
211	235	4
213	235	4
215	235	4
236	235	4
238	235	4
240	235	4
242	235	4
244	235	4
246	235	4
248	235	4
250	235	4
252	235	4
254	235	4
256	235	4
258	235	4
260	235	4
262	235	4
100	236	4
101	236	4
102	236	4
103	236	4
104	236	4
105	236	4
106	236	4
107	236	4
108	236	4
109	236	4
110	236	4
111	236	4
112	236	4
113	236	4
114	236	4
115	236	4
116	236	4
117	236	4
118	236	4
119	236	4
120	236	4
121	236	4
122	236	4
123	236	4
124	236	4
125	236	4
126	236	4
127	236	4
128	236	4
129	236	4
130	236	4
131	236	4
132	236	4
133	236	4
134	236	4
135	236	4
136	236	4
137	236	4
138	236	4
139	236	4
140	236	4
141	236	4
142	236	4
143	236	4
144	236	4
145	236	4
146	236	4
147	236	4
148	236	4
149	236	4
150	236	4
151	236	4
152	236	4
153	236	4
154	236	4
155	236	4
156	236	4
157	236	4
158	236	4
159	236	4
160	236	4
161	236	4
162	236	4
163	236	4
164	236	4
165	236	4
166	236	4
167	236	4
168	236	4
169	236	4
170	236	4
171	236	4
172	236	4
173	236	4
174	236	4
175	236	4
176	236	4
177	236	4
178	236	4
179	236	4
180	236	4
181	236	4
182	236	4
183	236	4
184	236	4
185	236	4
186	236	4
187	236	4
188	236	4
189	236	4
190	236	4
191	236	4
192	236	4
193	236	4
195	236	4
197	236	4
199	236	4
201	236	4
203	236	4
241	236	4
243	236	4
245	236	4
247	236	4
249	236	4
251	236	4
253	236	4
255	236	4
257	236	4
259	236	4
261	236	4
263	236	4
264	236	4
265	236	4
266	236	4
268	236	4
271	236	4
272	236	4
267	237	4
269	237	4
270	237	4
273	237	4
99	236	4
274	236	4
275	237	0
276	237	0
274	236	0
277	238	0
285	231	1
284	232	1
283	233	1
282	234	1
280	235	1
281	235	1
279	236	1
278	237	1
277	238	1
355	73	2
357	73	2
358	73	2
359	73	2
360	73	2
353	74	2
354	74	2
356	74	2
361	72	2
352	74	2
196	118	25
198	118	25
200	118	25
202	118	25
204	118	25
206	118	25
208	118	25
191	119	25
192	119	25
193	119	25
194	119	25
195	119	25
197	119	25
199	119	25
201	119	25
203	119	25
205	119	25
207	119	25
209	119	25
210	119	25
211	119	25
212	119	25
213	119	25
214	119	25
216	119	25
100	120	25
101	120	25
102	120	25
103	120	25
104	120	25
105	120	25
106	120	25
107	120	25
108	120	25
109	120	25
110	120	25
111	120	25
112	120	25
113	120	25
114	120	25
115	120	25
116	120	25
117	120	25
118	120	25
119	120	25
120	120	25
121	120	25
122	120	25
123	120	25
124	120	25
125	120	25
126	120	25
127	120	25
128	120	25
129	120	25
130	120	25
131	120	25
132	120	25
133	120	25
134	120	25
135	120	25
136	120	25
137	120	25
138	120	25
139	120	25
140	120	25
141	120	25
142	120	25
143	120	25
144	120	25
145	120	25
146	120	25
147	120	25
148	120	25
149	120	25
150	120	25
151	120	25
152	120	25
153	120	25
154	120	25
155	120	25
156	120	25
157	120	25
158	120	25
159	120	25
160	120	25
161	120	25
162	120	25
163	120	25
164	120	25
165	120	25
166	120	25
167	120	25
168	120	25
169	120	25
170	120	25
171	120	25
172	120	25
173	120	25
174	120	25
175	120	25
176	120	25
177	120	25
178	120	25
179	120	25
180	120	25
181	120	25
182	120	25
183	120	25
184	120	25
185	120	25
186	120	25
187	120	25
188	120	25
189	120	25
190	120	25
215	120	25
217	120	25
99	120	25
218	121	25
223	117	0
225	117	0
227	117	0
229	117	0
230	117	0
222	118	0
224	118	0
226	118	0
228	118	0
220	119	0
221	119	0
219	120	0
231	116	0
218	121	0
278	351	2
279	352	2
277	350	2
368	72	1
369	72	1
362	73	1
363	73	1
365	73	1
366	73	1
367	73	1
370	73	1
364	74	1
361	72	1
405	68	3
406	69	3
407	69	3
408	70	3
409	71	3
410	71	3
411	71	3
412	72	3
413	72	3
414	73	3
404	67	3
134	62	0
135	62	0
132	63	0
133	63	0
130	64	0
131	64	0
128	65	0
129	65	0
126	66	0
127	66	0
124	67	0
125	67	0
122	68	0
123	68	0
121	69	0
120	70	0
120	71	0
120	72	0
120	73	0
120	74	0
136	61	0
120	75	0
400	71	3
400	72	3
400	70	3
256	118	0
272	118	0
257	119	0
258	119	0
270	119	0
271	119	0
259	120	0
260	120	0
262	120	0
264	120	0
266	120	0
267	120	0
268	120	0
269	120	0
261	121	0
263	121	0
265	121	0
255	117	0
273	119	0
278	239	3
279	240	3
280	241	3
277	238	3
281	242	3
330	189	0
330	190	0
331	191	0
331	192	0
330	188	0
319	114	2
318	115	2
318	116	2
316	117	2
317	117	2
315	118	2
309	119	2
311	119	2
313	119	2
314	119	2
289	120	2
306	120	2
307	120	2
308	120	2
310	120	2
312	120	2
289	121	2
304	121	2
305	121	2
290	122	2
302	122	2
303	122	2
291	123	2
292	123	2
298	123	2
300	123	2
301	123	2
293	124	2
294	124	2
295	124	2
296	124	2
297	124	2
299	124	2
289	119	2
293	240	0
293	241	0
293	242	0
292	243	0
321	236	0
319	237	0
320	237	0
318	238	0
317	239	0
317	240	0
317	241	0
316	242	0
316	243	0
246	74	0
247	74	0
245	73	0
248	75	0
325	186	0
326	186	0
327	186	0
328	187	0
329	187	0
324	185	0
330	188	0
336	183	0
335	184	0
333	185	0
334	185	0
332	186	0
331	187	0
330	188	0
385	118	2
386	119	2
386	120	2
384	117	2
284	184	0
286	184	0
287	184	0
285	185	0
288	185	0
289	185	0
290	186	0
291	187	0
292	187	0
293	188	0
294	188	0
283	185	0
295	189	0
298	187	0
297	188	0
296	189	0
283	242	6
284	242	6
285	242	6
286	242	6
287	243	6
288	243	6
289	243	6
290	244	6
282	242	6
291	244	6
311	72	0
310	73	0
310	74	0
312	71	0
310	75	0
230	185	11
230	186	11
230	187	11
229	188	11
229	189	11
230	184	11
228	190	11
359	13	5
356	14	5
358	14	5
360	14	5
354	15	5
355	15	5
357	15	5
348	16	5
349	16	5
350	16	5
351	16	5
352	16	5
353	16	5
345	17	5
347	17	5
343	18	5
344	18	5
346	18	5
342	19	5
341	20	5
361	13	5
340	21	5
246	187	0
247	188	0
248	189	0
248	190	0
246	186	0
248	191	0
227	73	27
222	74	27
224	74	27
225	74	27
226	74	27
228	74	27
229	74	27
220	75	27
221	75	27
223	75	27
230	75	27
231	75	27
219	76	27
217	77	27
218	77	27
215	78	27
216	78	27
232	76	27
214	79	27
369	121	2
369	122	2
370	123	2
368	120	2
310	187	3
311	188	3
311	189	3
311	190	3
311	191	3
246	15	0
257	15	0
258	15	0
247	16	0
248	16	0
249	16	0
250	16	0
252	16	0
255	16	0
256	16	0
251	17	0
253	17	0
254	17	0
259	14	0
245	15	0
359	242	2
359	243	2
359	244	2
359	245	2
359	246	2
359	247	2
211	176	0
212	176	0
213	177	0
214	177	0
215	177	0
216	177	0
217	177	0
218	177	0
220	177	0
219	178	0
210	175	0
221	177	0
193	352	5
203	352	5
205	352	5
207	352	5
208	352	5
209	352	5
210	352	5
211	352	5
212	352	5
213	352	5
214	352	5
215	352	5
216	352	5
218	352	5
220	352	5
222	352	5
230	352	5
157	353	5
158	353	5
159	353	5
160	353	5
161	353	5
162	353	5
163	353	5
164	353	5
165	353	5
166	353	5
167	353	5
168	353	5
169	353	5
170	353	5
171	353	5
172	353	5
173	353	5
174	353	5
175	353	5
176	353	5
177	353	5
178	353	5
179	353	5
180	353	5
181	353	5
182	353	5
183	353	5
184	353	5
185	353	5
186	353	5
187	353	5
188	353	5
189	353	5
190	353	5
191	353	5
192	353	5
194	353	5
195	353	5
196	353	5
197	353	5
198	353	5
199	353	5
200	353	5
201	353	5
202	353	5
204	353	5
206	353	5
217	353	5
219	353	5
221	353	5
223	353	5
224	353	5
225	353	5
226	353	5
227	353	5
228	353	5
229	353	5
231	353	5
232	353	5
233	353	5
234	353	5
156	353	5
235	353	5
278	16	1
279	16	1
277	17	1
280	15	1
276	18	1
317	244	2
318	245	2
319	246	2
320	246	2
321	246	2
322	246	2
323	246	2
324	246	2
325	247	2
326	247	2
316	243	2
327	248	2
312	288	7
313	288	7
314	289	7
315	289	7
316	289	7
317	289	7
318	289	7
319	289	7
320	289	7
321	289	7
322	290	7
323	290	7
324	291	7
325	291	7
326	292	7
327	293	7
328	293	7
329	294	7
330	294	7
331	294	7
332	295	7
333	295	7
334	295	7
335	295	7
336	295	7
338	295	7
337	296	7
311	287	7
218	295	0
219	296	0
220	297	0
217	294	0
221	298	0
227	294	0
228	294	0
226	295	0
225	296	0
223	297	0
224	297	0
229	293	0
222	298	0
375	16	1
372	17	1
373	17	1
374	17	1
376	17	1
377	18	1
322	186	1
321	187	1
320	188	1
319	189	1
318	190	1
317	191	1
323	185	1
316	192	1
240	295	0
239	296	0
238	297	0
237	298	0
331	117	1
331	118	1
331	119	1
331	120	1
332	121	1
332	122	1
332	123	1
333	124	1
334	125	1
335	126	1
331	116	1
336	127	1
339	124	0
338	125	0
338	126	0
337	127	0
260	15	5
261	16	5
262	16	5
263	16	5
264	16	5
266	16	5
268	16	5
265	17	5
267	17	5
269	17	5
270	17	5
271	17	5
272	17	5
273	17	5
274	17	5
275	18	5
259	14	5
276	18	5
286	74	3
288	74	3
290	74	3
292	74	3
294	74	3
297	74	3
299	74	3
274	75	3
276	75	3
277	75	3
278	75	3
279	75	3
280	75	3
281	75	3
282	75	3
283	75	3
284	75	3
285	75	3
287	75	3
289	75	3
291	75	3
293	75	3
295	75	3
296	75	3
298	75	3
300	75	3
301	75	3
302	75	3
303	75	3
304	75	3
267	76	3
268	76	3
270	76	3
271	76	3
272	76	3
273	76	3
275	76	3
266	77	3
269	77	3
305	74	3
265	77	3
307	75	5
308	75	5
306	74	5
309	76	5
98	237	27
97	238	27
97	239	27
96	240	27
96	241	27
95	242	27
96	243	27
96	244	27
97	245	27
97	246	27
98	247	27
98	248	27
99	236	27
99	249	27
362	14	9
363	15	9
364	16	9
365	17	9
366	17	9
370	17	9
367	18	9
368	18	9
369	18	9
361	13	9
218	122	4
218	123	4
218	124	4
218	125	4
219	126	4
220	127	4
221	128	4
222	129	4
218	121	4
210	190	0
212	190	0
214	190	0
207	191	0
208	191	0
209	191	0
211	191	0
213	191	0
215	191	0
217	191	0
226	191	0
227	191	0
205	192	0
206	192	0
216	192	0
218	192	0
219	192	0
220	192	0
221	192	0
222	192	0
223	192	0
224	192	0
225	192	0
203	193	0
204	193	0
228	190	0
202	194	0
376	19	0
377	18	0
378	19	0
377	18	0
229	191	0
230	191	0
231	192	0
232	192	0
245	192	0
246	192	0
247	192	0
233	193	0
234	193	0
236	193	0
238	193	0
240	193	0
242	193	0
243	193	0
244	193	0
235	194	0
237	194	0
239	194	0
241	194	0
228	190	0
248	191	0
344	132	0
343	133	0
98	121	0
97	122	0
97	123	0
96	124	0
96	125	0
95	126	0
95	127	0
95	128	0
96	129	0
96	130	0
97	131	0
97	132	0
98	133	0
99	120	0
99	134	0
324	357	0
323	358	0
321	20	7
334	20	7
336	20	7
337	20	7
338	20	7
339	20	7
316	21	7
318	21	7
319	21	7
320	21	7
322	21	7
323	21	7
324	21	7
326	21	7
328	21	7
330	21	7
332	21	7
333	21	7
335	21	7
313	22	7
315	22	7
317	22	7
325	22	7
327	22	7
329	22	7
331	22	7
308	23	7
310	23	7
312	23	7
314	23	7
302	24	7
304	24	7
305	24	7
306	24	7
307	24	7
309	24	7
311	24	7
290	25	7
292	25	7
293	25	7
294	25	7
295	25	7
296	25	7
297	25	7
298	25	7
299	25	7
300	25	7
301	25	7
303	25	7
284	26	7
286	26	7
287	26	7
288	26	7
289	26	7
291	26	7
283	27	7
285	27	7
340	21	7
282	26	7
236	355	7
236	356	7
236	357	7
236	358	7
236	354	7
251	355	0
251	356	0
251	357	0
252	358	0
251	354	0
269	352	6
269	353	6
269	354	6
269	355	6
270	356	6
271	356	6
272	357	6
274	357	6
273	358	6
269	351	6
321	358	9
322	359	9
277	290	2
276	291	2
278	291	2
274	292	2
275	292	2
273	293	2
272	294	2
270	295	2
271	295	2
269	296	2
268	297	2
267	298	2
266	299	2
265	300	2
265	301	2
264	302	2
264	303	2
264	304	2
324	359	0
323	358	0
320	360	3
321	360	3
322	359	3
141	341	16
141	342	16
141	343	16
141	344	16
141	345	16
142	346	16
143	347	16
144	347	16
145	348	16
146	348	16
147	349	16
148	349	16
149	350	16
150	350	16
151	351	16
152	351	16
153	352	16
154	352	16
141	340	16
155	353	16
267	362	977
268	362	977
276	334	4
277	335	4
278	336	4
279	337	4
280	338	4
281	338	4
282	339	4
283	339	4
284	339	4
285	340	4
286	340	4
287	340	4
289	340	4
292	340	4
288	341	4
290	341	4
291	341	4
293	341	4
294	341	4
295	341	4
296	341	4
297	341	4
298	341	4
299	341	4
275	333	4
300	340	4
289	305	3
291	305	3
292	305	3
293	305	3
288	306	3
290	306	3
286	307	3
287	307	3
285	308	3
284	309	3
283	310	3
338	129	3
338	130	3
339	131	3
340	132	3
341	133	3
342	133	3
337	128	3
343	133	3
354	125	973
355	125	973
356	125	973
357	125	973
358	126	973
221	300	0
221	301	0
222	302	0
222	303	0
223	304	0
224	305	0
224	306	0
224	307	0
221	299	0
224	308	0
386	217	0
385	216	0
277	19	7
277	20	7
277	21	7
278	22	7
279	23	7
280	24	7
276	18	7
281	25	7
155	355	0
155	356	0
155	357	0
155	358	0
155	359	0
156	360	0
157	361	0
158	361	0
159	362	0
160	362	0
161	363	0
162	363	0
163	364	0
164	364	0
165	365	0
166	365	0
167	366	0
168	366	0
155	354	0
169	367	0
96	301	0
97	302	0
98	302	0
99	303	0
100	303	0
101	304	0
102	304	0
103	305	0
104	305	0
105	306	0
106	306	0
107	307	0
108	307	0
109	308	0
110	308	0
95	300	0
111	309	0
340	22	8
340	23	8
340	24	8
340	21	8
358	387	5
357	388	5
356	389	5
356	390	5
318	73	1
318	74	1
318	75	1
318	72	1
318	76	1
254	72	0
255	72	0
256	72	0
257	72	0
258	72	0
251	73	0
252	73	0
253	73	0
259	73	0
249	74	0
250	74	0
260	74	0
261	74	0
262	75	0
263	75	0
264	76	0
248	75	0
265	77	0
329	71	5
328	72	5
327	73	5
326	74	5
325	75	5
324	76	5
329	70	5
323	77	5
421	75	0
422	75	0
420	76	0
423	76	0
421	77	0
422	77	0
422	77	0
98	223	27
97	224	27
97	225	27
96	226	27
96	227	27
95	228	27
96	229	27
95	230	27
96	231	27
96	232	27
97	233	27
97	234	27
98	235	27
99	222	27
99	236	27
193	192	28
195	192	28
100	193	28
101	193	28
102	193	28
103	193	28
104	193	28
105	193	28
106	193	28
107	193	28
108	193	28
109	193	28
110	193	28
111	193	28
112	193	28
113	193	28
114	193	28
115	193	28
116	193	28
117	193	28
118	193	28
119	193	28
120	193	28
121	193	28
122	193	28
123	193	28
124	193	28
125	193	28
126	193	28
127	193	28
128	193	28
129	193	28
130	193	28
131	193	28
132	193	28
133	193	28
134	193	28
135	193	28
136	193	28
137	193	28
138	193	28
139	193	28
140	193	28
141	193	28
142	193	28
143	193	28
144	193	28
145	193	28
146	193	28
147	193	28
148	193	28
149	193	28
150	193	28
151	193	28
152	193	28
153	193	28
154	193	28
155	193	28
156	193	28
157	193	28
158	193	28
159	193	28
160	193	28
161	193	28
162	193	28
163	193	28
164	193	28
165	193	28
166	193	28
167	193	28
168	193	28
169	193	28
170	193	28
171	193	28
172	193	28
173	193	28
174	193	28
175	193	28
176	193	28
177	193	28
178	193	28
179	193	28
180	193	28
181	193	28
182	193	28
183	193	28
184	193	28
185	193	28
186	193	28
187	193	28
188	193	28
189	193	28
190	193	28
191	193	28
192	193	28
194	193	28
196	193	28
197	193	28
198	193	28
199	193	28
200	193	28
201	193	28
99	193	28
202	194	28
328	363	4
329	363	4
327	364	4
326	365	4
325	366	4
324	367	4
324	368	4
192	75	8
122	76	8
123	76	8
124	76	8
125	76	8
126	76	8
127	76	8
128	76	8
129	76	8
130	76	8
131	76	8
132	76	8
133	76	8
134	76	8
135	76	8
136	76	8
137	76	8
138	76	8
139	76	8
140	76	8
141	76	8
142	76	8
143	76	8
144	76	8
145	76	8
146	76	8
147	76	8
148	76	8
149	76	8
150	76	8
151	76	8
152	76	8
153	76	8
154	76	8
155	76	8
156	76	8
157	76	8
158	76	8
159	76	8
160	76	8
161	76	8
162	76	8
163	76	8
164	76	8
165	76	8
166	76	8
167	76	8
168	76	8
169	76	8
170	76	8
171	76	8
172	76	8
173	76	8
174	76	8
175	76	8
176	76	8
177	76	8
178	76	8
179	76	8
180	76	8
181	76	8
182	76	8
183	76	8
184	76	8
185	76	8
186	76	8
187	76	8
188	76	8
189	76	8
190	76	8
191	76	8
193	76	8
194	76	8
195	76	8
196	76	8
197	76	8
198	76	8
199	76	8
200	76	8
201	76	8
203	76	8
204	76	8
205	76	8
206	76	8
207	76	8
202	77	8
208	77	8
209	77	8
210	77	8
211	77	8
212	78	8
213	78	8
121	76	8
214	79	8
293	245	3
294	246	3
295	247	3
296	248	3
297	249	3
292	244	3
297	250	3
317	193	1
316	192	1
318	194	1
305	323	1
304	324	1
302	325	1
303	325	1
306	322	1
301	326	1
337	246	2
338	246	2
339	246	2
347	246	2
331	247	2
333	247	2
334	247	2
335	247	2
336	247	2
340	247	2
341	247	2
342	247	2
343	247	2
344	247	2
345	247	2
346	247	2
348	247	2
349	247	2
350	247	2
329	248	2
330	248	2
332	248	2
351	248	2
352	248	2
353	248	2
354	249	2
355	249	2
328	248	2
356	250	2
358	249	0
359	248	0
357	250	0
361	248	2
362	249	2
363	249	2
360	248	2
364	249	2
249	192	0
250	192	0
251	193	0
252	193	0
253	194	0
248	191	0
254	193	0
320	77	1
321	77	1
322	78	1
319	77	1
323	77	1
306	253	3
307	253	3
308	253	3
309	254	3
310	254	3
312	254	3
313	254	3
311	255	3
314	255	3
315	255	3
316	255	3
318	255	3
320	255	3
317	256	3
319	256	3
305	252	3
321	255	3
297	191	3
298	191	3
299	192	3
300	192	3
301	193	3
302	194	3
304	194	3
305	194	3
306	194	3
307	194	3
303	195	3
296	190	3
308	195	3
310	193	3
309	194	3
311	192	3
308	195	3
191	133	5
192	133	5
194	133	5
196	133	5
198	133	5
200	133	5
201	133	5
202	133	5
203	133	5
204	133	5
205	133	5
206	133	5
207	133	5
208	133	5
209	133	5
211	133	5
213	133	5
215	133	5
217	133	5
239	133	5
241	133	5
243	133	5
245	133	5
246	133	5
247	133	5
248	133	5
249	133	5
250	133	5
251	133	5
100	134	5
101	134	5
102	134	5
103	134	5
104	134	5
105	134	5
106	134	5
107	134	5
108	134	5
109	134	5
110	134	5
111	134	5
112	134	5
113	134	5
114	134	5
115	134	5
116	134	5
117	134	5
118	134	5
119	134	5
120	134	5
121	134	5
122	134	5
123	134	5
124	134	5
125	134	5
126	134	5
127	134	5
128	134	5
129	134	5
130	134	5
131	134	5
132	134	5
133	134	5
134	134	5
135	134	5
136	134	5
137	134	5
138	134	5
139	134	5
140	134	5
141	134	5
142	134	5
143	134	5
144	134	5
145	134	5
146	134	5
147	134	5
148	134	5
149	134	5
150	134	5
151	134	5
152	134	5
153	134	5
154	134	5
155	134	5
156	134	5
157	134	5
158	134	5
159	134	5
160	134	5
161	134	5
162	134	5
163	134	5
164	134	5
165	134	5
166	134	5
167	134	5
168	134	5
169	134	5
170	134	5
171	134	5
172	134	5
173	134	5
174	134	5
175	134	5
176	134	5
177	134	5
178	134	5
179	134	5
180	134	5
181	134	5
182	134	5
183	134	5
184	134	5
185	134	5
186	134	5
187	134	5
188	134	5
189	134	5
190	134	5
193	134	5
195	134	5
197	134	5
199	134	5
210	134	5
212	134	5
214	134	5
216	134	5
218	134	5
219	134	5
220	134	5
236	134	5
237	134	5
238	134	5
240	134	5
242	134	5
244	134	5
252	134	5
253	134	5
221	135	5
222	135	5
232	135	5
234	135	5
235	135	5
223	136	5
230	136	5
231	136	5
233	136	5
224	137	5
225	137	5
226	137	5
227	137	5
228	137	5
229	137	5
99	134	5
254	135	5
279	27	9
280	27	9
225	28	9
227	28	9
253	28	9
255	28	9
257	28	9
259	28	9
261	28	9
278	28	9
223	29	9
224	29	9
226	29	9
228	29	9
229	29	9
230	29	9
231	29	9
242	29	9
244	29	9
246	29	9
247	29	9
248	29	9
249	29	9
250	29	9
251	29	9
252	29	9
254	29	9
256	29	9
258	29	9
260	29	9
262	29	9
263	29	9
264	29	9
266	29	9
268	29	9
270	29	9
272	29	9
274	29	9
276	29	9
277	29	9
221	30	9
222	30	9
232	30	9
233	30	9
234	30	9
236	30	9
238	30	9
239	30	9
240	30	9
241	30	9
243	30	9
245	30	9
265	30	9
267	30	9
269	30	9
271	30	9
273	30	9
275	30	9
220	31	9
235	31	9
237	31	9
218	32	9
219	32	9
281	26	9
217	33	9
311	77	0
312	77	0
313	78	0
314	78	0
316	78	0
317	78	0
315	79	0
310	76	0
318	77	0
188	12	0
189	12	0
186	13	0
187	13	0
184	14	0
185	14	0
182	15	0
183	15	0
180	16	0
181	16	0
178	17	0
179	17	0
176	18	0
177	18	0
174	19	0
175	19	0
172	20	0
173	20	0
170	21	0
171	21	0
168	22	0
169	22	0
166	23	0
167	23	0
165	24	0
164	25	0
163	26	0
162	27	0
162	28	0
162	29	0
162	30	0
162	31	0
190	11	0
162	32	0
238	301	5
238	302	5
239	303	5
240	304	5
241	305	5
242	305	5
243	306	5
244	307	5
245	307	5
246	308	5
247	309	5
248	309	5
237	300	5
249	310	5
255	194	27
256	195	27
257	196	27
254	193	27
324	78	11
325	79	11
326	80	11
327	80	11
328	80	11
323	77	11
351	76	2
352	77	2
352	78	2
353	79	2
353	80	2
351	75	2
240	247	4
242	247	4
234	248	4
236	248	4
237	248	4
238	248	4
239	248	4
241	248	4
243	248	4
245	248	4
100	249	4
101	249	4
102	249	4
103	249	4
104	249	4
105	249	4
106	249	4
107	249	4
108	249	4
109	249	4
110	249	4
111	249	4
112	249	4
113	249	4
114	249	4
115	249	4
116	249	4
117	249	4
118	249	4
119	249	4
120	249	4
121	249	4
122	249	4
123	249	4
124	249	4
125	249	4
126	249	4
127	249	4
128	249	4
129	249	4
130	249	4
131	249	4
132	249	4
133	249	4
134	249	4
135	249	4
136	249	4
137	249	4
138	249	4
139	249	4
140	249	4
141	249	4
142	249	4
143	249	4
144	249	4
145	249	4
146	249	4
147	249	4
148	249	4
149	249	4
150	249	4
151	249	4
152	249	4
153	249	4
154	249	4
155	249	4
156	249	4
157	249	4
158	249	4
159	249	4
160	249	4
161	249	4
162	249	4
163	249	4
164	249	4
165	249	4
166	249	4
167	249	4
168	249	4
169	249	4
170	249	4
171	249	4
172	249	4
173	249	4
174	249	4
175	249	4
176	249	4
177	249	4
178	249	4
179	249	4
180	249	4
181	249	4
182	249	4
183	249	4
184	249	4
185	249	4
186	249	4
187	249	4
188	249	4
189	249	4
190	249	4
191	249	4
194	249	4
196	249	4
198	249	4
200	249	4
202	249	4
204	249	4
205	249	4
206	249	4
233	249	4
235	249	4
244	249	4
246	249	4
248	249	4
268	249	4
270	249	4
271	249	4
272	249	4
273	249	4
274	249	4
275	249	4
277	249	4
278	249	4
192	250	4
193	250	4
195	250	4
197	250	4
199	250	4
201	250	4
203	250	4
207	250	4
208	250	4
209	250	4
224	250	4
226	250	4
228	250	4
229	250	4
230	250	4
231	250	4
232	250	4
247	250	4
249	250	4
250	250	4
251	250	4
263	250	4
264	250	4
265	250	4
266	250	4
267	250	4
269	250	4
276	250	4
210	251	4
211	251	4
212	251	4
213	251	4
215	251	4
217	251	4
219	251	4
221	251	4
223	251	4
225	251	4
227	251	4
252	251	4
253	251	4
254	251	4
256	251	4
258	251	4
259	251	4
260	251	4
261	251	4
262	251	4
214	252	4
216	252	4
218	252	4
220	252	4
222	252	4
255	252	4
257	252	4
279	248	4
99	249	4
315	244	1
312	245	1
314	245	1
311	246	1
313	246	1
310	247	1
309	248	1
307	249	1
308	249	1
306	250	1
316	243	1
305	251	1
344	134	2
343	133	2
320	194	0
321	194	0
322	194	0
323	195	0
324	196	0
325	197	0
326	197	0
327	198	0
319	194	0
236	74	0
238	74	0
239	74	0
240	74	0
241	74	0
242	74	0
243	74	0
244	74	0
233	75	0
234	75	0
235	75	0
237	75	0
245	73	0
232	76	0
202	366	0
171	367	0
172	367	0
173	367	0
174	367	0
175	367	0
176	367	0
177	367	0
178	367	0
179	367	0
180	367	0
181	367	0
182	367	0
183	367	0
184	367	0
185	367	0
186	367	0
187	367	0
188	367	0
189	367	0
190	367	0
191	367	0
192	367	0
194	367	0
196	367	0
197	367	0
198	367	0
199	367	0
200	367	0
201	367	0
203	367	0
205	367	0
207	367	0
193	368	0
195	368	0
204	368	0
206	368	0
208	368	0
209	368	0
210	368	0
211	368	0
212	368	0
213	368	0
214	368	0
216	368	0
218	368	0
220	368	0
222	368	0
223	368	0
224	368	0
226	368	0
228	368	0
230	368	0
231	368	0
232	368	0
233	368	0
234	368	0
236	368	0
215	369	0
217	369	0
219	369	0
221	369	0
225	369	0
227	369	0
229	369	0
235	369	0
237	369	0
238	369	0
239	369	0
240	369	0
241	369	0
242	369	0
243	369	0
244	369	0
245	369	0
170	367	0
246	369	0
282	186	5
281	187	5
280	188	5
280	189	5
278	190	5
279	190	5
277	191	5
276	192	5
275	193	5
274	194	5
273	195	5
273	196	5
273	197	5
272	198	5
272	199	5
271	200	5
283	185	5
271	201	5
308	196	5
308	197	5
308	198	5
308	199	5
307	200	5
308	195	5
214	80	0
214	81	0
215	82	0
216	83	0
216	84	0
214	79	0
216	85	0
202	195	0
202	196	0
203	197	0
203	198	0
203	199	0
204	200	0
205	201	0
202	194	0
204	202	0
252	365	18
253	365	18
254	365	18
255	365	18
256	365	18
257	365	18
258	365	18
251	366	18
259	366	18
260	366	18
261	366	18
306	366	18
307	366	18
308	366	18
309	366	18
310	366	18
311	366	18
312	366	18
313	366	18
314	366	18
315	366	18
316	366	18
250	367	18
262	367	18
263	367	18
264	367	18
265	367	18
278	367	18
280	367	18
282	367	18
284	367	18
305	367	18
317	367	18
248	368	18
249	368	18
266	368	18
267	368	18
268	368	18
269	368	18
272	368	18
274	368	18
275	368	18
276	368	18
277	368	18
279	368	18
281	368	18
283	368	18
285	368	18
303	368	18
304	368	18
318	368	18
319	368	18
320	368	18
322	368	18
270	369	18
271	369	18
273	369	18
286	369	18
287	369	18
288	369	18
301	369	18
302	369	18
321	369	18
323	369	18
289	370	18
300	370	18
290	371	18
291	371	18
292	371	18
294	371	18
295	371	18
298	371	18
299	371	18
293	372	18
296	372	18
297	372	18
324	368	18
247	369	18
318	196	8
318	197	8
318	198	8
318	199	8
319	200	8
320	201	8
321	202	8
318	195	8
362	135	968
363	136	968
364	136	968
365	137	968
366	138	968
367	138	968
206	203	0
205	203	0
262	305	0
263	305	0
260	306	0
261	306	0
258	307	0
259	307	0
256	308	0
257	308	0
255	309	0
254	310	0
251	311	0
252	311	0
253	311	0
264	304	0
250	311	0
169	369	0
169	370	0
169	371	0
169	372	0
169	373	0
170	374	0
171	375	0
172	375	0
173	376	0
174	376	0
175	377	0
176	377	0
177	378	0
178	378	0
179	379	0
180	379	0
181	380	0
182	380	0
169	368	0
183	381	0
265	305	2
266	306	2
267	307	2
268	307	2
269	308	2
270	309	2
271	309	2
272	310	2
276	310	2
278	310	2
280	310	2
273	311	2
274	311	2
275	311	2
277	311	2
279	311	2
281	311	2
264	304	2
282	310	2
118	77	0
119	77	0
116	78	0
117	78	0
114	79	0
115	79	0
112	80	0
113	80	0
110	81	0
111	81	0
108	82	0
109	82	0
107	83	0
106	84	0
106	85	0
106	86	0
106	87	0
106	88	0
120	76	0
106	89	0
215	87	0
214	88	0
216	86	0
213	89	0
190	32	0
191	32	0
192	32	0
193	32	0
194	32	0
195	32	0
196	32	0
197	32	0
198	32	0
199	32	0
200	32	0
202	32	0
204	32	0
206	32	0
208	32	0
210	32	0
211	32	0
212	32	0
213	32	0
215	32	0
216	32	0
164	33	0
165	33	0
166	33	0
167	33	0
168	33	0
169	33	0
170	33	0
171	33	0
172	33	0
173	33	0
174	33	0
175	33	0
176	33	0
177	33	0
178	33	0
179	33	0
180	33	0
181	33	0
182	33	0
183	33	0
184	33	0
185	33	0
186	33	0
187	33	0
188	33	0
189	33	0
201	33	0
203	33	0
205	33	0
207	33	0
209	33	0
214	33	0
163	33	0
217	33	0
298	251	2
299	252	2
300	252	2
301	252	2
302	252	2
303	252	2
297	250	2
304	252	2
325	372	0
326	371	0
329	371	0
331	371	0
328	372	0
330	372	0
327	371	0
365	250	0
365	251	0
366	252	0
364	249	0
255	134	0
256	134	0
257	134	0
258	134	0
259	134	0
260	134	0
261	134	0
262	134	0
263	134	0
264	134	0
266	134	0
265	135	0
267	135	0
268	135	0
269	136	0
270	136	0
271	137	0
272	137	0
273	138	0
274	139	0
275	140	0
276	140	0
277	141	0
254	135	0
278	142	0
203	204	27
203	205	27
204	203	27
203	206	27
225	310	5
226	310	5
227	311	5
228	311	5
229	312	5
230	312	5
231	312	5
248	312	5
232	313	5
233	313	5
235	313	5
238	313	5
240	313	5
242	313	5
243	313	5
245	313	5
246	313	5
247	313	5
234	314	5
236	314	5
237	314	5
239	314	5
241	314	5
244	314	5
224	309	5
249	311	5
247	371	31
247	372	31
247	373	31
247	374	31
247	370	31
305	140	15
306	141	15
304	139	15
217	34	31
218	35	31
219	36	31
220	37	31
217	33	31
326	250	0
325	251	0
324	252	0
323	253	0
327	249	0
322	254	0
281	376	0
280	377	0
98	194	26
98	195	26
97	196	26
97	197	26
96	198	26
96	199	26
95	200	26
96	201	26
96	202	26
97	203	26
97	204	26
98	205	26
98	206	26
99	193	26
99	207	26
275	120	0
276	120	0
277	120	0
279	120	0
280	120	0
278	121	0
274	119	0
269	144	21
269	145	21
279	376	8
270	377	8
272	377	8
274	377	8
275	377	8
276	377	8
277	377	8
278	377	8
268	378	8
269	378	8
271	378	8
273	378	8
267	379	8
266	380	8
264	381	8
265	381	8
280	377	8
263	382	8
160	34	0
161	34	0
158	35	0
159	35	0
156	36	0
157	36	0
154	37	0
155	37	0
152	38	0
153	38	0
151	39	0
150	40	0
150	41	0
150	42	0
150	43	0
150	44	0
162	33	0
150	45	0
272	203	8
273	203	8
274	204	8
275	204	8
276	205	8
277	206	8
271	202	8
271	146	21
270	146	21
282	42	0
282	43	0
282	44	0
282	45	0
282	46	0
367	316	0
366	317	0
367	318	0
281	378	0
281	379	0
280	377	0
254	136	0
254	137	0
253	138	0
252	139	0
251	140	0
250	141	0
248	142	0
249	142	0
247	143	0
246	144	0
245	145	0
245	146	0
244	147	0
254	135	0
243	148	0
357	252	2
357	253	2
357	254	2
358	255	2
359	256	2
360	257	2
362	257	2
361	258	2
357	251	2
98	135	0
97	136	0
97	137	0
96	138	0
96	139	0
95	140	0
96	141	0
95	142	0
96	143	0
96	144	0
97	145	0
97	146	0
98	147	0
98	148	0
99	134	0
99	149	0
363	117	2
364	118	2
365	119	2
366	120	2
363	116	2
367	120	2
261	381	0
258	382	0
259	382	0
260	382	0
262	382	0
257	383	0
255	384	0
256	384	0
254	385	0
252	386	0
253	386	0
263	382	0
251	387	0
304	268	0
305	269	0
306	270	0
307	270	0
308	271	0
309	271	0
314	271	0
317	271	0
318	271	0
310	272	0
311	272	0
312	272	0
313	272	0
315	272	0
316	272	0
319	272	0
303	267	0
320	272	0
340	261	11
339	262	11
369	320	0
370	320	0
368	319	0
283	312	8
284	313	8
284	314	8
285	315	8
286	315	8
287	316	8
288	316	8
289	317	8
290	317	8
291	317	8
292	317	8
293	317	8
295	317	8
294	318	8
296	318	8
298	318	8
300	318	8
297	319	8
299	319	8
301	319	8
302	320	8
303	320	8
304	320	8
305	321	8
283	311	8
306	322	8
111	311	0
111	312	0
111	313	0
111	314	0
111	315	0
112	316	0
113	317	0
114	317	0
115	318	0
116	318	0
117	319	0
118	319	0
119	320	0
120	320	0
121	321	0
122	321	0
123	322	0
124	322	0
111	310	0
125	323	0
98	250	0
98	251	0
97	252	0
97	253	0
96	254	0
96	255	0
95	256	0
96	257	0
95	258	0
96	259	0
96	260	0
97	261	0
97	262	0
98	263	0
99	249	0
99	264	0
108	90	3
109	90	3
110	90	3
111	90	3
112	90	3
113	90	3
114	90	3
115	90	3
116	90	3
117	90	3
118	90	3
119	90	3
120	90	3
121	90	3
122	90	3
123	90	3
124	90	3
125	90	3
126	90	3
127	90	3
128	90	3
129	90	3
130	90	3
131	90	3
132	90	3
133	90	3
134	90	3
135	90	3
136	90	3
137	90	3
138	90	3
139	90	3
140	90	3
141	90	3
142	90	3
143	90	3
144	90	3
145	90	3
146	90	3
147	90	3
148	90	3
149	90	3
150	90	3
151	90	3
152	90	3
153	90	3
154	90	3
155	90	3
156	90	3
157	90	3
158	90	3
159	90	3
160	90	3
161	90	3
162	90	3
163	90	3
164	90	3
165	90	3
166	90	3
167	90	3
168	90	3
169	90	3
170	90	3
171	90	3
172	90	3
173	90	3
174	90	3
175	90	3
176	90	3
177	90	3
178	90	3
179	90	3
180	90	3
181	90	3
182	90	3
183	90	3
184	90	3
185	90	3
186	90	3
187	90	3
188	90	3
189	90	3
190	90	3
191	90	3
193	90	3
195	90	3
197	90	3
199	90	3
201	90	3
203	90	3
205	90	3
206	90	3
207	90	3
208	90	3
210	90	3
211	90	3
192	91	3
194	91	3
196	91	3
198	91	3
200	91	3
202	91	3
204	91	3
209	91	3
212	89	3
107	90	3
316	321	0
307	322	0
308	322	0
309	322	0
310	322	0
311	322	0
312	322	0
313	322	0
314	322	0
315	322	0
306	322	0
317	322	0
242	84	3
241	85	3
240	86	3
239	87	3
239	88	3
238	89	3
238	90	3
238	91	3
237	92	3
327	318	3
329	318	3
330	318	3
332	318	3
320	319	3
322	319	3
323	319	3
324	319	3
325	319	3
326	319	3
328	319	3
331	319	3
333	319	3
319	320	3
321	320	3
334	320	3
335	320	3
336	320	3
318	321	3
337	321	3
338	321	3
339	321	3
340	321	3
342	321	3
344	321	3
346	321	3
348	321	3
349	321	3
341	322	3
343	322	3
345	322	3
347	322	3
350	322	3
351	322	3
317	322	3
352	323	3
242	393	985
240	394	985
241	394	985
366	320	0
365	321	0
365	322	0
367	319	0
364	323	0
2	2	0
3	3	0
4	4	0
5	5	0
6	6	0
7	7	0
8	8	0
9	9	0
10	10	0
11	11	0
12	12	0
13	13	0
14	14	0
15	15	0
16	16	0
17	17	0
18	18	0
19	19	0
20	20	0
21	21	0
22	22	0
23	23	0
24	24	0
25	25	0
26	26	0
27	27	0
28	28	0
29	29	0
30	30	0
31	31	0
32	32	0
33	33	0
34	34	0
35	35	0
36	36	0
37	37	0
38	38	0
39	39	0
40	40	0
41	41	0
42	42	0
43	43	0
44	44	0
45	45	0
46	46	0
47	47	0
48	48	0
49	49	0
50	50	0
51	51	0
52	52	0
53	53	0
54	54	0
55	55	0
56	56	0
57	57	0
58	58	0
59	59	0
60	60	0
61	61	0
62	62	0
63	63	0
64	64	0
65	65	0
66	66	0
67	67	0
68	68	0
69	69	0
70	70	0
71	71	0
72	72	0
73	73	0
74	74	0
75	75	0
76	76	0
77	77	0
78	78	0
79	79	0
80	80	0
81	81	0
82	82	0
83	83	0
84	84	0
85	85	0
86	86	0
87	87	0
88	88	0
89	89	0
90	90	0
91	91	0
92	92	0
93	93	0
94	94	0
95	95	0
306	137	8
305	138	8
304	139	8
255	392	0
256	392	0
258	392	0
257	393	0
259	393	0
260	393	0
261	394	0
254	391	0
104	91	14
105	91	14
102	92	14
103	92	14
100	93	14
101	93	14
98	94	14
99	94	14
97	95	14
106	90	14
96	95	14
197	206	0
198	206	0
199	207	0
200	207	0
201	207	0
202	207	0
203	206	0
196	207	0
277	46	3
278	46	3
279	46	3
280	46	3
275	47	3
276	47	3
281	47	3
274	48	3
272	49	3
273	49	3
271	50	3
269	51	3
270	51	3
268	52	3
266	53	3
267	53	3
282	46	3
265	54	3
283	47	10
284	47	10
282	46	10
285	48	10
291	42	0
290	43	0
289	44	0
289	45	0
288	46	0
287	47	0
286	48	0
303	382	978
304	383	978
305	383	978
306	384	978
307	385	978
323	256	1
324	257	1
325	257	1
326	258	1
327	259	1
328	260	1
329	260	1
330	260	1
331	261	1
332	261	1
333	262	1
334	262	1
335	262	1
336	263	1
337	263	1
322	255	1
338	262	1
185	381	0
186	381	0
187	381	0
188	381	0
189	381	0
190	381	0
191	382	0
192	382	0
193	382	0
195	382	0
197	382	0
199	382	0
201	382	0
194	383	0
196	383	0
198	383	0
200	383	0
202	383	0
203	383	0
204	383	0
206	383	0
207	383	0
208	383	0
209	383	0
210	383	0
211	383	0
212	383	0
213	383	0
214	383	0
215	383	0
216	383	0
217	383	0
218	383	0
219	383	0
221	383	0
223	383	0
225	383	0
227	383	0
228	383	0
229	383	0
230	383	0
231	383	0
232	383	0
233	383	0
234	383	0
235	383	0
237	383	0
205	384	0
220	384	0
222	384	0
224	384	0
226	384	0
236	384	0
238	384	0
239	384	0
240	384	0
241	384	0
242	384	0
243	384	0
244	384	0
245	385	0
246	385	0
247	385	0
248	386	0
249	386	0
184	381	0
250	387	0
238	93	3
239	94	3
240	95	3
241	96	3
242	97	3
243	98	3
237	92	3
214	91	0
215	92	0
215	93	0
216	94	0
217	95	0
218	95	0
219	96	0
220	97	0
221	98	0
222	98	0
223	99	0
224	99	0
225	100	0
213	90	0
226	101	0
235	93	0
236	93	0
234	94	0
233	95	0
232	96	0
231	97	0
230	98	0
229	99	0
227	100	0
228	100	0
237	92	0
226	101	0
214	13	0
213	14	0
215	14	0
216	14	0
218	14	0
217	15	0
219	15	0
220	15	0
222	15	0
224	15	0
226	15	0
228	15	0
230	15	0
221	16	0
223	16	0
225	16	0
227	16	0
229	16	0
231	16	0
232	16	0
233	16	0
234	16	0
235	16	0
236	16	0
238	16	0
240	16	0
242	16	0
243	16	0
237	17	0
239	17	0
241	17	0
212	13	0
244	15	0
226	102	0
226	101	0
225	103	0
269	202	0
267	203	0
268	203	0
266	204	0
265	205	0
264	206	0
263	207	0
262	208	0
261	209	0
270	202	0
260	210	0
95	97	0
95	98	0
96	99	0
96	100	0
97	101	0
97	102	0
98	103	0
95	96	0
99	104	0
232	203	0
234	203	0
236	203	0
237	203	0
238	203	0
226	204	0
228	204	0
229	204	0
230	204	0
231	204	0
233	204	0
235	204	0
239	204	0
240	204	0
241	204	0
242	204	0
243	204	0
221	205	0
222	205	0
223	205	0
224	205	0
225	205	0
227	205	0
244	205	0
245	205	0
246	205	0
217	206	0
218	206	0
219	206	0
220	206	0
247	206	0
248	206	0
249	206	0
204	207	0
214	207	0
215	207	0
216	207	0
250	207	0
251	207	0
205	208	0
212	208	0
213	208	0
252	208	0
254	208	0
206	209	0
207	209	0
209	209	0
210	209	0
211	209	0
253	209	0
255	209	0
256	209	0
258	209	0
259	209	0
208	210	0
257	210	0
203	206	0
260	210	0
198	147	24
200	147	24
202	147	24
203	147	24
192	148	24
193	148	24
195	148	24
196	148	24
197	148	24
199	148	24
201	148	24
204	148	24
205	148	24
100	149	24
101	149	24
102	149	24
103	149	24
104	149	24
105	149	24
106	149	24
107	149	24
108	149	24
109	149	24
110	149	24
111	149	24
112	149	24
113	149	24
114	149	24
115	149	24
116	149	24
117	149	24
118	149	24
119	149	24
120	149	24
121	149	24
122	149	24
123	149	24
124	149	24
125	149	24
126	149	24
127	149	24
128	149	24
129	149	24
130	149	24
131	149	24
132	149	24
133	149	24
134	149	24
135	149	24
136	149	24
137	149	24
138	149	24
139	149	24
140	149	24
141	149	24
142	149	24
143	149	24
144	149	24
145	149	24
146	149	24
147	149	24
148	149	24
149	149	24
150	149	24
151	149	24
152	149	24
153	149	24
154	149	24
155	149	24
156	149	24
157	149	24
158	149	24
159	149	24
160	149	24
161	149	24
162	149	24
163	149	24
164	149	24
165	149	24
166	149	24
167	149	24
168	149	24
169	149	24
170	149	24
171	149	24
172	149	24
173	149	24
174	149	24
175	149	24
176	149	24
177	149	24
178	149	24
179	149	24
180	149	24
181	149	24
182	149	24
183	149	24
184	149	24
185	149	24
186	149	24
187	149	24
188	149	24
189	149	24
190	149	24
191	149	24
194	149	24
206	149	24
99	149	24
207	150	24
251	389	15
252	390	15
251	388	15
253	391	15
196	208	27
196	209	27
196	210	27
196	211	27
196	212	27
196	207	27
366	49	1
367	49	1
368	49	1
369	49	1
370	49	1
365	50	1
364	50	1
371	50	1
372	49	0
371	50	0
264	383	8
265	384	8
266	385	8
267	386	8
268	387	8
268	388	8
269	389	8
271	389	8
278	389	8
280	389	8
270	390	8
272	390	8
273	390	8
274	390	8
275	390	8
276	390	8
277	390	8
279	390	8
263	382	8
258	144	5
258	145	5
258	146	5
259	147	5
259	148	5
259	149	5
259	150	5
386	215	0
385	216	0
360	49	11
362	49	11
353	50	11
355	50	11
356	50	11
357	50	11
358	50	11
359	50	11
361	50	11
352	51	11
354	51	11
351	52	11
350	53	11
348	54	11
349	54	11
347	55	11
346	56	11
346	57	11
363	50	11
345	58	11
237	149	0
239	149	0
240	149	0
234	150	0
236	150	0
238	150	0
241	150	0
232	151	0
233	151	0
235	151	0
231	152	0
242	149	0
230	153	0
288	148	15
290	148	15
291	148	15
311	148	15
313	148	15
315	148	15
287	149	15
289	149	15
292	149	15
293	149	15
294	149	15
310	149	15
312	149	15
314	149	15
286	150	15
295	150	15
296	150	15
297	150	15
307	150	15
308	150	15
309	150	15
284	151	15
285	151	15
298	151	15
299	151	15
300	151	15
301	151	15
302	151	15
303	151	15
304	151	15
305	151	15
306	151	15
283	152	15
260	211	22
260	212	22
260	213	22
261	214	22
261	215	22
262	216	22
262	217	22
263	218	22
260	210	22
357	392	5
358	393	5
359	394	5
356	391	5
354	391	3
352	392	3
353	392	3
336	393	3
346	393	3
348	393	3
349	393	3
350	393	3
351	393	3
333	394	3
334	394	3
335	394	3
337	394	3
338	394	3
339	394	3
340	394	3
341	394	3
342	394	3
343	394	3
344	394	3
345	394	3
347	394	3
355	391	3
94	301	0
93	302	0
92	303	0
91	304	0
90	305	0
89	306	0
88	307	0
87	308	0
86	309	0
85	310	0
84	311	0
83	312	0
82	313	0
81	314	0
80	315	0
79	316	0
78	317	0
77	318	0
76	319	0
75	320	0
74	321	0
73	322	0
72	323	0
71	324	0
70	325	0
69	326	0
68	327	0
67	328	0
66	329	0
65	330	0
64	331	0
63	332	0
62	333	0
61	334	0
60	335	0
59	336	0
58	337	0
57	338	0
56	339	0
55	340	0
54	341	0
53	342	0
52	343	0
51	344	0
50	345	0
49	346	0
48	347	0
47	348	0
46	349	0
45	350	0
44	351	0
43	352	0
42	353	0
41	354	0
40	355	0
39	356	0
38	357	0
37	358	0
36	359	0
35	360	0
34	361	0
33	362	0
32	363	0
31	364	0
30	365	0
29	366	0
28	367	0
27	368	0
26	369	0
25	370	0
24	371	0
23	372	0
22	373	0
21	374	0
20	375	0
19	376	0
18	377	0
17	378	0
16	379	0
15	380	0
14	381	0
13	382	0
12	383	0
11	384	0
10	385	0
9	386	0
8	387	0
7	388	0
6	389	0
5	390	0
4	391	0
3	392	0
2	393	0
1	394	0
95	300	0
293	217	20
295	217	20
297	217	20
299	217	20
301	217	20
303	217	20
304	217	20
305	217	20
306	217	20
307	217	20
308	217	20
309	217	20
310	217	20
311	217	20
313	217	20
315	217	20
284	218	20
286	218	20
288	218	20
289	218	20
290	218	20
291	218	20
292	218	20
294	218	20
296	218	20
298	218	20
300	218	20
302	218	20
312	218	20
314	218	20
280	219	20
281	219	20
282	219	20
283	219	20
285	219	20
287	219	20
277	220	20
278	220	20
279	220	20
192	221	20
194	221	20
227	221	20
229	221	20
275	221	20
276	221	20
100	222	20
101	222	20
102	222	20
103	222	20
104	222	20
105	222	20
106	222	20
107	222	20
108	222	20
109	222	20
110	222	20
111	222	20
112	222	20
113	222	20
114	222	20
115	222	20
116	222	20
117	222	20
118	222	20
119	222	20
120	222	20
121	222	20
122	222	20
123	222	20
124	222	20
125	222	20
126	222	20
127	222	20
128	222	20
129	222	20
130	222	20
131	222	20
132	222	20
133	222	20
134	222	20
135	222	20
136	222	20
137	222	20
138	222	20
139	222	20
140	222	20
141	222	20
142	222	20
143	222	20
144	222	20
145	222	20
146	222	20
147	222	20
148	222	20
149	222	20
150	222	20
151	222	20
152	222	20
153	222	20
154	222	20
155	222	20
156	222	20
157	222	20
158	222	20
159	222	20
160	222	20
161	222	20
162	222	20
163	222	20
164	222	20
165	222	20
166	222	20
167	222	20
168	222	20
169	222	20
170	222	20
171	222	20
172	222	20
173	222	20
174	222	20
175	222	20
176	222	20
177	222	20
178	222	20
179	222	20
180	222	20
181	222	20
182	222	20
183	222	20
184	222	20
185	222	20
186	222	20
187	222	20
188	222	20
189	222	20
190	222	20
191	222	20
193	222	20
195	222	20
196	222	20
197	222	20
198	222	20
199	222	20
200	222	20
201	222	20
202	222	20
203	222	20
204	222	20
205	222	20
206	222	20
207	222	20
208	222	20
210	222	20
212	222	20
214	222	20
216	222	20
217	222	20
218	222	20
219	222	20
220	222	20
221	222	20
222	222	20
223	222	20
224	222	20
225	222	20
226	222	20
228	222	20
230	222	20
231	222	20
232	222	20
233	222	20
235	222	20
248	222	20
250	222	20
252	222	20
254	222	20
256	222	20
258	222	20
259	222	20
261	222	20
272	222	20
274	222	20
209	223	20
211	223	20
213	223	20
215	223	20
234	223	20
236	223	20
237	223	20
238	223	20
240	223	20
242	223	20
243	223	20
244	223	20
245	223	20
246	223	20
247	223	20
249	223	20
251	223	20
253	223	20
255	223	20
257	223	20
260	223	20
262	223	20
263	223	20
264	223	20
265	223	20
266	223	20
267	223	20
268	223	20
269	223	20
270	223	20
271	223	20
273	223	20
239	224	20
241	224	20
316	218	20
99	222	20
254	151	0
255	151	0
256	151	0
257	151	0
253	152	0
252	153	0
250	154	0
251	154	0
258	151	0
249	154	0
113	309	0
114	309	0
115	309	0
116	309	0
117	309	0
118	309	0
119	309	0
120	309	0
121	309	0
122	309	0
123	309	0
124	309	0
125	309	0
126	309	0
127	309	0
128	309	0
129	309	0
130	309	0
131	309	0
132	309	0
133	309	0
134	309	0
135	309	0
136	309	0
137	309	0
138	309	0
139	309	0
140	309	0
141	309	0
142	309	0
143	309	0
144	309	0
145	309	0
146	309	0
147	309	0
148	309	0
149	309	0
150	309	0
151	309	0
152	309	0
153	309	0
154	309	0
155	309	0
156	309	0
157	309	0
158	309	0
159	309	0
160	309	0
161	309	0
162	309	0
163	309	0
164	309	0
165	309	0
166	309	0
167	309	0
168	309	0
169	309	0
170	309	0
171	309	0
172	309	0
173	309	0
174	309	0
175	309	0
176	309	0
177	309	0
178	309	0
179	309	0
180	309	0
181	309	0
182	309	0
183	309	0
184	309	0
185	309	0
186	309	0
187	309	0
188	309	0
189	309	0
190	309	0
191	309	0
192	309	0
193	309	0
194	309	0
195	309	0
196	309	0
198	309	0
200	309	0
202	309	0
197	310	0
199	310	0
201	310	0
203	310	0
204	310	0
205	310	0
206	310	0
207	310	0
208	310	0
209	310	0
210	310	0
211	310	0
212	310	0
213	310	0
214	310	0
215	310	0
216	310	0
217	310	0
219	310	0
221	310	0
222	310	0
218	311	0
220	311	0
112	309	0
223	309	0
205	293	0
206	294	0
208	294	0
207	295	0
209	295	0
210	295	0
211	295	0
212	295	0
215	295	0
216	295	0
213	296	0
214	296	0
204	292	0
217	294	0
278	144	3
278	145	3
278	146	3
278	147	3
278	148	3
279	149	3
280	150	3
281	151	3
278	143	3
282	152	3
152	46	0
153	46	0
154	46	0
155	46	0
156	46	0
157	46	0
158	46	0
159	46	0
160	46	0
161	46	0
162	46	0
163	46	0
164	46	0
165	46	0
166	46	0
167	46	0
168	46	0
169	46	0
170	46	0
171	46	0
172	46	0
173	46	0
174	46	0
175	46	0
176	46	0
177	46	0
178	46	0
179	46	0
180	46	0
181	46	0
182	46	0
183	46	0
184	46	0
185	46	0
186	46	0
187	46	0
188	46	0
189	46	0
190	46	0
193	46	0
195	46	0
205	46	0
207	46	0
210	46	0
212	46	0
227	46	0
229	46	0
231	46	0
233	46	0
235	46	0
191	47	0
192	47	0
194	47	0
196	47	0
197	47	0
198	47	0
199	47	0
200	47	0
201	47	0
202	47	0
203	47	0
204	47	0
206	47	0
208	47	0
209	47	0
211	47	0
213	47	0
214	47	0
215	47	0
216	47	0
218	47	0
220	47	0
222	47	0
224	47	0
226	47	0
228	47	0
230	47	0
232	47	0
234	47	0
236	47	0
237	47	0
238	47	0
240	47	0
217	48	0
219	48	0
221	48	0
223	48	0
225	48	0
239	48	0
241	48	0
243	48	0
242	49	0
244	49	0
245	49	0
246	49	0
248	49	0
250	49	0
252	49	0
254	49	0
256	49	0
247	50	0
249	50	0
251	50	0
253	50	0
255	50	0
257	50	0
258	50	0
259	51	0
260	51	0
261	52	0
262	52	0
263	53	0
264	53	0
151	46	0
265	54	0
183	383	0
183	384	0
183	385	0
183	386	0
183	387	0
183	388	0
184	389	0
185	390	0
186	390	0
187	391	0
188	391	0
189	392	0
190	392	0
191	393	0
192	393	0
194	393	0
196	393	0
198	393	0
200	393	0
202	393	0
193	394	0
195	394	0
197	394	0
199	394	0
201	394	0
203	394	0
204	394	0
205	394	0
206	394	0
207	394	0
208	394	0
209	394	0
210	394	0
211	394	0
212	394	0
213	394	0
214	394	0
215	394	0
183	382	0
372	51	0
372	52	0
372	53	0
371	54	0
371	50	0
252	393	4
251	394	4
253	392	4
324	150	975
323	151	975
233	112	1
233	113	1
232	114	1
233	111	1
232	115	1
211	147	26
213	147	26
209	148	26
210	148	26
212	148	26
214	148	26
215	148	26
216	148	26
217	148	26
208	149	26
218	149	26
220	149	26
219	150	26
221	150	26
222	150	26
223	151	26
224	151	26
225	151	26
226	151	26
228	151	26
227	152	26
229	152	26
207	150	26
230	153	26
423	78	0
422	77	0
280	249	3
281	250	3
282	250	3
283	251	3
284	251	3
294	251	3
295	251	3
296	251	3
285	252	3
286	252	3
287	252	3
292	252	3
293	252	3
288	253	3
289	253	3
290	253	3
291	253	3
279	248	3
297	250	3
318	323	9
319	324	9
317	322	9
244	150	0
245	151	0
246	152	0
247	153	0
243	149	0
248	154	0
353	322	3
355	322	3
357	322	3
358	322	3
360	322	3
354	323	3
356	323	3
359	323	3
361	323	3
362	323	3
363	324	3
352	323	3
364	323	3
268	147	3
267	148	3
266	149	3
265	150	3
264	151	3
260	152	3
263	152	3
261	153	3
262	153	3
269	146	3
259	151	3
307	260	0
307	261	0
307	262	0
306	263	0
305	264	0
304	265	0
303	266	0
303	267	0
339	264	0
339	265	0
340	266	0
339	263	0
284	154	0
284	155	0
284	156	0
283	153	0
298	169	987
300	169	987
299	170	987
230	154	10
231	155	10
232	156	10
232	157	10
233	158	10
230	153	10
382	215	2
384	215	2
381	216	2
383	216	2
378	217	2
380	217	2
377	218	2
379	218	2
375	219	2
376	219	2
385	216	2
374	220	2
228	260	4
230	260	4
231	260	4
232	260	4
233	260	4
234	260	4
235	260	4
236	260	4
237	260	4
238	260	4
239	260	4
240	260	4
241	260	4
242	260	4
223	261	4
224	261	4
225	261	4
226	261	4
227	261	4
229	261	4
243	261	4
244	261	4
246	261	4
210	262	4
212	262	4
214	262	4
216	262	4
217	262	4
218	262	4
219	262	4
220	262	4
221	262	4
222	262	4
245	262	4
247	262	4
249	262	4
271	262	4
272	262	4
273	262	4
275	262	4
276	262	4
277	262	4
198	263	4
200	263	4
202	263	4
204	263	4
206	263	4
208	263	4
209	263	4
211	263	4
213	263	4
215	263	4
248	263	4
250	263	4
251	263	4
252	263	4
253	263	4
254	263	4
255	263	4
256	263	4
257	263	4
258	263	4
260	263	4
262	263	4
264	263	4
266	263	4
267	263	4
268	263	4
269	263	4
270	263	4
274	263	4
278	263	4
279	263	4
280	263	4
281	263	4
100	264	4
101	264	4
102	264	4
103	264	4
104	264	4
105	264	4
106	264	4
107	264	4
108	264	4
109	264	4
110	264	4
111	264	4
112	264	4
113	264	4
114	264	4
115	264	4
116	264	4
117	264	4
118	264	4
119	264	4
120	264	4
121	264	4
122	264	4
123	264	4
124	264	4
125	264	4
126	264	4
127	264	4
128	264	4
129	264	4
130	264	4
131	264	4
132	264	4
133	264	4
134	264	4
135	264	4
136	264	4
137	264	4
138	264	4
139	264	4
140	264	4
141	264	4
142	264	4
143	264	4
144	264	4
145	264	4
146	264	4
147	264	4
148	264	4
149	264	4
150	264	4
151	264	4
152	264	4
153	264	4
154	264	4
155	264	4
156	264	4
157	264	4
158	264	4
159	264	4
160	264	4
161	264	4
162	264	4
163	264	4
164	264	4
165	264	4
166	264	4
167	264	4
168	264	4
169	264	4
170	264	4
171	264	4
172	264	4
173	264	4
174	264	4
175	264	4
176	264	4
177	264	4
178	264	4
179	264	4
180	264	4
181	264	4
182	264	4
183	264	4
184	264	4
185	264	4
186	264	4
187	264	4
188	264	4
189	264	4
190	264	4
191	264	4
192	264	4
193	264	4
194	264	4
195	264	4
196	264	4
197	264	4
199	264	4
201	264	4
203	264	4
205	264	4
207	264	4
259	264	4
261	264	4
263	264	4
265	264	4
282	264	4
283	264	4
284	264	4
286	264	4
285	265	4
287	265	4
289	265	4
288	266	4
290	266	4
291	266	4
292	266	4
294	266	4
293	267	4
295	267	4
296	267	4
297	267	4
299	267	4
298	268	4
300	268	4
301	268	4
302	268	4
99	264	4
303	267	4
316	220	11
316	219	11
377	120	969
378	121	969
379	122	969
380	123	969
381	124	969
382	125	969
98	150	0
98	151	0
97	152	0
97	153	0
96	154	0
96	155	0
96	156	0
97	157	0
97	158	0
98	159	0
98	160	0
99	161	0
99	149	0
100	162	0
207	151	0
207	152	0
207	153	0
206	154	0
205	155	0
205	156	0
204	157	0
203	158	0
203	159	0
202	160	0
201	161	0
207	150	0
200	162	0
248	156	25
249	157	25
249	158	25
250	159	25
251	160	25
252	160	25
253	161	25
248	155	25
205	286	0
205	287	0
204	288	0
204	289	0
204	290	0
204	291	0
204	292	0
350	324	1
351	324	1
345	325	1
347	325	1
348	325	1
349	325	1
338	326	1
339	326	1
340	326	1
341	326	1
342	326	1
343	326	1
344	326	1
346	326	1
335	327	1
336	327	1
337	327	1
334	328	1
333	329	1
333	330	1
352	323	1
332	331	1
230	294	0
231	295	0
232	295	0
233	296	0
234	297	0
235	297	0
229	293	0
236	298	0
98	208	26
98	209	26
97	210	26
97	211	26
96	212	26
96	213	26
95	214	26
96	215	26
95	216	26
96	217	26
96	218	26
97	219	26
97	220	26
98	221	26
99	207	26
99	222	26
263	55	0
264	55	0
261	56	0
262	56	0
250	57	0
252	57	0
254	57	0
256	57	0
258	57	0
259	57	0
260	57	0
217	58	0
219	58	0
221	58	0
223	58	0
225	58	0
227	58	0
229	58	0
231	58	0
233	58	0
235	58	0
237	58	0
239	58	0
241	58	0
243	58	0
245	58	0
246	58	0
247	58	0
248	58	0
249	58	0
251	58	0
253	58	0
255	58	0
257	58	0
218	59	0
220	59	0
222	59	0
224	59	0
226	59	0
228	59	0
230	59	0
232	59	0
234	59	0
236	59	0
238	59	0
240	59	0
242	59	0
244	59	0
265	54	0
216	59	0
325	264	13
325	265	13
324	266	13
324	267	13
323	268	13
322	269	13
322	270	13
322	271	13
321	272	13
287	50	7
288	50	7
289	51	7
290	51	7
291	52	7
292	52	7
293	52	7
294	53	7
295	54	7
296	54	7
297	54	7
298	54	7
300	54	7
299	55	7
301	55	7
302	55	7
303	56	7
304	56	7
305	57	7
306	57	7
286	49	7
307	58	7
98	178	28
98	179	28
97	180	28
97	181	28
96	182	28
96	183	28
95	184	28
96	185	28
95	186	28
96	187	28
96	188	28
97	189	28
97	190	28
98	191	28
98	192	28
99	177	28
99	193	28
127	323	0
128	323	0
129	323	0
130	323	0
131	323	0
132	323	0
133	323	0
134	323	0
135	323	0
136	323	0
137	323	0
138	323	0
139	323	0
140	323	0
141	323	0
142	323	0
143	323	0
144	323	0
145	323	0
146	323	0
147	323	0
148	323	0
149	323	0
150	323	0
151	323	0
152	323	0
153	323	0
154	323	0
155	323	0
156	323	0
157	323	0
158	323	0
159	323	0
160	323	0
161	323	0
162	323	0
163	323	0
164	323	0
165	323	0
166	323	0
167	323	0
168	323	0
169	323	0
170	323	0
171	323	0
172	323	0
173	323	0
174	323	0
175	323	0
176	323	0
177	323	0
178	323	0
179	323	0
180	323	0
181	323	0
182	323	0
183	323	0
184	323	0
185	323	0
186	323	0
187	323	0
188	323	0
189	323	0
190	323	0
191	323	0
215	323	0
217	323	0
219	323	0
252	323	0
254	323	0
255	323	0
256	323	0
257	323	0
258	323	0
259	323	0
260	323	0
192	324	0
193	324	0
194	324	0
195	324	0
196	324	0
197	324	0
198	324	0
199	324	0
201	324	0
211	324	0
212	324	0
213	324	0
214	324	0
216	324	0
218	324	0
220	324	0
221	324	0
222	324	0
223	324	0
224	324	0
225	324	0
227	324	0
247	324	0
249	324	0
251	324	0
253	324	0
261	324	0
262	324	0
263	324	0
272	324	0
273	324	0
274	324	0
275	324	0
276	324	0
277	324	0
278	324	0
279	324	0
280	324	0
281	324	0
200	325	0
202	325	0
203	325	0
204	325	0
205	325	0
206	325	0
207	325	0
208	325	0
209	325	0
210	325	0
226	325	0
228	325	0
230	325	0
232	325	0
234	325	0
236	325	0
240	325	0
242	325	0
244	325	0
245	325	0
246	325	0
248	325	0
250	325	0
264	325	0
265	325	0
267	325	0
269	325	0
270	325	0
271	325	0
282	325	0
283	325	0
229	326	0
231	326	0
233	326	0
235	326	0
237	326	0
238	326	0
239	326	0
241	326	0
243	326	0
266	326	0
268	326	0
284	326	0
126	323	0
285	327	0
275	171	2
276	171	2
274	172	2
273	173	2
273	174	2
272	175	2
272	176	2
272	177	2
272	178	2
272	179	2
237	352	0
238	352	0
239	352	0
240	352	0
241	352	0
242	352	0
243	353	0
244	353	0
245	353	0
246	353	0
247	353	0
249	353	0
250	353	0
248	354	0
236	353	0
251	354	0
374	125	969
373	126	969
271	274	987
272	275	987
273	275	987
274	276	987
275	276	987
296	326	4
298	326	4
300	326	4
286	327	4
287	327	4
288	327	4
289	327	4
291	327	4
293	327	4
294	327	4
295	327	4
297	327	4
299	327	4
290	328	4
292	328	4
301	326	4
285	327	4
363	52	3
364	53	3
365	54	3
366	55	3
363	51	3
205	170	24
204	171	24
203	172	24
206	169	24
226	104	2
227	105	2
228	105	2
229	106	2
230	107	2
231	108	2
232	109	2
225	103	2
233	110	2
322	274	8
323	275	8
324	276	8
325	276	8
326	277	8
327	278	8
321	273	8
328	279	8
331	277	2
330	278	2
329	279	2
98	265	0
97	266	0
97	267	0
96	268	0
96	269	0
95	270	0
95	271	0
95	272	0
95	273	0
95	274	0
96	275	0
96	276	0
97	277	0
97	278	0
98	279	0
99	264	0
99	280	0
317	53	2
319	53	2
321	53	2
315	54	2
316	54	2
318	54	2
320	54	2
322	54	2
323	54	2
324	54	2
326	54	2
312	55	2
314	55	2
325	55	2
327	55	2
328	55	2
329	55	2
331	55	2
309	56	2
310	56	2
311	56	2
313	56	2
330	56	2
332	56	2
334	56	2
336	56	2
338	56	2
308	57	2
333	57	2
335	57	2
337	57	2
339	57	2
344	57	2
340	58	2
341	58	2
342	58	2
343	58	2
307	58	2
345	58	2
98	295	0
97	296	0
97	297	0
96	298	0
96	299	0
99	294	0
95	300	0
365	324	1
366	325	1
366	326	1
367	327	1
367	328	1
364	323	1
148	47	0
149	47	0
146	48	0
147	48	0
144	49	0
145	49	0
142	50	0
143	50	0
140	51	0
141	51	0
138	52	0
139	52	0
137	53	0
136	54	0
136	55	0
136	56	0
136	57	0
136	58	0
136	59	0
150	46	0
136	60	0
346	102	0
347	103	0
346	104	0
345	105	0
344	106	0
344	107	0
344	108	0
344	109	0
344	110	0
208	58	0
210	58	0
215	58	0
204	59	0
205	59	0
206	59	0
207	59	0
209	59	0
211	59	0
212	59	0
213	59	0
214	59	0
200	60	0
201	60	0
202	60	0
203	60	0
138	61	0
139	61	0
140	61	0
141	61	0
142	61	0
143	61	0
144	61	0
145	61	0
146	61	0
147	61	0
148	61	0
149	61	0
150	61	0
151	61	0
152	61	0
153	61	0
154	61	0
155	61	0
156	61	0
157	61	0
158	61	0
159	61	0
160	61	0
161	61	0
162	61	0
163	61	0
164	61	0
165	61	0
166	61	0
167	61	0
168	61	0
169	61	0
170	61	0
171	61	0
172	61	0
173	61	0
174	61	0
175	61	0
176	61	0
177	61	0
178	61	0
179	61	0
180	61	0
181	61	0
182	61	0
183	61	0
184	61	0
185	61	0
186	61	0
187	61	0
188	61	0
189	61	0
190	61	0
191	61	0
192	61	0
193	61	0
194	61	0
195	61	0
196	61	0
197	61	0
198	61	0
199	61	0
216	59	0
137	61	0
283	328	2
284	328	2
282	329	2
279	330	2
280	330	2
281	330	2
278	331	2
276	332	2
277	332	2
285	327	2
275	333	2
413	57	969
414	57	969
412	58	969
415	58	969
414	59	969
379	110	970
380	110	970
274	104	2
264	105	2
266	105	2
268	105	2
269	105	2
270	105	2
271	105	2
272	105	2
273	105	2
275	105	2
277	105	2
259	106	2
260	106	2
261	106	2
262	106	2
263	106	2
265	106	2
267	106	2
276	106	2
278	106	2
279	106	2
280	106	2
256	107	2
257	107	2
258	107	2
281	107	2
282	107	2
283	107	2
284	107	2
254	108	2
255	108	2
285	108	2
286	108	2
287	108	2
288	108	2
290	108	2
236	109	2
237	109	2
240	109	2
242	109	2
244	109	2
246	109	2
248	109	2
250	109	2
251	109	2
252	109	2
253	109	2
289	109	2
291	109	2
292	109	2
235	110	2
238	110	2
239	110	2
241	110	2
243	110	2
245	110	2
247	110	2
249	110	2
293	110	2
294	110	2
295	111	2
234	110	2
296	112	2
318	218	0
319	218	0
320	218	0
321	218	0
336	218	0
337	218	0
338	218	0
339	218	0
340	218	0
341	218	0
342	218	0
343	218	0
345	218	0
347	218	0
349	218	0
371	218	0
322	219	0
323	219	0
324	219	0
326	219	0
333	219	0
334	219	0
335	219	0
344	219	0
346	219	0
348	219	0
350	219	0
351	219	0
352	219	0
353	219	0
354	219	0
355	219	0
356	219	0
357	219	0
358	219	0
359	219	0
360	219	0
361	219	0
363	219	0
364	219	0
365	219	0
366	219	0
367	219	0
368	219	0
369	219	0
370	219	0
372	219	0
373	219	0
325	220	0
327	220	0
328	220	0
329	220	0
330	220	0
331	220	0
332	220	0
362	220	0
317	218	0
374	220	0
101	162	7
102	162	7
103	162	7
104	162	7
105	162	7
106	162	7
107	162	7
108	162	7
109	162	7
110	162	7
111	162	7
112	162	7
113	162	7
114	162	7
115	162	7
116	162	7
117	162	7
118	162	7
119	162	7
120	162	7
121	162	7
122	162	7
123	162	7
124	162	7
125	162	7
126	162	7
127	162	7
128	162	7
129	162	7
130	162	7
131	162	7
132	162	7
133	162	7
134	162	7
135	162	7
136	162	7
137	162	7
138	162	7
139	162	7
140	162	7
141	162	7
142	162	7
143	162	7
144	162	7
145	162	7
146	162	7
147	162	7
148	162	7
149	162	7
150	162	7
151	162	7
152	162	7
153	162	7
154	162	7
155	162	7
156	162	7
157	162	7
158	162	7
159	162	7
160	162	7
161	162	7
162	162	7
163	162	7
164	162	7
165	162	7
166	162	7
167	162	7
168	162	7
169	162	7
170	162	7
171	162	7
172	162	7
173	162	7
174	162	7
175	162	7
176	162	7
177	162	7
178	162	7
179	162	7
180	162	7
181	162	7
182	162	7
183	162	7
184	162	7
185	162	7
186	162	7
187	162	7
188	162	7
189	162	7
190	162	7
191	162	7
192	162	7
196	162	7
198	162	7
199	162	7
193	163	7
194	163	7
195	163	7
197	163	7
100	162	7
200	162	7
302	327	2
303	328	2
304	328	2
305	329	2
306	329	2
307	330	2
308	330	2
309	330	2
310	330	2
312	330	2
311	331	2
313	331	2
315	331	2
314	332	2
316	332	2
317	332	2
318	332	2
320	332	2
327	332	2
329	332	2
330	332	2
319	333	2
321	333	2
322	333	2
323	333	2
324	333	2
325	333	2
326	333	2
328	333	2
301	326	2
331	332	2
258	352	5
258	353	5
258	354	5
258	355	5
259	356	5
258	351	5
338	111	1
340	111	1
341	111	1
342	111	1
343	111	1
335	112	1
336	112	1
337	112	1
339	112	1
334	113	1
332	114	1
333	114	1
344	110	1
331	115	1
201	163	0
202	163	0
203	164	0
203	165	0
204	166	0
204	167	0
205	168	0
200	162	0
206	169	0
266	333	0
260	334	0
261	334	0
262	334	0
263	334	0
264	334	0
265	334	0
267	334	0
268	334	0
253	335	0
254	335	0
255	335	0
256	335	0
257	335	0
258	335	0
259	335	0
248	336	0
250	336	0
251	336	0
252	336	0
245	337	0
246	337	0
247	337	0
249	337	0
192	338	0
193	338	0
195	338	0
197	338	0
199	338	0
210	338	0
212	338	0
242	338	0
243	338	0
244	338	0
143	339	0
144	339	0
145	339	0
146	339	0
147	339	0
148	339	0
149	339	0
150	339	0
151	339	0
152	339	0
153	339	0
154	339	0
155	339	0
156	339	0
157	339	0
158	339	0
159	339	0
160	339	0
161	339	0
162	339	0
163	339	0
164	339	0
165	339	0
166	339	0
167	339	0
168	339	0
169	339	0
170	339	0
171	339	0
172	339	0
173	339	0
174	339	0
175	339	0
176	339	0
177	339	0
178	339	0
179	339	0
180	339	0
181	339	0
182	339	0
183	339	0
184	339	0
185	339	0
186	339	0
187	339	0
188	339	0
189	339	0
190	339	0
191	339	0
194	339	0
196	339	0
198	339	0
200	339	0
201	339	0
202	339	0
203	339	0
204	339	0
205	339	0
206	339	0
207	339	0
208	339	0
209	339	0
211	339	0
213	339	0
214	339	0
215	339	0
216	339	0
217	339	0
218	339	0
219	339	0
240	339	0
241	339	0
220	340	0
221	340	0
222	340	0
223	340	0
224	340	0
225	340	0
227	340	0
229	340	0
232	340	0
234	340	0
236	340	0
237	340	0
238	340	0
239	340	0
226	341	0
228	341	0
230	341	0
231	341	0
233	341	0
235	341	0
269	335	0
142	339	0
271	333	7
273	333	7
270	334	7
272	334	7
274	334	7
275	333	7
269	335	7
289	168	987
290	168	987
284	169	987
286	169	987
287	169	987
288	169	987
278	170	987
279	170	987
280	170	987
281	170	987
282	170	987
283	170	987
285	170	987
281	244	2
281	245	2
280	246	2
279	247	2
281	243	2
279	248	2
220	283	0
220	284	0
220	285	0
219	286	0
218	287	0
218	288	0
217	289	0
217	290	0
217	291	0
217	292	0
217	293	0
220	282	0
217	294	0
259	188	0
258	189	0
257	190	0
256	191	0
255	192	0
260	187	0
254	193	0
100	104	0
101	104	0
102	104	0
103	104	0
104	104	0
105	104	0
106	104	0
107	104	0
108	104	0
109	104	0
110	104	0
111	104	0
112	104	0
113	104	0
114	104	0
115	104	0
116	104	0
117	104	0
118	104	0
119	104	0
120	104	0
121	104	0
122	104	0
123	104	0
124	104	0
125	104	0
126	104	0
127	104	0
128	104	0
129	104	0
130	104	0
131	104	0
132	104	0
133	104	0
134	104	0
135	104	0
136	104	0
137	104	0
138	104	0
139	104	0
140	104	0
141	104	0
142	104	0
143	104	0
144	104	0
145	104	0
146	104	0
147	104	0
148	104	0
149	104	0
150	104	0
151	104	0
152	104	0
153	104	0
154	104	0
155	104	0
156	104	0
157	104	0
158	104	0
159	104	0
160	104	0
161	104	0
162	104	0
163	104	0
164	104	0
165	104	0
166	104	0
167	104	0
168	104	0
169	104	0
170	104	0
171	104	0
172	104	0
173	104	0
174	104	0
175	104	0
176	104	0
177	104	0
178	104	0
179	104	0
180	104	0
181	104	0
182	104	0
183	104	0
184	104	0
185	104	0
186	104	0
187	104	0
188	104	0
189	104	0
190	104	0
193	104	0
195	104	0
197	104	0
199	104	0
201	104	0
223	104	0
224	104	0
191	105	0
192	105	0
194	105	0
196	105	0
198	105	0
200	105	0
202	105	0
203	105	0
204	105	0
205	105	0
206	105	0
207	105	0
208	105	0
209	105	0
210	105	0
211	105	0
212	105	0
213	105	0
214	105	0
216	105	0
218	105	0
220	105	0
221	105	0
222	105	0
215	106	0
217	106	0
219	106	0
225	103	0
99	104	0
385	112	0
387	112	0
390	112	0
391	112	0
384	113	0
386	113	0
388	113	0
389	113	0
392	113	0
383	114	0
383	115	0
325	369	1
324	368	1
326	370	1
248	76	0
249	77	0
250	78	0
263	78	0
264	78	0
251	79	0
252	79	0
261	79	0
262	79	0
253	80	0
259	80	0
260	80	0
254	81	0
255	81	0
256	81	0
257	81	0
258	81	0
248	75	0
265	77	0
342	170	8
341	171	8
341	172	8
340	173	8
300	110	5
308	110	5
311	110	5
313	110	5
315	110	5
316	110	5
318	110	5
320	110	5
297	111	5
298	111	5
299	111	5
301	111	5
302	111	5
303	111	5
304	111	5
305	111	5
306	111	5
307	111	5
309	111	5
310	111	5
312	111	5
314	111	5
317	111	5
319	111	5
321	111	5
322	112	5
323	112	5
324	113	5
325	113	5
326	113	5
327	113	5
328	114	5
329	114	5
296	112	5
330	115	5
335	172	6
336	172	6
333	173	6
334	173	6
337	173	6
338	174	6
236	301	0
235	302	0
237	300	0
207	170	2
208	171	2
209	172	2
210	173	2
210	174	2
206	169	2
210	175	2
333	333	6
334	333	6
335	334	6
336	334	6
337	335	6
339	335	6
338	336	6
340	336	6
342	336	6
343	336	6
341	337	6
344	337	6
332	332	6
