1	1	81
6	6	32
5	5	14
41	41	11
9	9	8
18	18	8
16	16	8
38	38	7
35	35	7
36	36	7
37	37	7
6	1	7
31	31	6
40	40	6
17	17	6
19	19	5
5	1	5
12	12	4
24	24	4
33	34	4
26	26	4
22	18	4
41	1	4
1	41	4
33	33	4
38	1	3
32	32	3
3	1	3
1000	40	3
35	36	3
6	5	3
27	27	3
41	6	3
35	41	3
20	20	3
34	34	3
36	1	3
29	29	3
17	20	2
27	1	2
12	14	2
37	38	2
14	16	2
14	15	2
37	1	2
37	36	2
1000	34	2
35	1	2
7	7	2
39	41	2
4	4	2
26	41	2
1000	36	2
23	23	2
12	13	2
1000	38	2
28	28	2
41	13	1
37	39	1
23	24	1
11	39	1
28	41	1
1	6	1
41	5	1
11	11	1
23	36	1
31	36	1
1000	37	1
35	33	1
36	27	1
28	13	1
31	35	1
16	12	1
18	20	1
11	13	1
17	18	1
31	37	1
34	30	1
1	4	1
16	19	1
9	6	1
36	41	1
26	1	1
16	41	1
39	40	1
34	36	1
34	35	1
35	26	1
38	26	1
5	40	1
20	16	1
31	26	1
36	26	1
41	19	1
34	39	1
32	27	1
8	1	1
41	16	1
30	41	1
35	28	1
16	15	1
14	14	1
18	31	1
8	6	1
36	31	1
12	40	1
29	26	1
32	34	1
39	35	1
6	40	1
36	40	1
41	28	1
17	1	1
1000	41	1
29	39	1
1	39	1
38	40	1
36	38	1
14	11	1
12	15	1
5	10	1
31	41	1
36	33	1
8	8	1
10	10	1
