1	1	26
42	42	14
6	6	9
1	28	5
35	35	5
38	38	5
40	40	5
9	9	4
37	37	4
39	42	3
1	6	3
14	14	2
5	5	2
42	33	2
42	41	2
7	7	2
35	42	2
41	41	2
17	17	2
12	12	2
41	6	2
36	36	2
33	33	2
3	3	2
6	9	1
20	25	1
40	41	1
1	14	1
21	28	1
6	9	1
33	36	1
40	41	1
34	35	1
17	25	1
18	30	1
33	30	1
1	1	1
13	32	1
27	9	1
38	40	1
1	5	1
37	13	1
5	7	1
39	11	1
1	1	1
36	37	1
5	18	1
6	10	1
26	30	1
5	11	1
4	5	1
20	26	1
5	24	1
26	28	1
33	36	1
16	19	1
22	42	1
6	8	1
40	41	1
36	41	1
18	25	1
36	36	1
1	3	1
9	7	1
15	16	1
3	1	1
17	25	1
1	21	1
15	13	1
1	26	1
16	21	1
27	11	1
6	14	1
20	26	1
27	33	1
6	29	1
33	37	1
42	35	1
42	6	1
1	6	1
6	11	1
17	24	1
5	8	1
5	7	1
18	18	1
9	11	1
18	42	1
1000	40	1
38	41	1
1	2	1
35	38	1
34	9	1
24	28	1
37	12	1
1	7	1
11	26	1
1	19	1
6	30	1
3	5	1
1	7	1
5	10	1
5	7	1
1	6	1
1	18	1
1000	19	1
20	28	1
1	9	1
33	33	1
32	23	1
31	33	1
34	38	1
31	34	1
36	37	1
30	23	1
9	8	1
39	37	1
11	14	1
35	39	1
1	20	1
32	38	1
39	12	1
1	14	1
5	6	1
1000	40	1
3	16	1
1	5	1
1	32	1
6	15	1
5	8	1
42	8	1
1	2	1
5	42	1
6	11	1
7	7	1
5	16	1
31	35	1
5	10	1
31	39	1
36	10	1
1	2	1
15	24	1
15	21	1
18	20	1
1	18	1
1000	40	1
1	9	1
1	7	1
32	37	1
19	41	1
5	32	1
5	6	1
12	16	1
28	34	1
1	23	1
16	21	1
6	24	1
1000	39	1
1	14	1
9	14	1
33	32	1
16	24	1
31	32	1
35	37	1
18	23	1
42	40	1
1	13	1
37	42	1
1	6	1
9	15	1
31	32	1
37	38	1
14	14	1
15	15	1
18	26	1
1	1	1
12	21	1
1	2	1
1	24	1
1	2	1
1	4	1
1	13	1
1	1	1
5	28	1
36	38	1
6	19	1
1000	33	1
1	6	1
1	9	1
1	5	1
31	33	1
13	42	1
36	11	1
4	4	1
11	11	1
1	16	1
1	17	1
1	3	1
1	6	1
1	14	1
38	27	1
1	11	1
5	8	1
5	5	1
1	7	1
26	32	1
6	10	1
5	18	1
28	35	1
36	37	1
30	42	1
33	39	1
31	35	1
35	36	1
1	1	1
42	41	1
26	36	1
37	41	1
18	35	1
38	38	1
37	38	1
14	14	1
5	13	1
36	13	1
24	24	1
14	15	1
1	8	1
27	27	1
1	12	1
1	9	1
28	28	1
24	36	1
5	14	1
40	8	1
1000	28	1
26	38	1
22	23	1
17	29	1
6	42	1
1	24	1
18	26	1
17	19	1
39	41	1
5	14	1
36	7	1
1	7	1
15	23	1
12	13	1
1	16	1
12	24	1
1	5	1
1	20	1
3	6	1
1	13	1
1	10	1
29	26	1
6	10	1
14	21	1
26	33	1
6	11	1
1000	22	1
6	30	1
1000	41	1
17	22	1
16	26	1
31	34	1
11	15	1
35	39	1
18	21	1
36	32	1
9	13	1
42	37	1
38	39	1
39	38	1
37	15	1
1	9	1
36	37	1
1	3	1
1	14	1
5	13	1
18	18	1
30	31	1
16	22	1
1	42	1
1	41	1
6	17	1
16	17	1
31	36	1
35	33	1
17	33	1
1	6	1
9	11	1
13	40	1
1	3	1
9	24	1
39	40	1
6	30	1
15	22	1
22	26	1
38	7	1
1000	36	1
1	23	1
20	26	1
38	38	1
1	4	1
1	9	1
5	8	1
18	26	1
1	35	1
6	8	1
1	19	1
21	29	1
9	42	1
33	37	1
26	26	1
1	9	1
34	34	1
42	23	1
1	1	1
9	12	1
37	36	1
30	37	1
5	8	1
1	14	1
1	29	1
1	2	1
14	42	1
5	12	1
29	31	1
1	8	1
26	41	1
21	41	1
26	36	1
5	6	1
34	38	1
9	11	1
42	3	1
1000	36	1
33	35	1
22	24	1
36	40	1
8	11	1
6	11	1
16	16	1
1	4	1
6	8	1
8	17	1
17	31	1
11	12	1
35	27	1
12	15	1
1	7	1
1	22	1
13	14	1
12	26	1
1	8	1
14	32	1
5	2	1
1	16	1
1	9	1
