468	88	1
469	89	1
469	90	1
470	91	1
471	92	1
472	93	1
473	94	1
474	94	1
475	95	1
476	96	1
477	97	1
478	98	1
479	98	1
480	99	1
480	100	1
468	87	1
243	206	0
244	206	0
245	206	0
246	206	0
247	206	0
248	205	0
242	206	0
284	148	0
285	147	0
309	206	20
310	205	20
190	299	5
190	300	5
190	301	5
189	302	5
189	303	5
189	304	5
190	298	5
189	305	5
312	205	4
313	206	4
314	207	4
311	205	4
252	50	0
253	50	0
254	50	0
255	50	0
256	50	0
251	51	0
257	51	0
258	51	0
259	51	0
249	52	0
250	52	0
260	52	0
247	53	0
248	53	0
261	53	0
262	53	0
246	54	0
263	54	0
264	55	0
265	55	0
266	55	0
267	56	0
268	57	0
269	57	0
270	57	0
271	57	0
272	57	0
273	58	0
274	59	0
275	59	0
245	55	0
276	60	0
305	249	2
306	250	2
307	251	2
305	248	2
308	252	2
362	243	6
362	244	6
360	245	6
361	245	6
359	246	6
358	247	6
358	248	6
357	249	6
357	250	6
357	251	6
362	242	6
357	252	6
292	249	0
294	249	0
297	249	0
293	250	0
295	250	0
296	250	0
291	250	0
298	250	0
411	56	0
412	57	0
411	58	0
412	59	0
411	55	0
166	292	41
167	292	41
85	293	41
86	293	41
87	293	41
88	293	41
89	293	41
90	293	41
91	293	41
92	293	41
93	293	41
94	293	41
95	293	41
96	293	41
97	293	41
98	293	41
99	293	41
100	293	41
101	293	41
102	293	41
103	293	41
104	293	41
105	293	41
106	293	41
107	293	41
108	293	41
109	293	41
110	293	41
111	293	41
112	293	41
113	293	41
114	293	41
115	293	41
116	293	41
117	293	41
118	293	41
119	293	41
120	293	41
121	293	41
122	293	41
123	293	41
124	293	41
125	293	41
126	293	41
127	293	41
128	293	41
129	293	41
130	293	41
131	293	41
132	293	41
133	293	41
134	293	41
135	293	41
136	293	41
137	293	41
138	293	41
139	293	41
140	293	41
141	293	41
142	293	41
143	293	41
144	293	41
145	293	41
146	293	41
147	293	41
148	293	41
149	293	41
150	293	41
151	293	41
152	293	41
153	293	41
154	293	41
155	293	41
156	293	41
157	293	41
158	293	41
159	293	41
160	293	41
161	293	41
163	293	41
165	293	41
162	294	41
164	294	41
168	291	41
84	293	41
354	1	978
354	2	978
290	70	3
291	70	3
287	71	3
288	71	3
289	71	3
252	72	3
254	72	3
256	72	3
261	72	3
263	72	3
265	72	3
267	72	3
269	72	3
271	72	3
285	72	3
286	72	3
218	73	3
219	73	3
220	73	3
221	73	3
222	73	3
223	73	3
224	73	3
225	73	3
226	73	3
227	73	3
228	73	3
230	73	3
244	73	3
246	73	3
247	73	3
248	73	3
249	73	3
250	73	3
251	73	3
253	73	3
255	73	3
257	73	3
258	73	3
259	73	3
260	73	3
262	73	3
264	73	3
266	73	3
268	73	3
270	73	3
272	73	3
273	73	3
274	73	3
276	73	3
278	73	3
280	73	3
283	73	3
284	73	3
217	74	3
229	74	3
231	74	3
232	74	3
233	74	3
234	74	3
236	74	3
240	74	3
242	74	3
243	74	3
245	74	3
275	74	3
277	74	3
279	74	3
281	74	3
282	74	3
216	75	3
235	75	3
237	75	3
238	75	3
239	75	3
241	75	3
292	69	3
215	76	3
83	294	0
83	295	0
82	296	0
82	297	0
81	298	0
81	299	0
80	300	0
80	301	0
80	302	0
81	303	0
81	304	0
82	305	0
82	306	0
83	307	0
83	308	0
84	293	0
84	309	0
248	349	34
249	350	34
249	351	34
250	352	34
251	353	34
252	354	34
248	348	34
253	355	34
198	106	0
199	107	0
197	105	0
200	108	0
172	353	0
174	353	0
176	353	0
177	353	0
178	353	0
180	353	0
182	353	0
184	353	0
129	354	0
130	354	0
131	354	0
132	354	0
133	354	0
134	354	0
135	354	0
136	354	0
137	354	0
138	354	0
139	354	0
140	354	0
141	354	0
142	354	0
143	354	0
144	354	0
145	354	0
146	354	0
147	354	0
148	354	0
149	354	0
150	354	0
151	354	0
152	354	0
153	354	0
154	354	0
155	354	0
156	354	0
157	354	0
158	354	0
159	354	0
160	354	0
161	354	0
162	354	0
164	354	0
166	354	0
168	354	0
169	354	0
170	354	0
171	354	0
173	354	0
175	354	0
179	354	0
181	354	0
183	354	0
185	354	0
186	354	0
187	354	0
188	354	0
189	354	0
190	354	0
191	354	0
192	354	0
193	354	0
194	354	0
195	354	0
196	354	0
197	354	0
199	354	0
201	354	0
203	354	0
205	354	0
163	355	0
165	355	0
167	355	0
198	355	0
200	355	0
202	355	0
204	355	0
206	353	0
128	354	0
267	206	0
267	207	0
266	208	0
266	209	0
268	205	0
265	210	0
260	307	6
259	308	6
261	306	6
258	309	6
262	3	1
261	4	1
387	208	11
388	208	11
389	208	11
390	208	11
391	208	11
392	208	11
394	208	11
383	209	11
384	209	11
385	209	11
386	209	11
393	209	11
380	210	11
381	210	11
382	210	11
378	211	11
379	211	11
376	212	11
377	212	11
375	213	11
372	214	11
374	214	11
371	215	11
373	215	11
345	216	11
368	216	11
369	216	11
370	216	11
287	217	11
323	217	11
325	217	11
327	217	11
329	217	11
331	217	11
333	217	11
334	217	11
335	217	11
336	217	11
337	217	11
338	217	11
339	217	11
340	217	11
341	217	11
342	217	11
343	217	11
344	217	11
346	217	11
347	217	11
348	217	11
349	217	11
350	217	11
351	217	11
352	217	11
354	217	11
362	217	11
364	217	11
365	217	11
366	217	11
367	217	11
285	218	11
286	218	11
288	218	11
289	218	11
290	218	11
291	218	11
292	218	11
293	218	11
294	218	11
318	218	11
320	218	11
321	218	11
322	218	11
324	218	11
326	218	11
328	218	11
330	218	11
332	218	11
353	218	11
355	218	11
356	218	11
357	218	11
358	218	11
359	218	11
360	218	11
361	218	11
363	218	11
295	219	11
296	219	11
297	219	11
298	219	11
299	219	11
301	219	11
303	219	11
311	219	11
313	219	11
315	219	11
316	219	11
317	219	11
319	219	11
300	220	11
302	220	11
304	220	11
305	220	11
306	220	11
308	220	11
309	220	11
310	220	11
312	220	11
314	220	11
307	221	11
395	208	11
284	219	11
166	2	0
167	2	0
168	2	0
169	2	0
170	2	0
171	2	0
172	2	0
174	2	0
164	3	0
165	3	0
173	3	0
175	3	0
176	3	0
163	4	0
177	4	0
162	5	0
162	6	0
162	7	0
162	8	0
162	9	0
162	10	0
178	5	0
162	11	0
307	254	0
308	253	0
306	255	0
229	4	0
230	3	0
358	254	0
359	254	0
357	253	0
360	255	0
207	354	0
208	354	0
210	354	0
209	355	0
211	355	0
212	355	0
213	355	0
214	355	0
215	355	0
216	355	0
218	355	0
220	355	0
221	355	0
217	356	0
219	356	0
222	356	0
206	353	0
223	356	0
252	356	36
253	355	36
97	326	25
97	327	25
97	328	25
97	329	25
97	330	25
97	331	25
98	332	25
99	333	25
100	333	25
101	334	25
102	334	25
103	335	25
104	335	25
105	336	25
106	336	25
107	337	25
108	337	25
109	338	25
110	338	25
97	325	25
111	339	25
252	1	1
251	2	1
253	2	1
254	2	1
255	3	1
256	3	1
257	4	1
258	4	1
259	5	1
260	4	1
249	206	0
250	207	0
251	208	0
252	208	0
254	208	0
253	209	0
255	209	0
256	210	0
257	210	0
258	210	0
260	210	0
259	211	0
261	211	0
262	211	0
263	211	0
248	205	0
264	211	0
164	147	26
165	147	26
166	147	26
167	147	26
162	148	26
163	148	26
168	148	26
169	148	26
170	148	26
86	149	26
87	149	26
88	149	26
89	149	26
90	149	26
91	149	26
92	149	26
93	149	26
94	149	26
95	149	26
96	149	26
97	149	26
98	149	26
99	149	26
100	149	26
101	149	26
102	149	26
103	149	26
104	149	26
105	149	26
106	149	26
107	149	26
108	149	26
109	149	26
110	149	26
111	149	26
112	149	26
113	149	26
114	149	26
115	149	26
116	149	26
117	149	26
118	149	26
119	149	26
120	149	26
121	149	26
122	149	26
123	149	26
124	149	26
125	149	26
126	149	26
127	149	26
128	149	26
129	149	26
130	149	26
131	149	26
132	149	26
133	149	26
134	149	26
135	149	26
136	149	26
137	149	26
138	149	26
139	149	26
140	149	26
141	149	26
142	149	26
143	149	26
144	149	26
145	149	26
146	149	26
147	149	26
148	149	26
149	149	26
150	149	26
151	149	26
152	149	26
153	149	26
154	149	26
155	149	26
156	149	26
157	149	26
158	149	26
159	149	26
160	149	26
161	149	26
171	149	26
85	149	26
172	150	26
298	251	14
298	252	14
299	253	14
300	254	14
301	255	14
298	250	14
257	358	0
258	359	0
256	357	0
355	254	1
352	255	1
353	255	1
354	255	1
321	256	1
322	256	1
323	256	1
325	256	1
327	256	1
329	256	1
350	256	1
351	256	1
320	257	1
324	257	1
326	257	1
328	257	1
330	257	1
331	257	1
332	257	1
334	257	1
348	257	1
349	257	1
333	258	1
335	258	1
337	258	1
339	258	1
344	258	1
345	258	1
346	258	1
347	258	1
336	259	1
338	259	1
340	259	1
341	259	1
342	259	1
343	259	1
356	253	1
319	257	1
219	148	0
220	149	0
218	147	0
221	150	0
319	375	0
320	376	0
321	377	0
318	374	0
261	6	3
262	7	3
261	5	3
169	250	0
170	251	0
171	252	0
172	252	0
173	253	0
174	254	0
175	254	0
176	255	0
177	256	0
178	256	0
168	249	0
179	257	0
204	152	0
204	153	0
204	154	0
204	155	0
204	156	0
204	151	0
300	7	3
302	7	3
303	7	3
304	7	3
296	8	3
297	8	3
298	8	3
299	8	3
301	8	3
293	9	3
295	9	3
290	10	3
291	10	3
292	10	3
294	10	3
287	11	3
288	11	3
289	11	3
285	12	3
286	12	3
281	13	3
283	13	3
284	13	3
280	14	3
282	14	3
305	8	3
279	13	3
176	46	0
178	46	0
179	46	0
180	46	0
181	46	0
182	46	0
183	46	0
174	47	0
175	47	0
177	47	0
184	47	0
185	47	0
186	47	0
188	47	0
172	48	0
173	48	0
187	48	0
189	48	0
190	48	0
192	48	0
194	48	0
196	48	0
198	48	0
200	48	0
201	48	0
202	48	0
203	48	0
204	48	0
206	48	0
208	48	0
171	49	0
191	49	0
193	49	0
195	49	0
197	49	0
199	49	0
205	49	0
207	49	0
209	49	0
210	49	0
211	49	0
212	49	0
214	49	0
213	50	0
215	50	0
216	50	0
217	51	0
218	51	0
219	52	0
220	52	0
221	53	0
170	50	0
222	54	0
314	1	0
313	2	0
312	3	0
310	4	0
311	4	0
309	5	0
308	6	0
306	7	0
307	7	0
305	8	0
246	56	0
247	57	0
248	57	0
249	58	0
250	58	0
251	59	0
252	60	0
253	60	0
254	61	0
255	61	0
256	61	0
257	61	0
258	61	0
259	61	0
260	61	0
261	62	0
262	62	0
263	62	0
264	62	0
265	62	0
266	62	0
267	63	0
268	63	0
269	63	0
270	63	0
245	55	0
271	64	0
240	207	24
241	207	24
238	208	24
239	208	24
237	209	24
236	210	24
234	211	24
235	211	24
233	212	24
232	213	24
242	206	24
231	214	24
181	145	34
183	145	34
185	145	34
178	146	34
179	146	34
180	146	34
182	146	34
184	146	34
186	146	34
188	146	34
176	147	34
177	147	34
187	147	34
189	147	34
190	147	34
174	148	34
175	148	34
191	148	34
192	148	34
194	148	34
173	149	34
193	149	34
195	149	34
196	149	34
198	149	34
200	149	34
197	150	34
199	150	34
201	150	34
202	150	34
203	150	34
172	150	34
204	151	34
305	256	0
306	255	0
417	96	0
415	97	0
416	97	0
413	98	0
414	98	0
412	99	0
411	100	0
412	101	0
411	102	0
410	103	0
310	253	1
312	253	1
314	253	1
311	254	1
313	254	1
315	254	1
316	255	1
317	255	1
318	256	1
309	253	1
319	257	1
86	101	2
87	101	2
88	101	2
89	101	2
90	101	2
91	101	2
92	101	2
93	101	2
94	101	2
95	101	2
96	101	2
97	101	2
98	101	2
99	101	2
100	101	2
101	101	2
102	101	2
103	101	2
104	101	2
105	101	2
106	101	2
107	101	2
108	101	2
109	101	2
110	101	2
111	101	2
112	101	2
113	101	2
114	101	2
115	101	2
116	101	2
117	101	2
118	101	2
119	101	2
120	101	2
121	101	2
122	101	2
123	101	2
124	101	2
125	101	2
126	101	2
127	101	2
128	101	2
129	101	2
130	101	2
131	101	2
132	101	2
133	101	2
134	101	2
135	101	2
136	101	2
137	101	2
138	101	2
139	101	2
140	101	2
141	101	2
142	101	2
143	101	2
144	101	2
145	101	2
146	101	2
147	101	2
148	101	2
149	101	2
150	101	2
151	101	2
152	101	2
153	101	2
154	101	2
155	101	2
156	101	2
157	101	2
158	101	2
159	101	2
160	101	2
161	101	2
162	101	2
163	102	2
164	102	2
166	102	2
168	102	2
170	102	2
165	103	2
167	103	2
169	103	2
85	101	2
171	101	2
396	210	5
425	210	5
397	211	5
421	211	5
423	211	5
424	211	5
398	212	5
420	212	5
422	212	5
399	213	5
400	213	5
417	213	5
418	213	5
419	213	5
401	214	5
403	214	5
405	214	5
415	214	5
416	214	5
402	215	5
404	215	5
406	215	5
408	215	5
410	215	5
412	215	5
413	215	5
414	215	5
407	216	5
409	216	5
411	216	5
396	209	5
224	357	34
224	358	34
224	359	34
224	360	34
224	361	34
223	362	34
223	363	34
223	364	34
223	365	34
223	356	34
223	366	34
218	208	0
219	208	0
220	209	0
221	210	0
222	210	0
223	211	0
224	211	0
225	212	0
226	212	0
227	213	0
228	213	0
230	213	0
229	214	0
217	207	0
231	214	0
231	3	6
232	4	6
233	5	6
234	6	6
235	7	6
236	8	6
237	9	6
230	3	6
238	10	6
240	9	9
239	10	9
212	92	0
213	93	0
214	94	0
214	95	0
215	96	0
216	97	0
216	98	0
217	99	0
216	100	0
217	101	0
218	102	0
219	103	0
211	91	0
318	265	973
317	266	973
317	267	973
316	268	973
315	269	973
314	270	973
314	271	973
313	272	973
312	273	973
312	274	973
311	275	973
311	276	973
312	277	973
312	278	973
312	279	973
336	279	973
313	280	973
334	280	973
335	280	973
314	281	973
332	281	973
333	281	973
315	282	973
317	282	973
328	282	973
329	282	973
330	282	973
331	282	973
316	283	973
318	283	973
319	283	973
320	283	973
321	283	973
323	283	973
324	283	973
325	283	973
326	283	973
327	283	973
322	284	973
310	149	1
307	150	1
308	150	1
309	150	1
306	151	1
410	256	2
409	257	2
260	318	0
259	318	0
281	218	0
282	218	0
283	218	0
278	219	0
280	219	0
275	220	0
277	220	0
279	220	0
274	221	0
276	221	0
258	222	0
260	222	0
263	222	0
265	222	0
267	222	0
269	222	0
271	222	0
272	222	0
273	222	0
257	223	0
259	223	0
261	223	0
262	223	0
264	223	0
266	223	0
268	223	0
270	223	0
284	219	0
256	222	0
186	255	4
188	255	4
190	255	4
192	255	4
194	255	4
196	255	4
197	255	4
180	256	4
183	256	4
185	256	4
187	256	4
189	256	4
191	256	4
193	256	4
195	256	4
181	257	4
182	257	4
184	257	4
198	255	4
179	257	4
256	301	0
257	302	0
258	303	0
259	304	0
260	305	0
261	306	0
287	252	15
287	253	15
287	254	15
287	255	15
287	256	15
288	257	15
287	251	15
289	258	15
186	97	0
187	98	0
188	98	0
189	99	0
190	100	0
191	101	0
192	102	0
193	103	0
194	104	0
195	104	0
185	96	0
196	105	0
265	303	0
266	303	0
263	304	0
264	304	0
262	305	0
267	302	0
261	306	0
83	117	0
82	118	0
82	119	0
81	120	0
81	121	0
80	122	0
80	123	0
80	124	0
80	125	0
80	126	0
81	127	0
81	128	0
82	129	0
82	130	0
83	131	0
83	132	0
84	116	0
84	133	0
186	1	0
188	1	0
182	2	0
183	2	0
184	2	0
185	2	0
187	2	0
189	2	0
190	2	0
191	2	0
192	2	0
193	2	0
194	2	0
196	2	0
198	2	0
200	2	0
180	3	0
181	3	0
195	3	0
197	3	0
199	3	0
201	3	0
202	3	0
203	3	0
204	3	0
206	3	0
179	4	0
205	4	0
207	4	0
208	4	0
210	4	0
209	5	0
211	5	0
212	5	0
213	6	0
214	6	0
215	7	0
216	8	0
217	8	0
218	9	0
218	10	0
218	11	0
178	5	0
218	12	0
240	11	9
239	10	9
221	152	0
221	153	0
221	151	0
222	154	0
188	306	0
186	307	0
187	307	0
162	308	0
164	308	0
184	308	0
185	308	0
85	309	0
86	309	0
87	309	0
88	309	0
89	309	0
90	309	0
91	309	0
92	309	0
93	309	0
94	309	0
95	309	0
96	309	0
97	309	0
98	309	0
99	309	0
100	309	0
101	309	0
102	309	0
103	309	0
104	309	0
105	309	0
106	309	0
107	309	0
108	309	0
109	309	0
110	309	0
111	309	0
112	309	0
113	309	0
114	309	0
115	309	0
116	309	0
117	309	0
118	309	0
119	309	0
120	309	0
121	309	0
122	309	0
123	309	0
124	309	0
125	309	0
126	309	0
127	309	0
128	309	0
129	309	0
130	309	0
131	309	0
132	309	0
133	309	0
134	309	0
135	309	0
136	309	0
137	309	0
138	309	0
139	309	0
140	309	0
141	309	0
142	309	0
143	309	0
144	309	0
145	309	0
146	309	0
147	309	0
148	309	0
149	309	0
150	309	0
151	309	0
152	309	0
153	309	0
154	309	0
155	309	0
156	309	0
157	309	0
158	309	0
159	309	0
160	309	0
161	309	0
163	309	0
165	309	0
166	309	0
167	309	0
168	309	0
169	309	0
170	309	0
171	309	0
172	309	0
173	309	0
174	309	0
175	309	0
177	309	0
178	309	0
179	309	0
180	309	0
181	309	0
182	309	0
183	309	0
176	310	0
189	305	0
84	309	0
372	56	6
373	57	6
374	57	6
375	58	6
376	59	6
378	59	6
377	60	6
379	60	6
380	60	6
381	60	6
382	60	6
391	60	6
393	60	6
394	60	6
396	60	6
398	60	6
383	61	6
384	61	6
385	61	6
386	61	6
387	61	6
388	61	6
389	61	6
390	61	6
392	61	6
395	61	6
397	61	6
399	61	6
371	55	6
400	61	6
266	212	19
267	213	19
268	214	19
269	215	19
270	216	19
271	217	19
265	211	19
459	58	0
460	59	0
460	60	0
459	61	0
459	62	0
476	59	0
477	59	0
475	60	0
474	61	0
474	62	0
238	12	0
238	11	0
279	10	0
279	11	0
279	12	0
279	13	0
286	148	0
287	149	0
288	150	0
289	151	0
290	151	0
291	152	0
292	152	0
293	152	0
304	152	0
294	153	0
295	153	0
296	153	0
297	153	0
298	153	0
299	153	0
301	153	0
302	153	0
303	153	0
300	154	0
285	147	0
305	152	0
170	59	0
112	60	0
113	60	0
114	60	0
115	60	0
116	60	0
117	60	0
118	60	0
119	60	0
120	60	0
121	60	0
122	60	0
123	60	0
124	60	0
125	60	0
126	60	0
127	60	0
128	60	0
129	60	0
130	60	0
131	60	0
132	60	0
133	60	0
134	60	0
135	60	0
136	60	0
137	60	0
138	60	0
139	60	0
140	60	0
141	60	0
142	60	0
143	60	0
144	60	0
145	60	0
146	60	0
147	60	0
148	60	0
149	60	0
150	60	0
151	60	0
152	60	0
153	60	0
154	60	0
155	60	0
156	60	0
157	60	0
158	60	0
159	60	0
160	60	0
161	60	0
162	60	0
168	60	0
169	60	0
163	61	0
164	61	0
166	61	0
167	61	0
165	62	0
171	58	0
111	60	0
236	305	0
237	305	0
238	306	0
239	307	0
240	307	0
241	308	0
242	308	0
243	309	0
244	309	0
245	309	0
251	309	0
253	309	0
254	309	0
255	309	0
256	309	0
246	310	0
247	310	0
248	310	0
249	310	0
250	310	0
252	310	0
235	304	0
257	309	0
254	378	0
255	378	0
250	379	0
251	379	0
252	379	0
253	379	0
247	380	0
248	380	0
249	380	0
256	377	0
246	380	0
207	298	0
208	299	0
208	300	0
208	301	0
208	302	0
209	303	0
209	304	0
210	305	0
210	306	0
211	307	0
212	308	0
212	309	0
212	310	0
207	297	0
212	311	0
362	257	5
363	258	5
361	256	5
364	259	5
232	305	5
233	305	5
231	306	5
230	307	5
229	308	5
228	309	5
226	310	5
227	310	5
234	304	5
225	311	5
290	366	4
292	366	4
293	366	4
289	367	4
291	367	4
285	368	4
286	368	4
287	368	4
288	368	4
278	369	4
280	369	4
282	369	4
283	369	4
284	369	4
275	370	4
276	370	4
277	370	4
279	370	4
281	370	4
274	371	4
294	365	4
273	372	4
462	100	959
463	101	959
464	101	959
465	102	959
466	103	959
467	104	959
468	105	959
468	106	959
267	140	15
267	141	15
267	142	15
267	143	15
267	144	15
267	145	15
267	146	15
267	147	15
267	148	15
267	149	15
267	150	15
268	151	15
270	151	15
269	152	15
271	152	15
272	153	15
274	153	15
276	153	15
273	154	15
275	154	15
277	154	15
278	154	15
279	154	15
280	154	15
281	154	15
283	154	15
284	154	15
285	154	15
286	154	15
282	155	15
267	139	15
319	60	0
319	61	0
319	62	0
319	59	0
237	102	0
239	102	0
241	102	0
242	102	0
243	102	0
244	102	0
246	102	0
248	102	0
236	103	0
238	103	0
240	103	0
245	103	0
247	103	0
249	103	0
251	103	0
234	104	0
235	104	0
250	104	0
252	104	0
253	104	0
254	104	0
233	105	0
255	105	0
256	105	0
232	106	0
257	106	0
230	107	0
231	107	0
258	107	0
259	107	0
229	108	0
228	109	0
227	110	0
226	111	0
226	112	0
260	108	0
226	113	0
389	212	7
387	213	7
388	213	7
386	214	7
386	215	7
385	216	7
385	217	7
384	218	7
221	155	35
220	156	35
222	154	35
274	62	0
275	62	0
272	63	0
273	63	0
276	61	0
271	64	0
272	373	0
271	374	0
261	375	0
269	375	0
270	375	0
262	376	0
263	376	0
265	376	0
267	376	0
268	376	0
264	377	0
266	377	0
273	372	0
260	375	0
223	155	35
224	156	35
225	157	35
222	154	35
84	150	0
84	151	0
83	152	0
83	153	0
83	154	0
84	155	0
84	156	0
85	157	0
85	158	0
85	149	0
86	159	0
306	60	27
307	60	27
308	61	27
309	62	27
310	63	27
305	59	27
213	312	0
218	312	0
220	312	0
221	312	0
222	312	0
223	312	0
214	313	0
215	313	0
216	313	0
217	313	0
219	313	0
212	311	0
224	311	0
83	310	0
83	311	0
82	312	0
82	313	0
84	309	0
81	314	0
397	107	0
398	108	0
190	306	5
191	307	5
192	308	5
193	308	5
194	309	5
195	310	5
196	310	5
197	311	5
198	311	5
200	311	5
199	312	5
201	312	5
211	312	5
202	313	5
203	313	5
204	313	5
205	313	5
206	313	5
208	313	5
209	313	5
210	313	5
207	314	5
189	305	5
212	311	5
177	103	0
177	104	0
177	105	0
177	106	0
177	107	0
177	108	0
177	102	0
329	234	0
334	234	0
336	234	0
337	234	0
338	234	0
327	235	0
328	235	0
330	235	0
331	235	0
332	235	0
333	235	0
335	235	0
339	235	0
326	236	0
324	237	0
325	237	0
323	238	0
322	239	0
163	12	0
164	12	0
165	13	0
166	13	0
167	14	0
168	14	0
170	14	0
172	14	0
174	14	0
176	14	0
169	15	0
171	15	0
173	15	0
175	15	0
162	11	0
177	13	0
369	258	11
366	259	11
367	259	11
368	259	11
365	259	11
460	63	3
468	63	3
470	63	3
472	63	3
473	63	3
461	64	3
463	64	3
465	64	3
466	64	3
467	64	3
469	64	3
471	64	3
462	65	3
464	65	3
459	62	3
474	62	3
384	255	4
386	255	4
383	256	4
385	256	4
387	256	4
389	256	4
382	257	4
388	257	4
390	257	4
392	257	4
379	258	4
381	258	4
391	258	4
393	258	4
395	258	4
397	258	4
399	258	4
401	258	4
404	258	4
406	258	4
407	258	4
380	259	4
394	259	4
396	259	4
398	259	4
400	259	4
402	259	4
403	259	4
405	259	4
408	258	4
475	63	0
476	64	0
477	64	0
474	62	0
410	259	0
409	258	0
274	14	0
276	14	0
278	14	0
268	15	0
270	15	0
271	15	0
272	15	0
273	15	0
275	15	0
277	15	0
265	16	0
266	16	0
267	16	0
269	16	0
264	17	0
262	18	0
263	18	0
260	19	0
261	19	0
259	20	0
258	21	0
258	22	0
258	23	0
279	13	0
258	24	0
225	313	36
226	314	36
227	315	36
225	312	36
402	106	0
401	107	0
403	107	0
400	108	0
404	106	0
399	108	0
406	107	4
407	108	4
405	106	4
251	240	41
252	241	41
253	242	41
250	239	41
254	242	41
454	65	0
455	66	0
458	63	0
457	64	0
456	65	0
459	62	0
455	66	0
394	9	0
393	10	0
392	11	0
391	12	0
390	13	0
390	14	0
390	15	0
389	16	0
271	65	0
271	66	0
271	64	0
279	61	2
281	61	2
278	62	2
280	62	2
282	62	2
283	62	2
284	63	2
285	63	2
286	63	2
287	64	2
288	64	2
289	65	2
290	65	2
291	66	2
277	61	2
292	67	2
304	59	2
302	60	2
303	60	2
301	61	2
299	62	2
300	62	2
297	63	2
298	63	2
295	64	2
296	64	2
294	65	2
293	66	2
305	59	2
292	67	2
178	258	0
177	259	0
176	260	0
175	261	0
179	257	0
174	262	0
258	311	6
258	312	6
258	313	6
258	314	6
258	315	6
258	316	6
258	317	6
258	310	6
259	318	6
254	374	41
254	375	41
255	376	41
254	373	41
256	377	41
353	107	12
354	107	12
355	107	12
356	107	12
357	107	12
358	107	12
351	108	12
352	108	12
359	108	12
360	108	12
361	108	12
362	108	12
349	109	12
350	109	12
363	109	12
348	110	12
347	111	12
346	112	12
382	219	0
381	220	0
383	218	0
371	314	6
373	314	6
375	314	6
377	314	6
379	314	6
381	314	6
366	315	6
368	315	6
369	315	6
370	315	6
372	315	6
374	315	6
376	315	6
378	315	6
380	315	6
382	315	6
383	315	6
384	315	6
363	316	6
364	316	6
365	316	6
367	316	6
385	316	6
386	316	6
387	316	6
388	316	6
390	316	6
362	317	6
389	317	6
391	317	6
392	317	6
393	317	6
361	318	6
360	319	6
380	112	6
382	112	6
384	112	6
385	112	6
386	112	6
387	112	6
388	112	6
389	112	6
390	112	6
391	112	6
392	112	6
394	112	6
347	113	6
377	113	6
379	113	6
381	113	6
383	113	6
393	113	6
395	113	6
396	113	6
348	114	6
374	114	6
375	114	6
376	114	6
378	114	6
349	115	6
373	115	6
350	116	6
371	116	6
372	116	6
351	117	6
352	117	6
370	117	6
353	118	6
369	118	6
354	119	6
355	119	6
367	119	6
368	119	6
356	120	6
357	120	6
358	120	6
360	120	6
362	120	6
364	120	6
365	120	6
366	120	6
359	121	6
361	121	6
363	121	6
346	112	6
397	113	6
401	62	0
401	63	0
402	64	0
403	65	0
404	66	0
405	67	0
400	61	0
406	68	0
452	67	0
453	68	0
454	67	1
455	66	1
453	68	1
256	220	41
256	221	41
256	222	41
197	110	0
198	110	0
199	110	0
194	111	0
195	111	0
196	111	0
192	112	0
193	112	0
190	113	0
191	113	0
188	114	0
189	114	0
168	115	0
170	115	0
172	115	0
174	115	0
176	115	0
178	115	0
180	115	0
182	115	0
184	115	0
186	115	0
187	115	0
85	116	0
86	116	0
87	116	0
88	116	0
89	116	0
90	116	0
91	116	0
92	116	0
93	116	0
94	116	0
95	116	0
96	116	0
97	116	0
98	116	0
99	116	0
100	116	0
101	116	0
102	116	0
103	116	0
104	116	0
105	116	0
106	116	0
107	116	0
108	116	0
109	116	0
110	116	0
111	116	0
112	116	0
113	116	0
114	116	0
115	116	0
116	116	0
117	116	0
118	116	0
119	116	0
120	116	0
121	116	0
122	116	0
123	116	0
124	116	0
125	116	0
126	116	0
127	116	0
128	116	0
129	116	0
130	116	0
131	116	0
132	116	0
133	116	0
134	116	0
135	116	0
136	116	0
137	116	0
138	116	0
139	116	0
140	116	0
141	116	0
142	116	0
143	116	0
144	116	0
145	116	0
146	116	0
147	116	0
148	116	0
149	116	0
150	116	0
151	116	0
152	116	0
153	116	0
154	116	0
155	116	0
156	116	0
157	116	0
158	116	0
159	116	0
160	116	0
163	116	0
165	116	0
166	116	0
167	116	0
169	116	0
171	116	0
173	116	0
175	116	0
177	116	0
179	116	0
181	116	0
183	116	0
185	116	0
161	117	0
162	117	0
164	117	0
200	109	0
84	116	0
293	68	0
292	67	0
292	69	0
84	206	38
84	207	38
83	208	38
83	209	38
82	210	38
82	211	38
81	212	38
81	213	38
80	214	38
80	215	38
80	216	38
81	217	38
81	218	38
82	219	38
82	220	38
83	221	38
83	222	38
85	205	38
84	223	38
318	66	0
319	66	0
320	66	0
321	66	0
322	66	0
323	66	0
324	66	0
325	66	0
326	66	0
327	66	0
328	66	0
329	66	0
316	67	0
317	67	0
330	67	0
331	67	0
314	68	0
315	68	0
332	68	0
333	68	0
313	69	0
312	70	0
310	71	0
311	71	0
309	72	0
309	73	0
309	74	0
309	75	0
334	69	0
309	76	0
307	256	17
307	257	17
307	258	17
306	259	17
307	260	17
307	261	17
306	255	17
307	262	17
84	250	36
84	251	36
83	252	36
83	253	36
82	254	36
82	255	36
81	256	36
81	257	36
81	258	36
82	259	36
82	260	36
83	261	36
83	262	36
85	249	36
84	263	36
228	1	7
229	2	7
230	3	7
231	215	2
231	216	2
231	217	2
232	218	2
232	219	2
232	220	2
232	221	2
231	222	2
231	214	2
231	223	2
352	162	0
351	163	0
258	319	23
258	320	23
258	321	23
258	322	23
259	318	23
258	323	23
416	110	0
417	109	0
416	111	0
419	108	2
418	109	2
420	109	2
421	109	2
422	109	2
423	110	2
417	109	2
424	111	2
433	110	0
432	111	0
357	319	3
309	320	3
310	320	3
311	320	3
312	320	3
313	320	3
315	320	3
352	320	3
354	320	3
356	320	3
358	320	3
307	321	3
308	321	3
314	321	3
316	321	3
318	321	3
347	321	3
349	321	3
350	321	3
351	321	3
353	321	3
355	321	3
305	322	3
306	322	3
317	322	3
319	322	3
321	322	3
341	322	3
342	322	3
343	322	3
344	322	3
345	322	3
346	322	3
348	322	3
303	323	3
304	323	3
320	323	3
322	323	3
324	323	3
326	323	3
330	323	3
332	323	3
334	323	3
336	323	3
338	323	3
339	323	3
340	323	3
301	324	3
302	324	3
323	324	3
325	324	3
327	324	3
328	324	3
329	324	3
331	324	3
333	324	3
335	324	3
337	324	3
359	319	3
300	325	3
322	369	2
321	370	2
320	371	2
319	372	2
319	373	2
318	374	2
306	9	18
307	10	18
307	11	18
307	12	18
307	13	18
308	14	18
309	15	18
310	16	18
311	17	18
311	18	18
305	8	18
258	110	3
259	110	3
255	111	3
256	111	3
257	111	3
249	112	3
251	112	3
253	112	3
254	112	3
246	113	3
247	113	3
248	113	3
250	113	3
252	113	3
227	114	3
243	114	3
244	114	3
245	114	3
228	115	3
229	115	3
240	115	3
242	115	3
230	116	3
231	116	3
239	116	3
241	116	3
232	117	3
233	117	3
234	117	3
235	117	3
236	117	3
237	117	3
238	117	3
260	109	3
226	113	3
332	162	12
334	162	12
338	162	12
331	163	12
333	163	12
335	163	12
336	163	12
337	163	12
339	163	12
340	163	12
341	163	12
342	163	12
344	163	12
347	163	12
349	163	12
350	163	12
330	164	12
343	164	12
345	164	12
346	164	12
348	164	12
329	165	12
328	166	12
327	167	12
351	163	12
326	168	12
352	164	7
353	165	7
351	163	7
113	339	0
114	339	0
115	339	0
116	339	0
117	339	0
118	339	0
119	339	0
120	339	0
121	339	0
122	339	0
123	339	0
124	339	0
125	339	0
126	339	0
127	339	0
128	339	0
129	339	0
130	339	0
131	339	0
132	339	0
133	339	0
134	339	0
135	339	0
136	339	0
137	339	0
138	339	0
139	339	0
140	339	0
141	339	0
142	339	0
143	339	0
144	339	0
145	339	0
146	339	0
147	339	0
148	339	0
149	339	0
150	339	0
151	339	0
152	339	0
153	339	0
154	339	0
155	339	0
156	339	0
157	339	0
158	339	0
159	339	0
160	339	0
161	339	0
162	339	0
163	339	0
165	339	0
167	339	0
169	339	0
170	339	0
171	339	0
173	339	0
164	340	0
166	340	0
168	340	0
172	340	0
174	340	0
175	340	0
176	340	0
177	340	0
179	340	0
181	340	0
188	340	0
178	341	0
180	341	0
182	341	0
183	341	0
184	341	0
185	341	0
186	341	0
187	341	0
189	341	0
190	341	0
191	341	0
192	341	0
193	341	0
195	341	0
194	342	0
196	342	0
197	342	0
198	342	0
199	342	0
200	342	0
201	342	0
202	342	0
203	342	0
205	342	0
206	342	0
204	343	0
112	339	0
207	343	0
82	316	0
83	317	0
84	317	0
85	318	0
86	318	0
87	319	0
88	319	0
89	320	0
90	320	0
91	321	0
92	321	0
93	322	0
94	322	0
95	323	0
96	323	0
81	315	0
97	324	0
281	106	11
282	106	11
283	106	11
284	106	11
285	106	11
286	106	11
288	106	11
290	106	11
292	106	11
277	107	11
278	107	11
279	107	11
280	107	11
287	107	11
289	107	11
291	107	11
293	107	11
294	107	11
295	107	11
296	107	11
297	107	11
298	107	11
300	107	11
274	108	11
275	108	11
276	108	11
299	108	11
301	108	11
302	108	11
303	108	11
305	108	11
262	109	11
263	109	11
264	109	11
265	109	11
266	109	11
267	109	11
268	109	11
269	109	11
270	109	11
271	109	11
272	109	11
273	109	11
304	109	11
306	109	11
307	109	11
308	109	11
310	109	11
309	110	11
311	110	11
312	110	11
313	110	11
314	110	11
320	110	11
322	110	11
326	110	11
328	110	11
330	110	11
331	110	11
332	110	11
333	110	11
334	110	11
335	110	11
336	110	11
337	110	11
339	110	11
342	110	11
315	111	11
316	111	11
317	111	11
318	111	11
319	111	11
321	111	11
323	111	11
324	111	11
325	111	11
327	111	11
329	111	11
338	111	11
340	111	11
341	111	11
343	111	11
344	111	11
345	111	11
261	109	11
346	112	11
325	167	0
326	168	0
398	110	0
398	111	0
398	109	0
398	112	0
269	303	0
270	304	0
271	305	0
272	306	0
273	307	0
274	308	0
268	302	0
425	110	0
426	110	0
428	110	0
427	111	0
429	111	0
424	111	0
430	112	0
431	111	0
432	111	0
430	112	0
445	68	6
447	68	6
442	69	6
444	69	6
446	69	6
448	69	6
449	69	6
450	69	6
452	69	6
441	70	6
443	70	6
451	70	6
440	71	6
439	72	6
438	73	6
438	74	6
437	75	6
436	76	6
453	68	6
435	77	6
336	14	5
337	14	5
338	14	5
339	14	5
340	14	5
341	14	5
334	15	5
335	15	5
342	15	5
343	15	5
344	15	5
345	15	5
332	16	5
333	16	5
346	16	5
347	16	5
348	16	5
382	16	5
384	16	5
386	16	5
331	17	5
349	17	5
350	17	5
378	17	5
380	17	5
381	17	5
383	17	5
385	17	5
387	17	5
330	18	5
351	18	5
352	18	5
374	18	5
376	18	5
377	18	5
379	18	5
328	19	5
329	19	5
353	19	5
354	19	5
355	19	5
356	19	5
357	19	5
358	19	5
359	19	5
361	19	5
363	19	5
364	19	5
366	19	5
368	19	5
369	19	5
370	19	5
371	19	5
372	19	5
373	19	5
375	19	5
327	20	5
360	20	5
362	20	5
365	20	5
367	20	5
326	21	5
325	22	5
388	16	5
325	23	5
299	369	8
300	370	8
301	371	8
302	371	8
303	372	8
304	373	8
305	374	8
306	374	8
307	375	8
308	375	8
309	375	8
314	375	8
316	375	8
317	375	8
310	376	8
311	376	8
312	376	8
313	376	8
315	376	8
298	368	8
318	374	8
167	162	0
168	163	0
169	164	0
169	165	0
170	166	0
171	167	0
172	168	0
173	169	0
174	170	0
174	171	0
166	161	0
174	172	0
322	171	12
323	172	12
326	169	7
325	170	7
324	171	7
326	168	7
323	172	7
258	376	0
257	377	0
259	375	0
256	377	0
257	249	41
257	250	41
257	251	41
257	252	41
257	253	41
257	254	41
257	248	41
242	171	0
243	172	0
244	173	0
246	168	0
245	169	0
246	170	0
245	171	0
245	172	0
244	173	0
244	377	20
245	378	20
243	376	20
245	379	20
421	112	0
422	112	0
423	112	0
418	113	0
419	113	0
420	113	0
424	111	0
417	112	0
405	69	0
404	70	0
404	71	0
406	68	0
404	72	0
242	377	41
242	378	41
242	379	41
243	376	41
242	380	41
413	70	0
414	71	0
415	71	0
416	71	0
412	70	0
417	72	0
202	110	0
203	110	0
204	111	0
205	111	0
206	112	0
207	113	0
208	113	0
209	114	0
210	114	0
223	114	0
224	114	0
225	114	0
211	115	0
212	115	0
213	115	0
214	115	0
216	115	0
218	115	0
220	115	0
222	115	0
215	116	0
217	116	0
219	116	0
221	116	0
201	109	0
226	113	0
85	160	0
85	161	0
84	162	0
84	163	0
83	164	0
83	165	0
82	166	0
82	167	0
81	168	0
81	169	0
81	170	0
82	171	0
82	172	0
83	173	0
83	174	0
84	175	0
86	159	0
85	176	0
317	258	1
318	258	1
315	259	1
316	259	1
313	260	1
314	260	1
312	261	1
309	262	1
310	262	1
311	262	1
319	257	1
308	263	1
288	259	1
287	260	1
286	261	1
284	262	1
285	262	1
283	263	1
289	258	1
282	264	1
244	381	0
245	380	0
243	381	0
141	370	0
141	371	0
141	372	0
141	373	0
141	374	0
141	375	0
142	376	0
143	377	0
144	377	0
145	378	0
146	378	0
147	379	0
148	379	0
149	380	0
150	380	0
151	381	0
152	381	0
153	382	0
154	382	0
141	369	0
155	383	0
172	262	4
85	263	4
86	263	4
87	263	4
88	263	4
89	263	4
90	263	4
91	263	4
92	263	4
93	263	4
94	263	4
95	263	4
96	263	4
97	263	4
98	263	4
99	263	4
100	263	4
101	263	4
102	263	4
103	263	4
104	263	4
105	263	4
106	263	4
107	263	4
108	263	4
109	263	4
110	263	4
111	263	4
112	263	4
113	263	4
114	263	4
115	263	4
116	263	4
117	263	4
118	263	4
119	263	4
120	263	4
121	263	4
122	263	4
123	263	4
124	263	4
125	263	4
126	263	4
127	263	4
128	263	4
129	263	4
130	263	4
131	263	4
132	263	4
133	263	4
134	263	4
135	263	4
136	263	4
137	263	4
138	263	4
139	263	4
140	263	4
141	263	4
142	263	4
143	263	4
144	263	4
145	263	4
146	263	4
147	263	4
148	263	4
149	263	4
150	263	4
151	263	4
152	263	4
153	263	4
154	263	4
155	263	4
156	263	4
157	263	4
158	263	4
159	263	4
160	263	4
161	263	4
170	263	4
171	263	4
162	264	4
164	264	4
165	264	4
166	264	4
167	264	4
168	264	4
169	264	4
163	265	4
173	262	4
84	263	4
241	382	0
242	381	0
240	383	0
436	78	4
437	78	4
438	79	4
439	80	4
440	80	4
441	80	4
442	81	4
444	81	4
443	82	4
445	82	4
446	82	4
435	77	4
447	83	4
290	24	1
292	24	1
293	24	1
294	24	1
295	24	1
296	24	1
297	24	1
298	24	1
299	24	1
300	24	1
301	24	1
303	24	1
322	24	1
323	24	1
324	24	1
287	25	1
288	25	1
289	25	1
291	25	1
302	25	1
304	25	1
305	25	1
306	25	1
308	25	1
319	25	1
320	25	1
321	25	1
283	26	1
284	26	1
285	26	1
286	26	1
307	26	1
309	26	1
310	26	1
311	26	1
312	26	1
313	26	1
315	26	1
317	26	1
318	26	1
282	27	1
314	27	1
316	27	1
272	28	1
280	28	1
281	28	1
273	29	1
274	29	1
275	29	1
276	29	1
277	29	1
278	29	1
279	29	1
325	23	1
271	27	1
200	256	0
201	256	0
202	257	0
203	257	0
204	258	0
205	258	0
248	258	0
206	259	0
238	259	0
240	259	0
242	259	0
243	259	0
244	259	0
245	259	0
246	259	0
247	259	0
249	259	0
250	259	0
251	259	0
252	259	0
207	260	0
208	260	0
210	260	0
212	260	0
214	260	0
216	260	0
236	260	0
237	260	0
239	260	0
241	260	0
253	260	0
254	260	0
255	260	0
256	260	0
257	260	0
209	261	0
211	261	0
213	261	0
215	261	0
217	261	0
218	261	0
219	261	0
220	261	0
221	261	0
222	261	0
223	261	0
224	261	0
225	261	0
226	261	0
227	261	0
228	261	0
229	261	0
230	261	0
231	261	0
232	261	0
233	261	0
234	261	0
235	261	0
258	261	0
259	261	0
260	261	0
262	261	0
261	262	0
263	262	0
264	262	0
265	262	0
266	262	0
267	262	0
269	262	0
271	262	0
268	263	0
270	263	0
272	263	0
273	263	0
274	263	0
275	264	0
276	264	0
277	264	0
278	264	0
279	264	0
280	264	0
199	255	0
281	265	0
219	13	0
220	13	0
222	13	0
221	14	0
223	14	0
224	14	0
225	15	0
226	16	0
227	17	0
228	17	0
229	18	0
230	19	0
231	20	0
232	21	0
233	22	0
234	22	0
235	23	0
236	24	0
237	25	0
238	25	0
218	12	0
239	26	0
433	112	0
434	113	0
434	114	0
432	111	0
84	102	0
84	103	0
83	104	0
83	105	0
82	106	0
82	107	0
81	108	0
81	109	0
80	110	0
81	111	0
81	112	0
82	113	0
82	114	0
83	115	0
85	101	0
84	116	0
390	18	5
391	19	5
391	20	5
391	21	5
391	22	5
392	23	5
393	24	5
394	25	5
389	17	5
364	261	0
365	262	0
365	263	0
366	264	0
367	265	0
368	266	0
369	266	0
370	267	0
364	260	0
79	316	0
78	317	0
77	318	0
76	319	0
75	320	0
74	321	0
73	322	0
72	323	0
71	324	0
70	325	0
69	326	0
68	327	0
67	328	0
66	329	0
65	330	0
64	331	0
63	332	0
62	333	0
61	334	0
60	335	0
59	336	0
58	337	0
57	338	0
56	339	0
55	340	0
54	341	0
53	342	0
52	343	0
51	344	0
50	345	0
49	346	0
48	347	0
47	348	0
46	349	0
45	350	0
44	351	0
43	352	0
42	353	0
41	354	0
40	355	0
39	356	0
38	357	0
37	358	0
36	359	0
35	360	0
34	361	0
33	362	0
32	363	0
31	364	0
30	365	0
29	366	0
28	367	0
27	368	0
26	369	0
25	370	0
24	371	0
23	372	0
22	373	0
21	374	0
20	375	0
19	376	0
18	377	0
17	378	0
16	379	0
15	380	0
14	381	0
13	382	0
12	383	0
11	384	0
10	385	0
9	386	0
8	387	0
7	388	0
6	389	0
5	390	0
4	391	0
3	392	0
2	393	0
1	394	0
80	315	0
163	221	2
165	221	2
167	221	2
169	221	2
161	222	2
162	222	2
164	222	2
166	222	2
168	222	2
170	222	2
171	222	2
172	222	2
173	222	2
174	222	2
198	222	2
200	222	2
202	222	2
216	222	2
218	222	2
85	223	2
86	223	2
87	223	2
88	223	2
89	223	2
90	223	2
91	223	2
92	223	2
93	223	2
94	223	2
95	223	2
96	223	2
97	223	2
98	223	2
99	223	2
100	223	2
101	223	2
102	223	2
103	223	2
104	223	2
105	223	2
106	223	2
107	223	2
108	223	2
109	223	2
110	223	2
111	223	2
112	223	2
113	223	2
114	223	2
115	223	2
116	223	2
117	223	2
118	223	2
119	223	2
120	223	2
121	223	2
122	223	2
123	223	2
124	223	2
125	223	2
126	223	2
127	223	2
128	223	2
129	223	2
130	223	2
131	223	2
132	223	2
133	223	2
134	223	2
135	223	2
136	223	2
137	223	2
138	223	2
139	223	2
140	223	2
141	223	2
142	223	2
143	223	2
144	223	2
145	223	2
146	223	2
147	223	2
148	223	2
149	223	2
150	223	2
151	223	2
152	223	2
153	223	2
154	223	2
155	223	2
156	223	2
157	223	2
158	223	2
159	223	2
160	223	2
175	223	2
176	223	2
177	223	2
178	223	2
180	223	2
188	223	2
189	223	2
190	223	2
191	223	2
192	223	2
193	223	2
194	223	2
195	223	2
196	223	2
197	223	2
199	223	2
201	223	2
203	223	2
204	223	2
205	223	2
206	223	2
207	223	2
208	223	2
209	223	2
210	223	2
211	223	2
212	223	2
213	223	2
214	223	2
215	223	2
217	223	2
219	223	2
220	223	2
221	223	2
223	223	2
179	224	2
181	224	2
182	224	2
183	224	2
184	224	2
185	224	2
186	224	2
187	224	2
222	224	2
224	224	2
225	224	2
226	224	2
227	224	2
228	224	2
229	224	2
84	223	2
230	224	2
224	53	2
226	53	2
223	54	2
225	54	2
227	54	2
228	54	2
229	54	2
230	54	2
231	54	2
232	54	2
233	54	2
234	54	2
235	54	2
236	54	2
237	54	2
238	54	2
239	54	2
241	54	2
243	54	2
240	55	2
242	55	2
244	55	2
222	54	2
245	55	2
289	323	0
290	323	0
291	323	0
288	324	0
292	324	0
293	324	0
287	325	0
294	325	0
240	25	0
242	25	0
256	25	0
241	26	0
243	26	0
244	26	0
245	26	0
246	26	0
247	26	0
248	26	0
249	26	0
250	26	0
251	26	0
252	26	0
253	26	0
254	26	0
255	26	0
257	26	0
258	25	0
239	26	0
306	264	3
304	265	3
305	265	3
283	266	3
303	266	3
284	267	3
301	267	3
302	267	3
285	268	3
286	268	3
297	268	3
299	268	3
300	268	3
287	269	3
289	269	3
291	269	3
293	269	3
294	269	3
295	269	3
296	269	3
298	269	3
288	270	3
290	270	3
292	270	3
307	263	3
282	265	3
385	220	6
384	221	6
385	222	6
386	223	6
386	224	6
384	219	6
271	22	33
271	23	33
271	24	33
271	25	33
271	26	33
271	27	33
400	114	0
401	114	0
402	114	0
404	114	0
405	114	0
406	114	0
408	114	0
403	115	0
407	115	0
409	115	0
399	113	0
410	116	0
414	113	0
415	113	0
412	114	0
413	114	0
411	115	0
416	112	0
410	116	0
258	355	34
257	356	34
256	357	34
195	159	0
194	160	0
192	161	0
193	161	0
191	162	0
191	163	0
190	164	0
189	165	0
190	166	0
189	167	0
189	168	0
188	169	0
188	170	0
188	171	0
188	172	0
188	173	0
188	174	0
188	175	0
188	176	0
188	177	0
284	220	0
284	219	0
232	225	0
233	225	0
234	226	0
236	226	0
235	227	0
237	227	0
238	227	0
239	227	0
240	227	0
241	228	0
242	228	0
243	228	0
231	224	0
244	229	0
354	341	3
354	342	3
355	343	3
356	344	3
357	345	3
358	346	3
353	340	3
254	222	0
252	223	0
253	223	0
255	223	0
250	224	0
251	224	0
249	225	0
248	226	0
247	227	0
245	228	0
246	228	0
256	222	0
244	229	0
173	173	35
171	174	35
172	174	35
169	175	35
170	175	35
86	176	35
87	176	35
88	176	35
89	176	35
90	176	35
91	176	35
92	176	35
93	176	35
94	176	35
95	176	35
96	176	35
97	176	35
98	176	35
99	176	35
100	176	35
101	176	35
102	176	35
103	176	35
104	176	35
105	176	35
106	176	35
107	176	35
108	176	35
109	176	35
110	176	35
111	176	35
112	176	35
113	176	35
114	176	35
115	176	35
116	176	35
117	176	35
118	176	35
119	176	35
120	176	35
121	176	35
122	176	35
123	176	35
124	176	35
125	176	35
126	176	35
127	176	35
128	176	35
129	176	35
130	176	35
131	176	35
132	176	35
133	176	35
134	176	35
135	176	35
136	176	35
137	176	35
138	176	35
139	176	35
140	176	35
141	176	35
142	176	35
143	176	35
144	176	35
145	176	35
146	176	35
147	176	35
148	176	35
149	176	35
150	176	35
151	176	35
152	176	35
153	176	35
154	176	35
155	176	35
156	176	35
157	176	35
158	176	35
159	176	35
160	176	35
161	176	35
167	176	35
168	176	35
162	177	35
163	177	35
164	177	35
165	177	35
166	177	35
174	172	35
85	176	35
174	264	35
174	265	35
174	266	35
174	267	35
174	268	35
175	269	35
175	270	35
175	271	35
175	272	35
175	273	35
175	274	35
175	275	35
174	263	35
175	276	35
461	70	961
460	71	961
461	72	961
460	73	961
175	173	0
176	174	0
177	174	0
178	175	0
179	176	0
180	176	0
181	177	0
182	177	0
183	177	0
184	178	0
185	178	0
186	178	0
174	172	0
187	178	0
238	27	0
235	28	0
236	28	0
237	28	0
197	29	0
199	29	0
201	29	0
203	29	0
233	29	0
234	29	0
195	30	0
196	30	0
198	30	0
200	30	0
202	30	0
204	30	0
205	30	0
206	30	0
207	30	0
208	30	0
209	30	0
210	30	0
212	30	0
214	30	0
230	30	0
231	30	0
232	30	0
192	31	0
194	31	0
211	31	0
213	31	0
215	31	0
216	31	0
217	31	0
218	31	0
219	31	0
220	31	0
221	31	0
222	31	0
223	31	0
224	31	0
225	31	0
226	31	0
227	31	0
228	31	0
229	31	0
190	32	0
191	32	0
193	32	0
239	26	0
189	33	0
245	174	9
245	175	9
245	176	9
245	177	9
245	178	9
244	173	9
245	179	9
260	25	3
261	26	3
262	26	3
263	26	3
264	27	3
265	27	3
269	27	3
266	28	3
267	28	3
268	28	3
270	28	3
259	25	3
271	27	3
261	324	11
286	324	11
260	325	11
262	325	11
263	325	11
264	325	11
265	325	11
267	325	11
269	325	11
271	325	11
273	325	11
275	325	11
281	325	11
283	325	11
284	325	11
285	325	11
266	326	11
268	326	11
270	326	11
272	326	11
274	326	11
276	326	11
277	326	11
278	326	11
279	326	11
280	326	11
282	326	11
259	324	11
287	325	11
322	173	6
321	174	6
320	175	6
319	176	6
319	177	6
318	178	6
318	179	6
323	172	6
317	180	6
326	24	0
327	25	0
328	25	0
329	26	0
330	27	0
331	28	0
332	28	0
325	23	0
333	29	0
336	27	3
335	28	3
334	29	3
157	383	0
158	383	0
159	383	0
160	383	0
161	383	0
178	383	0
162	384	0
163	384	0
164	384	0
166	384	0
168	384	0
170	384	0
171	384	0
172	384	0
173	384	0
174	384	0
175	384	0
176	384	0
177	384	0
179	384	0
180	384	0
181	384	0
182	384	0
183	384	0
184	384	0
185	384	0
186	384	0
187	384	0
188	384	0
189	384	0
190	384	0
191	384	0
192	384	0
194	384	0
196	384	0
198	384	0
165	385	0
167	385	0
169	385	0
193	385	0
195	385	0
197	385	0
199	385	0
200	385	0
201	385	0
202	385	0
203	385	0
204	385	0
206	385	0
208	385	0
205	386	0
207	386	0
209	386	0
210	386	0
211	386	0
212	386	0
213	386	0
214	386	0
215	386	0
216	386	0
217	387	0
218	387	0
219	387	0
220	388	0
221	388	0
222	388	0
224	388	0
225	388	0
226	388	0
223	389	0
156	383	0
227	387	0
155	385	2
155	386	2
155	387	2
155	388	2
155	389	2
155	390	2
156	391	2
157	392	2
158	392	2
159	393	2
160	393	2
161	394	2
162	394	2
163	394	2
164	394	2
165	394	2
166	394	2
167	394	2
168	394	2
169	394	2
170	394	2
171	394	2
155	384	2
243	180	0
244	180	0
240	181	0
241	181	0
242	181	0
239	182	0
238	183	0
236	184	0
237	184	0
235	185	0
233	186	0
234	186	0
232	187	0
230	188	0
231	188	0
229	189	0
245	179	0
228	190	0
405	73	0
406	73	0
407	74	0
404	72	0
408	74	0
354	51	3
356	51	3
358	51	3
342	52	3
343	52	3
344	52	3
345	52	3
346	52	3
347	52	3
348	52	3
349	52	3
350	52	3
351	52	3
352	52	3
353	52	3
355	52	3
357	52	3
359	52	3
361	52	3
363	52	3
338	53	3
339	53	3
340	53	3
341	53	3
360	53	3
362	53	3
364	53	3
365	53	3
366	53	3
336	54	3
337	54	3
367	54	3
368	54	3
370	54	3
333	55	3
334	55	3
335	55	3
369	55	3
330	56	3
332	56	3
328	57	3
329	57	3
331	57	3
320	58	3
321	58	3
322	58	3
323	58	3
324	58	3
325	58	3
326	58	3
327	58	3
371	55	3
319	59	3
315	180	1
316	180	1
312	181	1
313	181	1
314	181	1
311	182	1
310	183	1
309	184	1
308	185	1
307	186	1
306	187	1
304	188	1
305	188	1
303	189	1
302	190	1
317	180	1
301	191	1
108	61	0
109	61	0
106	62	0
107	62	0
104	63	0
105	63	0
102	64	0
103	64	0
100	65	0
101	65	0
98	66	0
99	66	0
96	67	0
97	67	0
94	68	0
95	68	0
93	69	0
92	70	0
92	71	0
92	72	0
92	73	0
92	74	0
92	75	0
110	60	0
92	76	0
374	241	0
376	241	0
375	242	0
377	242	0
378	243	0
373	242	0
379	244	0
211	74	0
212	74	0
213	74	0
210	75	0
214	75	0
209	76	0
215	76	0
319	84	21
319	85	21
319	86	21
319	87	21
319	88	21
319	89	21
319	90	21
320	83	21
189	179	1
190	180	1
191	181	1
192	182	1
193	183	1
188	178	1
194	184	1
246	180	0
247	180	0
248	181	0
249	181	0
250	182	0
251	183	0
245	179	0
252	184	0
247	273	0
246	274	0
245	275	0
244	276	0
244	277	0
243	278	0
243	279	0
361	182	0
360	183	0
359	184	0
376	388	970
356	389	970
375	389	970
377	389	970
378	389	970
379	389	970
352	390	970
354	390	970
355	390	970
357	390	970
358	390	970
360	390	970
362	390	970
364	390	970
366	390	970
368	390	970
370	390	970
372	390	970
373	390	970
374	390	970
380	390	970
348	391	970
350	391	970
351	391	970
353	391	970
359	391	970
361	391	970
363	391	970
365	391	970
367	391	970
369	391	970
371	391	970
338	392	970
340	392	970
342	392	970
343	392	970
344	392	970
345	392	970
346	392	970
347	392	970
349	392	970
332	393	970
334	393	970
335	393	970
336	393	970
337	393	970
339	393	970
341	393	970
323	394	970
324	394	970
325	394	970
326	394	970
327	394	970
328	394	970
329	394	970
330	394	970
331	394	970
333	394	970
419	72	0
420	72	0
421	73	0
422	73	0
423	73	0
424	74	0
425	74	0
427	74	0
426	75	0
428	75	0
418	72	0
361	321	0
362	322	0
363	323	0
360	320	0
335	68	1
337	68	1
339	68	1
341	68	1
336	69	1
338	69	1
340	69	1
342	69	1
343	69	1
344	69	1
345	69	1
346	69	1
347	69	1
348	69	1
349	69	1
350	69	1
351	69	1
352	69	1
353	69	1
354	69	1
355	69	1
356	70	1
357	70	1
358	70	1
359	70	1
360	70	1
361	70	1
362	70	1
363	70	1
364	70	1
366	70	1
370	70	1
365	71	1
367	71	1
368	71	1
369	71	1
371	71	1
372	71	1
373	71	1
374	71	1
375	71	1
376	71	1
377	71	1
379	71	1
378	72	1
380	72	1
381	72	1
383	72	1
388	72	1
390	72	1
392	72	1
394	72	1
396	72	1
382	73	1
384	73	1
385	73	1
386	73	1
387	73	1
389	73	1
391	73	1
393	73	1
395	73	1
397	73	1
398	73	1
399	73	1
400	73	1
401	73	1
402	73	1
403	73	1
334	69	1
404	72	1
160	11	0
158	12	0
159	12	0
161	12	0
156	13	0
157	13	0
154	14	0
155	14	0
152	15	0
153	15	0
150	16	0
151	16	0
148	17	0
149	17	0
146	18	0
147	18	0
144	19	0
145	19	0
142	20	0
143	20	0
140	21	0
141	21	0
138	22	0
139	22	0
136	23	0
137	23	0
135	24	0
134	25	0
133	26	0
132	27	0
132	28	0
132	29	0
132	30	0
132	31	0
162	11	0
132	32	0
396	277	961
395	278	961
83	264	36
83	265	36
82	266	36
82	267	36
81	268	36
81	269	36
80	270	36
80	271	36
79	272	36
80	273	36
80	274	36
81	275	36
81	276	36
82	277	36
82	278	36
83	279	36
84	263	36
84	280	36
261	391	0
260	392	0
222	367	0
143	368	0
144	368	0
145	368	0
146	368	0
147	368	0
148	368	0
149	368	0
150	368	0
151	368	0
152	368	0
153	368	0
154	368	0
155	368	0
156	368	0
157	368	0
158	368	0
159	368	0
160	368	0
161	368	0
162	368	0
163	368	0
164	368	0
165	368	0
166	368	0
167	368	0
169	368	0
171	368	0
221	368	0
168	369	0
170	369	0
172	369	0
173	369	0
174	369	0
175	369	0
176	369	0
177	369	0
178	369	0
179	369	0
180	369	0
181	369	0
182	369	0
183	369	0
184	369	0
185	369	0
186	369	0
187	369	0
188	369	0
189	369	0
190	369	0
191	369	0
192	369	0
193	369	0
194	369	0
195	369	0
196	369	0
197	369	0
198	369	0
199	369	0
200	369	0
201	369	0
202	369	0
203	369	0
218	369	0
219	369	0
220	369	0
204	370	0
205	370	0
206	370	0
208	370	0
210	370	0
211	370	0
212	370	0
213	370	0
215	370	0
216	370	0
217	370	0
207	371	0
209	371	0
214	371	0
223	366	0
142	368	0
417	74	0
416	75	0
416	76	0
417	73	0
416	77	0
192	279	0
194	279	0
195	279	0
196	279	0
197	279	0
198	279	0
199	279	0
190	280	0
191	280	0
193	280	0
189	281	0
200	280	0
188	282	0
83	224	35
83	225	35
82	226	35
82	227	35
81	228	35
81	229	35
81	230	35
82	231	35
82	232	35
83	233	35
83	234	35
84	235	35
84	236	35
84	223	35
85	237	35
335	31	3
334	30	3
208	276	0
209	276	0
210	276	0
211	276	0
212	276	0
213	276	0
214	276	0
215	276	0
216	276	0
217	276	0
218	276	0
204	277	0
205	277	0
206	277	0
207	277	0
219	277	0
220	277	0
221	277	0
222	277	0
224	277	0
226	277	0
227	277	0
202	278	0
203	278	0
223	278	0
225	278	0
228	278	0
229	278	0
230	278	0
231	278	0
233	278	0
240	278	0
201	279	0
232	279	0
234	279	0
235	279	0
236	279	0
237	279	0
238	279	0
239	279	0
241	279	0
200	280	0
242	280	0
254	391	8
256	391	8
258	391	8
246	392	8
248	392	8
249	392	8
250	392	8
251	392	8
252	392	8
253	392	8
255	392	8
257	392	8
259	392	8
247	393	8
245	392	8
260	392	8
255	371	0
256	372	0
257	372	0
254	372	0
258	373	0
430	113	4
430	114	4
431	115	4
431	116	4
430	112	4
296	360	14
296	361	14
296	362	14
295	363	14
294	364	14
294	365	14
111	341	11
111	342	11
111	343	11
111	344	11
111	345	11
112	346	11
113	347	11
114	347	11
115	348	11
116	348	11
117	349	11
118	349	11
119	350	11
120	350	11
121	351	11
122	351	11
123	352	11
124	352	11
125	353	11
126	353	11
111	340	11
127	354	11
403	60	16
404	60	16
405	60	16
406	60	16
402	60	16
261	393	0
260	392	0
296	324	1
298	324	1
299	324	1
297	325	1
295	325	1
300	325	1
160	32	0
161	32	0
162	32	0
163	32	0
164	32	0
165	32	0
166	32	0
167	32	0
168	32	0
169	32	0
170	32	0
171	32	0
173	32	0
175	32	0
176	32	0
177	32	0
178	32	0
180	32	0
181	32	0
182	32	0
183	32	0
184	32	0
185	32	0
186	32	0
187	32	0
188	32	0
134	33	0
135	33	0
136	33	0
137	33	0
138	33	0
139	33	0
140	33	0
141	33	0
142	33	0
143	33	0
144	33	0
145	33	0
146	33	0
147	33	0
148	33	0
149	33	0
150	33	0
151	33	0
152	33	0
153	33	0
154	33	0
155	33	0
156	33	0
157	33	0
158	33	0
159	33	0
172	33	0
174	33	0
179	33	0
133	33	0
189	33	0
180	323	0
182	323	0
183	323	0
184	323	0
185	323	0
186	323	0
188	323	0
190	323	0
99	324	0
100	324	0
101	324	0
102	324	0
103	324	0
104	324	0
105	324	0
106	324	0
107	324	0
108	324	0
109	324	0
110	324	0
111	324	0
112	324	0
113	324	0
114	324	0
115	324	0
116	324	0
117	324	0
118	324	0
119	324	0
120	324	0
121	324	0
122	324	0
123	324	0
124	324	0
125	324	0
126	324	0
127	324	0
128	324	0
129	324	0
130	324	0
131	324	0
132	324	0
133	324	0
134	324	0
135	324	0
136	324	0
137	324	0
138	324	0
139	324	0
140	324	0
141	324	0
142	324	0
143	324	0
144	324	0
145	324	0
146	324	0
147	324	0
148	324	0
149	324	0
150	324	0
151	324	0
152	324	0
153	324	0
154	324	0
155	324	0
156	324	0
157	324	0
158	324	0
159	324	0
160	324	0
161	324	0
162	324	0
163	324	0
164	324	0
166	324	0
168	324	0
170	324	0
172	324	0
174	324	0
176	324	0
177	324	0
178	324	0
179	324	0
181	324	0
187	324	0
189	324	0
191	324	0
192	324	0
193	324	0
195	324	0
165	325	0
167	325	0
169	325	0
171	325	0
173	325	0
175	325	0
194	325	0
196	325	0
198	325	0
197	326	0
199	326	0
200	326	0
201	327	0
202	327	0
203	327	0
204	328	0
205	328	0
206	328	0
208	328	0
210	328	0
212	328	0
213	328	0
207	329	0
209	329	0
211	329	0
98	324	0
214	329	0
254	356	18
255	357	18
253	355	18
256	357	18
226	326	5
228	326	5
230	326	5
232	326	5
234	326	5
236	326	5
238	326	5
239	326	5
217	327	5
219	327	5
221	327	5
223	327	5
224	327	5
225	327	5
227	327	5
229	327	5
231	327	5
233	327	5
235	327	5
237	327	5
240	327	5
241	327	5
242	327	5
215	328	5
216	328	5
218	328	5
220	328	5
222	328	5
243	328	5
244	328	5
245	329	5
246	329	5
247	329	5
214	329	5
248	330	5
257	325	0
255	326	0
256	326	0
253	327	0
254	327	0
251	328	0
252	328	0
249	329	0
250	329	0
258	324	0
248	330	0
287	326	22
287	327	22
287	328	22
288	329	22
287	325	22
288	330	22
310	327	24
309	328	24
308	329	24
307	330	24
244	393	0
243	394	0
245	392	0
340	185	7
342	185	7
344	185	7
345	185	7
346	185	7
347	185	7
348	185	7
349	185	7
350	185	7
351	185	7
352	185	7
353	185	7
337	186	7
338	186	7
339	186	7
341	186	7
343	186	7
354	186	7
332	187	7
333	187	7
334	187	7
335	187	7
336	187	7
355	187	7
331	188	7
357	185	0
356	186	0
358	185	0
355	187	0
264	369	5
265	369	5
266	369	5
267	369	5
268	369	5
262	370	5
263	370	5
269	370	5
270	370	5
261	371	5
271	371	5
272	371	5
259	372	5
260	372	5
273	372	5
258	373	5
300	326	5
301	327	5
302	327	5
303	328	5
304	328	5
305	329	5
306	330	5
300	325	5
307	330	5
256	244	19
257	245	19
255	243	19
258	246	19
295	327	4
294	328	4
292	329	4
293	329	4
291	330	4
290	331	4
295	326	4
289	331	4
318	181	5
319	182	5
320	182	5
321	183	5
322	184	5
323	185	5
324	185	5
325	186	5
326	187	5
327	187	5
328	187	5
329	187	5
317	180	5
330	188	5
387	122	969
381	123	969
382	123	969
383	123	969
384	123	969
385	123	969
386	123	969
380	124	969
379	125	969
378	126	969
377	127	969
376	128	969
376	129	969
377	130	969
376	131	969
377	132	969
378	133	969
377	134	969
378	135	969
379	136	969
380	136	969
381	136	969
383	136	969
382	137	969
410	117	0
410	118	0
411	119	0
412	119	0
413	120	0
414	121	0
414	122	0
415	123	0
410	116	0
416	124	0
419	122	1
417	123	1
418	123	1
416	124	1
214	330	0
214	331	0
214	332	0
214	329	0
245	332	0
246	332	0
244	333	0
208	75	3
206	76	3
207	76	3
202	77	3
203	77	3
204	77	3
205	77	3
199	78	3
200	78	3
201	78	3
195	79	3
196	79	3
197	79	3
198	79	3
194	80	3
192	81	3
193	81	3
190	82	3
191	82	3
188	83	3
189	83	3
187	84	3
185	85	3
186	85	3
209	76	3
184	86	3
340	291	2
339	292	2
338	293	2
336	294	2
337	294	2
335	295	2
335	296	2
334	297	2
405	124	0
405	125	0
377	48	0
379	48	0
380	48	0
376	49	0
378	49	0
381	49	0
374	50	0
375	50	0
382	50	0
373	51	0
372	52	0
372	53	0
372	54	0
371	55	0
196	185	0
198	185	0
197	186	0
199	186	0
200	186	0
201	186	0
202	186	0
203	186	0
204	186	0
206	186	0
205	187	0
207	187	0
208	187	0
209	187	0
210	187	0
211	187	0
212	187	0
214	187	0
216	187	0
213	188	0
215	188	0
217	188	0
218	188	0
195	185	0
219	189	0
293	70	3
294	71	3
295	71	3
296	72	3
297	72	3
298	73	3
299	74	3
300	74	3
301	75	3
302	75	3
303	76	3
304	77	3
305	77	3
306	77	3
307	77	3
292	69	3
308	77	3
189	34	41
189	35	41
189	36	41
190	37	41
191	38	41
189	33	41
164	236	0
166	236	0
86	237	0
87	237	0
88	237	0
89	237	0
90	237	0
91	237	0
92	237	0
93	237	0
94	237	0
95	237	0
96	237	0
97	237	0
98	237	0
99	237	0
100	237	0
101	237	0
102	237	0
103	237	0
104	237	0
105	237	0
106	237	0
107	237	0
108	237	0
109	237	0
110	237	0
111	237	0
112	237	0
113	237	0
114	237	0
115	237	0
116	237	0
117	237	0
118	237	0
119	237	0
120	237	0
121	237	0
122	237	0
123	237	0
124	237	0
125	237	0
126	237	0
127	237	0
128	237	0
129	237	0
130	237	0
131	237	0
132	237	0
133	237	0
134	237	0
135	237	0
136	237	0
137	237	0
138	237	0
139	237	0
140	237	0
141	237	0
142	237	0
143	237	0
144	237	0
145	237	0
146	237	0
147	237	0
148	237	0
149	237	0
150	237	0
151	237	0
152	237	0
153	237	0
154	237	0
155	237	0
156	237	0
157	237	0
158	237	0
159	237	0
160	237	0
161	237	0
162	237	0
163	237	0
165	237	0
85	237	0
167	237	0
172	151	0
172	152	0
172	153	0
171	154	0
170	155	0
169	156	0
169	157	0
168	158	0
168	159	0
167	160	0
172	150	0
166	161	0
398	115	0
398	116	0
398	117	0
398	118	0
398	119	0
397	120	0
398	121	0
397	122	0
398	123	0
399	124	0
399	125	0
400	126	0
398	114	0
401	127	0
295	366	0
296	367	0
294	365	0
297	368	0
245	230	0
245	231	0
246	232	0
247	233	0
248	234	0
249	235	0
250	236	0
250	237	0
244	229	0
250	238	0
360	186	5
361	187	5
362	188	5
359	185	5
402	126	0
403	127	0
404	126	0
401	127	0
220	188	0
221	188	0
222	188	0
223	188	0
224	189	0
225	189	0
226	189	0
227	189	0
219	189	0
228	190	0
87	159	7
88	159	7
89	159	7
90	159	7
91	159	7
92	159	7
93	159	7
94	159	7
95	159	7
96	159	7
97	159	7
98	159	7
99	159	7
100	159	7
101	159	7
102	159	7
103	159	7
104	159	7
105	159	7
106	159	7
107	159	7
108	159	7
109	159	7
110	159	7
111	159	7
112	159	7
113	159	7
114	159	7
115	159	7
116	159	7
117	159	7
118	159	7
119	159	7
120	159	7
121	159	7
122	159	7
123	159	7
124	159	7
125	159	7
126	159	7
127	159	7
128	159	7
129	159	7
130	159	7
131	159	7
132	159	7
133	159	7
134	159	7
135	159	7
136	159	7
137	159	7
138	159	7
139	159	7
140	159	7
141	159	7
142	159	7
143	159	7
144	159	7
145	159	7
146	159	7
147	159	7
148	159	7
149	159	7
150	159	7
151	159	7
152	159	7
153	159	7
154	159	7
155	159	7
156	159	7
157	159	7
158	159	7
159	159	7
160	159	7
161	159	7
162	159	7
163	160	7
164	160	7
165	161	7
86	159	7
166	161	7
409	75	12
410	76	12
411	76	12
412	77	12
413	77	12
414	77	12
415	78	12
408	74	12
416	77	12
417	125	1
418	126	1
419	127	1
420	127	1
421	128	1
422	128	1
416	124	1
441	41	4
440	42	4
438	43	4
439	43	4
437	44	4
442	42	4
437	45	4
168	239	37
168	238	37
169	240	37
174	277	0
173	278	0
172	279	0
170	280	0
171	280	0
169	281	0
175	276	0
168	282	0
176	277	0
177	277	0
178	278	0
179	278	0
180	278	0
181	279	0
182	279	0
183	279	0
184	279	0
185	280	0
186	280	0
187	281	0
175	276	0
188	282	0
244	281	0
243	280	0
245	282	0
406	127	3
407	128	3
407	129	3
405	126	3
331	190	15
331	189	15
242	334	0
240	335	0
241	335	0
237	336	0
238	336	0
239	336	0
227	337	0
229	337	0
231	337	0
232	337	0
234	337	0
236	337	0
220	338	0
222	338	0
224	338	0
225	338	0
226	338	0
228	338	0
230	338	0
233	338	0
235	338	0
215	339	0
217	339	0
219	339	0
221	339	0
223	339	0
212	340	0
214	340	0
216	340	0
218	340	0
210	341	0
211	341	0
213	341	0
208	342	0
209	342	0
243	333	0
207	343	0
175	234	4
177	234	4
178	234	4
179	234	4
180	234	4
181	234	4
182	234	4
183	234	4
184	234	4
185	234	4
186	234	4
187	234	4
188	234	4
189	234	4
190	234	4
192	234	4
194	234	4
196	234	4
198	234	4
200	234	4
202	234	4
204	234	4
206	234	4
208	234	4
210	234	4
212	234	4
171	235	4
172	235	4
173	235	4
174	235	4
176	235	4
191	235	4
193	235	4
195	235	4
197	235	4
199	235	4
201	235	4
203	235	4
205	235	4
207	235	4
209	235	4
211	235	4
213	235	4
214	235	4
215	235	4
216	235	4
217	235	4
218	235	4
219	235	4
220	235	4
221	235	4
222	235	4
169	236	4
170	236	4
223	236	4
224	236	4
225	236	4
227	236	4
226	237	4
228	237	4
230	237	4
232	237	4
229	238	4
231	238	4
233	238	4
234	238	4
235	238	4
236	238	4
238	238	4
240	238	4
237	239	4
239	239	4
241	239	4
242	239	4
243	239	4
244	240	4
246	240	4
247	240	4
248	240	4
245	241	4
168	237	4
249	239	4
192	186	0
193	186	0
190	187	0
191	187	0
188	188	0
189	188	0
186	189	0
187	189	0
175	190	0
177	190	0
179	190	0
181	190	0
184	190	0
185	190	0
173	191	0
174	191	0
176	191	0
178	191	0
180	191	0
182	191	0
183	191	0
171	192	0
172	192	0
169	193	0
170	193	0
194	185	0
168	194	0
246	372	36
248	372	36
249	372	36
250	372	36
251	372	36
252	372	36
244	373	36
245	373	36
247	373	36
253	372	36
243	374	36
263	236	0
262	237	0
264	237	0
265	237	0
260	238	0
261	238	0
266	238	0
259	239	0
267	239	0
257	240	0
258	240	0
267	240	0
256	241	0
255	242	0
401	128	1
400	129	1
400	130	1
401	127	1
434	77	0
417	78	0
418	78	0
419	78	0
420	78	0
422	78	0
424	78	0
426	78	0
428	78	0
430	78	0
432	78	0
433	78	0
421	79	0
423	79	0
425	79	0
427	79	0
429	79	0
431	79	0
416	77	0
435	77	0
130	34	0
131	34	0
128	35	0
129	35	0
126	36	0
127	36	0
124	37	0
125	37	0
122	38	0
123	38	0
121	39	0
120	40	0
120	41	0
120	42	0
120	43	0
120	44	0
120	45	0
120	46	0
120	47	0
132	33	0
120	48	0
84	177	35
83	178	35
83	179	35
82	180	35
82	181	35
81	182	35
81	183	35
80	184	35
81	185	35
81	186	35
82	187	35
82	188	35
83	189	35
83	190	35
84	191	35
84	192	35
85	176	35
85	193	35
288	280	28
288	281	28
288	282	28
288	283	28
481	78	0
483	78	0
479	79	0
480	79	0
482	79	0
478	80	0
172	102	0
174	102	0
175	102	0
173	103	0
171	101	0
176	101	0
287	332	0
286	333	0
284	334	0
285	334	0
283	335	0
282	336	0
281	337	0
288	331	0
280	338	0
429	46	10
430	46	10
423	47	10
425	47	10
426	47	10
427	47	10
428	47	10
418	48	10
420	48	10
422	48	10
424	48	10
417	49	10
419	49	10
421	49	10
416	50	10
414	51	10
415	51	10
413	52	10
412	53	10
431	45	10
411	54	10
432	46	1
433	46	1
435	46	1
436	46	1
434	47	1
431	45	1
437	45	1
323	240	5
324	241	5
358	241	5
359	241	5
360	241	5
361	241	5
325	242	5
326	242	5
346	242	5
348	242	5
350	242	5
352	242	5
354	242	5
356	242	5
357	242	5
327	243	5
328	243	5
343	243	5
344	243	5
345	243	5
347	243	5
349	243	5
351	243	5
353	243	5
355	243	5
329	244	5
330	244	5
332	244	5
334	244	5
336	244	5
338	244	5
339	244	5
340	244	5
341	244	5
342	244	5
331	245	5
333	245	5
335	245	5
337	245	5
322	239	5
362	242	5
438	46	6
439	46	6
443	46	6
440	47	6
441	47	6
442	47	6
437	45	6
444	45	6
216	13	0
217	13	0
178	14	0
214	14	0
215	14	0
179	15	0
180	15	0
182	15	0
212	15	0
213	15	0
181	16	0
183	16	0
185	16	0
186	16	0
187	16	0
188	16	0
189	16	0
194	16	0
204	16	0
206	16	0
210	16	0
211	16	0
184	17	0
190	17	0
191	17	0
192	17	0
193	17	0
195	17	0
196	17	0
197	17	0
198	17	0
199	17	0
200	17	0
201	17	0
202	17	0
203	17	0
205	17	0
207	17	0
208	17	0
209	17	0
218	12	0
177	13	0
367	240	4
369	240	4
371	240	4
363	241	4
364	241	4
365	241	4
366	241	4
368	241	4
370	241	4
372	241	4
362	242	4
373	242	4
2	2	0
3	3	0
4	4	0
5	5	0
6	6	0
7	7	0
8	8	0
9	9	0
10	10	0
11	11	0
12	12	0
13	13	0
14	14	0
15	15	0
16	16	0
17	17	0
18	18	0
19	19	0
20	20	0
21	21	0
22	22	0
23	23	0
24	24	0
25	25	0
26	26	0
27	27	0
28	28	0
29	29	0
30	30	0
31	31	0
32	32	0
33	33	0
34	34	0
35	35	0
36	36	0
37	37	0
38	38	0
39	39	0
40	40	0
41	41	0
42	42	0
43	43	0
44	44	0
45	45	0
46	46	0
47	47	0
48	48	0
49	49	0
50	50	0
51	51	0
52	52	0
53	53	0
54	54	0
55	55	0
56	56	0
57	57	0
58	58	0
59	59	0
60	60	0
61	61	0
62	62	0
63	63	0
64	64	0
65	65	0
66	66	0
67	67	0
68	68	0
69	69	0
70	70	0
71	71	0
72	72	0
73	73	0
74	74	0
75	75	0
76	76	0
77	77	0
78	78	0
79	79	0
80	80	0
81	81	0
82	82	0
211	287	0
211	288	0
210	289	0
210	290	0
209	291	0
209	292	0
208	293	0
208	294	0
208	295	0
211	286	0
207	296	0
90	78	8
91	78	8
88	79	8
89	79	8
86	80	8
87	80	8
84	81	8
85	81	8
92	77	8
83	82	8
170	241	18
171	242	18
169	240	18
209	91	0
208	92	0
207	93	0
206	94	0
205	95	0
204	96	0
203	97	0
201	98	0
202	98	0
200	99	0
199	100	0
199	101	0
198	102	0
197	103	0
210	91	0
197	104	0
250	332	0
251	333	0
252	334	0
253	334	0
254	335	0
255	335	0
256	335	0
257	336	0
258	337	0
259	338	0
260	338	0
249	331	0
261	339	0
319	240	4
321	240	4
317	241	4
318	241	4
320	241	4
314	242	4
315	242	4
316	242	4
311	243	4
312	243	4
313	243	4
310	244	4
322	239	4
309	245	4
248	127	0
247	128	0
246	129	0
246	130	0
246	131	0
246	132	0
246	133	0
299	121	1
298	122	1
297	123	1
296	124	1
296	125	1
295	126	1
294	127	1
293	128	1
293	129	1
292	130	1
291	131	1
290	132	1
289	133	1
333	70	3
332	71	3
331	72	3
330	73	3
329	74	3
327	75	3
328	75	3
326	76	3
325	77	3
323	78	3
324	78	3
322	79	3
322	80	3
320	81	3
321	81	3
334	69	3
319	82	3
272	338	7
274	338	7
275	338	7
277	338	7
278	338	7
279	338	7
265	339	7
267	339	7
268	339	7
269	339	7
270	339	7
271	339	7
273	339	7
276	339	7
262	340	7
263	340	7
264	340	7
266	340	7
280	338	7
261	339	7
264	278	0
265	278	0
266	278	0
267	278	0
268	278	0
269	278	0
270	278	0
271	278	0
273	278	0
261	279	0
262	279	0
263	279	0
272	279	0
274	279	0
276	279	0
260	280	0
275	280	0
277	280	0
278	280	0
258	281	0
259	281	0
279	281	0
280	281	0
282	281	0
256	282	0
257	282	0
281	282	0
283	282	0
285	282	0
247	283	0
248	283	0
249	283	0
255	283	0
284	283	0
286	283	0
250	284	0
251	284	0
252	284	0
253	284	0
254	284	0
287	284	0
246	282	0
288	283	0
209	77	3
209	78	3
209	79	3
210	80	3
211	81	3
212	82	3
209	76	3
213	83	3
215	77	0
215	78	0
215	79	0
215	80	0
215	81	0
214	82	0
215	76	0
213	83	0
310	78	3
311	78	3
312	79	3
313	80	3
314	81	3
315	81	3
316	81	3
317	82	3
318	82	3
309	77	3
319	82	3
210	285	0
211	286	0
213	284	36
212	285	36
211	286	36
188	283	5
188	284	5
188	285	5
187	286	5
187	287	5
187	288	5
187	289	5
187	290	5
187	291	5
187	292	5
188	282	5
187	293	5
486	82	0
487	82	0
485	83	0
308	331	0
309	332	0
310	332	0
311	333	0
312	333	0
313	334	0
314	335	0
315	335	0
316	335	0
318	335	0
317	336	0
319	336	0
320	336	0
321	336	0
322	336	0
323	337	0
325	337	0
327	337	0
324	338	0
326	338	0
328	338	0
330	338	0
332	338	0
334	338	0
336	338	0
338	338	0
340	338	0
345	338	0
329	339	0
331	339	0
333	339	0
335	339	0
337	339	0
339	339	0
341	339	0
342	339	0
343	339	0
344	339	0
346	339	0
347	339	0
348	339	0
349	339	0
350	339	0
351	339	0
352	339	0
307	330	0
353	340	0
94	77	8
95	77	8
96	77	8
97	77	8
98	77	8
99	77	8
100	77	8
101	77	8
102	77	8
103	77	8
104	77	8
105	77	8
106	77	8
107	77	8
108	77	8
109	77	8
110	77	8
111	77	8
112	77	8
113	77	8
114	77	8
115	77	8
116	77	8
117	77	8
118	77	8
119	77	8
120	77	8
121	77	8
122	77	8
123	77	8
124	77	8
125	77	8
126	77	8
127	77	8
128	77	8
129	77	8
130	77	8
131	77	8
132	77	8
133	77	8
134	77	8
135	77	8
136	77	8
137	77	8
138	77	8
139	77	8
140	77	8
141	77	8
142	77	8
143	77	8
144	77	8
145	77	8
146	77	8
147	77	8
148	77	8
149	77	8
150	77	8
151	77	8
152	77	8
153	77	8
154	77	8
155	77	8
156	77	8
157	77	8
158	77	8
159	77	8
160	77	8
161	77	8
162	77	8
163	77	8
164	77	8
165	77	8
166	77	8
168	77	8
170	77	8
167	78	8
169	78	8
171	78	8
172	78	8
173	79	8
174	79	8
175	80	8
176	80	8
177	81	8
178	81	8
179	82	8
180	82	8
181	83	8
93	77	8
182	84	8
183	72	0
183	73	0
183	74	0
183	75	0
183	76	0
183	77	0
183	78	0
183	79	0
183	80	0
183	81	0
183	82	0
183	83	0
182	84	0
207	344	22
207	345	22
207	346	22
207	347	22
207	348	22
206	349	22
206	350	22
206	351	22
206	352	22
207	343	22
206	353	22
383	242	3
381	243	3
382	243	3
380	244	3
300	365	12
299	366	12
298	367	12
289	284	1
290	284	1
291	284	1
292	285	1
293	285	1
294	285	1
295	285	1
296	286	1
297	286	1
288	283	1
298	287	1
307	279	0
306	280	0
306	281	0
304	282	0
305	282	0
302	283	0
303	283	0
301	284	0
301	285	0
299	286	0
300	286	0
298	287	0
411	71	16
410	72	16
409	73	16
412	70	16
408	74	16
486	84	0
487	84	0
488	85	0
485	83	0
477	82	0
476	83	0
478	81	0
475	84	0
127	356	11
127	357	11
127	358	11
127	359	11
127	360	11
128	361	11
129	362	11
130	362	11
131	363	11
132	363	11
133	364	11
134	364	11
135	365	11
136	365	11
137	366	11
138	366	11
139	367	11
140	367	11
127	355	11
141	368	11
480	82	2
481	82	2
482	83	2
483	83	2
484	83	2
479	81	2
485	83	2
165	47	0
163	48	0
164	48	0
166	48	0
167	48	0
122	49	0
123	49	0
124	49	0
125	49	0
126	49	0
127	49	0
128	49	0
129	49	0
130	49	0
131	49	0
132	49	0
133	49	0
134	49	0
135	49	0
136	49	0
137	49	0
138	49	0
139	49	0
140	49	0
141	49	0
142	49	0
143	49	0
144	49	0
145	49	0
146	49	0
147	49	0
148	49	0
149	49	0
150	49	0
151	49	0
152	49	0
153	49	0
154	49	0
155	49	0
156	49	0
157	49	0
158	49	0
159	49	0
160	49	0
161	49	0
162	49	0
168	49	0
169	49	0
121	49	0
170	50	0
228	388	0
229	389	0
230	389	0
231	390	0
232	390	0
233	391	0
227	387	0
164	192	4
86	193	4
87	193	4
88	193	4
89	193	4
90	193	4
91	193	4
92	193	4
93	193	4
94	193	4
95	193	4
96	193	4
97	193	4
98	193	4
99	193	4
100	193	4
101	193	4
102	193	4
103	193	4
104	193	4
105	193	4
106	193	4
107	193	4
108	193	4
109	193	4
110	193	4
111	193	4
112	193	4
113	193	4
114	193	4
115	193	4
116	193	4
117	193	4
118	193	4
119	193	4
120	193	4
121	193	4
122	193	4
123	193	4
124	193	4
125	193	4
126	193	4
127	193	4
128	193	4
129	193	4
130	193	4
131	193	4
132	193	4
133	193	4
134	193	4
135	193	4
136	193	4
137	193	4
138	193	4
139	193	4
140	193	4
141	193	4
142	193	4
143	193	4
144	193	4
145	193	4
146	193	4
147	193	4
148	193	4
149	193	4
150	193	4
151	193	4
152	193	4
153	193	4
154	193	4
155	193	4
156	193	4
157	193	4
158	193	4
159	193	4
160	193	4
161	193	4
162	193	4
163	193	4
165	193	4
166	193	4
167	193	4
85	193	4
168	194	4
168	283	31
168	284	31
168	285	31
168	286	31
168	287	31
168	288	31
168	289	31
168	290	31
168	282	31
168	291	31
200	281	25
200	282	25
200	283	25
200	284	25
201	285	25
200	286	25
200	287	25
200	288	25
200	289	25
200	290	25
200	280	25
200	291	25
381	245	2
380	244	2
382	246	2
86	249	0
87	249	0
88	249	0
89	249	0
90	249	0
91	249	0
92	249	0
93	249	0
94	249	0
95	249	0
96	249	0
97	249	0
98	249	0
99	249	0
100	249	0
101	249	0
102	249	0
103	249	0
104	249	0
105	249	0
106	249	0
107	249	0
108	249	0
109	249	0
110	249	0
111	249	0
112	249	0
113	249	0
114	249	0
115	249	0
116	249	0
117	249	0
118	249	0
119	249	0
120	249	0
121	249	0
122	249	0
123	249	0
124	249	0
125	249	0
126	249	0
127	249	0
128	249	0
129	249	0
130	249	0
131	249	0
132	249	0
133	249	0
134	249	0
135	249	0
136	249	0
137	249	0
138	249	0
139	249	0
140	249	0
141	249	0
142	249	0
143	249	0
144	249	0
145	249	0
146	249	0
147	249	0
148	249	0
149	249	0
150	249	0
151	249	0
152	249	0
153	249	0
154	249	0
155	249	0
156	249	0
157	249	0
158	249	0
159	249	0
160	249	0
161	249	0
162	249	0
163	250	0
164	250	0
165	250	0
166	250	0
167	250	0
85	249	0
168	249	0
83	281	37
82	282	37
82	283	37
81	284	37
81	285	37
80	286	37
81	287	37
81	288	37
82	289	37
82	290	37
83	291	37
83	292	37
84	280	37
84	293	37
373	243	9
373	244	9
372	245	9
372	246	9
373	242	9
372	247	9
449	82	1
452	82	1
455	82	1
450	83	1
451	83	1
453	83	1
454	83	1
456	83	1
457	83	1
458	83	1
459	83	1
460	83	1
462	83	1
461	84	1
463	84	1
465	84	1
466	84	1
464	85	1
467	85	1
448	83	1
468	86	1
473	83	0
474	83	0
472	84	0
470	85	0
471	85	0
475	84	0
469	86	0
291	252	6
291	253	6
291	254	6
291	255	6
291	256	6
290	257	6
291	251	6
289	258	6
255	184	8
256	184	8
258	184	8
260	184	8
262	184	8
264	184	8
254	185	8
257	185	8
259	185	8
261	185	8
263	185	8
265	185	8
266	185	8
267	185	8
269	185	8
268	186	8
270	186	8
271	186	8
272	186	8
273	187	8
274	188	8
275	188	8
276	189	8
277	190	8
278	190	8
279	190	8
280	191	8
300	191	8
281	192	8
282	192	8
298	192	8
299	192	8
283	193	8
285	193	8
292	193	8
294	193	8
296	193	8
297	193	8
284	194	8
286	194	8
287	194	8
288	194	8
289	194	8
290	194	8
291	194	8
293	194	8
295	194	8
253	184	8
301	191	8
240	385	0
241	386	0
241	387	0
242	388	0
243	389	0
243	390	0
244	391	0
240	384	0
245	392	0
368	324	966
369	324	966
370	325	966
371	325	966
372	325	966
373	326	966
374	326	966
375	327	966
376	327	966
377	328	966
378	329	966
379	329	966
380	329	966
381	330	966
382	331	966
383	331	966
384	331	966
388	331	966
385	332	966
387	332	966
386	333	966
321	84	3
322	85	3
323	86	3
320	83	3
447	85	0
447	86	0
447	84	0
281	339	0
280	338	0
233	131	0
238	131	0
230	132	0
231	132	0
232	132	0
234	132	0
235	132	0
236	132	0
237	132	0
239	132	0
240	132	0
241	132	0
242	132	0
228	133	0
229	133	0
243	133	0
244	133	0
226	134	0
227	134	0
245	134	0
225	135	0
355	188	0
355	189	0
355	190	0
355	191	0
356	192	0
355	187	0
308	245	0
307	246	0
306	247	0
309	245	0
305	248	0
184	128	0
186	128	0
181	129	0
182	129	0
183	129	0
185	129	0
187	129	0
188	129	0
174	130	0
176	130	0
178	130	0
179	130	0
180	130	0
189	130	0
190	130	0
191	130	0
163	131	0
165	131	0
167	131	0
169	131	0
171	131	0
172	131	0
173	131	0
175	131	0
177	131	0
192	131	0
161	132	0
162	132	0
164	132	0
166	132	0
168	132	0
170	132	0
193	132	0
194	132	0
218	132	0
85	133	0
86	133	0
87	133	0
88	133	0
89	133	0
90	133	0
91	133	0
92	133	0
93	133	0
94	133	0
95	133	0
96	133	0
97	133	0
98	133	0
99	133	0
100	133	0
101	133	0
102	133	0
103	133	0
104	133	0
105	133	0
106	133	0
107	133	0
108	133	0
109	133	0
110	133	0
111	133	0
112	133	0
113	133	0
114	133	0
115	133	0
116	133	0
117	133	0
118	133	0
119	133	0
120	133	0
121	133	0
122	133	0
123	133	0
124	133	0
125	133	0
126	133	0
127	133	0
128	133	0
129	133	0
130	133	0
131	133	0
132	133	0
133	133	0
134	133	0
135	133	0
136	133	0
137	133	0
138	133	0
139	133	0
140	133	0
141	133	0
142	133	0
143	133	0
144	133	0
145	133	0
146	133	0
147	133	0
148	133	0
149	133	0
150	133	0
151	133	0
152	133	0
153	133	0
154	133	0
155	133	0
156	133	0
157	133	0
158	133	0
159	133	0
160	133	0
195	133	0
209	133	0
211	133	0
213	133	0
214	133	0
215	133	0
216	133	0
217	133	0
219	133	0
220	133	0
221	133	0
196	134	0
198	134	0
206	134	0
208	134	0
210	134	0
212	134	0
222	134	0
223	134	0
197	135	0
199	135	0
200	135	0
202	135	0
204	135	0
205	135	0
207	135	0
201	136	0
203	136	0
84	133	0
224	135	0
409	67	12
407	68	12
408	68	12
410	68	12
411	69	12
406	68	12
412	70	12
362	328	2
361	329	2
360	330	2
359	331	2
359	332	2
358	333	2
357	334	2
356	335	2
355	336	2
355	337	2
354	338	2
354	339	2
353	340	2
400	242	1
399	243	1
398	244	1
397	245	1
391	246	1
395	246	1
396	246	1
384	247	1
385	247	1
387	247	1
389	247	1
390	247	1
392	247	1
393	247	1
394	247	1
386	248	1
388	248	1
383	247	1
84	238	35
84	239	35
83	240	35
83	241	35
82	242	35
82	243	35
82	244	35
83	245	35
83	246	35
84	247	35
84	248	35
85	237	35
85	249	35
168	241	0
168	242	0
168	243	0
168	244	0
168	245	0
168	246	0
168	247	0
168	248	0
169	240	0
168	249	0
82	84	0
83	85	0
83	86	0
84	87	0
84	88	0
85	89	0
82	83	0
86	90	0
213	84	0
212	85	0
212	86	0
212	87	0
212	88	0
211	89	0
213	83	0
211	90	0
211	247	4
213	247	4
215	247	4
216	247	4
217	247	4
255	247	4
209	248	4
210	248	4
212	248	4
214	248	4
218	248	4
219	248	4
220	248	4
221	248	4
252	248	4
253	248	4
254	248	4
207	249	4
208	249	4
222	249	4
224	249	4
226	249	4
228	249	4
230	249	4
232	249	4
234	249	4
236	249	4
238	249	4
240	249	4
242	249	4
244	249	4
246	249	4
248	249	4
250	249	4
251	249	4
206	250	4
223	250	4
225	250	4
227	250	4
229	250	4
231	250	4
233	250	4
235	250	4
237	250	4
239	250	4
241	250	4
243	250	4
245	250	4
247	250	4
249	250	4
204	251	4
205	251	4
202	252	4
203	252	4
200	253	4
201	253	4
256	247	4
199	254	4
182	87	0
183	86	0
181	88	0
244	335	41
244	336	41
244	337	41
244	338	41
244	339	41
244	340	41
244	334	41
234	382	0
235	382	0
236	382	0
237	382	0
238	382	0
232	383	0
233	383	0
231	384	0
230	385	0
228	386	0
229	386	0
239	383	0
227	387	0
369	248	0
370	248	0
371	248	0
368	249	0
367	250	0
366	251	0
364	252	0
365	252	0
363	253	0
362	254	0
372	247	0
361	255	0
409	102	4
408	103	4
406	104	4
407	104	4
410	103	4
405	105	4
277	135	0
280	135	0
272	136	0
274	136	0
276	136	0
278	136	0
279	136	0
281	136	0
282	136	0
283	136	0
270	137	0
271	137	0
273	137	0
275	137	0
268	138	0
269	138	0
284	137	0
267	139	0
287	135	0
286	136	0
288	134	0
285	137	0
405	200	9
404	201	9
401	202	9
402	202	9
403	202	9
400	203	9
399	204	9
398	205	9
398	206	9
397	207	9
396	208	9
168	195	0
168	196	0
168	197	0
168	198	0
169	199	0
168	200	0
168	201	0
168	202	0
168	203	0
168	194	0
168	204	0
311	56	2
312	56	2
313	56	2
308	57	2
309	57	2
310	57	2
314	57	2
315	57	2
316	57	2
317	57	2
306	58	2
307	58	2
318	58	2
305	59	2
319	59	2
118	50	0
119	50	0
116	51	0
117	51	0
114	52	0
115	52	0
112	53	0
113	53	0
111	54	0
110	55	0
110	56	0
110	57	0
110	58	0
120	49	0
110	59	0
302	192	7
303	193	7
303	194	7
303	195	7
304	196	7
305	197	7
305	198	7
306	199	7
307	200	7
306	201	7
307	202	7
308	202	7
309	202	7
310	203	7
301	191	7
310	204	7
84	194	38
84	195	38
83	196	38
83	197	38
82	198	38
82	199	38
82	200	38
83	201	38
83	202	38
84	203	38
84	204	38
85	193	38
85	205	38
465	52	959
466	53	959
411	104	1
412	105	1
413	106	1
414	107	1
415	108	1
416	108	1
410	103	1
417	109	1
445	40	0
444	41	0
446	41	0
447	42	0
446	43	0
443	42	0
445	44	0
247	135	0
248	136	0
249	137	0
250	138	0
251	139	0
246	134	0
252	140	0
252	186	5
252	187	5
252	188	5
252	189	5
252	190	5
251	191	5
250	192	5
249	193	5
248	194	5
248	195	5
248	196	5
248	197	5
248	198	5
249	199	5
249	200	5
249	201	5
248	202	5
248	203	5
248	204	5
252	185	5
248	205	5
267	202	29
267	203	29
267	204	29
268	205	29
269	202	29
269	203	29
269	204	29
268	205	29
430	41	0
431	42	0
431	43	0
431	44	0
431	45	0
264	138	3
266	138	3
260	139	3
262	139	3
263	139	3
265	139	3
253	140	3
254	140	3
255	140	3
257	140	3
258	140	3
259	140	3
261	140	3
256	141	3
267	139	3
252	140	3
169	292	0
170	293	0
171	293	0
172	294	0
173	294	0
174	294	0
175	294	0
176	294	0
177	294	0
178	294	0
180	294	0
182	294	0
183	294	0
184	294	0
185	294	0
179	295	0
181	295	0
168	291	0
186	294	0
247	334	0
247	335	0
247	336	0
247	337	0
247	338	0
247	339	0
247	340	0
248	341	0
248	342	0
248	343	0
248	344	0
248	345	0
247	333	0
248	346	0
173	88	0
174	88	0
175	88	0
176	88	0
177	88	0
178	88	0
179	88	0
172	89	0
180	88	0
171	90	0
290	135	1
291	136	1
292	137	1
293	138	1
294	139	1
295	140	1
296	141	1
289	134	1
165	89	0
167	89	0
169	89	0
87	90	0
88	90	0
89	90	0
90	90	0
91	90	0
92	90	0
93	90	0
94	90	0
95	90	0
96	90	0
97	90	0
98	90	0
99	90	0
100	90	0
101	90	0
102	90	0
103	90	0
104	90	0
105	90	0
106	90	0
107	90	0
108	90	0
109	90	0
110	90	0
111	90	0
112	90	0
113	90	0
114	90	0
115	90	0
116	90	0
117	90	0
118	90	0
119	90	0
120	90	0
121	90	0
122	90	0
123	90	0
124	90	0
125	90	0
126	90	0
127	90	0
128	90	0
129	90	0
130	90	0
131	90	0
132	90	0
133	90	0
134	90	0
135	90	0
136	90	0
137	90	0
138	90	0
139	90	0
140	90	0
141	90	0
142	90	0
143	90	0
144	90	0
145	90	0
146	90	0
147	90	0
148	90	0
149	90	0
150	90	0
151	90	0
152	90	0
153	90	0
154	90	0
155	90	0
156	90	0
157	90	0
158	90	0
159	90	0
160	90	0
161	90	0
162	90	0
163	90	0
164	90	0
166	90	0
168	90	0
86	90	0
170	90	0
244	347	0
235	348	0
243	348	0
245	348	0
246	348	0
232	349	0
233	349	0
234	349	0
236	349	0
237	349	0
238	349	0
240	349	0
242	349	0
231	350	0
239	350	0
241	350	0
230	351	0
228	352	0
229	352	0
227	353	0
225	354	0
226	354	0
224	355	0
247	347	0
223	356	0
161	279	5
163	279	5
85	280	5
86	280	5
87	280	5
88	280	5
89	280	5
90	280	5
91	280	5
92	280	5
93	280	5
94	280	5
95	280	5
96	280	5
97	280	5
98	280	5
99	280	5
100	280	5
101	280	5
102	280	5
103	280	5
104	280	5
105	280	5
106	280	5
107	280	5
108	280	5
109	280	5
110	280	5
111	280	5
112	280	5
113	280	5
114	280	5
115	280	5
116	280	5
117	280	5
118	280	5
119	280	5
120	280	5
121	280	5
122	280	5
123	280	5
124	280	5
125	280	5
126	280	5
127	280	5
128	280	5
129	280	5
130	280	5
131	280	5
132	280	5
133	280	5
134	280	5
135	280	5
136	280	5
137	280	5
138	280	5
139	280	5
140	280	5
141	280	5
142	280	5
143	280	5
144	280	5
145	280	5
146	280	5
147	280	5
148	280	5
149	280	5
150	280	5
151	280	5
152	280	5
153	280	5
154	280	5
155	280	5
156	280	5
157	280	5
158	280	5
159	280	5
160	280	5
162	280	5
164	280	5
165	280	5
166	280	5
167	281	5
84	280	5
168	282	5
285	139	3
285	140	3
285	141	3
285	142	3
285	138	3
284	143	3
260	340	5
259	341	5
257	342	5
258	342	5
256	343	5
254	344	5
255	344	5
253	345	5
251	346	5
252	346	5
250	347	5
261	339	5
249	347	5
408	54	3
409	54	3
406	55	3
407	55	3
405	56	3
403	57	3
404	57	3
402	58	3
410	54	3
401	59	3
178	6	37
177	7	37
177	8	37
177	9	37
177	10	37
177	11	37
177	12	37
178	5	37
177	13	37
170	51	38
170	52	38
170	53	38
171	54	38
171	55	38
171	56	38
170	50	38
171	57	38
188	295	5
189	296	5
187	294	5
190	297	5
197	293	0
198	293	0
196	294	0
194	295	0
195	295	0
192	296	0
193	296	0
199	292	0
191	297	0
201	293	0
202	294	0
203	295	0
204	296	0
205	296	0
200	292	0
206	296	0
224	367	0
225	368	0
226	368	0
227	368	0
228	369	0
229	369	0
230	369	0
232	369	0
233	369	0
231	370	0
234	370	0
236	370	0
235	371	0
237	371	0
238	371	0
239	372	0
240	372	0
241	373	0
223	366	0
242	374	0
475	85	2
476	86	2
477	86	2
478	87	2
479	88	2
480	89	2
481	90	2
482	90	2
483	90	2
484	91	2
484	92	2
475	84	2
225	137	0
224	138	0
223	139	0
222	140	0
221	141	0
220	142	0
220	143	0
219	144	0
219	145	0
225	136	0
218	146	0
313	144	981
313	145	981
307	153	2
306	152	2
181	90	40
181	91	40
182	92	40
182	93	40
183	94	40
184	95	40
181	89	40
185	96	40
304	247	4
302	248	4
303	248	4
299	249	4
300	249	4
301	249	4
305	248	4
298	250	4
310	246	4
311	247	4
312	248	4
312	249	4
309	245	4
373	248	9
375	248	9
374	249	9
372	247	9
376	247	9
381	248	7
380	249	7
382	247	7
85	91	0
84	92	0
84	93	0
83	94	0
83	95	0
82	96	0
83	97	0
83	98	0
84	99	0
84	100	0
86	90	0
85	101	0
251	141	0
249	142	0
250	142	0
247	143	0
248	143	0
245	144	0
246	144	0
243	145	0
244	145	0
240	146	0
241	146	0
242	146	0
239	147	0
236	148	0
237	148	0
238	148	0
228	149	0
230	149	0
232	149	0
233	149	0
234	149	0
235	149	0
223	150	0
224	150	0
225	150	0
226	150	0
227	150	0
229	150	0
231	150	0
252	140	0
222	150	0
283	144	25
282	145	25
281	146	25
284	143	25
285	144	0
285	145	0
285	146	0
284	143	0
285	147	0
405	137	960
406	138	960
407	138	960
408	139	960
409	140	960
411	140	960
410	141	960
412	141	960
413	142	960
414	142	960
415	143	960
416	143	960
417	143	960
418	144	960
419	145	960
420	145	960
421	146	960
245	284	6
245	285	6
245	286	6
245	287	6
244	288	6
243	289	6
242	290	6
240	291	6
241	291	6
239	292	6
238	293	6
237	294	6
236	295	6
235	296	6
236	297	6
235	298	6
235	299	6
235	300	6
235	301	6
234	302	6
245	283	6
234	303	6
299	288	4
299	289	4
300	290	4
300	291	4
301	292	4
302	292	4
303	293	4
304	294	4
305	295	4
306	295	4
307	296	4
308	296	4
309	296	4
310	297	4
311	297	4
312	297	4
314	297	4
316	297	4
321	297	4
313	298	4
315	298	4
317	298	4
318	298	4
319	298	4
320	298	4
322	298	4
323	298	4
324	298	4
325	298	4
326	298	4
327	298	4
329	298	4
330	298	4
331	298	4
332	298	4
328	299	4
298	287	4
333	297	4
220	55	0
221	55	0
219	56	0
217	57	0
218	57	0
173	58	0
174	58	0
210	58	0
212	58	0
213	58	0
214	58	0
215	58	0
216	58	0
175	59	0
176	59	0
177	59	0
178	59	0
180	59	0
181	59	0
182	59	0
183	59	0
184	59	0
185	59	0
186	59	0
188	59	0
189	59	0
190	59	0
191	59	0
193	59	0
195	59	0
197	59	0
199	59	0
201	59	0
203	59	0
204	59	0
205	59	0
206	59	0
207	59	0
208	59	0
209	59	0
211	59	0
179	60	0
187	60	0
192	60	0
194	60	0
196	60	0
198	60	0
200	60	0
202	60	0
222	54	0
172	58	0
219	190	37
219	191	37
219	192	37
219	193	37
219	194	37
219	195	37
219	196	37
219	197	37
219	198	37
219	199	37
220	200	37
220	201	37
219	202	37
219	203	37
218	204	37
218	205	37
219	189	37
217	206	37
228	191	0
228	192	0
228	193	0
228	194	0
229	195	0
230	196	0
231	197	0
232	198	0
233	199	0
234	199	0
235	200	0
236	201	0
237	202	0
238	203	0
239	204	0
240	205	0
241	205	0
228	190	0
242	206	0
83	134	26
83	135	26
82	136	26
82	137	26
81	138	26
81	139	26
80	140	26
81	141	26
81	142	26
82	143	26
82	144	26
83	145	26
83	146	26
84	147	26
84	148	26
84	133	26
85	149	26
273	293	0
272	294	0
271	295	0
271	296	0
270	297	0
269	298	0
269	299	0
268	300	0
268	301	0
86	205	0
87	205	0
88	205	0
89	205	0
90	205	0
91	205	0
92	205	0
93	205	0
94	205	0
95	205	0
96	205	0
97	205	0
98	205	0
99	205	0
100	205	0
101	205	0
102	205	0
103	205	0
104	205	0
105	205	0
106	205	0
107	205	0
108	205	0
109	205	0
110	205	0
111	205	0
112	205	0
113	205	0
114	205	0
115	205	0
116	205	0
117	205	0
118	205	0
119	205	0
120	205	0
121	205	0
122	205	0
123	205	0
124	205	0
125	205	0
126	205	0
127	205	0
128	205	0
129	205	0
130	205	0
131	205	0
132	205	0
133	205	0
134	205	0
135	205	0
136	205	0
137	205	0
138	205	0
139	205	0
140	205	0
141	205	0
142	205	0
143	205	0
144	205	0
145	205	0
146	205	0
147	205	0
148	205	0
149	205	0
150	205	0
151	205	0
152	205	0
153	205	0
154	205	0
155	205	0
156	205	0
157	205	0
158	205	0
159	205	0
160	205	0
161	205	0
162	205	0
166	205	0
167	205	0
163	206	0
164	206	0
165	206	0
168	204	0
85	205	0
335	299	7
336	300	7
337	301	7
334	298	7
201	203	0
203	203	0
205	203	0
193	204	0
195	204	0
196	204	0
197	204	0
198	204	0
199	204	0
200	204	0
202	204	0
204	204	0
206	204	0
207	204	0
208	204	0
209	204	0
210	204	0
211	204	0
169	205	0
190	205	0
191	205	0
192	205	0
194	205	0
212	205	0
214	205	0
170	206	0
171	206	0
186	206	0
187	206	0
188	206	0
189	206	0
213	206	0
215	206	0
172	207	0
173	207	0
174	207	0
175	207	0
182	207	0
184	207	0
185	207	0
176	208	0
177	208	0
178	208	0
179	208	0
180	208	0
181	208	0
183	208	0
168	204	0
216	206	0
171	92	41
171	93	41
171	94	41
171	95	41
171	96	41
171	97	41
171	98	41
171	99	41
171	100	41
171	91	41
171	101	41
183	97	2
184	97	2
181	98	2
182	98	2
179	99	2
180	99	2
178	100	2
185	96	2
177	101	2
259	247	8
260	247	8
261	248	8
262	248	8
263	249	8
264	250	8
265	250	8
266	250	8
267	250	8
268	250	8
269	250	8
271	250	8
272	250	8
274	250	8
276	250	8
278	250	8
280	250	8
282	250	8
283	250	8
284	250	8
285	250	8
270	251	8
273	251	8
275	251	8
277	251	8
279	251	8
281	251	8
258	246	8
286	250	8
216	147	0
209	148	0
210	148	0
211	148	0
212	148	0
213	148	0
214	148	0
215	148	0
206	149	0
207	149	0
208	149	0
205	150	0
217	147	0
204	151	0
288	249	1
289	250	1
287	250	1
290	250	1
