1	43	32
43	43	21
6	43	20
1	1	19
1	41	14
40	40	12
36	36	10
5	43	10
1	42	10
5	5	9
6	6	9
1	39	8
42	43	7
40	43	7
31	31	6
38	38	5
35	35	5
6	42	5
42	43	5
37	43	5
31	43	5
5	42	5
18	43	5
41	41	5
26	43	4
1	6	4
15	43	4
40	42	4
38	40	4
1	37	4
38	43	4
36	40	4
40	41	3
14	43	3
42	42	3
41	43	3
27	27	3
33	43	3
3	43	3
36	42	3
33	36	2
35	41	2
31	35	2
1	40	2
5	6	2
28	37	2
29	43	2
1	5	2
12	41	2
18	42	2
34	34	2
40	41	2
0	1	2
30	43	2
26	38	2
29	33	2
31	36	2
22	43	2
17	43	2
5	6	2
20	40	2
4	43	2
5	39	2
1	9	2
12	42	2
22	22	2
32	43	2
18	18	2
7	43	2
23	23	2
36	43	2
36	38	2
1	36	2
11	43	2
10	10	2
14	17	1
19	19	1
15	20	1
12	12	1
9	41	1
18	19	1
15	30	1
14	18	1
21	34	1
30	42	1
12	17	1
32	41	1
34	36	1
11	42	1
3	40	1
28	32	1
16	19	1
5	34	1
10	41	1
1	31	1
17	18	1
6	41	1
28	28	1
15	15	1
34	35	1
8	18	1
39	42	1
21	43	1
6	7	1
6	39	1
22	23	1
16	35	1
30	31	1
1	15	1
17	34	1
17	19	1
19	33	1
1	33	1
26	40	1
4	42	1
0	1	1
12	13	1
1	10	1
24	43	1
23	34	1
35	39	1
34	37	1
18	22	1
16	18	1
38	42	1
9	43	1
27	43	1
37	38	1
33	33	1
34	35	1
1	3	1
16	42	1
11	40	1
32	32	1
30	31	1
5	38	1
17	18	1
5	36	1
17	28	1
11	12	1
34	43	1
39	40	1
7	9	1
15	22	1
22	26	1
28	43	1
26	26	1
23	43	1
35	43	1
1	4	1
1	35	1
6	8	1
4	40	1
41	42	1
28	40	1
30	35	1
35	38	1
33	42	1
24	26	1
27	42	1
38	39	1
11	24	1
10	34	1
16	43	1
36	37	1
7	10	1
14	14	1
32	34	1
31	42	1
33	35	1
6	40	1
18	24	1
39	43	1
19	20	1
3	3	1
18	21	1
1	7	1
6	38	1
13	14	1
17	17	1
13	42	1
26	27	1
