224	1	0
223	2	0
425	210	956
426	210	956
427	210	956
428	210	956
429	210	956
430	210	956
431	210	956
421	211	956
422	211	956
423	211	956
424	211	956
432	211	956
433	211	956
236	55	0
237	55	0
238	55	0
239	55	0
235	56	0
216	53	0
218	53	0
214	54	0
215	54	0
217	54	0
219	54	0
220	54	0
221	54	0
222	54	0
223	54	0
224	54	0
225	54	0
227	54	0
229	54	0
231	54	0
233	54	0
226	55	0
228	55	0
230	55	0
232	55	0
234	55	0
213	54	0
235	56	0
210	207	0
211	208	0
212	208	0
213	209	0
214	209	0
215	210	0
216	211	0
217	212	0
218	212	0
219	212	0
209	206	0
220	213	0
232	206	7
230	207	7
231	207	7
229	208	7
227	209	7
228	209	7
226	210	7
224	211	7
225	211	7
222	212	7
223	212	7
233	205	7
221	213	7
351	52	5
353	52	5
355	52	5
357	52	5
338	53	5
339	53	5
340	53	5
341	53	5
342	53	5
343	53	5
344	53	5
345	53	5
346	53	5
347	53	5
348	53	5
349	53	5
350	53	5
352	53	5
354	53	5
356	53	5
358	53	5
360	53	5
333	54	5
335	54	5
336	54	5
337	54	5
359	54	5
361	54	5
363	54	5
332	55	5
334	55	5
362	55	5
364	55	5
365	55	5
366	55	5
330	56	5
331	56	5
329	57	5
367	55	5
328	58	5
196	354	0
197	354	0
198	355	0
199	355	0
200	355	0
201	355	0
202	356	0
203	356	0
204	356	0
206	356	0
207	356	0
208	356	0
209	356	0
212	356	0
205	357	0
210	357	0
211	357	0
213	357	0
195	353	0
214	357	0
159	353	16
162	353	16
164	353	16
166	353	16
168	353	16
170	353	16
172	353	16
121	354	16
122	354	16
123	354	16
124	354	16
125	354	16
126	354	16
127	354	16
128	354	16
129	354	16
130	354	16
131	354	16
132	354	16
133	354	16
134	354	16
135	354	16
136	354	16
137	354	16
138	354	16
139	354	16
140	354	16
141	354	16
142	354	16
143	354	16
144	354	16
145	354	16
146	354	16
147	354	16
148	354	16
149	354	16
150	354	16
151	354	16
152	354	16
153	354	16
154	354	16
156	354	16
157	354	16
158	354	16
160	354	16
161	354	16
163	354	16
165	354	16
167	354	16
169	354	16
171	354	16
173	354	16
174	354	16
175	354	16
176	354	16
177	354	16
178	354	16
179	354	16
180	354	16
181	354	16
182	354	16
183	354	16
184	354	16
185	354	16
187	354	16
194	354	16
155	355	16
186	355	16
188	355	16
189	355	16
190	355	16
191	355	16
192	355	16
193	355	16
195	353	16
120	354	16
220	1	2
221	2	2
222	2	2
479	87	1
479	88	1
480	89	1
481	90	1
482	91	1
483	92	1
485	92	1
484	93	1
486	93	1
487	94	1
488	95	1
489	96	1
490	97	1
491	98	1
492	99	1
493	100	1
494	101	1
478	86	1
242	357	39
241	358	39
243	356	39
418	253	2
417	254	2
417	255	2
416	256	2
416	257	2
260	140	35
260	141	35
260	142	35
260	143	35
260	144	35
260	145	35
260	146	35
260	147	35
260	148	35
260	149	35
261	150	35
262	151	35
260	139	35
84	248	4
85	248	4
86	248	4
87	248	4
88	248	4
89	248	4
90	248	4
91	248	4
92	248	4
93	248	4
94	248	4
95	248	4
96	248	4
97	248	4
98	248	4
99	248	4
100	248	4
101	248	4
102	248	4
103	248	4
104	248	4
105	248	4
106	248	4
107	248	4
108	248	4
109	248	4
110	248	4
111	248	4
112	248	4
113	248	4
114	248	4
115	248	4
116	248	4
117	248	4
118	248	4
119	248	4
120	248	4
121	248	4
122	248	4
123	248	4
124	248	4
125	248	4
126	248	4
127	248	4
128	248	4
129	248	4
130	248	4
131	248	4
132	248	4
133	248	4
134	248	4
135	248	4
136	248	4
137	248	4
138	248	4
139	248	4
140	248	4
141	248	4
142	248	4
143	248	4
144	248	4
145	248	4
146	248	4
147	248	4
148	248	4
149	248	4
150	248	4
151	248	4
152	248	4
153	248	4
154	248	4
155	248	4
156	249	4
157	250	4
158	251	4
159	252	4
160	253	4
161	254	4
162	254	4
163	255	4
164	256	4
165	257	4
83	248	4
166	258	4
416	147	957
417	147	957
418	147	957
419	148	957
420	148	957
421	149	957
422	150	957
423	150	957
424	151	957
373	50	1
375	50	1
377	50	1
371	51	1
372	51	1
374	51	1
376	51	1
378	51	1
370	52	1
379	52	1
369	53	1
380	53	1
369	54	1
379	54	1
380	55	1
381	56	1
368	55	1
248	358	34
247	359	34
249	359	34
250	360	34
246	358	34
251	109	0
252	109	0
249	110	0
250	110	0
240	111	0
242	111	0
244	111	0
247	111	0
248	111	0
237	112	0
239	112	0
241	112	0
243	112	0
245	112	0
246	112	0
236	113	0
238	113	0
233	114	0
234	114	0
235	114	0
219	115	0
220	115	0
232	115	0
221	116	0
222	116	0
230	116	0
231	116	0
223	117	0
224	117	0
227	117	0
229	117	0
225	118	0
226	118	0
228	118	0
253	108	0
218	114	0
434	101	1
434	102	1
434	103	1
79	134	0
79	135	0
78	136	0
78	137	0
77	138	0
77	139	0
77	140	0
78	141	0
78	142	0
79	143	0
79	144	0
80	145	0
80	146	0
81	147	0
81	148	0
82	149	0
82	150	0
83	151	0
83	152	0
84	153	0
80	133	0
85	154	0
264	153	984
265	153	984
177	306	0
175	307	0
176	307	0
154	308	0
156	308	0
173	308	0
174	308	0
81	309	0
82	309	0
83	309	0
84	309	0
85	309	0
86	309	0
87	309	0
88	309	0
89	309	0
90	309	0
91	309	0
92	309	0
93	309	0
94	309	0
95	309	0
96	309	0
97	309	0
98	309	0
99	309	0
100	309	0
101	309	0
102	309	0
103	309	0
104	309	0
105	309	0
106	309	0
107	309	0
108	309	0
109	309	0
110	309	0
111	309	0
112	309	0
113	309	0
114	309	0
115	309	0
116	309	0
117	309	0
118	309	0
119	309	0
120	309	0
121	309	0
122	309	0
123	309	0
124	309	0
125	309	0
126	309	0
127	309	0
128	309	0
129	309	0
130	309	0
131	309	0
132	309	0
133	309	0
134	309	0
135	309	0
136	309	0
137	309	0
138	309	0
139	309	0
140	309	0
141	309	0
142	309	0
143	309	0
144	309	0
145	309	0
146	309	0
147	309	0
148	309	0
149	309	0
150	309	0
151	309	0
152	309	0
153	309	0
155	309	0
157	309	0
158	309	0
159	309	0
160	309	0
161	309	0
163	309	0
165	309	0
167	309	0
168	309	0
169	309	0
170	309	0
171	309	0
172	309	0
162	310	0
164	310	0
166	310	0
178	305	0
80	309	0
160	2	0
161	2	0
162	2	0
164	2	0
158	3	0
159	3	0
163	3	0
165	3	0
166	3	0
156	4	0
157	4	0
167	4	0
155	5	0
154	6	0
154	7	0
154	8	0
154	9	0
154	10	0
168	5	0
154	11	0
407	100	1
406	101	1
405	102	1
406	103	1
406	104	1
372	255	3
373	255	3
371	256	3
368	257	3
369	257	3
370	257	3
364	258	3
365	258	3
366	258	3
367	258	3
374	254	3
363	258	3
439	102	1
436	103	1
437	103	1
438	103	1
435	104	1
409	57	0
408	56	0
288	363	20
287	364	20
287	365	20
287	366	20
254	3	1
253	4	1
252	5	1
308	1	0
307	2	0
306	3	0
305	4	0
304	5	0
215	358	0
215	359	0
216	360	0
216	361	0
216	362	0
216	363	0
215	364	0
215	365	0
215	366	0
214	357	0
215	367	0
223	350	0
222	351	0
220	352	0
221	352	0
219	353	0
218	354	0
216	355	0
217	355	0
215	356	0
224	349	0
214	357	0
119	356	8
119	357	8
119	358	8
119	359	8
119	360	8
120	361	8
121	362	8
122	362	8
123	363	8
124	363	8
125	364	8
126	364	8
127	365	8
128	365	8
129	366	8
130	366	8
131	367	8
132	367	8
119	355	8
133	368	8
242	1	0
243	2	0
244	2	0
245	3	0
246	3	0
247	4	0
248	4	0
249	5	0
250	5	0
251	6	0
321	57	27
322	57	27
323	57	27
320	58	27
324	58	27
325	58	27
317	59	27
318	59	27
319	59	27
316	60	27
314	61	27
315	61	27
326	59	27
313	62	27
327	58	0
328	58	0
326	59	0
199	297	0
199	298	0
200	299	0
201	300	0
201	301	0
201	302	0
202	303	0
202	304	0
202	305	0
201	306	0
202	307	0
202	308	0
202	309	0
198	296	0
202	310	0
200	92	0
201	92	0
199	93	0
198	94	0
197	95	0
195	96	0
196	96	0
194	97	0
193	98	0
192	99	0
191	100	0
191	101	0
190	102	0
189	103	0
189	104	0
189	105	0
202	91	0
189	106	0
160	292	5
161	293	5
162	293	5
163	294	5
164	294	5
166	294	5
168	294	5
170	294	5
172	294	5
165	295	5
167	295	5
169	295	5
171	295	5
173	295	5
174	295	5
175	295	5
176	295	5
159	291	5
177	295	5
212	278	0
213	279	0
218	279	0
214	280	0
215	280	0
216	280	0
217	280	0
211	277	0
219	278	0
227	305	0
228	305	0
229	306	0
230	306	0
231	307	0
232	308	0
233	308	0
234	308	0
235	309	0
236	309	0
237	309	0
239	309	0
241	309	0
243	309	0
244	309	0
245	309	0
246	309	0
247	309	0
238	310	0
240	310	0
242	310	0
226	304	0
248	308	0
389	17	6
390	17	6
391	17	6
392	17	6
393	17	6
395	17	6
394	18	6
396	18	6
388	17	6
397	18	6
298	6	9
296	7	9
297	7	9
299	7	9
300	7	9
292	8	9
293	8	9
294	8	9
295	8	9
289	9	9
291	9	9
286	10	9
288	10	9
290	10	9
285	11	9
287	11	9
282	12	9
283	12	9
284	12	9
277	13	9
278	13	9
279	13	9
280	13	9
281	13	9
273	14	9
274	14	9
275	14	9
276	14	9
270	15	9
271	15	9
272	15	9
265	16	9
267	16	9
268	16	9
269	16	9
266	17	9
301	8	9
264	17	9
302	7	14
303	7	14
304	6	14
301	8	14
405	106	0
403	107	0
404	107	0
402	108	0
406	105	0
402	109	0
282	367	9
284	367	9
286	367	9
278	368	9
279	368	9
280	368	9
281	368	9
283	368	9
285	368	9
272	369	9
273	369	9
274	369	9
275	369	9
276	369	9
277	369	9
271	370	9
270	371	9
287	366	9
269	372	9
247	51	2
248	51	2
249	51	2
245	52	2
246	52	2
250	52	2
251	52	2
252	52	2
243	53	2
244	53	2
253	53	2
254	53	2
241	54	2
242	54	2
255	54	2
256	55	2
257	56	2
258	56	2
259	56	2
260	57	2
261	58	2
262	58	2
263	59	2
240	55	2
264	60	2
395	253	2
395	254	2
396	255	2
395	256	2
396	257	2
397	258	2
398	259	2
399	259	2
395	252	2
317	260	981
315	261	981
316	261	981
314	262	981
313	263	981
312	264	981
311	265	981
311	266	981
310	267	981
309	268	981
308	269	981
224	305	0
223	306	0
222	307	0
221	308	0
220	309	0
219	310	0
218	311	0
225	304	0
217	312	0
418	258	2
421	258	2
419	259	2
420	259	2
417	258	2
406	56	0
405	57	0
404	58	0
403	59	0
407	55	0
402	60	0
487	58	0
486	59	0
485	60	0
259	211	0
260	211	0
261	212	0
261	213	0
262	214	0
263	214	0
264	215	0
265	216	0
266	217	0
267	217	0
282	217	0
268	218	0
281	218	0
269	219	0
270	219	0
279	219	0
280	219	0
271	220	0
276	220	0
277	220	0
278	220	0
272	221	0
273	221	0
274	221	0
275	221	0
258	210	0
283	218	0
170	92	0
171	93	0
172	94	0
173	94	0
174	95	0
175	95	0
176	96	0
177	97	0
178	98	0
179	99	0
180	100	0
181	101	0
182	102	0
183	103	0
184	104	0
185	105	0
186	106	0
169	92	0
187	107	0
179	306	44
180	307	44
181	307	44
182	308	44
183	308	44
184	309	44
185	309	44
186	310	44
188	310	44
187	311	44
189	311	44
190	311	44
201	311	44
191	312	44
192	312	44
193	312	44
194	312	44
198	312	44
199	312	44
200	312	44
195	313	44
196	313	44
197	313	44
178	305	44
202	310	44
86	154	0
87	154	0
88	154	0
89	154	0
90	154	0
91	154	0
92	154	0
93	154	0
94	154	0
95	154	0
96	154	0
97	154	0
98	154	0
99	154	0
100	154	0
101	154	0
102	154	0
103	154	0
104	154	0
105	154	0
106	154	0
107	154	0
108	154	0
109	154	0
110	154	0
111	154	0
112	154	0
113	154	0
114	154	0
115	154	0
116	154	0
117	154	0
118	154	0
119	154	0
120	154	0
121	154	0
122	154	0
123	154	0
124	154	0
125	154	0
126	154	0
127	154	0
128	154	0
129	154	0
130	154	0
131	154	0
132	154	0
133	154	0
134	154	0
135	154	0
136	154	0
137	154	0
138	154	0
139	154	0
140	154	0
141	154	0
142	154	0
143	154	0
144	154	0
145	154	0
146	154	0
147	154	0
148	154	0
149	154	0
150	154	0
151	154	0
152	154	0
153	154	0
85	154	0
154	155	0
161	148	0
160	149	0
159	150	0
158	151	0
157	152	0
156	153	0
155	154	0
162	147	0
154	155	0
157	55	0
158	55	0
211	55	0
212	55	0
159	56	0
160	56	0
161	56	0
162	56	0
163	56	0
209	56	0
210	56	0
164	57	0
165	57	0
166	57	0
207	57	0
208	57	0
167	58	0
168	58	0
198	58	0
200	58	0
202	58	0
204	58	0
206	58	0
169	59	0
170	59	0
171	59	0
172	59	0
174	59	0
176	59	0
178	59	0
180	59	0
182	59	0
191	59	0
193	59	0
195	59	0
197	59	0
199	59	0
201	59	0
203	59	0
205	59	0
173	60	0
175	60	0
177	60	0
179	60	0
181	60	0
183	60	0
184	60	0
185	60	0
186	60	0
187	60	0
188	60	0
189	60	0
190	60	0
192	60	0
194	60	0
196	60	0
156	54	0
213	54	0
235	57	0
235	58	0
235	59	0
235	60	0
235	61	0
235	62	0
235	56	0
267	154	984
268	154	984
269	154	984
270	154	984
271	154	984
272	154	984
273	154	984
274	154	984
275	154	984
276	154	984
277	154	984
210	278	0
209	279	0
208	280	0
207	281	0
206	282	0
205	283	0
204	284	0
203	285	0
202	286	0
202	287	0
201	288	0
201	289	0
200	290	0
200	291	0
200	292	0
199	293	0
199	294	0
199	295	0
211	277	0
198	296	0
221	215	40
221	216	40
222	217	40
222	218	40
221	219	40
221	220	40
221	221	40
221	214	40
221	222	40
135	368	0
136	368	0
137	368	0
138	368	0
139	368	0
140	368	0
141	368	0
142	368	0
143	368	0
144	368	0
145	368	0
146	368	0
147	368	0
148	368	0
149	368	0
150	368	0
151	368	0
152	368	0
153	368	0
154	368	0
156	368	0
214	368	0
155	369	0
157	369	0
158	369	0
159	369	0
160	369	0
162	369	0
164	369	0
166	369	0
168	369	0
170	369	0
172	369	0
174	369	0
176	369	0
178	369	0
179	369	0
180	369	0
181	369	0
182	369	0
183	369	0
184	369	0
185	369	0
186	369	0
188	369	0
190	369	0
192	369	0
210	369	0
211	369	0
212	369	0
213	369	0
161	370	0
163	370	0
165	370	0
167	370	0
169	370	0
171	370	0
173	370	0
175	370	0
177	370	0
187	370	0
189	370	0
191	370	0
193	370	0
194	370	0
195	370	0
196	370	0
198	370	0
200	370	0
203	370	0
208	370	0
209	370	0
197	371	0
199	371	0
201	371	0
202	371	0
204	371	0
205	371	0
206	371	0
207	371	0
215	367	0
134	368	0
188	107	0
189	106	0
187	107	0
204	92	0
204	93	0
205	94	0
205	95	0
206	96	0
206	97	0
207	98	0
207	99	0
208	100	0
208	101	0
209	102	0
210	103	0
209	104	0
210	105	0
211	106	0
212	106	0
213	107	0
203	91	0
329	59	22
330	60	22
328	58	22
368	59	0
367	60	0
369	58	0
306	7	0
307	7	0
308	8	0
309	9	0
310	10	0
305	6	0
186	157	0
185	158	0
279	104	11
288	104	11
273	105	11
275	105	11
276	105	11
277	105	11
278	105	11
280	105	11
281	105	11
282	105	11
283	105	11
284	105	11
285	105	11
286	105	11
287	105	11
289	105	11
290	105	11
291	105	11
292	105	11
293	105	11
294	105	11
295	105	11
296	105	11
298	105	11
299	105	11
300	105	11
301	105	11
269	106	11
270	106	11
271	106	11
272	106	11
274	106	11
297	106	11
302	106	11
303	106	11
267	107	11
268	107	11
304	107	11
254	108	11
255	108	11
258	108	11
260	108	11
262	108	11
264	108	11
265	108	11
266	108	11
256	109	11
257	109	11
259	109	11
261	109	11
263	109	11
253	108	11
305	108	11
172	2	44
174	2	44
175	2	44
176	2	44
177	2	44
178	2	44
179	2	44
180	2	44
181	2	44
182	2	44
184	2	44
186	2	44
188	2	44
170	3	44
171	3	44
173	3	44
183	3	44
185	3	44
187	3	44
189	3	44
190	3	44
191	3	44
192	3	44
194	3	44
196	3	44
169	4	44
193	4	44
195	4	44
197	4	44
198	4	44
200	4	44
199	5	44
201	5	44
202	5	44
203	6	44
204	6	44
205	7	44
206	7	44
207	8	44
208	9	44
209	10	44
209	11	44
168	5	44
209	12	44
216	8	27
215	9	27
214	10	27
213	11	27
213	12	27
186	159	0
185	158	0
433	105	1
433	106	1
433	107	1
434	104	1
433	108	1
444	103	1
445	103	1
443	104	1
442	105	1
441	106	1
441	107	1
441	108	1
301	9	0
301	10	0
301	11	0
301	8	0
301	12	0
350	159	1
349	160	1
348	161	1
169	6	37
168	7	37
168	8	37
168	9	37
168	10	37
168	11	37
168	12	37
168	5	37
168	13	37
303	60	3
305	60	3
306	60	3
307	60	3
308	60	3
310	60	3
301	61	3
302	61	3
304	61	3
309	61	3
311	61	3
312	61	3
299	62	3
300	62	3
297	63	3
298	63	3
296	64	3
294	65	3
295	65	3
292	66	3
293	66	3
291	67	3
313	62	3
290	68	3
239	350	39
240	351	39
240	352	39
241	353	39
242	354	39
239	349	39
243	355	39
371	59	0
372	59	0
373	60	0
396	60	0
397	60	0
399	60	0
400	60	0
374	61	0
375	61	0
391	61	0
393	61	0
394	61	0
395	61	0
398	61	0
376	62	0
378	62	0
380	62	0
384	62	0
386	62	0
388	62	0
389	62	0
390	62	0
392	62	0
377	63	0
379	63	0
381	63	0
382	63	0
383	63	0
385	63	0
387	63	0
370	58	0
401	60	0
404	6	1
404	7	1
404	8	1
404	9	1
402	10	1
403	10	1
401	11	1
401	12	1
401	13	1
317	370	0
316	371	0
368	313	0
370	313	0
371	313	0
372	313	0
374	313	0
376	313	0
363	314	0
364	314	0
365	314	0
366	314	0
367	314	0
369	314	0
373	314	0
375	314	0
377	314	0
378	314	0
379	314	0
380	314	0
381	314	0
382	314	0
383	314	0
361	315	0
362	315	0
384	315	0
385	315	0
386	315	0
387	315	0
388	315	0
389	315	0
390	315	0
392	315	0
393	315	0
397	315	0
360	316	0
391	316	0
394	316	0
395	316	0
396	316	0
358	317	0
359	317	0
357	318	0
79	310	0
79	311	0
78	312	0
78	313	0
77	314	0
77	315	0
76	316	0
76	317	0
80	309	0
76	318	0
347	160	0
330	161	0
333	161	0
335	161	0
345	161	0
346	161	0
326	162	0
327	162	0
328	162	0
329	162	0
331	162	0
332	162	0
334	162	0
336	162	0
337	162	0
338	162	0
340	162	0
341	162	0
342	162	0
343	162	0
344	162	0
325	163	0
339	163	0
348	161	0
324	164	0
206	13	0
207	13	0
208	13	0
205	14	0
203	15	0
204	15	0
202	16	0
209	12	0
201	17	0
322	163	22
323	164	22
210	13	0
211	13	0
212	13	0
209	12	0
213	12	0
186	108	3
183	109	3
184	109	3
185	109	3
181	110	3
182	110	3
180	111	3
178	112	3
179	112	3
177	113	3
170	114	3
173	114	3
175	114	3
176	114	3
171	115	3
172	115	3
174	115	3
187	107	3
169	113	3
224	4	8
225	5	8
226	6	8
227	7	8
228	8	8
229	9	8
230	10	8
231	10	8
232	11	8
233	12	8
234	12	8
235	13	8
223	3	8
217	314	0
217	315	0
217	316	0
217	317	0
218	318	0
219	319	0
217	313	0
264	369	5
265	369	5
262	370	5
263	370	5
266	370	5
267	370	5
260	371	5
261	371	5
268	371	5
259	372	5
269	372	5
259	373	5
349	162	11
350	163	11
351	164	11
348	161	11
192	293	0
193	294	0
194	295	0
195	295	0
196	295	0
197	296	0
191	292	0
198	296	0
165	260	0
164	261	0
166	259	0
163	262	0
240	332	0
240	333	0
240	334	0
240	335	0
240	336	0
240	337	0
240	338	0
240	339	0
240	340	0
240	341	0
240	342	0
240	343	0
240	344	0
240	345	0
240	331	0
240	346	0
166	91	0
165	92	0
164	93	0
167	91	0
163	94	0
354	319	3
311	320	3
351	320	3
352	320	3
353	320	3
355	320	3
308	321	3
309	321	3
310	321	3
312	321	3
313	321	3
314	321	3
348	321	3
350	321	3
305	322	3
306	322	3
307	322	3
315	322	3
316	322	3
317	322	3
341	322	3
342	322	3
343	322	3
344	322	3
345	322	3
346	322	3
347	322	3
349	322	3
303	323	3
304	323	3
318	323	3
319	323	3
320	323	3
321	323	3
322	323	3
323	323	3
324	323	3
332	323	3
334	323	3
336	323	3
337	323	3
338	323	3
339	323	3
340	323	3
301	324	3
302	324	3
325	324	3
326	324	3
327	324	3
328	324	3
329	324	3
330	324	3
331	324	3
333	324	3
335	324	3
299	325	3
300	325	3
356	319	3
298	326	3
323	166	0
323	165	0
322	167	0
480	62	0
481	62	0
482	63	0
483	62	4
484	62	4
482	63	4
216	187	0
217	187	0
218	187	0
214	188	0
215	188	0
219	188	0
220	188	0
213	189	0
221	189	0
212	190	0
408	106	11
409	107	11
410	107	11
411	107	11
412	108	11
413	108	11
414	109	11
407	105	11
422	107	0
423	108	0
424	109	0
424	110	0
241	57	2
242	57	2
243	58	2
244	59	2
245	59	2
246	60	2
247	61	2
248	61	2
250	61	2
249	62	2
251	62	2
252	62	2
253	62	2
255	62	2
262	62	2
263	62	2
254	63	2
256	63	2
257	63	2
258	63	2
259	63	2
260	63	2
261	63	2
240	56	2
264	61	2
314	63	24
313	62	24
315	64	24
257	373	0
250	374	0
252	374	0
253	374	0
254	374	0
255	374	0
256	374	0
258	374	0
247	375	0
248	375	0
249	375	0
251	375	0
241	376	0
243	376	0
244	376	0
245	376	0
246	376	0
237	377	0
238	377	0
239	377	0
240	377	0
242	377	0
259	373	0
236	378	0
299	14	27
300	13	27
486	109	0
487	108	0
155	156	7
155	157	7
155	158	7
156	159	7
156	160	7
157	161	7
157	162	7
158	163	7
159	164	7
159	165	7
160	166	7
161	167	7
162	168	7
163	169	7
163	170	7
163	171	7
154	155	7
163	172	7
415	259	2
414	260	2
413	261	2
416	258	2
412	261	2
486	63	2
485	62	2
321	168	17
320	169	17
319	170	17
318	171	17
322	167	17
317	172	17
81	261	4
82	261	4
83	261	4
84	261	4
85	261	4
86	261	4
87	261	4
88	261	4
89	261	4
90	261	4
91	261	4
92	261	4
93	261	4
94	261	4
95	261	4
96	261	4
97	261	4
98	261	4
99	261	4
100	261	4
101	261	4
102	261	4
103	261	4
104	261	4
105	261	4
106	261	4
107	261	4
108	261	4
109	261	4
110	261	4
111	261	4
112	261	4
113	261	4
114	261	4
115	261	4
116	261	4
117	261	4
118	261	4
119	261	4
120	261	4
121	261	4
122	261	4
123	261	4
124	261	4
125	261	4
126	261	4
127	261	4
128	261	4
129	261	4
130	261	4
131	261	4
132	261	4
133	261	4
134	261	4
135	261	4
136	261	4
137	261	4
138	261	4
139	261	4
140	261	4
141	261	4
142	261	4
143	261	4
144	261	4
145	261	4
146	261	4
147	261	4
148	261	4
149	261	4
150	261	4
151	262	4
152	262	4
159	262	4
160	262	4
161	262	4
153	263	4
154	263	4
156	263	4
157	263	4
158	263	4
155	264	4
80	261	4
162	262	4
290	324	1
293	324	1
296	324	1
288	325	1
289	325	1
291	325	1
292	325	1
294	325	1
295	325	1
297	325	1
285	326	1
286	326	1
287	326	1
298	326	1
284	327	1
326	60	22
326	61	22
326	62	22
325	63	22
326	64	22
326	59	22
326	65	22
155	12	0
156	12	0
157	13	0
158	13	0
159	14	0
160	14	0
162	14	0
164	14	0
166	14	0
167	14	0
161	15	0
163	15	0
165	15	0
154	11	0
168	13	0
481	64	3
482	63	3
377	115	3
378	115	3
375	116	3
376	116	3
374	117	3
379	115	3
373	118	3
268	373	0
260	374	0
267	374	0
261	375	0
262	375	0
266	375	0
263	376	0
264	376	0
265	376	0
269	372	0
259	373	0
84	155	0
83	156	0
83	157	0
82	158	0
82	159	0
81	160	0
81	161	0
80	162	0
80	163	0
79	164	0
79	165	0
78	166	0
78	167	0
77	168	0
77	169	0
77	170	0
78	171	0
78	172	0
79	173	0
79	174	0
80	175	0
85	154	0
81	176	0
249	310	6
249	311	6
249	312	6
249	313	6
249	314	6
249	315	6
249	316	6
250	317	6
249	318	6
249	319	6
249	320	6
249	321	6
249	322	6
249	323	6
249	309	6
249	324	6
276	259	17
277	260	17
277	261	17
277	262	17
278	263	17
284	253	2
284	254	2
284	255	2
284	256	2
284	257	2
283	258	2
282	259	2
281	260	2
280	261	2
279	262	2
284	252	2
278	263	2
393	5	0
391	6	0
392	6	0
390	7	0
388	8	0
389	8	0
387	9	0
387	10	0
387	11	0
387	12	0
387	13	0
387	14	0
387	15	0
387	16	0
403	14	1
404	14	1
405	14	1
406	14	1
407	15	1
402	14	1
266	61	4
267	61	4
268	62	4
269	62	4
270	63	4
271	64	4
272	64	4
273	65	4
274	65	4
275	66	4
276	66	4
277	66	4
265	61	4
278	67	4
408	261	5
409	262	5
410	262	5
411	262	5
253	7	39
254	8	39
255	9	39
256	10	39
257	11	39
258	12	39
259	12	39
260	13	39
261	14	39
262	15	39
263	16	39
252	6	39
264	17	39
365	322	956
366	322	956
364	323	956
366	332	2
365	331	2
78	319	0
79	320	0
80	320	0
81	321	0
82	321	0
83	322	0
84	322	0
85	323	0
86	323	0
87	324	0
88	324	0
77	319	0
89	325	0
435	109	1
436	109	1
437	110	1
438	110	1
434	109	1
439	110	1
288	367	6
289	368	6
290	369	6
291	370	6
292	370	6
293	371	6
294	371	6
295	372	6
296	373	6
297	374	6
298	375	6
299	376	6
300	376	6
301	376	6
310	376	6
312	376	6
302	377	6
303	377	6
304	377	6
305	377	6
306	377	6
308	377	6
309	377	6
311	377	6
307	378	6
287	366	6
313	375	6
314	376	3
315	376	3
316	377	3
317	378	3
313	375	3
216	368	0
217	369	0
218	369	0
219	370	0
220	370	0
221	370	0
223	370	0
222	371	0
224	371	0
225	371	0
227	371	0
226	372	0
228	372	0
229	373	0
230	374	0
231	374	0
232	375	0
233	376	0
234	376	0
235	377	0
215	367	0
236	378	0
190	222	0
192	222	0
194	222	0
196	222	0
198	222	0
200	222	0
202	222	0
204	222	0
206	222	0
208	222	0
209	222	0
210	222	0
211	222	0
212	222	0
214	222	0
182	223	0
184	223	0
185	223	0
186	223	0
187	223	0
188	223	0
189	223	0
191	223	0
193	223	0
195	223	0
197	223	0
199	223	0
201	223	0
203	223	0
205	223	0
207	223	0
213	223	0
215	223	0
216	223	0
217	223	0
218	223	0
180	224	0
181	224	0
183	224	0
219	224	0
178	225	0
179	225	0
176	226	0
177	226	0
174	227	0
175	227	0
173	228	0
220	223	0
172	229	0
279	67	3
280	67	3
281	67	3
282	67	3
283	67	3
285	67	3
286	67	3
287	67	3
288	67	3
289	67	3
284	68	3
278	67	3
290	68	3
315	372	3
314	373	3
314	374	3
316	371	3
313	375	3
246	222	0
248	222	0
249	222	0
250	222	0
252	222	0
254	222	0
256	222	0
244	223	0
245	223	0
247	223	0
251	223	0
253	223	0
255	223	0
257	223	0
258	223	0
259	223	0
260	223	0
261	223	0
262	223	0
264	223	0
266	223	0
243	224	0
263	224	0
265	224	0
267	224	0
241	225	0
242	225	0
240	226	0
239	227	0
237	228	0
238	228	0
236	229	0
191	258	44
191	259	44
191	260	44
191	261	44
191	262	44
191	263	44
191	264	44
191	257	44
193	256	4
194	257	4
195	258	4
196	258	4
233	258	4
235	258	4
236	258	4
237	258	4
238	258	4
239	258	4
240	258	4
241	258	4
242	258	4
243	258	4
197	259	4
198	259	4
232	259	4
234	259	4
244	259	4
245	259	4
246	259	4
248	259	4
199	260	4
200	260	4
202	260	4
204	260	4
206	260	4
226	260	4
228	260	4
229	260	4
230	260	4
231	260	4
247	260	4
249	260	4
250	260	4
251	260	4
201	261	4
203	261	4
205	261	4
207	261	4
208	261	4
209	261	4
210	261	4
211	261	4
212	261	4
213	261	4
215	261	4
217	261	4
219	261	4
221	261	4
223	261	4
224	261	4
225	261	4
227	261	4
252	261	4
253	261	4
254	261	4
256	261	4
214	262	4
216	262	4
218	262	4
220	262	4
222	262	4
255	262	4
257	262	4
258	262	4
259	262	4
260	262	4
261	262	4
262	262	4
263	262	4
264	262	4
265	262	4
266	263	4
267	263	4
268	263	4
269	263	4
270	263	4
272	263	4
274	263	4
271	264	4
273	264	4
275	264	4
192	256	4
276	264	4
306	107	4
308	107	4
307	108	4
309	108	4
311	108	4
310	109	4
312	109	4
313	109	4
314	109	4
327	109	4
329	109	4
331	109	4
333	109	4
335	109	4
315	110	4
316	110	4
317	110	4
318	110	4
319	110	4
320	110	4
321	110	4
322	110	4
323	110	4
324	110	4
326	110	4
328	110	4
330	110	4
332	110	4
334	110	4
336	110	4
337	110	4
338	110	4
339	110	4
340	110	4
341	110	4
344	110	4
325	111	4
342	111	4
343	111	4
345	111	4
305	108	4
346	112	4
412	263	5
413	264	5
414	265	5
411	262	5
155	221	0
156	221	0
157	221	0
158	221	0
153	222	0
154	222	0
159	222	0
160	222	0
81	223	0
82	223	0
83	223	0
84	223	0
85	223	0
86	223	0
87	223	0
88	223	0
89	223	0
90	223	0
91	223	0
92	223	0
93	223	0
94	223	0
95	223	0
96	223	0
97	223	0
98	223	0
99	223	0
100	223	0
101	223	0
102	223	0
103	223	0
104	223	0
105	223	0
106	223	0
107	223	0
108	223	0
109	223	0
110	223	0
111	223	0
112	223	0
113	223	0
114	223	0
115	223	0
116	223	0
117	223	0
118	223	0
119	223	0
120	223	0
121	223	0
122	223	0
123	223	0
124	223	0
125	223	0
126	223	0
127	223	0
128	223	0
129	223	0
130	223	0
131	223	0
132	223	0
133	223	0
134	223	0
135	223	0
136	223	0
137	223	0
138	223	0
139	223	0
140	223	0
141	223	0
142	223	0
143	223	0
144	223	0
145	223	0
146	223	0
147	223	0
148	223	0
149	223	0
150	223	0
151	223	0
152	223	0
161	223	0
162	224	0
163	224	0
164	225	0
165	226	0
166	226	0
167	227	0
80	223	0
168	228	0
436	98	955
437	98	955
169	14	0
170	15	0
171	15	0
172	15	0
173	16	0
175	16	0
177	16	0
179	16	0
174	17	0
176	17	0
178	17	0
180	17	0
181	17	0
182	17	0
183	17	0
184	17	0
185	17	0
186	17	0
187	17	0
188	17	0
189	17	0
190	17	0
191	17	0
192	17	0
193	17	0
194	17	0
195	17	0
196	17	0
197	17	0
198	17	0
199	17	0
168	13	0
200	17	0
388	110	3
390	110	3
392	110	3
394	110	3
397	110	3
399	110	3
400	110	3
385	111	3
387	111	3
389	111	3
391	111	3
393	111	3
395	111	3
396	111	3
398	111	3
382	112	3
384	112	3
386	112	3
381	113	3
383	113	3
380	114	3
401	110	3
379	115	3
359	255	5
360	256	5
361	257	5
358	254	5
362	258	5
327	67	0
328	68	0
329	69	0
330	69	0
326	66	0
331	70	0
453	52	1
452	53	1
279	138	4
279	139	4
279	140	4
279	141	4
279	142	4
279	143	4
279	144	4
307	144	4
279	145	4
307	145	4
279	146	4
306	146	4
279	147	4
306	147	4
278	148	4
305	148	4
279	149	4
305	149	4
279	150	4
304	150	4
280	151	4
303	151	4
281	152	4
282	152	4
283	152	4
301	152	4
302	152	4
284	153	4
286	153	4
288	153	4
290	153	4
295	153	4
298	153	4
299	153	4
300	153	4
285	154	4
287	154	4
289	154	4
291	154	4
292	154	4
293	154	4
294	154	4
296	154	4
297	154	4
279	137	4
432	110	2
431	111	2
433	109	2
430	112	2
446	108	0
443	109	0
444	109	0
445	109	0
447	109	0
447	110	0
448	111	0
442	109	0
401	245	7
402	246	7
403	247	7
403	248	7
404	249	7
405	250	7
401	244	7
163	96	0
163	97	0
163	98	0
163	99	0
163	100	0
163	101	0
163	102	0
163	103	0
163	104	0
163	105	0
163	106	0
163	107	0
163	108	0
163	109	0
163	110	0
163	111	0
163	112	0
163	95	0
163	113	0
168	94	44
168	95	44
168	96	44
168	97	44
168	98	44
168	99	44
168	100	44
168	101	44
168	102	44
168	103	44
168	104	44
168	105	44
168	106	44
168	107	44
168	108	44
169	109	44
169	110	44
169	111	44
169	112	44
168	93	44
169	113	44
260	302	2
261	303	2
262	304	2
263	305	2
264	306	2
265	307	2
266	308	2
267	309	2
268	310	2
259	301	2
170	228	2
171	229	2
169	228	2
172	229	2
222	224	2
223	224	2
224	225	2
225	226	2
226	226	2
227	227	2
229	227	2
228	228	2
230	228	2
231	228	2
232	228	2
233	228	2
234	229	2
235	229	2
221	223	2
236	229	2
79	282	41
79	283	41
78	284	41
78	285	41
77	286	41
77	287	41
77	288	41
78	289	41
78	290	41
79	291	41
79	292	41
80	281	41
80	293	41
276	68	6
277	68	6
274	69	6
275	69	6
271	70	6
272	70	6
273	70	6
269	71	6
270	71	6
212	72	6
214	72	6
240	72	6
242	72	6
244	72	6
246	72	6
249	72	6
251	72	6
253	72	6
255	72	6
257	72	6
259	72	6
261	72	6
263	72	6
265	72	6
267	72	6
268	72	6
208	73	6
209	73	6
210	73	6
211	73	6
213	73	6
215	73	6
216	73	6
217	73	6
218	73	6
219	73	6
220	73	6
221	73	6
222	73	6
224	73	6
234	73	6
236	73	6
237	73	6
238	73	6
239	73	6
241	73	6
243	73	6
245	73	6
247	73	6
248	73	6
250	73	6
252	73	6
254	73	6
256	73	6
258	73	6
260	73	6
262	73	6
264	73	6
266	73	6
207	74	6
223	74	6
225	74	6
226	74	6
228	74	6
230	74	6
232	74	6
233	74	6
235	74	6
205	75	6
206	75	6
227	75	6
229	75	6
231	75	6
278	67	6
204	76	6
304	109	32
303	110	32
302	111	32
301	112	32
305	108	32
301	113	32
382	244	5
383	245	5
384	245	5
385	246	5
386	247	5
387	247	5
388	247	5
381	243	5
389	247	5
375	268	1
374	269	1
161	173	0
159	174	0
160	174	0
157	175	0
158	175	0
82	176	0
83	176	0
84	176	0
85	176	0
86	176	0
87	176	0
88	176	0
89	176	0
90	176	0
91	176	0
92	176	0
93	176	0
94	176	0
95	176	0
96	176	0
97	176	0
98	176	0
99	176	0
100	176	0
101	176	0
102	176	0
103	176	0
104	176	0
105	176	0
106	176	0
107	176	0
108	176	0
109	176	0
110	176	0
111	176	0
112	176	0
113	176	0
114	176	0
115	176	0
116	176	0
117	176	0
118	176	0
119	176	0
120	176	0
121	176	0
122	176	0
123	176	0
124	176	0
125	176	0
126	176	0
127	176	0
128	176	0
129	176	0
130	176	0
131	176	0
132	176	0
133	176	0
134	176	0
135	176	0
136	176	0
137	176	0
138	176	0
139	176	0
140	176	0
141	176	0
142	176	0
143	176	0
144	176	0
145	176	0
146	176	0
147	176	0
148	176	0
149	176	0
150	176	0
151	176	0
152	176	0
153	176	0
155	176	0
156	176	0
154	177	0
162	173	0
81	176	0
390	248	4
391	249	4
392	250	4
393	251	4
389	247	4
394	251	4
386	18	0
387	17	0
385	19	0
238	166	7
239	166	7
237	167	7
236	168	7
237	169	7
237	170	7
237	171	7
236	172	7
236	173	7
236	174	7
236	175	7
236	176	7
236	177	7
236	178	7
316	173	2
315	174	2
315	175	2
314	176	2
313	177	2
317	172	2
312	178	2
305	260	4
304	261	4
302	262	4
303	262	4
300	263	4
301	263	4
299	264	4
298	265	4
278	266	4
279	266	4
296	266	4
297	266	4
280	267	4
292	267	4
294	267	4
295	267	4
281	268	4
282	268	4
290	268	4
291	268	4
293	268	4
283	269	4
285	269	4
287	269	4
288	269	4
289	269	4
284	270	4
286	270	4
306	259	4
277	265	4
237	230	0
237	231	0
238	232	0
236	229	0
239	233	0
425	111	0
426	111	0
428	111	0
429	111	0
427	112	0
424	110	0
430	112	0
337	233	7
336	234	7
302	14	23
302	15	23
303	16	23
304	17	23
305	17	23
306	18	23
307	18	23
309	18	23
308	19	23
310	19	23
311	19	23
312	19	23
313	19	23
301	13	23
362	179	0
361	180	0
183	159	0
184	159	0
182	160	0
181	161	0
180	162	0
180	163	0
180	164	0
179	165	0
180	166	0
179	167	0
179	168	0
179	169	0
178	170	0
178	171	0
178	172	0
178	173	0
178	174	0
178	175	0
178	176	0
178	177	0
178	178	0
178	179	0
178	180	0
185	158	0
178	181	0
244	359	39
243	360	39
245	358	39
334	12	5
336	12	5
338	12	5
329	13	5
330	13	5
331	13	5
332	13	5
333	13	5
335	13	5
337	13	5
339	13	5
341	13	5
326	14	5
327	14	5
328	14	5
340	14	5
342	14	5
325	15	5
343	15	5
324	16	5
344	16	5
345	16	5
346	16	5
324	17	5
347	17	5
323	18	5
348	18	5
350	18	5
380	18	5
383	18	5
384	18	5
323	19	5
349	19	5
351	19	5
375	19	5
377	19	5
378	19	5
379	19	5
381	19	5
382	19	5
322	20	5
352	20	5
353	20	5
354	20	5
356	20	5
364	20	5
368	20	5
370	20	5
371	20	5
372	20	5
373	20	5
374	20	5
376	20	5
322	21	5
355	21	5
357	21	5
358	21	5
359	21	5
360	21	5
361	21	5
362	21	5
363	21	5
365	21	5
366	21	5
367	21	5
369	21	5
322	22	5
385	19	5
322	23	5
231	380	0
232	380	0
229	381	0
230	381	0
228	382	0
226	383	0
227	383	0
224	384	0
225	384	0
223	385	0
222	386	0
233	380	0
222	387	0
327	234	0
328	234	0
329	234	0
330	234	0
331	234	0
332	234	0
333	234	0
334	234	0
325	235	0
326	235	0
324	236	0
322	237	0
323	237	0
335	234	0
321	238	0
164	174	1
165	175	1
166	176	1
167	177	1
168	178	1
169	179	1
170	180	1
171	181	1
172	181	1
173	182	1
174	182	1
163	173	1
175	183	1
176	182	20
177	182	20
178	181	20
175	183	20
205	274	0
206	274	0
207	274	0
201	275	0
202	275	0
203	275	0
204	275	0
208	275	0
209	275	0
197	276	0
198	276	0
199	276	0
200	276	0
210	276	0
196	277	0
192	278	0
193	278	0
194	278	0
195	278	0
191	279	0
211	277	0
190	280	0
237	179	0
238	180	0
239	180	0
240	181	0
241	182	0
236	178	0
242	183	0
264	198	0
264	199	0
265	200	0
266	199	0
265	200	0
388	383	970
387	384	970
386	385	970
384	386	970
385	386	970
379	387	970
381	387	970
382	387	970
383	387	970
373	388	970
375	388	970
376	388	970
377	388	970
378	388	970
380	388	970
370	389	970
372	389	970
374	389	970
360	390	970
362	390	970
364	390	970
366	390	970
367	390	970
368	390	970
369	390	970
371	390	970
350	391	970
352	391	970
354	391	970
355	391	970
356	391	970
357	391	970
358	391	970
359	391	970
361	391	970
363	391	970
365	391	970
344	392	970
346	392	970
347	392	970
348	392	970
349	392	970
351	392	970
353	392	970
332	393	970
334	393	970
336	393	970
337	393	970
338	393	970
339	393	970
340	393	970
341	393	970
342	393	970
343	393	970
345	393	970
329	394	970
330	394	970
331	394	970
333	394	970
335	394	970
403	111	3
422	111	3
423	111	3
404	112	3
405	112	3
418	112	3
420	112	3
421	112	3
406	113	3
417	113	3
419	113	3
407	114	3
408	114	3
411	114	3
412	114	3
413	114	3
414	114	3
415	114	3
416	114	3
409	115	3
410	115	3
402	110	3
424	110	3
84	95	38
83	96	38
83	97	38
82	98	38
82	99	38
81	100	38
81	101	38
80	102	38
80	103	38
79	104	38
79	105	38
78	106	38
78	107	38
77	108	38
77	109	38
76	110	38
77	111	38
77	112	38
78	113	38
78	114	38
79	115	38
85	94	38
80	116	38
340	292	0
340	291	0
162	114	3
159	115	3
160	115	3
161	115	3
81	116	3
82	116	3
83	116	3
84	116	3
85	116	3
86	116	3
87	116	3
88	116	3
89	116	3
90	116	3
91	116	3
92	116	3
93	116	3
94	116	3
95	116	3
96	116	3
97	116	3
98	116	3
99	116	3
100	116	3
101	116	3
102	116	3
103	116	3
104	116	3
105	116	3
106	116	3
107	116	3
108	116	3
109	116	3
110	116	3
111	116	3
112	116	3
113	116	3
114	116	3
115	116	3
116	116	3
117	116	3
118	116	3
119	116	3
120	116	3
121	116	3
122	116	3
123	116	3
124	116	3
125	116	3
126	116	3
127	116	3
128	116	3
129	116	3
130	116	3
131	116	3
132	116	3
133	116	3
134	116	3
135	116	3
136	116	3
137	116	3
138	116	3
139	116	3
140	116	3
141	116	3
142	116	3
143	116	3
144	116	3
145	116	3
146	116	3
147	116	3
148	116	3
149	116	3
150	116	3
151	116	3
152	116	3
153	116	3
154	116	3
155	116	3
156	116	3
157	116	3
158	116	3
163	113	3
80	116	3
164	114	0
168	114	0
165	115	0
166	115	0
167	115	0
163	113	0
169	113	0
323	168	22
324	169	22
324	170	22
322	167	22
233	388	44
234	387	44
234	389	44
251	325	0
252	325	0
253	325	0
254	325	0
255	325	0
257	325	0
256	326	0
258	326	0
259	326	0
260	326	0
261	326	0
262	326	0
263	326	0
264	326	0
265	326	0
266	326	0
267	326	0
268	326	0
269	326	0
250	325	0
270	327	0
328	277	973
330	277	973
331	277	973
332	277	973
333	277	973
327	278	973
329	278	973
325	279	973
326	279	973
322	280	973
323	280	973
324	280	973
320	281	973
321	281	973
319	282	973
318	283	973
154	384	0
158	384	0
160	384	0
162	384	0
164	384	0
165	384	0
166	384	0
167	384	0
169	384	0
171	384	0
172	384	0
173	384	0
174	384	0
175	384	0
176	384	0
177	384	0
178	384	0
179	384	0
180	384	0
181	384	0
182	384	0
184	384	0
186	384	0
151	385	0
152	385	0
153	385	0
155	385	0
156	385	0
157	385	0
159	385	0
161	385	0
163	385	0
168	385	0
170	385	0
183	385	0
185	385	0
187	385	0
188	385	0
189	385	0
190	385	0
192	385	0
194	385	0
196	385	0
198	385	0
191	386	0
193	386	0
195	386	0
197	386	0
199	386	0
200	386	0
201	386	0
202	386	0
203	386	0
204	386	0
206	386	0
205	387	0
207	387	0
208	387	0
209	387	0
211	387	0
220	387	0
210	388	0
212	388	0
213	388	0
216	388	0
218	388	0
219	388	0
221	388	0
214	389	0
215	389	0
217	389	0
150	385	0
222	387	0
302	114	33
303	115	33
301	113	33
236	389	0
235	388	0
236	390	0
257	302	0
258	302	0
255	303	0
256	303	0
254	304	0
252	305	0
253	305	0
251	306	0
250	307	0
259	301	0
249	308	0
275	325	5
277	325	5
279	325	5
280	325	5
271	326	5
272	326	5
273	326	5
274	326	5
276	326	5
278	326	5
281	326	5
282	326	5
283	326	5
270	327	5
284	327	5
430	113	4
430	114	4
430	115	4
430	112	4
431	116	4
398	19	0
398	20	0
399	21	0
400	22	0
401	23	0
397	18	0
402	24	0
402	62	0
403	63	0
403	64	0
404	65	0
405	66	0
406	67	0
407	68	0
407	69	0
407	70	0
407	71	0
407	72	0
402	61	0
407	73	0
360	181	0
359	182	0
357	183	0
358	183	0
356	184	0
361	180	0
355	185	0
362	181	0
363	182	0
364	183	0
365	184	0
361	180	0
315	170	6
316	171	6
317	172	6
79	224	0
79	225	0
78	226	0
78	227	0
77	228	0
77	229	0
77	230	0
78	231	0
78	232	0
79	233	0
79	234	0
80	235	0
80	236	0
81	237	0
81	238	0
80	223	0
82	239	0
174	184	0
171	185	0
172	185	0
173	185	0
169	186	0
170	186	0
167	187	0
168	187	0
165	188	0
166	188	0
164	189	0
163	190	0
162	191	0
160	192	0
161	192	0
158	193	0
159	193	0
156	194	0
157	194	0
155	195	0
84	196	0
85	196	0
86	196	0
87	196	0
88	196	0
89	196	0
90	196	0
91	196	0
92	196	0
93	196	0
94	196	0
95	196	0
96	196	0
97	196	0
98	196	0
99	196	0
100	196	0
101	196	0
102	196	0
103	196	0
104	196	0
105	196	0
106	196	0
107	196	0
108	196	0
109	196	0
110	196	0
111	196	0
112	196	0
113	196	0
114	196	0
115	196	0
116	196	0
117	196	0
118	196	0
119	196	0
120	196	0
121	196	0
122	196	0
123	196	0
124	196	0
125	196	0
126	196	0
127	196	0
128	196	0
129	196	0
130	196	0
131	196	0
132	196	0
133	196	0
134	196	0
135	196	0
136	196	0
137	196	0
138	196	0
139	196	0
140	196	0
141	196	0
142	196	0
143	196	0
144	196	0
145	196	0
146	196	0
147	196	0
148	196	0
149	196	0
150	196	0
151	196	0
152	196	0
153	196	0
154	196	0
175	183	0
83	196	0
304	275	28
303	276	28
302	277	28
302	278	28
302	279	28
213	275	0
214	275	0
212	276	0
215	276	0
216	276	0
217	277	0
218	277	0
211	277	0
219	278	0
223	388	0
224	388	0
225	389	0
226	389	0
227	390	0
228	390	0
229	391	0
230	391	0
231	391	0
222	387	0
232	391	0
79	294	0
79	295	0
78	296	0
78	297	0
77	298	0
77	299	0
76	300	0
76	301	0
76	302	0
77	303	0
77	304	0
78	305	0
78	306	0
79	307	0
79	308	0
80	293	0
80	309	0
238	234	34
237	235	34
236	236	34
235	237	34
235	238	34
239	233	34
235	239	34
240	234	0
241	235	0
242	236	0
242	237	0
242	238	0
239	233	0
242	239	0
362	260	0
362	261	0
362	262	0
362	263	0
361	264	0
362	265	0
363	266	0
364	267	0
365	268	0
366	268	0
367	268	0
368	268	0
369	268	0
370	268	0
371	268	0
372	268	0
373	268	0
362	259	0
374	269	0
501	70	955
500	71	955
500	72	955
303	252	25
303	253	25
303	254	25
303	255	25
303	256	25
304	257	25
305	258	25
304	251	25
306	259	25
400	237	0
401	238	0
402	239	0
408	235	5
409	235	5
407	236	5
406	237	5
404	238	5
405	238	5
403	239	5
354	184	0
351	185	0
352	185	0
353	185	0
355	185	0
350	186	0
313	367	0
314	368	0
315	369	0
315	370	0
316	371	0
240	272	0
239	273	0
238	274	0
237	275	0
237	276	0
237	277	0
236	278	0
236	279	0
236	280	0
79	262	0
79	263	0
78	264	0
78	265	0
77	266	0
77	267	0
76	268	0
76	269	0
75	270	0
75	271	0
75	272	0
76	273	0
76	274	0
77	275	0
77	276	0
78	277	0
78	278	0
79	279	0
79	280	0
80	261	0
80	281	0
185	279	0
187	279	0
189	279	0
182	280	0
183	280	0
184	280	0
186	280	0
188	280	0
180	281	0
181	281	0
179	282	0
190	280	0
178	283	0
179	298	5
179	299	5
179	300	5
179	301	5
179	302	5
178	303	5
178	304	5
179	297	5
178	305	5
230	25	0
251	25	0
254	25	0
256	25	0
231	26	0
246	26	0
247	26	0
248	26	0
249	26	0
250	26	0
252	26	0
253	26	0
255	26	0
257	26	0
258	26	0
232	27	0
233	27	0
234	27	0
235	27	0
238	27	0
240	27	0
241	27	0
242	27	0
243	27	0
244	27	0
245	27	0
236	28	0
237	28	0
239	28	0
259	25	0
229	26	0
338	185	0
340	185	0
342	185	0
343	185	0
345	185	0
346	185	0
348	185	0
349	185	0
333	186	0
334	186	0
335	186	0
336	186	0
337	186	0
339	186	0
341	186	0
344	186	0
347	186	0
329	187	0
330	187	0
331	187	0
332	187	0
325	188	0
326	188	0
327	188	0
328	188	0
350	186	0
324	188	0
220	278	0
222	278	0
225	278	0
230	278	0
221	279	0
223	279	0
224	279	0
226	279	0
227	279	0
228	279	0
229	279	0
231	279	0
232	279	0
233	280	0
234	280	0
219	278	0
235	281	0
370	326	0
369	327	0
367	328	0
368	328	0
366	329	0
365	330	0
75	320	0
74	321	0
73	322	0
72	323	0
71	324	0
70	325	0
69	326	0
68	327	0
67	328	0
66	329	0
65	330	0
64	331	0
63	332	0
62	333	0
61	334	0
60	335	0
59	336	0
58	337	0
57	338	0
56	339	0
55	340	0
54	341	0
53	342	0
52	343	0
51	344	0
50	345	0
49	346	0
48	347	0
47	348	0
46	349	0
45	350	0
44	351	0
43	352	0
42	353	0
41	354	0
40	355	0
39	356	0
38	357	0
37	358	0
36	359	0
35	360	0
34	361	0
33	362	0
32	363	0
31	364	0
30	365	0
29	366	0
28	367	0
27	368	0
26	369	0
25	370	0
24	371	0
23	372	0
22	373	0
21	374	0
20	375	0
19	376	0
18	377	0
17	378	0
16	379	0
15	380	0
14	381	0
13	382	0
12	383	0
11	384	0
10	385	0
9	386	0
8	387	0
7	388	0
6	389	0
5	390	0
4	391	0
3	392	0
2	393	0
1	394	0
76	319	0
167	323	0
169	323	0
170	323	0
171	323	0
172	323	0
173	323	0
174	323	0
175	323	0
176	323	0
177	323	0
178	323	0
180	323	0
154	324	0
156	324	0
158	324	0
160	324	0
162	324	0
164	324	0
166	324	0
168	324	0
179	324	0
181	324	0
182	324	0
183	324	0
184	324	0
91	325	0
92	325	0
93	325	0
94	325	0
95	325	0
96	325	0
97	325	0
98	325	0
99	325	0
100	325	0
101	325	0
102	325	0
103	325	0
104	325	0
105	325	0
106	325	0
107	325	0
108	325	0
109	325	0
110	325	0
111	325	0
112	325	0
113	325	0
114	325	0
115	325	0
116	325	0
117	325	0
118	325	0
119	325	0
120	325	0
121	325	0
122	325	0
123	325	0
124	325	0
125	325	0
126	325	0
127	325	0
128	325	0
129	325	0
130	325	0
131	325	0
132	325	0
133	325	0
134	325	0
135	325	0
136	325	0
137	325	0
138	325	0
139	325	0
140	325	0
141	325	0
142	325	0
143	325	0
144	325	0
145	325	0
146	325	0
147	325	0
148	325	0
149	325	0
150	325	0
151	325	0
152	325	0
153	325	0
155	325	0
157	325	0
159	325	0
161	325	0
163	325	0
165	325	0
185	325	0
186	325	0
188	325	0
187	326	0
189	326	0
191	326	0
190	327	0
192	327	0
194	327	0
223	327	0
225	327	0
226	327	0
193	328	0
195	328	0
196	328	0
198	328	0
200	328	0
202	328	0
204	328	0
206	328	0
208	328	0
210	328	0
212	328	0
214	328	0
216	328	0
218	328	0
220	328	0
221	328	0
222	328	0
224	328	0
227	328	0
228	328	0
197	329	0
199	329	0
201	329	0
203	329	0
205	329	0
207	329	0
209	329	0
211	329	0
213	329	0
215	329	0
217	329	0
219	329	0
229	329	0
230	329	0
231	329	0
232	329	0
233	330	0
234	330	0
90	325	0
235	331	0
201	75	0
202	75	0
203	75	0
200	76	0
204	76	0
199	77	0
201	19	43
201	20	43
201	21	43
201	22	43
201	23	43
201	24	43
201	25	43
201	26	43
201	27	43
201	18	43
201	28	43
236	330	5
237	330	5
238	330	5
239	330	5
235	331	5
240	331	5
233	393	43
233	394	43
233	392	43
241	330	0
242	330	0
243	330	0
240	331	0
237	391	44
238	392	44
246	392	44
248	392	44
250	392	44
251	392	44
252	392	44
239	393	44
240	393	44
242	393	44
243	393	44
244	393	44
245	393	44
247	393	44
249	393	44
253	393	44
254	393	44
241	394	44
255	394	44
236	390	44
270	328	38
270	329	38
270	330	38
270	327	38
190	107	0
191	108	0
192	108	0
193	109	0
194	110	0
195	110	0
196	111	0
197	111	0
198	112	0
199	113	0
200	113	0
201	114	0
202	114	0
204	114	0
203	115	0
205	115	0
206	115	0
208	115	0
216	115	0
217	115	0
207	116	0
209	116	0
210	116	0
211	116	0
212	116	0
213	116	0
214	116	0
215	116	0
189	106	0
218	114	0
267	284	2
267	285	2
267	286	2
267	287	2
266	288	2
266	289	2
266	290	2
265	291	2
264	292	2
264	293	2
263	294	2
263	295	2
262	296	2
262	297	2
261	298	2
261	299	2
260	300	2
259	301	2
313	180	2
314	181	2
314	182	2
315	183	2
316	183	2
317	184	2
318	185	2
319	186	2
320	187	2
321	187	2
322	187	2
312	179	2
323	188	2
427	73	0
428	73	0
429	73	0
424	74	0
425	74	0
426	74	0
430	74	0
431	74	0
423	75	0
432	75	0
422	76	0
433	76	0
440	112	3
441	113	3
442	114	3
442	115	3
443	116	3
440	111	3
167	230	4
165	231	4
166	231	4
164	232	4
163	233	4
162	234	4
160	235	4
161	235	4
159	236	4
157	237	4
158	237	4
155	238	4
156	238	4
83	239	4
84	239	4
85	239	4
86	239	4
87	239	4
88	239	4
89	239	4
90	239	4
91	239	4
92	239	4
93	239	4
94	239	4
95	239	4
96	239	4
97	239	4
98	239	4
99	239	4
100	239	4
101	239	4
102	239	4
103	239	4
104	239	4
105	239	4
106	239	4
107	239	4
108	239	4
109	239	4
110	239	4
111	239	4
112	239	4
113	239	4
114	239	4
115	239	4
116	239	4
117	239	4
118	239	4
119	239	4
120	239	4
121	239	4
122	239	4
123	239	4
124	239	4
125	239	4
126	239	4
127	239	4
128	239	4
129	239	4
130	239	4
131	239	4
132	239	4
133	239	4
134	239	4
135	239	4
136	239	4
137	239	4
138	239	4
139	239	4
140	239	4
141	239	4
142	239	4
143	239	4
144	239	4
145	239	4
146	239	4
147	239	4
148	239	4
149	239	4
150	239	4
151	239	4
152	239	4
153	239	4
154	239	4
168	229	4
82	239	4
110	56	0
111	56	0
108	57	0
109	57	0
106	58	0
107	58	0
104	59	0
105	59	0
102	60	0
103	60	0
100	61	0
101	61	0
98	62	0
99	62	0
96	63	0
97	63	0
94	64	0
95	64	0
92	65	0
93	65	0
90	66	0
91	66	0
88	67	0
89	67	0
86	68	0
87	68	0
85	69	0
84	70	0
84	71	0
84	72	0
84	73	0
84	74	0
84	75	0
84	76	0
112	55	0
84	77	0
233	179	0
235	179	0
232	180	0
234	180	0
231	181	0
230	182	0
229	183	0
227	184	0
228	184	0
226	185	0
224	186	0
225	186	0
223	187	0
222	188	0
236	178	0
221	189	0
352	108	0
354	108	0
356	108	0
350	109	0
351	109	0
353	109	0
355	109	0
357	109	0
358	109	0
360	109	0
348	110	0
349	110	0
359	110	0
361	110	0
347	111	0
362	111	0
363	112	0
364	112	0
365	113	0
366	114	0
367	114	0
368	114	0
369	115	0
370	116	0
371	116	0
372	117	0
346	112	0
373	118	0
314	66	0
313	67	0
311	68	0
312	68	0
310	69	0
308	70	0
309	70	0
307	71	0
306	72	0
306	73	0
306	74	0
306	75	0
306	76	0
315	65	0
306	77	0
330	72	4
328	73	4
329	73	4
327	74	4
326	75	4
323	76	4
324	76	4
325	76	4
321	77	4
322	77	4
320	78	4
318	79	4
319	79	4
317	80	4
316	81	4
331	71	4
315	82	4
408	74	5
409	74	5
410	74	5
412	74	5
411	75	5
413	75	5
414	75	5
415	75	5
416	75	5
417	75	5
418	75	5
419	75	5
420	76	5
421	76	5
407	73	5
422	76	5
317	238	0
315	239	0
316	239	0
318	239	0
319	239	0
313	240	0
314	240	0
312	241	0
310	242	0
311	242	0
309	243	0
308	244	0
307	245	0
305	246	0
306	246	0
304	247	0
320	238	0
303	248	0
443	68	0
442	69	0
441	70	0
441	71	0
440	72	0
439	73	0
438	74	0
438	75	0
437	76	0
437	77	0
179	182	0
180	182	0
181	183	0
182	183	0
183	184	0
184	184	0
185	185	0
186	185	0
188	185	0
190	185	0
187	186	0
189	186	0
191	186	0
192	186	0
193	186	0
194	186	0
195	186	0
196	186	0
197	186	0
198	186	0
199	186	0
201	186	0
200	187	0
202	187	0
203	187	0
204	187	0
205	187	0
206	187	0
207	187	0
208	187	0
209	188	0
210	188	0
211	189	0
178	181	0
212	190	0
430	117	3
429	118	3
431	116	3
235	282	1
235	283	1
235	284	1
235	285	1
235	286	1
234	287	1
233	288	1
232	289	1
231	290	1
230	291	1
229	292	1
228	293	1
227	294	1
226	295	1
226	296	1
226	297	1
225	298	1
225	299	1
225	300	1
225	301	1
225	302	1
235	281	1
225	303	1
289	24	9
291	24	9
293	24	9
294	24	9
296	24	9
321	24	9
280	25	9
282	25	9
283	25	9
284	25	9
285	25	9
286	25	9
287	25	9
288	25	9
290	25	9
292	25	9
295	25	9
297	25	9
298	25	9
299	25	9
320	25	9
260	26	9
277	26	9
279	26	9
281	26	9
300	26	9
301	26	9
302	26	9
304	26	9
318	26	9
319	26	9
261	27	9
262	27	9
275	27	9
276	27	9
278	27	9
303	27	9
305	27	9
306	27	9
307	27	9
308	27	9
316	27	9
317	27	9
263	28	9
273	28	9
274	28	9
309	28	9
310	28	9
311	28	9
312	28	9
313	28	9
314	28	9
315	28	9
264	29	9
265	29	9
266	29	9
268	29	9
270	29	9
271	29	9
272	29	9
267	30	9
269	30	9
322	23	9
259	25	9
173	230	4
174	230	4
175	231	4
176	231	4
177	232	4
178	232	4
179	233	4
180	233	4
181	234	4
182	234	4
183	234	4
184	234	4
185	234	4
186	234	4
188	234	4
190	234	4
192	234	4
194	234	4
196	234	4
198	234	4
200	234	4
202	234	4
204	234	4
206	234	4
208	234	4
210	234	4
187	235	4
189	235	4
191	235	4
193	235	4
195	235	4
197	235	4
199	235	4
201	235	4
203	235	4
205	235	4
207	235	4
209	235	4
211	235	4
212	235	4
213	235	4
215	235	4
214	236	4
216	236	4
217	236	4
218	236	4
219	237	4
220	237	4
221	237	4
222	237	4
223	238	4
224	238	4
225	238	4
226	238	4
228	238	4
232	238	4
227	239	4
229	239	4
230	239	4
231	239	4
233	239	4
234	240	4
172	229	4
235	239	4
403	26	0
404	27	0
405	28	0
402	25	0
236	240	0
238	240	0
239	240	0
240	240	0
237	241	0
235	239	0
241	240	0
395	118	11
394	119	11
394	120	11
393	121	11
323	190	19
323	189	19
488	75	2
489	75	2
490	75	2
487	76	2
491	76	2
493	76	2
486	77	2
492	77	2
486	78	2
486	79	2
486	80	2
486	81	2
228	27	0
226	28	0
227	28	0
202	29	0
223	29	0
224	29	0
225	29	0
203	30	0
204	30	0
206	30	0
208	30	0
221	30	0
222	30	0
205	31	0
207	31	0
209	31	0
210	31	0
211	31	0
212	31	0
213	31	0
214	31	0
215	31	0
216	31	0
217	31	0
219	31	0
220	31	0
218	32	0
229	26	0
201	28	0
310	179	3
308	180	3
309	180	3
307	181	3
306	182	3
304	183	3
305	183	3
303	184	3
302	185	3
300	186	3
301	186	3
299	187	3
298	188	3
297	189	3
296	190	3
295	191	3
311	179	3
294	192	3
154	279	5
153	280	5
155	280	5
156	280	5
81	281	5
82	281	5
83	281	5
84	281	5
85	281	5
86	281	5
87	281	5
88	281	5
89	281	5
90	281	5
91	281	5
92	281	5
93	281	5
94	281	5
95	281	5
96	281	5
97	281	5
98	281	5
99	281	5
100	281	5
101	281	5
102	281	5
103	281	5
104	281	5
105	281	5
106	281	5
107	281	5
108	281	5
109	281	5
110	281	5
111	281	5
112	281	5
113	281	5
114	281	5
115	281	5
116	281	5
117	281	5
118	281	5
119	281	5
120	281	5
121	281	5
122	281	5
123	281	5
124	281	5
125	281	5
126	281	5
127	281	5
128	281	5
129	281	5
130	281	5
131	281	5
132	281	5
133	281	5
134	281	5
135	281	5
136	281	5
137	281	5
138	281	5
139	281	5
140	281	5
141	281	5
142	281	5
143	281	5
144	281	5
145	281	5
146	281	5
147	281	5
148	281	5
149	281	5
150	281	5
151	281	5
152	281	5
157	281	5
158	281	5
80	281	5
159	282	5
162	279	0
161	280	0
160	281	0
163	278	0
159	282	0
323	24	0
324	25	0
325	25	0
326	26	0
327	27	0
328	28	0
329	29	0
330	29	0
331	29	0
322	23	0
332	30	0
340	21	1
339	22	1
338	23	1
337	24	1
336	25	1
335	26	1
334	27	1
334	28	1
333	29	1
332	30	1
337	236	10
338	236	10
339	237	10
340	238	10
341	239	10
342	239	10
343	240	10
344	241	10
336	235	10
345	242	10
346	241	0
345	242	0
203	311	0
204	312	0
205	313	0
206	313	0
209	313	0
212	313	0
214	313	0
215	313	0
207	314	0
208	314	0
210	314	0
211	314	0
213	314	0
202	310	0
216	312	0
346	113	3
346	114	3
346	115	3
347	116	3
348	117	3
349	118	3
350	118	3
351	119	3
373	119	3
352	120	3
353	120	3
372	120	3
354	121	3
355	121	3
356	121	3
357	121	3
359	121	3
370	121	3
371	121	3
358	122	3
360	122	3
361	122	3
362	122	3
363	122	3
364	122	3
365	122	3
366	122	3
367	122	3
368	122	3
369	122	3
346	112	3
373	118	3
390	121	3
392	121	3
389	122	3
391	122	3
393	121	3
189	29	0
190	29	0
191	29	0
192	29	0
193	29	0
194	29	0
196	29	0
198	29	0
200	29	0
185	30	0
186	30	0
187	30	0
188	30	0
195	30	0
197	30	0
199	30	0
168	31	0
174	31	0
176	31	0
178	31	0
183	31	0
184	31	0
152	32	0
153	32	0
154	32	0
155	32	0
156	32	0
158	32	0
160	32	0
162	32	0
163	32	0
164	32	0
165	32	0
166	32	0
167	32	0
169	32	0
170	32	0
171	32	0
172	32	0
173	32	0
175	32	0
177	32	0
179	32	0
180	32	0
181	32	0
182	32	0
126	33	0
127	33	0
128	33	0
129	33	0
130	33	0
131	33	0
132	33	0
133	33	0
134	33	0
135	33	0
136	33	0
137	33	0
138	33	0
139	33	0
140	33	0
141	33	0
142	33	0
143	33	0
144	33	0
145	33	0
146	33	0
147	33	0
148	33	0
149	33	0
150	33	0
151	33	0
157	33	0
159	33	0
161	33	0
201	28	0
125	33	0
380	329	960
381	329	960
382	330	960
382	331	960
383	332	960
384	333	960
385	333	960
386	333	960
387	333	960
388	334	960
389	335	960
390	336	960
234	332	0
232	333	0
233	333	0
231	334	0
230	335	0
228	336	0
229	336	0
227	337	0
235	331	0
226	338	0
414	123	4
415	124	4
417	120	0
417	121	0
417	122	0
416	123	0
415	124	0
165	278	0
166	278	0
168	278	0
167	279	0
169	279	0
170	279	0
171	279	0
172	279	0
173	280	0
174	280	0
175	281	0
176	281	0
177	282	0
164	278	0
178	283	0
248	326	0
246	327	0
247	327	0
245	328	0
244	329	0
249	325	0
243	330	0
329	299	7
330	300	7
331	301	7
332	302	7
328	298	7
394	122	11
394	123	11
395	124	11
393	121	11
152	11	0
150	12	0
151	12	0
153	12	0
148	13	0
149	13	0
146	14	0
147	14	0
144	15	0
145	15	0
142	16	0
143	16	0
140	17	0
141	17	0
138	18	0
139	18	0
136	19	0
137	19	0
134	20	0
135	20	0
132	21	0
133	21	0
130	22	0
131	22	0
128	23	0
129	23	0
126	24	0
127	24	0
125	25	0
124	26	0
124	27	0
124	28	0
124	29	0
124	30	0
124	31	0
154	11	0
124	32	0
386	235	13
384	236	13
385	236	13
383	237	13
383	238	13
382	239	13
382	240	13
381	241	13
381	242	13
381	243	13
432	117	2
432	118	2
433	119	2
433	120	2
434	121	2
435	122	2
436	122	2
437	123	2
438	124	2
431	116	2
407	124	0
406	125	0
405	126	0
355	186	0
356	187	0
356	188	0
357	189	0
358	189	0
359	190	0
364	190	0
360	191	0
364	191	0
361	192	0
362	192	0
364	192	0
363	193	0
355	185	0
244	331	0
245	332	0
245	333	0
246	334	0
247	334	0
248	335	0
249	336	0
250	337	0
251	338	0
243	330	0
252	339	0
403	126	0
404	126	0
405	126	0
243	241	0
244	242	0
245	243	0
242	240	0
246	244	0
244	183	0
246	183	0
247	183	0
249	183	0
251	183	0
253	183	0
255	183	0
245	184	0
248	184	0
250	184	0
252	184	0
254	184	0
256	184	0
257	184	0
258	184	0
259	184	0
260	184	0
261	184	0
262	184	0
263	185	0
264	185	0
265	185	0
266	186	0
267	187	0
268	187	0
269	188	0
270	189	0
271	189	0
272	189	0
273	190	0
274	190	0
275	191	0
276	192	0
278	192	0
290	192	0
292	192	0
293	192	0
277	193	0
279	193	0
280	193	0
281	193	0
282	193	0
284	193	0
286	193	0
288	193	0
289	193	0
291	193	0
283	194	0
285	194	0
287	194	0
243	183	0
294	192	0
346	243	0
345	242	0
347	244	0
80	177	0
79	178	0
79	179	0
78	180	0
78	181	0
77	182	0
77	183	0
76	184	0
77	185	0
77	186	0
78	187	0
78	188	0
79	189	0
79	190	0
80	191	0
80	192	0
81	193	0
81	194	0
82	195	0
81	176	0
83	196	0
350	187	6
350	188	6
350	189	6
350	190	6
350	191	6
349	192	6
350	193	6
349	194	6
350	195	6
350	186	6
303	280	28
304	280	28
305	280	28
306	281	28
307	281	28
308	282	28
310	282	28
309	283	28
311	283	28
302	279	28
404	242	5
405	242	5
406	242	5
407	242	5
408	242	5
409	242	5
410	242	5
411	243	5
403	242	5
263	18	0
262	19	0
261	20	0
260	21	0
259	22	0
259	23	0
259	24	0
264	17	0
259	25	0
198	76	0
194	77	0
196	77	0
197	77	0
191	78	0
192	78	0
193	78	0
195	78	0
187	79	0
188	79	0
189	79	0
190	79	0
186	80	0
184	81	0
185	81	0
182	82	0
183	82	0
180	83	0
181	83	0
179	84	0
177	85	0
178	85	0
175	86	0
176	86	0
174	87	0
172	88	0
173	88	0
170	89	0
171	89	0
199	77	0
169	90	0
374	242	3
375	243	3
376	243	3
377	243	3
379	243	3
378	244	3
380	244	3
373	243	3
381	243	3
291	69	3
292	70	3
293	71	3
294	72	3
295	72	3
296	73	3
297	74	3
298	74	3
299	75	3
300	76	3
301	76	3
302	77	3
304	77	3
303	78	3
305	78	3
290	68	3
306	77	3
406	127	3
406	128	3
406	129	3
406	130	3
406	131	3
404	132	3
405	132	3
405	126	3
362	239	4
364	239	4
365	239	4
367	239	4
368	239	4
361	240	4
363	240	4
366	240	4
369	240	4
370	240	4
358	241	4
359	241	4
360	241	4
371	241	4
354	242	4
356	242	4
357	242	4
372	242	4
353	243	4
355	243	4
352	244	4
349	245	4
350	245	4
351	245	4
373	243	4
348	244	4
393	244	4
394	244	4
395	244	4
396	244	4
397	244	4
392	245	4
390	246	4
391	246	4
398	244	4
389	247	4
264	275	0
260	276	0
261	276	0
262	276	0
263	276	0
265	276	0
267	276	0
269	276	0
257	277	0
258	277	0
259	277	0
266	277	0
268	277	0
270	277	0
271	277	0
272	277	0
254	278	0
255	278	0
256	278	0
273	278	0
274	278	0
253	279	0
275	279	0
276	279	0
251	280	0
252	280	0
277	280	0
278	280	0
237	281	0
238	281	0
239	281	0
249	281	0
250	281	0
279	281	0
280	281	0
240	282	0
241	282	0
242	282	0
246	282	0
248	282	0
281	282	0
243	283	0
244	283	0
245	283	0
247	283	0
282	283	0
283	283	0
284	283	0
285	283	0
286	284	0
287	285	0
288	285	0
290	285	0
291	285	0
292	285	0
289	286	0
236	280	0
293	286	0
301	280	2
300	281	2
298	282	2
299	282	2
297	283	2
296	284	2
294	285	2
295	285	2
302	279	2
293	286	2
434	77	0
435	77	0
436	78	0
433	76	0
437	77	0
255	239	0
256	239	0
257	239	0
258	239	0
253	240	0
254	240	0
259	240	0
260	240	0
251	241	0
252	241	0
261	241	0
249	242	0
250	242	0
261	242	0
248	243	0
262	243	0
263	244	0
264	244	0
265	245	0
247	244	0
496	77	3
495	78	3
495	79	3
2	2	0
3	3	0
4	4	0
5	5	0
6	6	0
7	7	0
8	8	0
9	9	0
10	10	0
11	11	0
12	12	0
13	13	0
14	14	0
15	15	0
16	16	0
17	17	0
18	18	0
19	19	0
20	20	0
21	21	0
22	22	0
23	23	0
24	24	0
25	25	0
26	26	0
27	27	0
28	28	0
29	29	0
30	30	0
31	31	0
32	32	0
33	33	0
34	34	0
35	35	0
36	36	0
37	37	0
38	38	0
39	39	0
40	40	0
41	41	0
42	42	0
43	43	0
44	44	0
45	45	0
46	46	0
47	47	0
48	48	0
49	49	0
50	50	0
51	51	0
52	52	0
53	53	0
54	54	0
55	55	0
56	56	0
57	57	0
58	58	0
59	59	0
60	60	0
61	61	0
62	62	0
63	63	0
64	64	0
65	65	0
66	66	0
67	67	0
68	68	0
69	69	0
70	70	0
71	71	0
72	72	0
73	73	0
74	74	0
75	75	0
76	76	0
77	77	0
78	78	0
79	79	0
80	80	0
82	79	0
83	79	0
84	78	0
81	80	0
482	60	0
483	60	0
484	60	0
358	320	9
359	321	9
359	322	9
360	323	9
357	319	9
89	327	25
89	328	25
89	329	25
89	330	25
89	331	25
90	332	25
91	333	25
92	333	25
93	334	25
94	334	25
95	335	25
96	335	25
97	336	25
98	336	25
99	337	25
100	337	25
101	338	25
102	338	25
89	326	25
103	339	25
431	45	12
433	45	12
434	45	12
436	45	12
438	45	12
439	45	12
426	46	12
427	46	12
428	46	12
429	46	12
430	46	12
432	46	12
435	46	12
437	46	12
420	47	12
421	47	12
422	47	12
423	47	12
424	47	12
425	47	12
416	48	12
417	48	12
418	48	12
419	48	12
415	49	12
414	50	12
412	51	12
413	51	12
411	52	12
410	53	12
409	54	12
440	44	12
408	55	12
273	138	35
273	139	35
273	140	35
273	141	35
273	142	35
273	143	35
273	144	35
273	145	35
273	146	35
273	137	35
149	387	8
149	388	8
149	389	8
149	390	8
149	391	8
150	392	8
151	393	8
152	393	8
153	394	8
154	394	8
155	394	8
156	394	8
157	394	8
158	394	8
159	394	8
149	386	8
82	249	0
81	250	0
81	251	0
80	252	0
80	253	0
79	254	0
79	255	0
78	256	0
78	257	0
78	258	0
79	259	0
79	260	0
83	248	0
80	261	0
423	77	0
424	77	0
432	77	0
425	78	0
426	78	0
430	78	0
431	78	0
427	79	0
428	79	0
429	79	0
422	76	0
433	76	0
299	114	5
300	114	5
298	115	5
297	116	5
295	117	5
296	117	5
294	118	5
293	119	5
293	120	5
292	121	5
292	122	5
292	123	5
291	124	5
290	125	5
289	126	5
289	127	5
288	128	5
287	129	5
286	130	5
284	131	5
285	131	5
283	132	5
301	113	5
282	133	5
244	246	4
245	246	4
246	246	4
203	247	4
205	247	4
206	247	4
207	247	4
209	247	4
242	247	4
243	247	4
201	248	4
202	248	4
204	248	4
208	248	4
210	248	4
211	248	4
212	248	4
240	248	4
241	248	4
199	249	4
200	249	4
213	249	4
214	249	4
215	249	4
216	249	4
218	249	4
220	249	4
222	249	4
224	249	4
226	249	4
227	249	4
228	249	4
229	249	4
230	249	4
231	249	4
232	249	4
233	249	4
234	249	4
235	249	4
236	249	4
237	249	4
238	249	4
239	249	4
197	250	4
198	250	4
217	250	4
219	250	4
221	250	4
223	250	4
225	250	4
196	251	4
194	252	4
195	252	4
192	253	4
193	253	4
191	254	4
247	245	4
190	255	4
419	131	3
420	131	3
421	132	3
422	133	3
333	31	0
334	32	0
335	33	0
332	30	0
221	338	0
223	338	0
211	339	0
213	339	0
215	339	0
216	339	0
217	339	0
218	339	0
219	339	0
220	339	0
222	339	0
206	340	0
208	340	0
209	340	0
210	340	0
212	340	0
214	340	0
202	341	0
203	341	0
204	341	0
205	341	0
207	341	0
200	342	0
201	342	0
199	343	0
198	344	0
224	339	0
197	345	0
159	283	0
159	284	0
159	285	0
159	286	0
159	287	0
159	288	0
159	289	0
159	290	0
159	282	0
159	291	0
385	20	5
385	21	5
385	22	5
385	23	5
385	24	5
386	25	5
387	26	5
387	27	5
388	28	5
389	28	5
390	29	5
391	30	5
392	31	5
393	32	5
394	33	5
395	34	5
385	19	5
504	79	956
504	80	956
282	220	34
283	219	34
338	289	11
339	289	11
335	290	11
336	290	11
337	290	11
333	291	11
334	291	11
332	292	11
331	293	11
330	294	11
329	295	11
328	296	11
340	290	11
328	297	11
81	240	0
81	241	0
80	242	0
80	243	0
80	244	0
81	245	0
81	246	0
82	247	0
82	239	0
83	248	0
284	328	8
284	329	8
284	330	8
282	331	8
283	331	8
281	332	8
280	333	8
278	334	8
279	334	8
277	335	8
275	336	8
276	336	8
274	337	8
267	338	8
272	338	8
273	338	8
254	339	8
256	339	8
258	339	8
260	339	8
262	339	8
264	339	8
266	339	8
268	339	8
269	339	8
270	339	8
271	339	8
255	340	8
257	340	8
259	340	8
261	340	8
263	340	8
265	340	8
284	327	8
253	339	8
190	281	25
190	282	25
190	283	25
190	284	25
191	285	25
191	286	25
191	287	25
191	288	25
191	289	25
191	290	25
191	291	25
190	280	25
191	292	25
295	291	0
294	290	0
296	292	0
322	240	5
323	241	5
324	242	5
325	243	5
326	243	5
327	244	5
328	244	5
329	245	5
330	245	5
331	245	5
332	245	5
333	245	5
334	246	5
335	246	5
336	246	5
337	246	5
338	246	5
339	246	5
340	246	5
341	246	5
343	246	5
345	246	5
346	246	5
342	247	5
344	247	5
321	239	5
347	245	5
212	191	37
212	192	37
212	193	37
212	194	37
212	195	37
212	196	37
212	197	37
212	198	37
212	190	37
213	199	37
342	291	0
341	290	0
449	32	1
447	33	1
448	33	1
446	34	1
445	35	1
444	36	1
445	37	1
444	38	1
444	39	1
444	40	1
459	36	0
458	37	0
457	38	0
456	39	0
455	40	0
404	24	0
405	24	0
406	24	0
403	24	0
82	197	0
81	198	0
82	199	0
83	196	0
83	200	0
307	78	0
308	79	0
309	80	0
310	80	0
311	81	0
312	81	0
314	81	0
313	82	0
306	77	0
315	82	0
292	291	0
291	292	0
293	290	0
440	39	5
441	40	5
442	41	5
443	42	5
414	125	0
414	126	0
415	124	0
484	81	1
481	82	1
482	82	1
483	82	1
485	82	1
480	83	1
479	84	1
486	81	1
478	85	1
403	196	0
403	197	0
404	198	0
403	199	0
403	200	0
494	80	0
493	81	0
492	82	0
495	79	0
491	83	0
496	80	0
496	81	0
497	82	0
495	79	0
488	109	0
489	110	0
487	108	0
446	41	0
447	41	0
448	41	0
449	41	0
450	41	0
451	41	0
452	41	0
453	41	0
454	41	0
455	40	0
445	41	0
438	41	0
439	42	0
440	43	0
189	293	0
190	293	0
186	294	0
187	294	0
188	294	0
184	295	0
185	295	0
181	296	0
182	296	0
183	296	0
191	292	0
180	296	0
214	13	0
215	14	0
216	15	0
217	16	0
218	16	0
219	17	0
220	18	0
221	19	0
222	20	0
223	21	0
224	21	0
225	22	0
226	23	0
227	24	0
228	25	0
213	12	0
229	26	0
293	287	2
293	288	2
293	286	2
294	289	2
442	43	0
443	42	0
441	44	0
456	41	0
456	42	0
457	43	0
455	40	0
299	327	2
300	328	2
301	329	2
302	329	2
303	330	2
304	330	2
305	331	2
306	332	2
307	333	2
308	333	2
309	334	2
310	334	2
311	335	2
312	336	2
313	336	2
314	336	2
315	336	2
316	337	2
318	337	2
317	338	2
319	338	2
320	338	2
321	338	2
322	338	2
324	338	2
326	338	2
323	339	2
325	339	2
327	339	2
328	339	2
329	339	2
330	339	2
331	339	2
332	339	2
333	339	2
334	339	2
335	339	2
336	339	2
338	339	2
340	339	2
342	339	2
345	339	2
337	340	2
339	340	2
341	340	2
343	340	2
344	340	2
346	340	2
347	340	2
298	326	2
348	340	2
155	131	0
153	132	0
154	132	0
156	132	0
157	132	0
158	132	0
81	133	0
82	133	0
83	133	0
84	133	0
85	133	0
86	133	0
87	133	0
88	133	0
89	133	0
90	133	0
91	133	0
92	133	0
93	133	0
94	133	0
95	133	0
96	133	0
97	133	0
98	133	0
99	133	0
100	133	0
101	133	0
102	133	0
103	133	0
104	133	0
105	133	0
106	133	0
107	133	0
108	133	0
109	133	0
110	133	0
111	133	0
112	133	0
113	133	0
114	133	0
115	133	0
116	133	0
117	133	0
118	133	0
119	133	0
120	133	0
121	133	0
122	133	0
123	133	0
124	133	0
125	133	0
126	133	0
127	133	0
128	133	0
129	133	0
130	133	0
131	133	0
132	133	0
133	133	0
134	133	0
135	133	0
136	133	0
137	133	0
138	133	0
139	133	0
140	133	0
141	133	0
142	133	0
143	133	0
144	133	0
145	133	0
146	133	0
147	133	0
148	133	0
149	133	0
150	133	0
151	133	0
152	133	0
159	133	0
80	133	0
160	134	0
487	82	0
488	83	0
489	83	0
486	81	0
490	83	0
512	82	956
513	82	956
514	83	956
316	83	0
317	84	0
315	82	0
103	341	2
103	342	2
103	343	2
103	344	2
103	345	2
104	346	2
105	347	2
106	347	2
107	348	2
108	348	2
109	349	2
110	349	2
111	350	2
112	350	2
113	351	2
114	351	2
115	352	2
116	352	2
117	353	2
118	353	2
103	340	2
119	354	2
362	328	0
360	329	0
361	329	0
363	329	0
357	330	0
359	330	0
356	331	0
358	331	0
355	332	0
354	333	0
353	334	0
352	335	0
351	336	0
350	337	0
349	338	0
364	330	0
349	339	0
163	264	39
163	265	39
163	266	39
163	267	39
163	268	39
163	269	39
163	270	39
163	271	39
163	272	39
163	273	39
163	274	39
163	275	39
163	276	39
163	263	39
163	277	39
317	65	0
318	65	0
319	66	0
320	66	0
324	66	0
321	67	0
322	67	0
323	67	0
316	64	0
325	66	0
199	78	43
199	79	43
199	80	43
199	81	43
199	82	43
200	83	43
201	84	43
202	85	43
199	77	43
203	86	43
204	77	0
204	78	0
204	79	0
204	80	0
204	81	0
204	82	0
205	83	0
205	84	0
204	85	0
204	76	0
203	86	0
221	190	38
221	191	38
221	192	38
221	193	38
221	194	38
221	189	38
221	195	38
438	78	9
439	78	9
440	79	9
441	80	9
442	80	9
443	81	9
444	81	9
445	81	9
446	81	9
447	82	9
449	82	9
448	83	9
450	83	9
451	83	9
452	83	9
453	83	9
454	83	9
455	83	9
456	83	9
457	83	9
459	83	9
458	84	9
460	84	9
462	84	9
461	85	9
463	85	9
464	85	9
465	85	9
467	85	9
473	85	9
474	85	9
475	85	9
476	85	9
466	86	9
468	86	9
469	86	9
470	86	9
471	86	9
472	86	9
437	77	9
477	86	9
421	134	1
422	133	1
311	256	9
312	256	9
310	257	9
309	258	9
308	259	9
307	260	9
313	255	9
306	259	9
220	196	0
219	197	0
218	198	0
217	199	0
215	200	0
216	200	0
221	195	0
214	200	0
275	135	0
276	135	0
277	135	0
274	136	0
278	136	0
273	137	0
280	135	0
281	134	0
279	136	0
373	244	2
371	245	2
372	245	2
369	246	2
370	246	2
368	247	2
365	248	2
366	248	2
367	248	2
364	249	2
363	250	2
361	251	2
362	251	2
360	252	2
373	243	2
359	253	2
384	135	4
383	136	4
423	134	0
424	135	0
422	133	0
176	127	5
172	128	5
174	128	5
175	128	5
177	128	5
178	128	5
170	129	5
171	129	5
173	129	5
179	129	5
180	129	5
166	130	5
167	130	5
168	130	5
169	130	5
181	130	5
182	130	5
183	130	5
164	131	5
165	131	5
184	131	5
162	132	5
163	132	5
185	132	5
186	132	5
161	133	5
187	133	5
189	133	5
206	133	5
208	133	5
188	134	5
190	134	5
191	134	5
196	134	5
198	134	5
199	134	5
200	134	5
201	134	5
202	134	5
203	134	5
204	134	5
205	134	5
207	134	5
209	134	5
210	134	5
192	135	5
193	135	5
194	135	5
195	135	5
197	135	5
211	135	5
212	135	5
213	136	5
214	136	5
160	134	5
215	137	5
105	339	25
106	339	25
107	339	25
108	339	25
109	339	25
110	339	25
111	339	25
112	339	25
113	339	25
114	339	25
115	339	25
116	339	25
117	339	25
118	339	25
119	339	25
120	339	25
121	339	25
122	339	25
123	339	25
124	339	25
125	339	25
126	339	25
127	339	25
128	339	25
129	339	25
130	339	25
131	339	25
132	339	25
133	339	25
134	339	25
135	339	25
136	339	25
137	339	25
138	339	25
139	339	25
140	339	25
141	339	25
142	339	25
143	339	25
144	339	25
145	339	25
146	339	25
147	339	25
148	339	25
149	339	25
150	339	25
151	339	25
152	339	25
153	339	25
154	339	25
155	339	25
156	339	25
157	339	25
158	339	25
160	339	25
162	339	25
159	340	25
161	340	25
163	340	25
164	340	25
166	340	25
165	341	25
167	341	25
168	341	25
169	341	25
170	341	25
172	341	25
173	341	25
174	341	25
175	341	25
176	341	25
177	341	25
178	341	25
179	341	25
180	341	25
181	341	25
182	341	25
184	341	25
186	341	25
171	342	25
183	342	25
185	342	25
187	342	25
188	342	25
189	342	25
190	342	25
191	342	25
193	342	25
192	343	25
194	343	25
195	343	25
196	344	25
104	339	25
197	345	25
509	86	0
508	87	0
510	87	0
511	87	0
512	87	0
513	87	0
507	88	0
86	78	8
87	78	8
88	78	8
89	78	8
90	78	8
91	78	8
92	78	8
93	78	8
94	78	8
95	78	8
96	78	8
97	78	8
98	78	8
99	78	8
100	78	8
101	78	8
102	78	8
103	78	8
104	78	8
105	78	8
106	78	8
107	78	8
108	78	8
109	78	8
110	78	8
111	78	8
112	78	8
113	78	8
114	78	8
115	78	8
116	78	8
117	78	8
118	78	8
119	78	8
120	78	8
121	78	8
122	78	8
123	78	8
124	78	8
125	78	8
126	78	8
127	78	8
128	78	8
129	78	8
130	78	8
131	78	8
132	78	8
133	78	8
134	78	8
135	78	8
136	78	8
137	78	8
138	78	8
139	78	8
140	78	8
141	78	8
142	78	8
143	78	8
144	78	8
145	78	8
146	78	8
147	78	8
148	78	8
149	78	8
150	78	8
151	78	8
152	78	8
153	78	8
154	78	8
155	78	8
156	78	8
157	78	8
158	78	8
159	79	8
160	79	8
161	80	8
162	80	8
163	81	8
164	82	8
165	82	8
166	82	8
167	83	8
168	84	8
168	85	8
168	86	8
168	87	8
168	88	8
85	78	8
168	89	8
268	135	3
270	135	3
265	136	3
267	136	3
269	136	3
271	136	3
272	136	3
263	137	3
264	137	3
266	137	3
261	138	3
262	138	3
273	137	3
260	139	3
295	193	9
295	194	9
296	195	9
297	196	9
297	197	9
298	198	9
298	199	9
299	200	9
300	201	9
300	202	9
294	192	9
381	136	5
382	136	5
383	136	5
491	85	2
492	86	2
493	87	2
496	87	2
498	87	2
500	87	2
501	87	2
502	87	2
503	87	2
505	87	2
494	88	2
495	88	2
497	88	2
499	88	2
504	88	2
491	84	2
506	88	2
350	341	3
351	342	3
352	343	3
353	344	3
354	345	3
349	340	3
355	346	3
295	294	0
296	293	0
234	382	0
234	383	0
234	384	0
234	385	0
234	386	0
234	381	0
234	387	0
204	87	0
204	88	0
203	89	0
203	86	0
203	90	0
384	137	3
383	136	3
242	185	0
242	186	0
242	187	0
242	188	0
242	189	0
242	190	0
241	191	0
240	192	0
240	193	0
239	194	0
239	195	0
239	196	0
239	197	0
239	198	0
239	199	0
238	200	0
238	201	0
238	202	0
238	203	0
242	184	0
238	204	0
222	132	5
223	132	5
224	132	5
225	132	5
226	132	5
227	132	5
228	132	5
230	132	5
231	132	5
232	132	5
233	132	5
234	132	5
220	133	5
221	133	5
229	133	5
235	133	5
236	133	5
219	134	5
237	134	5
238	134	5
217	135	5
218	135	5
239	135	5
240	135	5
216	136	5
241	136	5
242	137	5
243	138	5
215	137	5
244	139	5
415	94	964
415	95	964
415	96	964
226	340	5
226	341	5
226	342	5
226	343	5
227	344	5
227	345	5
227	346	5
227	347	5
226	339	5
227	348	5
157	292	0
158	292	0
81	293	0
82	293	0
83	293	0
84	293	0
85	293	0
86	293	0
87	293	0
88	293	0
89	293	0
90	293	0
91	293	0
92	293	0
93	293	0
94	293	0
95	293	0
96	293	0
97	293	0
98	293	0
99	293	0
100	293	0
101	293	0
102	293	0
103	293	0
104	293	0
105	293	0
106	293	0
107	293	0
108	293	0
109	293	0
110	293	0
111	293	0
112	293	0
113	293	0
114	293	0
115	293	0
116	293	0
117	293	0
118	293	0
119	293	0
120	293	0
121	293	0
122	293	0
123	293	0
124	293	0
125	293	0
126	293	0
127	293	0
128	293	0
129	293	0
130	293	0
131	293	0
132	293	0
133	293	0
134	293	0
135	293	0
136	293	0
137	293	0
138	293	0
139	293	0
140	293	0
141	293	0
142	293	0
143	293	0
144	293	0
145	293	0
146	293	0
147	293	0
148	293	0
149	293	0
150	293	0
151	293	0
152	293	0
153	293	0
155	293	0
156	293	0
154	294	0
159	291	0
80	293	0
360	345	9
359	346	9
357	347	9
358	347	9
356	346	9
212	201	0
211	202	0
210	203	0
210	204	0
213	200	0
209	205	0
222	196	0
223	197	0
224	198	0
225	199	0
226	199	0
227	200	0
228	201	0
229	202	0
230	203	0
231	204	0
232	204	0
221	195	0
233	205	0
224	340	44
224	341	44
224	342	44
224	343	44
224	344	44
224	345	44
224	346	44
224	347	44
224	348	44
224	339	44
224	349	44
508	90	1
509	91	1
510	92	1
511	92	1
507	89	1
79	82	0
79	83	0
79	84	0
80	85	0
80	86	0
81	87	0
81	88	0
82	89	0
82	90	0
83	91	0
83	92	0
84	93	0
80	81	0
85	94	0
249	246	0
250	246	0
251	247	0
252	247	0
253	248	0
254	249	0
255	249	0
256	250	0
278	250	0
279	250	0
280	250	0
281	250	0
282	250	0
257	251	0
258	251	0
275	251	0
276	251	0
277	251	0
259	252	0
260	252	0
261	252	0
262	252	0
264	252	0
269	252	0
271	252	0
272	252	0
273	252	0
274	252	0
263	253	0
265	253	0
266	253	0
267	253	0
268	253	0
270	253	0
248	245	0
283	251	0
235	379	0
236	378	0
234	380	0
178	284	5
178	285	5
178	286	5
178	287	5
178	288	5
178	289	5
178	290	5
178	291	5
178	292	5
178	293	5
178	283	5
178	294	5
254	138	0
256	138	0
258	138	0
259	138	0
245	139	0
247	139	0
249	139	0
251	139	0
253	139	0
255	139	0
257	139	0
246	140	0
248	140	0
250	140	0
252	140	0
244	139	0
260	139	0
481	102	1
482	103	1
483	104	1
484	105	1
485	106	1
486	107	1
487	108	1
232	101	2
233	101	2
234	101	2
235	101	2
237	101	2
239	101	2
228	102	2
229	102	2
230	102	2
231	102	2
236	102	2
238	102	2
240	102	2
242	102	2
244	102	2
227	103	2
241	103	2
243	103	2
245	103	2
226	104	2
246	104	2
225	105	2
247	105	2
248	105	2
223	106	2
224	106	2
249	106	2
250	106	2
222	107	2
251	107	2
252	107	2
221	108	2
220	109	2
219	110	2
219	111	2
218	112	2
218	113	2
253	108	2
218	114	2
235	348	0
237	348	0
228	349	0
229	349	0
232	349	0
233	349	0
234	349	0
236	349	0
230	350	0
231	350	0
227	348	0
238	348	0
303	250	29
304	249	29
304	251	29
251	341	5
249	342	5
250	342	5
248	343	5
246	344	5
247	344	5
245	345	5
243	346	5
244	346	5
242	347	5
252	340	5
241	347	5
442	46	2
443	47	2
444	48	2
445	49	2
446	49	2
447	50	2
448	51	2
450	51	2
449	52	2
451	52	2
441	45	2
452	53	2
399	246	0
399	247	0
398	248	0
397	249	0
396	250	0
399	245	0
395	251	0
402	201	4
401	202	4
400	203	4
398	204	4
399	204	4
397	205	4
403	200	4
396	206	4
122	34	0
123	34	0
120	35	0
121	35	0
118	36	0
119	36	0
116	37	0
117	37	0
114	38	0
115	38	0
113	39	0
112	40	0
112	41	0
112	42	0
112	43	0
112	44	0
112	45	0
112	46	0
112	47	0
112	48	0
112	49	0
112	50	0
112	51	0
112	52	0
112	53	0
124	33	0
112	54	0
226	349	0
225	350	0
227	348	0
224	349	0
235	391	44
236	390	44
234	391	44
170	46	0
172	46	0
174	46	0
176	46	0
168	47	0
169	47	0
171	47	0
173	47	0
175	47	0
177	47	0
178	47	0
166	48	0
167	48	0
179	48	0
180	48	0
181	48	0
182	48	0
184	48	0
186	48	0
188	48	0
190	48	0
192	48	0
194	48	0
196	48	0
198	48	0
164	49	0
165	49	0
183	49	0
185	49	0
187	49	0
189	49	0
191	49	0
193	49	0
195	49	0
197	49	0
199	49	0
200	49	0
201	49	0
203	49	0
162	50	0
163	50	0
202	50	0
204	50	0
205	50	0
206	50	0
160	51	0
161	51	0
207	51	0
208	51	0
158	52	0
159	52	0
209	52	0
210	52	0
157	53	0
211	53	0
212	53	0
156	54	0
213	54	0
353	348	9
354	348	9
352	349	9
351	350	9
355	347	9
374	270	0
374	269	0
84	200	4
85	200	4
86	200	4
87	200	4
88	200	4
89	200	4
90	200	4
91	200	4
92	200	4
93	200	4
94	200	4
95	200	4
96	200	4
97	200	4
98	200	4
99	200	4
100	200	4
101	200	4
102	200	4
103	200	4
104	200	4
105	200	4
106	200	4
107	200	4
108	200	4
109	200	4
110	200	4
111	200	4
112	200	4
113	200	4
114	200	4
115	200	4
116	200	4
117	200	4
118	200	4
119	200	4
120	200	4
121	200	4
122	200	4
123	200	4
124	200	4
125	200	4
126	200	4
127	200	4
128	200	4
129	200	4
130	200	4
131	200	4
132	200	4
133	200	4
134	200	4
135	200	4
136	200	4
137	200	4
138	200	4
139	200	4
140	200	4
141	200	4
142	200	4
143	200	4
144	200	4
145	200	4
146	200	4
147	200	4
148	200	4
149	200	4
150	200	4
151	200	4
152	200	4
153	201	4
154	201	4
155	202	4
156	202	4
157	203	4
158	203	4
186	203	4
188	203	4
190	203	4
191	203	4
192	203	4
193	203	4
194	203	4
195	203	4
196	203	4
198	203	4
159	204	4
160	204	4
183	204	4
185	204	4
187	204	4
189	204	4
197	204	4
199	204	4
200	204	4
201	204	4
161	205	4
162	205	4
180	205	4
181	205	4
182	205	4
184	205	4
202	205	4
203	205	4
204	205	4
205	205	4
207	205	4
163	206	4
164	206	4
175	206	4
176	206	4
177	206	4
178	206	4
179	206	4
206	206	4
165	207	4
166	207	4
167	207	4
168	207	4
170	207	4
172	207	4
173	207	4
174	207	4
169	208	4
171	208	4
83	200	4
208	206	4
302	248	1
299	249	1
301	249	1
285	250	1
286	250	1
287	250	1
288	250	1
289	250	1
290	250	1
291	250	1
292	250	1
293	250	1
294	250	1
296	250	1
298	250	1
300	250	1
295	251	1
297	251	1
303	248	1
284	251	1
305	249	2
306	249	2
307	250	2
308	251	2
304	249	2
309	252	2
234	206	0
235	206	0
236	206	0
233	205	0
237	205	0
197	346	0
197	347	0
197	348	0
196	349	0
195	350	0
195	351	0
195	352	0
197	345	0
195	353	0
309	206	0
308	207	0
298	294	4
299	295	4
300	295	4
301	296	4
302	296	4
303	297	4
304	297	4
305	297	4
306	297	4
308	297	4
310	297	4
312	297	4
317	297	4
326	297	4
307	298	4
309	298	4
311	298	4
313	298	4
314	298	4
315	298	4
316	298	4
318	298	4
319	298	4
320	298	4
321	298	4
322	298	4
323	298	4
324	298	4
325	298	4
297	293	4
327	298	4
283	135	4
284	136	4
285	137	4
285	138	4
286	139	4
287	140	4
287	141	4
287	142	4
288	143	4
282	134	4
133	370	1
133	371	1
133	372	1
133	373	1
133	374	1
133	375	1
133	376	1
134	377	1
135	378	1
136	378	1
137	379	1
138	379	1
139	380	1
140	380	1
141	381	1
142	381	1
143	382	1
144	382	1
145	383	1
146	383	1
147	384	1
148	384	1
133	369	1
149	385	1
160	135	43
160	136	43
160	137	43
161	138	43
161	139	43
162	140	43
162	141	43
162	142	43
162	143	43
162	144	43
162	145	43
160	134	43
162	146	43
357	248	9
358	249	9
358	250	9
358	251	9
358	252	9
359	253	9
391	205	10
393	205	10
394	205	10
389	206	10
390	206	10
392	206	10
386	207	10
387	207	10
388	207	10
382	208	10
383	208	10
384	208	10
385	208	10
380	209	10
381	209	10
377	210	10
378	210	10
379	210	10
375	211	10
376	211	10
372	212	10
373	212	10
374	212	10
371	213	10
370	214	10
367	215	10
368	215	10
369	215	10
335	216	10
337	216	10
339	216	10
341	216	10
343	216	10
364	216	10
365	216	10
366	216	10
323	217	10
325	217	10
327	217	10
328	217	10
329	217	10
330	217	10
331	217	10
332	217	10
333	217	10
334	217	10
336	217	10
338	217	10
340	217	10
342	217	10
344	217	10
345	217	10
346	217	10
347	217	10
348	217	10
350	217	10
352	217	10
358	217	10
360	217	10
361	217	10
362	217	10
363	217	10
286	218	10
316	218	10
318	218	10
320	218	10
321	218	10
322	218	10
324	218	10
326	218	10
349	218	10
351	218	10
353	218	10
354	218	10
355	218	10
356	218	10
357	218	10
359	218	10
285	219	10
287	219	10
288	219	10
289	219	10
291	219	10
311	219	10
313	219	10
314	219	10
315	219	10
317	219	10
319	219	10
290	220	10
292	220	10
294	220	10
296	220	10
298	220	10
300	220	10
302	220	10
304	220	10
306	220	10
308	220	10
309	220	10
310	220	10
312	220	10
293	221	10
295	221	10
297	221	10
299	221	10
301	221	10
303	221	10
305	221	10
307	221	10
395	206	10
284	218	10
404	201	0
403	200	0
264	201	0
263	202	0
262	203	0
261	204	0
261	205	0
260	206	0
260	207	0
259	208	0
265	200	0
258	209	0
215	138	5
215	139	5
214	140	5
213	141	5
212	142	5
212	143	5
212	144	5
212	145	5
212	146	5
215	137	5
212	147	5
304	208	23
305	208	23
306	208	23
307	207	23
82	201	0
81	202	0
81	203	0
80	204	0
80	205	0
79	206	0
79	207	0
78	208	0
78	209	0
77	210	0
77	211	0
76	212	0
76	213	0
75	214	0
76	215	0
76	216	0
77	217	0
77	218	0
78	219	0
78	220	0
79	221	0
79	222	0
83	200	0
80	223	0
376	251	0
375	252	0
374	253	0
374	254	0
453	54	1
452	53	1
305	252	15
306	253	15
308	253	15
307	254	15
304	251	15
309	252	15
310	253	0
311	254	0
312	254	0
309	252	0
313	255	0
154	54	0
114	55	0
115	55	0
116	55	0
117	55	0
118	55	0
119	55	0
120	55	0
121	55	0
122	55	0
123	55	0
124	55	0
125	55	0
126	55	0
127	55	0
128	55	0
129	55	0
130	55	0
131	55	0
132	55	0
133	55	0
134	55	0
135	55	0
136	55	0
137	55	0
138	55	0
139	55	0
140	55	0
141	55	0
142	55	0
143	55	0
144	55	0
145	55	0
146	55	0
147	55	0
148	55	0
149	55	0
150	55	0
151	55	0
152	55	0
153	55	0
155	55	0
156	54	0
113	55	0
243	140	0
241	141	0
242	141	0
239	142	0
240	142	0
237	143	0
238	143	0
235	144	0
236	144	0
234	145	0
232	146	0
233	146	0
228	147	0
229	147	0
230	147	0
231	147	0
213	148	0
214	148	0
215	148	0
224	148	0
226	148	0
227	148	0
216	149	0
217	149	0
218	149	0
219	149	0
220	149	0
221	149	0
222	149	0
223	149	0
225	149	0
244	139	0
212	147	0
394	209	12
395	208	12
472	110	964
472	111	964
86	94	0
87	94	0
88	94	0
89	94	0
90	94	0
91	94	0
92	94	0
93	94	0
94	94	0
95	94	0
96	94	0
97	94	0
98	94	0
99	94	0
100	94	0
101	94	0
102	94	0
103	94	0
104	94	0
105	94	0
106	94	0
107	94	0
108	94	0
109	94	0
110	94	0
111	94	0
112	94	0
113	94	0
114	94	0
115	94	0
116	94	0
117	94	0
118	94	0
119	94	0
120	94	0
121	94	0
122	94	0
123	94	0
124	94	0
125	94	0
126	94	0
127	94	0
128	94	0
129	94	0
130	94	0
131	94	0
132	94	0
133	94	0
134	94	0
135	94	0
136	94	0
137	94	0
138	94	0
139	94	0
140	94	0
141	94	0
142	94	0
143	94	0
144	94	0
145	94	0
146	94	0
147	94	0
148	94	0
149	94	0
150	94	0
151	94	0
152	94	0
153	94	0
154	94	0
160	94	0
161	94	0
155	95	0
156	95	0
158	95	0
159	95	0
157	96	0
85	94	0
162	94	0
504	96	956
505	96	956
506	97	956
507	98	956
79	117	34
78	118	34
78	119	34
77	120	34
77	121	34
76	122	34
76	123	34
76	124	34
76	125	34
76	126	34
77	127	34
77	128	34
78	129	34
78	130	34
79	131	34
79	132	34
80	116	34
80	133	34
239	206	0
240	206	0
241	207	0
242	207	0
243	208	0
244	208	0
245	209	0
246	209	0
247	209	0
248	210	0
249	210	0
250	210	0
252	210	0
253	210	0
254	210	0
255	210	0
256	210	0
251	211	0
238	205	0
257	209	0
308	209	23
308	210	23
308	208	23
189	254	0
178	255	0
180	255	0
182	255	0
184	255	0
185	255	0
186	255	0
187	255	0
188	255	0
173	256	0
175	256	0
176	256	0
177	256	0
179	256	0
181	256	0
183	256	0
170	257	0
171	257	0
172	257	0
174	257	0
168	258	0
169	258	0
190	255	0
167	259	0
390	210	958
391	210	958
392	210	958
396	209	0
396	210	0
395	208	0
411	260	0
412	261	0
171	145	5
173	145	5
174	145	5
175	145	5
176	145	5
167	146	5
168	146	5
169	146	5
170	146	5
172	146	5
177	146	5
178	146	5
179	146	5
180	146	5
164	147	5
165	147	5
166	147	5
181	147	5
182	147	5
185	147	5
183	148	5
184	148	5
186	148	5
187	148	5
188	148	5
189	148	5
198	148	5
200	148	5
201	148	5
202	148	5
203	148	5
204	148	5
205	148	5
206	148	5
207	148	5
208	148	5
209	148	5
210	148	5
211	148	5
190	149	5
191	149	5
192	149	5
193	149	5
194	149	5
195	149	5
196	149	5
197	149	5
199	149	5
163	147	5
212	147	5
345	68	1
347	68	1
340	69	1
341	69	1
342	69	1
343	69	1
344	69	1
346	69	1
348	69	1
349	69	1
350	69	1
351	69	1
352	69	1
353	69	1
354	69	1
355	69	1
335	70	1
337	70	1
338	70	1
339	70	1
356	70	1
357	70	1
358	70	1
360	70	1
362	70	1
364	70	1
333	71	1
334	71	1
336	71	1
359	71	1
361	71	1
363	71	1
365	71	1
366	71	1
367	71	1
369	71	1
371	71	1
368	72	1
370	72	1
372	72	1
374	72	1
376	72	1
373	73	1
375	73	1
377	73	1
378	73	1
379	73	1
380	73	1
381	73	1
382	73	1
384	73	1
386	73	1
387	73	1
388	73	1
389	73	1
390	73	1
391	73	1
392	73	1
393	73	1
394	73	1
396	73	1
398	73	1
400	73	1
383	74	1
385	74	1
395	74	1
397	74	1
399	74	1
401	74	1
402	74	1
403	74	1
404	74	1
405	74	1
406	74	1
332	71	1
407	73	1
380	116	0
379	115	0
400	15	6
399	16	6
398	17	6
401	14	6
397	18	6
314	254	0
316	254	0
317	254	0
318	254	0
320	254	0
352	254	0
355	254	0
315	255	0
319	255	0
321	255	0
322	255	0
323	255	0
324	255	0
349	255	0
350	255	0
351	255	0
353	255	0
354	255	0
356	255	0
357	255	0
325	256	0
326	256	0
327	256	0
328	256	0
341	256	0
343	256	0
344	256	0
345	256	0
346	256	0
347	256	0
348	256	0
329	257	0
331	257	0
333	257	0
335	257	0
336	257	0
337	257	0
338	257	0
339	257	0
340	257	0
342	257	0
330	258	0
332	258	0
334	258	0
358	254	0
313	255	0
375	255	0
374	254	0
