1	1	116
6	6	15
50	50	14
40	40	10
36	36	10
18	18	10
5	5	10
47	47	10
53	53	9
49	49	8
52	52	8
52	53	7
37	37	7
9	9	7
32	32	6
50	52	6
48	48	5
0	1	5
38	38	5
42	42	5
31	31	5
33	33	5
45	45	5
1	6	4
11	11	4
15	15	4
26	26	4
21	21	3
16	16	3
13	13	3
51	51	3
0	1	3
25	25	3
43	43	3
45	46	3
29	29	3
23	23	3
17	17	3
6	9	2
19	19	2
12	12	2
0	1	2
29	30	2
26	27	2
39	40	2
36	53	2
15	17	2
33	53	2
46	46	2
17	18	2
47	48	2
34	36	2
27	27	2
0	1	2
47	50	2
30	30	2
52	53	2
40	51	2
51	52	2
28	29	2
49	50	2
50	51	2
18	21	2
1	3	1
28	29	1
1	51	1
42	43	1
1	17	1
25	34	1
42	53	1
37	53	1
23	26	1
42	43	1
40	45	1
26	27	1
34	35	1
30	31	1
22	23	1
11	12	1
17	28	1
30	52	1
47	53	1
11	12	1
10	11	1
37	44	1
38	45	1
31	35	1
41	42	1
47	48	1
1	53	1
29	30	1
44	44	1
6	52	1
50	51	1
46	47	1
48	53	1
34	34	1
31	52	1
36	37	1
4	5	1
12	53	1
9	13	1
26	27	1
45	46	1
12	13	1
30	31	1
17	18	1
13	17	1
10	11	1
32	33	1
11	12	1
10	11	1
22	22	1
10	11	1
0	1	1
34	42	1
42	47	1
42	43	1
0	1	1
12	16	1
6	7	1
31	32	1
45	46	1
26	27	1
43	44	1
39	40	1
43	44	1
36	49	1
4	4	1
47	52	1
21	38	1
22	23	1
11	51	1
33	35	1
44	46	1
48	49	1
6	11	1
21	22	1
32	33	1
9	10	1
37	45	1
6	45	1
43	53	1
14	15	1
45	46	1
48	49	1
11	17	1
41	42	1
51	52	1
0	1	1
16	17	1
18	19	1
6	53	1
44	45	1
0	1	1
16	53	1
31	36	1
48	51	1
10	11	1
35	36	1
28	28	1
10	10	1
