1	58	36
1	1	33
58	58	20
1	57	15
5	58	10
57	58	9
1	56	8
55	58	8
36	58	6
54	54	6
31	58	6
5	57	5
50	50	5
1	54	5
6	58	5
17	17	5
48	48	5
10	58	4
53	58	4
18	58	4
55	55	4
26	58	4
1	6	3
38	38	3
55	56	3
36	57	3
3	5	3
51	58	3
56	56	3
17	58	3
26	26	3
44	58	3
18	18	3
6	6	3
49	49	3
46	58	3
54	55	2
54	58	2
5	5	2
49	58	2
40	57	2
36	36	2
42	57	2
11	58	2
47	47	2
52	53	2
11	57	2
36	55	2
1	5	2
40	58	2
57	58	2
48	49	2
20	56	2
38	58	2
29	58	2
53	54	2
50	58	2
37	37	2
47	55	2
1	55	2
46	57	2
45	52	2
37	58	2
37	55	2
48	49	2
54	57	2
6	9	1
53	53	1
32	57	1
42	43	1
16	47	1
0	1	1
27	57	1
26	55	1
45	45	1
47	56	1
18	56	1
13	58	1
29	53	1
39	40	1
12	17	1
30	57	1
12	12	1
29	30	1
56	58	1
48	56	1
29	37	1
1	49	1
30	30	1
26	50	1
23	56	1
3	56	1
21	21	1
1	26	1
50	56	1
9	9	1
16	57	1
52	54	1
38	51	1
48	49	1
45	57	1
31	56	1
1	10	1
9	11	1
11	51	1
8	9	1
18	42	1
4	6	1
55	57	1
13	57	1
46	46	1
6	45	1
6	53	1
1	53	1
1	43	1
21	58	1
29	29	1
13	18	1
12	57	1
48	54	1
11	20	1
27	43	1
48	57	1
15	58	1
1	3	1
5	6	1
37	56	1
43	55	1
17	56	1
30	31	1
37	53	1
52	57	1
50	57	1
16	36	1
36	47	1
1	51	1
23	57	1
47	48	1
21	45	1
54	56	1
33	58	1
41	42	1
29	42	1
30	49	1
1	9	1
47	58	1
53	57	1
53	54	1
9	57	1
39	40	1
14	58	1
24	54	1
26	57	1
27	52	1
51	51	1
12	58	1
44	44	1
24	58	1
48	58	1
44	45	1
14	55	1
9	58	1
40	56	1
3	3	1
4	4	1
56	57	1
13	49	1
26	36	1
14	14	1
29	57	1
35	36	1
17	19	1
11	54	1
1	50	1
43	53	1
43	43	1
36	38	1
56	57	1
15	17	1
50	51	1
33	57	1
23	23	1
43	44	1
1	8	1
16	56	1
38	47	1
