222	132	0
222	133	0
223	134	0
223	135	0
223	136	0
224	137	0
225	138	0
225	139	0
225	140	0
226	141	0
227	142	0
227	143	0
228	144	0
229	145	0
230	146	0
231	146	0
232	147	0
233	148	0
234	149	0
235	149	0
236	149	0
238	149	0
237	150	0
239	150	0
240	150	0
241	150	0
242	150	0
244	150	0
245	150	0
246	150	0
243	151	0
247	151	0
222	131	0
248	151	0
174	160	48
175	160	48
172	161	48
173	161	48
171	162	48
170	163	48
490	45	13
487	46	13
488	46	13
489	46	13
483	47	13
484	47	13
485	47	13
486	47	13
475	48	13
477	48	13
479	48	13
480	48	13
481	48	13
482	48	13
473	49	13
474	49	13
476	49	13
478	49	13
472	50	13
470	51	13
471	51	13
469	52	13
469	53	13
468	54	13
468	55	13
603	104	939
604	105	939
604	106	939
605	107	939
605	108	939
130	235	0
130	236	0
130	237	0
130	238	0
130	239	0
130	240	0
130	241	0
130	242	0
131	243	0
131	244	0
131	245	0
131	246	0
131	247	0
131	248	0
131	249	0
130	234	0
131	250	0
340	219	1
341	220	1
342	221	1
343	222	1
343	223	1
344	224	1
345	225	1
340	218	1
548	151	936
549	152	936
551	152	936
550	153	936
552	153	936
186	9	66
185	10	66
187	8	66
138	276	0
140	276	0
141	276	0
142	276	0
144	276	0
136	277	0
137	277	0
139	277	0
143	277	0
145	277	0
146	277	0
147	277	0
148	277	0
149	277	0
134	278	0
135	278	0
150	278	0
152	278	0
154	278	0
132	279	0
133	279	0
151	279	0
153	279	0
155	279	0
156	279	0
194	279	0
196	279	0
197	279	0
198	279	0
199	279	0
200	279	0
201	279	0
202	279	0
203	279	0
130	280	0
131	280	0
157	280	0
158	280	0
159	280	0
160	280	0
188	280	0
189	280	0
190	280	0
191	280	0
192	280	0
193	280	0
195	280	0
129	281	0
161	281	0
162	281	0
163	281	0
164	281	0
182	281	0
183	281	0
184	281	0
185	281	0
186	281	0
187	281	0
127	282	0
128	282	0
165	282	0
166	282	0
167	282	0
168	282	0
169	282	0
170	282	0
171	282	0
172	282	0
173	282	0
174	282	0
175	282	0
176	282	0
177	282	0
178	282	0
179	282	0
180	282	0
181	282	0
125	283	0
126	283	0
124	284	0
123	285	0
122	286	0
121	287	0
120	288	0
120	289	0
120	290	0
120	291	0
120	292	0
120	293	0
120	294	0
120	295	0
120	296	0
120	297	0
120	298	0
204	279	0
120	299	0
300	2	6
299	3	6
325	136	0
324	137	0
324	138	0
323	139	0
323	140	0
322	141	0
321	142	0
320	143	0
320	144	0
319	145	0
318	146	0
317	147	0
316	148	0
315	149	0
314	150	0
313	151	0
312	152	0
311	153	0
310	154	0
326	135	0
309	155	0
557	150	0
558	151	0
559	152	0
560	153	0
561	154	0
556	149	0
539	96	0
538	97	0
535	98	0
536	98	0
537	98	0
534	99	0
533	100	0
532	101	0
532	102	0
531	103	0
531	104	0
236	279	5
235	278	5
236	280	5
326	1	0
325	2	0
324	3	0
637	98	940
635	99	940
636	99	940
146	368	0
147	369	0
148	369	0
149	370	0
150	371	0
151	371	0
152	372	0
153	373	0
154	374	0
155	375	0
156	376	0
157	377	0
145	367	0
158	378	0
247	154	60
246	155	60
245	156	60
248	153	60
251	156	0
250	155	0
251	157	0
188	1	62
187	2	62
186	3	62
185	4	62
288	1	1
289	1	1
290	1	1
292	1	1
294	1	1
291	2	1
293	2	1
295	2	1
296	2	1
298	2	1
297	3	1
299	3	1
563	154	933
564	155	933
565	156	933
314	2	0
315	2	0
316	2	0
317	2	0
318	2	0
319	2	0
320	2	0
322	2	0
313	3	0
321	3	0
323	3	0
312	4	0
311	5	0
324	3	0
310	6	0
2	2	0
3	3	0
4	4	0
5	5	0
6	6	0
7	7	0
8	8	0
9	9	0
10	10	0
11	11	0
12	12	0
13	13	0
14	14	0
15	15	0
16	16	0
17	17	0
18	18	0
19	19	0
20	20	0
21	21	0
22	22	0
23	23	0
24	24	0
25	25	0
26	26	0
27	27	0
28	28	0
29	29	0
30	30	0
31	31	0
32	32	0
33	33	0
34	34	0
35	35	0
36	36	0
37	37	0
38	38	0
39	39	0
40	40	0
41	41	0
42	42	0
43	43	0
44	44	0
45	45	0
46	46	0
47	47	0
48	48	0
49	49	0
50	50	0
51	51	0
52	52	0
64	46	0
65	46	0
62	47	0
63	47	0
60	48	0
61	48	0
58	49	0
59	49	0
56	50	0
57	50	0
54	51	0
55	51	0
66	45	0
53	52	0
249	156	1
248	157	1
247	158	1
250	155	1
357	41	10
355	42	10
356	42	10
354	43	10
353	44	10
352	45	10
351	46	10
351	47	10
351	48	10
350	49	10
350	50	10
349	51	10
349	52	10
258	14	3
258	15	3
258	16	3
258	17	3
257	18	3
256	19	3
256	20	3
256	21	3
256	22	3
256	23	3
256	24	3
256	25	3
256	26	3
256	27	3
258	13	3
256	28	3
529	150	1
529	151	1
530	152	1
529	153	1
530	154	1
531	155	1
532	156	1
533	157	1
534	158	1
535	158	1
529	149	1
304	226	51
304	227	51
304	228	51
304	229	51
304	230	51
516	51	942
517	51	942
518	51	942
519	51	942
515	52	942
370	6	0
371	7	0
372	8	0
373	9	0
374	9	0
375	10	0
369	5	0
376	11	0
210	340	64
210	341	64
210	342	64
210	343	64
210	344	64
210	345	64
210	346	64
211	347	64
212	348	64
210	339	64
355	1	1
356	1	1
358	1	1
357	2	1
359	2	1
360	2	1
362	2	1
361	3	1
363	3	1
364	3	1
365	4	1
366	4	1
367	4	1
368	4	1
432	1	0
431	2	0
431	3	0
431	4	0
431	5	0
253	159	0
254	160	0
252	158	0
489	2	0
488	3	0
485	4	0
486	4	0
487	4	0
482	5	0
483	5	0
484	5	0
480	6	0
481	6	0
479	7	0
478	8	0
478	9	0
477	10	0
477	11	0
477	12	0
477	13	0
476	14	0
474	15	0
475	15	0
473	16	0
472	17	0
470	18	0
471	18	0
469	19	0
310	157	0
310	158	0
310	159	0
310	160	0
309	156	0
310	161	0
454	224	0
453	225	0
452	226	0
450	227	0
451	227	0
449	228	0
448	229	0
447	230	0
446	231	0
51	54	0
51	55	0
50	56	0
50	57	0
49	58	0
49	59	0
48	60	0
48	61	0
47	62	0
47	63	0
46	64	0
46	65	0
45	66	0
45	67	0
44	68	0
44	69	0
44	70	0
44	71	0
44	72	0
45	73	0
45	74	0
46	75	0
46	76	0
47	77	0
47	78	0
48	79	0
48	80	0
49	81	0
49	82	0
50	83	0
50	84	0
51	85	0
51	86	0
52	87	0
52	88	0
53	89	0
53	90	0
54	91	0
54	92	0
55	93	0
55	94	0
56	95	0
56	96	0
57	97	0
57	98	0
58	99	0
58	100	0
59	101	0
59	102	0
60	103	0
60	104	0
52	53	0
61	105	0
172	1	0
174	1	0
173	2	0
175	2	0
176	2	0
178	2	0
177	3	0
179	3	0
180	3	0
181	4	0
182	4	0
183	5	0
184	4	0
245	287	10
266	287	10
246	288	10
248	288	10
260	288	10
262	288	10
263	288	10
264	288	10
265	288	10
247	289	10
249	289	10
250	289	10
251	289	10
252	289	10
254	289	10
256	289	10
257	289	10
258	289	10
259	289	10
261	289	10
253	290	10
255	290	10
244	287	10
267	287	10
168	162	0
169	163	0
300	4	0
301	4	0
308	4	0
302	5	0
303	5	0
304	5	0
305	5	0
306	5	0
307	5	0
309	5	0
299	3	0
310	6	0
358	160	0
357	161	0
357	162	0
357	163	0
55	225	0
56	225	0
57	225	0
58	225	0
59	225	0
60	225	0
61	225	0
62	225	0
63	225	0
64	225	0
65	225	0
66	225	0
67	225	0
68	225	0
69	225	0
70	225	0
71	225	0
72	225	0
73	225	0
74	225	0
75	225	0
76	225	0
77	225	0
78	225	0
79	225	0
80	225	0
81	225	0
82	225	0
83	225	0
84	225	0
85	225	0
86	225	0
87	225	0
88	225	0
89	225	0
90	225	0
91	225	0
92	225	0
93	226	0
94	226	0
95	226	0
96	227	0
97	228	0
98	228	0
100	228	0
102	228	0
104	228	0
99	229	0
101	229	0
103	229	0
105	229	0
106	229	0
107	229	0
109	229	0
111	229	0
113	229	0
114	229	0
115	229	0
116	229	0
118	229	0
120	229	0
121	229	0
108	230	0
110	230	0
112	230	0
117	230	0
119	230	0
122	230	0
123	230	0
124	230	0
125	231	0
126	231	0
127	232	0
128	232	0
54	225	0
129	233	0
144	222	0
145	222	0
142	223	0
143	223	0
141	224	0
140	225	0
139	226	0
138	227	0
137	228	0
136	229	0
134	230	0
135	230	0
133	231	0
131	232	0
132	232	0
146	221	0
130	233	0
150	223	0
151	224	0
152	225	0
153	226	0
154	227	0
155	228	0
156	229	0
157	230	0
158	231	0
159	232	0
149	223	0
160	233	0
189	214	0
189	215	0
188	216	0
186	217	0
187	217	0
184	218	0
185	218	0
182	219	0
183	219	0
181	220	0
178	221	0
180	221	0
176	222	0
177	222	0
179	222	0
174	223	0
175	223	0
173	224	0
172	225	0
170	226	0
171	226	0
168	227	0
169	227	0
166	228	0
167	228	0
165	229	0
163	230	0
164	230	0
162	231	0
161	232	0
189	213	0
160	233	0
216	282	0
217	282	0
218	282	0
219	282	0
232	282	0
233	282	0
234	282	0
220	283	0
221	283	0
222	283	0
229	283	0
230	283	0
231	283	0
223	284	0
224	284	0
226	284	0
227	284	0
228	284	0
225	285	0
235	281	0
215	282	0
639	65	0
640	65	0
638	66	0
638	67	0
638	68	0
638	69	0
638	70	0
186	6	65
185	5	65
187	7	65
392	271	3
393	272	3
394	272	3
395	273	3
427	273	3
429	273	3
430	273	3
396	274	3
425	274	3
426	274	3
428	274	3
431	274	3
432	274	3
433	274	3
397	275	3
398	275	3
399	275	3
400	275	3
401	275	3
423	275	3
424	275	3
434	275	3
435	275	3
436	275	3
402	276	3
403	276	3
404	276	3
405	276	3
406	276	3
407	276	3
409	276	3
416	276	3
418	276	3
420	276	3
421	276	3
422	276	3
437	276	3
408	277	3
410	277	3
411	277	3
412	277	3
413	277	3
414	277	3
415	277	3
417	277	3
419	277	3
438	277	3
439	277	3
440	277	3
441	278	3
442	278	3
443	279	3
444	280	3
445	280	3
446	281	3
447	281	3
448	282	3
391	270	3
312	164	0
311	163	0
430	6	0
431	5	0
354	164	0
355	164	0
356	164	0
357	163	0
358	164	0
357	163	0
423	15	8
422	14	8
424	16	8
248	3	0
247	4	0
247	5	0
247	6	0
247	7	0
247	8	0
325	4	0
326	5	0
327	5	0
328	6	0
329	6	0
330	7	0
324	3	0
331	7	0
276	163	4
277	164	4
278	165	4
279	166	4
280	167	4
308	163	43
307	164	43
306	165	43
305	166	43
309	162	43
431	11	2
432	11	2
433	11	2
434	11	2
435	11	2
429	12	2
430	12	2
428	13	2
427	14	2
426	15	2
436	10	2
425	16	2
250	154	0
249	153	0
250	155	0
311	7	8
312	8	8
310	6	8
313	9	8
437	235	0
438	235	0
439	235	0
434	236	0
436	236	0
433	237	0
435	237	0
432	238	0
388	239	0
429	239	0
430	239	0
431	239	0
389	240	0
390	240	0
391	240	0
393	240	0
426	240	0
428	240	0
392	241	0
394	241	0
395	241	0
396	241	0
397	241	0
398	241	0
399	241	0
400	241	0
401	241	0
402	241	0
403	241	0
404	241	0
406	241	0
425	241	0
427	241	0
405	242	0
407	242	0
408	242	0
409	242	0
422	242	0
423	242	0
424	242	0
410	243	0
411	243	0
412	243	0
413	243	0
414	243	0
415	243	0
417	243	0
419	243	0
421	243	0
416	244	0
418	244	0
420	244	0
440	235	0
387	240	0
432	6	1
433	6	1
434	7	1
435	8	1
431	5	1
436	9	1
53	344	0
54	344	0
55	345	0
56	345	0
57	346	0
58	346	0
59	347	0
60	347	0
52	343	0
61	348	0
425	43	0
426	44	0
427	45	0
428	45	0
429	46	0
430	47	0
431	48	0
432	48	0
433	48	0
434	49	0
435	49	0
436	49	0
437	50	0
438	50	0
439	50	0
440	51	0
441	51	0
442	51	0
444	51	0
443	52	0
445	52	0
446	52	0
447	52	0
448	53	0
449	53	0
450	54	0
451	54	0
452	54	0
454	54	0
453	55	0
455	55	0
456	55	0
457	55	0
458	55	0
459	55	0
460	55	0
462	55	0
466	55	0
461	56	0
463	56	0
464	56	0
465	56	0
424	42	0
467	56	0
479	234	0
478	235	0
478	236	0
63	348	0
64	348	0
65	348	0
66	348	0
67	348	0
68	348	0
69	348	0
70	348	0
71	348	0
72	348	0
73	348	0
74	348	0
75	348	0
76	348	0
77	348	0
78	348	0
79	348	0
80	348	0
81	348	0
82	348	0
83	348	0
84	348	0
85	348	0
86	348	0
87	348	0
88	348	0
89	348	0
90	348	0
91	348	0
92	348	0
93	348	0
94	348	0
95	348	0
97	348	0
96	349	0
98	349	0
99	349	0
100	349	0
101	349	0
102	349	0
103	349	0
104	349	0
105	350	0
106	350	0
107	351	0
108	351	0
109	352	0
110	352	0
111	353	0
112	353	0
113	353	0
62	348	0
114	354	0
116	353	65
117	352	65
115	354	65
321	273	979
319	274	979
320	274	979
318	275	979
317	276	979
316	277	979
316	278	979
315	279	979
314	280	979
312	281	979
313	281	979
311	282	979
310	283	979
309	284	979
309	285	979
237	282	0
238	283	0
239	284	0
240	284	0
241	285	0
242	286	0
236	281	0
243	287	0
417	32	0
418	33	0
419	33	0
420	34	0
421	35	0
416	31	0
422	36	0
161	340	0
161	341	0
161	342	0
161	343	0
161	344	0
161	345	0
161	346	0
161	347	0
161	348	0
160	349	0
159	350	0
158	351	0
157	352	0
156	353	0
155	354	0
161	339	0
154	355	0
169	165	7
169	166	7
169	167	7
169	168	7
169	169	7
169	170	7
169	171	7
169	172	7
169	173	7
169	174	7
169	164	7
169	175	7
279	168	2
278	169	2
277	170	2
276	171	2
275	172	2
274	173	2
273	174	2
280	167	2
272	175	2
166	101	0
167	102	0
168	103	0
169	104	0
170	105	0
171	106	0
172	107	0
302	232	0
303	232	0
300	233	0
301	233	0
298	234	0
299	234	0
297	235	0
296	236	0
294	237	0
295	237	0
304	231	0
293	238	0
469	236	5
471	236	5
473	236	5
470	237	5
472	237	5
474	237	5
475	236	2
476	236	2
477	237	2
478	236	2
474	237	2
479	237	0
478	236	0
104	158	0
104	159	0
103	160	0
103	161	0
103	162	0
102	163	0
102	164	0
102	165	0
101	166	0
101	167	0
101	168	0
101	169	0
101	170	0
101	171	0
101	172	0
101	173	0
101	174	0
101	175	0
101	176	0
101	177	0
101	178	0
231	100	0
232	100	0
233	100	0
234	100	0
235	100	0
236	100	0
226	101	0
227	101	0
228	101	0
229	101	0
230	101	0
237	101	0
238	101	0
218	102	0
220	102	0
221	102	0
222	102	0
223	102	0
224	102	0
225	102	0
239	102	0
240	102	0
241	102	0
213	103	0
215	103	0
216	103	0
217	103	0
219	103	0
242	103	0
243	103	0
206	104	0
208	104	0
210	104	0
211	104	0
212	104	0
214	104	0
244	104	0
245	104	0
178	105	0
180	105	0
181	105	0
183	105	0
190	105	0
192	105	0
194	105	0
196	105	0
198	105	0
200	105	0
201	105	0
202	105	0
203	105	0
204	105	0
205	105	0
207	105	0
209	105	0
246	105	0
247	105	0
176	106	0
177	106	0
179	106	0
182	106	0
184	106	0
185	106	0
186	106	0
187	106	0
188	106	0
189	106	0
191	106	0
193	106	0
195	106	0
197	106	0
199	106	0
248	106	0
174	107	0
175	107	0
249	107	0
173	108	0
205	281	65
205	282	65
205	283	65
205	284	65
205	285	65
205	286	65
206	287	65
207	288	65
208	289	65
205	280	65
209	290	65
306	231	0
307	231	0
308	232	0
309	233	0
310	233	0
311	233	0
312	234	0
313	235	0
314	235	0
315	235	0
316	235	0
317	236	0
318	236	0
319	237	0
320	237	0
321	238	0
305	231	0
322	239	0
474	238	3
474	237	3
332	9	7
333	10	7
334	11	7
332	8	7
263	178	5
264	178	5
265	178	5
266	178	5
267	178	5
268	178	5
257	179	5
259	179	5
260	179	5
261	179	5
262	179	5
254	180	5
256	180	5
258	180	5
251	181	5
252	181	5
253	181	5
255	181	5
249	182	5
250	182	5
246	183	5
248	183	5
245	184	5
247	184	5
243	185	5
244	185	5
242	186	5
240	187	5
241	187	5
238	188	5
239	188	5
237	189	5
236	190	5
269	179	5
235	191	5
271	177	0
270	178	0
272	176	0
269	179	0
523	113	17
525	113	17
520	114	17
521	114	17
522	114	17
524	114	17
506	115	17
508	115	17
510	115	17
517	115	17
518	115	17
519	115	17
497	116	17
499	116	17
501	116	17
502	116	17
503	116	17
504	116	17
505	116	17
507	116	17
509	116	17
511	116	17
512	116	17
513	116	17
514	116	17
515	116	17
516	116	17
496	117	17
498	117	17
500	117	17
495	118	17
494	119	17
492	120	17
493	120	17
491	121	17
490	122	17
489	123	17
526	113	17
488	124	17
290	239	10
291	239	10
292	239	10
287	240	10
288	240	10
289	240	10
284	241	10
286	241	10
283	242	10
285	242	10
280	243	10
282	243	10
279	244	10
281	244	10
277	245	10
278	245	10
275	246	10
276	246	10
270	247	10
272	247	10
274	247	10
268	248	10
269	248	10
271	248	10
273	248	10
293	238	10
267	249	10
302	155	1
304	155	1
305	155	1
306	155	1
307	155	1
300	156	1
301	156	1
303	156	1
296	157	1
298	157	1
299	157	1
294	158	1
295	158	1
297	158	1
291	159	1
292	159	1
293	159	1
288	160	1
290	160	1
287	161	1
289	161	1
286	162	1
285	163	1
284	164	1
282	165	1
283	165	1
281	166	1
308	155	1
280	167	1
532	105	2
535	105	2
533	106	2
534	106	2
531	104	2
379	238	0
380	238	0
381	238	0
382	238	0
384	238	0
377	239	0
378	239	0
383	239	0
385	239	0
386	239	0
376	240	0
374	241	0
375	241	0
373	242	0
387	240	0
372	243	0
169	342	0
169	343	0
169	344	0
169	345	0
169	346	0
169	347	0
169	348	0
169	349	0
170	350	0
171	351	0
171	352	0
172	353	0
173	354	0
174	355	0
174	356	0
175	357	0
176	358	0
177	359	0
178	360	0
179	361	0
169	341	0
180	362	0
291	274	0
291	275	0
291	276	0
292	277	0
292	278	0
292	279	0
293	280	0
293	281	0
293	282	0
294	283	0
294	284	0
295	285	0
295	286	0
295	287	0
296	288	0
297	289	0
298	290	0
300	290	0
303	290	0
299	291	0
301	291	0
302	291	0
291	273	0
469	57	23
470	57	23
471	58	23
483	58	23
472	59	23
473	59	23
481	59	23
482	59	23
474	60	23
475	60	23
479	60	23
480	60	23
476	61	23
477	61	23
478	61	23
468	56	23
152	357	0
151	358	0
150	359	0
149	360	0
148	361	0
148	362	0
153	356	0
147	363	0
115	356	62
115	357	62
115	358	62
115	359	62
115	360	62
115	361	62
115	362	62
115	363	62
115	355	62
114	364	62
249	9	0
250	9	0
252	9	0
251	10	0
253	10	0
254	11	0
256	11	0
255	12	0
257	12	0
248	9	0
258	13	0
59	132	0
59	133	0
58	134	0
58	135	0
57	136	0
57	137	0
56	138	0
56	139	0
55	140	0
55	141	0
54	142	0
54	143	0
53	144	0
53	145	0
52	146	0
52	147	0
51	148	0
51	149	0
50	150	0
50	151	0
49	152	0
49	153	0
48	154	0
48	155	0
47	156	0
47	157	0
47	158	0
47	159	0
47	160	0
48	161	0
48	162	0
49	163	0
49	164	0
50	165	0
50	166	0
51	167	0
51	168	0
52	169	0
52	170	0
53	171	0
53	172	0
54	173	0
54	174	0
55	175	0
55	176	0
56	177	0
56	178	0
57	179	0
57	180	0
58	181	0
60	131	0
59	182	0
375	12	0
376	11	0
350	54	4
351	55	4
352	56	4
353	57	4
353	58	4
354	59	4
355	60	4
355	61	4
356	62	4
349	53	4
356	63	4
423	10	0
422	11	0
421	12	0
421	13	0
277	293	0
278	293	0
279	293	0
280	293	0
282	293	0
283	293	0
284	293	0
281	294	0
285	294	0
276	293	0
322	363	0
321	364	0
323	362	0
463	238	0
462	239	0
462	240	0
461	241	0
142	330	0
143	330	0
144	330	0
145	330	0
140	331	0
141	331	0
138	332	0
139	332	0
136	333	0
137	333	0
135	334	0
146	329	0
134	334	0
395	343	11
396	344	11
397	344	11
398	344	11
399	344	11
400	345	11
401	346	11
402	347	11
394	342	11
578	87	0
579	87	0
580	87	0
577	87	0
581	87	0
274	177	0
275	178	0
276	179	0
277	180	0
278	181	0
273	176	0
243	289	65
243	290	65
243	291	65
243	292	65
243	293	65
243	294	65
243	295	65
243	296	65
243	288	65
321	241	47
322	240	47
320	242	47
308	294	0
309	295	0
310	296	0
310	297	0
363	254	0
363	255	0
363	256	0
364	257	0
365	258	0
366	259	0
367	260	0
368	261	0
369	261	0
370	262	0
371	263	0
372	263	0
373	264	0
374	265	0
376	265	0
375	266	0
377	266	0
378	267	0
379	267	0
380	267	0
381	268	0
382	268	0
383	268	0
384	269	0
386	269	0
388	269	0
385	270	0
387	270	0
389	270	0
390	271	0
362	253	0
391	270	0
147	364	0
146	365	0
146	366	0
147	363	0
145	367	0
179	364	66
178	365	66
177	366	66
180	363	66
643	107	0
643	108	0
329	366	0
330	366	0
331	366	0
328	366	0
129	251	0
130	251	0
127	252	0
128	252	0
125	253	0
126	253	0
123	254	0
124	254	0
106	255	0
108	255	0
110	255	0
112	255	0
114	255	0
116	255	0
117	255	0
119	255	0
121	255	0
122	255	0
101	256	0
103	256	0
105	256	0
107	256	0
109	256	0
111	256	0
113	256	0
115	256	0
118	256	0
120	256	0
98	257	0
99	257	0
100	257	0
102	257	0
104	257	0
96	258	0
97	258	0
55	259	0
56	259	0
57	259	0
58	259	0
59	259	0
60	259	0
61	259	0
62	259	0
63	259	0
64	259	0
65	259	0
66	259	0
67	259	0
68	259	0
69	259	0
70	259	0
71	259	0
72	259	0
73	259	0
74	259	0
75	259	0
76	259	0
77	259	0
78	259	0
79	259	0
80	259	0
81	259	0
82	259	0
83	259	0
84	259	0
85	259	0
86	259	0
87	259	0
88	259	0
89	259	0
90	259	0
91	259	0
92	259	0
93	259	0
94	259	0
95	259	0
131	250	0
54	259	0
314	297	0
313	298	0
312	299	0
311	298	0
53	260	0
53	261	0
52	262	0
52	263	0
51	264	0
51	265	0
50	266	0
50	267	0
49	268	0
49	269	0
49	270	0
49	271	0
48	272	0
49	273	0
48	274	0
49	275	0
49	276	0
50	277	0
50	278	0
51	279	0
51	280	0
52	281	0
52	282	0
53	283	0
53	284	0
54	285	0
54	286	0
55	287	0
55	288	0
56	289	0
56	290	0
57	291	0
57	292	0
58	293	0
58	294	0
59	295	0
59	296	0
60	297	0
60	298	0
61	299	0
61	300	0
54	259	0
62	301	0
192	392	999
194	392	999
195	392	999
196	392	999
197	392	999
198	392	999
190	393	999
191	393	999
193	393	999
199	393	999
188	394	999
189	394	999
457	12	0
456	13	0
458	11	0
455	14	0
68	45	0
69	45	0
70	45	0
71	45	0
72	45	0
73	45	0
74	45	0
75	45	0
76	45	0
77	45	0
78	45	0
79	45	0
80	45	0
81	45	0
82	45	0
83	45	0
84	45	0
85	45	0
86	45	0
87	45	0
88	45	0
89	45	0
90	46	0
91	46	0
92	47	0
93	47	0
94	48	0
95	48	0
96	49	0
97	49	0
98	50	0
99	51	0
100	51	0
101	52	0
102	52	0
103	53	0
104	53	0
105	54	0
106	54	0
107	55	0
108	55	0
109	56	0
110	56	0
111	57	0
112	57	0
113	58	0
114	58	0
115	59	0
116	59	0
117	60	0
118	60	0
119	61	0
120	61	0
121	62	0
122	62	0
123	63	0
124	63	0
125	64	0
126	64	0
127	65	0
128	65	0
67	45	0
129	66	0
460	10	0
462	10	0
464	10	0
459	11	0
461	11	0
463	11	0
465	11	0
466	11	0
467	11	0
468	11	0
469	12	0
470	12	0
471	13	0
472	13	0
458	11	0
100	180	0
98	181	0
99	181	0
60	182	0
61	182	0
62	182	0
63	182	0
64	182	0
65	182	0
66	182	0
67	182	0
68	182	0
69	182	0
70	182	0
71	182	0
72	182	0
73	182	0
74	182	0
75	182	0
76	182	0
77	182	0
78	182	0
79	182	0
80	182	0
81	182	0
82	182	0
83	182	0
84	182	0
85	182	0
86	182	0
87	182	0
88	182	0
89	182	0
90	182	0
91	182	0
92	182	0
93	182	0
94	182	0
95	182	0
96	182	0
97	182	0
101	179	0
59	182	0
441	237	0
441	238	0
441	239	0
441	240	0
442	241	0
443	242	0
441	236	0
328	368	0
329	369	0
327	367	0
447	232	22
448	233	22
448	234	22
448	235	22
449	236	22
450	237	22
450	238	22
451	239	22
452	240	22
453	240	22
454	240	22
455	241	22
456	242	22
457	242	22
458	242	22
459	242	22
460	242	22
446	231	22
461	241	22
438	11	1
440	11	1
439	12	1
441	12	1
442	12	1
443	13	1
444	13	1
445	13	1
446	13	1
447	13	1
448	13	1
449	13	1
450	13	1
451	13	1
452	13	1
454	13	1
453	14	1
437	10	1
455	14	1
114	3	0
116	3	0
112	4	0
113	4	0
115	4	0
117	4	0
118	4	0
110	5	0
111	5	0
119	5	0
120	5	0
108	6	0
109	6	0
121	6	0
122	6	0
106	7	0
107	7	0
123	7	0
124	7	0
105	8	0
125	8	0
104	9	0
126	9	0
104	10	0
126	10	0
104	11	0
126	11	0
104	12	0
126	12	0
104	13	0
126	13	0
104	14	0
126	14	0
104	15	0
126	15	0
104	16	0
104	17	0
104	18	0
104	19	0
126	16	0
104	20	0
257	248	5
257	249	5
257	250	5
257	251	5
257	252	5
257	253	5
256	254	5
256	255	5
255	256	5
257	247	5
254	257	5
144	58	0
145	58	0
146	58	0
147	58	0
148	58	0
149	58	0
150	58	0
151	58	0
153	58	0
142	59	0
143	59	0
152	59	0
154	59	0
155	59	0
156	59	0
157	59	0
140	60	0
141	60	0
158	60	0
159	60	0
160	60	0
162	60	0
138	61	0
139	61	0
161	61	0
163	61	0
164	61	0
165	61	0
166	61	0
167	61	0
168	61	0
169	61	0
170	61	0
171	61	0
173	61	0
136	62	0
137	62	0
172	62	0
174	62	0
175	62	0
176	62	0
177	62	0
178	62	0
179	62	0
181	62	0
134	63	0
135	63	0
180	63	0
182	63	0
183	63	0
184	63	0
185	63	0
186	63	0
187	63	0
188	63	0
189	63	0
132	64	0
133	64	0
190	64	0
191	64	0
246	64	0
308	64	0
310	64	0
312	64	0
313	64	0
130	65	0
131	65	0
192	65	0
193	65	0
194	65	0
195	65	0
197	65	0
235	65	0
237	65	0
239	65	0
241	65	0
243	65	0
244	65	0
245	65	0
247	65	0
248	65	0
249	65	0
250	65	0
251	65	0
252	65	0
253	65	0
254	65	0
255	65	0
256	65	0
257	65	0
258	65	0
259	65	0
260	65	0
261	65	0
262	65	0
264	65	0
266	65	0
268	65	0
270	65	0
272	65	0
274	65	0
276	65	0
298	65	0
300	65	0
302	65	0
304	65	0
305	65	0
306	65	0
307	65	0
309	65	0
311	65	0
196	66	0
198	66	0
199	66	0
200	66	0
201	66	0
203	66	0
222	66	0
224	66	0
226	66	0
228	66	0
229	66	0
230	66	0
231	66	0
232	66	0
233	66	0
234	66	0
236	66	0
238	66	0
240	66	0
242	66	0
263	66	0
265	66	0
267	66	0
269	66	0
271	66	0
273	66	0
275	66	0
277	66	0
278	66	0
279	66	0
280	66	0
281	66	0
283	66	0
285	66	0
286	66	0
288	66	0
290	66	0
291	66	0
292	66	0
293	66	0
294	66	0
295	66	0
296	66	0
297	66	0
299	66	0
301	66	0
303	66	0
202	67	0
204	67	0
205	67	0
206	67	0
207	67	0
208	67	0
209	67	0
210	67	0
211	67	0
212	67	0
213	67	0
214	67	0
215	67	0
216	67	0
217	67	0
218	67	0
219	67	0
220	67	0
221	67	0
223	67	0
225	67	0
227	67	0
282	67	0
284	67	0
287	67	0
289	67	0
314	64	0
129	66	0
208	292	0
208	293	0
207	294	0
206	295	0
206	296	0
205	297	0
204	298	0
204	299	0
203	300	0
203	301	0
209	291	0
202	302	0
294	239	0
295	240	0
296	240	0
297	241	0
298	241	0
299	241	0
300	242	0
301	242	0
315	242	0
302	243	0
303	243	0
305	243	0
307	243	0
308	243	0
309	243	0
310	243	0
311	243	0
312	243	0
313	243	0
314	243	0
316	243	0
317	243	0
318	243	0
304	244	0
306	244	0
293	238	0
319	243	0
122	300	0
123	300	0
124	300	0
125	300	0
126	300	0
127	300	0
128	300	0
129	300	0
130	301	0
131	301	0
132	302	0
121	300	0
133	303	0
171	176	0
172	176	0
173	177	0
174	177	0
175	178	0
176	178	0
178	178	0
177	179	0
179	179	0
180	179	0
181	180	0
182	180	0
183	180	0
184	180	0
185	180	0
186	180	0
188	180	0
190	180	0
187	181	0
189	181	0
191	181	0
192	181	0
193	181	0
194	181	0
196	181	0
198	181	0
195	182	0
197	182	0
199	182	0
200	182	0
201	183	0
202	184	0
203	184	0
170	176	0
204	185	0
575	89	0
575	90	0
575	91	0
576	88	0
575	92	0
115	365	0
116	366	0
117	366	0
118	367	0
119	367	0
144	367	0
120	368	0
121	368	0
142	368	0
143	368	0
122	369	0
140	369	0
141	369	0
123	370	0
124	370	0
138	370	0
139	370	0
125	371	0
126	371	0
128	371	0
136	371	0
137	371	0
127	372	0
129	372	0
130	372	0
131	372	0
132	372	0
133	372	0
134	372	0
135	372	0
114	364	0
145	367	0
182	363	0
183	364	0
184	364	0
185	365	0
186	366	0
187	367	0
188	368	0
189	369	0
190	370	0
191	371	0
192	372	0
181	363	0
192	373	0
148	225	0
148	226	0
148	227	0
148	228	0
148	229	0
148	230	0
148	231	0
148	232	0
148	233	0
148	234	0
148	235	0
148	236	0
148	237	0
148	238	0
148	239	0
148	240	0
149	241	0
149	242	0
149	243	0
149	244	0
148	224	0
149	245	0
160	234	0
161	235	0
162	236	0
163	237	0
164	238	0
165	239	0
166	240	0
166	241	0
166	242	0
166	243	0
166	244	0
160	233	0
166	245	0
420	15	0
421	14	0
419	16	0
63	301	0
64	301	0
65	301	0
66	301	0
67	301	0
68	301	0
69	301	0
70	301	0
71	301	0
72	301	0
73	301	0
74	301	0
75	301	0
76	301	0
77	301	0
78	301	0
79	301	0
80	301	0
81	301	0
82	301	0
83	301	0
84	301	0
85	301	0
86	301	0
87	301	0
88	301	0
89	301	0
90	301	0
91	301	0
92	301	0
93	301	0
94	301	0
95	301	0
96	302	0
97	302	0
110	302	0
98	303	0
99	303	0
100	303	0
101	303	0
102	303	0
104	303	0
105	303	0
106	303	0
107	303	0
108	303	0
109	303	0
111	303	0
112	303	0
113	303	0
114	303	0
103	304	0
62	301	0
115	304	0
118	301	0
119	301	0
117	302	0
116	303	0
120	300	0
115	304	0
332	242	2
333	242	2
334	242	2
335	242	2
336	243	2
337	243	2
338	243	2
339	244	2
331	243	2
340	245	2
116	9	66
117	10	66
118	11	66
119	12	66
120	13	66
121	14	66
122	15	66
123	16	66
124	17	66
199	302	5
200	302	5
194	303	5
195	303	5
196	303	5
197	303	5
198	303	5
201	303	5
191	304	5
192	304	5
193	304	5
188	305	5
189	305	5
190	305	5
187	306	5
185	307	5
186	307	5
184	308	5
182	309	5
183	309	5
180	310	5
181	310	5
202	302	5
179	311	5
369	244	0
370	244	0
371	244	0
368	245	0
367	246	0
372	243	0
366	247	0
387	241	0
387	242	0
386	243	0
385	244	0
387	240	0
642	109	0
643	108	0
275	295	0
275	296	0
275	297	0
275	298	0
275	299	0
275	300	0
275	301	0
275	302	0
276	303	0
275	304	0
275	294	0
308	105	0
310	105	0
312	105	0
313	105	0
314	105	0
315	105	0
317	105	0
319	105	0
320	105	0
322	105	0
324	105	0
326	105	0
250	106	0
251	106	0
252	106	0
253	106	0
254	106	0
256	106	0
258	106	0
259	106	0
261	106	0
304	106	0
306	106	0
307	106	0
309	106	0
311	106	0
316	106	0
318	106	0
321	106	0
323	106	0
325	106	0
327	106	0
328	106	0
329	106	0
330	106	0
332	106	0
334	106	0
255	107	0
257	107	0
260	107	0
262	107	0
263	107	0
264	107	0
265	107	0
266	107	0
267	107	0
269	107	0
270	107	0
271	107	0
273	107	0
275	107	0
277	107	0
279	107	0
281	107	0
282	107	0
284	107	0
286	107	0
288	107	0
290	107	0
291	107	0
293	107	0
295	107	0
296	107	0
297	107	0
298	107	0
299	107	0
300	107	0
301	107	0
302	107	0
303	107	0
305	107	0
331	107	0
333	107	0
335	107	0
336	107	0
337	107	0
338	107	0
339	107	0
340	107	0
342	107	0
344	107	0
346	107	0
268	108	0
272	108	0
274	108	0
276	108	0
278	108	0
280	108	0
283	108	0
285	108	0
287	108	0
289	108	0
292	108	0
294	108	0
341	108	0
343	108	0
345	108	0
347	108	0
348	108	0
349	108	0
351	108	0
353	108	0
354	108	0
356	108	0
358	108	0
360	108	0
362	108	0
363	108	0
364	108	0
365	108	0
366	108	0
367	108	0
368	108	0
369	108	0
371	108	0
373	108	0
375	108	0
377	108	0
379	108	0
381	108	0
350	109	0
352	109	0
355	109	0
357	109	0
359	109	0
361	109	0
370	109	0
372	109	0
374	109	0
376	109	0
378	109	0
380	109	0
382	109	0
383	109	0
384	109	0
385	109	0
386	109	0
387	109	0
388	109	0
390	109	0
395	109	0
389	110	0
391	110	0
392	110	0
393	110	0
394	110	0
396	110	0
249	107	0
397	111	0
346	181	0
348	181	0
342	182	0
344	182	0
345	182	0
347	182	0
349	182	0
350	182	0
351	182	0
352	182	0
353	182	0
354	182	0
355	182	0
356	182	0
357	182	0
358	182	0
359	182	0
360	182	0
339	183	0
340	183	0
341	183	0
343	183	0
361	183	0
362	183	0
338	184	0
363	184	0
336	185	0
337	185	0
364	185	0
365	186	0
335	186	0
456	391	3
457	392	3
458	393	3
455	390	3
329	244	0
328	245	0
330	243	0
328	246	0
125	17	0
126	16	0
124	17	0
377	10	0
378	11	0
379	11	0
380	11	0
381	11	0
383	11	0
385	11	0
387	11	0
389	11	0
382	12	0
384	12	0
386	12	0
388	12	0
390	12	0
391	13	0
392	13	0
393	13	0
394	13	0
396	13	0
395	14	0
397	14	0
398	14	0
399	14	0
400	15	0
401	15	0
402	15	0
403	15	0
404	15	0
405	15	0
406	15	0
407	15	0
408	15	0
409	15	0
411	15	0
410	16	0
412	16	0
413	16	0
414	16	0
415	16	0
376	11	0
416	17	0
417	16	28
418	16	28
416	17	28
167	386	0
167	387	0
168	388	0
169	389	0
170	390	0
171	391	0
172	392	0
173	393	0
174	393	0
175	394	0
167	385	0
269	180	0
269	181	0
269	182	0
269	183	0
269	184	0
269	185	0
269	186	0
318	186	0
319	186	0
320	186	0
321	186	0
322	186	0
323	186	0
324	186	0
325	186	0
326	186	0
327	186	0
328	186	0
329	186	0
330	186	0
331	186	0
332	186	0
270	187	0
315	187	0
316	187	0
317	187	0
333	187	0
270	188	0
299	188	0
301	188	0
310	188	0
312	188	0
313	188	0
314	188	0
271	189	0
288	189	0
290	189	0
292	189	0
294	189	0
295	189	0
296	189	0
298	189	0
300	189	0
302	189	0
303	189	0
304	189	0
305	189	0
306	189	0
307	189	0
308	189	0
309	189	0
311	189	0
272	190	0
273	190	0
285	190	0
286	190	0
287	190	0
289	190	0
291	190	0
293	190	0
297	190	0
274	191	0
276	191	0
278	191	0
280	191	0
281	191	0
282	191	0
283	191	0
284	191	0
275	192	0
277	192	0
279	192	0
269	179	0
334	186	0
61	350	0
61	351	0
61	352	0
61	353	0
61	354	0
61	355	0
61	356	0
61	357	0
61	358	0
61	359	0
61	360	0
61	361	0
61	362	0
62	363	0
63	364	0
64	364	0
65	365	0
66	365	0
67	366	0
68	366	0
69	367	0
70	367	0
71	368	0
72	368	0
73	369	0
74	369	0
75	370	0
76	370	0
77	371	0
78	371	0
79	372	0
80	372	0
81	373	0
82	373	0
83	374	0
84	374	0
85	375	0
86	375	0
87	376	0
88	376	0
61	349	0
89	377	0
113	365	0
111	366	0
112	366	0
109	367	0
110	367	0
108	368	0
106	369	0
107	369	0
105	370	0
104	371	0
103	372	0
101	373	0
102	373	0
99	374	0
100	374	0
98	375	0
95	376	0
96	376	0
97	376	0
91	377	0
92	377	0
93	377	0
94	377	0
114	364	0
90	377	0
547	106	0
546	107	0
546	108	0
546	109	0
545	110	0
544	111	0
644	109	0
645	110	0
643	108	0
312	10	0
311	11	0
310	12	0
310	13	0
310	14	0
310	15	0
310	16	0
310	17	0
313	9	0
310	18	0
150	246	0
151	246	0
152	246	0
153	246	0
154	246	0
155	246	0
156	246	0
157	246	0
158	246	0
159	246	0
160	246	0
161	246	0
162	246	0
163	246	0
164	246	0
149	245	0
165	246	0
472	108	0
471	109	0
473	109	0
468	110	0
469	110	0
470	110	0
474	110	0
475	110	0
476	110	0
467	111	0
477	111	0
478	111	0
466	112	0
466	113	0
465	114	0
464	115	0
463	116	0
206	278	0
207	279	0
208	279	0
209	280	0
210	280	0
211	281	0
212	281	0
205	279	0
213	282	0
170	308	0
168	309	0
169	309	0
171	309	0
172	309	0
166	310	0
167	310	0
173	310	0
174	310	0
175	310	0
176	310	0
177	310	0
164	311	0
165	311	0
161	312	0
162	312	0
163	312	0
159	313	0
160	313	0
156	314	0
157	314	0
158	314	0
154	315	0
155	315	0
153	316	0
178	311	0
152	317	0
253	246	0
254	246	0
255	246	0
256	246	0
252	247	0
257	247	0
251	248	0
164	373	0
163	374	0
162	375	0
161	376	0
160	377	0
159	378	0
309	299	0
310	298	0
383	24	0
384	24	0
385	24	0
386	24	0
387	24	0
388	24	0
389	24	0
390	24	0
391	24	0
381	25	0
382	25	0
392	25	0
394	25	0
379	26	0
380	26	0
393	26	0
395	26	0
396	26	0
397	26	0
377	27	0
378	27	0
398	27	0
399	27	0
400	27	0
401	27	0
376	28	0
402	28	0
404	28	0
405	28	0
407	28	0
375	29	0
403	29	0
406	29	0
408	29	0
410	29	0
409	30	0
411	30	0
412	30	0
414	30	0
413	31	0
374	30	0
415	31	0
341	244	0
343	244	0
345	244	0
347	244	0
349	244	0
342	245	0
344	245	0
346	245	0
348	245	0
350	245	0
351	245	0
352	246	0
353	246	0
340	245	0
354	247	0
358	244	1
359	244	1
356	245	1
357	245	1
360	245	1
361	245	1
362	245	1
355	246	1
363	246	1
364	246	1
365	246	1
354	247	1
366	247	1
373	244	0
374	244	0
375	245	0
376	246	0
372	243	0
191	374	0
189	375	0
190	375	0
187	376	0
188	376	0
180	377	0
185	377	0
186	377	0
179	378	0
181	378	0
182	378	0
183	378	0
184	378	0
175	379	0
176	379	0
177	379	0
178	379	0
174	380	0
173	381	0
171	382	0
172	382	0
170	383	0
168	384	0
169	384	0
192	373	0
167	385	0
103	180	0
104	181	0
105	182	0
106	183	0
107	184	0
108	185	0
109	186	0
110	187	0
111	188	0
112	189	0
113	190	0
114	190	0
102	179	0
115	191	0
265	370	0
265	371	0
265	372	0
265	373	0
265	374	0
265	375	0
265	376	0
265	377	0
265	378	0
266	379	0
268	377	8
267	378	8
266	379	8
329	247	0
330	248	0
331	248	0
332	249	0
333	250	0
334	250	0
335	251	0
336	251	0
337	251	0
328	246	0
338	250	0
541	112	1
542	112	1
536	113	1
537	113	1
538	113	1
539	113	1
540	113	1
530	114	1
531	114	1
534	114	1
535	114	1
532	115	1
533	115	1
543	112	1
529	114	1
545	113	0
544	112	0
258	246	0
259	246	0
260	246	0
261	247	0
262	247	0
257	247	0
263	248	0
246	10	0
244	11	0
245	11	0
243	12	0
241	13	0
242	13	0
240	14	0
238	15	0
239	15	0
237	16	0
237	17	0
237	18	0
237	19	0
247	9	0
237	20	0
61	302	0
61	303	0
60	304	0
60	305	0
59	306	0
59	307	0
58	308	0
58	309	0
57	310	0
57	311	0
56	312	0
56	313	0
55	314	0
55	315	0
54	316	0
54	317	0
53	318	0
53	319	0
52	320	0
52	321	0
51	322	0
51	323	0
50	324	0
50	325	0
49	326	0
49	327	0
48	328	0
48	329	0
47	330	0
47	331	0
47	332	0
47	333	0
47	334	0
48	335	0
48	336	0
49	337	0
49	338	0
50	339	0
50	340	0
51	341	0
51	342	0
62	301	0
52	343	0
259	12	13
260	13	13
261	14	13
262	14	13
263	14	13
264	14	13
265	14	13
266	14	13
268	14	13
288	14	13
290	14	13
295	14	13
297	14	13
299	14	13
267	15	13
269	15	13
270	15	13
271	15	13
282	15	13
284	15	13
286	15	13
287	15	13
289	15	13
291	15	13
292	15	13
293	15	13
294	15	13
296	15	13
298	15	13
300	15	13
272	16	13
273	16	13
274	16	13
275	16	13
276	16	13
277	16	13
278	16	13
279	16	13
281	16	13
283	16	13
285	16	13
301	16	13
302	16	13
280	17	13
303	17	13
304	17	13
305	18	13
306	18	13
307	19	13
308	19	13
258	13	13
309	20	13
394	391	0
395	392	0
396	393	0
397	394	0
398	394	0
393	390	0
323	245	0
324	245	0
325	246	0
326	247	0
327	247	0
322	244	0
328	246	0
419	18	8
419	19	8
419	17	8
420	20	8
455	15	0
456	16	0
457	17	0
458	18	0
459	18	0
461	18	0
463	18	0
465	18	0
467	18	0
460	19	0
462	19	0
464	19	0
466	19	0
468	19	0
455	14	0
469	19	0
455	247	960
456	247	960
352	67	49
352	68	49
352	69	49
352	70	49
353	66	49
352	71	49
121	88	0
121	89	0
122	90	0
123	91	0
124	92	0
124	93	0
124	94	0
125	95	0
126	96	0
127	97	0
128	97	0
129	98	0
129	99	0
130	100	0
131	101	0
132	101	0
133	102	0
133	103	0
134	104	0
135	105	0
136	105	0
137	106	0
138	106	0
139	107	0
140	108	0
141	108	0
142	109	0
143	110	0
144	111	0
145	112	0
146	113	0
147	114	0
148	115	0
120	87	0
149	116	0
641	68	0
641	69	0
640	70	0
639	71	0
250	159	61
249	160	61
251	158	61
135	303	0
136	304	0
137	305	0
138	306	0
139	307	0
140	308	0
141	309	0
142	310	0
143	311	0
144	312	0
145	313	0
146	314	0
147	315	0
148	315	0
149	316	0
150	316	0
134	303	0
151	317	0
267	250	66
267	251	66
267	252	66
267	253	66
267	254	66
267	255	66
267	256	66
266	257	66
265	258	66
267	249	66
206	184	0
207	184	0
208	184	0
209	184	0
210	185	0
211	185	0
213	185	0
212	186	0
214	186	0
215	187	0
216	187	0
218	187	0
217	188	0
219	188	0
221	188	0
220	189	0
222	189	0
223	189	0
224	189	0
226	189	0
228	189	0
225	190	0
227	190	0
229	190	0
230	190	0
231	190	0
232	190	0
234	190	0
233	191	0
205	185	0
235	191	0
312	20	3
311	19	3
313	19	3
264	247	0
265	247	0
266	248	0
263	248	0
267	249	0
425	18	0
424	19	0
422	20	0
423	20	0
424	17	0
421	20	0
470	20	0
469	19	0
335	188	37
336	189	37
335	190	37
336	191	37
335	187	37
219	373	0
221	373	0
223	373	0
224	373	0
226	373	0
193	374	0
194	374	0
196	374	0
214	374	0
216	374	0
218	374	0
220	374	0
222	374	0
225	374	0
227	374	0
195	375	0
197	375	0
198	375	0
200	375	0
202	375	0
204	375	0
210	375	0
211	375	0
212	375	0
213	375	0
215	375	0
217	375	0
228	375	0
229	375	0
230	375	0
199	376	0
201	376	0
203	376	0
205	376	0
206	376	0
207	376	0
208	376	0
209	376	0
231	376	0
232	376	0
233	376	0
234	377	0
235	377	0
236	377	0
237	378	0
238	379	0
239	379	0
240	379	0
242	379	0
241	380	0
243	380	0
244	380	0
245	380	0
254	380	0
256	380	0
262	380	0
264	380	0
246	381	0
247	381	0
248	381	0
249	381	0
250	381	0
251	381	0
252	381	0
253	381	0
255	381	0
257	381	0
258	381	0
259	381	0
260	381	0
261	381	0
263	381	0
192	373	0
265	380	0
397	112	0
397	113	0
397	114	0
397	115	0
397	116	0
397	111	0
417	108	0
419	108	0
421	108	0
422	108	0
423	108	0
424	108	0
425	108	0
426	108	0
427	108	0
428	108	0
429	108	0
430	108	0
431	108	0
432	108	0
433	108	0
434	108	0
435	108	0
436	108	0
438	108	0
412	109	0
414	109	0
416	109	0
418	109	0
420	109	0
437	109	0
439	109	0
398	110	0
400	110	0
401	110	0
402	110	0
403	110	0
404	110	0
406	110	0
408	110	0
409	110	0
410	110	0
411	110	0
413	110	0
415	110	0
440	110	0
441	110	0
442	110	0
399	111	0
405	111	0
407	111	0
443	111	0
444	111	0
445	111	0
446	111	0
447	112	0
448	113	0
449	113	0
450	113	0
452	113	0
451	114	0
453	114	0
454	114	0
455	114	0
456	114	0
457	115	0
458	115	0
460	115	0
462	115	0
459	116	0
461	116	0
397	111	0
463	116	0
261	333	1
262	334	1
263	335	1
263	336	1
264	337	1
265	338	1
266	339	1
267	340	1
268	340	1
269	341	1
270	341	1
271	342	1
272	343	1
273	343	1
275	343	1
274	344	1
276	344	1
277	344	1
278	344	1
280	344	1
282	344	1
284	344	1
286	344	1
279	345	1
281	345	1
283	345	1
285	345	1
287	345	1
288	345	1
289	345	1
291	345	1
290	346	1
292	346	1
293	346	1
294	346	1
296	346	1
295	347	1
297	347	1
298	347	1
299	347	1
300	348	1
301	348	1
302	348	1
303	349	1
304	349	1
306	349	1
305	350	1
307	350	1
308	350	1
310	350	1
309	351	1
311	351	1
312	351	1
313	351	1
314	352	1
315	352	1
261	332	1
316	352	1
160	380	0
161	381	0
162	382	0
159	379	0
163	383	0
353	72	0
354	73	0
356	73	0
357	73	0
358	73	0
355	74	0
352	71	0
359	72	0
230	21	0
232	21	0
233	21	0
234	21	0
235	21	0
236	21	0
226	22	0
228	22	0
229	22	0
231	22	0
220	23	0
221	23	0
222	23	0
223	23	0
224	23	0
225	23	0
227	23	0
200	24	0
201	24	0
202	24	0
203	24	0
204	24	0
206	24	0
208	24	0
210	24	0
212	24	0
213	24	0
214	24	0
215	24	0
216	24	0
217	24	0
218	24	0
219	24	0
205	25	0
207	25	0
209	25	0
211	25	0
237	20	0
199	23	0
456	9	12
457	10	12
458	11	12
340	246	0
339	247	0
338	248	0
338	249	0
340	245	0
338	250	0
168	177	0
167	178	0
165	179	0
166	179	0
164	180	0
163	181	0
162	182	0
161	183	0
159	184	0
160	184	0
158	185	0
157	186	0
155	187	0
156	187	0
154	188	0
153	189	0
151	190	0
152	190	0
150	191	0
149	192	0
148	193	0
147	194	0
169	176	0
146	195	0
168	246	0
169	247	0
170	247	0
171	247	0
172	247	0
173	247	0
250	247	0
174	248	0
175	248	0
176	248	0
178	248	0
246	248	0
248	248	0
249	248	0
177	249	0
179	249	0
180	249	0
181	249	0
242	249	0
243	249	0
244	249	0
245	249	0
247	249	0
182	250	0
183	250	0
184	250	0
186	250	0
240	250	0
241	250	0
185	251	0
187	251	0
188	251	0
189	251	0
190	251	0
192	251	0
194	251	0
238	251	0
239	251	0
191	252	0
193	252	0
195	252	0
196	252	0
197	252	0
234	252	0
236	252	0
237	252	0
198	253	0
199	253	0
200	253	0
232	253	0
233	253	0
235	253	0
201	254	0
202	254	0
204	254	0
224	254	0
225	254	0
226	254	0
227	254	0
228	254	0
229	254	0
230	254	0
231	254	0
203	255	0
205	255	0
206	255	0
208	255	0
217	255	0
219	255	0
220	255	0
221	255	0
222	255	0
223	255	0
207	256	0
209	256	0
210	256	0
211	256	0
212	256	0
213	256	0
214	256	0
215	256	0
216	256	0
218	256	0
167	246	0
251	248	0
343	194	964
344	194	964
345	194	964
122	18	0
123	18	0
120	19	0
121	19	0
119	20	0
106	21	0
107	21	0
108	21	0
109	21	0
110	21	0
111	21	0
112	21	0
117	21	0
118	21	0
113	22	0
114	22	0
115	22	0
116	22	0
124	17	0
105	21	0
189	9	0
190	10	0
191	10	0
192	11	0
193	12	0
194	12	0
195	13	0
196	13	0
197	14	0
198	15	0
199	16	0
199	17	0
199	18	0
199	19	0
199	20	0
199	21	0
199	22	0
188	8	0
199	23	0
164	384	0
166	384	0
165	385	0
163	383	0
167	385	0
116	190	0
117	191	0
118	191	0
119	191	0
120	191	0
121	191	0
122	191	0
123	191	0
124	191	0
125	191	0
127	191	0
129	191	0
131	191	0
126	192	0
128	192	0
130	192	0
132	192	0
133	192	0
134	192	0
135	192	0
136	192	0
137	192	0
138	193	0
139	193	0
140	194	0
141	194	0
142	195	0
143	195	0
144	196	0
115	191	0
145	196	0
324	363	0
324	364	0
325	365	0
326	365	0
323	362	0
327	366	0
354	248	0
353	249	0
353	250	0
354	247	0
353	251	0
351	196	963
352	196	963
360	73	0
372	73	0
374	73	0
375	73	0
361	74	0
362	74	0
363	74	0
364	74	0
365	74	0
367	74	0
368	74	0
369	74	0
370	74	0
371	74	0
373	74	0
376	74	0
366	75	0
359	72	0
377	73	0
324	239	0
325	239	0
326	239	0
327	240	0
328	240	0
329	241	0
323	240	0
330	242	0
148	246	0
147	247	0
146	248	0
144	249	0
145	249	0
142	250	0
143	250	0
134	251	0
135	251	0
136	251	0
137	251	0
138	251	0
139	251	0
140	251	0
141	251	0
149	245	0
133	251	0
171	109	0
170	110	0
169	111	0
168	112	0
167	113	0
166	114	0
164	115	0
165	115	0
163	116	0
163	117	0
162	118	0
161	119	0
161	120	0
160	121	0
172	108	0
159	122	0
464	117	9
465	117	9
466	118	9
467	119	9
468	119	9
469	120	9
470	121	9
472	121	9
471	122	9
473	122	9
474	122	9
475	122	9
477	122	9
476	123	9
478	123	9
480	123	9
481	123	9
483	123	9
484	123	9
485	123	9
486	123	9
487	123	9
479	124	9
482	124	9
463	116	9
488	124	9
147	197	65
148	198	65
146	196	65
149	199	65
657	74	0
657	75	0
658	76	0
659	74	0
659	75	0
658	76	0
143	384	28
143	385	28
143	386	28
143	387	28
143	388	28
333	53	0
335	53	0
336	53	0
337	53	0
338	53	0
340	53	0
342	53	0
343	53	0
344	53	0
345	53	0
346	53	0
347	53	0
320	54	0
322	54	0
324	54	0
326	54	0
328	54	0
330	54	0
331	54	0
332	54	0
334	54	0
339	54	0
341	54	0
319	55	0
321	55	0
323	55	0
325	55	0
327	55	0
329	55	0
318	56	0
316	57	0
317	57	0
315	58	0
315	59	0
315	60	0
315	61	0
315	62	0
348	53	0
315	63	0
640	72	7
641	73	7
641	74	7
642	75	7
643	75	7
644	76	7
639	71	7
528	116	1
528	117	1
528	118	1
528	119	1
528	120	1
528	121	1
527	122	1
528	115	1
477	251	1
476	252	1
151	118	0
152	119	0
153	120	0
154	121	0
155	121	0
156	122	0
157	123	0
150	117	0
158	123	0
393	62	0
390	63	0
391	63	0
392	63	0
394	63	0
395	63	0
389	64	0
396	64	0
387	65	0
388	65	0
397	65	0
385	66	0
386	66	0
398	66	0
383	67	0
384	67	0
399	67	0
382	68	0
400	68	0
380	69	0
381	69	0
401	69	0
402	69	0
379	70	0
403	70	0
378	71	0
404	71	0
405	71	0
377	72	0
406	72	0
407	72	0
408	72	0
410	72	0
413	72	0
415	72	0
417	72	0
409	73	0
411	73	0
412	73	0
414	73	0
416	73	0
418	73	0
419	73	0
420	73	0
421	73	0
422	73	0
424	73	0
423	74	0
425	74	0
426	74	0
427	75	0
428	75	0
430	75	0
432	75	0
429	76	0
431	76	0
433	76	0
434	76	0
435	77	0
377	73	0
286	311	50
287	311	50
288	312	50
289	313	50
290	313	50
291	314	50
292	315	50
293	316	50
294	316	50
295	316	50
296	317	50
298	317	50
297	318	50
299	318	50
301	318	50
300	319	50
302	319	50
303	319	50
304	320	50
305	320	50
306	320	50
307	320	50
308	321	50
309	321	50
310	322	50
311	322	50
312	323	50
313	324	50
313	325	50
313	326	50
637	71	0
636	72	0
635	73	0
634	74	0
632	75	0
633	75	0
631	76	0
630	77	0
638	70	0
629	78	0
658	77	0
658	76	0
658	78	0
251	249	0
251	250	0
251	251	0
251	252	0
251	248	0
252	253	0
151	319	0
151	320	0
151	321	0
151	322	0
151	323	0
151	324	0
151	325	0
151	326	0
151	318	0
151	327	0
115	192	63
115	193	63
115	194	63
115	195	63
115	196	63
114	197	63
113	198	63
111	199	63
112	199	63
109	200	63
110	200	63
108	201	63
55	202	63
56	202	63
57	202	63
58	202	63
59	202	63
60	202	63
61	202	63
62	202	63
63	202	63
64	202	63
65	202	63
66	202	63
67	202	63
68	202	63
69	202	63
70	202	63
71	202	63
72	202	63
73	202	63
74	202	63
75	202	63
76	202	63
77	202	63
78	202	63
79	202	63
80	202	63
81	202	63
82	202	63
83	202	63
84	202	63
85	202	63
86	202	63
87	202	63
88	202	63
89	202	63
90	202	63
91	202	63
92	202	63
93	202	63
94	202	63
95	202	63
96	202	63
97	202	63
98	202	63
106	202	63
107	202	63
99	203	63
100	203	63
104	203	63
105	203	63
101	204	63
102	204	63
103	204	63
115	191	63
54	202	63
58	183	63
57	184	63
57	185	63
56	186	63
56	187	63
55	188	63
55	189	63
54	190	63
54	191	63
53	192	63
53	193	63
52	194	63
52	195	63
51	196	63
51	197	63
51	198	63
52	199	63
52	200	63
53	201	63
59	182	63
54	202	63
366	248	0
366	249	0
365	250	0
364	251	0
363	252	0
366	247	0
362	253	0
462	242	0
463	243	0
464	244	0
465	245	0
466	245	0
468	245	0
467	246	0
469	246	0
470	247	0
470	248	0
471	249	0
472	250	0
473	251	0
474	252	0
461	241	0
475	252	0
439	78	969
441	78	969
442	78	969
440	79	969
443	79	969
444	79	969
162	384	0
160	385	0
161	385	0
158	386	0
159	386	0
156	387	0
157	387	0
154	388	0
155	388	0
144	389	0
146	389	0
148	389	0
149	389	0
150	389	0
151	389	0
152	389	0
153	389	0
145	390	0
147	390	0
163	383	0
143	388	0
127	338	0
126	339	0
125	340	0
124	341	0
123	342	0
122	343	0
121	344	0
120	345	0
119	346	0
118	347	0
118	348	0
117	349	0
117	350	0
128	337	0
117	351	0
160	124	0
161	125	0
161	126	0
161	127	0
159	123	0
161	128	0
393	387	0
394	388	0
393	389	0
393	390	0
478	41	0
477	42	0
336	125	0
335	126	0
332	127	0
333	127	0
334	127	0
331	128	0
331	129	0
330	130	0
329	131	0
328	132	0
328	133	0
327	134	0
326	135	0
90	379	0
91	380	0
92	380	0
93	381	0
94	381	0
95	382	0
96	382	0
97	383	0
98	383	0
99	384	0
100	384	0
101	385	0
102	385	0
103	385	0
104	386	0
105	386	0
107	386	0
108	386	0
109	386	0
110	386	0
111	386	0
112	386	0
114	386	0
116	386	0
118	386	0
106	387	0
113	387	0
115	387	0
117	387	0
119	387	0
120	387	0
121	387	0
122	387	0
124	387	0
126	387	0
128	387	0
130	387	0
132	387	0
123	388	0
125	388	0
127	388	0
129	388	0
131	388	0
133	388	0
134	388	0
136	388	0
138	388	0
135	389	0
137	389	0
139	389	0
140	389	0
142	389	0
141	390	0
89	378	0
143	388	0
630	79	3
653	79	3
654	79	3
655	79	3
656	79	3
631	80	3
651	80	3
652	80	3
632	81	3
648	81	3
649	81	3
650	81	3
633	82	3
634	82	3
645	82	3
646	82	3
647	82	3
635	83	3
636	83	3
637	83	3
639	83	3
641	83	3
642	83	3
643	83	3
644	83	3
638	84	3
640	84	3
629	78	3
657	79	3
467	377	2
466	378	2
129	67	0
129	68	0
129	69	0
128	70	0
127	71	0
126	72	0
125	73	0
124	74	0
123	75	0
123	76	0
123	77	0
123	78	0
123	79	0
123	80	0
129	66	0
123	81	0
339	251	0
340	252	0
342	252	0
344	252	0
346	252	0
348	252	0
351	252	0
352	252	0
341	253	0
343	253	0
345	253	0
347	253	0
349	253	0
350	253	0
338	250	0
353	251	0
60	106	0
60	107	0
59	108	0
59	109	0
58	110	0
58	111	0
57	112	0
57	113	0
56	114	0
56	115	0
55	116	0
55	117	0
54	118	0
54	119	0
54	120	0
55	121	0
55	122	0
56	123	0
56	124	0
57	125	0
57	126	0
58	127	0
58	128	0
59	129	0
59	130	0
61	105	0
60	131	0
387	389	24
388	389	24
389	389	24
390	389	24
391	390	24
392	391	24
393	390	24
659	80	0
658	79	0
249	108	0
248	109	0
247	110	0
246	111	0
244	112	0
245	112	0
243	113	0
241	114	0
242	114	0
240	115	0
239	116	0
238	117	0
237	118	0
236	119	0
235	120	0
234	121	0
233	122	0
231	123	0
232	123	0
230	124	0
229	125	0
227	126	0
228	126	0
226	127	0
225	128	0
224	129	0
223	130	0
249	107	0
222	131	0
251	254	0
252	253	0
252	255	0
606	79	0
607	79	0
608	79	0
605	80	0
609	80	0
610	80	0
604	81	0
611	81	0
604	82	0
612	82	0
314	10	0
315	11	0
314	12	0
314	13	0
313	14	0
313	15	0
313	16	0
313	17	0
313	18	0
313	9	0
313	19	0
354	252	2
355	253	2
356	253	2
357	254	2
359	254	2
360	254	2
361	254	2
358	255	2
353	251	2
362	253	2
203	303	0
203	304	0
204	305	0
204	306	0
205	307	0
206	308	0
206	309	0
207	310	0
208	311	0
209	312	0
210	313	0
210	314	0
211	315	0
212	316	0
213	317	0
214	318	0
215	319	0
216	320	0
217	321	0
218	322	0
218	323	0
218	324	0
218	325	0
218	326	0
218	327	0
218	328	0
218	329	0
202	302	0
218	330	0
545	142	0
546	142	0
547	142	0
548	143	0
549	143	0
550	143	0
551	143	0
552	144	0
553	145	0
554	145	0
544	141	0
555	146	0
128	16	0
130	16	0
132	16	0
127	17	0
129	17	0
131	17	0
133	17	0
134	17	0
135	17	0
136	17	0
137	17	0
138	17	0
139	17	0
140	17	0
142	17	0
144	17	0
146	17	0
141	18	0
143	18	0
145	18	0
147	18	0
148	18	0
149	18	0
150	18	0
151	18	0
152	19	0
153	19	0
154	20	0
155	20	0
156	20	0
157	21	0
158	21	0
159	21	0
160	21	0
162	21	0
161	22	0
163	22	0
164	22	0
165	22	0
166	23	0
167	23	0
168	23	0
169	23	0
171	23	0
170	24	0
172	24	0
173	24	0
174	24	0
175	24	0
177	24	0
198	24	0
176	25	0
178	25	0
179	25	0
180	25	0
181	25	0
182	25	0
183	25	0
184	25	0
186	25	0
188	25	0
196	25	0
197	25	0
185	26	0
187	26	0
189	26	0
190	26	0
191	26	0
192	26	0
194	26	0
195	26	0
193	27	0
126	16	0
199	23	0
370	3	22
369	4	22
148	79	0
147	80	0
146	81	0
125	82	0
126	82	0
127	82	0
128	82	0
129	82	0
130	82	0
131	82	0
132	82	0
133	82	0
134	82	0
135	82	0
136	82	0
137	82	0
138	82	0
139	82	0
140	82	0
141	82	0
142	82	0
143	82	0
144	82	0
145	82	0
124	82	0
314	20	4
315	20	4
316	21	4
317	22	4
318	22	4
319	23	4
320	23	4
321	24	4
322	24	4
323	25	4
324	25	4
325	26	4
327	26	4
326	27	4
328	27	4
329	27	4
330	27	4
331	27	4
313	19	4
332	28	4
454	391	0
450	392	0
452	392	0
453	392	0
446	393	0
448	393	0
449	393	0
451	393	0
441	394	0
442	394	0
443	394	0
444	394	0
445	394	0
447	394	0
455	390	0
235	192	62
235	193	62
235	194	62
235	195	62
235	196	62
236	197	62
236	198	62
236	199	62
237	200	62
237	201	62
237	202	62
238	203	62
238	204	62
235	191	62
355	197	971
356	197	971
358	197	971
360	197	971
362	197	971
364	197	971
365	197	971
366	197	971
367	197	971
369	197	971
370	197	971
371	197	971
372	197	971
374	197	971
357	198	971
359	198	971
361	198	971
363	198	971
368	198	971
373	198	971
375	198	971
376	198	971
377	198	971
378	199	971
379	199	971
380	200	971
381	201	971
382	201	971
383	201	971
384	202	971
386	202	971
385	203	971
387	203	971
388	203	971
389	204	971
263	249	0
263	250	0
263	251	0
263	252	0
263	253	0
262	254	0
261	255	0
263	248	0
627	79	0
628	79	0
626	80	0
625	81	0
624	82	0
629	78	0
623	83	0
416	18	2
416	19	2
415	20	2
416	17	2
380	205	0
374	206	0
376	206	0
377	206	0
378	206	0
379	206	0
372	207	0
373	207	0
375	207	0
368	208	0
370	208	0
371	208	0
365	209	0
367	209	0
369	209	0
356	210	0
357	210	0
358	210	0
359	210	0
361	210	0
362	210	0
363	210	0
364	210	0
366	210	0
351	211	0
353	211	0
354	211	0
355	211	0
360	211	0
348	212	0
349	212	0
350	212	0
352	212	0
347	213	0
345	214	0
346	214	0
344	215	0
342	216	0
343	216	0
341	217	0
340	218	0
334	4	0
333	5	0
333	6	0
332	7	0
179	313	0
179	314	0
179	315	0
179	316	0
179	317	0
180	318	0
180	319	0
180	320	0
180	321	0
180	322	0
180	323	0
180	324	0
180	325	0
180	326	0
180	327	0
180	328	0
180	329	0
180	330	0
179	312	0
180	331	0
163	130	0
164	130	0
219	130	0
221	130	0
165	131	0
166	131	0
167	131	0
218	131	0
220	131	0
168	132	0
169	132	0
170	132	0
212	132	0
214	132	0
215	132	0
216	132	0
217	132	0
171	133	0
172	133	0
173	133	0
209	133	0
210	133	0
211	133	0
213	133	0
174	134	0
175	134	0
176	134	0
206	134	0
208	134	0
177	135	0
178	135	0
179	135	0
180	135	0
182	135	0
184	135	0
185	135	0
187	135	0
189	135	0
191	135	0
193	135	0
194	135	0
195	135	0
197	135	0
198	135	0
199	135	0
200	135	0
201	135	0
202	135	0
204	135	0
205	135	0
207	135	0
181	136	0
183	136	0
186	136	0
188	136	0
190	136	0
192	136	0
196	136	0
203	136	0
162	129	0
222	131	0
542	77	6
543	77	6
544	77	6
545	77	6
546	77	6
548	77	6
547	78	6
549	78	6
551	78	6
553	78	6
550	79	6
552	79	6
554	79	6
555	80	6
556	80	6
557	80	6
558	81	6
559	81	6
560	81	6
561	81	6
562	82	6
563	82	6
564	83	6
565	83	6
566	84	6
464	379	1
463	380	1
462	381	1
461	382	1
460	383	1
459	384	1
459	385	1
459	386	1
458	387	1
457	388	1
456	389	1
465	379	1
455	390	1
601	83	0
602	83	0
603	83	0
597	84	0
599	84	0
600	84	0
596	85	0
598	85	0
594	86	0
595	86	0
591	87	0
592	87	0
593	87	0
604	82	0
590	88	0
274	325	66
272	326	66
273	326	66
275	326	66
276	326	66
277	326	66
278	326	66
279	326	66
280	326	66
281	326	66
282	326	66
283	326	66
284	326	66
270	327	66
271	327	66
285	327	66
286	327	66
287	327	66
288	327	66
312	327	66
268	328	66
269	328	66
289	328	66
290	328	66
291	328	66
292	328	66
310	328	66
311	328	66
266	329	66
267	329	66
293	329	66
294	329	66
295	329	66
296	329	66
297	329	66
298	329	66
307	329	66
309	329	66
264	330	66
265	330	66
299	330	66
300	330	66
301	330	66
302	330	66
303	330	66
304	330	66
305	330	66
306	330	66
308	330	66
262	331	66
263	331	66
313	326	66
261	332	66
204	187	0
204	188	0
204	189	0
204	190	0
204	191	0
204	192	0
204	193	0
203	194	0
202	195	0
201	196	0
200	197	0
199	198	0
198	199	0
198	200	0
197	201	0
197	202	0
197	203	0
197	204	0
196	205	0
196	206	0
196	207	0
196	208	0
196	209	0
204	186	0
195	210	0
551	132	0
550	133	0
549	134	0
613	132	946
615	132	946
612	133	946
614	133	946
51	344	0
50	345	0
49	346	0
48	347	0
47	348	0
46	349	0
45	350	0
44	351	0
43	352	0
42	353	0
41	354	0
40	355	0
39	356	0
38	357	0
37	358	0
36	359	0
35	360	0
34	361	0
33	362	0
32	363	0
31	364	0
30	365	0
29	366	0
28	367	0
27	368	0
26	369	0
25	370	0
24	371	0
23	372	0
22	373	0
21	374	0
20	375	0
19	376	0
18	377	0
17	378	0
16	379	0
15	380	0
14	381	0
13	382	0
12	383	0
11	384	0
10	385	0
9	386	0
8	387	0
7	388	0
6	389	0
5	390	0
4	391	0
3	392	0
2	393	0
1	394	0
52	343	0
614	82	0
616	82	0
618	82	0
621	82	0
622	82	0
613	83	0
615	83	0
617	83	0
619	83	0
620	83	0
612	82	0
623	83	0
238	21	0
239	22	0
240	22	0
241	23	0
242	23	0
243	24	0
244	25	0
245	25	0
246	26	0
247	27	0
248	27	0
249	28	0
250	28	0
251	28	0
252	29	0
253	29	0
254	29	0
237	20	0
255	29	0
53	226	66
53	227	66
52	228	66
52	229	66
51	230	66
51	231	66
50	232	66
50	233	66
49	234	66
49	235	66
48	236	66
48	237	66
47	238	66
47	239	66
46	240	66
46	241	66
46	242	66
46	243	66
46	244	66
47	245	66
47	246	66
48	247	66
48	248	66
49	249	66
49	250	66
50	251	66
50	252	66
51	253	66
51	254	66
52	255	66
52	256	66
53	257	66
53	258	66
54	225	66
54	259	66
233	328	0
235	328	0
237	328	0
239	328	0
241	328	0
246	328	0
248	328	0
225	329	0
227	329	0
228	329	0
230	329	0
231	329	0
232	329	0
234	329	0
236	329	0
238	329	0
240	329	0
242	329	0
243	329	0
244	329	0
245	329	0
247	329	0
249	329	0
250	329	0
251	329	0
252	329	0
254	329	0
222	330	0
223	330	0
224	330	0
226	330	0
229	330	0
253	330	0
255	330	0
256	330	0
258	330	0
220	331	0
221	331	0
257	331	0
259	331	0
260	331	0
219	331	0
261	332	0
266	381	8
267	382	8
268	382	8
269	383	8
270	384	8
271	385	8
272	385	8
273	386	8
274	386	8
275	387	8
276	387	8
277	388	8
278	388	8
279	389	8
280	389	8
281	390	8
282	390	8
283	391	8
284	391	8
285	391	8
286	391	8
288	391	8
290	391	8
287	392	8
289	392	8
291	392	8
292	392	8
293	392	8
294	392	8
295	392	8
296	392	8
297	392	8
298	392	8
299	392	8
300	392	8
301	392	8
302	392	8
303	392	8
304	392	8
305	392	8
306	392	8
307	392	8
308	392	8
309	392	8
310	392	8
311	392	8
312	392	8
314	392	8
316	392	8
318	392	8
320	392	8
322	392	8
324	392	8
326	392	8
328	392	8
330	392	8
332	392	8
334	392	8
336	392	8
338	392	8
340	392	8
342	392	8
344	392	8
346	392	8
348	392	8
313	393	8
315	393	8
317	393	8
319	393	8
321	393	8
323	393	8
325	393	8
327	393	8
329	393	8
331	393	8
333	393	8
335	393	8
337	393	8
339	393	8
341	393	8
343	393	8
345	393	8
347	393	8
349	393	8
350	393	8
352	393	8
354	393	8
356	393	8
351	394	8
353	394	8
355	394	8
357	394	8
358	394	8
359	394	8
360	394	8
361	394	8
265	380	8
364	337	0
366	337	0
365	338	0
367	338	0
368	338	0
369	338	0
370	338	0
372	338	0
371	339	0
373	339	0
374	340	0
375	340	0
376	340	0
377	340	0
378	340	0
379	340	0
380	340	0
381	340	0
382	341	0
384	341	0
386	341	0
388	341	0
383	342	0
385	342	0
387	342	0
389	342	0
390	342	0
391	342	0
392	342	0
393	342	0
363	336	0
394	342	0
349	26	0
351	26	0
353	26	0
354	26	0
355	26	0
356	26	0
357	26	0
358	26	0
360	26	0
362	26	0
337	27	0
339	27	0
341	27	0
342	27	0
343	27	0
344	27	0
345	27	0
346	27	0
347	27	0
348	27	0
350	27	0
352	27	0
359	27	0
361	27	0
363	27	0
364	27	0
366	27	0
335	28	0
336	28	0
338	28	0
340	28	0
365	28	0
367	28	0
368	28	0
370	28	0
369	29	0
371	29	0
372	29	0
373	29	0
334	29	0
374	30	0
133	305	0
133	306	0
133	307	0
133	308	0
133	309	0
133	310	0
133	311	0
133	312	0
133	313	0
133	314	0
133	315	0
133	316	0
133	317	0
133	318	0
133	319	0
133	320	0
133	321	0
133	322	0
133	323	0
133	324	0
133	325	0
133	326	0
133	327	0
133	328	0
133	329	0
133	330	0
133	331	0
133	332	0
133	304	0
133	333	0
536	133	942
535	134	942
537	134	942
538	134	942
539	134	942
151	199	0
152	199	0
153	199	0
154	199	0
155	199	0
156	199	0
157	199	0
158	199	0
159	199	0
160	199	0
161	199	0
162	199	0
163	199	0
164	200	0
165	201	0
166	201	0
167	202	0
168	203	0
169	204	0
170	204	0
171	205	0
172	206	0
173	207	0
174	207	0
175	207	0
176	207	0
178	207	0
177	208	0
179	208	0
180	208	0
181	209	0
182	209	0
183	210	0
184	210	0
185	211	0
186	211	0
187	211	0
150	199	0
188	212	0
419	22	9
417	23	9
418	23	9
416	24	9
416	25	9
416	26	9
416	27	9
416	28	9
416	29	9
420	21	9
416	30	9
588	89	0
589	89	0
587	90	0
585	91	0
586	91	0
584	92	0
590	88	0
583	91	0
605	83	0
606	83	0
610	83	0
611	83	0
607	84	0
608	84	0
609	84	0
604	82	0
612	82	0
194	210	0
190	211	0
192	211	0
193	211	0
191	212	0
195	210	0
189	212	0
422	43	23
421	44	23
423	42	23
548	135	0
549	134	0
550	135	0
549	134	0
476	44	0
476	43	0
333	321	15
335	321	15
337	321	15
339	321	15
341	321	15
342	321	15
330	322	15
332	322	15
334	322	15
336	322	15
338	322	15
340	322	15
343	322	15
344	322	15
346	322	15
327	323	15
328	323	15
329	323	15
331	323	15
345	323	15
347	323	15
323	324	15
324	324	15
325	324	15
326	324	15
348	324	15
318	325	15
320	325	15
321	325	15
322	325	15
349	325	15
350	325	15
315	326	15
317	326	15
319	326	15
351	326	15
314	327	15
316	327	15
352	327	15
353	328	15
354	328	15
355	329	15
356	329	15
357	330	15
358	331	15
359	332	15
360	332	15
361	333	15
362	334	15
313	326	15
363	335	15
445	231	0
444	232	0
443	233	0
442	234	0
446	231	0
441	235	0
115	305	0
115	306	0
115	307	0
115	308	0
115	309	0
115	310	0
115	311	0
115	312	0
115	313	0
115	314	0
115	315	0
115	316	0
115	317	0
115	318	0
115	319	0
115	320	0
116	321	0
117	322	0
118	323	0
119	324	0
120	325	0
121	326	0
122	327	0
123	328	0
124	329	0
125	330	0
126	331	0
127	332	0
128	333	0
128	334	0
128	335	0
115	304	0
128	336	0
332	30	49
332	31	49
332	32	49
332	29	49
334	30	49
334	31	49
334	32	49
334	29	49
122	83	0
122	84	0
121	85	0
121	86	0
123	82	0
120	87	0
327	136	0
328	136	0
329	136	0
330	136	0
331	136	0
332	136	0
333	136	0
334	136	0
335	136	0
336	136	0
326	135	0
148	328	0
149	328	0
150	328	0
147	329	0
318	353	0
318	354	0
319	355	0
320	356	0
320	357	0
321	358	0
321	359	0
322	360	0
323	361	0
317	352	0
323	362	0
214	284	0
214	285	0
214	286	0
213	287	0
212	288	0
211	289	0
214	283	0
210	290	0
488	125	0
488	126	0
488	127	0
488	128	0
488	129	0
488	130	0
488	131	0
488	132	0
488	133	0
489	134	0
490	135	0
491	136	0
492	137	0
488	124	0
166	248	0
166	249	0
166	250	0
166	251	0
166	252	0
132	253	0
166	253	0
132	254	0
165	254	0
132	255	0
164	255	0
133	256	0
134	256	0
162	256	0
163	256	0
135	257	0
136	257	0
160	257	0
161	257	0
137	258	0
138	258	0
158	258	0
159	258	0
139	259	0
140	259	0
156	259	0
157	259	0
141	260	0
142	260	0
154	260	0
155	260	0
143	261	0
144	261	0
152	261	0
153	261	0
145	262	0
146	262	0
148	262	0
150	262	0
151	262	0
147	263	0
149	263	0
166	247	0
132	252	0
132	335	0
130	336	0
131	336	0
133	334	0
129	337	0
568	84	0
569	84	0
570	85	0
572	85	0
571	86	0
573	86	0
574	86	0
575	86	0
567	84	0
576	87	0
148	118	66
147	119	66
146	120	66
145	121	66
144	122	66
143	123	66
142	124	66
141	125	66
140	126	66
140	127	66
140	128	66
140	129	66
140	130	66
140	131	66
140	132	66
140	133	66
140	134	66
140	135	66
140	136	66
140	137	66
140	138	66
149	117	66
140	139	66
530	105	2
529	106	2
528	107	2
527	108	2
527	109	2
527	110	2
527	111	2
531	104	2
527	112	2
309	21	0
308	22	0
307	23	0
306	24	0
305	25	0
304	26	0
303	27	0
302	28	0
301	29	0
299	30	0
300	30	0
298	31	0
298	32	0
297	33	0
296	34	0
309	20	0
295	35	0
533	147	3
534	147	3
531	148	3
532	148	3
535	148	3
530	148	3
152	329	0
153	330	0
154	331	0
155	332	0
156	333	0
157	334	0
158	335	0
159	336	0
160	337	0
151	328	0
161	338	0
182	332	0
183	332	0
184	333	0
185	333	0
187	333	0
186	334	0
188	334	0
189	334	0
190	334	0
191	334	0
192	334	0
193	334	0
195	334	0
194	335	0
196	335	0
197	335	0
198	335	0
199	335	0
200	335	0
201	335	0
202	335	0
203	336	0
204	336	0
205	336	0
206	337	0
207	337	0
208	337	0
209	337	0
181	332	0
210	338	0
217	332	0
216	333	0
215	334	0
214	335	0
213	336	0
212	337	0
218	331	0
211	338	0
61	131	0
62	131	0
63	131	0
64	131	0
65	131	0
66	131	0
67	131	0
68	131	0
69	131	0
70	131	0
71	131	0
72	131	0
73	131	0
74	131	0
75	131	0
76	131	0
77	131	0
78	131	0
79	131	0
80	131	0
81	131	0
82	131	0
83	131	0
84	131	0
85	131	0
86	131	0
87	131	0
88	131	0
89	131	0
90	131	0
91	131	0
92	131	0
93	131	0
94	131	0
95	131	0
96	131	0
97	132	0
98	132	0
99	132	0
100	133	0
101	133	0
102	134	0
103	134	0
104	135	0
105	135	0
106	136	0
107	136	0
108	136	0
110	136	0
109	137	0
111	137	0
112	137	0
113	137	0
114	137	0
115	137	0
116	137	0
118	137	0
120	137	0
122	137	0
117	138	0
119	138	0
121	138	0
123	138	0
125	138	0
127	138	0
124	139	0
126	139	0
128	139	0
129	139	0
130	139	0
132	139	0
134	139	0
136	139	0
138	139	0
131	140	0
133	140	0
135	140	0
137	140	0
139	140	0
60	131	0
140	139	0
196	211	0
197	212	0
198	212	0
299	212	0
301	212	0
303	212	0
199	213	0
200	213	0
292	213	0
294	213	0
295	213	0
296	213	0
297	213	0
298	213	0
300	213	0
302	213	0
304	213	0
305	213	0
306	213	0
308	213	0
310	213	0
312	213	0
314	213	0
201	214	0
202	214	0
287	214	0
288	214	0
289	214	0
290	214	0
291	214	0
293	214	0
307	214	0
309	214	0
311	214	0
313	214	0
315	214	0
316	214	0
317	214	0
319	214	0
203	215	0
285	215	0
286	215	0
318	215	0
320	215	0
322	215	0
324	215	0
204	216	0
205	216	0
284	216	0
321	216	0
323	216	0
325	216	0
326	216	0
327	216	0
329	216	0
331	216	0
206	217	0
207	217	0
281	217	0
282	217	0
283	217	0
328	217	0
330	217	0
332	217	0
333	217	0
334	217	0
335	217	0
336	217	0
338	217	0
339	217	0
208	218	0
280	218	0
337	218	0
209	219	0
210	219	0
278	219	0
279	219	0
211	220	0
212	220	0
213	220	0
214	220	0
216	220	0
218	220	0
220	220	0
222	220	0
224	220	0
226	220	0
228	220	0
230	220	0
232	220	0
234	220	0
235	220	0
236	220	0
237	220	0
238	220	0
239	220	0
240	220	0
241	220	0
242	220	0
243	220	0
244	220	0
277	220	0
215	221	0
217	221	0
219	221	0
221	221	0
223	221	0
225	221	0
227	221	0
229	221	0
231	221	0
233	221	0
245	221	0
246	221	0
247	221	0
248	221	0
249	221	0
250	221	0
251	221	0
252	221	0
253	221	0
254	221	0
255	221	0
274	221	0
275	221	0
276	221	0
256	222	0
257	222	0
258	222	0
259	222	0
260	222	0
261	222	0
262	222	0
263	222	0
264	222	0
265	222	0
267	222	0
269	222	0
271	222	0
273	222	0
266	223	0
268	223	0
270	223	0
272	223	0
195	210	0
340	218	0
393	268	0
392	269	0
391	270	0
378	74	0
379	74	0
380	75	0
381	76	0
382	76	0
383	77	0
384	77	0
385	78	0
386	79	0
387	79	0
388	80	0
390	80	0
389	81	0
391	81	0
392	81	0
394	81	0
393	82	0
395	82	0
396	82	0
397	82	0
398	83	0
399	83	0
400	83	0
401	83	0
403	83	0
538	83	0
540	83	0
541	83	0
542	83	0
543	83	0
544	83	0
545	83	0
546	83	0
547	83	0
548	83	0
549	83	0
550	83	0
402	84	0
404	84	0
406	84	0
408	84	0
537	84	0
539	84	0
551	84	0
552	84	0
553	84	0
405	85	0
407	85	0
409	85	0
410	85	0
411	85	0
412	85	0
413	85	0
414	85	0
415	85	0
444	85	0
446	85	0
448	85	0
449	85	0
450	85	0
451	85	0
452	85	0
454	85	0
534	85	0
535	85	0
536	85	0
554	85	0
555	85	0
556	85	0
557	85	0
416	86	0
417	86	0
418	86	0
419	86	0
420	86	0
422	86	0
424	86	0
437	86	0
439	86	0
440	86	0
441	86	0
442	86	0
443	86	0
445	86	0
447	86	0
453	86	0
455	86	0
456	86	0
457	86	0
458	86	0
459	86	0
461	86	0
533	86	0
558	86	0
559	86	0
560	86	0
421	87	0
423	87	0
425	87	0
426	87	0
427	87	0
428	87	0
429	87	0
430	87	0
431	87	0
432	87	0
434	87	0
435	87	0
436	87	0
438	87	0
460	87	0
462	87	0
463	87	0
464	87	0
465	87	0
466	87	0
467	87	0
468	87	0
469	87	0
471	87	0
531	87	0
532	87	0
561	87	0
562	87	0
563	87	0
433	88	0
470	88	0
472	88	0
473	88	0
474	88	0
529	88	0
530	88	0
475	89	0
476	89	0
477	89	0
527	89	0
528	89	0
478	90	0
479	90	0
480	90	0
482	90	0
525	90	0
526	90	0
481	91	0
483	91	0
521	91	0
522	91	0
523	91	0
524	91	0
484	92	0
485	92	0
518	92	0
520	92	0
486	93	0
487	93	0
488	93	0
515	93	0
517	93	0
519	93	0
489	94	0
512	94	0
514	94	0
516	94	0
490	95	0
492	95	0
509	95	0
511	95	0
513	95	0
491	96	0
493	96	0
494	96	0
495	96	0
496	96	0
504	96	0
506	96	0
507	96	0
508	96	0
510	96	0
497	97	0
498	97	0
499	97	0
500	97	0
501	97	0
502	97	0
503	97	0
505	97	0
377	73	0
564	88	0
568	87	0
567	88	0
326	335	0
327	335	0
328	335	0
329	335	0
330	335	0
331	335	0
332	335	0
333	335	0
334	335	0
335	335	0
336	335	0
337	335	0
338	335	0
339	335	0
340	335	0
341	335	0
342	335	0
343	335	0
345	335	0
324	336	0
325	336	0
344	336	0
346	336	0
347	336	0
348	336	0
349	336	0
350	336	0
360	336	0
361	336	0
323	337	0
351	337	0
352	337	0
353	337	0
354	337	0
356	337	0
357	337	0
358	337	0
359	337	0
322	338	0
355	338	0
320	339	0
321	339	0
319	340	0
318	341	0
318	342	0
318	343	0
318	344	0
318	345	0
318	346	0
318	347	0
317	348	0
317	349	0
317	350	0
362	336	0
317	351	0
257	30	0
258	30	0
259	30	0
260	30	0
262	30	0
261	31	0
263	31	0
264	31	0
265	31	0
266	31	0
267	32	0
268	32	0
269	32	0
270	32	0
271	32	0
272	32	0
273	32	0
274	32	0
276	32	0
278	32	0
275	33	0
277	33	0
279	33	0
280	33	0
281	33	0
282	33	0
284	33	0
283	34	0
285	34	0
287	34	0
286	35	0
288	35	0
289	35	0
290	35	0
292	35	0
293	35	0
291	36	0
294	36	0
256	29	0
295	35	0
149	201	0
149	202	0
149	203	0
149	204	0
149	205	0
149	206	0
149	207	0
149	208	0
149	209	0
149	210	0
149	211	0
148	212	0
147	213	0
147	214	0
146	215	0
146	216	0
146	217	0
146	218	0
146	219	0
146	220	0
149	200	0
146	221	0
320	246	0
319	247	0
318	248	0
317	249	0
316	250	0
315	251	0
313	252	0
314	252	0
312	253	0
311	254	0
309	255	0
310	255	0
308	256	0
307	257	0
306	258	0
304	259	0
305	259	0
303	260	0
302	261	0
301	262	0
301	263	0
300	264	0
298	265	0
299	265	0
297	266	0
296	267	0
295	268	0
294	269	0
293	270	0
292	271	0
321	245	0
291	272	0
583	85	0
584	85	0
585	85	0
582	86	0
586	86	0
587	86	0
588	86	0
589	87	0
581	87	0
590	88	0
310	164	0
310	165	0
310	166	0
309	167	0
307	168	0
308	168	0
311	163	0
544	140	0
544	141	0
159	130	0
160	130	0
158	131	0
156	132	0
157	132	0
154	133	0
155	133	0
153	134	0
151	135	0
152	135	0
150	136	0
148	137	0
149	137	0
146	138	0
147	138	0
144	139	0
145	139	0
141	140	0
143	140	0
142	141	0
161	129	0
140	139	0
467	380	1
466	379	1
288	272	0
289	272	0
284	273	0
285	273	0
286	273	0
287	273	0
281	274	0
282	274	0
283	274	0
280	275	0
279	276	0
278	277	0
276	278	0
277	278	0
275	279	0
274	280	0
273	281	0
272	282	0
270	283	0
271	283	0
269	284	0
268	285	0
290	272	0
268	286	0
118	88	0
119	88	0
115	89	0
116	89	0
117	89	0
113	90	0
114	90	0
112	91	0
110	92	0
111	92	0
109	93	0
108	94	0
106	95	0
107	95	0
104	96	0
105	96	0
102	97	0
103	97	0
101	98	0
99	99	0
100	99	0
98	100	0
96	101	0
97	101	0
94	102	0
95	102	0
92	103	0
93	103	0
91	104	0
62	105	0
63	105	0
64	105	0
65	105	0
66	105	0
67	105	0
68	105	0
69	105	0
70	105	0
71	105	0
72	105	0
73	105	0
74	105	0
75	105	0
76	105	0
77	105	0
78	105	0
79	105	0
80	105	0
81	105	0
82	105	0
83	105	0
84	105	0
85	105	0
86	105	0
87	105	0
88	105	0
89	105	0
90	105	0
120	87	0
61	105	0
436	32	10
438	32	10
429	33	10
431	33	10
432	33	10
433	33	10
434	33	10
435	33	10
437	33	10
439	33	10
440	33	10
442	33	10
427	34	10
428	34	10
430	34	10
441	34	10
443	34	10
425	35	10
426	35	10
444	35	10
445	35	10
446	35	10
424	36	10
447	36	10
448	36	10
449	37	10
452	37	10
450	38	10
451	38	10
423	36	10
453	38	10
532	141	14
534	141	14
536	141	14
538	141	14
540	141	14
531	142	14
533	142	14
535	142	14
537	142	14
539	142	14
541	142	14
542	142	14
543	142	14
529	143	14
530	143	14
528	144	14
544	141	14
527	145	14
582	88	0
582	89	0
581	87	0
582	90	0
163	338	0
164	338	0
165	339	0
166	339	0
167	340	0
168	340	0
162	338	0
169	341	0
179	333	0
178	334	0
177	335	0
176	336	0
174	337	0
175	337	0
173	338	0
171	339	0
172	339	0
170	340	0
180	332	0
169	341	0
357	64	4
358	65	4
359	66	4
359	67	4
359	68	4
359	69	4
359	70	4
359	71	4
356	63	4
359	72	4
253	254	61
252	253	61
252	255	61
374	31	0
374	32	0
375	33	0
375	34	0
376	35	0
376	36	0
377	37	0
378	37	0
379	38	0
387	38	0
380	39	0
382	39	0
386	39	0
381	40	0
383	40	0
384	40	0
385	40	0
374	30	0
422	38	0
422	39	0
423	40	0
422	37	0
423	41	0
507	36	960
506	37	960
508	37	960
509	38	960
509	39	960
509	40	960
623	84	9
623	85	9
623	86	9
623	87	9
623	88	9
622	89	9
622	90	9
623	83	9
296	36	0
297	37	0
298	38	0
298	39	0
299	40	0
300	41	0
295	35	0
147	222	0
146	221	0
148	223	0
269	288	0
270	288	0
271	289	0
272	290	0
273	291	0
274	292	0
268	287	0
275	293	0
399	338	0
398	339	0
396	340	0
397	340	0
395	341	0
394	342	0
495	138	6
496	138	6
497	138	6
499	138	6
498	139	6
500	139	6
502	139	6
504	139	6
506	139	6
501	140	6
503	140	6
505	140	6
507	140	6
508	140	6
509	140	6
510	140	6
511	140	6
512	140	6
514	140	6
513	141	6
515	141	6
517	141	6
516	142	6
518	142	6
519	142	6
520	142	6
521	143	6
522	143	6
523	144	6
524	145	6
525	145	6
526	146	6
252	258	0
251	259	0
249	260	0
250	260	0
247	261	0
248	261	0
246	262	0
245	263	0
244	264	0
243	265	0
242	266	0
242	267	0
241	268	0
240	269	0
240	270	0
239	271	0
238	272	0
238	273	0
237	274	0
236	275	0
236	276	0
253	257	0
235	277	0
463	32	0
464	32	0
460	33	0
461	33	0
462	33	0
465	33	0
466	33	0
458	34	0
459	34	0
467	34	0
457	35	0
468	35	0
456	36	0
469	36	0
470	36	0
454	37	0
455	37	0
471	37	0
472	38	0
473	39	0
472	40	0
473	41	0
474	42	0
475	42	0
453	38	0
476	43	0
556	145	1
555	146	1
102	22	0
103	22	0
100	23	0
101	23	0
98	24	0
99	24	0
96	25	0
97	25	0
94	26	0
95	26	0
92	27	0
93	27	0
90	28	0
91	28	0
88	29	0
89	29	0
86	30	0
87	30	0
84	31	0
85	31	0
82	32	0
83	32	0
80	33	0
81	33	0
78	34	0
79	34	0
76	35	0
77	35	0
74	36	0
75	36	0
72	37	0
73	37	0
70	38	0
71	38	0
69	39	0
68	40	0
67	41	0
66	42	0
66	43	0
104	21	0
66	44	0
478	43	14
477	42	14
532	42	5
531	43	5
531	44	5
259	143	0
261	143	0
263	143	0
258	144	0
260	144	0
262	144	0
264	144	0
256	145	0
257	145	0
265	145	0
255	146	0
266	146	0
254	147	0
267	147	0
252	148	0
253	148	0
251	149	0
250	150	0
249	151	0
528	147	2
527	146	2
529	148	2
565	86	17
566	85	17
565	87	17
53	203	63
52	204	63
52	205	63
51	206	63
51	207	63
50	208	63
50	209	63
49	210	63
49	211	63
48	212	63
48	213	63
48	214	63
49	215	63
49	216	63
50	217	63
50	218	63
51	219	63
51	220	63
52	221	63
52	222	63
53	223	63
53	224	63
54	202	63
54	225	63
119	352	0
120	352	0
121	352	0
122	352	0
123	352	0
124	352	0
125	352	0
126	352	0
127	352	0
128	352	0
129	353	0
130	353	0
131	354	0
132	355	0
133	355	0
134	356	0
135	356	0
136	357	0
137	358	0
138	358	0
139	359	0
140	360	0
141	360	0
142	361	0
143	361	0
144	361	0
145	362	0
146	362	0
118	352	0
147	363	0
568	90	0
569	91	0
570	91	0
572	91	0
571	92	0
573	92	0
574	93	0
567	89	0
575	92	0
316	65	5
317	65	5
318	66	5
319	66	5
320	67	5
321	67	5
322	67	5
324	67	5
326	67	5
328	67	5
330	67	5
323	68	5
325	68	5
327	68	5
329	68	5
331	68	5
332	68	5
333	68	5
334	68	5
335	68	5
336	68	5
338	68	5
340	68	5
337	69	5
339	69	5
341	69	5
342	69	5
343	69	5
344	70	5
345	70	5
346	70	5
348	70	5
347	71	5
349	71	5
350	72	5
351	72	5
315	64	5
352	71	5
224	274	0
225	274	0
226	274	0
223	275	0
227	275	0
228	275	0
221	276	0
222	276	0
229	276	0
230	276	0
219	277	0
220	277	0
231	277	0
232	277	0
233	277	0
217	278	0
218	278	0
215	279	0
216	279	0
214	280	0
234	278	0
214	281	0
556	147	0
556	148	0
555	146	0
556	149	0
528	43	5
529	44	5
530	45	5
531	44	5
147	331	0
147	332	0
147	333	0
147	334	0
147	335	0
147	336	0
147	337	0
147	338	0
147	339	0
147	340	0
147	341	0
147	342	0
147	343	0
147	344	0
147	345	0
147	346	0
147	347	0
147	348	0
147	349	0
148	350	0
149	351	0
150	352	0
151	353	0
152	354	0
147	330	0
153	355	0
581	92	2
576	93	2
577	93	2
580	93	2
578	94	2
579	94	2
582	91	2
575	92	2
477	254	1
476	253	1
556	95	941
557	95	941
558	95	941
559	95	941
453	39	7
453	40	7
453	41	7
454	42	7
455	43	7
455	44	7
456	45	7
453	38	7
555	150	0
556	149	0
532	45	0
533	45	0
531	44	0
