76	76	18
1	1	17
6	6	7
37	37	5
73	73	5
58	58	4
75	76	4
75	75	4
29	29	4
40	76	3
74	76	3
71	72	3
37	76	3
21	28	2
72	72	2
72	73	2
18	76	2
15	15	2
73	76	2
73	74	2
5	5	2
72	76	2
74	74	2
1000	75	2
40	40	2
70	71	2
1	76	2
68	61	1
1	34	1
1000	67	1
1	43	1
54	55	1
70	40	1
1	7	1
1	17	1
25	71	1
72	73	1
1	3	1
1	6	1
43	54	1
70	76	1
72	17	1
74	75	1
31	74	1
75	75	1
43	64	1
1	56	1
1	25	1
53	64	1
19	29	1
22	29	1
1000	64	1
21	34	1
28	35	1
1000	34	1
32	38	1
73	75	1
70	56	1
1	28	1
50	50	1
32	41	1
1	31	1
68	65	1
73	72	1
74	73	1
15	49	1
40	57	1
1	67	1
76	1	1
44	68	1
75	71	1
54	76	1
76	71	1
1	59	1
1000	31	1
4	16	1
1	16	1
1	10	1
1	35	1
64	69	1
74	72	1
54	61	1
32	35	1
15	46	1
76	40	1
50	55	1
74	72	1
36	41	1
34	41	1
74	74	1
37	44	1
74	74	1
1	6	1
40	73	1
36	55	1
1	38	1
57	65	1
1	9	1
65	71	1
1	6	1
52	47	1
55	57	1
31	31	1
1	21	1
16	16	1
21	21	1
68	72	1
69	70	1
24	70	1
65	59	1
5	50	1
71	71	1
28	29	1
1	15	1
22	29	1
74	72	1
37	63	1
1	9	1
25	47	1
33	74	1
71	72	1
1	26	1
76	73	1
1	33	1
1	18	1
1	13	1
1	7	1
58	59	1
1	44	1
6	29	1
66	64	1
1	21	1
1	16	1
72	74	1
13	16	1
69	14	1
1	5	1
50	70	1
1	20	1
71	74	1
1	13	1
1	10	1
69	76	1
73	19	1
37	43	1
22	52	1
57	59	1
1	2	1
22	26	1
26	33	1
76	19	1
29	52	1
1	7	1
33	49	1
57	44	1
37	45	1
73	74	1
67	16	1
62	69	1
1	19	1
76	48	1
32	42	1
6	45	1
13	19	1
76	55	1
6	48	1
12	35	1
71	73	1
24	40	1
18	22	1
1000	75	1
64	66	1
53	61	1
1000	60	1
60	72	1
22	36	1
36	76	1
18	44	1
66	68	1
34	35	1
16	26	1
1	8	1
68	71	1
1	3	1
69	70	1
64	71	1
69	73	1
71	76	1
75	9	1
70	73	1
37	56	1
73	73	1
1	37	1
67	50	1
65	70	1
37	64	1
69	59	1
9	18	1
11	76	1
45	53	1
1	20	1
16	76	1
67	21	1
1	13	1
75	75	1
76	46	1
1	7	1
75	75	1
71	70	1
68	68	1
1	14	1
1	6	1
70	73	1
54	68	1
1	51	1
12	21	1
15	39	1
1	13	1
26	25	1
76	74	1
1	32	1
1000	69	1
65	65	1
67	15	1
55	69	1
1	16	1
1	28	1
15	45	1
1	9	1
52	30	1
66	74	1
70	70	1
6	52	1
11	33	1
1	9	1
76	74	1
73	74	1
1	22	1
69	70	1
5	19	1
37	37	1
62	59	1
1	3	1
1	7	1
6	8	1
54	54	1
40	67	1
1	6	1
1	18	1
17	21	1
72	72	1
1000	61	1
10	33	1
18	18	1
17	26	1
73	75	1
5	9	1
70	73	1
54	66	1
1	5	1
73	10	1
37	49	1
1	46	1
57	57	1
45	76	1
76	61	1
34	45	1
1	23	1
58	62	1
9	14	1
50	53	1
1	26	1
1	2	1
74	72	1
32	27	1
70	71	1
28	30	1
58	64	1
29	31	1
36	49	1
1	8	1
1	36	1
1	33	1
50	76	1
43	59	1
5	6	1
5	22	1
1	5	1
28	39	1
15	15	1
40	47	1
1000	36	1
1	54	1
1	2	1
50	54	1
1	10	1
19	61	1
75	75	1
75	74	1
75	74	1
10	15	1
1	50	1
60	64	1
76	75	1
1	39	1
57	66	1
1000	70	1
50	58	1
11	12	1
21	73	1
1	2	1
1	36	1
1	22	1
69	69	1
1	7	1
12	26	1
1	27	1
1000	63	1
33	33	1
1	18	1
1	8	1
71	69	1
1	7	1
36	56	1
76	72	1
1	16	1
37	72	1
1	9	1
