1	81	50
81	81	21
1	1	20
76	81	10
1000	81	9
1	80	9
80	81	8
6	6	8
73	81	6
9	81	6
1000	80	5
77	81	5
68	68	5
71	81	5
73	73	4
74	74	4
79	79	4
26	80	4
1	79	4
75	75	4
81	80	4
80	80	4
77	77	4
76	76	4
5	81	3
68	81	3
50	81	3
78	78	3
13	81	3
73	80	3
75	81	3
78	81	3
19	81	2
72	73	2
1	6	2
19	19	2
55	80	2
31	71	2
30	81	2
1000	37	2
27	27	2
73	76	2
32	32	2
71	71	2
76	78	2
62	81	2
27	81	2
5	10	2
5	5	2
12	81	2
53	72	2
26	26	2
24	81	2
50	50	2
1	35	2
55	55	2
26	81	2
75	79	2
79	80	2
62	73	2
31	81	2
1	76	2
77	80	2
27	79	2
78	79	2
6	81	2
20	81	2
66	81	2
67	79	1
54	55	1
53	53	1
81	32	1
24	79	1
23	26	1
40	79	1
1	56	1
76	77	1
43	63	1
81	75	1
31	80	1
24	76	1
12	12	1
57	81	1
79	67	1
40	74	1
42	78	1
66	65	1
16	81	1
72	80	1
68	70	1
20	24	1
1	78	1
9	9	1
32	71	1
15	15	1
1000	71	1
27	68	1
35	81	1
1000	21	1
22	23	1
30	32	1
50	69	1
23	81	1
1000	53	1
18	81	1
22	80	1
32	81	1
50	80	1
71	80	1
57	79	1
54	74	1
25	81	1
73	79	1
19	80	1
13	16	1
1	5	1
1000	50	1
69	81	1
21	71	1
1000	78	1
67	77	1
25	25	1
75	76	1
79	81	1
9	10	1
57	80	1
66	66	1
37	37	1
10	10	1
1000	75	1
42	79	1
62	62	1
72	77	1
69	79	1
33	33	1
1000	76	1
74	75	1
80	73	1
1	77	1
5	13	1
16	16	1
80	26	1
76	80	1
15	19	1
13	13	1
11	81	1
67	14	1
20	80	1
66	80	1
73	78	1
20	22	1
37	80	1
21	81	1
72	81	1
19	42	1
1	15	1
1	62	1
75	78	1
1000	79	1
78	80	1
74	79	1
54	54	1
76	37	1
11	13	1
40	78	1
74	81	1
80	30	1
1	46	1
27	42	1
30	80	1
30	37	1
9	15	1
33	77	1
5	12	1
1000	73	1
27	36	1
25	73	1
12	21	1
1000	32	1
13	24	1
80	68	1
68	69	1
74	77	1
31	48	1
43	67	1
10	79	1
31	77	1
76	75	1
43	43	1
1000	70	1
42	81	1
44	76	1
66	75	1
33	81	1
13	80	1
6	79	1
