1	394	1	394
2	2	2	2
2	393	2	393
3	3	3	3
3	392	3	392
4	4	4	4
4	391	4	391
5	5	5	5
5	390	5	390
6	6	6	6
6	389	6	389
7	7	7	7
7	388	7	388
8	8	8	8
8	387	8	387
9	9	9	9
9	386	9	386
10	10	10	10
10	385	10	385
11	11	11	11
11	384	11	384
12	12	12	12
12	383	12	383
13	13	13	13
13	382	13	382
14	14	14	14
14	381	14	381
15	15	15	15
15	380	15	380
16	16	16	16
16	379	16	379
17	17	17	17
17	378	17	378
18	18	18	18
18	377	18	377
19	19	19	19
19	376	19	376
20	20	20	20
20	375	20	375
21	21	21	21
21	374	21	374
22	22	22	22
22	373	22	373
23	23	23	23
23	372	23	372
24	24	24	24
24	371	24	371
25	25	25	25
25	370	25	370
26	26	26	26
26	369	26	369
27	27	27	27
27	368	27	368
28	28	28	28
28	367	28	367
29	29	29	29
29	366	29	366
30	30	30	30
30	365	30	365
31	31	31	31
31	364	31	364
32	32	32	32
32	363	32	363
33	33	33	33
33	362	33	362
34	34	34	34
34	361	34	361
35	35	35	35
35	360	35	360
36	36	36	36
36	359	36	359
37	37	37	37
37	358	37	358
38	38	38	38
38	357	38	357
39	39	39	39
39	356	39	356
40	40	40	40
40	355	40	355
41	41	41	41
41	354	41	354
42	42	42	42
42	353	42	353
43	43	43	43
43	352	43	352
44	44	44	44
44	351	44	351
45	45	45	45
45	350	45	350
46	46	46	46
46	349	46	349
47	47	47	47
47	348	47	348
48	48	48	48
48	347	48	347
49	49	49	49
50	69	49	69
50	71	49	71
50	72	49	72
49	346	49	346
50	50	50	50
50	68	50	67
51	73	50	73
51	74	50	74
50	345	50	345
51	51	51	51
52	65	51	65
52	75	51	75
52	76	51	76
52	242	51	241
52	243	51	243
52	244	51	244
53	245	51	245
51	344	51	344
52	52	52	52
52	64	52	63
53	77	52	77
53	78	52	78
54	157	52	157
53	158	52	158
54	159	52	159
53	160	52	160
53	240	52	239
53	246	52	247
53	331	52	331
53	333	52	333
54	335	52	335
52	343	52	343
53	53	53	53
53	62	53	61
54	79	53	79
54	80	53	80
54	156	53	155
54	161	53	161
55	163	53	163
54	212	53	211
54	213	53	213
54	214	53	214
54	238	53	237
54	248	53	249
53	330	53	329
54	336	53	337
53	342	53	342
54	54	54	54
54	60	54	59
55	81	54	81
55	82	54	82
55	154	54	153
55	164	54	165
56	197	54	197
55	198	54	198
55	210	54	209
55	215	54	215
55	216	54	216
55	236	54	235
55	250	54	251
55	271	54	271
55	273	54	273
56	275	54	275
54	328	54	327
55	338	54	339
55	340	54	340
54	341	54	341
55	55	55	55
56	57	55	57
56	83	55	83
56	84	55	84
56	152	55	151
56	166	55	167
56	196	55	195
56	199	55	199
56	200	55	200
56	208	55	207
56	217	55	217
56	218	55	218
56	234	55	233
56	252	55	253
55	270	55	269
56	276	55	277
56	325	55	325
56	56	56	55
57	85	56	85
57	86	56	86
57	150	56	149
57	168	56	169
57	194	56	193
57	201	56	201
57	202	56	202
57	206	56	205
57	219	56	219
57	220	56	220
57	232	56	231
57	254	56	255
57	267	56	267
57	278	56	279
56	324	56	323
57	340	56	341
57	56	57	55
58	87	57	87
58	88	57	88
58	148	57	147
58	170	57	171
58	192	57	191
58	221	57	221
58	222	57	222
58	230	57	229
58	256	57	257
57	266	57	265
58	280	57	281
58	321	57	321
58	55	58	54
59	89	58	89
59	90	58	90
59	146	58	145
59	172	58	173
59	190	58	189
58	203	58	203
59	223	58	223
59	224	58	224
59	228	58	227
59	258	58	259
59	263	58	263
59	282	58	283
58	320	58	319
59	341	58	342
59	55	59	54
60	91	59	91
60	92	59	92
61	119	59	119
60	144	59	143
60	174	59	175
60	188	59	187
59	204	59	203
59	262	59	261
60	284	59	285
59	318	59	317
60	54	60	53
61	93	60	93
61	94	60	94
61	118	60	117
61	120	60	121
61	142	60	141
61	176	60	177
61	186	60	185
60	204	60	203
60	225	60	225
60	261	60	261
61	286	60	287
61	315	60	315
61	342	60	343
61	54	61	53
62	95	61	95
62	96	61	96
62	116	61	115
62	122	61	123
62	140	61	139
62	178	61	179
62	184	61	183
61	204	61	203
61	226	61	225
61	260	61	261
62	288	61	289
62	313	61	313
62	53	62	52
63	97	62	97
63	98	62	98
63	114	62	113
63	124	62	125
63	138	62	137
62	204	62	203
62	226	62	225
62	260	62	261
63	290	62	291
63	311	62	311
63	343	62	344
63	53	63	52
64	99	63	99
64	100	63	100
64	112	63	111
64	126	63	127
64	136	63	135
63	180	63	181
63	204	63	203
63	226	63	225
63	260	63	261
64	292	63	293
63	310	63	309
64	52	64	51
65	101	64	101
65	102	64	102
65	110	64	109
65	128	64	129
65	134	64	133
64	181	64	181
64	204	64	203
64	226	64	225
64	260	64	261
65	294	64	295
64	308	64	307
65	344	64	345
65	52	65	51
66	103	65	103
66	104	65	104
66	108	65	107
65	181	65	181
65	204	65	203
65	226	65	225
65	260	65	261
66	296	65	297
65	306	65	305
66	51	66	50
66	132	66	131
66	181	66	181
66	204	66	203
66	226	66	225
66	260	66	261
67	298	66	299
67	303	66	303
67	345	66	346
67	51	67	50
67	105	67	105
67	131	67	131
67	181	67	181
67	204	67	203
67	226	67	225
67	260	67	261
67	302	67	301
68	50	68	49
68	106	68	105
68	131	68	131
68	181	68	181
68	204	68	203
68	226	68	225
68	260	68	261
68	301	68	301
69	346	68	347
69	50	69	49
69	106	69	105
69	131	69	131
69	181	69	181
69	204	69	203
69	226	69	225
69	260	69	261
69	300	69	301
71	351	69	351
71	352	69	352
71	353	69	353
71	354	69	354
71	355	69	355
71	356	69	356
71	357	69	357
71	358	69	358
71	359	69	359
71	360	69	360
71	361	69	361
70	49	70	48
70	106	70	105
70	131	70	131
70	181	70	181
70	204	70	203
70	226	70	225
70	260	70	261
70	300	70	301
70	346	70	348
71	49	71	48
71	106	71	105
71	131	71	131
71	181	71	181
71	204	71	203
71	226	71	225
71	260	71	261
71	300	71	301
71	348	71	348
72	48	72	47
72	106	72	105
72	131	72	131
72	181	72	181
72	204	72	203
72	226	72	225
72	260	72	261
72	300	72	301
72	347	72	348
73	363	72	364
73	48	73	47
73	106	73	105
73	131	73	131
73	181	73	181
73	204	73	203
73	226	73	225
73	260	73	261
73	300	73	301
73	347	73	348
74	47	74	46
74	106	74	105
74	131	74	131
74	181	74	181
74	204	74	203
74	226	74	225
74	260	74	261
74	300	74	301
74	347	74	348
75	364	74	365
75	47	75	46
75	106	75	105
75	131	75	131
75	181	75	181
75	204	75	203
75	226	75	225
75	260	75	261
75	300	75	301
75	347	75	348
76	46	76	45
76	106	76	105
76	131	76	131
76	181	76	181
76	204	76	203
76	226	76	225
76	260	76	261
76	300	76	301
76	347	76	348
77	365	76	366
77	46	77	45
77	106	77	105
77	131	77	131
77	181	77	181
77	204	77	203
77	226	77	225
77	260	77	261
77	300	77	301
77	347	77	348
80	41	78	39
78	45	78	45
78	106	78	105
78	131	78	131
78	181	78	181
78	204	78	203
78	226	78	225
78	260	78	261
78	300	78	301
78	347	78	348
79	366	78	367
80	40	79	38
79	45	79	45
79	106	79	105
79	131	79	131
79	181	79	181
79	204	79	203
79	226	79	225
79	260	79	261
79	300	79	301
79	347	79	348
80	44	80	45
80	106	80	105
80	131	80	131
80	181	80	181
80	204	80	203
80	226	80	225
80	260	80	261
80	300	80	301
80	347	80	348
81	367	80	368
82	38	81	37
81	44	81	45
81	106	81	105
81	131	81	131
81	181	81	181
81	204	81	203
81	226	81	225
81	260	81	261
81	300	81	301
81	347	81	348
82	44	82	45
82	106	82	105
82	131	82	131
82	181	82	181
82	204	82	203
82	226	82	225
82	260	82	261
82	347	82	348
83	369	82	369
84	37	83	36
83	44	83	45
83	106	83	105
83	131	83	131
83	181	83	181
83	204	83	203
83	226	83	225
83	260	83	261
83	300	83	300
83	347	83	348
83	370	83	370
84	44	84	45
84	106	84	105
84	131	84	131
84	181	84	181
84	204	84	203
84	226	84	225
84	260	84	261
84	300	84	299
84	347	84	348
84	368	84	370
86	36	85	35
85	44	85	45
85	106	85	105
85	131	85	131
85	181	85	181
85	204	85	203
85	226	85	225
85	260	85	261
85	300	85	301
85	347	85	348
83	373	85	371
86	44	86	45
86	106	86	105
86	131	86	131
86	181	86	181
86	204	86	203
86	226	86	225
86	260	86	261
86	300	86	301
86	347	86	348
87	368	86	371
88	35	87	34
87	44	87	45
87	106	87	105
87	131	87	131
87	181	87	181
87	204	87	203
87	226	87	225
87	260	87	261
87	300	87	301
87	347	87	348
84	378	87	372
88	44	88	45
88	106	88	105
88	131	88	131
88	181	88	181
88	204	88	203
88	226	88	225
88	260	88	261
88	300	88	301
88	347	88	348
89	368	88	372
90	34	89	33
89	44	89	45
89	106	89	105
89	131	89	131
89	181	89	181
89	204	89	203
89	226	89	225
89	260	89	261
89	300	89	301
89	347	89	348
86	379	89	373
90	44	90	45
90	106	90	105
90	131	90	131
90	181	90	181
90	204	90	203
90	226	90	225
90	260	90	261
90	300	90	301
90	347	90	348
92	368	90	373
92	33	91	32
91	44	91	45
91	106	91	105
91	131	91	131
91	181	91	181
91	204	91	203
91	226	91	225
91	260	91	261
91	300	91	301
91	347	91	348
88	380	91	374
92	44	92	45
92	106	92	105
92	131	92	131
92	181	92	181
92	204	92	203
92	226	92	225
92	260	92	261
92	300	92	301
92	347	92	348
94	368	92	374
94	32	93	31
93	44	93	45
93	106	93	105
93	131	93	131
93	181	93	181
93	204	93	203
93	226	93	225
93	260	93	261
93	300	93	301
93	347	93	348
94	44	94	45
94	106	94	105
94	131	94	131
94	181	94	181
94	204	94	203
94	226	94	225
94	260	94	261
94	300	94	301
94	347	94	348
97	368	94	375
96	31	95	30
95	44	95	45
95	106	95	105
95	131	95	131
95	181	95	181
95	204	95	203
95	226	95	225
95	260	95	261
95	300	95	301
95	347	95	348
92	382	95	378
96	44	96	45
96	106	96	105
96	131	96	131
96	181	96	181
96	204	96	203
96	226	96	225
96	260	96	261
96	300	96	301
96	347	96	348
93	383	96	379
98	30	97	29
97	44	97	45
97	106	97	105
97	131	97	131
97	181	97	181
97	204	97	203
97	226	97	225
97	260	97	261
97	300	97	301
97	347	97	348
96	384	97	380
98	44	98	45
98	106	98	105
98	131	98	131
98	181	98	181
98	204	98	203
98	226	98	225
98	260	98	261
98	300	98	301
98	347	98	348
98	368	98	376
100	29	99	28
99	44	99	45
99	106	99	105
99	131	99	131
99	181	99	181
99	204	99	203
99	226	99	225
99	260	99	261
99	300	99	301
99	347	99	348
99	368	99	376
98	385	99	381
100	106	100	105
100	131	100	131
100	181	100	181
100	204	100	203
100	226	100	225
100	260	100	261
100	300	100	301
100	347	100	348
100	368	100	376
102	28	101	27
101	44	101	46
101	131	101	131
101	181	101	181
101	204	101	203
101	226	101	225
101	260	101	261
101	300	101	301
101	347	101	348
100	386	101	382
102	45	102	46
103	105	102	104
102	131	102	131
102	181	102	181
102	204	102	203
102	226	102	225
102	300	102	301
102	347	102	348
104	27	103	26
104	105	103	103
103	131	103	131
103	181	103	181
103	204	103	203
103	226	103	225
103	260	103	260
103	300	103	301
102	387	103	383
105	46	104	47
104	131	104	131
104	181	104	181
104	204	104	203
104	226	104	226
104	260	104	260
104	300	104	301
104	347	104	347
102	369	104	375
106	26	105	25
105	104	105	102
105	131	105	131
105	181	105	181
105	204	105	203
105	226	105	226
105	260	105	260
105	300	105	301
106	347	105	348
108	379	105	375
105	386	105	384
106	131	106	131
106	181	106	180
106	204	106	203
106	260	106	259
106	373	106	374
106	385	106	384
108	25	107	24
107	47	107	49
108	102	107	101
107	181	107	180
107	204	107	204
107	226	107	227
107	260	107	259
108	301	107	302
107	348	107	348
107	374	107	374
108	384	107	384
109	102	108	100
108	131	108	132
108	181	108	180
108	204	108	204
108	259	108	258
110	24	109	23
110	49	109	50
109	131	109	132
109	227	109	228
109	259	109	258
109	301	109	303
109	348	109	348
109	374	109	373
109	385	109	385
112	11	110	11
112	12	110	12
112	13	110	13
112	14	110	14
112	15	110	15
112	16	110	16
112	17	110	17
112	18	110	18
112	19	110	19
112	20	110	20
110	101	110	99
110	180	110	179
110	204	110	204
110	227	110	228
110	258	110	257
110	303	110	303
110	349	110	349
110	373	110	372
112	10	111	9
111	24	111	22
111	132	111	133
111	180	111	180
111	205	111	204
111	302	111	303
111	348	111	348
111	373	111	372
112	386	111	386
113	9	112	8
112	22	112	22
112	50	112	52
113	99	112	98
116	168	112	168
116	169	112	169
116	170	112	170
116	171	112	171
116	172	112	172
116	173	112	173
116	174	112	174
116	175	112	175
116	176	112	176
116	177	112	177
112	180	112	179
112	204	112	204
112	228	112	228
112	257	112	257
112	302	112	303
112	349	112	349
112	372	112	371
114	8	113	7
113	23	113	22
114	99	113	97
114	133	113	134
116	165	113	165
114	180	113	180
113	205	113	204
113	229	113	229
113	302	113	303
113	372	113	371
113	386	113	386
114	23	114	22
114	51	114	53
117	163	114	162
115	180	114	181
114	204	114	203
114	228	114	228
114	257	114	256
114	301	114	303
115	348	114	348
114	371	114	371
114	387	114	386
115	7	115	6
115	23	115	22
116	97	115	96
116	134	115	135
117	162	115	160
117	180	115	182
115	204	115	203
115	229	115	229
115	256	115	256
115	306	115	304
115	371	115	371
115	386	115	386
116	6	116	5
116	23	116	22
117	53	116	54
118	181	116	183
116	228	116	229
116	257	116	256
116	300	116	303
116	349	116	348
116	371	116	371
116	386	116	386
117	6	117	5
117	23	117	22
118	96	117	95
118	136	117	136
119	182	117	184
118	203	117	202
117	229	117	229
117	256	117	256
117	300	117	303
117	350	117	349
117	371	117	370
117	386	117	385
118	5	118	4
118	23	118	22
118	53	118	54
120	183	118	185
119	203	118	201
118	228	118	229
118	256	118	255
118	349	118	348
118	371	118	370
118	386	118	386
119	5	119	4
119	23	119	22
120	95	119	94
119	137	119	137
121	184	119	186
119	229	119	229
119	256	119	256
119	349	119	349
119	371	119	370
119	385	119	385
120	4	120	3
120	23	120	23
120	54	120	55
120	138	120	138
122	185	120	187
121	201	120	200
120	229	120	229
120	256	120	255
118	299	120	302
120	348	120	348
120	370	120	370
120	386	120	386
121	4	121	4
121	23	121	23
121	55	121	55
121	95	121	93
121	138	121	137
123	186	121	188
121	229	121	229
121	256	121	256
121	349	121	349
121	371	121	370
121	385	121	386
122	3	122	3
122	23	122	22
123	55	122	55
122	94	122	93
122	139	122	138
124	187	122	189
123	200	122	199
122	255	122	255
118	308	122	308
120	309	122	309
122	310	122	310
123	311	122	311
125	312	122	312
126	313	122	313
126	314	122	314
126	315	122	315
126	316	122	316
122	348	122	348
122	370	122	370
122	386	122	386
123	4	123	4
123	23	123	22
123	135	123	137
124	200	123	198
123	229	123	229
123	256	123	256
123	349	123	349
123	371	123	370
123	386	123	386
124	3	124	3
124	22	124	22
124	55	124	56
124	93	124	92
124	140	124	138
125	188	124	190
125	199	124	197
124	229	124	229
124	255	124	255
124	348	124	348
124	370	124	370
124	386	124	386
125	4	125	4
125	92	125	91
125	140	125	138
126	198	125	196
125	229	125	229
125	256	125	256
122	297	125	301
126	319	125	320
125	349	125	349
125	370	125	370
126	3	126	3
126	22	126	21
127	56	126	57
126	93	126	91
126	141	126	138
126	189	126	191
126	229	126	229
126	255	126	255
127	320	126	321
127	349	126	349
126	370	126	369
126	386	126	386
127	4	127	4
127	22	127	21
127	92	127	91
127	141	127	138
127	190	127	191
127	229	127	229
127	256	127	256
127	370	127	369
129	4	128	4
128	22	128	21
129	56	128	58
126	134	128	137
128	190	128	191
128	229	128	229
128	255	128	255
127	294	128	295
123	296	128	296
129	322	128	322
128	386	128	386
129	22	129	21
129	92	129	90
129	142	129	138
129	191	129	191
129	256	129	255
128	293	129	294
130	322	129	323
128	348	129	348
131	354	129	354
131	355	129	355
131	356	129	356
131	357	129	357
131	358	129	358
131	359	129	359
131	360	129	360
131	361	129	361
131	362	129	362
131	363	129	363
131	364	129	364
131	365	129	365
131	366	129	366
131	367	129	367
130	4	130	4
130	22	130	21
131	57	130	59
130	143	130	138
130	191	130	191
130	229	130	229
130	255	130	255
132	290	130	290
131	291	130	291
130	292	130	292
131	323	130	324
130	348	130	347
130	370	130	369
130	386	130	387
131	22	131	21
135	89	131	88
132	91	131	91
131	191	131	191
131	256	131	255
133	289	131	287
133	324	131	325
132	348	131	346
131	351	131	351
131	369	131	369
131	387	131	387
133	5	132	5
132	21	132	20
133	58	132	60
135	88	132	86
133	91	132	92
132	131	132	138
132	191	132	191
132	229	132	229
132	255	132	255
134	288	132	286
134	325	132	326
133	347	132	345
132	370	132	370
132	386	132	387
133	21	133	20
137	79	133	79
137	80	133	80
137	81	133	81
137	82	133	82
136	85	133	83
135	92	133	93
131	143	133	139
133	191	133	191
133	229	133	229
133	256	133	255
134	287	133	285
135	326	133	327
134	346	133	344
133	349	133	351
133	370	133	370
133	387	133	387
135	5	134	6
135	59	134	61
136	94	134	94
137	132	134	138
134	191	134	191
134	255	134	254
136	327	134	328
135	345	134	343
135	350	134	351
134	371	134	371
134	387	134	387
136	20	135	19
137	78	135	75
135	145	135	139
135	192	135	191
135	230	135	229
135	255	135	255
136	285	135	284
137	328	135	329
136	344	135	342
135	370	135	371
137	6	136	7
137	60	136	62
138	76	136	74
137	95	136	96
136	144	136	139
136	191	136	191
136	229	136	229
136	255	136	254
137	285	136	283
140	292	136	299
137	343	136	341
137	351	136	352
136	371	136	371
136	387	136	387
138	19	137	18
139	75	137	73
139	97	137	97
137	144	137	139
137	192	137	192
137	255	137	254
138	342	137	340
139	7	138	8
139	61	138	63
140	74	138	72
138	132	138	139
138	191	138	191
138	229	138	230
138	255	138	254
139	283	138	282
142	294	138	300
139	330	138	331
139	341	138	339
139	352	138	353
138	371	138	372
138	387	138	387
141	8	139	9
140	18	139	17
141	73	139	71
140	98	139	99
142	135	139	139
139	192	139	192
140	254	139	254
140	340	139	338
139	371	139	372
139	388	139	388
142	8	140	10
144	11	140	11
144	12	140	12
144	13	140	13
142	72	140	70
142	99	140	100
140	143	140	140
140	191	140	192
143	233	140	233
143	234	140	234
143	235	140	235
143	236	140	236
143	237	140	237
143	238	140	238
143	239	140	239
143	240	140	240
141	254	140	255
141	282	140	281
143	295	140	301
141	331	140	332
141	339	140	337
141	353	140	354
140	372	140	372
140	387	140	387
141	18	141	17
143	71	141	69
142	100	141	101
141	142	141	140
141	192	141	192
141	230	141	230
143	242	141	243
144	244	141	244
144	245	141	245
144	246	141	246
144	247	141	247
144	248	141	248
142	282	141	280
143	332	141	333
142	338	141	336
141	371	141	372
141	388	141	388
142	17	142	17
141	62	142	62
143	101	142	102
142	142	142	140
142	192	142	192
142	230	142	230
142	253	142	251
146	298	142	302
143	354	142	355
142	372	142	372
143	17	143	17
143	62	143	62
143	64	143	65
145	102	143	103
143	142	143	140
143	192	143	192
143	252	143	251
144	256	143	257
143	281	143	279
144	336	143	335
143	372	143	372
144	387	143	387
144	16	144	17
144	61	144	61
144	65	144	65
144	141	144	140
144	192	144	192
144	230	144	229
144	251	144	251
142	310	144	304
144	332	144	334
144	372	144	372
145	17	145	17
145	61	145	61
145	66	145	65
145	141	145	140
145	192	145	192
145	229	145	228
145	251	145	251
146	257	145	258
146	279	145	278
149	301	145	304
145	335	145	334
145	355	145	357
145	372	145	371
145	387	145	388
146	17	146	17
146	61	146	61
146	66	146	65
147	104	146	105
146	140	146	140
146	192	146	192
146	251	146	251
150	302	146	305
146	334	146	333
146	372	146	372
146	388	146	388
147	17	147	17
147	60	147	60
147	66	147	65
147	141	147	141
147	228	147	227
147	251	147	251
148	278	147	277
146	308	147	306
147	334	147	333
148	357	147	358
147	371	147	371
148	17	148	17
148	60	148	60
148	66	148	65
149	106	148	106
148	140	148	141
148	192	148	192
148	251	148	250
148	258	148	260
149	307	148	307
148	333	148	332
148	372	148	371
148	388	148	389
149	59	149	59
149	66	149	65
150	106	149	107
149	141	149	141
149	193	149	193
149	227	149	226
149	251	149	250
149	278	149	277
150	307	149	308
149	334	149	332
149	371	149	370
150	17	150	17
150	59	150	59
150	66	150	65
151	107	150	108
150	140	150	141
151	193	150	193
150	226	150	225
150	250	150	249
150	259	150	261
150	277	150	276
152	307	150	309
151	359	150	360
150	372	150	370
150	389	150	389
151	58	151	58
151	66	151	65
151	141	151	141
152	226	151	225
151	250	151	249
151	277	151	277
153	308	151	310
151	371	151	370
152	17	152	17
152	58	152	58
152	66	152	65
153	108	152	109
152	141	152	141
153	193	152	194
153	226	152	224
152	249	152	248
152	260	152	262
152	276	152	276
154	309	152	311
152	333	152	331
152	359	152	361
152	389	152	389
153	18	153	18
153	57	153	57
153	66	153	65
153	141	153	140
154	225	153	223
153	249	153	248
153	277	153	277
155	310	153	312
153	360	153	361
153	370	153	369
153	390	153	390
154	17	154	17
154	57	154	57
154	66	154	65
155	110	154	110
154	141	154	141
154	193	154	195
154	248	154	247
154	261	154	262
154	276	154	277
156	311	154	313
154	389	154	389
155	18	155	18
155	56	155	56
155	66	155	65
155	111	155	111
155	141	155	140
155	194	155	195
156	223	155	222
155	248	155	247
155	277	155	277
155	332	155	330
155	361	155	362
155	370	155	368
155	390	155	390
156	17	156	17
156	56	156	56
156	66	156	66
155	113	156	112
159	217	156	217
159	218	156	218
159	219	156	219
156	247	156	247
156	262	156	262
156	277	156	277
157	312	156	314
156	369	156	368
156	389	156	389
157	18	157	18
157	55	157	55
157	67	157	66
159	112	157	113
157	141	157	139
156	194	157	194
159	196	157	197
159	216	157	214
157	223	157	222
157	247	157	247
160	254	157	254
157	263	157	263
157	277	157	277
159	314	157	315
157	331	157	329
160	364	157	364
161	365	157	365
160	366	157	366
157	369	157	369
157	390	157	390
158	17	158	18
158	55	158	55
158	67	158	67
160	113	158	114
159	194	158	193
160	214	158	212
158	222	158	222
158	247	158	246
158	262	158	262
158	362	158	361
160	369	158	370
158	389	158	389
159	18	159	18
159	55	159	55
161	113	159	115
160	140	159	138
160	193	159	192
162	203	159	203
162	204	159	204
162	205	159	205
162	206	159	206
162	207	159	207
162	208	159	208
162	209	159	209
162	210	159	210
161	212	159	211
160	222	159	223
159	247	159	247
159	262	159	262
159	277	159	277
164	324	159	324
164	325	159	325
164	326	159	326
160	362	159	360
159	390	159	390
160	18	160	18
160	54	160	54
160	68	160	68
162	114	160	116
162	140	160	137
160	197	160	199
160	247	160	247
160	262	160	262
160	315	160	316
163	320	160	320
160	330	160	329
161	361	160	359
160	389	160	389
161	18	161	18
161	54	161	54
161	69	161	69
163	115	161	117
162	191	161	190
161	198	161	199
161	223	161	224
161	247	161	247
161	262	161	262
161	277	161	278
162	317	161	316
161	330	161	330
162	360	161	358
161	370	161	372
161	390	161	389
162	53	162	53
162	69	162	69
164	116	162	118
164	139	162	136
163	191	162	189
162	199	162	199
163	224	162	225
162	246	162	247
162	262	162	261
162	278	162	278
162	316	162	315
164	329	162	331
163	359	162	357
164	372	162	373
162	389	162	389
163	18	163	19
163	54	163	54
163	69	163	69
165	117	163	119
165	138	163	135
164	190	163	188
163	199	163	199
164	225	163	226
163	247	163	247
163	261	163	260
165	330	163	332
164	358	163	356
165	372	163	374
163	390	163	389
164	53	164	53
164	70	164	70
166	118	164	120
164	199	164	199
166	226	164	227
164	248	164	247
165	261	164	260
164	278	164	279
164	315	164	314
166	331	164	333
165	357	164	355
166	374	164	375
164	389	164	388
165	54	165	54
165	69	165	70
166	137	165	134
166	189	165	187
165	199	165	199
167	227	165	228
165	247	165	247
165	278	165	279
167	332	165	334
166	356	165	354
167	375	165	376
165	389	165	388
166	19	166	20
166	53	166	53
166	70	166	70
168	136	166	133
167	188	166	186
166	199	166	199
168	228	166	229
166	248	166	247
167	260	166	259
167	279	166	279
166	314	166	313
168	333	166	335
167	355	166	353
168	376	166	377
167	54	167	54
167	70	167	70
168	187	167	185
167	199	167	199
169	229	167	230
167	248	167	247
167	313	167	312
169	334	167	336
168	354	167	352
169	377	167	378
168	388	167	387
168	20	168	21
168	53	168	53
170	135	168	132
168	199	168	199
170	230	168	231
168	248	168	247
169	259	168	258
168	279	168	279
168	313	168	312
170	335	168	337
169	353	168	351
170	378	168	379
169	54	169	54
169	70	169	70
168	119	169	119
169	120	169	120
170	186	169	184
169	199	169	199
169	248	169	247
169	280	169	280
169	312	169	311
171	336	169	338
170	352	169	350
171	379	169	380
170	387	169	386
171	21	170	21
170	53	170	53
170	71	170	71
171	119	170	118
172	122	170	124
171	134	170	131
171	185	170	183
170	199	170	199
170	248	170	247
171	258	170	257
170	312	170	311
173	343	170	343
173	344	170	344
173	345	170	345
173	346	170	346
173	347	170	347
173	348	170	348
171	351	170	349
172	380	170	381
171	54	171	54
171	70	171	71
172	118	171	117
173	123	171	125
176	126	171	126
172	184	171	182
171	199	171	199
171	248	171	247
171	280	171	281
171	311	171	311
173	381	171	382
172	386	171	385
172	21	172	21
172	53	172	53
172	71	172	71
174	183	172	181
173	199	172	200
171	231	172	231
172	248	172	247
173	257	172	256
172	279	172	281
172	311	172	310
172	337	172	339
173	22	173	22
173	54	173	54
173	71	173	71
174	117	173	116
173	133	173	131
175	182	173	180
174	200	173	201
173	233	173	231
175	234	173	236
173	248	173	247
174	257	173	255
173	280	173	281
173	311	173	310
173	339	173	339
173	386	173	385
175	22	174	22
174	53	174	54
174	71	174	70
175	116	174	115
174	132	174	131
176	181	174	179
175	232	174	230
176	235	174	237
174	248	174	247
175	256	174	254
174	281	174	281
174	310	174	309
173	341	174	340
174	385	174	384
176	71	175	70
176	115	175	114
176	131	175	131
177	180	175	178
175	201	175	202
177	236	175	238
175	248	175	248
179	251	175	251
179	252	175	252
176	255	175	253
175	310	175	309
175	338	175	339
175	385	175	385
176	22	176	23
177	54	176	55
177	114	176	113
177	202	176	203
177	230	176	229
178	237	176	239
176	281	176	282
176	309	176	308
176	339	176	339
176	384	176	384
177	22	177	23
179	54	177	56
178	71	177	69
178	113	177	112
177	132	177	132
181	168	177	168
181	169	177	169
181	170	177	170
181	171	177	171
181	172	177	172
181	173	177	173
179	238	177	240
182	241	177	241
177	281	177	282
177	309	177	309
178	339	177	340
179	387	177	388
179	112	178	111
181	167	178	165
179	204	178	204
179	229	178	228
178	248	178	246
178	282	178	282
178	308	178	308
182	343	178	343
182	344	178	344
182	345	178	345
182	346	178	346
182	347	178	347
178	384	178	383
180	388	178	390
179	23	179	23
180	55	179	57
180	70	179	68
180	112	179	110
179	132	179	133
179	178	179	177
180	204	179	205
179	248	179	246
179	281	179	282
179	309	179	309
179	340	179	340
182	348	179	350
180	384	179	382
181	24	180	24
180	133	180	133
181	165	180	163
180	177	180	177
181	205	180	206
180	228	180	227
180	247	180	246
180	282	180	282
180	308	180	308
180	339	180	339
182	350	180	351
181	389	180	391
182	56	181	58
182	69	181	67
182	110	181	109
182	163	181	162
181	176	181	177
181	227	181	226
181	246	181	246
181	281	181	282
181	309	181	309
181	340	181	339
183	351	181	352
182	382	181	381
182	24	182	24
184	57	182	59
183	102	182	102
183	103	182	103
183	106	182	106
183	107	182	107
183	134	182	134
183	162	182	161
182	205	182	207
182	245	182	246
182	282	182	282
182	308	182	308
183	340	182	338
184	352	182	353
183	382	182	380
183	391	182	392
183	25	183	25
184	68	183	66
183	100	183	100
183	104	183	104
183	108	183	108
184	162	183	160
183	176	183	178
183	206	183	207
183	226	183	225
183	281	183	282
183	309	183	309
184	339	183	337
185	353	183	355
184	24	184	25
185	58	184	60
186	67	184	65
184	100	184	99
184	109	184	108
184	134	184	135
185	161	184	159
184	177	184	178
185	207	184	207
184	246	184	247
184	282	184	282
184	308	184	309
185	338	184	336
186	354	184	356
184	381	184	379
184	392	184	393
185	25	185	25
187	59	185	61
185	100	185	99
185	109	185	108
185	135	185	135
185	225	185	224
185	246	185	247
185	281	185	282
186	337	185	335
187	355	185	357
185	380	185	379
186	393	185	394
187	2	186	2
186	25	186	25
188	66	186	64
186	99	186	98
186	109	186	108
186	135	186	135
186	178	186	178
186	207	186	207
186	224	186	223
186	282	186	282
186	309	186	310
187	336	186	334
188	356	186	358
186	380	186	379
187	99	187	99
187	109	187	108
187	208	187	208
187	246	187	248
187	281	187	282
188	335	187	333
189	357	187	359
187	379	187	378
188	1	188	2
188	25	188	25
189	65	188	63
188	98	188	98
188	109	188	108
188	136	188	135
189	179	188	179
188	207	188	208
188	223	188	222
188	247	188	248
188	282	188	282
190	313	188	313
190	314	188	314
190	315	188	315
191	316	188	316
191	317	188	317
192	319	188	319
191	320	188	320
191	321	188	321
191	322	188	322
191	323	188	323
191	324	188	324
191	325	188	325
191	327	188	327
191	328	188	328
191	329	188	329
189	360	188	360
188	379	188	378
189	26	189	26
190	61	189	62
189	99	189	99
189	108	189	108
189	136	189	136
189	208	189	208
189	222	189	221
189	281	189	281
189	311	189	310
189	334	189	332
191	359	189	361
189	378	189	378
190	2	190	3
190	25	190	25
190	65	190	63
190	108	190	107
190	135	190	135
190	180	190	180
190	222	190	221
190	248	190	249
190	282	190	281
190	311	190	310
190	333	190	332
190	363	190	362
190	378	190	378
191	26	191	25
191	64	191	63
191	99	191	100
191	136	191	136
191	180	191	180
191	208	191	208
191	222	191	221
191	249	191	249
191	281	191	281
191	310	191	309
191	378	191	378
192	3	192	4
192	64	192	63
193	100	192	101
192	107	192	106
192	135	192	136
192	180	192	180
192	209	192	209
192	221	192	220
192	282	192	281
192	332	192	333
192	361	192	363
193	26	193	25
193	63	193	63
194	102	193	102
194	103	193	103
194	104	193	104
193	106	193	105
193	136	193	136
194	209	193	209
193	221	193	220
193	249	193	249
193	281	193	281
193	309	193	308
193	332	193	333
195	363	193	364
193	378	193	377
194	26	194	26
194	63	194	63
194	136	194	136
194	181	194	181
194	220	194	219
195	249	194	250
194	281	194	281
195	308	194	307
194	332	194	333
194	378	194	378
195	4	195	3
195	63	195	63
195	106	195	106
195	136	195	136
195	180	195	181
195	208	195	210
196	220	195	219
195	281	195	280
195	332	195	333
195	377	195	377
198	3	196	2
197	5	196	6
196	26	196	25
196	63	196	63
196	106	196	106
196	136	196	136
196	181	196	181
196	209	196	210
196	250	196	250
196	281	196	281
196	307	196	306
196	364	196	366
198	6	197	7
197	26	197	26
197	63	197	63
197	106	197	106
197	136	197	136
197	181	197	181
198	219	197	218
197	249	197	250
197	280	197	280
198	306	197	305
197	333	197	333
199	366	197	367
197	377	197	376
199	7	198	8
198	25	198	26
198	106	198	105
198	136	198	136
198	181	198	181
198	210	198	211
198	250	198	250
198	281	198	280
200	367	198	368
200	8	199	9
199	26	199	26
199	63	199	64
199	106	199	106
199	136	199	135
199	181	199	181
200	218	199	217
199	250	199	250
199	280	199	280
199	305	199	305
199	333	199	334
201	368	199	369
200	376	199	375
199	394	199	393
201	9	200	10
201	26	200	26
200	63	200	64
200	106	200	105
200	136	200	136
201	211	200	212
201	218	200	216
200	280	200	280
200	333	200	334
202	368	200	370
201	376	200	374
200	393	200	392
201	64	201	64
201	106	201	106
201	136	201	135
201	181	201	181
202	217	201	215
201	250	201	251
201	280	201	280
201	305	201	304
201	333	201	334
203	369	201	371
201	393	201	393
203	10	202	11
202	26	202	26
202	106	202	105
202	136	202	136
203	181	202	181
202	211	202	212
202	251	202	251
202	280	202	279
202	304	202	304
202	334	202	334
202	375	202	374
202	392	202	392
203	27	203	27
203	64	203	65
203	106	203	106
203	136	203	135
203	212	203	212
203	280	203	280
203	304	203	304
203	334	203	334
203	375	203	375
203	393	203	392
204	11	204	12
204	26	204	26
204	105	204	105
204	136	204	136
204	182	204	181
204	212	204	211
204	251	204	251
204	279	204	279
204	304	204	303
204	333	204	334
204	374	204	374
204	392	204	392
205	27	205	27
205	65	205	65
205	106	205	106
205	136	205	135
205	182	205	182
208	208	205	208
208	209	205	209
205	212	205	212
205	280	205	279
205	304	205	303
205	334	205	334
205	392	205	392
207	12	206	13
206	105	206	105
206	136	206	136
206	182	206	181
209	205	206	205
206	211	206	212
206	251	206	252
206	279	206	279
206	303	206	302
207	334	206	334
207	375	206	375
207	392	206	393
208	18	207	18
208	19	207	19
208	20	207	20
208	21	207	21
208	22	207	22
208	23	207	23
208	24	207	24
208	25	207	25
206	26	207	26
207	65	207	66
207	106	207	106
207	137	207	136
207	182	207	182
209	204	207	202
205	215	207	213
207	252	207	252
207	279	207	279
207	303	207	302
208	393	207	394
208	13	208	13
208	66	208	66
208	105	208	105
208	136	208	136
208	182	208	182
210	201	208	201
209	213	208	213
208	251	208	252
208	279	208	279
208	302	208	302
208	334	208	334
208	375	208	375
210	13	209	14
209	27	209	27
209	66	209	66
209	106	209	105
209	137	209	136
209	182	209	182
209	278	209	278
209	303	209	302
210	334	209	335
210	16	210	16
209	17	210	17
210	106	210	105
210	136	210	136
211	199	210	198
211	214	210	214
210	252	210	253
210	279	210	279
210	303	210	302
210	375	210	376
211	14	211	14
211	27	211	28
211	66	211	66
211	106	211	105
211	136	211	136
211	182	211	183
212	198	211	197
211	252	211	253
211	278	211	278
211	302	211	301
211	335	211	336
211	376	211	376
212	28	212	28
212	67	212	67
212	106	212	105
212	136	212	135
213	183	212	184
213	198	212	196
212	214	212	215
213	302	212	300
212	335	212	336
213	14	213	15
213	28	213	27
213	66	213	67
213	105	213	105
213	136	213	136
214	197	213	195
214	215	213	216
213	253	213	254
213	278	213	278
215	300	213	298
215	304	213	305
213	335	213	336
213	376	213	376
215	15	214	16
214	28	214	27
214	67	214	67
214	135	214	135
217	189	214	189
217	190	214	190
217	191	214	191
217	192	214	192
217	193	214	193
216	195	214	194
214	277	214	277
216	298	214	297
216	305	214	306
214	336	214	336
214	377	214	376
215	27	215	26
215	67	215	67
215	105	215	105
215	184	215	185
215	216	215	217
215	254	215	255
215	278	215	278
217	297	215	295
216	306	215	307
215	336	215	336
215	376	215	376
216	16	216	17
216	67	216	67
216	105	216	104
216	135	216	134
216	184	216	185
216	254	216	255
216	277	216	277
218	296	216	294
218	309	216	309
217	336	216	337
216	376	216	376
218	17	217	18
217	26	217	25
217	67	217	67
217	105	217	105
218	135	217	134
217	185	217	185
218	218	217	218
217	254	217	255
217	277	217	277
218	295	217	293
219	310	217	311
217	376	217	375
219	18	218	19
220	20	218	20
220	21	218	21
220	22	218	22
218	25	218	24
218	67	218	67
218	104	218	104
218	185	218	185
218	277	218	277
219	294	218	292
218	337	218	337
218	376	218	375
219	25	219	25
219	67	219	67
219	105	219	104
219	134	219	134
217	188	219	186
220	219	219	219
219	255	219	255
219	277	219	277
220	292	219	291
221	312	219	313
221	340	219	340
221	341	219	341
221	342	219	342
221	343	219	343
219	376	219	375
220	24	220	24
220	67	220	67
220	104	220	104
220	185	220	186
221	219	220	220
219	290	220	290
222	313	220	314
220	337	220	337
222	344	220	346
221	25	221	24
221	67	221	67
221	105	221	104
221	134	221	133
221	277	221	277
222	290	221	289
222	314	221	315
221	338	221	337
223	345	221	347
221	375	221	375
222	24	222	24
222	104	222	104
222	133	222	133
222	186	222	186
222	220	222	220
222	255	222	255
222	278	222	277
222	280	222	280
223	289	222	288
222	337	222	336
222	374	222	374
223	25	223	24
223	67	223	67
223	104	223	104
223	134	223	133
223	187	223	187
223	256	223	256
223	277	223	276
223	281	223	280
224	282	223	283
224	288	223	287
224	316	223	317
223	337	223	336
223	375	223	374
224	24	224	24
224	68	224	68
224	104	224	103
224	133	224	132
224	186	224	187
224	220	224	220
224	255	224	255
224	276	224	275
225	283	224	284
226	317	224	318
225	336	224	335
224	374	224	374
225	24	225	23
225	67	225	67
225	104	225	103
225	133	225	133
225	221	225	221
225	256	225	255
225	276	225	275
225	287	225	286
227	318	225	319
226	336	225	334
225	374	225	373
226	24	226	23
226	67	226	66
226	103	226	103
226	133	226	132
226	187	226	188
226	220	226	220
226	255	226	255
226	275	226	274
226	286	226	286
227	335	226	333
226	374	226	373
227	23	227	23
227	67	227	67
227	104	227	103
227	221	227	221
227	255	227	255
227	275	227	274
227	286	227	286
228	334	227	332
227	373	227	373
228	24	228	23
228	67	228	66
228	103	228	103
228	132	228	131
228	188	228	189
228	220	228	220
228	255	228	255
228	274	228	273
228	286	228	285
229	320	228	321
229	333	228	331
228	373	228	372
229	23	229	23
229	67	229	67
229	103	229	102
229	131	229	131
229	189	229	189
229	221	229	221
229	254	229	254
229	274	229	273
229	286	229	285
230	321	229	322
232	323	229	323
232	324	229	324
232	325	229	325
232	326	229	326
229	373	229	373
230	23	230	23
230	66	230	66
230	103	230	102
230	132	230	131
230	220	230	220
230	255	230	254
230	273	230	273
230	332	230	330
230	372	230	372
231	23	231	23
231	67	231	67
231	103	231	102
231	131	231	130
233	132	231	132
233	133	231	133
231	189	231	189
231	221	231	221
231	254	231	254
231	273	231	273
231	285	231	285
231	331	231	330
231	373	231	373
232	23	232	22
232	66	232	66
232	103	232	102
234	134	232	136
232	190	232	190
232	220	232	220
232	254	232	254
232	273	232	273
232	284	232	284
232	330	232	330
232	372	232	372
233	23	233	23
233	67	233	67
233	102	233	102
234	131	233	129
235	137	233	137
235	138	233	138
233	189	233	190
233	221	233	221
233	254	233	254
234	273	233	273
233	285	233	284
233	330	233	329
233	373	233	373
234	22	234	22
234	66	234	66
234	102	234	102
235	130	234	128
236	140	234	140
234	190	234	190
234	220	234	220
234	253	234	253
234	284	234	283
235	329	234	329
234	372	234	373
235	23	235	22
235	67	235	67
235	102	235	102
236	129	235	127
237	141	235	142
235	190	235	190
235	221	235	221
235	254	235	253
235	272	235	274
235	283	235	283
235	373	235	373
236	22	236	21
236	66	236	66
236	102	236	101
236	190	236	190
236	220	236	220
236	253	236	253
236	273	236	274
236	330	236	329
237	373	236	373
237	22	237	22
237	67	237	67
237	102	237	102
238	128	237	126
239	143	237	144
237	191	237	190
237	221	237	221
237	254	237	254
237	283	237	282
237	330	237	329
238	22	238	21
238	66	238	66
238	101	238	101
239	127	238	125
240	144	238	145
238	190	238	190
238	220	238	220
238	253	238	253
238	273	238	275
238	329	238	329
238	372	238	374
239	22	239	21
239	67	239	67
239	102	239	102
240	126	239	124
241	145	239	146
239	191	239	190
239	221	239	220
239	252	239	252
239	274	239	275
239	283	239	281
239	329	239	329
239	373	239	374
240	21	240	21
240	66	240	66
240	101	240	101
240	220	240	220
240	253	240	252
240	282	240	281
240	329	240	329
240	373	240	374
241	21	241	21
241	67	241	66
241	102	241	101
242	125	241	123
241	191	241	190
241	220	241	220
241	252	241	251
241	282	241	281
241	329	241	329
242	374	241	375
244	18	242	18
244	19	242	19
242	21	242	20
242	66	242	66
242	101	242	101
243	124	242	122
243	147	242	148
242	191	242	191
242	220	242	220
242	252	242	251
242	281	242	280
242	329	242	328
244	17	243	16
243	21	243	21
243	67	243	66
243	102	243	101
243	220	243	220
243	251	243	251
241	274	243	274
243	275	243	275
245	277	243	278
243	281	243	280
243	329	243	329
243	374	243	376
244	66	244	66
244	101	244	101
244	123	244	121
245	148	244	149
243	190	244	190
244	220	244	220
244	251	244	251
245	274	244	273
246	278	244	279
244	281	244	280
244	328	244	328
245	375	244	376
246	15	245	14
246	22	245	22
245	101	245	101
246	122	245	120
247	192	245	192
247	193	245	193
247	194	245	194
247	195	245	195
247	196	245	196
245	220	245	220
245	250	245	250
246	272	245	271
245	281	245	281
245	329	245	328
247	14	246	13
247	22	246	23
246	66	246	66
246	101	246	101
247	121	246	119
246	149	246	149
246	191	246	190
248	199	246	199
246	220	246	220
246	280	246	281
246	328	246	328
246	376	246	377
247	66	247	65
247	150	247	150
249	201	247	201
247	220	247	220
247	250	247	250
247	270	247	269
248	281	247	282
247	329	247	328
248	13	248	12
248	23	248	24
248	66	248	66
248	101	248	102
249	120	248	118
248	190	248	189
250	203	248	205
248	220	248	220
248	250	248	249
248	269	248	268
249	282	248	283
248	328	248	328
249	377	248	378
249	65	249	65
250	119	249	117
250	189	249	188
249	220	249	220
249	249	249	249
250	267	249	266
250	328	249	328
250	12	250	11
250	24	250	25
250	66	250	66
251	101	250	103
251	118	250	116
250	151	250	150
252	205	250	206
250	220	250	220
250	249	250	248
251	266	250	265
251	283	250	284
250	377	250	379
251	11	251	10
252	25	251	26
251	65	251	65
251	151	251	151
252	188	251	187
251	220	251	220
251	249	251	249
252	265	251	264
251	328	251	328
251	378	251	379
252	66	252	66
252	117	252	115
252	150	252	151
253	187	252	186
252	248	252	248
253	265	252	263
252	284	252	285
252	328	252	328
252	379	252	379
253	10	253	9
253	26	253	27
253	65	253	65
253	102	253	104
254	116	253	114
253	151	253	151
253	220	253	220
253	249	253	249
254	264	253	262
253	328	253	328
254	9	254	8
255	27	254	28
254	66	254	66
254	186	254	185
254	221	254	221
254	248	254	248
255	263	254	261
254	285	254	286
254	328	254	328
254	379	254	379
255	65	255	65
255	103	255	105
256	114	255	113
255	152	255	152
256	185	255	184
255	220	255	221
255	249	255	248
256	262	255	260
256	286	255	287
255	380	255	380
258	4	256	4
258	5	256	5
258	6	256	6
256	8	256	7
256	28	256	28
256	66	256	66
258	104	256	106
257	114	256	112
256	152	256	152
256	221	256	221
256	248	256	248
256	328	256	328
256	379	256	380
258	3	257	2
257	8	257	8
257	65	257	65
258	113	257	111
257	152	257	151
257	184	257	183
257	220	257	221
257	249	257	248
257	287	257	288
257	380	257	380
259	2	258	1
259	8	258	8
258	28	258	28
258	66	258	66
260	112	258	110
258	151	258	150
260	154	258	155
258	221	258	221
258	248	258	248
258	328	258	328
258	379	258	380
260	8	259	9
259	29	259	29
259	65	259	65
259	105	259	107
259	152	259	150
259	183	259	183
259	221	259	221
259	249	259	249
259	288	259	288
259	380	259	380
261	9	260	10
260	28	260	29
260	66	260	66
260	105	260	107
261	151	260	149
260	183	260	182
260	221	260	221
260	248	260	248
260	328	260	329
260	380	260	380
261	29	261	29
261	65	261	65
262	111	261	107
262	150	261	148
261	157	261	156
261	158	261	158
262	182	261	181
261	222	261	222
261	249	261	249
261	288	261	289
261	328	261	329
261	380	261	380
263	11	262	11
262	66	262	66
262	106	262	106
263	149	262	147
262	156	262	156
262	221	262	221
262	249	262	248
262	288	262	289
262	329	262	329
262	380	262	380
263	29	263	29
263	65	263	65
263	107	263	107
263	157	263	156
263	181	263	181
263	222	263	222
263	249	263	248
264	260	263	258
263	289	263	289
264	329	263	329
264	11	264	11
264	30	264	30
264	66	264	66
264	108	264	107
264	148	264	146
264	158	264	156
264	181	264	180
264	221	264	221
264	249	264	249
266	259	264	257
264	380	264	380
265	12	265	12
265	65	265	66
265	107	265	107
266	147	265	145
265	181	265	180
265	222	265	222
265	249	265	249
266	250	265	250
266	251	265	251
266	252	265	252
266	253	265	253
266	254	265	254
266	255	265	255
266	256	265	256
264	288	265	288
265	329	265	329
266	29	266	30
266	66	266	66
267	107	266	107
266	180	266	180
266	221	266	222
266	330	266	330
266	380	266	380
267	12	267	13
267	66	267	66
267	146	267	144
267	222	267	222
267	249	267	249
268	288	267	288
268	330	267	330
267	381	267	380
268	13	268	13
268	30	268	30
268	66	268	66
268	107	268	107
268	146	268	144
268	180	268	180
268	222	268	222
268	248	268	248
266	20	269	14
269	67	269	66
269	108	269	108
269	145	269	144
269	180	269	179
269	222	269	222
269	249	269	249
269	288	269	288
269	330	269	330
271	333	269	334
269	380	269	380
270	13	270	14
270	31	270	31
270	66	270	66
270	107	270	108
270	180	270	179
270	248	270	248
270	288	270	287
270	330	270	330
271	334	270	335
270	380	270	380
271	14	271	14
271	32	271	32
271	65	271	66
271	108	271	108
271	144	271	144
271	179	271	178
271	222	271	222
271	249	271	249
271	288	271	288
271	331	271	330
271	380	271	379
272	14	272	14
272	31	272	31
272	66	272	66
272	108	272	108
273	144	272	145
272	179	272	179
272	223	272	223
272	248	272	248
272	287	272	287
272	330	272	329
273	337	272	337
272	380	272	380
273	32	273	32
273	67	273	66
273	108	273	108
274	145	273	146
273	179	273	178
273	222	273	222
273	288	273	287
273	329	273	329
274	337	273	338
273	379	273	379
274	14	274	14
274	31	274	31
274	66	274	66
274	108	274	108
274	179	274	178
274	223	274	223
274	248	274	248
274	287	274	286
274	329	274	328
276	377	274	377
274	379	274	378
275	380	274	381
275	15	275	15
275	32	275	32
275	67	275	66
275	109	275	109
275	178	275	178
275	223	275	223
275	247	275	247
275	287	275	286
275	328	275	328
276	339	275	339
276	14	276	15
276	32	276	31
276	66	276	66
276	108	276	108
276	178	276	178
278	180	276	180
278	181	276	181
278	182	276	182
278	183	276	183
278	184	276	184
276	223	276	222
276	248	276	247
276	286	276	285
276	328	276	327
277	339	276	340
278	375	276	374
277	382	276	382
277	15	277	15
277	32	277	32
277	67	277	66
277	109	277	109
277	178	277	177
279	185	277	186
277	223	277	223
277	247	277	247
277	327	277	327
278	32	278	31
278	66	278	66
278	108	278	108
279	178	278	177
280	186	278	188
278	222	278	222
278	247	278	247
279	284	278	282
279	288	278	289
278	327	278	326
278	340	278	341
278	382	278	383
279	16	279	16
279	32	279	32
279	67	279	67
279	109	279	109
280	177	279	176
281	187	279	189
279	223	279	222
279	247	279	247
280	283	279	281
280	289	279	290
279	327	279	326
280	383	279	384
280	16	280	16
280	32	280	32
280	66	280	66
280	109	280	108
280	222	280	222
280	246	280	246
281	282	280	280
282	291	280	292
280	326	280	325
280	341	280	342
281	384	280	385
281	16	281	16
281	32	281	32
281	67	281	67
281	109	281	108
282	174	281	173
282	188	281	190
282	222	281	221
281	247	281	246
282	281	281	279
281	326	281	326
282	16	282	16
282	66	282	66
282	109	282	108
283	173	282	172
282	246	282	246
283	280	282	278
282	325	282	325
282	342	282	343
282	385	282	386
283	16	283	16
284	32	283	32
283	67	283	67
283	109	283	108
284	171	283	170
283	189	283	191
283	221	283	221
283	246	283	245
283	292	283	294
283	325	283	325
283	343	283	343
284	16	284	16
284	66	284	66
284	109	284	109
285	170	284	169
284	190	284	191
284	221	284	220
285	278	284	277
284	293	284	294
284	325	284	325
284	343	284	343
285	387	284	387
285	16	285	16
285	33	285	32
285	67	285	67
285	108	285	108
286	169	285	168
285	190	285	191
285	245	285	245
286	277	285	276
285	294	285	294
285	325	285	325
285	343	285	343
286	17	286	16
286	66	286	66
286	109	286	109
286	191	286	191
286	220	286	219
286	245	286	244
287	276	286	275
286	297	286	294
286	324	286	325
286	343	286	343
286	387	286	388
287	16	287	16
287	33	287	32
287	67	287	67
287	108	287	108
287	168	287	167
287	190	287	190
287	219	287	218
287	245	287	244
288	275	287	274
287	325	287	325
288	17	288	17
288	33	288	33
288	66	288	66
288	109	288	109
289	167	288	166
288	191	288	191
288	219	288	218
288	244	288	243
289	274	288	273
288	343	288	343
289	389	288	389
289	16	289	16
289	33	289	33
289	67	289	67
289	108	289	108
290	166	289	165
289	190	289	190
289	218	289	217
289	244	289	243
288	271	289	271
289	272	289	272
289	325	289	325
289	344	289	344
290	17	290	17
290	33	290	33
290	66	290	66
290	109	290	108
291	165	290	164
290	191	290	191
290	218	290	217
290	243	290	243
290	273	290	273
291	325	290	326
290	343	290	344
290	389	290	390
291	17	291	16
291	34	291	34
291	67	291	67
291	109	291	108
292	164	291	163
291	190	291	190
292	217	291	216
291	243	291	242
291	273	291	273
291	307	291	309
291	344	291	344
292	17	292	16
292	66	292	66
292	108	292	108
292	190	292	190
292	242	292	241
292	273	292	273
292	326	292	326
292	343	292	344
292	390	292	390
293	17	293	16
293	34	293	34
293	67	293	67
293	109	293	109
293	163	293	162
293	190	293	190
293	216	293	216
293	242	293	241
293	273	293	273
294	308	293	310
293	344	293	344
293	391	293	391
294	16	294	15
294	66	294	66
294	108	294	108
294	162	294	161
294	190	294	189
294	215	294	215
294	241	294	241
294	273	294	272
294	326	294	326
294	343	294	344
294	390	294	391
295	16	295	15
295	34	295	35
295	67	295	67
295	109	295	109
295	162	295	161
295	190	295	190
296	240	295	240
296	272	295	272
296	310	295	311
295	327	295	327
295	344	295	344
295	391	295	391
296	15	296	15
296	35	296	35
296	66	296	66
296	108	296	108
296	161	296	160
296	189	296	189
296	215	296	215
296	241	296	241
296	343	296	344
296	391	296	391
297	15	297	15
297	35	297	35
297	67	297	66
297	109	297	108
297	189	297	189
297	215	297	214
297	238	297	238
297	242	297	241
297	273	297	273
298	311	297	312
297	327	297	328
297	344	297	344
299	1	298	1
298	15	298	15
298	35	298	34
298	66	298	66
298	108	298	108
298	160	298	159
298	189	298	189
298	215	298	215
298	237	298	237
298	242	298	241
298	273	298	272
299	274	298	275
300	276	298	276
300	277	298	277
298	327	298	328
298	391	298	391
299	15	299	15
299	35	299	35
299	67	299	66
299	108	299	108
299	159	299	159
299	189	299	189
299	214	299	214
299	237	299	236
299	242	299	242
301	279	299	279
299	312	299	313
299	328	299	328
299	344	299	345
299	392	299	392
300	1	300	1
300	15	300	15
300	35	300	34
300	66	300	66
300	189	300	189
300	236	300	236
300	243	300	242
300	272	300	271
301	280	300	281
301	313	300	314
300	328	300	328
300	344	300	345
300	391	300	391
301	2	301	2
301	15	301	15
301	35	301	34
301	67	301	66
301	108	301	108
301	159	301	158
301	189	301	188
301	214	301	214
301	235	301	235
301	243	301	243
302	271	301	270
303	283	301	284
302	314	301	315
301	344	301	345
301	392	301	392
302	15	302	15
302	34	302	34
302	66	302	65
302	108	302	108
302	158	302	158
302	189	302	189
302	235	302	234
302	243	302	243
303	270	302	269
303	285	302	285
303	315	302	316
302	328	302	329
302	345	302	345
302	391	302	391
303	2	303	3
303	16	303	15
304	34	303	33
303	35	303	35
303	67	303	66
303	108	303	108
303	188	303	188
303	214	303	214
303	234	303	234
303	244	303	244
304	268	303	267
303	328	303	329
303	392	303	392
304	2	304	3
304	15	304	15
305	36	304	37
304	66	304	65
304	108	304	108
304	158	304	157
304	189	304	189
304	214	304	213
304	234	304	233
304	244	304	244
305	267	304	266
305	287	304	288
304	315	304	317
304	329	304	329
304	345	304	346
304	391	304	391
305	3	305	3
305	16	305	16
306	32	305	31
306	37	305	38
305	66	305	65
305	107	305	107
305	157	305	157
305	188	305	188
305	214	305	214
305	233	305	233
305	245	305	244
306	267	305	265
306	288	305	289
305	316	305	317
305	329	305	329
305	345	305	346
305	392	305	392
306	15	306	15
308	39	306	40
306	66	306	65
306	108	306	108
306	157	306	157
306	189	306	189
306	214	306	214
306	233	306	232
306	245	306	245
307	317	306	318
307	346	306	346
306	391	306	391
307	3	307	4
307	16	307	16
307	31	307	30
307	66	307	65
307	108	307	107
307	157	307	156
307	188	307	188
307	214	307	214
307	233	307	232
307	245	307	244
308	265	307	264
307	329	307	329
307	392	307	392
308	16	308	15
308	30	308	29
308	65	308	65
308	107	308	107
308	156	308	156
308	188	308	188
308	215	308	214
308	233	308	232
308	245	308	245
309	264	308	263
308	318	308	318
308	346	308	346
308	391	308	391
309	5	309	5
309	16	309	16
309	29	309	28
309	65	309	64
309	108	309	107
310	155	309	155
309	188	309	188
309	214	309	214
309	233	309	233
309	245	309	244
310	262	309	262
310	318	309	319
309	330	309	329
309	347	309	347
309	392	309	392
310	4	310	5
310	28	310	27
310	65	310	65
310	107	310	107
310	188	310	188
310	215	310	214
310	233	310	232
310	245	310	245
310	391	310	391
311	5	311	5
311	16	311	17
311	27	311	26
311	64	311	64
311	107	311	107
311	156	311	156
311	188	311	188
311	214	311	214
311	234	311	233
311	245	311	244
312	261	311	259
311	319	311	319
311	330	311	330
311	347	311	348
312	4	312	5
313	17	312	18
313	26	312	25
312	65	312	65
312	106	312	106
312	156	312	156
312	188	312	188
312	215	312	215
312	234	312	234
312	245	312	245
313	260	312	258
312	320	312	320
312	329	312	330
312	347	312	348
312	391	312	391
313	5	313	5
314	25	313	24
313	59	313	59
311	60	313	60
311	61	313	61
311	62	313	62
313	65	313	64
313	107	313	107
313	156	313	156
313	188	313	188
313	214	313	214
313	235	313	235
313	245	313	244
314	259	313	257
313	330	313	330
313	347	313	348
314	5	314	5
315	18	314	19
315	24	314	23
314	58	314	58
314	66	314	65
314	106	314	106
314	188	314	188
314	215	314	215
314	235	314	235
314	245	314	245
315	258	314	256
314	320	314	320
314	329	314	329
314	391	314	391
315	6	315	6
316	19	315	20
316	23	315	22
315	58	315	58
315	66	315	65
315	107	315	106
315	155	315	155
315	216	315	215
315	235	315	235
315	245	315	244
316	290	315	289
317	291	315	291
316	293	315	293
316	294	315	294
315	321	315	321
315	329	315	329
315	348	315	348
315	392	315	392
316	6	316	5
316	7	316	7
317	8	316	8
316	57	316	57
316	67	316	66
316	107	316	106
316	155	316	155
318	157	316	157
318	158	316	158
316	188	316	188
316	215	316	215
316	236	316	236
316	245	316	245
317	287	316	286
317	295	316	295
316	320	316	321
316	329	316	329
316	391	316	392
317	5	317	4
318	9	317	9
317	22	317	21
317	56	317	56
317	67	317	66
317	106	317	106
317	155	317	154
318	159	317	160
317	189	317	188
317	216	317	215
317	236	317	236
318	286	317	285
317	297	317	297
316	298	317	298
317	321	317	321
317	329	317	328
317	348	317	349
317	392	317	392
318	4	318	4
319	10	318	10
318	20	318	20
318	56	318	56
318	68	318	67
318	107	318	106
319	155	318	154
318	161	318	161
318	188	318	188
318	215	318	215
318	237	318	237
318	246	318	245
319	284	318	283
318	296	318	297
318	322	318	322
318	328	318	327
318	391	318	392
319	3	319	3
319	11	319	11
319	21	319	20
319	55	319	55
319	67	319	67
319	106	319	106
320	154	319	153
319	188	319	187
319	216	319	216
319	247	319	245
320	283	319	282
319	297	319	297
319	322	319	322
319	328	319	327
319	392	319	392
320	3	320	3
320	12	320	12
321	13	320	13
320	21	320	21
320	56	320	56
320	68	320	68
321	153	320	152
320	188	320	188
320	215	320	215
320	237	320	237
320	246	320	245
321	282	320	281
320	323	320	323
320	327	320	326
319	349	320	349
320	392	320	392
321	3	321	2
322	14	321	14
321	22	321	22
321	55	321	55
321	67	321	68
321	106	321	106
321	152	321	151
321	188	321	187
321	216	321	216
321	238	321	238
321	247	321	246
322	281	321	280
321	324	321	324
321	326	321	325
321	349	321	349
321	392	321	392
322	2	322	2
323	15	322	15
322	22	322	21
322	56	322	56
322	68	322	68
322	106	322	106
323	150	322	150
322	187	322	186
322	216	322	215
322	238	322	237
322	246	322	246
323	279	322	279
322	349	322	349
322	392	322	392
323	16	323	16
323	23	323	23
323	55	323	55
323	68	323	68
323	107	323	106
324	149	323	148
323	187	323	187
323	216	323	216
323	238	323	238
323	247	323	247
323	278	323	277
323	325	323	325
325	348	323	347
324	349	323	350
323	393	323	393
324	2	324	2
324	17	324	17
324	56	324	56
324	68	324	68
325	148	324	147
324	186	324	186
324	216	324	216
324	239	324	239
324	248	324	247
324	277	324	276
324	326	324	326
326	346	324	344
325	350	324	351
324	392	324	392
325	3	325	3
325	23	325	24
325	55	325	55
325	69	325	68
325	107	325	107
326	147	325	146
325	186	325	185
326	216	325	216
325	326	325	325
327	343	325	343
325	352	325	352
324	353	325	353
325	393	325	393
326	2	326	2
326	23	326	24
326	56	326	55
326	68	326	68
326	107	326	107
327	145	326	145
326	186	326	186
326	239	326	239
326	248	326	248
326	325	326	325
327	353	326	354
326	392	326	392
327	3	327	3
327	55	327	55
327	69	327	69
327	107	327	107
328	144	327	143
327	185	327	185
327	217	327	217
327	240	327	240
327	249	327	249
327	326	327	325
328	341	327	340
328	354	327	355
327	393	327	393
328	2	328	3
328	24	328	24
328	55	328	55
328	68	328	68
328	108	328	107
329	144	328	142
328	186	328	186
328	217	328	217
328	240	328	240
328	250	328	250
328	325	328	324
329	340	328	339
329	356	328	357
330	358	328	358
328	392	328	392
329	55	329	55
329	69	329	69
329	107	329	107
330	142	329	141
329	185	329	185
329	217	329	217
329	240	329	240
329	250	329	249
329	324	329	324
330	359	329	360
329	393	329	393
330	3	330	3
330	24	330	24
330	55	330	55
330	68	330	68
330	108	330	108
331	141	330	140
330	186	330	186
330	218	330	217
330	241	330	241
330	250	330	250
330	324	330	323
330	339	330	338
330	392	330	392
332	4	331	4
331	55	331	55
331	69	331	69
331	107	331	107
332	140	331	139
331	185	331	185
331	217	331	217
331	241	331	241
331	251	331	251
331	323	331	323
331	338	331	337
332	361	331	362
331	393	331	393
332	24	332	24
332	55	332	55
332	68	332	68
332	108	332	108
332	186	332	186
332	218	332	218
332	241	332	241
332	250	332	250
332	323	332	323
333	337	332	336
333	362	332	363
332	393	332	392
333	4	333	5
333	55	333	55
333	69	333	69
334	137	333	136
333	185	333	185
333	218	333	218
333	242	333	242
333	251	333	251
333	322	333	322
334	363	333	364
333	393	333	393
334	5	334	5
334	24	334	25
334	55	334	55
334	69	334	68
334	108	334	108
335	136	334	135
334	186	334	186
334	218	334	218
334	241	334	242
334	252	334	252
334	321	334	321
334	336	334	335
335	364	334	365
334	393	334	392
335	24	335	25
335	55	335	54
335	69	335	69
335	109	335	108
335	185	335	185
335	218	335	218
335	242	335	242
335	251	335	251
335	335	335	335
335	393	335	393
336	24	336	25
336	55	336	55
336	70	336	69
336	108	336	108
336	186	336	186
336	218	336	218
336	243	336	243
336	252	336	252
336	321	336	321
336	335	336	335
336	392	336	392
337	24	337	25
337	54	337	54
337	69	337	69
337	109	337	108
337	218	337	218
337	251	337	251
337	321	337	321
337	335	337	335
337	393	337	393
338	25	338	25
338	55	338	55
338	70	338	69
338	109	338	108
338	185	338	185
339	201	338	202
338	218	338	218
338	243	338	243
338	252	338	252
338	320	338	321
338	334	338	334
338	392	338	392
339	25	339	25
339	54	339	54
339	69	339	69
339	109	339	109
339	186	339	186
339	218	339	218
339	244	339	244
339	252	339	252
339	321	339	321
339	335	339	335
339	393	339	393
340	55	340	55
340	70	340	69
340	109	340	109
340	185	340	185
342	187	340	187
341	202	340	203
340	219	340	218
340	243	340	243
340	252	340	252
340	320	340	320
340	334	340	334
340	392	340	392
341	25	341	26
341	54	341	54
341	70	341	70
341	109	341	109
342	188	341	189
341	218	341	218
341	244	341	244
341	252	341	252
341	320	341	320
341	334	341	334
341	393	341	393
342	25	342	26
342	54	342	54
342	70	342	69
342	109	342	109
342	185	342	184
343	189	342	190
342	203	342	204
342	218	342	218
342	243	342	243
342	252	342	252
342	320	342	320
342	334	342	334
342	392	342	392
343	25	343	26
343	54	343	54
343	70	343	70
343	110	343	109
343	184	343	183
343	203	343	204
343	244	343	244
343	252	343	252
343	320	343	320
343	333	343	333
343	393	343	393
344	25	344	26
344	54	344	54
344	70	344	70
344	109	344	109
344	183	344	182
345	191	344	191
344	218	344	218
344	243	344	244
344	252	344	252
344	320	344	320
344	334	344	334
344	392	344	392
345	26	345	26
345	55	345	55
345	70	345	70
345	110	345	110
345	182	345	182
346	191	345	192
345	204	345	205
345	218	345	218
345	244	345	244
345	253	345	253
345	320	345	320
345	333	345	334
345	393	345	393
346	25	346	25
346	54	346	54
346	109	346	109
346	181	346	181
346	205	346	205
346	218	346	217
347	219	346	220
346	244	346	244
346	252	346	252
346	320	346	320
346	334	346	334
346	392	346	392
347	26	347	26
347	55	347	54
347	70	347	70
347	110	347	110
347	181	347	181
347	192	347	192
347	205	347	205
347	217	347	217
348	220	347	221
347	244	347	244
347	253	347	253
347	320	347	320
347	333	347	334
347	393	347	393
348	25	348	25
348	55	348	55
348	71	348	71
348	110	348	109
348	181	348	181
348	193	348	193
349	205	348	206
348	216	348	216
350	222	348	223
348	252	348	252
348	321	348	321
348	333	348	334
348	392	348	392
349	26	349	26
349	54	349	54
349	110	349	110
349	180	349	181
349	216	349	215
351	223	349	224
349	244	349	244
349	253	349	253
349	334	349	334
349	393	349	392
350	25	350	25
350	54	350	54
350	71	350	71
350	181	350	181
350	193	350	193
350	215	350	215
350	252	350	252
350	321	350	321
350	333	350	334
350	392	350	392
351	26	351	26
351	55	351	54
351	72	351	72
351	110	351	110
351	181	351	181
351	194	351	194
351	214	351	214
351	244	351	244
351	253	351	253
351	322	351	322
351	334	351	334
351	393	351	393
352	25	352	25
352	71	352	71
352	180	352	181
352	214	352	213
352	252	352	252
353	322	352	323
352	333	352	333
352	392	352	392
353	26	353	26
353	54	353	54
354	55	353	55
353	72	353	72
353	110	353	110
353	181	353	181
353	194	353	194
353	213	353	213
353	244	353	244
353	253	353	253
353	334	353	334
353	393	353	393
354	25	354	25
355	52	354	52
355	56	354	56
354	111	354	110
354	181	354	181
354	212	354	212
354	245	354	245
354	252	354	253
355	324	354	324
354	392	354	392
355	25	355	25
356	50	355	50
355	57	355	57
356	58	355	58
355	72	355	72
355	110	355	110
355	181	355	181
355	194	355	195
355	212	355	211
355	244	355	244
355	253	355	253
355	334	355	334
355	393	355	393
356	25	356	25
357	48	356	48
356	59	356	59
357	60	356	60
356	73	356	73
356	111	356	110
356	181	356	181
356	195	356	195
356	212	356	211
356	244	356	244
356	253	356	253
356	325	356	325
356	393	356	392
357	25	357	25
358	46	357	46
358	61	357	61
357	74	357	74
357	110	357	110
357	182	357	182
357	212	357	211
357	244	357	244
357	253	357	253
357	325	357	324
358	326	357	327
357	394	357	393
359	45	358	44
359	62	358	62
358	74	358	74
358	111	358	110
358	167	358	166
358	181	358	181
358	195	358	195
358	211	358	210
358	244	358	244
358	253	358	253
359	327	358	328
358	334	358	334
359	25	359	25
360	63	359	64
359	74	359	74
359	110	359	110
359	182	359	182
359	211	359	211
359	244	359	244
359	333	359	334
360	26	360	26
361	64	360	65
360	74	360	74
360	111	360	110
360	166	360	165
360	181	360	181
360	196	360	196
360	210	360	210
360	244	360	244
360	253	360	253
361	329	360	329
361	25	361	25
362	65	361	66
361	74	361	73
361	111	361	110
361	182	361	182
361	195	361	196
361	211	361	211
361	244	361	244
361	254	361	253
362	329	361	330
361	333	361	333
362	25	362	25
363	66	362	67
364	68	362	68
364	69	362	69
364	70	362	70
364	71	362	71
362	74	362	73
362	111	362	110
363	164	362	163
362	165	362	165
362	181	362	181
362	196	362	196
362	210	362	210
362	253	362	252
363	331	362	331
362	332	362	332
363	26	363	26
363	111	363	110
363	182	363	182
364	207	363	207
363	208	363	208
363	210	363	209
364	246	363	246
363	253	363	252
364	25	364	25
364	73	364	73
364	110	364	110
364	181	364	181
365	182	364	182
364	196	364	196
364	211	364	210
364	245	364	244
364	247	364	247
364	253	364	253
364	333	364	334
365	26	365	26
365	74	365	74
365	111	365	111
366	180	365	179
365	212	365	211
365	244	365	244
365	248	365	248
365	249	365	249
365	250	365	250
365	251	365	251
365	254	365	254
366	255	365	255
366	334	365	335
366	26	366	26
366	73	366	73
366	110	366	110
366	183	366	183
366	196	366	196
366	243	366	243
366	252	366	251
367	256	366	256
366	337	366	336
367	74	367	74
367	111	367	110
367	184	367	184
367	209	367	209
367	243	367	242
367	252	367	251
367	336	367	336
368	26	368	26
368	74	368	74
368	110	368	110
368	185	368	185
368	197	368	197
369	208	368	208
368	242	368	242
368	252	368	251
368	258	368	258
369	27	369	27
369	73	369	74
369	111	369	110
369	197	369	197
369	242	369	242
369	249	369	249
369	250	369	250
369	259	369	259
369	337	369	337
370	1	370	1
370	27	370	27
370	74	370	74
370	110	370	110
370	196	370	197
371	242	370	242
370	247	370	247
369	248	370	248
371	260	370	260
370	337	370	337
371	2	371	2
371	28	371	28
371	29	371	29
371	74	371	74
371	110	371	110
371	197	371	197
370	244	371	244
370	245	371	245
370	246	371	246
372	261	371	261
372	1	372	2
372	27	372	27
372	31	372	30
372	74	372	73
372	110	372	109
373	208	372	208
372	209	372	209
372	242	372	242
372	337	372	337
373	4	373	3
373	32	373	31
373	74	373	74
373	110	373	110
373	198	373	198
373	241	373	241
373	262	373	262
373	338	373	338
374	3	374	3
374	26	374	26
374	33	374	32
374	73	374	73
374	110	374	109
374	199	374	198
374	241	374	241
374	338	374	338
375	3	375	2
375	33	375	33
375	74	375	74
375	110	375	110
375	200	375	199
374	208	375	208
375	241	375	240
375	263	375	263
375	338	375	338
377	2	376	1
376	5	376	5
376	25	376	25
376	34	376	33
376	74	376	74
376	110	376	109
376	207	376	207
376	240	376	240
376	339	376	338
378	5	377	6
377	34	377	34
377	73	377	73
377	110	377	110
377	206	377	206
377	240	377	240
377	263	377	264
377	340	377	339
378	24	378	24
378	35	378	34
378	74	378	73
378	110	378	109
378	207	378	207
378	240	378	240
378	264	378	264
378	339	378	339
378	393	378	391
379	6	379	7
379	23	379	23
379	73	379	73
379	110	379	110
379	240	379	240
379	265	379	265
379	338	379	339
379	392	379	391
381	7	380	8
380	24	380	24
380	35	380	35
380	71	380	71
381	74	380	74
380	110	380	109
380	240	380	239
380	264	380	265
380	339	380	339
380	391	380	391
381	23	381	23
381	33	381	33
381	34	381	34
381	70	381	69
381	110	381	110
381	239	381	239
381	265	381	265
381	339	381	339
381	390	381	390
382	8	382	8
382	23	382	23
382	32	382	32
382	69	382	68
383	75	382	75
382	110	382	109
382	239	382	239
382	389	382	389
383	9	383	9
383	23	383	23
383	31	383	31
383	68	383	67
383	110	383	110
384	229	383	230
383	239	383	239
383	265	383	266
383	339	383	339
383	388	383	388
384	8	384	9
384	24	384	24
384	30	384	30
384	68	384	67
384	75	384	76
384	110	384	110
385	231	384	231
385	232	384	232
385	233	384	233
385	234	384	234
385	235	384	235
385	236	384	236
385	237	384	237
385	238	384	238
384	239	384	239
385	340	384	340
384	389	384	389
385	9	385	9
385	25	385	25
385	26	385	26
385	27	385	27
385	28	385	28
385	29	385	29
385	67	385	66
386	77	385	77
385	110	385	109
385	266	385	267
385	388	385	388
386	24	386	24
386	66	386	66
386	110	386	110
386	239	386	239
386	267	386	267
386	340	386	340
386	388	386	388
387	9	387	9
387	23	387	23
387	66	387	65
388	78	387	78
387	110	387	109
387	388	387	388
388	24	388	24
388	65	388	65
389	78	388	79
388	110	388	110
388	239	388	239
388	268	388	268
388	340	388	340
388	388	388	388
389	9	389	9
389	23	389	23
390	40	389	40
389	41	389	41
390	43	389	44
389	65	389	64
389	110	389	109
389	240	389	240
389	387	389	388
390	10	390	10
390	24	390	23
390	64	390	63
391	80	390	80
390	110	390	110
390	239	390	240
390	269	390	269
390	341	390	341
390	388	390	388
391	23	391	23
391	64	391	63
391	110	391	109
391	239	391	240
391	340	391	341
391	387	391	388
392	10	392	10
392	24	392	24
392	63	392	63
392	80	392	81
392	110	392	110
392	242	392	240
392	269	392	269
392	341	392	341
392	387	392	388
393	10	393	10
393	23	393	24
393	63	393	63
393	110	393	110
393	238	393	240
393	270	393	270
393	388	393	388
395	10	394	10
394	24	394	24
394	62	394	62
394	81	394	81
394	110	394	110
394	238	394	240
394	269	394	269
395	271	394	271
394	341	394	341
394	387	394	388
395	82	395	82
395	110	395	110
394	243	395	241
395	340	395	340
395	387	395	388
396	10	396	11
396	25	396	25
396	62	396	63
397	82	396	82
396	110	396	110
397	238	396	240
396	271	396	272
396	339	396	339
396	342	396	343
397	10	397	11
397	25	397	25
397	62	397	63
397	110	397	110
397	244	397	241
397	387	397	387
398	389	397	390
399	64	398	64
398	82	398	83
398	110	398	110
399	238	398	240
398	273	398	273
398	386	398	385
399	390	398	391
400	11	399	11
399	26	399	26
399	65	399	65
399	83	399	83
399	110	399	110
400	243	399	241
399	273	399	273
401	12	400	12
400	26	400	26
400	66	400	66
400	83	400	83
400	110	400	110
401	239	400	240
400	274	400	274
400	313	400	312
400	391	400	392
402	67	401	68
401	83	401	83
401	110	401	110
408	213	401	219
402	220	401	220
402	221	401	221
403	222	401	222
402	242	401	241
401	313	401	312
402	12	402	13
402	27	402	27
403	68	402	69
402	111	402	110
403	240	402	240
402	274	402	274
402	313	402	313
403	13	403	13
403	28	403	27
403	83	403	83
403	110	403	110
403	242	403	241
403	275	403	275
403	313	403	313
404	14	404	14
404	28	404	27
404	69	404	70
404	84	404	84
404	111	404	111
404	241	404	240
404	274	404	274
404	314	404	314
404	29	405	28
405	83	405	84
405	110	405	110
405	241	405	241
405	275	405	275
406	15	406	14
405	30	406	29
406	70	406	71
406	84	406	84
406	111	406	111
406	240	406	240
406	274	406	275
407	15	407	15
407	26	407	28
407	71	407	71
407	84	407	84
407	110	407	110
407	241	407	241
407	275	407	275
408	72	408	72
408	84	408	84
408	111	408	111
408	241	408	241
409	16	409	16
409	27	409	28
409	84	409	84
409	110	409	110
409	275	409	275
410	16	410	16
411	28	410	29
410	72	410	72
410	84	410	84
410	111	410	111
410	241	410	241
410	276	410	276
411	15	411	16
411	32	411	30
411	73	411	73
411	84	411	84
411	110	411	110
411	242	411	242
411	275	411	275
411	19	412	17
412	31	412	30
412	73	412	72
412	85	412	85
412	111	412	110
412	242	412	242
412	276	412	276
413	31	413	31
413	73	413	73
413	84	413	84
413	110	413	110
413	243	413	243
413	275	413	275
414	30	414	30
415	72	414	72
414	85	414	85
414	109	414	109
414	242	414	242
414	276	414	276
415	29	415	30
416	73	415	73
415	84	415	84
415	110	415	110
415	243	415	243
415	275	415	275
416	85	416	85
416	109	416	109
416	243	416	243
416	276	416	276
417	25	417	25
416	26	417	26
416	27	417	27
416	28	417	28
416	29	417	29
417	30	417	30
417	73	417	73
417	109	417	109
417	243	417	243
417	275	417	276
418	23	418	23
417	24	418	24
418	31	418	31
419	36	418	35
418	85	418	85
418	109	418	109
418	243	418	243
418	275	418	276
418	22	419	22
419	32	419	32
419	34	419	34
420	73	419	73
419	109	419	109
419	243	419	243
419	276	419	276
420	15	420	15
419	21	420	21
421	33	420	33
419	39	420	40
418	41	420	41
419	42	420	42
420	43	420	43
421	74	420	74
420	85	420	85
420	108	420	108
420	243	420	243
420	275	420	275
421	13	421	13
421	14	421	14
419	17	421	17
419	18	421	18
421	20	421	20
419	37	421	37
419	38	421	38
421	44	421	44
421	109	421	109
421	244	421	243
421	276	421	276
422	12	422	12
422	20	422	19
422	34	422	34
422	45	422	45
422	85	422	85
422	108	422	108
422	243	422	243
422	276	422	276
423	11	423	11
423	19	423	19
423	35	423	35
423	45	423	45
423	108	423	108
423	243	423	243
423	276	423	276
424	12	424	11
424	19	424	18
424	36	424	36
424	37	424	37
425	38	424	38
424	45	424	45
424	75	424	75
424	85	424	85
424	108	424	108
424	243	424	243
424	277	424	277
425	11	425	11
425	19	425	19
425	36	425	36
425	39	425	39
425	75	425	74
425	107	425	107
425	243	425	243
425	276	425	276
426	11	426	10
426	18	426	18
426	35	426	35
426	40	426	40
427	41	426	41
426	44	426	44
426	75	426	75
426	85	426	85
426	108	426	108
426	242	426	242
426	276	426	276
427	10	427	9
427	18	427	17
427	35	427	35
427	42	427	42
427	44	427	44
427	75	427	75
427	107	427	107
427	242	427	242
427	275	427	275
428	9	428	9
429	17	428	16
428	35	428	34
428	43	428	43
428	75	428	75
428	85	428	85
428	108	428	108
428	242	428	242
428	274	428	274
429	8	429	8
430	16	429	15
429	34	429	34
429	84	429	85
429	107	429	107
429	241	429	241
429	274	429	274
431	7	430	7
430	33	430	33
429	46	430	45
430	76	430	76
430	85	430	85
430	107	430	107
430	241	430	240
430	273	430	273
432	9	431	8
431	15	431	14
431	32	431	32
431	47	431	46
431	76	431	76
431	84	431	85
431	107	431	107
431	241	431	241
431	273	431	273
432	7	432	7
432	14	432	13
432	32	432	32
432	47	432	46
432	76	432	76
432	84	432	85
432	107	432	107
432	240	432	240
432	273	432	273
433	12	433	12
433	31	433	31
433	48	433	47
433	76	433	76
433	84	433	85
433	107	433	107
433	239	433	239
433	272	433	273
434	5	434	5
434	6	434	6
435	7	434	7
435	13	434	12
434	31	434	31
434	48	434	47
434	273	434	273
435	4	435	3
435	8	435	8
436	12	435	11
435	30	435	30
435	76	435	76
435	84	435	84
435	107	435	107
435	239	435	238
435	273	435	273
437	2	436	1
436	9	436	9
437	12	436	10
436	30	436	30
436	48	436	48
436	77	436	77
436	83	436	84
436	108	436	108
436	238	436	238
436	273	436	273
437	10	437	9
437	30	437	30
437	77	437	77
437	83	437	84
437	108	437	107
437	238	437	237
437	274	437	274
438	11	438	10
438	47	438	48
438	78	438	77
438	108	438	108
438	237	438	237
438	275	438	274
439	12	439	11
439	79	439	78
438	82	439	83
439	109	439	109
439	237	439	236
440	11	440	11
440	47	440	48
439	80	440	80
439	81	440	81
440	82	440	82
440	108	440	108
440	237	440	237
441	12	441	12
441	109	441	109
441	236	441	236
442	237	441	237
442	12	442	12
442	47	442	48
442	82	442	82
442	109	442	109
442	235	442	235
443	238	442	238
443	13	443	13
443	47	443	48
443	110	443	110
443	235	443	234
444	239	443	239
444	12	444	13
444	33	444	33
444	82	444	82
444	110	444	110
444	234	444	233
444	240	444	240
445	13	445	13
445	34	445	34
446	48	445	48
445	111	445	111
445	233	445	232
445	241	445	241
446	35	446	35
446	82	446	82
446	111	446	111
447	231	446	231
446	242	446	242
446	394	446	394
447	13	447	14
447	34	447	34
448	35	447	35
447	49	447	49
447	82	447	82
447	242	447	242
447	394	447	394
448	14	448	14
449	49	448	50
448	111	448	111
448	232	448	231
448	243	448	243
448	393	448	393
449	14	449	13
449	36	449	36
449	82	449	82
449	112	449	112
449	231	449	230
449	394	449	394
450	14	450	14
450	50	450	50
450	111	450	112
450	230	450	229
450	243	450	243
450	394	450	393
451	14	451	14
451	82	451	83
451	112	451	112
452	228	451	228
451	394	451	394
452	14	452	14
452	50	452	51
452	82	452	83
452	112	452	112
453	227	452	226
453	243	452	243
452	385	452	382
452	394	452	393
453	14	453	14
453	51	453	51
454	382	453	382
453	394	453	393
454	14	454	14
454	83	454	83
454	113	454	113
454	244	454	244
454	393	454	393
455	14	455	14
454	36	455	37
455	51	455	52
455	112	455	113
455	244	455	244
455	394	455	393
456	15	456	14
456	36	456	36
456	38	456	38
456	51	456	52
456	83	456	83
456	113	456	113
456	244	456	244
456	393	456	392
457	15	457	15
457	37	457	36
458	246	457	246
457	393	457	392
458	14	458	13
458	16	458	16
459	32	458	33
458	37	458	37
458	51	458	52
458	83	458	84
458	113	458	113
458	244	458	244
459	247	458	247
458	249	458	249
458	392	458	391
459	13	459	12
459	16	459	16
459	36	459	35
459	83	459	84
459	243	459	243
459	248	459	248
459	392	459	391
460	12	460	11
460	17	460	17
460	35	460	34
460	83	460	84
460	113	460	113
460	242	460	242
460	251	460	251
460	391	460	390
461	392	460	392
461	11	461	10
462	17	461	18
460	33	461	33
460	50	461	52
461	83	461	84
460	111	461	112
461	114	461	114
461	241	461	240
462	389	461	388
463	8	462	8
462	10	462	9
461	20	462	19
462	33	462	32
462	84	462	84
461	110	462	110
461	238	462	237
462	240	462	240
462	241	462	241
463	242	462	242
462	251	462	251
463	389	462	387
464	7	463	6
463	9	463	9
463	18	463	19
463	33	463	33
463	52	463	52
463	84	463	84
462	108	463	109
463	115	463	115
463	239	463	239
464	242	463	243
464	19	464	19
464	32	464	32
464	84	464	84
463	107	464	108
464	116	464	116
464	239	464	238
465	10	465	10
465	18	465	19
466	31	465	31
463	106	465	107
465	117	465	117
465	238	465	237
466	244	465	244
466	11	466	11
466	21	466	20
466	84	466	85
466	117	466	117
466	238	466	238
467	20	467	19
467	85	467	85
467	105	467	106
467	118	467	118
467	237	467	237
467	245	467	245
468	19	468	19
468	84	468	84
468	238	468	237
472	33	469	33
469	85	469	85
469	118	469	119
469	237	469	236
469	245	469	246
469	18	470	18
469	21	470	20
470	22	470	22
470	86	470	86
470	119	470	119
471	16	471	16
470	17	471	17
471	85	471	86
471	118	471	119
472	16	472	15
472	23	472	23
472	86	472	86
472	119	472	119
473	16	473	15
473	24	473	24
473	36	473	38
473	87	473	87
474	15	474	15
474	86	474	86
474	119	474	119
475	87	475	87
476	88	476	88
476	119	476	119
477	15	477	13
478	13	478	13
478	88	478	88
478	120	478	120
479	12	479	12
479	16	479	16
479	89	479	89
479	119	479	120
480	11	480	10
480	17	480	17
479	57	480	57
480	89	480	89
480	119	480	120
481	10	481	9
481	56	481	56
481	90	481	90
481	120	481	120
482	10	482	9
482	55	482	56
482	90	482	90
482	120	482	120
484	55	483	56
483	90	483	90
483	120	483	120
484	91	484	91
484	120	484	120
485	92	485	92
486	55	486	55
486	91	486	91
486	120	486	121
486	37	487	38
487	92	487	92
491	44	488	38
488	55	488	55
488	122	488	122
488	123	488	123
488	124	488	124
488	125	488	125
489	126	488	126
489	92	489	93
488	121	489	121
489	127	489	127
490	128	489	128
490	55	490	56
490	92	490	93
489	120	490	120
491	129	490	129
491	130	490	130
491	56	491	56
490	119	491	119
492	131	491	131
492	57	492	57
492	92	492	94
492	118	492	118
493	132	492	132
493	56	493	56
493	93	493	94
493	117	493	117
494	133	493	133
494	57	494	57
494	116	494	116
495	133	494	134
495	56	495	57
495	93	495	94
496	57	496	57
496	92	496	94
495	115	496	115
496	134	496	135
496	40	497	41
497	56	497	57
497	135	497	135
498	39	498	40
498	57	498	57
498	114	498	114
499	135	498	136
499	56	499	57
499	93	499	93
499	114	499	114
500	34	500	33
500	35	500	35
500	36	500	36
499	38	500	39
506	73	500	57
500	93	500	93
500	113	500	114
500	136	500	136
501	32	501	32
498	88	501	92
501	114	501	114
501	137	501	137
502	93	502	93
502	113	502	113
502	136	502	137
507	72	503	56
503	93	503	92
503	114	503	114
503	137	503	137
504	93	504	92
505	92	505	92
505	111	505	112
505	137	505	137
506	91	507	91
507	111	507	112
507	137	507	138
508	137	508	138
509	91	509	91
509	138	509	138
510	91	510	91
510	106	510	106
509	107	510	107
509	108	510	108
509	109	510	109
510	110	510	110
511	111	510	111
510	137	510	138
511	90	511	91
511	138	511	138
513	51	512	52
512	112	512	112
513	90	513	90
513	112	513	112
513	138	513	138
515	140	514	139
515	51	515	51
515	89	515	90
515	113	515	112
515	139	515	138
517	113	517	113
517	89	518	89
518	96	518	97
518	138	518	138
519	88	519	89
519	95	519	97
519	113	519	113
519	48	520	49
519	50	520	50
519	51	520	51
520	53	520	53
520	112	520	112
520	138	520	139
520	48	521	48
520	88	521	88
520	107	521	106
521	111	521	111
521	138	521	139
521	47	522	47
522	85	522	85
521	86	522	86
521	87	522	87
522	102	522	101
521	108	522	107
522	109	522	109
521	110	522	110
522	138	522	139
522	46	523	46
523	84	523	84
523	88	523	88
523	102	523	101
523	111	523	111
524	140	523	140
523	83	524	83
524	89	524	88
524	102	524	101
524	112	524	111
525	140	524	141
525	103	525	101
525	112	525	112
525	81	526	82
525	90	526	89
526	113	526	113
526	141	526	142
527	81	527	81
527	132	527	132
528	144	527	144
528	81	528	80
527	91	528	90
528	131	528	131
528	142	528	142
529	145	528	145
529	80	529	80
529	131	529	131
530	146	529	147
530	80	530	80
530	91	530	90
530	130	530	131
530	141	530	141
531	148	530	148
531	80	531	79
531	91	531	90
532	149	531	149
532	79	532	79
532	130	532	130
532	140	532	140
533	80	533	79
533	90	533	89
533	140	533	140
534	79	534	79
534	89	534	88
534	139	534	140
535	79	535	79
535	140	535	140
536	79	536	79
536	88	536	88
536	141	536	141
537	79	537	79
537	87	537	87
538	79	538	79
538	86	538	86
538	139	538	139
539	79	539	79
539	87	539	87
540	79	540	79
540	86	540	86
540	140	540	140
541	79	541	79
541	87	541	86
541	139	541	140
542	79	542	79
542	86	542	86
543	79	543	79
543	85	543	85
545	79	544	79
544	86	544	86
545	85	545	85
546	80	546	80
546	86	546	86
547	80	547	80
547	86	547	85
548	81	548	80
548	86	548	86
549	81	549	81
549	87	549	86
550	82	550	81
550	87	550	86
551	81	551	81
551	88	551	87
552	82	552	82
552	88	552	87
554	84	554	82
554	89	554	88
555	83	555	82
556	90	556	89
556	84	557	83
557	86	557	86
557	85	558	85
558	89	558	89
559	91	559	90
560	91	560	91
561	86	561	85
561	91	561	91
562	87	562	86
562	91	562	90
563	86	563	86
563	91	563	91
564	92	564	92
565	91	565	92
566	87	566	86
567	87	567	87
568	88	568	87
568	91	568	93
569	89	569	87
570	90	570	87
570	94	570	94
571	94	571	94
572	93	572	93
572	92	573	92
576	89	576	87
575	90	576	91
578	88	578	87
577	89	578	90
579	89	579	88
581	110	581	111
583	87	582	87
584	87	584	87
586	87	586	87
587	87	587	87
588	87	588	87
589	87	589	86
591	86	591	85
591	105	591	105
592	86	592	85
592	105	592	105
593	86	593	85
593	105	593	105
594	86	594	85
595	85	595	85
595	120	595	120
596	85	596	84
597	86	597	84
597	120	597	120
598	85	598	84
598	121	598	121
599	122	599	122
600	84	600	84
600	123	600	123
601	84	601	83
601	124	601	124
602	124	602	124
604	83	603	83
605	83	605	83
607	83	607	84
609	84	609	84
611	84	611	84
613	85	613	84
614	86	614	84
615	86	615	84
616	89	615	89
617	86	617	84
618	85	618	84
619	85	619	85
620	84	620	84
621	84	621	83
622	83	622	82
620	95	622	92
623	81	623	81
621	96	623	93
625	82	624	81
625	80	625	80
626	79	626	79
626	99	626	100
627	78	627	77
627	81	627	81
627	100	627	100
628	77	628	76
628	99	628	99
629	76	629	76
629	82	629	82
629	97	629	98
629	102	629	102
630	75	630	75
630	83	630	83
630	102	630	102
631	74	631	74
631	76	631	76
631	83	631	82
632	103	631	103
634	109	631	106
632	83	632	83
633	68	633	73
633	82	633	83
632	101	633	102
635	81	635	82
636	81	636	82
633	96	636	96
635	110	638	113
641	80	642	79
