194	295	194	295
231	163	231	163
266	351	266	351
53	53	53	53
147	176	147	175
257	77	256	77
37	358	37	358
259	353	259	352
236	61	236	61
145	122	145	121
221	122	221	121
276	78	276	78
223	266	223	265
264	280	264	280
174	176	174	175
214	91	214	91
268	141	267	141
126	169	125	169
236	76	236	75
271	128	271	128
125	201	125	201
270	217	270	216
252	266	252	265
217	280	217	280
238	280	238	280
257	367	257	367
281	46	281	46
227	220	227	220
135	266	135	265
66	66	66	66
157	206	157	205
140	266	140	265
180	206	180	205
127	138	127	137
274	119	274	119
184	137	184	137
221	337	221	338
240	337	240	338
242	387	241	387
150	280	150	280
261	176	261	176
227	45	227	45
245	91	245	91
155	280	155	280
266	326	266	326
250	323	251	323
141	176	141	175
144	220	144	220
91	304	91	304
254	220	253	220
238	122	238	121
170	250	170	250
171	79	171	78
266	297	266	297
267	173	267	173
216	137	216	137
200	152	200	151
148	152	148	151
171	220	171	220
9	9	9	9
245	381	245	382
124	212	124	211
196	236	196	236
126	208	126	207
197	250	197	250
199	266	199	265
274	223	274	223
142	288	142	289
217	353	217	352
261	296	261	296
247	30	247	30
232	152	232	151
177	70	176	70
13	13	13	13
178	76	178	75
175	152	175	151
249	176	249	175
127	179	126	179
193	280	193	280
214	280	214	280
257	46	257	46
252	368	252	367
260	45	261	45
120	120	120	120
211	236	211	236
122	273	122	273
269	297	269	297
147	190	147	190
224	353	224	352
259	367	258	367
260	188	260	188
207	152	207	151
172	78	172	77
191	137	191	137
124	124	124	124
214	250	214	250
235	163	235	163
238	236	238	236
221	76	221	75
225	137	225	137
263	310	263	310
176	152	176	151
157	303	156	303
286	109	286	109
269	11	268	11
252	280	252	280
218	152	218	151
237	76	237	75
112	112	112	112
275	284	275	284
164	295	164	295
114	281	114	281
259	13	259	13
223	137	223	137
225	250	225	250
172	295	172	295
192	56	190	56
173	122	173	121
207	323	207	324
235	122	235	121
180	220	180	220
166	91	166	91
258	175	258	176
169	280	169	280
208	152	208	151
261	162	260	163
245	45	245	45
264	47	263	47
227	91	227	91
134	176	134	175
190	280	190	280
231	206	231	205
145	220	145	220
254	206	254	205
254	309	254	309
149	98	149	97
170	236	170	236
104	104	104	104
268	43	267	43
197	91	197	91
235	152	235	151
274	190	274	190
240	45	240	45
220	236	220	236
274	267	274	267
167	137	167	137
183	327	183	327
223	353	223	352
190	122	190	121
156	190	156	190
287	110	287	110
108	108	108	108
163	84	162	83
126	194	126	193
197	236	197	236
228	280	228	280
247	236	247	236
233	280	233	280
199	137	199	137
183	190	183	190
211	250	211	250
145	280	145	280
255	205	255	205
238	15	238	15
221	45	221	45
149	107	149	106
150	107	150	106
282	83	282	83
211	107	211	106
267	269	267	269
165	107	165	106
149	220	149	220
154	137	154	137
263	292	263	292
265	394	265	394
88	88	88	88
160	176	160	175
268	177	268	177
162	89	160	89
254	30	254	30
218	362	218	363
256	30	256	29
204	137	204	137
132	190	132	190
206	349	206	349
226	250	226	250
207	337	207	338
264	78	263	78
135	163	135	163
249	75	249	76
265	283	264	283
231	367	231	367
127	174	127	174
92	92	92	92
181	220	181	220
272	323	272	322
186	137	186	137
187	176	187	175
169	266	169	265
150	292	150	293
190	266	190	265
159	190	159	190
217	163	217	163
272	13	272	13
236	137	236	137
145	206	145	205
254	295	254	295
168	206	168	205
80	80	80	80
263	140	262	139
266	176	266	176
128	177	127	177
202	152	202	151
240	91	240	91
241	163	241	163
206	309	206	310
227	295	227	295
192	323	192	324
191	309	191	310
245	337	245	338
233	377	232	377
126	204	126	204
235	295	235	295
130	137	130	137
207	350	207	350
210	91	210	91
135	152	135	151
229	152	229	151
230	30	230	30
233	266	233	265
142	122	142	121
270	47	270	45
164	163	164	163
202	122	202	121
249	61	249	61
265	365	264	364
158	303	158	304
145	266	145	265
182	76	182	75
146	152	146	151
261	46	261	45
264	339	264	339
266	187	265	188
213	357	211	357
124	128	124	127
268	208	268	208
239	250	239	250
153	176	153	175
134	114	133	113
251	15	251	15
178	152	178	151
160	206	160	205
162	107	162	106
127	207	126	207
126	247	125	247
274	58	274	58
256	236	256	235
239	107	239	106
224	107	224	106
277	223	276	223
260	121	259	121
200	266	200	265
209	76	209	75
264	124	264	124
207	295	207	295
228	309	228	310
189	333	188	333
267	25	267	25
178	107	178	106
140	220	140	220
180	176	180	175
236	309	236	310
205	152	205	151
187	206	187	205
189	190	189	190
212	190	212	190
267	118	266	118
142	236	142	236
254	337	254	337
240	250	240	250
167	220	167	220
225	61	225	61
277	262	277	262
262	175	262	175
233	45	233	45
272	138	272	138
273	28	273	27
237	152	237	151
219	206	219	205
129	250	129	250
269	40	268	39
215	122	215	121
199	220	199	220
147	266	147	265
258	324	259	324
208	236	208	236
280	233	280	233
176	266	176	265
141	110	141	109
242	7	242	7
210	220	210	220
263	106	263	106
266	279	266	278
235	236	235	236
126	263	126	263
236	323	236	324
165	190	165	190
168	163	168	163
278	56	278	57
188	190	188	190
154	122	154	121
267	297	267	297
267	252	267	251
216	122	216	121
234	377	234	378
198	190	198	190
217	295	217	295
201	61	201	61
256	75	256	74
238	353	238	352
98	98	98	98
151	236	151	236
209	45	209	45
47	47	47	47
266	60	266	59
160	220	160	220
125	241	124	241
235	266	235	265
240	266	240	265
257	236	257	236
207	309	207	310
209	190	209	190
264	106	264	105
262	383	262	383
162	236	162	236
273	311	273	311
257	29	257	28
187	220	187	220
189	176	189	175
176	75	176	75
34	361	34	361
254	323	254	323
206	91	206	91
244	266	244	265
248	152	248	151
139	283	137	283
219	220	219	220
130	250	130	250
167	163	167	163
132	266	132	265
209	38	209	37
245	250	245	250
245	309	245	310
227	323	227	324
85	310	85	310
268	263	268	263
142	280	142	280
272	279	272	280
147	280	147	280
221	353	221	352
258	237	258	237
277	234	277	233
243	323	243	324
261	352	261	351
245	107	245	106
155	296	155	295
246	220	246	220
26	369	26	369
253	251	253	251
255	6	254	7
147	137	147	137
167	122	167	121
259	237	258	237
207	163	207	163
192	152	192	151
210	206	210	205
269	369	269	368
145	163	145	163
219	363	218	363
77	318	77	318
198	337	198	338
209	337	209	338
263	233	263	232
267	234	267	233
127	274	126	274
18	377	18	377
220	266	220	265
239	30	239	30
204	76	204	75
224	152	224	151
223	176	223	175
280	79	279	78
185	280	185	280
206	280	206	280
28	367	28	367
174	250	174	250
263	382	263	382
161	220	161	220
125	131	124	131
220	76	220	75
275	340	275	340
168	122	168	121
204	163	204	163
276	251	276	251
258	337	258	338
244	122	244	121
230	61	230	61
284	75	284	75
213	91	213	91
251	152	251	151
234	176	234	175
176	319	176	320
182	176	182	175
164	206	164	205
258	151	258	151
187	295	187	295
262	248	262	247
268	28	268	28
252	121	252	121
217	137	217	137
143	250	143	250
251	265	252	265
20	375	20	375
168	152	168	151
244	163	244	163
26	26	26	26
262	139	262	139
190	163	190	163
193	176	193	175
191	206	191	205
244	280	244	280
249	280	249	280
160	295	160	295
269	251	269	251
198	163	198	163
129	275	128	275
274	339	274	339
257	265	257	265
168	295	168	295
227	369	227	367
249	137	249	137
159	107	159	106
269	76	270	77
198	50	198	49
180	236	180	236
219	91	219	91
161	280	161	280
182	280	182	280
223	206	223	205
243	337	243	338
261	338	261	338
264	31	264	31
249	122	249	121
285	76	285	75
231	190	231	190
12	383	12	383
144	250	144	250
18	18	18	18
254	190	255	190
256	382	255	382
206	61	206	61
264	238	263	238
263	78	263	78
159	137	159	137
270	339	270	339
165	82	165	81
275	59	275	60
224	295	224	295
149	163	149	163
280	46	279	46
189	76	189	75
171	250	171	250
209	323	209	324
193	137	193	137
232	295	232	295
160	137	160	137
196	309	196	310
268	349	267	348
220	280	220	280
205	76	205	75
227	163	227	163
262	29	262	29
121	274	121	274
197	338	197	338
270	109	270	109
271	220	271	220
132	118	132	118
151	97	151	96
265	152	265	152
139	236	139	236
255	61	255	61
187	309	187	310
207	190	207	190
265	233	265	232
230	190	230	190
196	122	196	121
215	206	215	205
234	309	234	310
271	7	271	7
165	91	165	91
238	206	238	205
166	236	166	236
113	282	113	282
225	107	225	106
226	91	226	91
151	152	151	151
246	30	246	30
264	356	262	357
124	260	124	260
196	137	196	137
180	67	180	66
126	181	125	181
127	265	127	265
147	122	147	121
241	107	241	106
246	137	246	137
137	176	137	175
140	286	139	286
196	323	196	324
162	152	162	151
181	236	181	236
111	111	111	111
257	193	257	193
224	28	222	28
169	314	169	314
225	309	225	310
261	324	261	324
264	13	263	12
228	137	228	137
156	107	156	106
171	91	171	91
172	107	172	106
135	113	135	112
263	188	263	188
194	152	194	151
232	91	232	91
231	61	231	61
279	282	278	283
201	122	201	121
255	380	255	379
224	309	224	310
280	60	279	60
172	250	172	250
245	353	245	352
263	205	263	204
267	323	267	322
124	259	124	259
268	339	268	339
87	308	87	308
221	152	221	151
172	137	172	137
270	127	270	128
127	135	126	135
253	338	253	338
275	368	275	368
258	309	257	310
192	76	192	75
265	138	265	139
138	152	138	151
247	163	247	163
267	33	265	33
228	176	228	175
266	341	266	340
214	359	213	360
236	176	236	175
256	323	256	324
187	323	187	324
277	120	277	120
208	76	208	75
226	295	226	295
269	142	268	142
215	220	215	220
200	107	200	106
36	36	36	36
255	176	255	176
234	295	234	295
149	190	149	190
243	15	243	15
170	152	170	151
207	61	207	61
152	206	152	205
177	250	177	250
200	250	200	250
256	60	256	60
148	122	148	121
132	220	132	220
226	220	226	220
261	293	261	293
178	91	178	91
197	152	197	151
179	206	179	205
272	353	272	353
255	91	255	91
159	220	159	220
273	262	273	262
148	291	148	292
168	236	168	236
265	28	264	27
230	163	230	163
177	309	177	310
79	79	79	79
125	200	124	200
164	306	164	307
241	30	241	30
168	266	168	265
244	61	244	61
153	122	153	121
135	190	135	190
229	122	229	121
177	76	177	75
158	190	158	190
125	270	125	269
273	366	272	365
193	76	193	75
267	95	267	95
252	60	252	60
199	50	199	49
237	379	236	379
256	337	256	337
241	309	241	310
278	8	277	8
248	353	248	352
250	6	250	6
33	33	33	33
144	108	144	107
131	163	131	163
152	220	152	220
227	266	227	265
246	122	246	121
266	108	266	109
232	266	232	265
178	250	178	250
124	213	124	213
126	209	125	209
203	206	203	205
58	337	58	337
258	367	258	367
212	45	212	45
139	176	139	175
231	323	231	324
179	220	179	220
144	266	144	265
127	178	127	177
253	381	253	381
220	61	220	61
204	295	204	295
204	236	204	236
205	250	205	250
225	337	225	338
134	190	134	190
83	312	83	312
247	323	247	324
233	190	233	190
268	94	268	94
253	163	252	163
200	49	200	48
166	176	166	175
169	236	169	236
260	352	260	351
206	107	206	106
282	78	282	77
250	1	248	1
177	295	177	295
50	345	50	345
271	96	271	95
219	236	219	236
128	274	128	275
220	323	220	324
222	107	222	106
262	88	262	88
160	163	160	163
241	8	241	8
222	250	222	250
203	266	203	265
208	266	208	265
279	81	279	81
192	57	190	57
246	236	246	236
231	376	230	376
162	266	162	265
127	187	126	187
271	262	271	262
274	102	275	102
184	152	184	151
256	176	256	175
276	262	276	262
258	281	258	281
285	59	285	59
196	61	196	61
267	77	267	77
181	122	181	121
236	353	236	352
241	295	241	295
243	122	243	121
208	40	206	40
260	367	260	367
7	7	7	7
248	367	248	367
174	91	174	91
267	279	266	278
196	76	196	75
216	152	216	151
253	45	252	45
145	108	145	107
128	164	128	163
184	65	184	64
238	323	238	324
241	176	241	175
183	326	183	326
153	220	153	220
157	295	157	295
232	376	232	377
178	236	178	236
125	211	124	211
126	195	125	195
221	266	221	265
275	219	275	219
276	203	275	203
132	176	132	175
243	152	243	151
258	353	258	353
211	323	211	324
174	309	174	310
198	122	198	121
127	160	126	160
164	190	164	190
162	206	162	205
257	63	255	61
205	236	205	236
265	175	265	174
247	337	247	338
159	176	159	175
181	67	181	66
238	12	236	12
260	163	260	163
191	190	191	190
194	206	194	205
219	250	219	250
220	337	220	338
22	22	22	22
153	280	153	280
262	74	261	75
124	226	124	225
162	86	160	86
237	61	237	61
219	107	219	106
238	309	238	310
221	206	221	205
259	122	259	121
188	76	188	75
277	204	277	204
243	353	243	352
192	55	191	54
173	107	173	106
246	309	246	310
68	327	68	327
234	107	234	106
235	107	235	106
180	163	180	163
253	221	253	220
134	163	134	163
266	379	266	382
140	190	140	190
175	295	175	295
234	250	234	250
269	339	269	339
181	76	181	75
148	206	148	205
183	295	183	295
259	325	259	324
152	137	152	137
248	381	248	382
231	76	231	75
197	76	197	75
235	137	235	137
199	344	198	345
275	120	275	120
169	80	169	79
167	190	167	190
133	122	133	121
248	236	248	235
247	76	247	76
195	122	195	121
175	206	175	205
268	284	267	284
252	294	252	295
254	6	253	6
127	193	126	193
185	176	185	175
187	91	187	91
248	91	248	91
211	337	211	338
139	220	139	220
273	323	273	322
239	295	239	295
167	81	167	80
207	206	207	205
265	217	265	216
247	295	247	295
212	176	212	175
265	364	265	363
250	367	250	367
218	91	218	91
143	152	143	151
163	163	163	163
238	30	238	30
166	220	166	220
150	122	150	121
243	388	242	389
171	163	171	163
213	356	211	356
124	129	124	129
236	16	236	15
128	137	128	137
220	250	220	250
238	137	238	137
241	91	241	91
220	295	220	295
97	97	97	97
199	337	199	338
227	152	227	151
154	152	154	151
264	291	263	292
193	323	193	324
233	353	233	352
269	46	270	45
198	220	198	220
125	254	125	253
257	324	256	324
223	236	223	236
243	367	243	367
281	27	281	26
247	250	247	250
157	163	157	163
267	24	267	25
144	152	144	151
255	106	255	106
54	341	54	341
186	152	186	151
277	79	277	79
209	220	209	220
264	204	264	203
279	234	279	234
190	309	190	310
175	309	175	310
268	121	268	121
234	236	234	236
198	309	198	310
254	235	254	235
255	251	255	251
237	337	237	338
148	220	148	220
183	309	183	310
260	152	260	152
171	152	171	151
263	253	263	253
213	152	213	151
268	200	268	201
30	365	30	365
200	163	200	163
150	236	150	236
208	350	208	350
248	250	248	250
249	236	249	235
264	298	264	297
175	220	175	220
270	143	270	143
203	152	203	151
241	45	241	45
130	152	130	151
278	223	278	223
281	28	281	29
135	137	135	137
245	152	245	151
229	137	229	137
137	250	137	250
289	108	289	107
73	322	73	322
239	309	239	310
186	163	186	163
223	122	223	121
207	220	207	220
265	203	265	203
194	163	194	163
230	152	230	151
247	309	247	310
269	382	269	382
218	45	218	45
200	91	200	91
273	123	273	123
145	176	145	175
166	206	166	205
151	293	150	293
83	83	83	83
218	220	218	220
220	309	220	310
170	91	170	91
279	26	279	26
172	176	172	175
247	91	247	91
125	240	125	239
162	122	162	121
198	206	198	205
271	251	271	251
256	251	256	250
224	122	224	121
59	59	59	59
206	190	206	190
243	381	243	382
264	107	263	107
265	310	265	310
205	137	205	137
209	206	209	205
63	63	63	63
65	65	65	65
176	76	176	75
190	295	190	295
217	190	217	190
198	295	198	295
255	338	255	338
237	323	237	324
256	281	256	281
239	163	239	163
270	383	270	382
209	351	209	351
139	282	139	280
177	163	177	163
233	30	233	30
234	353	234	352
126	158	126	157
237	137	237	137
273	13	272	13
184	107	184	106
136	206	136	205
86	86	86	86
126	233	125	233
219	76	219	75
55	55	55	55
204	280	204	280
39	356	39	356
3	392	3	392
278	233	278	233
155	299	153	299
138	250	138	250
235	76	235	75
270	8	270	8
163	206	163	205
146	106	146	106
182	190	182	190
184	329	183	329
276	311	276	310
256	353	256	353
271	369	271	369
43	43	43	43
101	294	101	294
268	102	268	104
214	176	214	175
242	137	242	137
243	45	243	45
152	236	152	236
193	190	193	190
175	122	175	121
195	206	195	205
214	35	214	34
143	109	143	108
271	88	271	88
199	309	199	310
242	280	242	280
225	176	225	175
208	323	208	324
136	266	136	265
248	15	248	15
179	236	179	236
200	295	200	295
218	337	218	338
204	220	204	220
260	94	259	95
141	152	141	151
269	280	269	280
199	91	199	91
255	14	255	14
146	101	146	101
271	382	270	382
176	122	176	121
236	220	236	220
273	110	273	110
237	309	237	310
238	61	238	61
260	295	259	295
173	152	173	151
267	351	266	351
195	266	195	265
179	68	179	67
219	45	219	45
238	379	238	380
240	380	240	381
149	266	149	265
243	163	243	163
151	250	151	250
154	266	154	265
227	368	227	367
232	176	232	175
197	163	197	163
127	235	126	235
272	262	272	262
256	192	255	192
277	251	277	250
278	251	278	251
151	107	151	106
5	390	5	390
138	236	138	236
212	107	212	106
265	297	265	297
215	323	215	324
180	295	180	295
167	107	167	106
188	236	188	236
207	176	207	175
228	107	228	106
146	290	146	291
240	30	240	30
239	190	239	190
152	250	152	250
153	236	153	236
154	95	154	94
246	4	246	3
213	266	213	265
178	220	178	220
214	61	214	61
218	176	218	175
276	27	276	27
222	45	222	45
242	266	242	265
154	206	154	205
263	367	263	366
197	337	196	337
179	250	179	250
130	266	130	265
132	119	132	119
205	220	205	220
226	163	226	163
246	381	246	382
247	353	247	352
249	2	248	1
265	338	265	339
267	50	264	50
10	385	10	385
234	163	234	163
270	29	270	29
278	109	278	109
35	360	35	360
271	6	271	7
237	220	237	220
237	295	237	295
220	353	220	352
207	46	207	45
262	122	262	122
244	367	244	367
247	391	246	391
215	190	215	190
180	76	180	75
126	186	125	186
235	337	235	338
238	190	238	190
274	322	274	322
204	122	204	121
189	266	189	265
263	356	262	357
232	190	232	190
168	80	168	79
224	29	224	30
277	13	276	12
169	313	169	313
262	339	262	339
264	14	263	12
215	337	215	338
180	309	180	310
143	163	143	163
223	76	223	75
115	280	115	280
189	236	189	236
156	302	155	302
195	336	194	336
214	220	214	220
253	15	253	14
272	77	272	78
160	152	160	151
268	153	268	152
179	91	179	91
178	206	178	205
272	220	272	220
239	61	239	61
222	31	222	30
131	220	131	220
225	220	225	220
209	122	209	121
172	317	172	318
135	278	134	278
249	163	249	163
157	250	157	250
288	60	288	60
197	323	197	324
180	250	180	250
218	309	218	310
200	323	200	324
187	152	187	151
208	190	208	190
205	206	205	205
243	295	243	295
157	107	157	106
103	292	103	292
158	220	158	220
253	151	253	151
218	107	218	106
257	74	257	74
188	332	188	333
62	333	62	333
233	91	233	91
235	190	235	190
219	152	219	151
237	206	237	205
129	176	129	175
244	381	244	382
215	76	215	75
185	137	185	137
136	152	136	151
246	152	246	151
215	61	215	61
185	250	185	250
223	45	223	45
264	60	264	60
156	122	156	121
265	325	265	325
267	89	266	88
163	152	163	151
185	107	185	106
186	91	186	91
242	76	242	75
262	220	262	219
264	139	264	139
201	107	201	106
129	137	129	137
264	282	263	282
265	108	264	108
176	236	176	236
195	152	195	151
102	293	102	293
267	368	267	368
125	199	124	199
270	223	270	223
273	220	273	220
220	176	220	175
210	122	210	121
137	279	136	279
247	3	247	2
161	137	161	137
269	104	269	104
125	184	124	184
252	206	252	206
197	309	197	310
256	163	256	163
222	152	222	151
243	309	243	310
207	236	207	236
192	91	192	91
135	206	135	205
249	30	249	29
85	85	85	85
247	176	247	175
158	206	158	205
161	122	161	121
266	324	266	323
143	190	143	190
254	265	254	265
57	57	57	57
166	190	166	190
278	9	278	9
170	309	170	310
270	311	270	311
218	236	218	236
166	307	166	308
260	265	260	265
61	61	61	61
244	323	244	324
247	107	247	106
124	214	124	213
130	163	130	163
49	49	49	49
251	221	251	221
125	262	125	262
197	137	197	137
164	137	164	137
271	312	271	312
186	250	186	250
21	374	21	374
259	151	259	151
208	163	208	163
265	188	265	188
247	137	247	137
47	348	47	348
11	384	11	384
214	137	214	137
257	93	256	93
225	30	225	30
6	389	6	389
228	61	228	61
250	14	250	15
175	77	175	76
268	46	268	44
213	250	213	250
142	190	142	190
236	45	236	45
241	190	241	190
41	41	41	41
183	328	183	328
150	206	150	205
280	25	280	25
261	89	261	89
99	296	99	296
249	206	249	205
191	280	191	280
177	236	177	236
196	280	196	280
214	107	214	106
269	9	269	9
215	91	215	91
126	217	125	217
268	368	268	368
13	382	13	382
241	15	241	15
206	337	206	338
189	295	189	295
45	45	45	45
192	58	190	58
229	107	229	106
230	107	230	106
175	163	175	163
178	69	177	68
252	220	252	220
197	295	197	295
270	88	269	88
164	176	164	175
274	103	275	103
183	163	183	163
182	206	182	205
189	152	189	151
173	318	172	318
230	250	230	250
140	137	140	137
234	137	234	137
56	339	56	339
238	10	238	9
225	23	224	22
278	27	278	26
208	41	206	41
170	295	170	295
283	76	283	75
263	152	263	152
191	176	191	175
193	206	193	205
267	221	266	221
234	280	234	280
195	309	195	310
254	394	254	394
271	104	271	104
256	106	256	106
128	165	127	165
255	280	255	280
204	61	204	61
153	163	153	163
189	122	189	121
244	337	244	338
263	297	263	297
196	220	196	220
125	210	125	209
124	228	124	227
199	250	199	250
218	353	218	352
187	76	187	75
150	176	150	175
133	152	133	151
167	280	167	280
137	266	137	265
172	280	172	280
261	280	261	280
48	347	48	347
251	235	252	235
203	76	203	75
260	29	260	29
279	222	278	223
282	46	282	46
262	297	262	297
156	94	156	93
212	163	212	163
268	77	267	77
238	13	236	13
165	152	165	151
166	163	166	163
147	206	147	205
256	295	256	295
206	122	206	121
261	58	261	59
210	137	210	137
46	46	46	46
249	367	249	367
213	337	213	338
246	76	246	75
210	280	210	280
192	334	192	335
231	280	231	280
124	227	124	227
269	59	269	59
162	87	160	87
270	187	268	187
126	203	126	203
127	219	126	219
258	377	256	378
206	163	206	163
225	266	225	265
227	250	227	250
246	266	246	265
138	220	138	220
41	354	41	354
167	91	167	91
277	60	277	61
245	61	245	61
228	91	228	91
263	121	263	121
232	30	232	30
285	12	285	11
213	36	213	35
251	337	252	337
240	206	240	205
168	176	168	175
242	107	242	106
170	220	170	220
208	39	207	38
263	142	262	139
84	311	84	311
195	236	195	236
234	266	234	265
148	190	148	190
242	250	242	250
223	337	223	338
280	110	280	110
279	14	279	13
197	220	197	220
217	323	217	324
127	192	127	191
275	232	275	232
222	236	222	236
10	10	10	10
175	190	175	190
288	109	287	108
141	122	141	121
143	289	142	289
271	284	271	284
203	122	203	121
76	319	76	319
169	190	169	190
278	189	278	189
189	163	189	163
245	6	245	6
192	190	192	190
249	392	248	392
213	45	213	45
182	66	182	65
147	220	147	220
221	61	221	61
256	309	256	309
260	325	260	325
230	309	230	310
213	355	211	355
123	272	123	272
124	130	124	130
269	220	269	220
181	266	181	265
201	49	201	48
149	236	149	236
210	266	210	265
174	220	174	220
267	394	267	393
158	122	158	121
281	26	281	26
228	250	228	250
249	91	249	91
138	206	138	205
267	27	267	27
285	109	285	109
276	283	276	283
204	323	204	324
206	220	206	220
245	15	245	15
64	64	64	64
264	205	264	205
267	104	267	104
231	236	231	236
251	367	251	367
145	190	145	190
111	284	111	284
168	190	168	190
60	335	60	335
152	152	152	151
170	206	170	205
177	176	177	175
268	201	268	201
197	61	197	61
179	107	179	106
217	220	217	220
274	365	274	365
203	337	203	338
276	121	276	120
242	236	242	236
166	295	166	295
279	28	279	28
136	278	136	279
9	386	9	386
157	266	157	265
195	107	195	106
251	6	250	6
252	136	252	136
287	76	286	75
179	152	179	151
197	206	197	205
125	246	124	246
126	252	126	251
272	283	272	284
252	309	252	309
204	176	204	175
134	250	134	250
265	268	265	268
233	250	233	250
271	354	271	354
152	293	152	294
191	76	191	75
211	152	211	151
266	216	265	216
212	266	212	265
258	59	258	59
207	76	207	75
155	122	155	121
193	163	193	163
120	275	120	275
230	295	230	295
231	122	231	121
126	148	126	148
256	77	256	77
238	152	238	151
168	308	168	309
226	45	226	45
227	137	227	137
248	2	248	1
263	266	263	266
234	61	234	61
269	95	269	95
125	143	124	143
110	285	110	285
182	309	182	310
255	394	254	394
203	295	203	295
173	78	173	77
155	152	155	151
234	76	234	75
112	283	112	283
184	323	184	324
206	46	206	45
189	206	189	205
61	334	61	334
282	13	281	13
229	375	228	375
232	122	232	121
140	163	140	163
214	190	214	190
212	206	212	205
126	268	126	267
266	284	265	284
201	91	201	91
183	266	183	265
170	176	170	175
188	266	188	265
189	63	189	62
171	137	171	137
176	220	176	220
139	285	138	285
290	76	290	76
238	163	238	163
131	250	131	250
225	190	225	190
153	137	153	137
244	206	244	205
262	46	262	46
246	163	246	163
232	323	232	324
231	309	231	310
269	88	269	88
197	176	197	175
126	238	126	237
20	20	20	20
203	137	203	137
258	235	258	234
259	94	258	94
208	220	208	220
280	249	280	249
257	251	257	250
210	61	210	61
192	107	192	106
155	298	153	298
284	78	284	77
146	107	146	106
271	368	271	367
259	280	259	280
223	107	223	106
208	107	208	106
247	266	247	265
266	202	266	202
266	263	266	263
212	280	212	280
268	103	268	104
66	329	66	329
253	106	253	106
235	220	235	220
146	250	146	250
19	376	19	376
258	13	258	13
226	76	226	75
190	190	190	190
210	351	210	351
174	137	174	137
126	134	125	134
117	278	117	278
266	44	266	44
251	45	251	45
160	236	160	236
196	336	196	337
127	237	127	236
201	190	201	190
274	28	274	28
183	122	183	121
147	291	146	291
206	137	206	137
262	367	262	367
137	236	137	236
229	163	229	163
250	280	250	280
234	190	234	190
35	35	35	35
74	74	74	74
240	137	240	137
239	323	239	324
187	236	187	236
278	80	278	79
260	238	260	238
261	248	261	247
264	233	264	233
265	253	265	253
212	295	212	295
212	220	212	220
142	206	142	205
109	286	109	286
255	323	254	323
239	176	239	175
183	280	183	280
149	152	149	151
188	280	188	280
207	91	207	91
265	78	265	78
177	220	177	220
267	350	266	350
237	122	237	121
184	122	184	121
185	295	185	295
132	250	132	250
150	137	150	137
244	220	244	220
281	78	282	77
227	371	225	371
228	323	228	324
229	91	229	91
230	91	230	91
139	152	139	151
250	176	250	175
193	295	193	295
268	311	268	311
270	104	270	104
254	45	254	45
181	152	181	151
29	366	29	366
222	353	222	352
132	137	132	137
125	255	124	255
135	236	135	236
263	59	262	59
159	250	159	250
235	61	235	61
182	137	182	137
273	280	273	280
166	152	166	151
226	280	226	280
228	20	228	19
210	190	210	190
266	252	266	252
247	280	247	280
146	236	146	236
220	363	220	364
153	294	152	294
244	353	244	352
246	5	246	6
283	13	283	13
211	37	211	36
265	119	265	119
124	271	124	271
249	295	249	295
179	76	179	75
198	152	198	151
236	107	236	106
159	280	159	280
164	280	164	280
160	304	160	305
248	30	248	30
174	266	174	265
195	76	195	75
160	250	160	250
234	17	234	16
161	236	161	236
186	220	186	220
169	311	169	311
209	152	209	151
265	337	264	336
230	45	230	45
213	107	213	106
157	152	157	151
141	137	141	137
239	337	239	338
259	194	259	194
187	250	187	250
4	391	4	391
262	232	262	232
135	122	135	121
265	239	265	239
212	309	212	310
213	220	213	220
268	12	268	11
216	176	216	175
252	393	252	394
202	280	202	280
241	152	241	151
223	280	223	280
155	95	155	94
265	120	265	119
266	118	266	118
173	137	173	137
177	206	177	205
286	13	286	13
270	203	270	203
200	206	200	205
273	232	273	232
217	266	217	265
238	266	238	265
130	220	130	220
127	267	126	267
243	176	243	175
278	283	278	283
245	220	245	220
227	353	227	352
140	280	140	280
199	176	199	175
201	337	201	338
220	91	220	91
221	323	221	324
224	30	224	30
169	312	169	312
150	266	150	265
136	122	136	121
264	15	263	12
212	122	212	121
232	206	232	205
250	309	251	309
273	266	273	266
240	190	240	190
271	340	271	340
242	91	242	91
187	332	186	332
210	176	210	175
194	323	194	324
142	163	142	163
163	295	163	295
271	14	271	13
129	190	129	190
171	295	171	295
245	367	245	367
210	323	210	324
250	90	250	91
214	76	214	75
178	280	178	280
199	280	199	280
181	322	180	322
220	163	220	163
149	292	148	292
279	79	279	78
262	13	262	12
193	266	193	265
230	76	230	75
214	266	214	265
201	346	200	346
273	370	272	370
96	96	96	96
259	163	259	163
6	6	6	6
279	188	279	188
84	84	84	84
266	339	265	339
217	122	217	121
15	380	15	380
164	236	164	236
165	250	165	250
258	121	258	121
260	194	260	193
261	220	261	220
188	250	188	250
266	233	266	233
267	176	266	176
216	190	216	190
254	367	254	367
237	280	237	280
202	266	202	265
224	206	224	205
259	394	259	394
226	107	226	106
191	236	191	236
266	120	266	120
32	363	32	363
216	45	216	45
179	163	179	163
256	62	255	61
275	266	275	266
185	323	185	324
243	190	243	190
133	163	133	163
208	295	208	295
172	309	172	310
227	367	227	367
247	5	247	6
252	176	252	176
182	250	182	250
274	123	274	123
203	163	203	163
201	323	201	324
206	236	206	236
264	61	264	60
229	309	229	310
231	220	231	220
272	45	272	45
143	176	143	175
203	48	203	47
24	371	24	371
99	99	99	99
172	91	172	91
193	250	193	250
231	45	231	45
217	236	217	236
271	28	271	28
164	122	164	121
202	309	202	310
242	220	242	220
154	176	154	175
210	309	210	310
268	323	268	323
178	266	178	265
126	172	126	172
272	203	272	203
270	220	270	220
182	322	182	323
209	107	209	106
263	338	263	338
16	379	16	379
125	183	124	183
270	79	270	79
162	163	162	163
220	32	220	31
118	277	118	277
262	325	262	324
235	30	235	30
218	122	218	121
240	163	240	163
257	91	257	91
165	236	165	236
131	276	130	276
188	323	188	324
278	14	279	13
224	365	224	366
266	155	266	155
215	236	215	236
273	59	273	59
237	266	237	265
224	220	224	220
169	122	169	121
149	206	149	205
151	190	151	190
261	95	261	95
171	266	171	265
174	190	174	190
253	394	253	394
271	138	271	138
24	24	24	24
244	6	244	6
245	176	245	175
226	236	226	236
125	261	125	261
127	188	126	188
181	206	181	205
274	109	274	109
246	337	246	338
28	28	28	28
193	91	193	91
229	295	229	295
175	266	175	265
268	88	268	87
180	266	180	265
163	137	163	137
168	220	168	220
260	354	259	354
265	12	265	12
194	250	194	250
16	16	16	16
181	309	181	310
128	175	128	175
202	295	202	295
242	206	242	205
206	295	206	295
227	309	227	310
264	265	264	265
210	295	210	295
245	323	245	324
195	137	195	137
268	190	268	190
125	216	124	216
126	222	126	221
235	309	235	310
185	163	185	163
221	250	221	250
257	382	257	383
150	190	150	190
192	59	190	59
249	190	249	190
67	67	67	67
144	190	144	190
202	76	202	75
239	266	239	265
276	189	276	188
262	311	262	311
252	76	252	76
218	76	218	75
238	11	237	10
258	93	258	94
208	42	206	42
171	190	171	190
151	266	151	265
156	266	156	265
200	137	200	137
238	250	238	250
274	262	274	262
170	122	170	121
250	121	250	121
124	229	124	229
127	221	127	220
200	280	200	280
37	37	37	37
258	383	257	383
228	206	228	205
137	220	137	220
212	61	212	61
232	137	232	137
216	323	216	324
256	137	256	137
166	81	166	80
242	30	242	30
225	353	225	352
207	250	207	250
226	337	226	338
175	280	175	280
214	152	214	151
215	266	215	265
70	70	70	70
180	280	180	280
169	220	169	220
207	107	207	106
268	221	268	221
142	137	142	137
200	176	200	175
273	46	273	46
128	189	127	189
270	265	270	265
221	91	221	91
222	91	222	91
276	109	276	109
131	152	131	151
225	152	225	151
148	176	148	175
262	72	261	71
172	206	172	205
156	176	156	175
176	137	176	137
244	236	244	236
264	311	264	310
214	122	214	121
232	353	232	352
272	311	273	311
208	250	208	250
62	62	62	62
265	280	265	279
176	280	176	280
175	176	175	175
158	152	158	151
125	272	124	272
270	43	269	44
127	171	126	171
218	280	218	280
183	176	183	175
239	280	239	280
259	310	259	311
208	137	208	137
253	76	253	75
235	250	235	250
126	273	125	273
236	337	236	338
129	124	129	123
275	13	275	13
239	137	239	137
270	353	269	353
150	97	150	96
151	280	151	280
190	152	190	151
264	175	264	175
156	280	156	280
174	107	174	106
175	91	175	91
267	202	267	201
267	263	267	263
253	61	253	60
271	121	271	121
54	54	54	54
256	121	256	121
237	163	237	163
280	111	280	111
190	107	190	106
34	34	34	34
235	280	235	280
201	152	201	151
240	280	240	280
203	236	203	236
276	219	275	219
133	137	133	137
136	163	136	163
261	265	261	265
137	206	137	205
100	295	100	295
262	393	262	393
250	250	250	251
69	326	69	326
216	337	216	338
144	163	144	163
231	353	231	352
254	151	254	151
183	137	183	137
241	383	241	383
205	337	205	338
134	152	134	151
230	236	230	236
233	152	233	151
194	280	194	280
215	280	215	280
165	137	165	137
149	122	149	121
169	206	169	205
278	45	278	45
98	297	98	297
211	122	211	121
177	190	177	190
213	354	213	352
197	51	197	50
215	137	215	137
200	190	200	190
269	219	269	219
270	283	269	284
255	310	254	309
130	236	130	236
198	323	198	324
202	347	202	347
274	371	274	371
245	236	245	236
245	295	245	295
227	337	227	338
229	61	229	61
232	367	232	367
268	277	267	277
286	76	286	75
124	242	124	241
270	138	270	138
254	15	254	14
237	45	237	45
220	107	220	106
257	151	257	151
142	266	142	265
259	106	259	106
173	91	173	91
246	206	246	205
234	91	234	91
235	91	235	91
253	280	253	280
90	305	90	305
166	122	166	121
266	363	266	363
269	323	269	322
236	250	236	250
275	27	275	27
206	76	206	75
170	280	170	280
267	309	267	309
233	18	233	17
202	137	202	137
240	76	240	75
185	266	185	265
222	76	222	75
225	163	225	163
153	190	153	190
206	266	206	265
82	313	82	313
176	190	176	190
267	386	265	386
268	268	268	267
288	13	288	13
161	206	161	205
125	245	124	245
126	253	125	253
184	206	184	205
275	322	275	322
221	364	220	364
276	233	276	233
205	61	205	61
188	91	188	91
187	107	187	106
189	323	189	324
248	107	248	106
214	309	214	310
162	295	162	295
164	220	164	220
202	107	202	106
203	107	203	106
258	137	258	137
205	323	205	324
216	206	216	205
142	250	142	250
146	137	146	137
241	250	241	250
264	324	264	323
191	220	191	220
249	266	249	265
159	295	159	295
128	153	127	153
202	176	202	175
243	206	243	205
233	337	233	338
251	30	251	30
178	137	178	137
125	142	125	141
161	266	161	265
163	122	163	121
182	266	182	265
239	122	239	121
38	357	38	357
223	220	223	220
167	308	166	308
8	387	8	387
101	101	101	101
229	176	229	175
232	236	232	236
161	176	161	175
242	61	242	61
260	249	260	248
279	250	279	249
264	252	264	253
246	390	246	391
234	220	234	220
126	269	125	269
215	295	215	295
271	44	271	45
148	236	148	236
115	115	115	115
225	76	225	75
188	176	188	175
170	266	170	265
223	295	223	295
139	284	138	285
250	60	250	60
232	309	232	310
234	367	234	367
126	156	126	155
272	251	272	251
238	367	238	367
240	122	240	121
241	76	241	75
280	75	280	76
175	236	175	236
252	324	252	323
126	239	125	239
272	266	272	266
184	220	184	220
205	47	205	46
227	30	227	30
155	301	154	301
139	250	139	250
146	104	146	104
165	220	165	220
216	220	216	220
218	61	218	61
163	266	163	265
275	46	275	46
192	266	192	265
195	176	195	175
231	107	231	106
128	151	128	151
256	92	256	92
274	138	275	138
257	309	256	309
243	220	243	220
280	82	280	82
118	118	118	118
154	250	154	250
176	163	176	163
233	323	233	324
87	87	87	87
71	324	71	324
222	176	222	175
225	295	225	295
134	236	134	236
246	353	246	352
193	107	193	106
233	236	233	236
160	92	160	91
127	125	127	124
75	75	75	75
191	122	191	121
231	19	231	18
216	163	216	163
234	206	234	205
215	309	215	310
250	392	250	393
219	190	219	190
242	190	242	190
170	163	170	163
194	61	194	61
139	266	139	265
69	69	69	69
234	337	234	338
272	233	272	233
64	331	64	331
227	370	225	370
127	149	127	149
185	220	185	220
258	250	258	249
258	295	257	295
259	79	259	79
244	76	244	75
245	122	245	121
192	122	192	121
102	102	102	102
140	250	140	250
214	337	214	338
253	309	252	309
143	266	143	265
238	91	238	91
147	152	147	151
165	206	165	205
259	265	258	265
259	220	259	220
148	266	148	265
229	353	229	352
266	310	266	310
267	140	267	140
269	352	269	351
271	59	271	59
129	163	129	163
274	310	274	310
167	250	167	250
243	61	243	61
248	176	248	175
192	280	192	280
174	152	174	151
195	190	195	190
210	337	210	338
286	11	286	10
215	163	215	163
267	342	266	340
218	190	218	190
129	220	129	220
94	94	94	94
223	163	223	163
152	107	152	106
226	206	226	205
279	56	278	57
261	311	261	311
234	30	234	30
159	93	159	92
125	146	125	146
272	383	272	382
168	107	168	106
224	24	223	23
169	310	169	310
260	78	260	79
206	152	206	151
207	266	207	265
231	176	231	175
161	92	161	91
269	264	269	264
145	250	145	250
236	266	236	265
186	76	186	75
168	250	168	250
260	221	260	220
261	233	261	233
251	280	251	280
217	152	217	151
221	107	221	106
168	137	168	137
242	176	242	175
280	56	278	57
211	45	211	45
174	163	174	163
267	335	267	334
251	393	250	393
234	323	234	324
15	15	15	15
143	122	143	121
219	61	219	61
256	33	255	33
237	107	237	106
128	124	128	123
168	280	168	280
257	280	257	280
150	152	150	151
133	176	133	175
136	236	136	236
229	76	229	75
139	137	139	137
195	52	195	51
249	152	249	151
252	163	252	163
191	334	190	334
144	289	144	290
127	155	126	155
277	11	277	11
132	120	132	120
259	189	259	189
245	76	245	75
264	48	263	48
283	252	283	252
176	295	176	295
267	45	266	44
254	175	254	176
182	152	182	151
163	236	163	236
143	280	143	280
148	280	148	280
67	328	67	328
267	186	268	187
197	122	197	121
144	122	144	121
239	206	239	205
189	91	189	91
190	91	190	91
248	190	248	190
193	152	193	151
266	126	266	126
227	280	227	280
251	91	251	91
232	280	232	280
271	190	271	190
203	220	203	220
43	352	43	352
248	45	248	45
247	15	247	15
284	59	285	59
195	61	195	61
175	137	175	137
137	190	137	190
156	206	156	205
144	280	144	280
231	337	231	338
263	351	263	351
240	295	240	295
216	353	216	352
204	309	204	310
186	280	186	280
253	367	253	367
208	176	208	175
207	280	207	280
209	137	209	137
225	323	225	324
230	220	230	220
267	34	265	33
266	336	266	335
215	360	214	361
183	206	183	205
207	137	207	137
156	295	156	295
196	107	196	106
269	139	269	139
253	6	253	6
235	176	235	175
241	137	241	137
225	122	225	121
172	236	172	236
173	250	173	250
265	105	265	105
196	250	196	250
269	28	269	28
126	170	125	170
274	233	274	233
203	280	203	280
224	190	224	190
242	309	242	310
208	280	208	280
245	280	245	280
269	109	269	109
252	382	252	382
224	45	224	45
260	59	260	59
7	388	7	388
264	62	263	62
263	30	263	30
232	61	232	61
212	137	212	137
251	190	250	190
269	307	269	307
215	353	215	352
146	190	146	190
239	367	239	367
190	250	190	250
210	163	210	163
249	337	249	338
212	323	212	324
232	76	232	75
214	236	214	236
272	189	273	189
239	220	239	220
244	137	244	137
153	206	153	205
125	197	124	197
180	91	180	91
201	250	201	250
276	57	276	57
225	236	225	236
228	367	228	367
156	220	156	220
174	295	174	295
250	220	250	220
288	76	288	75
125	182	125	181
270	76	270	77
253	353	253	352
202	91	202	91
203	91	203	91
97	298	97	298
261	188	260	188
138	137	138	137
230	206	230	205
46	349	46	349
52	343	52	343
235	17	235	16
183	220	183	220
152	176	152	175
208	61	208	61
188	137	188	137
261	205	261	205
266	152	266	152
177	152	177	151
269	189	269	190
237	190	237	190
255	163	255	163
243	30	243	30
226	122	226	121
170	137	170	137
190	76	190	75
173	236	173	236
153	266	153	265
213	309	213	310
179	176	179	175
89	306	89	306
220	137	220	137
274	219	275	219
238	295	238	295
224	76	224	75
204	152	204	151
242	295	242	295
221	309	221	310
44	351	44	351
135	176	135	175
246	295	246	295
177	122	177	121
257	34	255	33
186	309	186	310
117	117	117	117
263	12	263	12
138	176	138	175
211	295	211	295
233	163	233	163
194	309	194	310
217	76	217	75
272	28	272	28
236	152	236	151
146	176	146	175
145	290	144	290
219	295	219	295
186	107	186	106
81	314	81	314
212	337	212	338
233	76	233	75
148	163	148	163
262	95	261	95
156	163	156	163
125	215	124	215
126	223	125	223
202	250	202	250
281	60	281	60
192	60	192	61
227	206	227	205
157	220	157	220
289	76	289	76
53	342	53	342
240	323	240	324
229	250	229	250
232	18	232	17
250	337	250	338
216	236	216	236
265	382	265	382
144	206	144	205
184	266	184	265
152	190	152	190
208	43	206	43
283	78	283	78
231	91	231	91
125	127	124	127
270	263	270	262
73	73	73	73
237	176	237	175
264	383	264	383
183	323	182	323
276	103	275	103
169	107	169	106
243	236	243	236
223	365	222	365
171	206	171	205
45	350	45	350
124	230	124	229
179	190	179	190
162	90	162	91
14	381	14	381
77	77	77	77
246	250	246	250
139	163	139	163
178	122	178	121
217	45	217	45
127	173	127	173
257	60	257	60
243	266	243	265
226	366	226	367
264	218	263	217
248	266	248	265
173	309	173	310
211	309	211	310
266	383	266	382
219	309	219	310
131	266	131	265
4	4	4	4
228	45	228	45
119	276	119	276
250	30	250	30
268	222	268	222
215	250	215	250
160	266	160	265
198	342	197	342
261	73	260	73
268	352	268	352
215	107	215	106
162	85	161	84
271	224	271	224
202	236	202	236
281	14	281	13
155	190	155	190
284	109	284	108
252	236	252	235
179	321	178	321
270	40	268	39
258	189	258	188
263	123	262	123
229	236	229	236
229	337	229	338
216	250	216	250
219	266	219	265
184	280	184	280
224	266	224	265
286	59	285	59
218	206	218	205
19	19	19	19
129	236	129	236
58	58	58	58
202	337	202	338
243	250	243	250
226	30	226	30
263	281	263	281
193	335	192	335
124	244	124	243
181	176	181	175
271	233	271	233
93	302	93	302
264	121	264	120
228	266	228	265
212	76	212	75
251	251	251	251
198	107	198	106
184	176	184	175
257	14	257	14
165	295	165	295
241	382	241	382
260	13	260	13
243	280	243	280
262	281	262	281
228	76	228	75
192	176	192	175
248	280	248	280
173	295	173	295
50	50	50	50
140	176	140	175
159	163	159	163
272	120	272	120
116	279	116	279
246	45	246	45
213	353	213	352
177	320	176	320
160	280	160	280
269	218	269	218
142	152	142	151
270	280	270	280
159	304	158	304
75	320	75	320
274	368	274	367
131	137	131	137
167	176	167	175
136	220	136	220
262	59	262	59
124	243	124	243
269	43	269	44
219	122	219	121
185	190	185	190
42	42	42	42
278	219	277	219
253	236	253	236
270	58	270	58
163	220	163	220
108	287	108	287
240	367	240	367
259	295	259	295
259	250	258	249
278	74	277	74
229	323	229	324
270	368	269	368
218	33	218	32
181	91	181	91
182	91	182	91
219	280	219	280
224	280	224	280
243	91	243	91
188	163	188	163
264	350	264	351
174	122	174	121
266	174	266	173
195	220	195	220
196	163	196	163
106	289	106	289
126	147	126	147
271	78	271	78
202	323	202	324
239	15	239	15
208	337	208	338
244	250	244	250
281	112	281	112
191	295	191	295
266	49	264	50
233	367	233	367
179	295	179	295
200	309	200	310
201	137	201	137
218	323	218	324
257	338	257	338
222	220	222	220
242	381	242	382
133	250	133	250
211	352	211	352
266	384	265	385
213	76	213	75
251	137	251	137
161	190	161	190
182	163	182	163
184	190	184	190
279	252	279	252
176	72	176	72
194	190	194	190
233	137	233	137
213	61	213	61
175	319	174	319
273	120	273	120
147	236	147	236
278	60	279	60
261	28	261	29
265	89	265	89
263	247	263	246
195	280	195	280
178	320	178	321
270	234	270	234
255	295	255	295
221	190	221	190
150	250	150	250
138	111	138	110
174	236	174	236
249	250	248	250
127	249	126	249
237	30	237	30
220	122	220	121
260	107	260	107
78	317	78	317
281	234	281	234
261	355	260	355
228	295	228	295
140	206	140	205
216	295	216	295
144	137	144	137
254	137	254	137
236	295	236	295
241	353	241	352
171	122	171	121
263	95	263	95
211	163	211	163
267	152	267	152
272	109	272	109
219	163	219	163
165	163	165	163
240	236	240	236
167	206	167	205
170	190	170	190
173	163	173	163
68	68	68	68
180	107	180	106
126	157	126	157
279	44	279	43
227	176	227	175
137	152	137	151
247	45	247	45
194	91	194	91
195	91	195	91
156	236	156	236
179	309	179	310
287	60	287	59
197	190	197	190
199	206	199	205
276	323	276	322
222	206	222	205
242	367	242	367
133	236	133	236
155	300	154	301
248	122	248	121
246	367	246	367
252	15	252	15
269	284	269	284
180	137	180	137
146	105	146	105
257	106	257	106
186	176	186	175
169	152	169	151
183	236	183	236
194	176	194	175
230	137	230	137
200	76	200	75
147	250	147	250
151	137	151	137
248	163	248	163
213	176	213	175
216	76	216	75
196	152	196	151
217	309	217	310
235	367	235	367
202	163	202	163
147	107	147	106
221	176	221	175
226	61	226	61
122	122	122	122
234	45	234	45
52	52	52	52
252	151	252	151
163	107	163	106
237	16	237	15
271	202	271	202
241	386	241	386
259	73	259	72
260	89	260	89
228	152	228	151
282	234	282	234
216	309	216	310
252	6	252	6
162	305	162	306
162	250	162	250
268	393	267	393
256	379	256	378
172	122	172	121
262	252	262	253
266	268	265	268
214	206	214	205
145	152	145	151
163	306	162	306
255	152	255	151
241	236	241	236
114	114	114	114
221	137	221	137
225	206	225	205
281	76	281	76
172	152	172	151
227	190	227	190
227	373	226	373
157	236	157	236
250	190	250	190
197	341	197	341
253	323	253	323
218	295	218	295
200	337	200	338
202	61	202	61
131	123	131	122
242	353	242	352
262	356	261	356
210	45	210	45
106	106	106	106
269	270	269	270
253	137	253	136
185	76	185	75
258	106	257	106
223	91	223	91
208	91	208	91
8	8	8	8
261	239	261	238
194	335	194	336
141	287	140	288
253	122	253	122
200	122	200	121
201	76	201	75
148	250	148	250
258	29	258	29
194	53	193	52
12	12	12	12
251	76	251	76
266	77	266	77
175	250	175	250
251	61	251	61
125	145	125	145
252	338	252	337
272	368	272	368
271	216	271	216
203	190	203	190
257	204	257	204
224	25	222	25
222	163	222	163
169	309	168	309
226	190	226	190
262	351	262	350
282	252	281	252
211	206	211	205
229	280	229	280
160	107	160	106
272	58	272	58
236	190	236	190
224	323	224	324
152	266	152	265
262	238	262	238
264	153	264	152
191	107	191	106
176	107	176	106
212	236	212	236
265	237	264	236
141	280	141	280
90	90	90	90
128	206	128	205
146	280	146	280
240	8	240	8
39	39	39	39
153	250	153	250
261	121	261	121
176	250	176	250
124	256	124	255
269	233	269	233
126	185	125	185
272	216	271	216
202	220	202	220
276	45	276	45
153	107	153	106
27	27	27	27
155	206	155	205
233	309	233	310
127	154	127	153
258	205	258	205
222	337	222	338
277	10	277	10
132	121	132	121
151	122	151	121
227	61	227	61
82	82	82	82
135	220	135	220
229	220	229	220
211	266	211	265
267	44	267	43
31	31	31	31
251	163	251	163
235	45	235	45
144	236	144	236
216	266	216	265
36	359	36	359
240	176	240	175
21	21	21	21
205	280	205	280
205	163	205	163
283	108	283	108
267	189	267	189
146	220	146	220
240	15	240	15
128	266	128	265
131	176	131	175
188	295	188	295
171	236	171	236
264	367	264	367
267	327	266	327
196	295	196	295
215	176	215	175
236	91	236	91
272	223	272	223
57	338	57	338
205	122	205	121
152	122	152	121
245	163	245	163
158	176	158	175
161	295	161	295
252	352	252	352
272	366	272	365
273	368	273	368
186	236	186	236
169	295	169	295
226	176	226	175
211	220	211	220
229	266	229	265
203	61	203	61
224	337	224	338
239	353	239	352
152	163	152	163
152	280	152	280
259	383	259	383
265	31	264	31
49	346	49	346
139	111	139	110
213	236	213	236
141	266	141	265
273	79	273	78
128	220	128	220
238	220	238	220
146	266	146	265
276	76	277	76
222	122	222	121
242	163	242	163
262	107	262	107
273	340	273	339
202	206	202	205
204	107	204	106
206	323	206	324
155	220	155	220
228	353	228	352
233	295	233	295
216	361	216	362
127	136	126	136
181	250	181	250
222	323	222	324
204	250	204	250
116	116	116	116
264	63	264	63
229	206	229	205
211	280	211	280
233	176	233	175
216	280	216	280
272	47	273	46
181	107	181	106
182	107	182	106
145	236	145	236
258	78	258	78
205	266	205	265
243	107	243	106
140	110	140	109
268	59	268	59
197	107	197	106
253	30	252	30
270	307	269	307
195	323	195	324
146	206	146	205
240	61	240	61
274	283	274	283
131	190	131	190
255	366	255	367
188	309	188	310
280	14	280	14
151	163	151	163
154	190	154	190
23	372	23	372
250	106	250	106
33	362	33	362
125	196	125	195
198	250	198	250
239	76	239	75
185	330	184	331
243	137	243	137
280	189	280	188
248	391	248	392
161	305	160	305
255	76	255	76
209	250	209	250
191	62	191	61
157	122	157	121
236	367	236	367
258	73	258	73
25	370	25	370
226	309	226	310
100	100	100	100
211	91	211	91
174	77	174	76
213	323	213	324
251	295	251	295
269	188	268	187
72	72	72	72
229	30	229	30
266	104	266	104
267	362	267	362
216	61	216	61
269	13	269	12
200	236	200	236
273	202	274	202
256	14	256	14
185	152	185	151
76	76	76	76
257	176	257	176
130	190	130	190
132	206	132	205
186	323	186	324
136	137	136	137
245	190	245	190
234	122	234	121
217	34	217	33
17	378	17	378
254	121	254	121
272	339	273	339
241	337	241	338
261	164	260	163
212	152	212	151
105	290	105	290
159	206	159	205
240	220	240	220
185	122	185	121
239	380	238	380
259	338	259	338
170	315	169	315
262	205	262	205
195	250	195	250
268	41	267	41
271	108	270	109
128	161	127	161
129	152	129	151
183	325	183	325
244	152	244	151
264	267	264	267
194	107	194	106
103	103	103	103
287	108	287	108
257	137	257	137
244	15	244	15
209	91	209	91
192	61	192	61
210	107	210	106
279	109	278	109
155	163	155	163
136	176	136	175
161	152	161	151
144	176	144	175
270	95	270	95
91	91	91	91
127	167	126	167
222	137	222	137
225	366	224	366
210	250	210	250
249	45	249	45
265	381	265	382
251	324	251	323
143	137	143	137
163	176	163	175
258	91	258	90
95	95	95	95
205	309	205	310
208	44	208	45
188	152	188	151
171	176	171	175
190	236	190	236
266	139	266	139
177	137	177	137
251	309	251	309
125	126	125	125
275	110	275	110
224	236	224	236
151	206	151	205
261	79	261	79
247	122	247	121
266	26	266	26
174	206	174	205
160	190	160	190
178	309	178	310
162	91	162	91
163	91	163	91
201	236	201	236
220	152	220	151
239	91	239	91
224	91	224	91
130	176	130	175
275	223	274	223
177	107	177	106
142	109	142	108
254	107	254	107
184	163	184	163
241	323	241	324
258	163	258	163
204	337	204	338
187	190	187	190
206	206	206	205
205	349	205	349
244	389	244	390
192	163	192	163
264	219	263	220
247	152	247	151
138	163	138	163
146	163	146	163
241	220	241	220
186	122	186	121
225	45	225	45
260	175	260	176
265	60	265	59
212	352	212	352
233	61	233	61
213	137	213	137
217	206	217	205
236	30	236	30
128	191	128	190
184	76	184	75
270	271	270	271
74	321	74	321
132	276	132	277
262	78	263	78
137	122	137	121
125	232	124	232
270	190	270	190
199	236	199	236
273	189	273	189
223	250	223	250
242	337	242	338
245	137	245	137
136	190	136	190
162	280	162	280
188	63	188	62
227	76	227	75
210	236	210	236
157	94	157	93
71	71	71	71
163	190	163	190
292	77	292	77
258	45	258	45
205	295	205	295
243	76	243	75
173	190	173	190
191	163	191	163
266	189	266	189
196	190	196	190
238	337	238	338
275	124	275	124
224	250	224	250
151	220	151	220
209	61	209	61
156	137	156	137
266	12	266	12
250	137	250	136
268	280	269	280
178	295	178	295
125	225	124	225
127	205	127	205
182	295	182	295
221	280	221	280
203	309	203	310
275	310	275	310
230	19	230	18
161	163	161	163
162	220	162	220
199	122	199	121
241	381	240	381
169	163	169	163
25	25	25	25
261	152	261	152
226	353	226	352
191	91	191	91
176	91	176	91
268	126	268	127
252	91	252	91
130	123	130	122
241	206	241	205
29	29	29	29
194	220	194	220
226	22	225	21
172	190	172	190
138	122	138	121
232	337	232	338
17	17	17	17
126	248	125	248
221	220	221	220
277	218	277	218
206	176	206	175
226	137	226	137
242	323	242	324
261	368	261	367
265	264	265	264
231	152	231	151
197	280	197	280
42	353	42	353
277	75	277	74
227	122	227	121
266	220	266	221
267	109	267	109
268	117	267	116
214	163	214	163
217	176	217	175
251	352	250	352
165	176	165	175
184	295	184	295
242	152	242	151
173	176	173	175
192	295	192	295
175	107	175	106
267	311	267	311
129	266	129	265
275	138	275	138
176	176	176	175
268	270	268	270
271	254	270	252
275	251	275	250
228	236	228	236
139	206	139	205
250	266	250	266
266	385	265	385
255	31	254	30
256	151	256	151
241	367	241	367
271	367	271	367
261	138	261	138
133	266	133	265
173	280	173	280
138	266	138	265
176	73	176	73
248	295	248	295
250	381	251	381
141	250	141	250
126	264	126	264
128	236	128	236
255	236	255	236
245	390	244	390
139	281	139	280
199	323	199	324
202	190	202	190
204	91	204	91
248	5	248	6
229	45	229	45
155	236	155	236
228	337	228	338
158	107	158	106
126	234	125	234
259	90	259	90
249	106	248	106
229	190	229	190
158	250	158	250
197	266	197	265
260	251	260	252
226	266	226	265
245	30	245	30
228	122	228	121
251	382	251	381
14	14	14	14
270	323	270	323
271	46	271	45
184	309	184	310
260	138	259	138
192	309	192	310
283	59	283	60
263	239	263	238
179	122	179	121
218	163	218	163
266	32	265	32
178	190	178	190
269	394	267	393
70	325	70	325
186	206	186	205
188	107	188	106
190	323	190	324
146	102	146	102
185	65	185	64
205	190	205	190
261	252	260	252
173	266	173	265
248	309	248	310
176	71	176	71
233	122	233	121
213	206	213	205
141	236	141	236
128	250	128	250
164	83	163	82
225	91	225	91
171	316	170	317
134	277	134	278
266	88	266	88
126	133	125	133
200	220	200	220
273	250	273	250
130	206	130	205
259	59	259	59
245	206	245	205
155	250	155	250
123	123	123	123
269	78	269	78
201	163	201	163
256	205	256	205
241	385	241	385
209	163	209	163
264	29	263	28
247	367	247	367
263	394	263	394
232	220	232	220
250	295	250	294
269	276	267	277
242	45	242	45
171	107	171	106
211	176	211	175
266	240	266	240
232	107	232	106
89	89	89	89
219	176	219	175
275	57	275	57
280	44	280	43
171	309	171	310
263	221	263	220
250	76	250	76
267	339	267	339
180	122	180	121
126	140	126	139
219	33	219	32
272	235	271	235
93	93	93	93
148	99	148	98
238	176	238	175
270	252	270	252
153	152	153	151
227	372	226	373
119	119	119	119
137	137	137	137
246	176	246	175
178	176	178	175
197	340	197	340
184	236	184	236
183	76	183	75
204	266	204	265
132	116	132	116
187	137	187	137
81	81	81	81
281	252	281	252
190	333	190	334
265	154	264	155
32	32	32	32
252	30	252	30
107	107	107	107
180	152	180	151
199	76	199	75
254	163	254	163
201	309	201	310
271	323	271	323
169	137	169	137
205	176	205	175
79	316	79	316
190	220	190	220
209	309	209	310
248	323	248	324
229	367	229	367
230	375	230	376
143	206	143	205
219	137	219	137
267	328	267	328
216	91	216	91
199	295	199	295
201	220	201	220
55	340	55	340
96	299	96	299
132	236	132	236
208	309	208	310
190	62	190	61
65	330	65	330
156	250	156	250
191	323	191	324
177	91	177	91
268	297	268	296
125	144	124	144
254	91	253	91
200	345	200	346
274	13	274	13
224	26	222	26
204	206	204	205
134	220	134	220
210	37	210	36
263	45	264	45
247	381	247	382
233	220	233	220
159	236	159	236
272	384	272	384
147	163	147	163
183	250	183	250
228	30	228	30
282	108	282	108
211	190	211	190
265	236	264	236
88	307	88	307
270	351	270	351
145	137	145	137
236	206	236	205
254	352	253	352
244	190	244	190
265	125	265	125
124	257	124	257
216	34	216	33
259	46	259	46
149	280	149	280
244	45	244	45
133	190	133	190
154	280	154	280
161	250	161	250
269	121	269	121
270	121	270	121
184	250	184	250
183	66	183	65
185	236	185	236
132	122	132	121
80	315	80	315
249	15	249	15
265	351	265	351
214	353	214	352
161	107	161	106
201	295	201	295
238	107	238	106
166	137	166	137
259	204	259	205
278	120	278	120
190	206	190	205
209	295	209	295
248	337	248	338
230	353	230	352
143	220	143	220
148	137	148	137
166	280	166	280
149	176	149	175
78	78	78	78
171	280	171	280
213	280	213	280
198	137	198	137
291	76	290	76
220	190	220	190
201	206	201	205
275	189	275	189
274	236	274	236
275	262	275	262
154	220	154	220
164	152	164	151
220	45	220	45
183	91	183	91
168	91	168	91
244	91	244	91
134	206	134	205
280	223	280	223
246	323	246	324
247	190	247	190
213	122	213	121
160	122	160	121
233	206	233	205
269	312	269	312
236	378	236	379
255	46	255	46
271	350	271	350
260	205	260	205
209	280	209	280
211	76	211	75
191	152	191	151
263	176	263	176
194	236	194	236
230	280	230	280
181	295	181	295
255	352	255	352
255	191	255	190
219	323	219	324
276	77	276	77
261	106	261	106
211	61	211	61
267	383	267	382
125	202	125	202
126	168	126	167
218	137	218	137
237	91	237	91
273	223	272	223
235	323	235	324
221	236	221	236
276	60	275	60
259	28	259	28
223	152	223	151
224	176	224	175
189	280	189	280
284	12	284	12
212	36	212	35
230	122	230	121
254	76	254	76
127	139	126	139
199	163	199	163
130	275	130	276
3	3	3	3
258	220	257	220
277	27	277	27
258	265	258	265
189	137	189	137
140	152	140	151
251	176	251	176
234	152	234	151
51	344	51	344
260	383	260	383
261	194	260	193
189	250	189	250
212	250	212	250
142	176	142	175
166	266	166	265
167	152	167	151
189	107	189	106
248	206	248	205
229	20	229	19
251	107	251	106
268	139	268	139
268	382	268	382
271	142	270	143
257	190	257	189
275	203	275	203
131	206	131	205
205	107	205	106
150	163	150	163
257	353	257	353
264	88	264	88
248	61	248	60
228	220	228	220
139	190	139	190
158	163	158	163
287	14	287	14
162	190	162	190
199	152	199	151
165	280	165	280
206	250	206	250
226	323	226	324
228	163	228	163
236	163	236	163
255	220	255	220
209	266	209	265
210	152	210	151
192	206	192	205
230	266	230	265
267	284	267	284
196	91	196	91
217	250	217	250
92	303	92	303
219	337	219	338
165	122	165	121
172	220	172	220
126	218	125	218
2	393	2	393
257	378	256	378
277	188	277	188
264	95	264	95
263	324	263	324
253	205	253	205
218	266	218	265
256	190	256	189
204	348	204	348
224	61	224	61
223	31	223	30
277	45	277	45
187	163	187	163
264	46	264	45
138	190	138	190
232	45	232	45
196	51	196	50
141	163	141	163
253	190	252	190
182	122	182	121
237	367	237	367
242	122	242	121
244	295	244	295
282	75	282	75
265	49	264	50
264	189	264	188
267	277	267	277
267	216	266	217
268	42	267	42
249	353	249	352
128	162	127	162
164	107	164	106
275	104	275	103
239	236	239	236
183	324	183	324
280	29	280	29
151	176	151	175
261	394	261	394
248	220	247	220
251	121	251	121
181	163	181	163
203	250	203	250
186	331	186	332
248	75	248	76
250	236	250	236
162	176	162	175
127	166	127	165
165	266	165	265
222	309	222	310
121	121	121	121
265	380	265	382
194	266	194	265
141	220	141	220
217	91	217	91
200	61	200	61
238	14	238	15
208	45	208	45
192	220	192	220
125	125	125	125
218	250	218	250
133	115	132	115
137	112	137	111
173	220	173	220
266	27	266	26
268	363	267	362
162	88	160	88
198	236	198	236
274	203	274	202
113	113	113	113
187	64	187	63
260	394	260	394
174	318	174	319
217	362	216	362
253	266	253	266
255	122	255	122
271	266	271	266
165	307	164	307
276	266	276	266
169	176	169	175
259	137	258	137
187	266	187	265
133	277	132	277
209	236	209	236
264	220	263	220
138	279	138	280
267	121	267	121
158	295	158	295
253	176	253	176
254	251	254	251
237	353	237	352
260	339	260	339
244	309	244	310
262	188	262	188
263	141	262	139
105	105	105	105
196	176	196	175
150	220	150	220
134	122	134	121
154	294	154	295
249	220	250	220
194	122	194	121
191	266	191	265
196	266	196	265
179	137	179	137
125	231	124	231
109	109	109	109
241	61	241	61
276	223	276	223
244	30	244	30
189	309	189	310
155	176	155	175
63	332	63	332
264	393	264	393
214	295	214	295
182	220	182	220
222	295	222	295
277	56	277	57
22	373	22	373
262	292	262	292
211	137	211	137
265	366	264	367
267	126	266	126
231	250	231	250
141	206	141	205
250	353	250	352
221	32	221	31
154	107	154	106
155	107	155	106
193	220	193	220
213	358	212	359
267	207	267	207
216	107	216	106
269	223	269	223
195	295	195	295
199	343	197	343
255	266	255	265
204	47	204	46
169	91	169	91
170	107	170	106
246	91	246	91
173	206	173	205
196	206	196	205
125	224	125	223
181	190	181	190
271	235	271	235
275	236	275	236
204	190	204	190
132	163	132	163
167	266	167	265
172	266	172	265
155	137	155	137
232	250	232	250
217	61	217	61
72	323	72	323
271	280	271	280
242	15	242	15
187	280	187	280
282	60	282	60
265	220	265	221
266	367	266	368
272	122	272	122
110	110	110	110
256	265	256	265
223	309	223	310
207	122	207	121
248	137	248	137
265	45	265	45
249	381	249	382
250	46	250	45
51	51	51	51
184	91	184	91
203	348	203	348
281	109	281	109
194	76	194	75
231	266	231	265
225	280	225	280
280	232	280	233
227	236	227	236
210	76	210	75
246	280	246	280
261	383	261	383
157	190	157	190
158	137	158	137
180	321	180	322
180	190	180	190
146	122	146	121
240	353	240	352
208	122	208	121
188	206	188	205
192	137	192	137
193	61	193	61
230	337	230	338
266	278	266	278
158	280	158	280
253	91	253	91
143	236	143	236
163	280	163	280
239	152	239	151
190	137	190	137
213	163	213	163
31	364	31	364
235	378	234	378
272	128	271	128
220	206	220	205
239	9	239	9
224	137	224	137
221	163	221	163
257	295	257	295
223	323	223	324
154	236	154	236
156	152	156	151
250	152	250	151
217	337	217	338
274	47	274	46
183	107	183	106
23	23	23	23
244	107	244	106
227	21	227	20
247	206	247	205
252	251	252	251
198	91	198	91
199	107	199	106
201	280	201	280
240	152	240	151
183	152	183	151
222	280	222	280
134	137	134	137
262	265	262	265
193	54	192	53
11	11	11	11
176	74	176	74
265	206	265	206
268	109	268	109
252	106	251	106
272	104	272	104
236	236	236	236
237	250	237	250
238	45	238	45
59	336	59	336
149	137	149	137
260	311	260	311
262	152	261	152
246	61	246	61
265	95	265	95
190	176	190	175
139	280	139	280
215	152	215	151
198	176	198	175
269	202	269	202
181	280	181	280
40	355	40	355
276	12	276	12
149	250	149	250
5	5	5	5
250	163	250	163
159	122	159	121
254	60	254	60
181	137	181	137
201	176	201	175
185	206	185	205
127	251	127	250
132	152	132	151
226	152	226	151
209	176	209	175
264	16	263	12
155	297	155	295
212	91	212	91
231	137	231	137
267	13	267	12
157	176	157	175
214	323	214	324
270	10	269	9
253	295	253	295
266	393	266	393
256	367	256	367
38	38	38	38
166	107	166	106
276	309	276	310
259	234	259	233
188	220	188	220
227	107	227	106
263	89	263	89
266	207	266	207
230	323	230	324
231	30	231	30
158	266	158	265
159	152	159	151
177	280	177	280
198	280	198	280
166	250	166	250
265	64	265	64
266	94	266	94
214	45	214	45
268	251	267	251
236	122	236	121
220	220	220	220
147	100	147	99
129	206	129	205
222	61	222	61
205	91	205	91
170	79	170	78
203	323	203	324
279	46	279	46
157	280	157	280
30	30	30	30
125	132	124	132
187	122	187	121
280	253	280	253
135	250	135	250
247	220	247	220
157	137	157	137
270	13	270	12
126	125	126	124
146	103	146	103
238	76	238	75
201	266	201	265
186	190	186	190
222	266	222	265
236	280	236	280
241	280	241	280
86	309	86	309
273	104	272	104
237	236	237	236
219	353	219	352
277	283	276	283
261	12	261	12
134	266	134	265
246	15	246	15
213	190	213	190
235	353	235	352
2	2	2	2
241	122	241	121
223	190	223	190
152	96	152	95
136	250	136	250
172	163	172	163
246	190	246	190
268	308	268	308
198	61	198	61
162	137	162	137
273	138	272	138
202	48	202	47
241	384	241	384
167	295	167	295
27	368	27	368
155	295	155	295
283	234	283	234
176	309	176	310
267	59	267	59
198	76	198	75
163	250	163	250
277	110	277	110
260	234	259	233
189	220	189	220
194	137	194	137
177	266	177	265
198	266	198	265
164	91	164	91
176	206	176	205
268	233	268	233
126	141	125	141
270	253	270	252
240	107	240	106
239	45	239	45
131	236	131	236
279	60	279	60
281	82	281	82
247	61	247	61
231	295	231	295
158	93	158	92
197	339	197	339
107	288	107	288
127	150	127	150
56	56	56	56
199	190	199	190
240	309	240	310
222	190	222	190
132	117	132	117
188	122	188	121
259	176	259	176
136	112	136	111
208	206	208	205
133	220	133	220
186	266	186	265
158	236	158	236
217	107	217	106
273	284	273	284
257	122	257	122
186	64	186	63
241	266	241	265
60	60	60	60
192	236	192	236
139	122	139	121
233	107	233	106
235	206	235	205
254	382	254	382
1	394	1	394
244	176	244	175
48	48	48	48
195	163	195	163
126	180	126	179
256	45	256	45
274	251	274	251
148	107	148	106
258	394	258	394
95	300	95	300
153	96	153	95
245	266	245	265
228	374	227	374
179	266	179	265
215	45	215	45
269	127	268	127
127	159	126	159
272	370	272	370
256	220	256	220
203	176	203	175
222	364	222	365
224	27	222	27
223	61	223	61
260	73	260	73
193	122	193	121
249	5	248	6
140	236	140	236
164	250	164	250
40	40	40	40
185	91	185	91
249	323	249	324
230	367	230	367
230	176	230	175
142	220	142	220
255	381	255	382
255	136	255	137
167	236	167	236
243	7	243	7
44	44	44	44
154	163	154	163
191	250	191	250
124	258	124	257
290	108	290	108
273	236	273	236
185	309	185	310
224	163	224	163
193	309	193	310
232	163	232	163
250	206	250	206
178	163	178	163
252	190	252	190
104	291	104	291
182	236	182	236
133	206	133	205
155	266	155	265
266	340	266	340
252	45	252	45
141	190	141	190
254	281	254	281
199	61	199	61
255	32	254	32
94	301	94	301
169	250	169	250
192	250	192	250
193	236	193	236
140	122	140	121
260	281	260	281
246	107	246	106
249	309	249	310
213	295	213	295
124	198	124	197
159	266	159	265
164	266	164	265
257	163	257	163
221	295	221	295
261	294	261	293
279	75	278	75
137	163	137	163
174	280	174	280
251	205	251	205
179	280	179	280
215	35	215	34
257	220	257	220
258	194	258	194
186	295	186	295
228	190	228	190
