194	295	194	295
213	121	213	122
231	163	231	164
233	205	233	206
159	221	159	221
53	53	53	53
266	351	266	351
215	357	214	358
37	358	37	358
148	290	148	290
168	235	168	235
230	281	230	280
177	310	177	310
273	77	273	77
128	222	128	221
202	310	202	310
276	78	276	78
210	310	210	310
211	60	211	60
236	76	236	76
164	305	164	306
257	164	257	163
221	235	221	235
168	265	168	266
257	367	257	366
244	60	244	60
133	175	133	176
66	66	66	66
249	175	249	176
189	136	189	137
227	45	227	45
261	176	261	176
266	326	266	326
215	354	215	352
91	304	91	304
254	220	254	220
241	310	241	310
264	176	264	176
248	352	248	352
212	251	212	251
266	297	265	297
200	152	200	152
148	152	148	152
171	265	171	266
189	106	189	107
9	9	9	9
232	265	232	266
251	106	252	106
241	16	241	15
257	352	257	352
205	106	205	107
228	221	228	221
247	30	247	29
232	152	232	152
175	152	175	152
13	13	13	13
179	221	179	221
144	265	144	266
253	382	253	382
220	60	220	60
257	46	257	46
203	92	203	91
205	251	205	251
260	45	260	45
207	235	207	235
206	251	206	251
120	120	120	120
225	338	225	337
246	338	246	337
230	205	230	206
175	265	175	266
122	273	122	273
147	190	147	190
206	106	206	107
207	152	207	152
209	265	209	266
124	124	124	124
235	163	235	164
128	172	128	171
165	121	165	122
221	76	221	76
222	106	222	107
226	121	226	122
172	221	172	221
176	152	176	152
196	235	196	235
218	152	218	152
237	76	237	76
112	112	112	112
164	295	164	295
114	281	114	281
208	265	208	266
172	295	172	295
239	265	239	266
208	152	208	152
245	45	245	45
196	60	196	60
254	206	254	206
146	175	146	176
236	352	236	352
151	265	151	266
262	195	261	194
190	235	190	235
249	352	249	352
104	104	104	104
268	43	268	42
235	152	235	152
145	109	145	109
240	45	240	45
153	221	153	221
248	221	248	221
156	190	156	190
157	296	157	296
125	212	125	212
108	108	108	108
127	208	127	208
239	92	239	91
264	71	264	72
248	76	248	76
139	175	139	176
165	265	165	266
183	190	183	190
225	364	224	364
226	338	226	337
173	313	171	313
196	59	196	60
215	265	215	266
255	205	255	205
221	45	221	45
149	107	149	107
208	46	208	46
192	221	192	221
263	151	263	152
218	251	218	251
219	251	219	251
220	235	220	235
153	281	153	280
265	394	265	394
88	88	88	88
126	197	126	197
254	30	254	30
163	93	163	92
256	30	255	30
127	217	126	217
132	190	132	190
264	78	264	78
135	163	135	164
231	367	231	367
178	121	178	122
234	106	234	107
92	92	92	92
165	306	164	306
205	347	204	347
133	276	133	276
211	310	211	310
265	356	264	357
159	190	159	190
217	163	217	164
272	13	272	13
254	295	254	294
219	310	219	310
237	352	237	352
148	205	148	206
80	80	80	80
152	136	152	137
244	310	244	310
154	97	154	96
268	217	267	216
270	269	269	269
202	152	202	152
241	163	241	164
150	221	150	221
133	123	133	123
153	175	153	176
227	295	227	295
248	235	248	235
179	136	179	137
235	295	235	295
202	235	202	235
203	235	203	235
241	60	241	60
262	394	262	394
135	152	135	152
264	394	264	393
249	76	249	76
230	30	230	29
229	152	229	152
139	221	139	221
270	47	270	47
164	163	164	164
182	221	182	221
191	92	191	91
211	136	211	137
141	205	141	206
182	76	182	76
146	152	146	152
150	101	148	101
261	46	261	46
155	106	155	107
211	121	211	122
264	339	264	339
267	206	266	206
218	205	218	206
255	309	254	309
238	136	238	137
226	29	226	29
173	205	173	206
138	113	138	112
251	15	251	15
178	152	178	152
268	282	267	283
274	58	274	58
260	121	260	121
206	175	206	176
209	76	209	76
207	295	207	295
155	136	155	137
247	251	247	251
232	251	232	251
234	92	234	91
217	60	217	60
242	12	240	12
205	152	205	152
189	190	189	190
209	221	209	221
212	190	212	190
268	120	268	121
236	324	236	323
237	338	237	337
233	45	233	45
273	28	273	28
184	92	184	91
237	152	237	152
264	297	264	297
175	221	175	221
246	281	246	280
137	251	137	251
214	310	214	310
182	175	182	176
259	296	259	295
207	221	207	221
263	106	263	106
266	218	266	217
231	235	231	235
268	119	268	118
158	281	158	280
165	190	165	190
258	61	258	60
168	163	168	164
243	92	243	91
188	190	188	190
174	121	174	122
267	252	267	251
198	190	198	190
217	295	217	295
128	134	127	134
199	324	199	323
98	98	98	98
243	205	243	206
47	47	47	47
266	60	266	60
268	264	268	263
163	121	163	122
183	106	183	107
239	121	239	122
224	121	224	122
257	236	257	236
209	190	209	190
262	383	262	383
173	80	173	79
199	106	199	107
222	281	222	280
265	205	265	204
34	361	34	361
219	175	219	176
237	324	237	323
256	280	255	280
149	136	149	137
248	152	248	152
234	352	234	352
270	233	270	233
128	157	127	157
184	106	184	107
239	17	239	16
167	163	167	164
136	205	136	206
85	310	85	310
142	280	142	280
181	136	181	137
185	205	185	206
259	92	258	92
237	265	237	266
26	369	26	369
265	312	264	312
231	136	231	137
253	251	253	251
255	6	255	6
256	352	255	352
188	221	188	221
207	163	207	164
227	106	227	107
192	152	192	152
266	204	266	204
266	281	266	280
198	281	198	280
145	163	145	164
163	265	163	266
164	86	164	86
166	251	166	251
242	136	242	137
152	235	152	235
77	318	77	318
263	233	263	233
267	234	267	234
126	128	126	127
18	377	18	377
128	148	127	148
220	221	220	221
129	205	128	205
239	30	239	29
204	76	204	76
224	152	224	152
136	265	136	266
28	367	28	367
266	46	266	46
195	92	195	91
179	310	179	310
220	76	220	76
204	163	204	164
222	205	222	206
260	93	260	93
258	337	258	337
157	136	157	137
251	152	251	152
236	281	236	280
255	15	255	14
201	265	201	266
258	151	258	151
187	295	187	295
262	248	262	248
191	121	191	122
176	121	176	122
268	28	268	28
252	121	253	121
251	265	251	266
237	235	237	235
128	252	128	251
238	60	238	60
237	310	237	310
168	152	168	152
219	352	219	352
20	375	20	375
244	163	244	164
26	26	26	26
190	163	190	164
139	265	139	266
160	295	160	295
234	338	234	337
198	163	198	164
235	352	235	352
238	378	238	379
147	108	147	108
241	121	241	122
238	175	238	176
168	295	168	295
151	251	151	251
136	251	136	251
127	232	126	232
202	49	202	49
256	207	256	206
259	74	259	74
261	338	261	338
262	352	262	351
155	294	155	294
212	106	212	107
231	190	231	190
176	310	176	310
214	338	214	337
12	383	12	383
18	18	18	18
254	190	254	190
143	265	143	266
256	382	256	382
260	235	260	234
228	106	228	107
265	224	265	224
264	238	264	238
267	139	267	139
214	205	214	206
177	265	177	266
129	174	128	174
220	361	220	362
224	295	224	295
149	163	149	164
170	175	170	176
189	76	189	76
232	295	232	295
214	60	214	60
268	234	268	233
205	76	205	76
227	163	227	164
262	29	262	29
247	60	247	60
230	92	230	91
121	274	121	274
191	324	191	323
234	19	234	18
179	251	179	251
270	109	270	109
127	145	126	145
180	235	180	235
240	310	240	310
196	324	196	323
222	362	222	363
131	124	131	124
205	221	205	221
207	265	207	266
135	235	135	235
265	339	265	338
217	106	217	107
255	61	255	60
241	265	241	266
186	65	186	64
207	190	207	190
262	234	262	233
265	233	265	233
230	190	230	190
233	106	233	107
237	221	237	221
220	352	220	352
113	282	113	282
151	152	151	152
207	47	207	47
209	324	209	323
246	30	246	29
211	40	210	40
265	122	265	122
234	324	234	323
143	121	143	122
204	121	204	122
223	175	223	176
245	265	245	266
191	333	191	333
162	152	162	152
127	158	127	158
201	339	201	337
111	111	111	111
223	60	223	60
136	120	134	120
264	13	264	13
193	121	193	122
251	175	251	176
163	235	163	235
164	251	164	251
263	188	263	188
194	152	194	152
142	221	142	221
128	193	127	193
239	205	239	206
263	205	263	205
250	92	250	91
267	323	268	323
87	308	87	308
180	74	178	74
221	152	221	152
131	221	131	221
225	221	225	221
157	251	157	251
197	324	197	323
253	338	253	337
199	175	199	176
201	340	199	340
183	92	183	91
258	309	258	309
133	205	133	206
192	76	192	76
265	138	265	138
138	152	138	152
247	163	247	164
253	152	253	152
218	106	218	107
199	60	199	60
256	323	256	323
183	205	183	206
259	379	259	378
208	76	208	76
226	295	226	295
192	251	192	251
234	295	234	295
36	36	36	36
255	176	255	176
129	177	129	177
149	190	149	190
243	15	243	15
170	152	170	152
242	310	242	310
227	365	226	365
174	281	174	280
197	152	197	152
127	140	127	140
255	91	255	91
185	251	185	251
186	235	186	235
264	59	264	59
156	121	156	122
215	356	213	356
236	175	236	176
257	76	257	76
259	352	259	353
188	330	188	331
265	28	265	28
230	163	230	164
253	2	252	1
145	121	145	122
142	175	142	176
128	223	127	223
146	265	146	266
221	121	221	122
222	121	222	122
79	79	79	79
264	281	264	281
191	235	191	235
176	235	176	235
270	222	270	222
202	205	202	206
238	281	238	280
241	30	241	29
259	30	258	29
135	190	135	190
212	38	211	37
157	205	157	206
158	190	158	190
252	205	253	205
125	270	125	270
197	310	197	310
127	181	127	181
202	92	202	91
130	273	130	274
240	338	240	337
259	175	260	175
150	281	150	280
193	76	193	76
267	95	267	95
252	60	252	60
141	175	141	176
144	221	144	221
258	77	258	77
169	235	169	235
170	251	170	251
131	274	130	274
170	308	170	309
172	80	172	79
224	363	224	364
195	324	195	323
33	33	33	33
146	205	146	206
220	324	220	323
131	163	131	164
179	175	179	176
217	352	217	352
58	337	58	337
258	367	258	367
212	45	212	45
178	77	178	76
214	281	214	280
164	136	164	137
204	295	204	295
186	310	186	310
134	190	134	190
83	312	83	312
194	310	194	310
233	190	233	190
196	54	195	53
268	94	268	94
214	136	214	137
253	163	253	164
259	366	259	367
225	31	225	30
260	189	260	188
228	60	228	60
211	92	211	91
191	136	191	137
50	345	50	345
213	251	213	251
214	251	214	251
215	235	215	235
177	295	177	295
225	136	225	137
261	90	261	89
191	281	191	280
267	367	266	367
160	163	160	164
214	106	214	107
269	10	269	9
126	216	125	216
252	281	252	280
223	136	223	137
227	205	227	206
173	121	173	122
155	175	155	176
230	106	230	107
234	121	234	122
180	221	180	221
184	152	184	152
256	176	256	175
204	235	204	235
258	281	258	281
190	281	190	280
267	77	266	77
140	136	140	137
234	136	234	137
250	338	250	337
241	295	241	295
260	367	260	367
7	7	7	7
248	367	248	367
267	279	267	279
196	76	196	76
216	152	216	152
253	45	253	45
255	281	255	280
148	175	148	176
204	60	204	60
167	136	167	137
243	235	243	235
223	352	223	352
171	205	171	206
157	295	157	295
268	187	268	187
197	235	197	235
198	235	198	235
199	251	199	251
218	352	218	352
258	353	258	353
167	281	167	280
243	152	243	152
206	347	206	348
228	281	228	280
231	369	231	367
199	136	199	137
164	190	164	190
243	265	243	266
192	175	192	176
265	175	265	175
173	312	173	310
268	76	268	75
131	265	131	266
150	104	148	104
260	163	260	163
261	59	261	59
210	136	210	137
211	106	211	107
191	190	191	190
213	338	213	337
251	310	251	310
128	187	127	187
165	106	165	107
129	150	128	150
22	22	22	22
192	333	192	333
174	205	174	206
231	281	231	280
233	375	232	376
269	60	269	59
185	175	185	176
259	122	259	122
188	76	188	76
226	251	226	251
227	251	227	251
264	79	264	78
174	316	174	317
68	327	68	327
253	221	253	221
180	163	180	164
259	308	259	307
169	265	169	266
206	205	206	206
134	163	134	164
213	37	213	36
268	75	268	75
140	190	140	190
175	295	175	295
145	205	145	206
181	76	181	76
219	265	219	266
240	205	240	206
183	295	183	295
186	121	186	122
242	106	242	107
231	76	231	76
197	76	197	76
128	178	128	178
240	92	240	91
202	338	202	337
222	92	222	91
167	190	167	190
192	324	192	323
247	76	247	76
197	221	197	221
271	236	271	236
257	323	256	323
233	265	233	266
161	175	161	176
239	295	239	295
245	7	245	7
210	235	210	235
247	295	247	295
249	60	249	60
250	367	250	367
158	300	157	300
143	152	143	152
163	163	163	164
145	265	145	266
238	30	238	29
147	221	147	221
260	324	260	325
171	163	171	164
197	53	197	52
269	221	269	221
199	337	199	337
201	50	201	50
220	295	220	295
221	175	221	176
203	345	202	346
97	97	97	97
226	26	226	26
227	152	227	152
154	152	154	152
249	235	249	235
269	46	269	46
219	121	219	122
239	106	239	107
203	310	203	310
243	367	243	367
228	310	228	310
157	163	157	164
140	221	140	221
144	152	144	152
254	152	254	151
255	106	255	106
236	310	236	310
54	341	54	341
186	152	186	152
242	13	240	13
277	79	277	79
258	176	258	176
267	105	267	104
214	175	214	176
159	175	159	176
218	34	218	33
182	68	182	67
240	251	240	251
255	251	255	251
225	60	225	60
171	152	171	152
263	253	263	253
213	152	213	152
30	365	30	365
217	221	217	221
200	163	200	164
198	324	198	323
202	324	202	323
241	92	241	91
223	324	223	323
136	277	136	277
138	121	138	122
193	324	193	323
127	247	126	247
218	324	218	323
203	152	203	152
241	45	241	45
245	152	245	152
136	175	136	176
233	251	233	251
73	322	73	322
186	163	186	164
152	292	152	292
210	221	210	221
194	163	194	164
230	152	230	152
266	219	266	220
212	265	212	266
126	260	125	260
218	45	218	45
147	235	147	235
83	83	83	83
267	296	267	297
196	175	196	176
201	60	201	60
256	76	256	76
168	307	168	308
266	61	266	60
160	221	160	221
234	60	234	60
269	32	269	32
126	230	125	230
271	251	271	250
274	45	274	45
256	251	256	251
59	59	59	59
206	190	206	190
243	381	242	381
264	107	264	107
265	310	265	310
250	265	250	266
184	322	184	322
171	121	171	122
190	295	190	295
63	63	63	63
65	65	65	65
138	265	138	266
232	121	232	122
212	205	212	206
217	190	217	190
198	295	198	295
239	163	239	164
167	205	167	206
188	265	188	266
245	387	244	388
177	163	177	164
233	30	233	29
273	13	273	13
130	251	130	251
276	14	275	14
131	251	131	251
244	205	244	206
172	175	172	176
194	92	194	91
86	86	86	86
199	205	199	206
219	76	219	76
55	55	55	55
221	352	221	352
39	356	39	356
167	307	166	307
3	392	3	392
261	367	261	367
245	106	245	107
210	60	210	60
192	106	192	107
246	221	246	221
235	76	235	76
182	190	182	190
147	136	147	137
259	236	259	236
43	43	43	43
208	106	208	107
226	265	226	266
101	294	101	294
266	205	266	204
253	107	253	106
235	221	235	221
164	87	164	87
165	175	165	176
243	45	243	45
193	190	193	190
174	136	174	137
126	129	125	129
206	281	206	280
248	15	248	15
266	47	266	47
175	235	175	235
160	235	160	235
174	251	174	251
200	295	200	295
186	205	186	206
206	136	206	137
209	175	209	176
141	152	141	152
240	136	240	137
260	237	260	237
261	249	261	249
217	136	217	137
163	305	162	305
128	253	127	253
183	281	183	280
260	295	260	295
153	235	153	235
244	281	244	280
173	152	173	152
177	221	177	221
267	351	267	351
219	45	219	45
184	121	184	122
202	175	202	176
130	205	130	206
259	60	259	60
152	98	152	97
150	136	150	137
243	163	243	164
229	92	229	91
249	136	249	137
159	106	159	107
197	163	197	164
182	281	182	280
222	352	222	352
259	77	259	77
132	136	132	137
5	390	5	390
265	150	265	151
249	121	249	122
265	297	265	297
158	235	158	235
252	2	252	1
144	251	144	251
159	251	159	251
180	295	180	295
182	136	182	137
277	108	277	109
247	281	247	280
159	136	159	137
240	30	240	29
275	58	275	57
258	30	258	29
129	173	128	173
239	190	239	190
244	352	244	352
193	136	193	137
196	310	196	310
179	77	179	76
159	281	159	280
236	106	236	107
219	34	219	33
220	281	220	280
222	45	222	45
178	175	178	176
226	163	226	164
210	41	210	41
211	205	211	206
10	385	10	385
161	94	161	93
234	163	234	164
270	29	270	29
238	92	238	91
187	251	187	251
188	235	188	235
213	221	213	221
216	175	216	176
252	392	252	393
35	360	35	360
128	203	127	203
237	295	237	295
223	281	223	280
225	106	225	107
244	367	244	367
215	190	215	190
180	76	180	76
200	205	200	206
238	190	238	190
241	106	241	107
261	306	259	307
245	221	245	221
155	205	155	206
232	190	232	190
269	125	270	125
181	235	181	235
182	235	182	235
201	338	201	337
221	324	221	323
222	338	222	337
151	121	151	122
136	121	136	122
262	339	262	339
247	382	247	382
211	265	211	266
212	121	212	122
267	43	267	43
231	175	231	176
232	205	232	206
143	163	143	164
143	286	142	287
223	76	223	76
115	280	115	280
232	92	232	91
231	60	231	60
253	15	253	15
201	121	201	122
129	191	129	190
224	310	224	310
171	235	171	235
172	251	172	251
245	352	245	352
160	152	160	152
180	75	180	76
199	281	199	280
279	76	279	75
249	163	249	164
215	36	215	35
269	118	269	118
187	152	187	152
208	190	208	190
243	295	243	295
266	338	266	338
267	32	267	32
103	292	103	292
165	251	165	251
260	193	259	193
190	205	190	206
62	333	62	333
235	190	235	190
219	152	219	152
237	281	237	280
129	176	129	175
224	205	224	206
226	106	226	107
207	60	207	60
190	92	190	91
244	381	244	382
174	175	174	176
215	76	215	76
200	251	200	251
256	61	256	60
132	221	132	221
226	221	226	221
136	152	136	152
245	175	245	176
246	152	246	152
216	358	215	359
127	143	126	143
258	192	258	192
223	45	223	45
134	205	134	206
263	28	263	29
229	310	229	310
265	325	265	324
267	89	267	89
231	221	231	221
199	52	199	51
163	152	163	152
203	49	203	49
242	76	242	76
264	139	264	139
193	251	193	251
194	235	194	235
233	92	233	91
164	121	164	122
129	137	129	137
219	324	219	323
244	324	244	323
263	194	261	194
102	293	102	293
195	152	195	152
235	324	235	323
150	175	150	176
153	121	153	122
228	365	228	366
229	121	229	122
212	39	210	39
230	121	230	122
263	339	263	339
270	78	270	78
127	180	127	180
258	219	258	220
222	152	222	152
249	30	249	29
85	85	85	85
143	190	143	190
237	378	236	378
57	57	57	57
256	338	256	337
166	190	166	190
260	378	260	377
226	310	226	310
267	280	267	279
144	109	144	109
238	235	238	235
166	265	166	266
152	221	152	221
61	61	61	61
260	265	260	265
177	235	177	235
178	251	178	251
217	359	216	360
130	163	129	163
207	324	207	323
49	49	49	49
251	221	251	221
254	122	254	121
21	374	21	374
259	151	259	151
208	163	208	164
187	175	187	176
265	188	265	188
47	348	47	348
11	384	11	384
196	55	194	55
159	205	159	206
180	265	180	266
260	353	260	353
6	389	6	389
230	265	230	266
268	46	268	46
142	190	142	190
236	45	236	45
181	310	181	310
219	338	219	337
129	155	128	155
241	190	241	190
41	41	41	41
99	296	99	296
245	324	245	323
268	368	268	368
268	189	267	189
178	319	178	319
13	382	13	382
221	251	221	251
222	251	222	251
189	295	189	295
279	80	279	79
45	45	45	45
135	175	135	176
175	163	175	164
197	295	197	295
127	186	126	186
218	265	218	266
183	163	183	164
189	152	189	152
262	310	262	311
181	121	181	122
182	121	182	122
56	339	56	339
258	92	258	92
242	121	242	122
170	295	170	295
156	265	156	266
212	350	212	351
200	136	200	137
271	104	271	104
184	66	184	65
153	163	153	164
151	205	151	206
247	121	247	122
266	31	265	31
178	310	178	310
221	265	221	266
187	76	187	76
133	152	133	152
261	280	261	280
264	73	264	72
228	205	228	206
137	221	137	221
212	60	212	60
232	136	232	137
250	235	250	235
251	235	251	235
142	110	142	110
48	347	48	347
231	368	231	367
203	76	203	76
205	235	205	235
260	29	260	29
207	251	207	251
150	291	150	291
228	92	228	91
173	311	173	310
212	163	212	164
233	175	233	176
194	265	194	266
175	281	175	280
165	152	165	152
256	295	256	295
166	163	166	164
169	221	169	221
150	105	148	105
46	46	46	46
249	367	249	367
268	220	268	221
142	136	142	137
198	336	198	336
128	188	127	188
129	149	128	149
221	92	221	91
166	306	166	307
220	338	220	337
172	205	172	206
246	76	246	76
263	294	263	293
176	136	176	137
232	352	232	352
269	59	269	59
218	360	218	361
237	60	237	60
219	106	219	107
221	205	221	206
242	338	242	337
206	163	206	164
243	352	243	352
173	106	173	107
265	281	265	281
235	106	235	107
270	42	270	41
127	168	127	168
239	281	239	280
258	191	258	192
41	354	41	354
208	136	208	137
249	391	248	391
138	175	138	176
232	30	232	29
234	251	234	251
235	251	235	251
129	125	129	125
259	324	258	324
151	281	151	280
248	382	248	382
84	311	84	311
174	106	174	107
267	203	267	203
235	136	235	137
128	179	128	179
238	338	238	337
148	190	148	190
154	293	154	293
190	106	190	107
194	121	194	122
125	228	125	228
235	281	235	280
252	295	252	295
10	10	10	10
248	92	248	91
175	190	175	190
199	121	199	122
76	319	76	319
204	324	204	323
169	190	169	190
205	338	205	337
189	163	189	164
192	190	192	190
213	45	213	45
215	281	215	280
142	235	142	235
256	309	256	309
130	124	130	124
166	221	166	221
191	175	191	176
123	272	123	272
128	138	128	138
220	251	220	251
226	27	226	27
233	352	233	352
267	394	267	394
198	221	198	221
254	14	255	14
127	201	126	201
220	106	220	107
126	245	125	245
217	324	217	323
242	324	242	323
189	331	188	331
173	92	173	91
267	27	267	27
242	10	241	9
245	15	245	15
64	64	64	64
227	121	227	122
264	205	264	205
251	367	251	367
269	324	269	323
145	190	145	190
148	221	148	221
258	32	258	33
168	190	168	190
152	152	152	152
111	284	111	284
223	310	223	310
60	335	60	335
250	45	250	45
202	136	202	137
166	295	166	295
167	175	167	176
170	81	170	80
9	386	9	386
248	251	248	251
252	136	252	137
179	152	179	152
184	205	184	206
130	153	130	152
189	324	189	323
135	136	135	137
248	106	248	107
249	92	249	91
229	136	229	137
139	205	139	206
211	350	210	350
146	121	146	122
202	106	202	107
205	324	205	323
278	79	277	79
191	76	191	76
211	152	211	152
175	317	174	317
216	205	216	206
250	382	250	382
200	92	200	91
128	233	127	233
182	92	182	91
146	136	146	137
241	251	241	251
207	76	207	76
151	292	151	292
120	275	120	275
193	163	193	164
191	221	191	221
230	295	230	295
233	20	233	19
218	221	218	221
238	152	238	152
220	310	220	310
226	45	226	45
154	235	154	235
155	235	155	235
233	338	233	337
178	136	178	137
127	255	126	255
110	285	110	285
255	394	255	394
203	295	203	295
204	175	204	176
223	221	223	221
155	152	155	152
232	235	232	235
234	76	234	76
112	283	112	283
242	60	242	60
205	136	205	137
61	334	61	334
209	205	209	206
140	163	140	164
268	104	268	103
214	190	214	190
245	386	243	386
179	121	179	122
159	301	158	302
237	136	237	137
128	159	127	159
240	121	240	122
238	163	238	164
256	393	256	394
225	190	225	190
246	163	246	164
20	20	20	20
258	235	258	235
257	251	257	251
205	48	205	48
204	281	204	280
137	235	137	235
138	251	138	251
139	251	139	251
270	9	270	9
165	221	165	221
259	280	259	280
66	329	66	329
158	265	158	266
218	60	218	60
271	42	272	42
201	92	201	91
19	376	19	376
226	76	226	76
190	190	190	190
192	265	192	266
218	175	218	176
256	91	256	91
257	310	257	309
222	32	222	31
242	281	242	280
243	221	243	221
117	278	117	278
203	324	203	323
208	324	208	323
228	324	228	323
266	44	266	44
251	45	251	45
268	312	268	311
237	18	237	17
274	28	274	28
201	190	201	190
204	221	204	221
262	367	262	367
246	352	246	352
229	163	229	164
252	4	251	5
234	190	234	190
35	35	35	35
74	74	74	74
183	235	183	235
222	265	222	266
264	233	264	232
211	175	211	176
265	253	265	253
212	295	212	295
236	221	236	221
109	286	109	286
255	323	255	323
149	152	149	152
134	265	134	266
127	261	126	261
185	295	185	295
259	63	258	63
149	265	149	266
193	295	193	295
139	152	139	152
29	366	29	366
268	311	268	311
161	235	161	235
269	74	268	75
254	45	254	45
181	152	181	152
185	221	185	221
151	106	151	107
192	121	192	122
267	60	267	59
253	310	253	309
256	368	256	367
148	265	148	266
166	152	166	152
167	106	167	107
210	190	210	190
263	72	263	72
266	252	266	252
266	265	266	264
198	265	198	266
143	205	143	206
166	235	166	235
167	251	167	251
152	251	152	251
248	175	248	176
249	295	249	295
264	383	264	383
213	265	213	266
178	221	178	221
124	271	124	271
180	70	179	69
198	152	198	152
129	221	129	221
152	106	152	107
248	30	248	29
195	76	195	76
197	336	197	336
271	222	270	222
220	92	220	91
168	106	168	107
186	265	186	266
151	99	151	98
136	115	135	114
209	152	209	152
247	352	247	352
247	175	247	176
230	45	230	45
157	152	157	152
145	251	145	251
236	265	236	266
4	391	4	391
260	220	259	220
261	234	261	233
135	122	135	122
264	151	265	151
265	239	265	239
268	12	268	12
251	281	251	280
128	204	127	204
129	165	129	165
241	152	241	152
168	136	168	137
270	203	270	203
224	175	224	176
189	265	189	266
136	235	136	235
252	367	252	367
180	310	180	310
143	281	143	280
240	190	240	190
189	235	189	235
268	11	268	10
214	221	214	221
144	121	144	122
272	78	272	77
271	14	271	14
142	163	142	164
128	264	127	264
163	295	163	295
255	382	255	381
243	8	243	8
171	295	171	295
189	92	189	91
227	281	227	280
245	367	245	367
214	76	214	76
220	163	220	164
203	221	203	221
239	60	239	60
209	121	209	122
262	13	262	13
156	205	156	206
230	76	230	76
250	205	250	206
140	279	140	279
216	352	216	352
180	251	180	251
200	324	200	323
96	96	96	96
222	175	222	176
259	163	259	163
205	205	205	206
6	6	6	6
207	281	207	280
84	84	84	84
157	106	157	107
158	221	158	221
15	380	15	380
255	45	254	45
258	121	258	121
187	325	187	323
261	220	261	220
172	92	172	91
156	294	156	294
266	233	266	233
196	106	196	107
269	140	269	139
216	190	216	190
217	235	217	235
237	205	237	206
128	271	127	271
254	367	253	367
173	251	173	251
265	106	265	106
32	363	32	363
216	45	216	45
179	163	179	164
185	136	185	137
203	281	203	280
185	323	185	323
243	190	243	190
133	163	133	164
208	295	208	295
245	281	245	280
172	309	172	310
215	60	215	60
203	163	203	164
265	177	264	176
265	324	265	324
232	60	232	60
212	136	212	137
253	175	253	176
272	45	272	44
164	235	164	235
185	106	185	107
24	371	24	371
188	324	188	323
99	99	99	99
262	221	262	221
249	338	249	337
231	45	231	45
271	28	271	28
201	106	201	107
239	221	239	221
244	136	244	137
268	323	268	323
270	220	270	220
201	251	201	251
131	205	131	206
206	324	206	323
137	278	137	278
231	324	231	323
161	136	161	137
269	103	269	103
162	163	162	164
127	183	126	183
201	324	201	323
256	164	256	163
16	379	16	379
222	324	222	323
261	189	261	189
118	277	118	277
192	92	192	91
226	324	226	323
138	136	138	137
247	324	247	323
262	325	262	325
161	121	161	122
235	30	235	29
238	121	238	122
257	91	257	91
258	75	258	75
240	163	240	164
152	175	152	176
208	60	208	60
188	136	188	137
183	221	183	221
265	11	264	11
174	79	174	78
250	4	250	5
269	190	269	189
235	175	235	176
170	136	170	137
151	190	151	190
247	106	247	107
174	190	174	190
213	310	213	310
126	215	125	215
220	136	220	137
221	310	221	310
24	24	24	24
246	235	246	235
197	136	197	137
274	109	274	109
186	251	186	251
228	175	228	176
28	28	28	28
247	136	247	137
229	295	229	295
200	51	200	50
186	106	186	107
265	12	265	12
250	15	250	15
195	335	195	335
16	16	16	16
129	154	129	153
202	295	202	295
206	295	206	295
262	94	262	94
264	265	264	265
249	205	249	206
210	295	210	295
196	281	196	280
185	163	185	164
259	14	259	14
150	190	150	190
229	106	229	107
67	67	67	67
249	190	249	190
157	221	157	221
252	221	252	220
144	190	144	190
202	76	202	76
222	310	222	310
227	92	227	91
193	92	193	91
229	251	229	251
230	251	230	251
265	383	265	382
216	235	216	235
252	76	252	76
144	205	144	206
218	76	218	76
184	265	184	266
239	379	238	379
170	235	170	235
171	190	171	190
193	205	193	206
267	220	266	220
234	281	234	280
128	166	128	166
256	107	256	107
275	108	275	109
189	121	189	122
190	121	190	122
244	338	244	337
263	296	263	296
266	28	266	28
250	121	250	122
196	221	196	221
162	93	162	92
181	175	181	176
37	37	37	37
172	281	172	280
137	265	137	266
231	371	229	371
256	137	256	137
242	30	242	29
187	265	187	266
248	265	248	266
173	310	173	310
214	152	214	152
70	70	70	70
160	265	160	266
215	251	215	251
270	265	270	265
273	46	273	46
241	175	241	176
276	109	276	109
131	152	131	152
225	152	225	152
223	363	222	363
262	72	263	72
210	281	210	280
191	265	191	266
264	311	264	311
126	200	126	199
127	218	126	218
225	265	225	266
207	338	207	337
62	62	62	62
138	221	138	221
157	175	157	176
158	152	158	152
245	60	245	60
190	265	190	266
229	338	229	337
267	125	267	125
253	76	253	76
224	265	224	266
170	221	170	221
190	152	190	152
262	176	262	176
253	61	253	61
54	54	54	54
256	121	256	121
237	163	237	164
242	251	242	251
243	251	243	251
244	235	244	235
191	310	191	310
34	34	34	34
126	243	125	243
127	195	126	195
201	152	201	152
199	235	199	235
167	265	167	266
261	265	261	265
136	163	136	164
100	295	100	295
228	265	228	266
69	326	69	326
141	121	141	122
142	121	142	122
198	106	198	107
144	163	144	164
202	121	202	122
184	175	184	176
167	83	167	82
243	281	243	280
134	152	134	152
265	223	264	223
194	175	194	176
233	152	233	152
221	60	221	60
98	297	98	297
207	121	207	122
177	190	177	190
236	18	236	17
128	139	128	139
200	190	200	190
181	265	181	266
149	235	149	235
150	235	150	235
245	295	245	295
264	293	263	293
266	9	265	8
174	221	174	221
231	265	231	266
232	367	232	367
237	45	237	45
257	151	257	151
259	106	259	106
188	92	188	91
132	175	132	176
227	235	227	235
228	251	228	251
253	280	252	280
163	221	163	221
90	305	90	305
242	11	240	11
206	221	206	221
229	324	229	323
230	338	230	337
267	107	266	108
126	259	125	259
181	92	181	91
219	281	219	280
206	76	206	76
195	221	195	221
179	106	179	107
197	60	197	60
235	377	234	377
240	76	240	76
222	76	222	76
225	163	225	164
153	190	153	190
82	313	82	313
247	92	247	91
176	190	176	190
195	106	195	107
157	265	157	266
268	268	268	268
197	205	197	206
252	310	252	309
258	323	258	324
242	380	242	381
133	251	133	251
134	251	134	251
247	205	247	206
162	295	162	295
258	137	258	137
169	175	169	176
128	234	127	234
257	394	256	394
154	121	154	122
267	298	267	297
213	175	213	176
195	281	195	280
159	295	159	295
227	136	227	137
249	251	249	251
251	30	251	30
159	121	159	122
269	94	268	94
127	254	127	253
220	121	220	122
38	357	38	357
260	106	259	106
207	310	207	310
8	387	8	387
101	101	101	101
266	394	266	394
140	205	140	206
144	136	144	137
162	235	162	235
206	47	206	47
189	205	189	206
260	249	260	249
264	252	264	252
176	78	176	77
215	295	215	295
126	269	126	269
145	175	145	176
240	235	240	235
115	115	115	115
225	76	225	76
223	295	223	295
171	136	171	137
260	307	259	307
209	349	208	349
245	385	243	385
176	221	176	221
250	60	249	60
234	367	234	367
180	106	180	107
238	367	238	367
241	76	241	76
153	136	153	137
227	324	227	323
232	324	232	323
250	175	250	176
252	324	252	323
127	231	126	231
203	136	203	137
187	121	187	122
208	221	208	221
243	324	243	323
227	30	227	29
248	121	248	122
233	235	233	235
126	126	126	126
199	92	199	91
180	136	180	137
223	106	223	107
210	205	210	206
212	281	212	280
230	136	230	137
146	251	146	251
147	251	147	251
148	235	148	235
267	239	266	239
198	175	198	176
217	310	217	310
226	60	226	60
118	118	118	118
176	163	176	164
87	87	87	87
71	324	71	324
147	290	147	290
225	295	225	295
226	175	226	176
190	324	190	323
250	281	250	280
215	324	215	323
162	304	162	305
75	75	75	75
172	121	172	122
212	221	212	221
216	163	216	164
273	108	273	108
164	88	164	88
219	190	219	190
242	190	242	190
170	163	170	164
188	281	188	280
265	77	266	77
194	61	194	60
267	337	267	336
69	69	69	69
126	142	126	142
272	233	272	233
237	121	237	122
129	272	128	273
131	235	131	235
132	251	132	251
244	221	244	221
64	331	64	331
263	368	263	367
233	324	233	323
253	324	253	323
219	92	219	91
202	60	202	60
258	295	258	295
242	352	242	352
243	338	243	337
244	76	244	76
210	44	210	44
263	58	263	58
102	102	102	102
267	63	266	63
235	60	235	60
147	152	147	152
259	265	259	265
259	220	259	220
226	281	226	280
139	121	139	122
266	310	266	310
194	334	194	334
235	205	235	206
200	121	200	122
240	16	240	15
153	293	153	293
174	152	174	152
195	190	195	190
215	163	215	164
180	71	178	71
218	190	218	190
164	281	164	280
94	94	94	94
223	163	223	164
175	251	175	251
160	251	160	251
234	30	234	29
179	265	179	266
127	146	126	146
201	175	201	176
257	205	257	205
186	221	186	221
260	78	260	78
206	152	206	152
136	116	134	116
229	281	229	280
213	106	213	107
160	106	160	107
141	136	141	137
269	264	269	264
186	76	186	76
187	310	187	310
152	265	152	266
176	106	176	107
212	310	212	310
217	152	217	152
129	164	129	163
238	205	238	206
202	281	202	280
153	251	153	251
261	122	261	122
173	136	173	137
211	45	211	45
174	163	174	164
177	205	177	206
269	234	269	234
15	15	15	15
126	184	126	183
217	265	217	266
130	221	130	221
257	280	257	280
150	152	150	152
227	352	227	352
249	152	249	152
229	76	229	76
233	310	233	310
252	163	252	164
168	82	168	81
224	31	224	30
245	76	245	76
135	221	135	221
155	265	155	266
229	221	229	221
176	295	176	295
216	265	216	266
159	235	159	235
144	235	144	235
254	175	254	176
182	152	182	152
205	281	205	280
171	92	171	91
266	239	266	239
67	328	67	328
271	9	271	8
129	189	128	189
154	175	154	176
248	190	248	190
193	152	193	152
178	281	178	280
159	265	159	266
181	321	181	321
149	291	149	291
152	121	152	122
43	352	43	352
279	78	279	79
248	45	248	45
247	15	247	15
137	190	137	190
195	61	195	60
193	265	193	266
253	367	253	367
240	295	240	295
211	221	211	221
217	121	217	122
147	175	147	176
187	324	187	323
188	251	188	251
212	324	212	323
230	175	230	176
128	219	127	219
223	265	223	266
266	121	266	121
269	28	269	28
180	92	180	91
130	175	129	175
204	106	204	107
224	190	224	190
225	235	225	235
155	221	155	221
135	265	135	266
228	352	228	352
269	109	269	109
144	287	144	288
181	251	181	251
182	251	182	251
252	382	252	382
257	208	256	206
224	45	224	45
260	59	260	59
225	324	225	323
7	388	7	388
246	324	246	323
211	281	211	280
250	324	250	323
251	190	251	190
215	353	215	352
182	106	182	107
146	190	146	190
239	367	239	367
210	163	210	164
232	76	232	76
255	367	255	367
128	263	127	263
240	60	240	60
242	221	242	221
172	235	172	235
229	22	229	21
199	265	199	266
276	57	276	57
209	106	209	107
248	390	248	391
174	295	174	295
220	33	220	32
183	175	183	176
97	298	97	298
209	251	209	251
191	63	191	62
211	235	211	235
46	349	46	349
52	343	52	343
165	235	165	235
265	10	264	10
177	152	177	152
267	282	266	282
268	49	267	49
213	324	213	323
273	58	273	58
255	163	256	163
128	169	127	169
237	190	237	190
224	221	224	221
169	121	169	122
243	30	243	29
149	205	149	206
261	94	261	94
190	76	190	76
246	121	246	122
266	107	265	107
160	175	160	176
216	60	216	60
215	92	215	91
89	306	89	306
200	235	200	235
253	393	252	393
238	295	238	295
224	76	224	76
204	152	204	152
132	205	132	206
244	7	244	7
136	136	136	137
242	295	242	295
246	295	246	295
44	351	44	351
217	35	217	34
235	121	235	122
181	205	181	206
241	338	241	337
117	117	117	117
263	12	263	12
211	295	211	295
233	163	233	164
268	89	268	89
231	205	231	206
217	76	217	76
272	28	272	28
163	136	163	137
236	152	236	152
219	295	219	295
254	310	254	309
168	221	168	221
81	314	81	314
194	251	194	251
175	79	175	78
233	76	233	76
195	251	195	251
271	109	271	108
128	160	127	160
148	163	148	164
156	163	156	164
194	106	194	107
195	136	195	137
157	299	157	299
257	381	257	382
210	106	210	107
231	373	230	374
158	175	158	176
162	265	162	266
53	342	53	342
222	136	222	137
265	382	265	382
196	56	194	56
205	310	205	310
152	190	152	190
267	264	267	263
73	73	73	73
128	167	128	167
238	251	238	251
239	235	239	235
224	235	224	235
137	114	137	113
45	350	45	350
178	235	178	235
179	190	179	190
126	198	126	197
200	281	200	280
14	381	14	381
77	77	77	77
258	380	257	379
211	324	211	323
139	163	139	164
231	370	229	370
216	324	216	323
217	45	217	45
198	121	198	122
254	106	253	106
162	205	162	206
257	60	256	60
167	92	167	91
225	352	225	352
261	151	261	151
134	175	134	176
189	175	189	176
247	338	247	337
180	281	180	280
241	221	241	221
4	4	4	4
260	337	260	338
207	106	207	107
228	45	228	45
119	276	119	276
194	205	194	206
250	30	250	29
213	351	212	351
129	235	129	235
206	310	206	310
261	73	261	73
222	235	222	235
223	251	223	251
208	251	208	251
210	92	210	91
155	190	155	190
176	281	176	280
127	170	127	170
218	281	218	280
236	338	236	337
275	12	275	12
239	136	239	137
150	102	148	102
171	175	171	176
156	281	156	280
19	19	19	19
58	58	58	58
226	30	226	29
151	221	151	221
156	136	156	137
250	136	250	137
126	240	126	239
254	5	254	6
127	194	127	193
240	281	240	280
221	281	221	280
93	302	93	302
187	92	187	91
133	136	133	137
264	121	264	122
137	205	137	206
211	338	211	337
212	76	212	76
250	251	250	251
251	251	251	251
252	235	251	235
216	338	216	337
231	352	231	352
164	175	164	176
274	78	274	78
257	14	257	14
183	136	183	137
256	152	256	151
187	205	187	206
260	13	260	13
165	295	165	295
262	281	262	281
228	76	228	76
265	222	264	222
173	295	173	295
194	281	194	280
50	50	50	50
268	125	267	125
159	163	159	164
226	352	226	352
254	338	254	338
165	136	165	137
149	121	149	122
150	121	150	122
169	205	169	206
116	279	116	279
246	45	246	45
215	136	215	137
142	152	142	152
219	205	219	206
75	320	75	320
202	344	201	345
226	25	226	25
245	235	245	235
262	59	262	59
246	92	246	91
229	60	229	60
251	3	251	2
268	278	268	278
215	121	215	122
147	265	147	266
185	190	185	190
221	221	221	221
42	42	42	42
226	136	226	137
265	265	265	264
230	21	230	20
197	281	197	280
108	287	108	287
270	58	270	59
240	367	240	367
277	76	277	75
259	250	259	250
140	175	140	176
175	310	175	310
234	235	234	235
235	235	235	235
236	251	236	251
126	256	126	255
183	310	183	310
258	62	257	62
188	163	188	164
170	281	170	280
265	80	265	78
196	163	196	164
268	203	268	202
106	289	106	289
271	78	271	78
185	265	185	266
191	295	191	295
233	367	233	367
161	205	161	206
125	244	125	244
126	226	126	225
235	265	235	266
179	295	179	295
130	151	129	151
257	338	257	338
205	60	205	60
187	106	187	107
261	378	260	377
266	384	266	383
213	76	213	76
161	190	161	190
270	61	270	59
182	163	182	164
184	190	184	190
203	106	203	107
164	221	164	221
239	310	239	310
173	281	173	280
247	310	247	310
194	190	194	190
141	251	141	251
142	251	142	251
143	235	143	235
166	205	166	206
260	309	260	310
261	28	261	28
264	325	264	325
265	89	265	89
249	265	249	266
177	175	177	176
255	295	255	295
221	190	221	190
158	106	158	107
161	265	161	266
162	121	162	122
198	205	198	206
237	30	237	29
126	229	125	229
78	317	78	317
227	24	226	24
228	295	228	295
216	295	216	295
198	92	198	91
254	137	254	136
236	295	236	295
167	121	167	122
228	121	228	122
263	95	263	95
211	163	211	164
250	391	250	392
234	221	234	221
272	109	272	109
219	163	219	164
165	163	165	164
170	190	170	190
260	137	260	137
245	384	245	382
173	163	173	164
232	310	232	310
68	68	68	68
280	76	280	75
137	152	137	152
247	45	247	45
252	152	252	152
197	190	197	190
184	221	184	221
242	367	242	367
188	106	188	107
246	367	246	367
214	324	214	323
252	15	252	14
126	127	126	127
185	66	185	65
257	106	257	106
169	152	169	152
239	324	239	323
207	175	207	176
230	324	230	323
231	21	231	20
216	221	216	221
200	76	200	76
128	249	127	249
241	235	241	235
261	14	261	13
207	92	207	91
248	163	248	164
191	205	191	206
134	276	134	276
210	349	210	350
231	106	231	107
216	76	216	76
196	152	196	152
235	367	235	367
143	110	143	110
199	310	199	310
202	163	202	164
154	251	154	251
155	251	155	251
156	235	156	235
122	122	122	122
234	45	234	45
52	52	52	52
270	103	269	103
127	239	126	239
223	205	223	206
228	152	228	152
193	106	193	107
214	351	214	352
262	252	262	252
232	106	232	107
145	152	145	152
164	89	164	89
165	85	164	85
255	152	255	151
114	114	114	114
244	175	244	176
180	121	180	122
259	33	258	33
227	190	227	190
172	152	172	152
154	265	154	266
250	190	250	190
158	95	158	94
218	295	218	295
200	337	200	337
184	235	184	235
258	251	258	251
204	265	204	266
245	121	245	122
210	45	210	45
190	332	190	332
138	235	138	235
139	235	139	235
140	251	140	251
106	106	106	106
252	29	252	30
201	310	201	310
165	205	165	206
185	76	185	76
8	8	8	8
209	310	209	310
229	352	229	352
215	205	215	206
234	310	234	310
271	58	272	58
201	76	201	76
129	162	128	162
146	289	146	289
149	175	149	176
243	60	243	60
226	92	226	91
192	281	192	280
266	77	266	77
12	12	12	12
251	76	251	75
126	182	126	182
127	268	127	268
201	221	201	221
220	175	220	176
147	121	147	122
242	265	242	266
153	98	153	97
261	310	260	310
154	205	154	206
252	338	252	337
203	190	203	190
130	265	130	266
222	163	222	164
204	205	204	206
226	190	226	190
136	117	134	117
233	221	233	221
272	58	272	58
236	190	236	190
183	251	183	251
168	251	168	251
187	329	186	330
262	238	262	238
141	280	141	280
90	90	90	90
236	205	236	206
128	206	128	205
221	106	221	107
39	39	39	39
262	121	262	121
251	392	250	392
235	338	235	337
236	92	236	91
219	60	219	60
237	106	237	107
128	125	128	125
168	281	168	280
149	281	149	280
27	27	27	27
139	136	139	137
196	335	196	335
161	251	161	251
201	343	200	344
183	67	183	66
258	205	258	205
82	82	82	82
31	31	31	31
251	163	251	164
235	45	235	45
215	338	215	337
143	283	141	283
36	359	36	359
238	106	238	107
148	281	148	280
21	21	21	21
166	136	166	137
205	163	205	164
230	352	230	352
212	235	212	235
266	313	265	314
177	319	177	319
197	121	197	122
143	221	143	221
128	266	128	265
275	77	275	77
148	136	148	137
167	235	167	235
188	295	188	295
171	281	171	280
264	367	264	367
232	281	232	280
195	175	195	176
178	205	178	206
213	281	213	280
179	92	179	91
198	136	198	137
272	223	272	223
196	295	196	295
57	338	57	338
245	163	245	164
175	136	175	137
178	92	178	91
179	205	179	206
162	175	162	176
127	131	126	131
144	281	144	280
161	295	161	295
252	352	252	352
204	310	204	310
186	281	186	280
169	295	169	295
206	235	206	235
209	136	209	137
230	221	230	221
160	121	160	122
145	235	145	235
236	377	236	378
187	327	185	327
152	163	152	164
207	136	207	137
209	281	209	280
265	31	265	31
49	346	49	346
253	5	253	6
128	220	127	220
255	353	255	352
241	136	241	137
276	76	276	76
242	163	242	164
225	121	225	122
262	107	262	107
268	326	267	326
196	251	196	251
270	219	269	219
218	136	218	137
237	92	237	91
208	281	208	280
189	281	189	280
232	175	232	176
233	295	233	295
116	116	116	116
215	352	215	352
260	382	259	383
189	251	189	251
190	251	190	251
268	59	268	59
131	190	131	190
23	372	23	372
151	163	151	164
153	205	153	206
154	190	154	190
248	205	248	206
227	265	227	266
245	383	245	382
250	106	250	107
33	362	33	362
214	92	214	91
126	210	126	210
257	191	257	190
239	76	239	76
203	205	203	206
210	121	210	122
248	60	248	60
137	175	137	176
156	221	156	221
250	221	250	221
253	352	252	352
255	76	255	76
165	281	165	280
208	175	208	176
243	310	243	310
266	323	265	323
158	205	158	206
236	367	236	367
255	221	255	220
25	370	25	370
261	204	261	205
100	100	100	100
192	205	192	206
251	295	251	295
72	72	72	72
218	235	218	235
219	235	219	235
217	251	217	251
129	135	128	135
153	265	153	266
173	235	173	235
229	30	229	29
269	13	269	13
126	213	125	213
185	152	185	152
76	76	76	76
257	176	257	176
130	190	130	190
203	265	203	266
186	323	186	323
245	190	245	190
264	94	264	94
177	121	177	122
17	378	17	378
258	209	256	206
224	60	224	60
261	164	261	164
264	45	263	45
212	152	212	152
105	290	105	290
259	338	259	338
243	121	243	122
262	205	262	205
264	188	263	188
212	338	212	337
267	217	267	216
164	106	164	107
150	205	150	206
244	152	244	152
157	298	157	298
103	103	103	103
125	214	125	214
201	235	201	235
256	5	256	5
202	251	202	251
203	251	203	251
244	15	244	15
155	163	155	164
174	310	174	310
231	372	229	372
161	152	161	152
270	95	270	94
91	91	91	91
182	205	182	206
240	324	240	323
166	92	166	91
204	346	204	347
173	315	172	316
249	45	249	45
265	381	265	382
196	57	194	57
141	221	141	221
251	324	251	323
200	60	200	60
166	175	166	176
95	95	95	95
188	152	188	152
265	59	264	59
266	139	266	139
267	267	266	268
195	310	195	310
268	32	267	32
254	393	254	393
237	175	237	176
183	322	183	322
169	106	169	107
261	79	261	79
173	221	173	221
160	190	160	190
126	199	126	199
220	152	220	152
238	310	238	310
258	381	257	382
187	65	187	64
209	92	209	91
246	310	246	310
246	251	246	251
247	235	247	235
184	163	184	164
240	379	240	380
258	163	258	163
187	190	187	190
192	163	192	164
138	278	138	278
247	152	247	152
138	163	138	164
254	250	254	251
146	163	146	164
225	45	225	45
206	121	206	122
260	175	260	175
175	92	175	91
236	30	236	29
74	321	74	321
184	76	184	76
262	78	262	78
249	221	249	221
195	121	195	122
175	205	175	206
196	265	196	266
215	106	215	107
189	310	189	310
136	190	136	190
246	265	246	266
207	348	206	348
179	320	179	320
180	175	180	176
241	324	241	323
207	205	207	206
227	76	227	76
262	295	262	294
263	122	263	122
229	235	229	235
230	235	230	235
231	251	231	251
216	251	216	251
251	338	251	337
250	352	250	352
71	71	71	71
218	92	218	91
163	190	163	190
184	281	184	280
221	33	221	32
258	45	258	45
205	295	205	295
243	76	243	76
150	103	148	103
154	106	154	107
173	190	173	190
191	163	191	164
266	189	266	188
193	221	193	221
216	106	216	107
196	190	196	190
234	265	234	266
132	275	132	275
170	106	170	107
223	338	223	337
263	280	263	281
193	334	193	334
196	205	196	206
178	295	178	295
126	241	125	241
271	232	271	232
182	295	182	295
172	265	172	266
161	163	161	164
242	14	242	15
169	163	169	164
25	25	25	25
187	281	187	280
190	310	190	310
248	281	248	280
265	221	265	220
266	366	265	366
252	91	252	91
217	175	217	176
272	121	272	121
198	310	198	310
155	97	155	96
248	136	248	137
29	29	29	29
249	382	249	382
160	281	160	280
131	136	131	137
136	221	136	221
172	190	172	190
210	265	210	266
158	121	158	122
269	42	269	42
17	17	17	17
127	202	126	202
225	281	225	280
138	205	138	206
231	152	231	152
158	136	158	137
253	235	253	235
180	320	180	320
240	352	240	352
257	6	256	5
242	9	242	8
223	121	223	122
278	75	278	75
208	121	208	122
188	205	188	206
192	136	192	137
193	62	193	61
266	220	266	220
42	353	42	353
214	163	214	164
251	352	251	352
126	257	125	257
163	281	163	280
184	295	184	295
224	281	224	280
242	152	242	152
170	205	170	206
190	136	190	137
192	295	192	295
193	175	193	176
264	351	264	350
126	144	126	143
220	205	220	206
203	338	203	337
204	92	204	91
224	136	224	137
170	92	170	91
242	235	242	235
244	251	244	251
208	338	208	337
266	62	265	62
126	227	125	227
200	310	200	310
201	136	201	137
217	338	217	337
221	362	220	362
222	221	222	221
244	106	244	107
251	136	251	137
201	281	201	280
257	31	257	30
186	175	186	176
241	367	241	367
134	136	134	137
264	247	264	247
248	295	248	295
213	60	213	60
268	108	268	109
233	136	233	137
128	236	128	235
255	236	255	236
237	251	237	251
255	337	256	337
246	60	246	60
270	235	270	235
181	281	181	280
202	190	202	190
149	251	149	251
150	251	150	251
151	235	151	235
248	5	248	5
229	45	229	45
246	175	246	176
127	248	126	248
228	235	228	235
249	106	249	107
229	190	229	190
163	205	163	206
241	352	241	352
166	106	166	107
260	251	260	251
245	30	245	29
246	388	245	389
177	281	177	280
251	382	251	382
14	14	14	14
254	324	254	323
271	46	271	46
219	361	218	361
239	175	239	176
168	175	168	176
206	92	206	91
263	239	263	239
175	121	175	122
195	205	195	206
159	302	158	302
126	130	125	130
236	121	236	122
218	163	218	164
222	60	222	60
205	92	205	91
262	45	262	45
157	281	157	280
231	310	231	310
178	190	178	190
179	235	179	235
70	325	70	325
127	225	126	225
218	338	218	337
133	235	133	235
134	235	134	235
135	251	135	251
247	221	247	221
269	283	270	283
241	281	241	280
205	190	205	190
261	252	261	252
128	250	127	250
151	136	151	137
266	88	266	88
139	279	139	279
195	265	195	266
215	175	215	176
123	123	123	123
198	60	198	60
163	106	163	107
162	136	162	137
201	163	201	164
127	238	127	237
209	163	209	164
264	29	264	29
262	354	262	354
265	292	264	291
247	367	247	367
250	295	250	295
160	94	160	93
216	310	216	310
263	394	263	394
162	251	162	251
163	251	163	251
242	45	242	45
189	221	189	221
194	136	194	137
89	89	89	89
142	205	142	206
164	90	164	90
225	92	225	91
171	309	170	309
176	205	176	206
250	76	250	76
270	252	270	251
272	235	272	235
127	262	126	262
93	93	93	93
240	106	240	107
221	136	221	137
225	205	225	206
153	152	153	152
119	119	119	119
157	235	157	235
252	175	252	176
197	175	197	176
183	76	183	76
188	121	188	122
81	81	81	81
208	205	208	206
210	42	210	42
133	221	133	221
246	382	246	382
32	32	32	32
107	107	107	107
253	136	254	136
180	152	180	152
199	76	199	76
254	163	254	164
258	107	258	106
208	92	208	91
79	316	79	316
228	23	227	22
192	235	192	235
253	121	253	121
146	235	146	235
129	161	128	161
148	251	148	251
190	175	190	176
199	295	199	295
55	340	55	340
96	299	96	299
65	330	65	330
174	265	174	266
251	60	252	60
159	95	159	94
254	91	254	91
274	13	274	13
185	235	185	235
169	308	168	308
136	118	134	118
263	45	263	45
234	175	234	176
143	285	141	285
147	163	147	164
239	338	239	337
224	324	224	323
187	328	185	328
228	30	228	29
191	106	191	107
211	190	211	190
139	112	139	112
230	366	230	367
88	307	88	307
254	352	254	352
128	207	128	207
255	137	255	137
146	281	146	280
244	190	244	190
189	64	189	63
191	251	191	251
176	251	176	251
180	72	178	72
202	221	202	221
238	265	238	266
185	310	185	310
259	46	259	46
132	235	132	235
244	45	244	45
153	106	153	107
227	175	227	176
133	190	133	190
135	277	135	277
193	310	193	310
177	92	177	91
263	352	263	351
269	121	268	121
270	121	270	121
218	310	218	310
201	342	199	342
150	265	150	266
244	92	244	91
227	60	227	60
80	315	80	315
249	15	249	15
156	96	156	95
265	351	265	351
143	175	143	176
254	280	254	280
143	282	143	280
201	295	201	295
169	251	169	251
259	204	259	204
209	295	209	295
210	175	210	176
140	121	140	122
267	188	267	187
146	221	146	221
128	267	128	267
78	78	78	78
246	106	246	107
249	310	249	310
266	124	266	124
267	326	267	326
164	265	164	266
220	190	220	190
205	121	205	122
261	295	261	295
214	265	214	266
179	281	179	280
164	152	164	152
220	45	220	45
203	175	203	176
223	32	223	31
229	265	229	266
247	190	247	190
265	367	265	366
203	60	203	60
186	92	186	91
187	326	185	326
224	338	224	337
260	205	260	205
152	281	152	280
239	352	239	352
259	382	259	383
211	76	211	76
191	152	191	152
263	176	263	176
213	235	213	235
214	235	214	235
141	265	141	266
236	60	236	60
181	295	181	295
255	191	255	191
238	221	238	221
202	265	202	266
261	106	261	106
252	265	253	265
217	281	217	280
223	152	223	152
227	221	227	221
247	6	247	6
177	78	177	77
140	265	140	266
180	205	180	206
254	76	254	76
199	163	199	164
184	136	184	137
221	338	221	337
3	3	3	3
204	251	204	251
258	265	258	265
245	92	245	91
135	205	135	206
155	281	155	280
229	205	229	206
157	96	157	95
140	152	140	152
216	281	216	280
234	152	234	152
51	344	51	344
254	266	254	265
181	106	181	107
215	355	213	355
240	175	240	176
205	265	205	266
243	106	243	107
261	194	261	194
140	111	140	111
196	92	196	91
197	106	197	107
253	29	253	30
216	136	216	137
167	152	167	152
188	310	188	310
171	221	171	221
245	382	245	382
156	175	156	176
268	139	267	139
197	251	197	251
126	211	126	211
198	251	198	251
178	265	178	266
182	321	182	321
243	136	243	137
150	163	150	164
264	88	264	88
193	281	193	280
139	190	139	190
158	163	158	164
161	304	160	304
162	190	162	190
199	152	199	152
228	163	228	164
157	121	157	122
235	19	235	18
218	121	218	122
236	163	236	164
224	352	224	352
210	152	210	152
265	8	265	8
271	102	272	103
128	171	128	171
92	303	92	303
262	90	261	89
263	311	263	311
266	105	266	104
267	365	267	364
256	15	256	15
2	393	2	393
225	251	225	251
226	235	226	235
206	338	206	337
263	324	263	324
125	258	125	258
253	205	253	205
127	185	126	185
256	190	257	190
187	163	187	164
169	281	169	280
138	190	138	190
232	45	232	45
141	163	141	164
253	190	252	190
145	221	145	221
145	288	144	288
237	367	237	367
240	221	240	221
185	121	185	122
244	295	244	295
231	92	231	91
197	92	197	91
131	175	131	176
242	205	242	206
261	394	261	394
227	310	227	310
157	297	157	297
232	374	231	375
251	121	251	122
235	310	235	310
181	163	181	164
127	209	127	209
257	136	257	136
192	62	192	61
175	175	175	176
233	281	233	280
209	235	209	235
210	251	210	251
121	121	121	121
211	251	211	251
232	20	232	19
267	64	267	64
196	58	194	58
173	314	171	314
143	136	143	137
181	69	181	68
145	281	145	280
147	205	147	206
150	106	150	107
174	92	174	91
177	136	177	137
125	125	125	125
238	324	238	323
149	221	149	221
170	121	170	122
154	136	154	137
126	196	126	195
113	113	113	113
224	92	224	91
204	136	204	137
177	106	177	107
253	266	253	265
181	221	181	221
255	122	255	122
166	84	165	83
186	136	186	137
259	137	259	136
204	338	204	337
226	364	226	365
264	220	264	220
212	175	212	176
267	121	267	121
158	295	158	295
217	92	217	91
236	136	236	137
238	17	238	16
168	205	168	206
262	188	262	188
105	105	105	105
233	60	233	60
213	136	213	137
195	235	195	235
217	205	217	206
204	48	204	48
169	82	169	81
134	122	134	122
245	338	245	337
137	121	137	122
214	121	214	122
109	109	109	109
130	136	130	137
244	30	244	29
245	136	245	137
63	332	63	332
214	295	214	295
144	175	144	176
162	281	162	280
203	121	203	122
222	295	222	295
22	373	22	373
275	14	275	14
150	100	149	99
260	151	259	151
188	175	188	176
263	138	263	138
230	310	230	310
195	295	195	295
271	122	271	121
255	266	255	266
239	251	239	251
224	251	224	251
226	28	226	28
209	60	209	60
266	13	266	12
160	205	160	206
162	106	162	107
181	190	181	190
126	246	125	246
256	235	256	235
200	265	200	266
224	106	224	107
132	163	132	164
188	64	188	63
204	190	204	190
178	106	178	107
162	221	162	221
72	323	72	323
241	380	240	380
242	15	242	15
176	92	176	91
110	110	110	110
256	265	256	265
241	205	241	206
167	221	167	221
265	45	265	45
194	221	194	221
51	51	51	51
269	216	268	215
129	251	129	251
130	235	130	235
169	92	169	91
225	175	225	176
208	348	208	349
227	338	227	337
194	76	194	76
232	338	232	337
142	265	142	266
199	221	199	221
223	235	223	235
208	235	208	235
261	383	261	383
210	76	210	76
246	205	246	206
157	190	157	190
176	265	176	266
141	111	141	111
235	92	235	91
180	190	180	190
166	121	166	122
253	91	253	91
163	175	163	176
254	236	254	235
239	152	239	152
155	121	155	122
173	175	173	176
263	248	263	247
175	106	175	107
231	121	231	122
216	121	216	122
213	163	213	164
267	310	267	309
31	364	31	364
128	133	127	133
129	265	128	265
238	352	238	352
221	163	221	164
257	295	257	295
234	376	234	377
206	265	206	266
209	46	209	46
156	152	156	152
174	235	174	235
250	152	250	152
263	265	263	265
125	242	125	242
182	310	182	310
240	265	240	266
23	23	23	23
212	92	212	91
252	251	252	250
255	30	255	30
240	152	240	152
183	152	183	152
187	221	187	221
261	137	260	137
133	265	133	266
262	265	262	265
11	11	11	11
252	106	252	106
272	104	272	103
128	237	127	237
238	45	238	45
183	265	183	266
59	336	59	336
244	265	244	266
262	152	262	152
265	95	265	95
268	252	268	251
215	152	215	152
269	202	269	202
200	175	200	176
128	156	128	155
219	221	219	221
40	355	40	355
132	265	132	266
5	5	5	5
245	251	245	251
245	310	245	310
228	338	228	337
250	163	250	164
254	60	254	60
182	265	182	266
147	281	147	280
132	152	132	152
226	152	226	152
261	353	261	352
267	13	266	12
158	251	158	251
197	265	197	266
253	295	253	295
146	108	146	108
38	38	38	38
263	89	263	89
265	247	265	246
247	265	247	266
231	30	231	29
159	152	159	152
236	235	236	235
184	310	184	310
258	14	258	13
170	265	170	266
209	338	209	337
192	310	192	310
266	94	266	94
214	45	214	45
160	303	159	303
128	147	127	147
220	265	220	266
185	281	185	280
263	383	263	383
176	175	176	176
30	30	30	30
161	221	161	221
127	224	127	223
183	121	183	122
168	121	168	122
244	121	244	122
230	60	230	60
213	92	213	91
176	318	176	318
270	13	270	13
164	205	164	206
238	76	238	76
186	190	186	190
187	235	187	235
173	265	173	266
248	310	248	310
233	121	233	122
213	205	213	206
141	235	141	235
86	309	86	309
143	251	143	251
164	92	164	91
262	138	261	138
246	15	246	15
249	281	249	280
213	190	213	190
214	36	214	35
269	252	269	252
200	221	200	221
2	2	2	2
257	266	257	266
223	190	223	190
245	205	245	206
172	163	172	164
246	190	246	190
269	77	269	76
161	281	161	280
256	206	256	206
167	295	167	295
260	91	260	90
27	368	27	368
264	30	264	30
229	175	229	176
232	221	232	221
198	76	198	76
127	126	127	126
223	92	223	91
206	60	206	60
171	106	171	107
263	79	263	79
266	266	265	267
268	26	268	26
234	205	234	206
215	310	215	310
164	91	164	91
171	251	171	251
246	6	246	6
263	220	263	220
210	338	210	337
160	136	160	137
239	45	239	45
137	136	137	137
231	295	231	295
107	288	107	288
198	52	198	51
199	190	199	190
56	56	56	56
222	190	222	190
187	136	187	137
210	43	210	43
267	48	266	48
269	268	268	268
257	122	257	122
169	136	169	137
60	60	60	60
205	175	205	176
259	193	259	193
190	221	190	221
261	237	260	237
248	324	248	323
229	366	228	366
196	121	196	122
254	382	254	382
219	136	219	137
1	394	1	394
165	92	165	91
264	355	263	355
48	48	48	48
265	123	265	123
195	163	195	164
247	389	246	390
216	92	216	91
196	136	196	137
127	270	127	270
256	45	256	45
148	107	148	107
95	300	95	300
243	175	243	176
226	205	226	206
208	310	208	310
190	63	190	62
246	136	246	137
156	251	156	251
215	45	215	45
271	218	271	217
256	220	256	220
260	73	260	73
225	310	225	310
136	119	134	119
228	136	228	137
134	221	134	221
249	5	249	5
156	106	156	107
250	310	250	310
261	325	261	325
143	284	141	284
40	40	40	40
242	92	242	91
172	106	172	107
193	235	193	235
194	324	194	323
145	136	145	137
128	192	128	191
242	175	242	176
44	44	44	44
154	163	154	164
210	324	210	323
216	35	216	34
180	73	178	73
224	163	224	164
154	281	154	280
172	136	172	137
263	355	263	355
232	163	232	164
104	291	104	291
178	163	178	164
252	190	252	190
127	132	126	132
201	341	199	341
184	251	184	251
132	123	132	123
259	190	259	189
267	46	267	46
140	235	140	235
252	45	252	45
161	106	161	107
141	190	141	190
185	92	185	91
94	301	94	301
171	81	171	80
248	338	248	337
249	324	249	323
215	221	215	221
200	106	200	107
166	281	166	280
152	205	152	206
151	175	151	176
260	281	260	281
177	251	177	251
251	92	251	91
213	295	213	295
201	205	201	206
221	295	221	295
148	121	148	122
154	221	154	221
137	163	137	164
231	338	231	337
251	205	251	206
127	141	127	141
257	220	257	220
168	92	168	91
186	295	186	295
228	190	228	190
