1	394	1	394
2	2	2	2
2	393	2	393
3	3	3	3
3	392	3	392
4	4	4	4
4	391	4	391
5	5	5	5
5	390	5	390
6	6	6	6
6	389	6	389
7	7	7	7
7	388	7	388
8	8	8	8
8	387	8	387
9	9	9	9
9	386	9	386
10	10	10	10
10	385	10	385
11	11	11	11
11	384	11	384
12	12	12	12
12	383	12	383
13	13	13	13
13	382	13	382
14	14	14	14
14	381	14	381
15	15	15	15
15	380	15	380
16	16	16	16
16	379	16	379
17	17	17	17
17	378	17	378
18	18	18	18
18	377	18	377
19	19	19	19
19	376	19	376
20	20	20	20
20	375	20	375
21	21	21	21
21	374	21	374
22	22	22	22
22	373	22	373
23	23	23	23
23	372	23	372
24	24	24	24
24	371	24	371
25	25	25	25
25	370	25	370
26	26	26	26
26	369	26	369
27	27	27	27
27	368	27	368
28	28	28	28
28	367	28	367
29	29	29	29
29	366	29	366
30	30	30	30
30	365	30	365
31	31	31	31
31	364	31	364
32	32	32	32
32	363	32	363
33	33	33	33
33	362	33	362
34	34	34	34
34	361	34	361
35	35	35	35
35	360	35	360
36	36	36	36
36	359	36	359
37	37	37	37
37	358	37	358
38	38	38	38
38	357	38	357
39	39	39	39
39	356	39	356
40	40	40	40
40	355	40	355
41	41	41	41
41	354	41	354
42	42	42	42
42	353	42	353
43	43	43	43
43	352	43	352
44	44	44	44
44	351	44	351
45	45	45	45
45	350	45	350
46	46	46	46
46	349	46	349
47	47	47	47
47	348	47	348
48	48	48	48
48	347	48	347
49	49	49	49
49	346	49	346
50	50	50	50
50	345	50	345
51	51	51	51
51	344	51	344
52	52	52	52
52	343	52	343
53	53	53	53
53	342	53	342
54	54	54	54
54	341	54	341
55	55	55	55
55	340	55	340
56	56	56	56
56	339	56	339
57	57	57	57
57	338	57	338
58	58	58	58
58	337	58	337
59	59	59	59
59	336	59	336
60	60	60	60
60	335	60	335
61	61	61	61
61	334	61	334
62	62	62	62
62	333	62	333
63	63	63	63
63	332	63	332
64	64	64	64
64	331	64	331
65	65	65	65
65	330	65	330
66	66	66	66
66	329	66	329
67	67	67	67
67	328	67	328
68	68	68	68
68	327	68	327
69	69	69	69
69	326	69	326
70	70	70	70
70	325	70	325
71	71	71	71
73	271	71	271
72	272	71	272
71	324	71	324
72	72	72	72
73	123	72	123
74	125	72	125
73	213	72	213
74	215	72	215
73	270	72	269
73	273	72	273
73	274	72	274
74	301	72	301
73	302	72	302
74	317	72	317
73	318	72	318
72	323	72	323
73	73	73	73
74	109	73	109
74	110	73	110
74	121	73	121
74	126	73	127
73	212	73	211
74	216	73	217
74	268	73	267
74	275	73	275
74	276	73	276
74	299	73	299
74	303	73	303
74	304	73	304
74	315	73	315
74	319	73	319
74	320	73	320
73	322	73	322
74	74	74	74
74	108	74	107
75	111	74	111
75	112	74	112
75	119	74	119
75	128	74	129
75	137	74	137
75	139	74	139
75	140	74	140
74	184	74	183
75	185	74	185
75	186	74	186
74	210	74	209
75	218	74	219
75	266	74	265
75	277	74	277
75	278	74	278
75	297	74	297
75	305	74	305
75	306	74	306
75	313	74	313
74	321	74	321
75	75	75	75
76	76	75	76
76	105	75	105
76	113	75	113
76	114	75	114
76	117	75	117
76	130	75	131
75	136	75	135
76	141	75	141
76	142	75	142
76	181	75	181
76	187	75	187
76	188	75	188
75	208	75	207
76	220	75	221
76	264	75	263
76	279	75	279
76	280	75	280
76	295	75	295
76	307	75	307
76	308	75	308
75	312	75	311
78	71	76	71
77	77	76	77
77	103	76	103
76	116	76	115
76	134	76	133
77	143	76	143
77	144	76	144
76	180	76	179
77	189	76	189
77	190	76	190
77	205	76	205
77	223	76	223
76	224	76	224
77	243	76	243
77	244	76	244
76	260	76	260
77	261	76	261
77	281	76	281
76	294	76	293
76	310	76	309
77	322	76	322
78	70	77	69
78	78	77	79
77	102	77	101
77	115	77	115
77	133	77	133
78	145	77	145
78	146	77	146
77	176	77	176
78	177	77	177
78	191	77	191
78	192	77	192
79	197	77	197
78	198	77	198
79	199	77	199
78	203	77	203
81	222	77	225
75	226	77	226
77	242	77	241
78	245	77	245
78	246	77	246
75	258	77	258
76	259	77	259
77	283	77	283
76	284	77	284
76	289	77	288
76	290	77	290
77	291	77	291
77	309	77	309
79	80	78	81
79	99	78	99
78	115	78	115
78	132	78	133
79	147	78	147
79	148	78	148
76	174	78	174
77	175	78	175
79	193	78	193
79	196	78	195
78	202	78	201
86	222	78	227
75	229	78	228
78	240	78	239
79	247	78	247
76	255	78	256
86	262	78	257
78	309	78	309
79	323	78	323
79	69	79	68
80	82	79	83
79	98	79	97
79	115	79	115
79	132	79	133
80	149	79	149
80	150	79	150
80	158	79	157
79	160	79	159
79	161	79	161
78	162	79	162
78	163	79	163
77	164	79	164
75	171	79	172
85	177	79	173
79	194	79	194
79	201	79	201
76	231	79	230
78	236	79	236
79	237	79	237
79	249	79	249
78	250	79	250
77	253	79	254
79	309	79	309
80	68	80	67
81	84	80	85
80	96	80	95
80	115	80	115
80	132	80	133
81	151	80	151
81	152	80	152
80	156	80	155
76	167	80	166
80	195	80	194
80	200	80	201
77	233	80	232
80	292	80	289
80	309	80	309
80	323	80	324
81	68	81	67
82	86	81	87
81	94	81	93
81	115	81	115
81	132	81	133
81	154	81	153
81	195	81	194
81	200	81	201
81	282	81	286
81	292	81	289
81	309	81	309
83	328	81	328
83	329	81	329
83	330	81	330
82	67	82	66
83	88	82	89
82	92	82	91
82	115	82	115
82	132	82	133
82	153	82	153
82	195	82	194
82	200	82	201
82	282	82	286
82	292	82	289
82	309	82	309
82	324	82	325
83	331	82	332
83	67	83	66
83	90	83	90
83	115	83	115
83	132	83	133
83	153	83	153
83	195	83	194
83	200	83	201
83	248	83	252
83	282	83	286
83	292	83	289
83	309	83	309
83	325	83	325
84	66	84	65
84	89	84	90
84	115	84	115
84	132	84	133
84	153	84	153
84	195	84	194
84	200	84	201
84	238	84	233
84	248	84	252
84	282	84	286
84	292	84	289
84	309	84	309
84	325	84	325
85	333	84	333
85	66	85	65
85	89	85	90
85	115	85	115
85	132	85	133
85	153	85	153
85	195	85	194
85	200	85	201
85	238	85	233
85	248	85	252
85	282	85	286
85	292	85	289
85	309	85	309
85	325	85	325
86	65	86	64
86	89	86	90
86	115	86	115
86	132	86	133
86	153	86	153
86	195	86	194
86	200	86	201
86	238	86	233
86	248	86	252
86	282	86	286
86	292	86	289
86	309	86	309
86	325	86	325
87	334	86	334
87	65	87	64
87	89	87	90
87	115	87	115
87	132	87	133
87	153	87	153
87	195	87	194
87	200	87	201
87	238	87	233
87	248	87	252
87	282	87	286
87	292	87	289
87	309	87	309
87	325	87	325
88	64	88	63
88	89	88	90
88	115	88	115
88	132	88	133
88	153	88	153
88	177	88	168
88	195	88	194
88	200	88	201
88	238	88	233
88	248	88	252
88	282	88	286
88	292	88	289
88	309	88	309
88	325	88	325
89	335	88	335
89	64	89	63
89	89	89	90
89	115	89	115
89	132	89	133
89	153	89	153
89	177	89	168
89	195	89	194
89	200	89	201
89	238	89	233
89	248	89	252
89	282	89	286
89	292	89	289
89	309	89	309
89	325	89	325
90	63	90	62
90	89	90	90
90	115	90	115
90	132	90	133
90	153	90	153
90	177	90	168
90	195	90	194
90	200	90	201
90	238	90	233
90	248	90	252
90	282	90	286
90	292	90	289
90	309	90	309
90	325	90	325
91	336	90	336
91	63	91	62
91	89	91	90
91	115	91	115
91	132	91	133
91	153	91	153
91	177	91	168
91	195	91	194
91	200	91	201
91	238	91	233
91	248	91	252
91	282	91	286
91	292	91	289
91	309	91	309
91	325	91	325
92	62	92	61
92	89	92	90
92	115	92	115
92	132	92	133
92	153	92	153
92	177	92	168
92	195	92	194
92	200	92	201
92	238	92	233
92	248	92	252
92	282	92	286
92	292	92	289
92	309	92	309
92	325	92	325
93	337	92	337
93	62	93	61
93	89	93	90
93	115	93	115
93	132	93	133
93	153	93	153
93	177	93	168
93	195	93	194
93	200	93	201
93	238	93	233
93	248	93	252
93	282	93	286
93	292	93	289
93	309	93	309
93	325	93	325
94	61	94	60
94	89	94	90
94	115	94	115
94	132	94	133
94	153	94	153
94	177	94	168
94	195	94	194
94	200	94	201
94	238	94	233
94	248	94	252
94	282	94	286
94	292	94	289
94	309	94	309
94	325	94	325
94	337	94	338
95	61	95	60
95	89	95	90
95	115	95	115
95	132	95	133
95	153	95	153
95	177	95	168
95	195	95	194
95	200	95	201
95	238	95	233
95	248	95	252
95	282	95	286
95	292	95	289
95	309	95	309
95	325	95	325
96	60	96	59
96	89	96	90
96	115	96	115
96	132	96	133
96	153	96	153
96	177	96	168
96	195	96	194
96	200	96	201
96	238	96	233
96	248	96	252
96	282	96	286
96	292	96	289
96	309	96	309
96	325	96	325
97	339	96	339
97	60	97	59
97	89	97	90
97	115	97	115
97	132	97	133
97	153	97	153
97	177	97	168
97	195	97	194
97	200	97	201
97	238	97	233
97	248	97	252
97	282	97	286
97	292	97	289
97	309	97	309
97	325	97	325
99	343	97	343
99	344	97	344
99	345	97	345
98	59	98	58
98	89	98	90
98	115	98	115
98	132	98	133
98	153	98	153
98	177	98	168
98	195	98	194
98	200	98	201
98	238	98	233
98	248	98	252
98	282	98	286
98	292	98	289
98	309	98	309
98	325	98	325
98	339	98	340
99	346	98	347
99	59	99	58
99	89	99	90
99	115	99	115
99	132	99	133
99	153	99	153
99	177	99	168
99	195	99	194
99	200	99	201
99	238	99	233
99	248	99	252
99	282	99	286
99	292	99	289
99	309	99	309
99	325	99	325
99	340	99	340
100	58	100	57
100	89	100	90
100	115	100	115
100	132	100	133
100	153	100	153
100	177	100	168
100	195	100	194
100	200	100	201
100	238	100	233
100	248	100	252
100	282	100	286
100	292	100	289
100	309	100	309
100	325	100	325
100	340	100	340
100	347	100	348
101	58	101	57
101	89	101	90
101	115	101	115
101	132	101	133
101	153	101	153
101	177	101	168
101	195	101	194
101	200	101	201
101	238	101	233
101	248	101	252
101	282	101	286
101	292	101	289
101	309	101	309
101	325	101	325
101	340	101	340
106	43	102	43
106	44	102	44
106	45	102	45
106	46	102	46
106	47	102	47
106	48	102	48
106	49	102	49
106	50	102	50
106	51	102	51
106	52	102	52
102	57	102	56
102	89	102	90
102	115	102	115
102	132	102	133
102	153	102	153
102	177	102	168
102	195	102	194
102	200	102	201
102	238	102	233
102	248	102	252
102	282	102	286
102	292	102	289
102	309	102	309
102	325	102	325
102	340	102	340
102	348	102	349
103	57	103	56
103	89	103	90
103	115	103	115
103	132	103	133
103	153	103	153
103	177	103	168
103	195	103	194
103	200	103	201
103	238	103	233
103	248	103	252
103	282	103	286
103	292	103	289
103	309	103	309
103	325	103	325
103	340	103	340
104	56	104	56
104	89	104	90
104	115	104	115
104	132	104	133
104	153	104	153
104	177	104	168
104	195	104	194
104	200	104	201
104	238	104	233
104	248	104	252
104	282	104	286
104	292	104	289
104	309	104	309
104	325	104	325
104	340	104	340
105	350	104	350
106	40	105	39
105	56	105	56
105	89	105	90
105	115	105	115
105	132	105	133
105	153	105	153
105	177	105	168
105	195	105	194
105	200	105	201
105	238	105	233
105	248	105	252
105	282	105	286
105	292	105	289
105	309	105	309
105	325	105	325
105	340	105	340
106	55	106	56
106	89	106	90
106	115	106	115
106	132	106	133
106	153	106	153
106	177	106	168
106	195	106	194
106	200	106	201
106	238	106	233
106	248	106	252
106	282	106	286
106	292	106	289
106	309	106	309
106	325	106	325
106	340	106	340
106	350	106	351
107	39	107	38
107	55	107	56
107	89	107	90
107	115	107	115
107	132	107	133
107	153	107	153
107	177	107	168
107	195	107	194
107	200	107	201
107	238	107	233
107	248	107	252
107	282	107	286
107	292	107	289
107	309	107	309
107	325	107	325
107	340	107	340
108	38	108	37
108	55	108	56
108	89	108	90
108	115	108	115
108	132	108	133
108	153	108	153
108	177	108	168
108	195	108	194
108	200	108	201
108	238	108	233
108	248	108	252
108	282	108	286
108	292	108	289
108	309	108	309
108	325	108	325
108	340	108	340
109	352	108	352
109	38	109	37
109	55	109	56
109	89	109	90
109	115	109	115
109	132	109	133
109	153	109	153
109	177	109	168
109	195	109	194
109	200	109	201
109	238	109	233
109	248	109	252
109	282	109	286
109	292	109	289
109	309	109	309
109	325	109	325
109	340	109	340
110	37	110	36
110	55	110	56
110	89	110	90
110	115	110	115
110	132	110	133
110	153	110	153
110	177	110	168
110	195	110	194
110	200	110	201
110	238	110	233
110	248	110	252
110	282	110	286
110	292	110	289
110	309	110	309
110	325	110	325
110	340	110	340
110	352	110	353
111	37	111	36
111	55	111	56
111	89	111	90
111	115	111	115
111	132	111	133
111	153	111	153
111	177	111	168
111	195	111	194
111	200	111	201
111	238	111	233
111	248	111	252
111	282	111	286
111	292	111	289
111	309	111	309
111	325	111	325
111	340	111	340
112	36	112	35
112	55	112	56
112	89	112	90
112	115	112	115
112	132	112	133
112	153	112	153
112	177	112	168
112	195	112	194
112	200	112	201
112	238	112	233
112	248	112	252
112	282	112	286
112	292	112	289
112	309	112	309
112	325	112	325
112	340	112	340
112	353	112	354
113	36	113	35
113	55	113	56
113	89	113	90
113	115	113	115
113	132	113	133
113	153	113	153
113	177	113	168
113	195	113	194
113	200	113	201
113	238	113	233
113	248	113	252
113	282	113	286
113	292	113	289
113	309	113	309
113	325	113	325
113	340	113	340
115	358	113	358
115	359	113	359
115	360	113	360
114	35	114	34
114	55	114	56
114	89	114	90
114	115	114	115
114	132	114	133
114	153	114	153
114	177	114	168
114	195	114	194
114	200	114	201
114	238	114	233
114	248	114	252
114	282	114	286
114	292	114	289
114	309	114	309
114	325	114	325
114	340	114	340
114	354	114	355
115	361	114	362
115	35	115	34
115	55	115	56
115	89	115	90
115	115	115	115
115	132	115	133
115	153	115	153
115	177	115	168
115	195	115	194
115	200	115	201
115	238	115	233
115	248	115	252
115	282	115	286
115	292	115	289
115	309	115	309
115	325	115	325
115	340	115	340
115	355	115	355
120	28	116	28
120	29	116	29
116	34	116	33
116	55	116	56
116	89	116	90
116	115	116	115
116	132	116	133
116	153	116	153
116	177	116	168
116	195	116	194
116	200	116	201
116	238	116	233
116	248	116	252
116	282	116	286
116	292	116	289
116	309	116	309
116	325	116	325
116	340	116	340
116	355	116	355
116	362	116	363
117	34	117	33
117	55	117	56
117	89	117	90
117	115	117	115
117	132	117	133
117	153	117	153
117	177	117	168
117	195	117	194
117	200	117	201
117	238	117	233
117	248	117	252
117	282	117	286
117	292	117	289
117	309	117	309
117	325	117	325
117	340	117	340
117	355	117	355
118	33	118	33
118	55	118	56
118	89	118	90
118	115	118	115
118	132	118	133
118	153	118	153
118	177	118	168
118	195	118	194
118	200	118	201
118	238	118	233
118	248	118	252
118	282	118	286
118	292	118	289
118	309	118	309
118	325	118	325
118	340	118	340
118	355	118	355
118	363	118	364
120	25	119	24
119	33	119	33
119	55	119	56
119	89	119	90
119	115	119	115
119	132	119	133
119	153	119	153
119	177	119	168
119	195	119	194
119	200	119	201
119	238	119	233
119	248	119	252
119	282	119	286
119	292	119	289
119	309	119	309
119	325	119	325
119	340	119	340
119	355	119	355
120	32	120	33
120	55	120	56
120	89	120	90
120	115	120	115
120	132	120	133
120	153	120	153
120	177	120	168
120	195	120	194
120	200	120	201
120	238	120	233
120	248	120	252
120	282	120	286
120	292	120	289
120	309	120	309
120	325	120	325
120	340	120	340
120	355	120	355
121	365	120	365
121	24	121	23
121	32	121	33
121	55	121	56
121	89	121	90
121	115	121	115
121	132	121	133
121	153	121	153
121	177	121	168
121	195	121	194
121	200	121	201
121	238	121	233
121	248	121	252
121	282	121	286
121	292	121	289
121	309	121	309
121	325	121	325
121	340	121	340
121	355	121	355
122	23	122	22
122	32	122	33
122	55	122	56
122	89	122	90
122	115	122	115
122	132	122	133
122	153	122	153
122	177	122	168
122	195	122	194
122	200	122	201
122	238	122	233
122	248	122	252
122	282	122	286
122	292	122	289
122	309	122	309
122	325	122	325
122	340	122	340
122	355	122	355
122	365	122	366
123	23	123	22
123	32	123	33
123	55	123	56
123	89	123	90
123	115	123	115
123	132	123	133
123	153	123	153
123	177	123	168
123	195	123	194
123	200	123	201
123	238	123	233
123	248	123	252
123	282	123	286
123	292	123	289
123	309	123	309
123	325	123	325
123	340	123	340
123	355	123	355
127	372	123	372
127	373	123	373
124	22	124	21
124	32	124	33
124	55	124	56
124	89	124	90
124	115	124	115
124	132	124	133
124	153	124	153
124	177	124	168
124	195	124	194
124	200	124	201
124	238	124	233
124	248	124	252
124	282	124	286
124	292	124	289
124	309	124	309
124	325	124	325
124	340	124	340
124	355	124	355
124	366	124	367
127	374	124	376
125	22	125	21
125	32	125	33
125	55	125	56
125	89	125	90
125	115	125	115
125	132	125	133
125	153	125	153
125	177	125	168
125	195	125	194
125	200	125	201
125	238	125	233
125	248	125	252
125	282	125	286
125	292	125	289
125	309	125	309
125	325	125	325
125	340	125	340
125	355	125	355
125	367	125	367
127	376	125	377
126	21	126	20
126	32	126	33
126	55	126	56
126	89	126	90
126	115	126	115
126	132	126	133
126	153	126	153
126	177	126	168
126	195	126	194
126	200	126	201
126	238	126	233
126	248	126	252
126	282	126	286
126	292	126	289
126	309	126	309
126	325	126	325
126	340	126	340
126	355	126	355
126	367	126	367
127	21	127	20
127	32	127	33
127	55	127	56
127	89	127	90
127	115	127	115
127	132	127	133
127	153	127	153
127	177	127	168
127	195	127	194
127	200	127	201
127	238	127	233
127	248	127	252
127	282	127	286
127	292	127	289
127	309	127	309
127	325	127	325
127	340	127	340
127	355	127	355
127	368	127	367
128	20	128	19
128	32	128	33
128	55	128	56
128	89	128	90
128	115	128	115
128	132	128	133
128	153	128	153
128	177	128	168
128	195	128	194
128	200	128	201
128	238	128	233
128	248	128	252
128	282	128	286
128	292	128	289
128	309	128	309
128	325	128	325
128	340	128	340
128	355	128	355
128	368	128	367
129	378	128	379
129	20	129	19
129	32	129	33
129	55	129	56
129	89	129	90
129	115	129	115
129	132	129	133
129	153	129	153
129	177	129	168
129	195	129	194
129	200	129	201
129	238	129	233
129	248	129	252
129	282	129	286
129	292	129	289
129	309	129	309
129	325	129	325
129	340	129	340
129	355	129	355
129	368	129	367
130	19	130	18
130	32	130	33
130	55	130	56
130	89	130	90
130	115	130	115
130	132	130	133
130	153	130	153
130	177	130	168
130	195	130	194
130	200	130	201
130	238	130	233
130	248	130	252
130	282	130	286
130	292	130	289
130	309	130	309
130	325	130	325
130	340	130	340
130	355	130	355
130	368	130	367
131	379	130	380
131	19	131	18
131	32	131	33
131	55	131	56
131	89	131	90
131	115	131	115
131	132	131	133
131	153	131	153
131	177	131	168
131	195	131	194
131	200	131	201
131	238	131	233
131	248	131	252
131	282	131	286
131	292	131	289
131	309	131	309
131	325	131	325
131	340	131	340
131	355	131	355
131	368	131	367
132	18	132	17
132	32	132	33
132	55	132	56
132	89	132	90
132	115	132	115
132	132	132	133
132	153	132	153
132	177	132	168
132	195	132	194
132	200	132	201
132	238	132	233
132	248	132	252
132	282	132	286
132	292	132	289
132	309	132	309
132	325	132	325
132	340	132	340
132	355	132	355
132	368	132	367
133	380	132	381
133	18	133	17
133	32	133	33
133	55	133	56
133	89	133	90
133	115	133	115
133	132	133	133
133	153	133	153
133	177	133	168
133	195	133	194
133	200	133	201
133	238	133	233
133	248	133	252
133	282	133	286
133	292	133	289
133	309	133	309
133	325	133	325
133	340	133	340
133	355	133	355
133	368	133	367
134	17	134	16
134	32	134	33
134	55	134	56
134	89	134	90
134	115	134	115
134	132	134	133
134	153	134	153
134	177	134	168
134	195	134	194
134	200	134	201
134	238	134	233
134	248	134	252
134	282	134	286
134	292	134	289
134	309	134	309
134	325	134	325
134	340	134	340
134	355	134	355
134	368	134	367
135	381	134	382
135	17	135	16
135	32	135	33
135	55	135	56
135	89	135	90
135	115	135	115
135	132	135	133
135	153	135	153
135	177	135	168
135	195	135	194
135	200	135	201
135	238	135	233
135	248	135	252
135	282	135	286
135	292	135	289
135	309	135	309
135	325	135	325
135	340	135	340
135	355	135	355
135	368	135	367
136	16	136	15
136	32	136	33
136	55	136	56
136	89	136	90
136	115	136	115
136	132	136	133
136	153	136	153
136	177	136	168
136	195	136	194
136	200	136	201
136	238	136	233
136	248	136	252
136	282	136	286
136	292	136	289
136	309	136	309
136	325	136	325
136	340	136	340
136	355	136	355
136	368	136	367
137	382	136	383
137	16	137	15
137	32	137	33
137	55	137	56
137	89	137	90
137	115	137	115
137	132	137	133
137	153	137	153
137	177	137	168
137	195	137	194
137	200	137	201
137	238	137	233
137	248	137	252
137	282	137	286
137	292	137	289
137	309	137	309
137	325	137	325
137	340	137	340
137	355	137	355
137	368	137	367
138	15	138	14
138	32	138	33
138	55	138	56
138	89	138	90
138	115	138	115
138	132	138	133
138	153	138	153
138	177	138	168
138	195	138	194
138	200	138	201
138	238	138	233
138	248	138	252
138	282	138	286
138	292	138	289
138	309	138	309
138	325	138	325
138	340	138	340
138	355	138	355
138	368	138	367
139	383	138	384
139	15	139	14
139	32	139	33
139	55	139	56
139	89	139	90
139	115	139	115
139	132	139	133
139	153	139	153
139	177	139	168
139	195	139	194
139	200	139	201
139	238	139	233
139	248	139	252
139	282	139	286
139	292	139	289
139	309	139	309
139	325	139	325
139	340	139	340
139	355	139	355
139	368	139	367
140	14	140	13
140	32	140	33
140	55	140	56
140	89	140	90
140	115	140	115
140	132	140	133
140	153	140	153
140	177	140	168
140	195	140	194
140	200	140	201
140	238	140	233
140	248	140	252
140	282	140	286
140	292	140	289
140	309	140	309
140	325	140	325
140	340	140	340
140	355	140	355
140	368	140	367
141	384	140	385
141	14	141	13
141	32	141	33
141	55	141	56
141	89	141	90
141	115	141	115
141	132	141	133
141	153	141	153
141	177	141	168
141	195	141	194
141	200	141	201
141	238	141	233
141	248	141	252
141	282	141	286
141	292	141	289
141	309	141	309
141	325	141	325
141	340	141	340
141	355	141	355
141	368	141	367
143	389	141	389
143	390	141	390
142	13	142	12
142	55	142	56
142	89	142	90
142	115	142	115
142	132	142	133
142	153	142	153
142	177	142	168
142	195	142	194
142	200	142	201
142	238	142	233
142	248	142	252
142	292	142	289
142	309	142	309
142	325	142	325
142	340	142	340
142	355	142	355
142	368	142	367
142	384	142	386
143	391	142	392
143	13	143	12
143	32	143	32
143	89	143	90
143	115	143	115
143	153	143	153
143	195	143	194
143	200	143	201
143	238	143	233
143	292	143	289
143	309	143	309
143	325	143	325
143	340	143	340
143	355	143	355
143	368	143	367
143	386	143	386
144	12	144	11
144	32	144	32
144	55	144	55
144	89	144	90
144	115	144	115
144	132	144	132
144	153	144	153
144	195	144	194
144	200	144	201
140	262	144	254
143	282	144	285
144	309	144	309
144	325	144	325
144	340	144	340
144	355	144	355
144	368	144	368
144	385	144	385
144	392	144	393
145	12	145	12
145	32	145	32
145	55	145	55
145	89	145	90
145	115	145	115
145	132	145	132
145	153	145	153
145	195	145	194
147	238	145	232
147	248	145	254
145	309	145	309
145	325	145	325
145	340	145	340
145	355	145	355
145	368	145	368
145	385	145	385
148	8	146	8
148	9	146	9
148	10	146	10
146	11	146	11
146	32	146	32
146	55	146	54
146	89	146	90
146	132	146	131
146	153	146	153
152	163	146	168
146	195	146	194
147	201	146	202
152	250	146	255
144	282	146	284
146	292	146	290
146	325	146	324
146	340	146	339
146	355	146	355
146	368	146	368
146	393	146	393
148	7	147	6
147	12	147	12
147	33	147	32
147	55	147	55
147	115	147	115
147	132	147	131
147	153	147	153
153	164	147	169
148	195	147	193
151	236	147	231
142	262	147	256
146	282	147	283
147	309	147	309
147	325	147	325
147	340	147	340
147	355	147	354
147	385	147	385
147	394	147	394
148	11	148	12
148	32	148	32
148	54	148	54
149	90	148	90
148	116	148	116
149	131	148	131
148	153	148	152
153	165	148	170
150	194	148	192
149	202	148	203
152	235	148	230
144	262	148	257
147	281	148	282
147	292	148	291
148	309	148	309
148	339	148	340
148	355	148	354
148	368	148	369
148	394	148	394
149	6	149	5
149	32	149	32
149	55	149	55
149	115	149	115
150	152	149	151
154	166	149	171
151	193	149	191
146	262	149	258
148	280	149	281
149	293	149	292
149	309	149	309
150	324	149	324
149	354	149	353
149	369	149	369
149	385	149	385
150	5	150	4
150	12	150	13
150	32	150	31
150	54	150	54
150	90	150	91
150	131	150	132
151	152	150	150
146	177	150	172
152	192	150	190
154	211	150	211
154	212	150	212
154	213	150	213
154	214	150	214
154	215	150	215
154	216	150	216
154	217	150	217
154	218	150	218
154	219	150	219
154	220	150	220
150	221	150	221
151	222	150	222
153	223	150	223
150	280	150	280
150	293	150	292
150	309	150	309
152	343	150	343
152	344	150	344
152	345	150	345
152	346	150	346
152	347	150	347
152	348	150	348
152	349	150	349
152	350	150	350
151	369	150	369
151	5	151	4
151	32	151	32
151	55	151	54
152	91	151	92
151	115	151	114
152	151	151	149
148	177	151	173
153	191	151	189
151	203	151	205
147	263	151	263
149	264	151	264
151	265	151	265
155	266	151	266
155	267	151	267
151	280	151	279
151	309	151	309
151	325	151	324
152	342	151	341
152	352	151	352
151	385	151	385
152	4	152	3
152	13	152	14
152	32	152	32
152	54	152	53
152	114	152	113
153	132	152	133
153	150	152	148
150	177	152	174
154	190	152	188
152	204	152	205
154	233	152	228
155	270	152	270
155	271	152	271
156	272	152	272
155	273	152	273
155	274	152	274
155	275	152	275
152	292	152	293
152	309	152	309
152	324	152	324
152	341	152	340
152	353	152	353
152	369	152	369
152	386	152	385
153	4	153	3
153	32	153	32
153	54	153	53
153	92	153	93
153	114	153	113
154	149	153	147
152	177	153	175
155	189	153	187
153	280	153	278
153	309	153	309
153	325	153	324
153	340	153	340
153	353	153	353
153	385	153	385
154	3	154	2
154	14	154	14
154	32	154	32
154	53	154	53
154	113	154	112
155	148	154	146
154	177	154	176
156	188	154	186
154	206	154	206
154	279	154	278
154	293	154	294
154	309	154	309
154	324	154	324
155	340	154	340
154	354	154	354
154	369	154	369
154	385	154	385
155	3	155	3
155	15	155	15
155	54	155	53
155	93	155	94
155	113	155	112
154	132	155	132
157	136	155	138
159	139	155	139
159	140	155	140
159	141	155	141
155	177	155	177
154	208	155	207
155	224	155	227
157	263	155	260
155	278	155	278
155	309	155	309
155	324	155	324
155	353	155	354
155	370	155	370
155	385	155	385
156	2	156	3
156	14	156	14
156	32	156	32
156	53	156	53
156	94	156	94
156	112	156	111
156	133	156	132
156	147	156	145
157	177	156	178
157	187	156	185
157	206	156	206
156	231	156	228
156	278	156	278
156	294	156	295
156	309	156	309
156	324	156	324
156	341	156	341
156	352	156	354
156	369	156	369
156	385	156	385
157	15	157	14
157	33	157	32
157	53	157	53
158	94	157	93
157	95	157	95
157	112	157	111
158	133	157	131
157	146	157	145
158	186	157	184
158	230	157	228
159	261	157	259
157	278	157	278
157	295	157	295
157	324	157	323
157	340	157	341
157	353	157	354
157	370	157	370
157	385	157	385
159	3	158	4
160	8	158	8
160	9	158	9
160	10	158	10
160	11	158	11
160	12	158	12
158	14	158	13
158	32	158	32
158	53	158	52
157	97	158	96
158	110	158	110
158	145	158	145
159	178	158	179
158	206	158	207
159	226	158	227
157	254	158	258
158	279	158	279
158	309	158	309
158	324	158	324
158	340	158	341
158	354	158	354
158	369	158	369
158	385	158	385
161	7	159	6
159	14	159	14
159	32	159	32
159	53	159	53
159	93	159	92
157	99	159	97
159	112	159	110
159	132	159	130
159	144	159	145
160	179	159	180
159	207	159	207
159	229	159	228
160	260	159	258
159	279	159	279
159	295	159	295
159	324	159	323
159	341	159	341
159	354	159	354
159	370	159	370
159	385	159	384
160	3	160	4
161	14	160	14
160	32	160	32
160	52	160	52
160	92	160	91
161	131	160	129
160	144	160	145
160	227	160	228
160	256	160	257
160	295	160	295
160	309	160	309
160	324	160	323
160	340	160	341
160	353	160	354
160	369	160	369
161	4	161	4
161	32	161	32
161	53	161	52
162	91	161	90
157	101	161	101
157	102	161	102
157	103	161	103
157	104	161	104
157	105	161	105
157	106	161	106
161	144	161	145
161	180	161	181
161	207	161	206
161	228	161	228
161	257	161	257
161	279	161	280
161	310	161	309
161	323	161	323
161	341	161	341
161	354	161	354
161	370	161	370
161	384	161	384
162	4	162	3
162	14	162	15
162	32	162	31
162	52	162	51
162	54	162	55
162	130	162	129
162	144	162	145
162	182	162	182
162	207	162	206
162	228	162	228
162	279	162	280
162	295	162	296
162	309	162	309
163	323	162	322
162	341	162	341
162	353	162	354
162	369	162	369
162	385	162	385
164	4	163	3
164	15	163	16
163	32	163	32
163	52	163	51
163	91	163	89
162	113	163	113
163	114	163	114
163	145	163	145
163	181	163	182
163	207	163	206
163	258	163	257
163	310	163	310
163	311	163	311
163	312	163	312
163	313	163	313
163	314	163	314
163	315	163	315
163	316	163	316
163	317	163	317
163	318	163	318
163	319	163	319
163	320	163	320
163	321	163	321
163	354	163	354
163	370	163	370
163	384	163	384
164	31	164	31
164	51	164	50
165	56	164	56
165	90	164	88
164	129	164	128
164	145	164	145
164	182	164	182
164	207	164	206
164	228	164	228
164	257	164	256
165	280	164	280
164	295	164	297
164	309	164	308
164	323	164	322
164	341	164	341
164	369	164	369
164	385	164	385
165	4	165	3
165	16	165	16
165	32	165	32
166	56	165	57
172	111	165	111
170	112	165	112
169	113	165	113
166	114	165	114
165	115	165	115
167	116	165	116
167	117	165	117
167	118	165	118
166	129	165	127
165	145	165	145
165	181	165	182
165	207	165	206
165	229	165	229
165	257	165	256
165	296	165	297
166	308	165	307
165	323	165	323
165	342	165	342
165	354	165	354
165	370	165	370
165	384	165	384
166	3	166	2
166	31	166	31
166	50	166	49
166	89	166	87
167	119	166	120
169	121	166	121
169	123	166	123
169	124	166	124
166	146	166	145
166	182	166	182
166	206	166	206
166	228	166	228
166	256	166	256
166	280	166	281
166	296	166	297
166	323	166	323
166	341	166	341
166	369	166	369
166	385	166	385
167	3	167	3
167	16	167	16
167	32	167	32
167	50	167	49
167	57	167	58
167	128	167	127
167	183	167	182
167	206	167	206
167	229	167	229
167	256	167	256
167	297	167	297
168	307	167	306
167	323	167	323
167	342	167	342
167	354	167	354
167	370	167	370
167	384	167	384
168	2	168	2
168	17	168	17
168	31	168	31
168	49	168	48
169	87	168	86
168	94	168	101
168	127	168	127
168	145	168	145
171	172	168	172
171	173	168	173
171	174	168	174
171	175	168	175
171	176	168	176
171	177	168	177
171	178	168	178
171	179	168	179
168	182	168	181
168	206	168	206
168	256	168	255
169	282	168	282
172	290	168	290
172	291	168	291
172	292	168	292
168	297	168	297
172	302	168	302
171	303	168	303
168	323	168	323
168	341	168	341
168	355	168	355
168	369	168	369
168	385	168	384
169	3	169	3
169	16	169	17
169	32	169	31
169	49	169	48
169	58	169	59
169	95	169	101
169	146	169	146
172	167	169	167
171	168	169	168
171	169	169	169
169	182	169	182
169	206	169	205
168	228	169	228
169	256	169	256
171	285	169	285
171	286	169	286
171	287	169	287
169	297	169	297
169	307	169	306
169	323	169	323
169	342	169	342
169	354	169	354
169	370	169	370
169	384	169	384
170	2	170	2
170	17	170	17
170	31	170	31
170	48	170	48
171	86	170	85
172	98	170	101
171	128	170	128
170	145	170	145
172	164	170	164
170	206	170	205
171	230	170	230
170	256	170	255
170	282	170	282
170	297	170	297
170	306	170	306
170	341	170	341
170	355	170	355
170	369	170	369
170	384	170	384
171	16	171	17
171	32	171	31
171	48	171	48
171	59	171	60
172	86	171	84
171	146	171	146
173	163	171	161
172	181	171	183
171	206	171	205
171	228	171	227
171	256	171	256
171	283	171	282
171	297	171	297
171	323	171	324
171	342	171	342
171	354	171	354
171	370	171	370
171	384	171	384
172	2	172	2
172	17	172	17
172	31	172	31
172	59	172	60
174	100	172	102
172	128	172	129
172	145	172	146
174	162	172	160
172	205	172	205
172	227	172	226
173	231	172	231
172	255	172	255
172	282	172	281
172	297	172	297
172	306	172	307
172	323	172	324
172	341	172	341
172	355	172	355
172	369	172	369
173	17	173	17
173	32	173	31
173	48	173	49
173	60	173	60
174	84	173	83
173	182	173	184
173	205	173	204
173	227	173	226
174	231	173	232
173	256	173	256
173	282	173	281
173	297	173	297
173	323	173	324
173	342	173	342
173	354	173	354
173	370	173	370
173	384	173	385
174	2	174	2
174	17	174	17
174	31	174	30
174	47	174	49
174	59	174	60
176	102	174	103
175	129	174	129
174	145	174	146
174	205	174	204
174	226	174	225
174	255	174	255
174	281	174	280
174	297	174	296
174	307	174	308
174	324	174	324
174	341	174	341
174	355	174	355
174	369	174	369
174	384	174	385
175	3	175	3
176	31	175	29
175	48	175	49
175	60	175	60
176	83	175	82
176	129	175	130
175	146	175	146
175	158	175	158
176	184	175	185
175	205	175	204
175	226	175	225
175	232	175	233
175	256	175	255
175	281	175	280
175	297	175	296
175	342	175	342
175	354	175	354
175	370	175	370
175	384	175	385
176	2	176	2
176	17	176	18
176	48	176	49
176	59	176	59
177	83	176	81
175	109	176	105
179	156	176	156
178	158	176	157
176	159	176	159
176	225	176	224
176	255	176	255
176	280	176	280
177	309	176	309
176	324	176	324
176	341	176	341
176	355	176	355
176	369	176	369
176	385	176	385
177	3	177	3
177	49	177	49
177	60	177	60
178	105	177	105
178	131	177	131
177	147	177	147
177	184	177	185
177	204	177	204
177	233	177	234
177	256	177	255
177	280	177	280
178	296	177	295
178	324	177	325
177	342	177	342
177	354	177	355
177	370	177	370
177	385	177	385
178	2	178	3
179	18	178	19
178	48	178	48
178	59	178	60
178	82	178	80
178	106	178	106
179	131	178	132
178	204	178	203
178	224	178	223
178	255	178	255
178	280	178	280
178	309	178	310
178	341	178	342
178	355	178	355
178	369	178	369
178	385	178	385
179	3	179	3
179	49	179	49
179	60	179	60
179	147	179	147
179	185	179	186
179	204	179	204
179	234	179	234
179	255	179	255
179	280	179	280
179	296	179	295
179	325	179	326
179	342	179	342
179	354	179	355
179	370	179	370
179	385	179	385
180	2	180	3
181	19	180	20
180	28	180	28
179	29	180	29
178	30	180	30
180	48	180	48
180	60	180	60
180	81	180	80
180	132	180	132
180	148	180	148
180	186	180	186
180	203	180	203
180	223	180	223
180	255	180	254
184	283	180	283
180	295	180	294
180	310	180	311
180	325	180	326
180	341	180	342
180	355	180	355
180	369	180	369
180	385	180	385
181	3	181	3
181	49	181	49
181	60	181	60
181	80	181	79
183	104	181	104
180	105	181	105
181	106	181	106
181	133	181	133
181	147	181	148
181	186	181	186
181	204	181	203
181	222	181	223
181	234	181	235
181	255	181	255
181	280	181	280
184	284	181	286
181	295	181	294
181	311	181	311
181	325	181	326
181	342	181	342
181	370	181	370
182	3	182	3
183	20	182	21
183	26	182	25
182	48	182	48
182	60	182	60
183	106	182	107
182	148	182	148
182	186	182	186
182	203	182	203
182	223	182	223
182	235	182	235
182	255	182	255
182	279	182	279
184	286	182	287
182	294	182	293
182	311	182	311
182	343	182	342
182	355	182	354
182	369	182	369
182	385	182	385
184	26	183	24
183	49	183	49
183	60	183	60
183	79	183	79
184	103	183	101
183	133	183	134
183	148	183	148
184	186	183	187
183	223	183	223
183	235	183	235
183	255	183	254
183	280	183	279
185	288	183	288
185	289	183	289
185	290	183	290
185	291	183	291
185	292	183	292
183	294	183	293
183	326	183	327
183	342	183	342
183	355	183	355
183	370	183	370
184	3	184	3
185	25	184	23
184	48	184	48
184	60	184	60
184	79	184	78
185	101	184	100
184	107	184	108
184	134	184	134
184	148	184	148
184	203	184	202
184	222	184	222
184	235	184	235
184	254	184	253
185	255	184	256
185	280	184	278
186	293	184	294
184	311	184	312
185	327	184	327
184	354	184	354
184	369	184	370
184	385	184	385
185	4	185	4
185	21	185	22
185	49	185	49
185	60	185	60
185	79	185	78
186	100	185	99
186	108	185	109
185	149	185	149
186	187	185	188
185	223	185	223
185	235	185	235
186	254	185	253
185	312	185	312
185	342	185	343
185	355	185	354
185	370	185	370
185	386	185	386
186	3	186	4
186	48	186	48
186	60	186	59
187	99	186	98
186	134	186	134
186	148	186	148
186	203	186	201
186	222	186	222
186	235	186	235
187	253	186	252
187	256	186	257
186	279	186	277
186	312	186	312
186	327	186	327
186	342	186	343
189	351	186	351
186	354	186	353
186	370	186	370
186	385	186	386
187	4	187	4
187	22	187	22
187	24	187	24
187	49	187	49
187	60	187	59
187	78	187	78
188	98	187	97
187	109	187	110
187	135	187	135
187	149	187	149
188	186	187	189
187	203	187	201
187	223	187	223
187	235	187	235
187	279	187	277
188	295	187	296
187	328	187	328
191	347	187	347
189	350	187	348
187	355	187	354
187	386	187	386
188	3	188	4
189	22	188	21
188	48	188	48
188	60	188	59
188	78	188	77
189	110	188	111
188	134	188	134
188	148	188	148
188	222	188	222
188	235	188	235
188	252	188	251
189	257	188	258
188	278	188	277
188	312	188	312
188	343	188	343
188	354	188	354
188	370	188	371
188	385	188	386
190	25	189	25
189	49	189	49
189	59	189	59
189	78	189	77
189	97	189	96
189	135	189	134
189	149	189	149
190	187	189	190
190	203	189	200
189	223	189	223
189	235	189	235
189	251	189	250
189	277	189	276
189	313	189	312
189	328	189	329
189	343	189	343
189	370	189	371
189	386	189	386
190	4	190	4
190	21	190	20
191	25	190	26
190	48	190	49
190	59	190	59
190	77	190	77
191	96	190	95
190	111	190	112
190	134	190	134
190	148	190	148
190	222	190	222
190	234	190	235
190	251	190	250
191	258	190	259
190	277	190	276
189	295	190	295
190	296	190	296
190	312	190	312
190	328	190	329
191	355	190	355
190	370	190	371
192	20	191	19
191	49	191	49
191	59	191	59
191	77	191	76
192	95	191	94
191	135	191	134
191	149	191	149
192	187	191	191
191	223	191	223
191	235	191	235
191	250	191	249
191	276	191	276
193	293	191	293
193	294	191	294
193	297	191	299
191	328	191	329
192	343	191	342
191	371	191	371
191	386	191	386
192	4	192	5
193	19	192	18
192	26	192	27
192	59	192	58
192	77	192	77
193	94	192	93
193	113	192	113
192	134	192	134
192	148	192	148
192	203	192	199
192	222	192	222
192	234	192	234
192	258	192	260
194	290	192	290
194	291	192	291
194	298	192	300
192	313	192	312
192	329	192	329
193	356	192	356
192	370	192	371
194	19	193	17
193	49	193	50
193	59	193	58
196	79	193	79
196	80	193	80
193	135	193	134
196	187	193	192
193	223	193	222
193	235	193	235
193	249	193	248
193	259	193	260
193	276	193	275
195	288	193	288
195	300	193	301
195	310	193	308
193	329	193	329
193	343	193	342
193	371	193	371
193	386	193	386
195	5	194	6
195	18	194	16
195	28	194	28
194	58	194	57
194	76	194	76
196	81	194	83
194	93	194	92
195	114	194	114
194	134	194	134
194	148	194	148
194	222	194	222
194	234	194	234
194	259	194	260
194	275	194	275
196	286	194	286
196	301	194	303
195	308	194	307
194	312	194	313
194	329	194	329
194	342	194	341
194	356	194	356
194	371	194	371
194	387	194	386
196	17	195	15
196	50	195	51
196	58	195	57
195	76	195	76
197	83	195	85
196	91	195	91
195	134	195	134
195	148	195	148
195	223	195	222
195	235	195	234
195	248	195	247
195	275	195	275
196	307	195	306
195	329	195	329
195	342	195	341
195	371	195	371
197	6	196	7
197	16	196	14
196	28	196	29
198	86	196	86
198	87	196	87
198	88	196	88
198	89	196	89
197	91	196	92
196	114	196	115
196	134	196	133
196	148	196	148
196	222	196	222
196	234	196	234
196	247	196	247
196	260	196	260
196	275	196	275
197	285	196	283
197	313	196	314
196	329	196	329
196	341	196	341
196	356	196	357
196	371	196	371
196	386	196	386
198	51	197	52
198	57	197	56
197	76	197	75
199	92	197	94
197	115	197	115
197	134	197	134
198	188	197	193
197	223	197	222
197	235	197	234
197	248	197	247
197	261	197	261
198	284	197	282
197	304	197	304
197	329	197	329
197	341	197	341
197	357	197	357
197	372	197	371
197	387	197	387
199	7	198	8
199	14	198	13
198	29	198	30
199	57	198	55
198	75	198	74
200	94	198	96
198	133	198	133
198	148	198	147
198	222	198	221
198	234	198	234
198	247	198	247
198	260	198	260
199	275	198	276
199	283	198	281
198	302	198	304
199	314	198	315
198	329	198	329
198	341	198	341
198	356	198	357
198	371	198	371
198	386	198	387
201	8	199	9
200	14	199	12
199	75	199	74
201	96	199	98
199	115	199	116
199	134	199	134
200	147	199	147
205	199	199	199
204	200	199	200
203	201	199	201
201	202	199	202
199	203	199	203
199	222	199	222
199	235	199	234
199	247	199	247
199	261	199	261
200	282	199	280
199	302	199	304
199	341	199	341
199	371	199	371
199	387	199	387
202	8	200	10
200	30	200	30
200	56	200	54
200	74	200	73
202	100	200	100
200	116	200	116
200	133	200	133
202	202	200	204
200	222	200	221
200	234	200	234
200	260	200	260
201	276	200	276
202	303	200	305
200	314	200	315
200	329	200	329
200	341	200	341
200	357	200	357
200	371	200	370
201	13	201	12
201	31	201	31
201	53	201	54
201	74	201	73
203	102	201	102
201	134	201	134
201	148	201	148
201	222	201	222
201	235	201	235
201	247	201	247
201	261	201	261
203	279	201	277
203	304	201	306
201	341	201	340
201	357	201	357
201	371	201	370
201	387	201	387
202	13	202	12
202	30	202	30
202	55	202	54
202	73	202	72
204	103	202	105
202	116	202	115
202	133	202	134
202	148	202	148
201	189	202	193
203	205	202	205
202	222	202	221
202	234	202	234
202	248	202	248
202	260	202	260
202	276	202	276
202	315	202	315
202	329	202	329
202	340	202	340
202	357	202	357
202	370	202	370
203	31	203	31
203	54	203	54
203	73	203	73
203	106	203	106
203	116	203	116
203	148	203	148
206	197	203	193
204	205	203	206
203	222	203	222
203	235	203	235
203	247	203	248
203	261	203	261
203	277	203	276
203	329	203	329
203	340	203	340
203	357	203	357
203	387	203	388
204	12	204	12
204	30	204	30
204	54	204	54
204	72	204	72
204	105	204	106
204	134	204	135
204	148	204	147
204	191	204	192
205	206	204	207
204	221	204	221
204	234	204	234
204	248	204	248
204	260	204	260
204	276	204	276
204	314	204	315
204	329	204	329
204	340	204	340
204	357	204	357
204	370	204	369
204	388	204	388
205	13	205	13
205	31	205	31
205	54	205	54
205	73	205	73
205	116	205	116
207	142	205	142
207	143	205	143
207	144	205	144
207	145	205	145
205	192	205	192
205	222	205	222
205	235	205	235
205	261	205	261
205	276	205	276
205	315	205	315
205	329	205	329
205	340	205	340
205	357	205	357
205	369	205	368
205	387	205	388
203	9	206	9
208	10	206	10
208	11	206	11
206	12	206	12
207	13	206	13
206	31	206	31
206	54	206	54
206	72	206	72
206	117	206	116
207	136	206	136
206	147	206	147
205	148	206	148
207	208	206	208
206	222	206	221
206	234	206	235
206	248	206	248
206	260	206	260
206	275	206	276
206	329	206	329
206	340	206	340
209	13	207	14
207	31	207	30
207	54	207	54
207	73	207	73
208	107	207	108
207	116	207	115
209	138	207	138
208	140	207	139
207	146	207	147
207	192	207	191
207	222	207	222
207	235	207	235
207	249	207	249
207	261	207	261
207	276	207	276
207	314	207	314
207	329	207	329
207	340	207	340
207	358	207	357
209	359	207	359
209	360	207	360
208	365	207	364
207	368	207	369
209	31	208	30
208	54	208	54
208	72	208	72
209	109	208	109
208	115	208	115
208	136	208	136
208	147	208	147
208	191	208	190
208	208	208	209
208	222	208	222
208	248	208	248
208	260	208	260
208	314	208	314
210	315	208	315
208	329	208	329
208	340	208	340
208	358	208	357
209	361	208	362
209	364	208	363
208	389	208	388
210	8	209	7
209	54	209	54
209	73	209	73
211	109	209	110
208	111	209	111
208	112	209	112
208	113	209	113
208	114	209	114
209	147	209	147
210	209	209	210
209	222	209	222
209	235	209	236
209	249	209	249
209	261	209	261
209	276	209	276
209	314	209	313
211	316	209	317
209	329	209	329
209	340	209	340
209	357	209	356
209	368	209	370
209	389	209	389
211	7	210	6
211	16	210	15
211	17	210	17
211	30	210	29
210	54	210	54
210	72	210	72
211	116	210	115
210	136	210	135
210	148	210	147
210	190	210	189
211	210	210	211
210	223	210	222
210	236	210	236
210	249	210	249
210	261	210	261
211	313	210	312
212	317	210	318
210	329	210	329
210	340	210	339
211	356	210	355
210	388	210	388
210	14	211	14
211	18	211	18
211	28	211	28
211	54	211	54
211	73	211	73
211	135	211	134
211	148	211	147
212	211	211	212
214	220	211	220
211	249	211	249
211	261	211	261
211	276	211	277
212	312	211	311
212	318	211	319
211	329	211	329
211	340	211	340
212	355	211	354
211	389	211	389
213	14	212	13
211	20	212	19
213	31	212	28
212	54	212	54
213	73	212	73
213	113	212	112
213	115	212	115
212	135	212	134
212	148	212	148
212	189	212	188
216	215	212	215
216	216	212	216
214	218	212	217
212	222	212	223
212	236	212	236
212	249	212	249
212	262	212	261
213	277	212	278
213	311	212	310
213	319	212	320
212	328	212	329
212	339	212	339
212	370	212	372
212	388	212	388
214	13	213	12
211	22	213	20
211	25	213	27
213	54	213	54
213	110	213	110
213	111	213	111
213	134	213	133
213	148	213	148
213	189	213	189
216	190	213	190
216	191	213	191
213	237	213	237
213	249	213	249
213	261	213	261
214	310	213	309
213	340	213	339
213	354	213	353
214	371	213	372
213	388	213	388
215	2	214	3
215	12	214	11
216	19	214	21
214	54	214	54
214	73	214	73
216	110	214	109
214	116	214	116
214	134	214	133
214	148	214	148
214	188	214	187
216	193	214	194
214	211	214	211
214	236	214	237
214	249	214	249
214	261	214	261
214	278	214	279
215	309	214	308
215	329	214	330
214	339	214	338
214	388	214	388
217	3	215	4
216	11	215	10
217	20	215	22
215	30	215	27
215	54	215	54
217	109	215	107
215	133	215	132
215	148	215	148
215	187	215	187
216	194	215	195
215	223	215	225
215	237	215	237
215	249	215	249
215	261	215	261
216	308	215	307
215	340	215	338
215	353	215	352
215	372	215	373
215	388	215	388
218	4	216	5
217	10	216	9
218	29	216	26
216	54	216	54
216	73	216	73
217	108	216	106
216	116	216	117
216	133	216	133
216	148	216	148
217	187	216	186
217	196	216	197
217	202	216	201
216	249	216	248
216	261	216	261
217	279	216	279
220	300	216	300
214	301	216	301
215	302	216	302
216	303	216	303
217	307	216	306
217	329	216	331
216	339	216	338
216	352	216	351
216	371	216	373
216	387	216	387
219	5	217	6
217	54	217	54
217	74	217	74
218	106	217	105
217	132	217	132
218	186	217	185
218	197	217	198
218	201	217	200
218	211	217	210
217	237	217	237
217	249	217	249
217	261	217	261
219	298	217	297
217	304	217	304
217	339	217	339
220	340	217	340
220	341	217	341
220	342	217	342
218	351	217	350
217	372	217	373
219	22	218	23
218	55	218	55
218	73	218	74
219	105	218	104
218	117	218	118
218	148	218	147
219	198	218	199
219	210	218	209
219	226	218	226
218	238	218	238
218	249	218	248
218	261	218	260
218	279	218	279
220	296	218	294
218	305	218	305
220	343	218	345
219	350	218	349
219	386	218	385
218	387	218	387
218	9	219	8
219	54	219	54
219	74	219	74
220	104	219	103
219	132	219	133
219	148	219	147
220	185	219	184
219	200	219	200
220	226	219	227
219	249	219	249
219	261	219	261
219	280	219	280
219	329	219	332
221	339	219	336
221	344	219	346
219	372	219	374
220	385	219	384
219	388	219	388
221	7	220	8
219	29	220	25
220	55	220	55
220	74	220	74
220	118	220	118
220	132	220	133
220	148	220	147
221	184	220	183
221	200	220	201
220	209	220	208
220	238	220	238
220	249	220	248
220	261	220	260
220	279	220	279
221	293	220	292
221	305	220	306
220	328	220	332
222	338	220	335
220	349	220	349
222	373	220	375
221	384	220	383
220	388	220	388
222	8	221	9
221	54	221	54
221	74	221	74
221	103	221	102
221	118	221	118
221	133	221	133
221	147	221	146
222	183	221	182
222	201	221	202
221	208	221	207
221	227	221	228
221	249	221	249
221	279	221	279
222	292	221	291
223	337	221	334
222	384	221	382
221	389	221	389
223	9	222	10
222	27	222	26
222	55	222	55
222	74	222	73
222	102	222	101
222	118	222	117
222	132	222	133
222	147	222	146
223	183	222	181
223	202	222	203
222	208	222	207
222	227	222	228
222	238	222	238
222	249	222	248
222	260	222	260
223	291	222	290
222	305	222	307
222	329	222	332
223	348	222	349
223	374	222	376
223	383	222	381
222	389	222	389
221	23	223	23
222	24	223	24
223	25	223	25
223	54	223	54
223	74	223	74
223	102	223	101
223	118	223	117
223	133	223	133
223	147	223	146
224	182	223	180
224	203	223	204
223	207	223	206
223	227	223	228
223	239	223	239
223	249	223	249
223	260	223	259
223	279	223	280
224	290	223	289
223	306	223	307
223	329	223	332
224	382	223	380
223	390	223	390
224	9	224	10
224	26	224	26
224	55	224	55
224	74	224	73
224	101	224	101
224	117	224	116
224	132	224	133
224	146	224	145
225	204	224	205
224	228	224	228
224	238	224	239
224	248	224	248
224	260	224	259
224	280	224	280
225	290	224	288
225	307	224	308
224	349	224	349
224	390	224	390
225	12	225	11
225	54	225	55
225	74	225	74
225	101	225	101
226	116	225	115
225	133	225	133
225	146	225	145
226	180	225	179
225	206	225	206
225	228	225	228
225	239	225	239
225	249	225	249
225	259	225	259
228	284	225	284
228	285	225	285
228	286	225	286
226	289	225	287
226	335	225	332
225	350	225	350
225	375	225	377
225	391	225	391
227	11	226	12
226	26	226	27
226	55	226	55
226	73	226	73
226	101	226	100
227	115	226	114
226	132	226	133
226	146	226	145
230	174	226	174
230	175	226	175
226	229	226	229
228	236	226	236
228	237	226	237
228	238	226	238
226	239	226	239
226	248	226	248
226	259	226	258
226	281	226	280
226	308	226	308
226	330	226	331
226	349	226	349
228	388	226	388
228	389	226	389
226	390	226	390
227	54	227	55
227	101	227	101
230	170	227	170
230	171	227	171
227	180	227	179
227	206	227	205
229	235	227	234
228	239	227	240
227	249	227	248
227	259	227	258
227	281	227	281
227	309	227	309
227	334	227	332
227	380	227	380
226	381	227	381
230	382	227	382
230	383	227	383
230	384	227	384
230	385	227	385
229	387	227	386
227	391	227	391
229	13	228	13
227	26	228	26
228	27	228	27
228	55	228	55
228	73	228	73
228	101	228	100
228	114	228	113
228	133	228	134
228	145	228	144
230	169	228	167
228	179	228	179
228	206	228	206
228	248	228	247
229	281	228	280
228	308	228	309
229	333	228	331
228	349	228	349
229	391	228	391
230	13	229	14
229	28	229	28
229	73	229	72
229	101	229	101
230	113	229	112
229	133	229	134
229	144	229	143
233	164	229	164
231	167	229	165
229	206	229	205
229	228	229	228
231	230	229	230
229	240	229	241
229	248	229	247
229	258	229	258
229	309	229	309
228	330	229	330
229	349	229	349
229	377	229	377
232	14	230	15
230	28	230	28
230	55	230	55
230	73	230	72
230	101	230	100
230	134	230	134
230	178	230	180
232	195	230	195
233	197	230	197
232	198	230	198
232	199	230	199
232	200	230	200
232	201	230	201
232	202	230	202
232	203	230	203
232	204	230	204
231	205	230	205
231	228	230	227
231	231	230	232
230	241	230	241
230	247	230	246
230	257	230	257
231	278	230	277
230	280	230	280
230	308	230	309
230	332	230	331
230	349	230	348
230	378	230	378
230	391	230	392
232	16	231	16
231	56	231	56
231	73	231	72
231	101	231	101
231	112	231	112
231	143	231	142
233	194	231	192
231	233	231	233
231	241	231	241
231	247	231	246
231	258	231	258
231	276	231	276
231	309	231	309
231	331	231	331
232	348	231	347
233	350	231	352
232	28	232	28
232	55	232	55
232	72	232	72
232	112	232	111
232	134	232	135
232	179	232	181
233	206	232	206
232	227	232	226
233	233	232	234
232	241	232	241
232	246	232	245
232	257	232	257
232	275	232	275
231	279	232	279
232	310	232	309
231	333	232	333
233	334	232	334
233	335	232	335
231	336	232	336
231	337	232	337
231	338	232	338
231	339	232	339
231	340	232	340
233	348	232	346
234	352	232	353
232	378	232	377
233	393	232	393
233	29	233	29
233	56	233	56
233	73	233	73
233	101	233	101
233	112	233	111
234	135	233	136
233	142	233	141
234	180	233	181
234	192	233	191
234	226	233	225
234	234	233	235
235	236	233	236
235	237	233	237
235	238	233	238
235	239	233	239
235	240	233	240
233	241	233	241
233	246	233	245
233	258	233	258
233	280	233	281
233	309	233	309
233	332	233	331
234	341	233	341
234	347	233	345
235	353	233	355
233	377	233	377
234	55	234	56
234	72	234	72
234	102	234	102
234	111	234	111
235	136	234	137
234	141	234	140
234	206	234	207
235	225	234	224
235	241	234	242
234	245	234	244
234	257	234	257
234	281	234	281
234	310	234	309
234	331	234	331
235	342	234	342
235	343	234	343
234	345	234	344
236	354	234	356
234	378	234	377
234	393	234	394
235	28	235	28
235	56	235	56
235	73	235	73
235	112	235	111
236	141	235	139
235	180	235	182
235	258	235	258
235	309	235	308
235	330	235	330
235	344	235	344
237	355	235	357
235	377	235	376
235	394	235	394
236	72	236	72
236	102	236	103
236	111	236	110
236	137	236	138
236	181	236	182
236	207	236	208
237	224	236	223
237	243	236	243
236	257	236	258
236	282	236	282
236	309	236	309
236	330	236	330
236	346	236	344
238	356	236	358
236	377	236	377
236	393	236	394
237	28	237	28
237	56	237	56
238	58	237	58
237	73	237	72
237	111	237	110
237	138	237	138
237	182	237	182
238	223	237	222
237	258	237	258
237	282	237	282
237	309	237	308
237	329	237	329
238	345	237	344
237	377	237	377
239	2	238	3
238	27	238	27
238	55	238	55
239	58	238	59
238	72	238	72
238	139	238	138
237	184	238	183
238	208	238	209
238	243	238	244
238	282	238	281
238	309	238	308
239	357	238	359
239	376	238	376
239	27	239	26
239	73	239	72
239	103	239	105
240	110	239	109
239	182	239	182
239	208	239	209
239	222	239	222
239	244	239	244
239	258	239	258
239	282	239	282
240	329	239	328
240	331	239	332
239	345	239	344
239	394	239	394
241	3	240	4
240	27	240	27
240	54	240	54
241	60	240	60
240	72	240	72
240	139	240	138
240	183	240	183
240	259	240	259
240	281	240	281
240	308	240	308
241	332	240	333
240	344	240	343
240	358	240	360
240	376	240	376
241	27	241	26
242	60	241	61
241	72	241	72
242	105	241	106
242	109	241	108
241	139	241	139
241	183	241	183
241	209	241	209
241	222	241	222
241	244	241	244
241	282	241	281
242	308	241	307
244	319	241	316
241	328	241	327
242	333	241	334
241	376	241	376
243	4	242	5
242	27	242	26
242	53	242	53
242	72	242	72
242	138	242	138
242	183	242	183
242	210	242	210
242	222	242	221
242	245	242	245
242	259	242	259
242	327	242	327
243	334	242	335
242	343	242	342
241	359	242	359
242	376	242	376
243	26	243	25
243	53	243	53
243	61	243	62
243	72	243	72
243	109	243	108
243	139	243	139
243	183	243	183
243	209	243	209
243	222	243	222
243	260	243	260
243	281	243	280
244	307	243	306
243	327	243	327
244	335	243	336
243	342	243	341
243	393	243	393
245	5	244	6
244	26	244	26
244	52	244	52
244	73	244	73
244	109	244	108
244	138	244	138
244	183	244	183
244	210	244	209
244	222	244	221
244	244	244	244
244	246	244	246
244	281	244	280
245	306	244	305
244	327	244	326
245	336	244	337
245	341	244	340
243	375	244	375
244	393	244	392
245	8	245	7
245	25	245	25
245	53	245	53
245	62	245	63
245	72	245	72
245	108	245	108
245	139	245	139
245	183	245	183
245	222	245	222
245	247	245	247
245	260	245	260
246	280	245	279
245	327	245	326
246	340	245	339
245	375	245	375
245	393	245	393
248	7	246	8
246	26	246	26
246	63	246	63
246	73	246	72
246	108	246	108
246	138	246	139
246	183	246	183
246	210	246	209
246	222	246	222
246	243	246	243
246	247	246	247
246	261	246	261
246	305	246	304
246	326	246	326
247	338	246	338
246	375	246	375
247	393	246	393
249	8	247	9
247	25	247	25
247	53	247	54
247	72	247	72
247	108	247	108
247	139	247	139
247	183	247	183
247	210	247	210
247	222	247	222
247	243	247	243
247	248	247	248
247	260	247	260
247	279	247	278
247	326	247	326
247	339	247	339
247	375	247	375
249	393	247	394
249	10	248	10
248	26	248	25
249	54	248	55
248	63	248	63
248	73	248	72
248	108	248	108
248	139	248	139
248	183	248	183
248	222	248	222
248	242	248	242
248	261	248	261
248	278	248	277
248	304	248	303
248	326	248	326
248	338	248	339
248	375	248	375
250	55	249	56
249	72	249	72
249	108	249	108
249	139	249	138
249	183	249	183
249	210	249	209
249	242	249	242
249	249	249	249
249	278	249	277
249	303	249	303
249	375	249	375
251	11	250	11
250	25	250	25
250	63	250	63
250	73	250	72
250	108	250	108
250	139	250	139
250	183	250	183
250	222	250	223
250	241	250	241
250	250	250	250
250	261	250	261
251	277	250	276
250	303	250	302
250	326	250	326
250	339	250	339
250	374	250	374
252	11	251	12
251	26	251	26
251	56	251	56
251	64	251	64
251	72	251	71
251	108	251	108
251	139	251	138
253	208	251	207
251	209	251	209
251	223	251	223
251	241	251	241
251	251	251	251
251	262	251	262
251	303	251	302
251	340	251	340
251	375	251	374
253	12	252	13
253	56	252	57
252	63	252	63
252	72	252	72
252	108	252	108
252	139	252	139
252	183	252	183
254	207	252	205
253	209	252	210
252	222	252	223
252	240	252	241
252	251	252	251
252	261	252	261
252	276	252	276
252	302	252	301
252	326	252	327
252	339	252	340
252	374	252	374
254	13	253	14
252	25	253	25
254	57	253	58
253	64	253	63
253	72	253	72
253	108	253	107
253	138	253	138
255	205	253	203
253	223	253	223
253	252	253	252
253	262	253	262
253	276	253	275
253	302	253	301
253	326	253	327
253	340	253	340
253	374	253	374
255	23	254	23
255	24	254	24
254	26	254	25
254	63	254	63
254	72	254	71
254	108	254	107
254	139	254	139
256	140	254	140
256	141	254	141
256	142	254	142
256	143	254	143
256	144	254	144
256	145	254	145
256	146	254	146
256	147	254	147
256	148	254	148
254	183	254	183
256	203	254	201
254	240	254	241
254	261	254	261
254	301	254	300
254	326	254	327
254	374	254	374
255	14	255	15
255	22	255	21
255	58	255	59
255	63	255	63
255	72	255	71
255	108	255	107
255	138	255	138
256	149	255	150
255	184	255	184
257	202	255	200
255	212	255	213
255	223	255	223
256	241	255	242
255	252	255	253
255	262	255	262
255	275	255	274
256	299	255	298
257	303	255	304
255	326	255	327
254	339	255	339
257	15	256	16
258	17	256	17
256	21	256	20
256	26	256	26
257	59	256	60
259	61	256	61
256	62	256	62
256	108	256	107
256	183	256	184
257	213	256	214
257	242	256	243
256	253	256	253
256	261	256	261
256	275	256	274
257	297	256	296
257	304	256	305
256	327	256	327
256	374	256	374
257	20	257	20
257	72	257	70
257	107	257	107
257	138	257	137
257	184	257	184
258	200	257	199
257	223	257	223
258	243	257	244
257	253	257	253
257	262	257	262
257	275	257	274
258	295	257	294
259	306	257	307
257	327	257	327
257	339	257	339
257	374	257	374
258	19	258	19
258	27	258	27
259	62	258	64
259	71	258	70
258	184	258	184
259	199	258	198
259	215	258	215
258	224	258	224
259	244	258	245
258	253	258	253
258	262	258	262
259	293	258	292
260	307	258	308
258	327	258	327
258	374	258	374
259	19	259	19
259	28	259	28
259	107	259	107
259	137	259	136
260	198	259	197
260	215	259	216
259	223	259	223
260	245	259	246
259	253	259	253
259	262	259	262
259	274	259	274
260	290	259	290
260	291	259	291
261	308	259	309
259	327	259	327
259	339	259	339
259	374	259	373
260	18	260	18
261	64	260	65
261	70	260	69
260	107	260	106
260	137	260	136
260	184	260	185
261	216	260	217
260	224	260	223
261	247	260	247
260	252	260	252
260	262	260	262
262	285	260	285
261	287	260	287
261	288	260	288
262	309	260	310
260	327	260	327
260	339	260	339
260	374	260	373
261	18	261	18
261	29	261	29
261	107	261	106
261	136	261	136
262	197	261	196
262	217	261	218
261	223	261	222
261	248	261	248
260	249	261	249
260	250	261	250
260	251	261	251
261	262	261	262
261	274	261	274
263	310	261	311
261	327	261	327
261	339	261	339
261	373	261	372
262	17	262	17
262	29	262	29
263	65	262	66
263	69	262	68
262	106	262	106
262	136	262	136
262	185	262	186
262	196	262	195
263	218	262	219
262	223	262	222
262	254	262	252
262	262	262	262
262	274	262	273
263	284	262	282
264	311	262	312
262	327	262	327
262	339	262	338
263	17	263	16
263	30	263	30
263	107	263	106
263	136	263	135
263	186	263	186
263	195	263	195
263	222	263	221
263	254	263	252
263	262	263	262
263	274	263	273
263	326	263	326
263	339	263	338
263	372	263	371
264	16	264	16
264	29	264	29
264	65	264	67
264	106	264	105
264	187	264	186
264	220	264	220
264	253	264	252
264	262	264	262
264	274	264	274
265	282	264	280
264	327	264	327
264	338	264	338
264	371	264	370
265	30	265	29
265	66	265	67
265	106	265	105
265	136	265	135
265	187	265	187
265	219	265	220
265	253	265	253
265	263	265	262
265	326	265	326
265	339	265	338
265	371	265	371
266	16	266	16
266	29	266	28
266	68	266	67
266	105	266	105
266	136	266	135
266	219	266	220
266	252	266	252
266	263	266	262
266	274	266	274
266	327	266	327
266	338	266	338
266	370	266	370
267	16	267	15
267	29	267	29
267	67	267	67
267	188	267	188
267	220	267	220
267	252	267	252
267	263	267	263
267	275	267	274
267	326	267	326
267	338	267	337
267	370	267	370
268	16	268	15
268	28	268	28
268	67	268	67
268	105	268	104
268	136	268	135
268	189	268	189
268	252	268	252
268	263	268	263
268	275	268	274
268	326	268	325
269	337	268	336
268	370	268	369
269	15	269	15
269	29	269	28
269	67	269	67
269	105	269	104
269	136	269	135
269	221	269	220
269	252	269	252
269	263	269	263
269	276	269	276
269	326	269	326
270	336	269	335
269	370	269	369
270	14	270	14
270	28	270	27
270	67	270	67
270	105	270	104
270	135	270	135
272	136	270	136
273	138	270	138
273	139	270	139
273	140	270	140
273	141	270	141
273	142	270	142
273	143	270	143
273	144	270	144
273	145	270	145
273	146	270	146
273	147	270	147
271	154	270	154
270	190	270	190
270	221	270	221
270	253	270	252
270	263	270	263
270	276	270	276
270	325	270	326
271	336	270	334
270	369	270	369
271	15	271	14
271	28	271	28
271	68	271	67
271	105	271	104
271	135	271	134
273	150	271	150
271	191	271	191
271	221	271	220
271	252	271	252
272	263	271	263
271	277	271	277
272	335	271	333
271	369	271	368
272	14	272	14
272	27	272	27
272	67	272	67
272	104	272	104
272	221	272	221
272	253	272	252
273	278	272	278
272	325	272	327
273	334	272	332
272	369	272	369
273	13	273	14
273	27	273	27
273	68	273	68
274	135	273	134
272	154	273	153
273	191	273	191
273	220	273	220
273	252	273	252
273	263	273	263
274	264	273	264
273	325	273	327
275	333	273	331
273	369	273	368
274	14	274	14
274	27	274	27
274	67	274	67
274	104	274	104
275	152	274	153
274	192	274	192
274	220	274	220
274	263	274	262
274	265	274	265
275	266	274	266
274	279	274	279
276	332	274	330
274	368	274	368
275	13	275	13
275	26	275	26
275	68	275	67
275	104	275	104
276	133	275	132
275	134	275	134
275	193	275	193
275	220	275	220
274	245	275	244
275	251	275	251
275	258	275	258
275	259	275	259
275	260	275	260
275	261	275	261
276	266	275	267
275	280	275	280
277	331	275	329
275	368	275	368
276	12	276	13
276	26	276	26
276	67	276	67
276	104	276	104
277	132	276	131
278	135	276	135
278	136	276	136
276	153	276	154
276	192	276	193
276	219	276	219
275	246	276	245
276	250	276	250
276	262	276	261
277	267	276	268
277	280	276	281
277	326	276	327
276	368	276	367
277	13	277	13
277	26	277	26
277	67	277	67
277	104	277	104
278	131	277	130
279	137	277	138
277	153	277	154
277	193	277	193
277	219	277	219
276	247	277	246
277	250	277	250
277	261	277	260
277	270	277	269
278	330	277	328
277	368	277	368
278	12	278	12
278	26	278	26
278	67	278	67
278	104	278	103
280	138	278	139
279	154	278	155
278	193	278	193
278	219	278	219
277	248	278	248
277	249	278	249
278	251	278	250
278	260	278	259
278	269	278	269
278	281	278	281
279	329	278	327
278	367	278	367
279	13	279	12
279	26	279	26
279	67	279	67
279	104	279	104
280	130	279	129
281	139	279	141
279	193	279	193
279	218	279	219
279	251	279	251
279	259	279	258
279	269	279	269
279	282	279	282
278	326	279	326
279	368	279	367
280	12	280	12
280	25	280	26
280	67	280	67
280	104	280	103
281	129	280	128
282	141	280	142
280	193	280	193
280	219	280	219
280	251	280	251
280	258	280	257
280	269	280	269
281	283	280	283
280	327	280	326
281	367	280	368
281	12	281	12
281	26	281	26
281	67	281	67
281	104	281	104
282	128	281	127
283	142	281	143
281	193	281	193
281	218	281	219
281	252	281	252
281	253	281	253
281	254	281	254
281	255	281	255
281	256	281	256
281	269	281	269
281	326	281	326
282	11	282	11
282	25	282	25
282	67	282	67
282	104	282	103
283	127	282	126
284	143	282	144
282	193	282	192
282	219	282	219
282	251	282	251
282	284	282	284
282	325	282	325
282	367	282	369
283	11	283	11
283	26	283	26
283	67	283	67
283	104	283	104
284	127	283	125
285	144	283	145
283	154	283	155
283	193	283	193
283	220	283	220
283	250	283	251
283	269	283	269
283	326	283	325
284	11	284	11
284	25	284	25
284	67	284	67
284	104	284	103
285	145	284	146
284	155	284	155
284	193	284	192
284	219	284	219
284	251	284	251
284	269	284	269
284	284	284	285
284	325	284	324
285	369	284	370
285	11	285	10
285	26	285	26
285	67	285	67
285	104	285	104
286	125	285	124
286	146	285	147
285	154	285	155
285	193	285	193
285	220	285	220
285	250	285	251
285	269	285	268
285	325	285	325
286	370	285	371
286	10	286	9
286	25	286	25
286	67	286	67
286	104	286	103
288	119	286	119
288	120	286	120
288	121	286	121
286	155	286	155
286	192	286	192
286	219	286	220
286	251	286	251
286	269	286	268
286	285	286	286
287	292	286	291
286	325	286	325
287	10	287	10
287	26	287	26
287	104	287	104
288	118	287	117
287	124	287	123
287	193	287	193
287	220	287	220
287	251	287	251
287	268	287	268
287	286	287	286
287	325	287	325
288	9	288	9
288	25	288	26
288	67	288	67
288	104	288	104
288	123	288	123
288	155	288	155
288	192	288	191
290	193	288	194
288	220	288	220
288	251	288	251
288	267	288	267
289	288	288	288
289	290	288	289
288	291	288	291
288	325	288	325
289	372	288	373
289	9	289	9
289	25	289	26
289	68	289	68
289	104	289	104
289	117	289	116
289	123	289	123
289	154	289	155
290	191	289	190
291	195	289	195
289	220	289	220
289	251	289	251
289	268	289	267
289	286	289	286
290	291	289	292
289	325	289	325
290	373	289	374
290	9	290	8
290	25	290	26
290	68	290	67
291	69	290	69
290	104	290	104
291	116	290	115
290	123	290	123
290	155	290	155
291	196	290	197
290	251	290	251
290	267	290	267
290	285	290	285
291	292	290	293
290	325	290	325
291	374	290	375
291	8	291	7
291	25	291	26
291	67	291	67
292	70	291	70
291	105	291	105
291	123	291	123
291	190	291	189
292	198	291	199
291	221	291	221
291	251	291	251
291	266	291	266
291	285	291	284
292	295	291	295
291	325	291	325
292	375	291	376
292	8	292	8
292	26	292	26
292	66	292	66
292	104	292	104
292	115	292	114
292	123	292	123
292	154	292	154
292	189	292	188
294	200	292	201
292	220	292	221
292	251	292	250
292	265	292	265
292	284	292	284
292	325	292	325
293	66	293	66
293	71	293	71
293	114	293	113
293	124	293	124
293	154	293	153
294	188	293	187
294	201	293	202
293	221	293	221
293	251	293	250
294	265	293	264
293	283	293	283
293	325	293	325
293	376	293	377
294	7	294	7
294	26	294	26
294	65	294	65
294	72	294	72
294	104	294	104
294	124	294	124
294	154	294	153
295	187	294	186
295	202	294	203
297	204	294	204
294	220	294	221
294	250	294	250
295	264	294	263
294	283	294	282
295	296	294	296
294	325	294	325
295	8	295	8
295	65	295	65
295	73	295	72
295	104	295	104
295	113	295	112
295	124	295	123
295	153	295	152
296	186	295	185
295	221	295	221
295	250	295	250
297	278	295	278
297	279	295	279
295	282	295	281
295	376	295	378
298	10	296	10
298	11	296	11
298	12	296	12
298	13	296	13
298	14	296	14
298	15	296	15
298	16	296	16
296	26	296	26
296	64	296	64
296	73	296	73
296	104	296	104
296	124	296	123
296	153	296	153
297	154	296	154
297	155	296	155
297	156	296	156
297	185	296	184
296	220	296	220
296	250	296	250
296	263	296	262
299	274	296	274
298	275	296	275
296	282	296	281
296	296	296	297
296	326	296	326
296	377	296	378
297	8	297	8
298	17	297	18
297	27	297	27
297	64	297	64
297	74	297	74
297	105	297	105
298	112	297	111
297	124	297	124
297	221	297	221
297	250	297	249
297	262	297	262
297	281	297	281
297	297	297	297
297	327	297	327
298	328	297	328
300	5	298	5
298	63	298	63
298	106	298	105
299	123	298	123
299	151	298	150
298	152	298	152
298	184	298	183
298	220	298	221
298	249	298	249
298	298	298	298
298	326	298	326
299	330	298	330
298	378	298	379
300	4	299	3
300	7	299	7
300	19	299	19
299	27	299	27
299	63	299	63
299	75	299	75
299	106	299	106
299	111	299	110
299	125	299	124
300	150	299	149
301	152	299	153
299	183	299	182
299	221	299	221
299	249	299	248
299	262	299	261
299	281	299	282
299	325	299	325
300	331	299	331
299	378	299	379
301	3	300	2
300	62	300	62
300	76	300	76
300	107	300	107
301	144	300	144
301	149	300	148
300	220	300	220
300	248	300	248
300	261	300	261
301	297	300	297
300	298	300	298
300	325	300	325
301	331	300	332
300	378	300	379
301	7	301	8
301	19	301	20
301	27	301	28
301	62	301	62
301	77	301	77
301	107	301	107
301	110	301	110
302	145	301	145
299	146	301	146
302	147	301	147
301	182	301	181
301	221	301	221
301	247	301	247
301	249	301	249
301	261	301	260
301	282	301	283
302	28	302	28
302	61	302	61
302	77	302	77
302	108	302	108
302	112	302	111
302	181	302	181
302	220	302	220
302	246	302	245
302	250	302	250
302	260	302	259
302	282	302	283
302	298	302	298
302	324	302	324
303	333	302	333
302	379	302	378
303	8	303	9
303	20	303	20
303	61	303	61
303	78	303	78
303	108	303	107
303	112	303	112
303	181	303	180
303	208	303	208
302	209	303	209
303	221	303	221
303	245	303	244
303	251	303	251
304	259	303	258
303	324	303	324
304	333	303	334
303	379	303	378
305	9	304	10
304	28	304	28
304	61	304	61
304	73	304	73
304	74	304	74
304	75	304	75
304	76	304	76
304	77	304	77
304	107	304	107
304	113	304	113
304	220	304	220
304	244	304	244
303	253	304	253
303	254	304	254
304	255	304	255
305	258	304	257
304	283	304	283
304	298	304	298
304	378	304	377
306	10	305	11
305	20	305	21
305	29	305	29
305	61	305	61
305	71	305	71
305	78	305	78
305	107	305	107
305	114	305	114
305	180	305	179
305	210	305	210
305	221	305	221
305	243	305	243
305	251	305	252
305	256	305	256
305	323	305	323
306	335	305	335
305	378	305	377
308	64	306	64
308	65	306	65
306	70	306	69
306	79	306	79
306	106	306	106
306	114	306	114
306	179	306	179
306	220	306	220
306	243	306	242
306	251	306	252
306	256	306	256
306	283	306	284
306	298	306	298
306	377	306	376
307	11	307	12
307	29	307	29
307	62	307	61
307	69	307	68
307	80	307	80
307	106	307	106
307	115	307	114
308	178	307	177
308	179	307	180
307	221	307	221
307	242	307	241
307	251	307	252
307	257	307	256
307	284	307	284
307	322	307	322
307	335	307	336
307	377	307	376
309	12	308	12
308	21	308	21
308	68	308	68
308	80	308	79
308	107	308	106
308	114	308	114
309	177	308	176
309	180	308	181
308	220	308	220
308	241	308	241
308	251	308	252
308	257	308	257
308	298	308	298
308	322	308	322
308	336	308	336
308	376	308	375
310	12	309	13
310	21	309	22
308	28	309	28
309	29	309	29
309	62	309	62
308	67	309	67
309	80	309	80
309	107	309	106
310	175	309	175
309	240	309	240
309	251	309	252
309	257	309	257
309	284	309	283
309	298	309	298
309	322	309	322
310	375	309	374
309	376	309	376
310	81	310	80
310	107	310	107
311	174	310	173
311	182	310	182
310	220	310	220
311	252	310	252
310	256	310	256
310	283	310	283
310	299	310	299
310	321	310	322
311	337	310	337
310	374	310	373
311	376	310	377
311	12	311	14
312	21	311	22
311	62	311	62
311	80	311	80
312	81	311	81
311	108	311	107
312	173	311	172
312	182	311	183
311	219	311	219
311	240	311	239
312	252	311	253
311	256	311	256
311	284	311	283
311	298	311	298
311	322	311	322
312	372	311	371
312	377	311	378
312	13	312	14
312	29	312	29
312	62	312	62
312	108	312	108
313	172	312	171
313	184	312	185
312	220	312	220
312	239	312	239
312	255	312	255
312	283	312	282
312	337	312	338
312	371	312	370
314	378	312	379
313	21	313	22
313	62	313	62
313	80	313	79
313	109	313	109
314	171	313	170
314	185	313	186
313	219	313	219
313	239	313	238
313	255	313	254
313	282	313	282
313	322	313	322
313	338	313	338
315	379	313	380
314	29	314	29
314	62	314	62
315	80	314	78
314	109	314	108
314	170	314	169
314	219	314	219
314	239	314	238
314	254	314	254
314	298	314	298
314	323	314	323
315	22	315	22
315	28	315	29
315	62	315	61
315	109	315	108
316	110	315	111
315	169	315	168
315	186	315	187
315	219	315	219
315	238	315	238
315	254	315	254
315	282	315	281
315	299	315	299
315	323	315	323
315	338	315	339
316	23	316	23
316	27	316	29
316	62	316	62
316	79	316	78
316	168	316	168
316	187	316	187
316	218	316	218
316	254	316	254
316	281	316	280
316	298	316	299
316	323	316	323
316	338	316	339
317	28	317	29
317	109	317	108
317	168	317	167
317	219	317	219
317	238	317	238
317	253	317	253
317	280	317	279
317	338	317	339
318	60	318	60
318	63	318	62
318	78	318	77
319	109	318	109
319	166	318	166
318	187	318	188
318	218	318	218
318	238	318	237
318	253	318	252
318	258	318	258
318	279	318	278
318	298	318	298
318	323	318	323
318	339	318	339
319	27	319	28
319	59	319	59
319	77	319	76
320	165	319	164
319	188	319	188
319	219	319	219
319	238	319	238
319	253	319	253
319	278	319	278
319	299	319	299
319	339	319	339
321	21	320	21
320	59	320	59
320	64	320	64
319	65	320	65
319	66	320	66
319	67	320	67
319	68	320	68
319	69	320	69
319	70	320	70
320	71	320	71
320	72	320	72
320	73	320	73
320	74	320	74
320	75	320	75
320	110	320	110
320	164	320	163
320	188	320	188
320	218	320	218
320	238	320	237
320	253	320	252
320	278	320	277
320	323	320	324
320	339	320	339
321	22	321	22
320	26	321	27
321	58	321	58
321	64	321	63
321	76	321	76
321	109	321	109
321	163	321	162
321	188	321	188
321	218	321	217
321	237	321	237
321	253	321	253
321	278	321	277
323	297	321	297
321	298	321	298
321	324	321	324
321	339	321	339
321	24	322	24
321	25	322	25
322	26	322	26
323	27	322	27
322	58	322	58
322	65	322	64
322	75	322	75
322	110	322	110
322	162	322	162
322	188	322	188
322	218	322	218
322	238	322	238
322	239	322	239
322	254	322	254
323	277	322	276
324	299	322	300
322	324	322	324
323	57	323	57
323	66	323	65
323	75	323	74
323	109	323	109
323	162	323	161
323	188	323	188
323	217	323	217
323	237	323	237
323	241	323	240
323	255	323	255
324	276	323	275
324	295	323	294
324	300	323	301
323	324	323	324
323	339	323	339
324	27	324	27
324	57	324	56
325	64	324	63
324	67	324	66
324	74	324	74
324	110	324	110
324	161	324	160
324	188	324	187
324	217	324	217
324	243	324	242
325	255	324	255
324	324	324	324
325	28	325	28
325	57	325	56
325	63	325	62
325	67	325	67
325	73	325	73
325	109	325	109
325	161	325	160
325	188	325	188
325	217	325	217
325	236	325	236
325	243	325	243
325	276	325	274
326	293	325	292
325	301	325	302
325	324	325	324
325	339	325	339
326	28	326	28
326	58	326	58
326	59	326	59
326	60	326	60
326	62	326	61
326	68	326	68
326	72	326	72
326	110	326	110
326	161	326	160
326	187	326	187
326	217	326	217
326	235	326	235
326	244	326	244
326	256	326	255
326	275	326	274
327	293	326	291
327	12	327	12
327	29	327	28
327	57	327	56
327	69	327	69
327	72	327	72
327	109	327	109
327	160	327	160
327	187	327	187
327	217	327	217
327	235	327	235
327	245	327	245
327	256	327	256
327	275	327	274
328	292	327	290
327	302	327	303
327	324	327	324
327	339	327	340
328	11	328	11
328	28	328	28
329	29	328	29
330	30	328	30
328	56	328	55
328	70	328	70
328	71	328	71
328	110	328	110
328	161	328	160
328	187	328	187
328	217	328	217
328	234	328	234
328	244	328	245
328	256	328	255
328	275	328	275
329	303	328	304
328	340	328	340
329	12	329	12
330	28	329	27
330	31	329	32
329	56	329	55
329	72	329	72
329	109	329	109
329	161	329	160
329	187	329	186
329	217	329	216
329	245	329	245
329	256	329	256
329	291	329	290
330	304	329	305
329	324	329	324
329	339	329	340
330	11	330	11
331	27	330	26
331	32	330	33
330	55	330	55
330	71	330	71
330	110	330	110
330	161	330	161
330	187	330	187
330	217	330	217
330	234	330	234
330	245	330	245
330	290	330	289
331	305	330	306
330	340	330	340
331	11	331	11
331	55	331	55
331	71	331	71
331	109	331	109
331	161	331	161
331	186	331	186
331	216	331	216
331	245	331	245
331	256	331	256
331	324	331	324
331	340	331	340
331	394	331	394
332	11	332	11
332	26	332	25
332	55	332	54
332	72	332	72
332	110	332	110
332	161	332	160
332	187	332	186
332	217	332	216
332	234	332	234
332	246	332	246
332	289	332	289
332	340	332	340
332	394	332	394
333	11	333	11
334	25	333	24
333	55	333	54
333	72	333	71
333	109	333	109
333	161	333	161
333	186	333	186
333	216	333	216
333	245	333	245
333	256	333	256
333	289	333	289
333	324	333	324
333	340	333	340
333	394	333	394
334	10	334	10
334	24	334	23
334	54	334	54
334	71	334	71
334	110	334	110
334	161	334	160
334	186	334	185
334	216	334	216
334	235	334	234
334	246	334	246
334	255	334	255
334	289	334	288
334	323	334	323
334	393	334	394
335	11	335	11
335	23	335	22
335	54	335	54
335	71	335	70
335	109	335	109
335	161	335	161
335	186	335	186
335	216	335	216
335	245	335	245
335	256	335	256
335	289	335	289
335	324	335	324
335	340	335	340
335	394	335	394
336	10	336	10
336	22	336	21
336	54	336	54
336	71	336	71
336	110	336	110
336	162	336	161
336	185	336	186
337	237	336	237
336	246	336	246
336	255	336	255
336	289	336	289
336	323	336	323
336	339	336	340
336	393	336	393
337	11	337	11
337	21	337	21
337	54	337	54
337	70	337	70
337	110	337	110
337	161	337	161
337	186	337	186
337	216	337	216
338	238	337	238
337	246	337	245
337	256	337	256
337	340	337	340
337	394	337	394
338	10	338	11
338	21	338	20
338	54	338	54
338	70	338	70
338	109	338	110
338	161	338	161
338	185	338	186
338	217	338	217
339	238	338	239
338	246	338	246
338	255	338	255
338	289	338	289
338	323	338	323
338	340	338	340
338	393	338	393
339	11	339	11
339	20	339	20
339	54	339	54
339	70	339	70
339	110	339	110
339	160	339	160
339	186	339	186
339	216	339	217
339	246	339	246
339	256	339	255
340	288	339	288
340	291	339	292
339	323	339	323
340	12	340	12
340	19	340	19
340	54	340	54
340	70	340	69
340	110	340	110
340	161	340	160
340	186	340	186
340	217	340	217
340	239	340	239
340	246	340	246
340	255	340	255
340	323	340	323
340	340	340	340
340	393	340	393
341	19	341	18
341	54	341	54
341	69	341	69
341	110	341	110
341	161	341	161
341	186	341	185
341	240	341	240
341	246	341	246
341	256	341	256
341	322	341	322
341	340	341	340
341	393	341	393
342	12	342	13
343	18	342	17
342	54	342	54
342	70	342	69
342	111	342	111
342	160	342	160
342	186	342	186
342	217	342	217
342	241	342	241
342	246	342	246
342	255	342	255
342	323	342	323
342	340	342	340
342	393	342	393
344	14	343	14
344	15	343	15
344	16	343	16
343	54	343	54
343	69	343	69
343	111	343	110
343	160	343	159
343	186	343	186
343	241	343	241
343	256	343	256
343	322	343	322
343	340	343	339
343	393	343	393
344	17	344	17
344	54	344	54
344	69	344	69
344	111	344	111
344	159	344	159
344	186	344	186
344	217	344	217
344	241	344	241
344	246	344	246
344	255	344	255
344	322	344	321
345	339	344	338
345	341	344	342
344	392	344	393
345	18	345	17
345	54	345	54
345	69	345	69
345	111	345	111
345	159	345	158
345	186	345	186
345	218	345	218
345	242	345	242
345	246	345	246
345	256	345	256
345	322	345	322
345	338	345	337
345	393	345	393
346	17	346	17
346	53	346	54
346	68	346	69
346	112	346	112
346	113	346	113
346	114	346	114
346	115	346	115
346	116	346	116
347	117	346	117
346	218	346	218
346	242	346	242
346	245	346	245
346	255	346	255
346	321	346	321
346	337	346	336
347	343	346	343
346	392	346	392
347	17	347	17
347	54	347	54
347	69	347	69
347	111	347	111
347	118	347	118
347	158	347	158
347	186	347	186
347	218	347	218
347	243	347	243
347	245	347	245
347	256	347	256
347	321	347	321
348	335	347	334
348	343	347	344
347	393	347	393
348	17	348	16
348	53	348	53
348	69	348	69
348	111	348	110
348	157	348	156
348	186	348	186
348	244	348	244
348	255	348	255
348	321	348	321
349	334	348	333
349	344	348	345
348	392	348	392
349	18	349	18
349	54	349	54
349	69	349	69
349	110	349	110
349	120	349	120
350	156	349	155
349	185	349	185
349	218	349	218
349	244	349	244
349	256	349	256
349	320	349	320
350	345	349	346
349	393	349	393
350	53	350	53
350	69	350	69
350	109	350	109
351	155	350	154
351	186	350	186
352	187	350	187
352	188	350	188
346	191	350	189
350	244	350	244
350	255	350	256
350	320	350	320
350	333	350	332
351	346	350	347
350	392	350	392
351	19	351	19
351	54	351	54
351	70	351	70
351	120	351	121
351	185	351	184
353	189	351	190
351	218	351	218
351	245	351	245
351	256	351	256
351	320	351	320
351	332	351	331
351	350	351	348
352	20	352	20
352	53	352	53
352	69	352	69
352	109	352	109
352	121	352	121
352	184	352	184
353	190	352	191
352	244	352	244
352	256	352	256
352	320	352	320
352	331	352	331
352	347	352	348
352	392	352	392
353	54	353	54
353	70	353	70
353	121	353	121
353	183	353	183
354	191	353	192
353	218	353	218
353	245	353	245
353	256	353	256
353	319	353	319
353	331	353	331
353	348	353	348
353	392	353	392
354	20	354	21
354	53	354	54
354	69	354	69
354	109	354	109
354	121	354	121
354	183	354	182
355	192	354	193
354	218	354	218
354	244	354	244
354	256	354	256
354	320	354	320
354	331	354	330
354	348	354	348
354	391	354	392
355	21	355	21
355	54	355	54
355	70	355	70
355	110	355	110
355	122	355	122
355	182	355	181
356	193	355	194
355	218	355	218
355	245	355	244
355	318	355	317
355	319	355	320
355	330	355	330
355	347	355	347
355	392	355	392
356	21	356	21
356	70	356	70
356	121	356	121
356	181	356	181
356	217	356	217
356	256	356	256
356	317	356	316
356	330	356	330
357	346	356	345
356	391	356	391
357	54	357	54
357	70	357	70
357	110	357	111
357	122	357	122
357	180	357	181
357	194	357	195
357	218	357	218
357	244	357	244
357	256	357	256
357	316	357	315
358	321	357	321
357	330	357	330
357	392	357	392
358	22	358	21
358	70	358	70
358	111	358	111
358	121	358	121
359	178	358	177
359	195	358	196
358	217	358	217
358	243	358	243
358	257	358	257
359	315	358	314
358	329	358	329
358	391	358	391
359	54	359	55
359	122	359	122
359	181	359	182
359	217	359	217
360	256	359	256
359	322	359	322
359	330	359	330
359	391	359	391
360	22	360	22
360	55	360	55
360	70	360	70
360	111	360	112
360	122	360	121
360	177	360	176
360	196	360	196
362	198	360	199
360	217	360	217
359	242	360	242
360	314	360	313
360	322	360	322
360	329	360	330
360	391	360	391
361	22	361	22
361	55	361	55
361	71	361	71
361	122	361	122
362	176	361	175
361	182	361	183
361	195	361	195
361	216	361	216
361	241	361	241
361	252	361	252
360	253	361	253
360	254	361	254
360	255	361	255
361	256	361	256
361	313	361	312
361	323	361	323
361	330	361	330
361	391	361	391
362	1	362	1
362	70	362	71
362	113	362	113
362	122	362	121
362	183	362	183
362	195	362	195
362	216	362	216
362	240	362	241
361	251	362	251
362	257	362	256
362	313	362	312
362	323	362	322
362	329	362	329
362	390	362	390
363	22	363	22
363	55	363	56
363	71	363	71
363	123	363	122
363	183	363	183
363	194	363	195
363	216	363	216
363	250	363	250
363	257	363	257
363	313	363	312
363	322	363	322
363	330	363	330
363	391	363	391
364	21	364	22
364	56	364	56
364	72	364	72
364	114	364	114
364	122	364	122
364	184	364	183
364	216	364	215
364	240	364	240
364	249	364	249
364	257	364	257
364	313	364	312
364	330	364	329
364	390	364	390
365	22	365	22
365	56	365	55
365	71	365	71
365	115	365	115
365	121	365	122
365	215	365	215
365	248	365	249
365	312	365	312
365	330	365	329
365	390	365	390
366	21	366	22
366	55	366	54
367	57	366	58
366	72	366	72
366	114	366	114
366	122	366	122
366	183	366	183
366	215	366	214
366	238	366	239
366	257	366	256
366	312	366	312
366	329	366	328
366	390	366	390
367	22	367	22
367	54	367	54
367	71	367	72
367	115	367	115
367	121	367	122
367	182	367	182
367	214	367	214
367	248	367	248
367	256	367	256
367	269	367	269
367	312	367	312
367	328	367	328
367	390	367	390
368	53	368	53
369	59	368	59
368	72	368	72
368	115	368	114
368	122	368	122
368	214	368	213
368	269	368	269
368	313	368	312
368	328	368	328
368	389	368	389
368	21	369	21
369	53	369	52
370	59	369	60
369	73	369	73
369	115	369	115
369	122	369	121
369	213	369	213
368	239	369	239
369	247	369	248
369	256	369	256
369	312	369	312
369	327	369	327
369	390	369	390
370	22	370	22
370	52	370	52
371	60	370	61
370	72	370	73
370	116	370	115
370	121	370	121
370	213	370	212
370	241	370	240
370	255	370	255
370	269	370	269
370	313	370	312
370	389	370	389
371	22	371	21
371	51	371	51
372	61	371	62
371	73	371	73
371	116	371	116
371	121	371	120
371	212	371	212
371	246	371	247
371	256	371	255
371	270	371	270
371	312	371	312
371	327	371	327
371	389	371	389
372	21	372	21
372	72	372	73
372	116	372	116
372	120	372	119
372	212	372	211
372	242	372	240
372	255	372	255
372	313	372	312
372	389	372	389
373	51	373	51
373	62	373	63
373	73	373	73
373	117	373	117
373	118	373	118
373	211	373	210
373	245	373	247
373	255	373	255
373	270	373	271
373	312	373	312
373	327	373	328
373	389	373	389
372	16	374	15
374	20	374	21
375	51	374	52
374	73	374	73
374	116	374	116
374	211	374	210
373	243	374	241
374	247	374	247
374	254	374	254
374	271	374	271
374	313	374	313
374	328	374	328
374	388	374	388
374	18	375	16
376	53	375	53
375	63	375	64
375	116	375	116
375	210	375	210
375	312	375	312
375	328	375	328
375	388	375	388
376	64	376	64
376	73	376	73
376	115	376	115
376	210	376	209
376	242	376	242
375	252	376	252
375	253	376	253
376	313	376	313
376	388	376	388
375	19	377	19
377	20	377	20
377	74	377	74
377	116	377	115
377	210	377	210
377	243	377	242
377	246	377	246
378	248	377	248
377	252	377	251
377	313	377	313
377	328	377	329
377	388	377	388
379	20	378	21
378	64	378	64
378	73	378	73
378	115	378	115
378	209	378	209
378	242	378	241
377	244	378	244
377	245	378	245
378	251	378	250
378	254	378	254
378	313	378	313
378	329	378	329
378	388	378	388
379	65	379	65
379	74	379	74
379	114	379	115
379	208	379	208
379	241	379	240
379	249	379	249
379	255	379	255
379	314	379	313
379	330	379	330
379	388	379	388
382	23	380	23
382	24	380	24
380	73	380	74
380	115	380	115
380	240	380	239
380	250	380	249
380	255	380	255
380	331	380	331
380	387	380	387
382	22	381	21
382	25	381	26
381	65	381	65
381	74	381	74
381	114	381	114
381	208	381	208
381	239	381	238
381	242	381	243
381	249	381	249
381	256	381	256
381	387	381	386
382	20	382	20
383	27	382	27
382	73	382	74
382	113	382	114
382	207	382	207
382	238	382	237
382	242	382	243
382	257	382	257
383	332	382	332
384	12	383	12
384	13	383	13
383	19	383	19
384	28	383	28
383	65	383	66
383	74	383	74
383	136	383	136
385	232	383	232
384	233	383	233
384	234	383	234
384	235	383	235
383	236	383	236
384	333	383	333
384	386	383	386
383	387	383	387
384	11	384	10
384	14	384	14
384	15	384	15
384	16	384	16
384	17	384	17
384	18	384	18
385	29	384	29
384	65	384	66
384	73	384	74
384	113	384	113
384	135	384	135
384	207	384	207
384	244	384	244
384	258	384	258
384	385	384	384
385	388	384	388
385	10	385	9
385	18	385	18
386	30	385	30
385	65	385	66
385	74	385	74
385	112	385	112
385	206	385	206
386	245	385	245
385	258	385	258
386	383	385	382
386	389	385	389
386	9	386	8
386	18	386	18
387	31	386	31
386	74	386	74
386	112	386	112
386	235	386	235
387	382	386	381
387	8	387	7
387	18	387	18
388	32	387	33
387	64	387	65
387	206	387	205
387	246	387	246
387	259	387	258
385	338	387	339
389	34	388	34
388	64	388	65
388	74	388	74
388	111	388	111
388	205	388	205
388	246	388	246
393	256	388	256
388	337	388	337
389	5	389	7
389	18	389	18
390	35	389	35
389	111	389	111
389	205	389	204
389	247	389	246
390	334	389	334
389	336	389	336
390	18	390	18
391	36	390	37
389	63	390	64
390	74	390	75
390	111	390	111
390	205	390	204
390	246	390	246
392	37	391	38
391	63	391	63
391	74	391	75
391	205	391	204
391	247	391	246
391	333	391	334
392	18	392	18
392	62	392	62
392	74	392	75
391	110	392	110
392	204	392	204
392	247	392	246
393	18	393	18
393	38	393	39
393	74	393	75
393	110	393	110
393	203	393	203
393	247	393	246
396	20	394	20
396	21	394	21
394	62	394	62
394	74	394	75
394	203	394	202
395	18	395	18
396	22	395	23
395	110	395	109
395	246	395	246
395	316	395	316
396	18	396	17
397	23	396	24
396	61	396	61
396	74	396	74
396	109	396	109
396	126	396	126
396	202	396	201
396	315	396	315
399	10	397	10
398	11	397	11
398	12	397	12
398	13	397	13
398	14	397	14
398	15	397	15
397	17	397	16
398	24	397	25
397	61	397	61
397	110	397	109
397	201	397	201
397	245	397	245
397	316	397	315
399	9	398	8
398	16	398	16
399	26	398	26
398	61	398	61
398	109	398	108
398	201	398	201
398	245	398	245
398	317	398	316
399	8	399	7
399	16	399	16
399	74	399	74
399	109	399	109
399	116	399	116
399	201	399	201
398	244	399	244
399	246	399	246
400	247	399	247
399	316	399	316
400	7	400	6
400	16	400	16
400	27	400	27
401	30	400	30
400	60	400	60
401	63	400	63
401	64	400	64
401	74	400	75
400	109	400	108
401	194	400	195
400	201	400	200
401	238	400	238
401	239	400	239
399	243	400	243
401	248	400	248
399	315	400	315
402	4	401	4
401	16	401	16
401	27	401	27
402	31	401	31
403	32	401	32
401	61	401	60
402	65	401	66
401	109	401	109
401	196	401	196
402	197	401	197
402	198	401	198
402	199	401	199
402	236	401	236
401	240	401	240
401	241	401	241
400	242	401	242
402	249	401	249
402	250	401	250
402	5	402	5
402	16	402	15
402	27	402	26
404	33	402	34
402	60	402	59
402	75	402	75
402	109	402	108
402	200	402	200
403	251	402	251
403	252	402	252
403	3	403	1
403	5	403	5
403	15	403	15
403	26	403	26
403	59	403	58
403	109	403	109
403	200	403	200
404	235	403	233
403	241	403	242
404	253	403	253
404	254	403	254
404	2	404	1
404	6	404	6
404	15	404	15
404	26	404	26
404	58	404	58
404	75	404	76
404	109	404	109
404	231	404	232
404	241	404	242
405	255	404	255
405	2	405	1
405	6	405	6
405	14	405	14
405	25	405	25
405	34	405	36
405	57	405	57
405	76	405	76
405	109	405	109
405	201	405	201
405	232	405	232
406	1	406	1
407	25	406	26
408	35	406	37
406	56	406	56
406	75	406	76
406	110	406	109
406	115	406	115
406	125	406	125
406	129	406	129
406	202	406	202
406	241	406	241
407	56	407	55
407	76	407	76
407	111	407	110
407	114	407	114
407	127	407	127
406	128	407	128
407	203	407	203
407	232	407	231
407	241	407	241
408	12	408	12
408	13	408	13
408	14	408	14
409	17	408	17
409	18	408	18
409	37	408	38
408	55	408	54
408	57	408	56
408	75	408	76
409	111	408	111
408	113	408	113
408	128	408	128
408	204	408	204
408	227	408	227
408	242	408	241
409	11	409	11
409	15	409	15
410	19	409	19
410	38	409	39
409	53	409	53
409	76	409	76
409	127	409	127
410	205	409	205
410	227	409	226
409	232	409	232
409	242	409	242
410	10	410	10
410	15	410	15
411	20	410	20
410	52	410	52
410	112	410	111
411	226	410	225
410	232	410	232
410	243	410	242
411	9	411	9
412	10	411	10
411	15	411	15
412	39	411	40
411	51	411	51
411	76	411	76
411	113	411	111
411	206	411	206
411	233	411	232
411	243	411	242
412	8	412	7
412	15	412	15
413	21	412	21
411	109	412	110
413	111	412	111
412	246	412	246
412	247	412	247
413	248	412	248
413	249	412	249
413	15	413	15
413	22	413	22
413	50	413	50
413	76	413	76
413	109	413	109
413	112	413	112
413	232	413	231
414	239	413	239
414	240	413	240
414	241	413	241
413	243	413	243
412	244	413	244
412	245	413	245
413	250	413	250
414	7	414	6
414	15	414	15
414	108	414	108
414	113	414	112
415	238	414	237
414	242	414	242
414	268	414	269
415	15	415	15
415	49	415	50
415	76	415	76
415	94	415	94
415	108	415	108
415	114	415	113
416	237	415	236
415	242	415	242
416	14	416	14
416	49	416	50
416	76	416	76
416	108	416	108
416	113	416	113
416	242	416	242
417	15	417	15
417	76	417	76
417	113	417	113
417	242	417	241
418	14	418	13
418	16	418	16
418	49	418	49
418	119	418	113
419	12	419	12
420	17	419	17
419	48	419	49
419	76	419	76
419	113	419	112
420	112	420	112
420	15	421	16
421	48	421	48
421	76	421	77
421	112	421	111
422	47	422	48
422	76	422	77
422	112	422	112
422	135	422	135
422	262	422	262
423	48	423	48
423	77	423	77
423	108	423	108
423	112	423	111
423	136	423	136
423	152	423	152
423	262	423	262
424	47	424	47
424	77	424	77
424	109	424	109
424	112	424	111
424	137	424	137
424	152	424	152
425	77	425	77
425	113	425	112
425	152	425	152
426	47	426	47
426	77	426	77
426	112	426	111
426	153	426	153
425	260	426	260
427	77	427	77
427	113	427	112
428	46	428	47
428	78	428	78
428	113	428	112
429	46	429	47
429	77	429	77
430	107	429	107
429	113	429	113
429	114	429	114
429	115	429	115
430	116	429	116
430	78	430	77
430	117	430	117
430	118	430	118
431	119	430	119
431	46	431	46
431	77	431	77
431	108	431	106
430	112	431	112
432	120	431	120
432	46	432	46
432	77	432	77
432	104	432	103
431	111	432	111
433	121	432	121
433	46	433	46
433	77	433	77
433	103	433	103
433	106	433	106
432	110	433	110
434	122	433	122
434	123	433	123
434	46	434	46
434	77	434	77
434	103	434	103
434	108	434	107
435	124	434	124
435	45	435	46
435	77	435	76
435	102	435	102
435	109	435	108
436	125	435	125
436	46	436	46
436	75	436	75
436	76	436	76
436	101	436	101
436	109	436	109
436	211	436	210
435	212	436	213
437	45	437	45
437	73	437	73
437	78	437	77
437	102	437	101
437	110	437	110
437	125	437	125
437	127	437	127
438	128	437	128
433	207	437	208
438	45	438	45
438	72	438	72
438	78	438	77
438	101	438	101
439	112	438	112
439	113	438	113
439	129	438	129
439	45	439	45
439	71	439	70
439	79	439	78
439	101	439	101
439	111	439	110
439	114	439	114
440	115	439	115
438	124	439	124
440	129	439	130
440	70	440	69
440	79	440	78
440	101	440	101
440	110	440	109
441	116	440	116
441	45	441	44
441	46	441	46
441	69	441	69
441	80	441	79
441	102	441	102
441	110	441	110
441	129	441	131
441	43	442	43
442	47	442	47
442	68	442	68
442	80	442	79
442	109	442	109
442	117	442	117
442	131	442	131
443	132	442	132
443	41	443	42
443	48	443	48
443	67	443	67
443	81	443	80
443	109	443	109
443	117	443	117
442	130	443	130
445	49	444	49
444	67	444	66
444	81	444	81
444	109	444	109
444	117	444	117
444	41	445	41
445	67	445	66
445	81	445	81
445	109	445	109
446	41	446	40
446	50	446	50
446	67	446	66
446	82	446	81
447	109	446	109
447	41	447	41
447	51	447	51
447	67	447	66
447	81	447	81
448	31	448	31
448	40	448	40
448	52	448	52
448	67	448	66
448	82	448	82
448	110	448	110
449	30	449	30
449	41	449	41
449	52	449	52
449	67	449	66
449	81	449	81
448	108	449	108
449	111	449	111
450	29	450	29
450	40	450	40
450	52	450	52
450	67	450	67
450	82	450	82
449	107	450	107
450	112	450	112
451	40	451	40
451	53	451	53
451	68	451	67
451	82	451	81
450	106	451	106
451	112	451	112
452	40	452	40
452	55	452	54
452	68	452	67
452	82	452	82
452	104	452	104
451	105	452	105
452	111	452	112
453	40	453	40
453	54	453	54
453	68	453	68
453	83	453	82
454	103	453	102
453	112	453	112
454	39	454	39
454	53	454	54
454	69	454	68
454	82	454	82
456	38	455	37
455	40	455	40
455	54	455	54
455	69	455	68
455	83	455	82
452	97	455	96
455	111	455	112
457	37	456	36
456	41	456	41
456	54	456	54
456	69	456	68
456	82	456	82
456	111	456	112
458	36	457	35
457	42	457	41
457	55	457	55
457	70	457	69
457	83	457	83
457	111	457	112
458	32	458	32
458	33	458	33
458	34	458	34
458	42	458	42
458	54	458	54
458	82	458	82
458	112	458	112
459	35	459	34
459	43	459	43
459	55	459	55
459	83	459	83
459	112	459	112
460	35	460	34
460	43	460	42
460	61	460	56
461	35	461	34
461	43	461	43
461	54	461	56
461	84	461	83
460	111	461	111
462	35	462	34
462	44	462	43
462	85	462	84
463	28	463	26
463	44	463	43
463	85	463	85
464	34	464	34
464	45	464	43
464	86	464	85
466	33	465	33
466	86	465	86
467	87	467	87
469	87	469	88
470	88	470	88
472	87	472	88
473	87	473	88
475	87	475	87
479	86	478	86
480	85	480	86
481	86	481	86
482	85	483	85
482	90	484	91
483	92	484	92
484	83	485	84
486	82	486	83
486	94	486	94
487	94	487	94
488	82	488	82
489	96	489	96
490	83	490	82
490	97	490	97
489	64	491	65
491	82	491	82
491	98	491	98
492	83	492	83
492	99	492	99
492	56	493	54
493	83	493	82
493	100	493	100
492	115	493	116
493	56	494	55
495	101	494	101
495	83	495	83
496	102	495	102
496	84	496	84
496	103	496	103
498	83	497	83
497	104	497	104
498	86	498	84
498	105	498	105
499	83	499	84
499	87	500	85
501	83	501	85
501	78	502	77
502	88	502	86
504	83	503	86
504	89	504	87
505	89	505	87
507	84	507	85
507	89	507	88
508	85	508	85
509	85	509	85
509	90	509	89
510	85	510	84
510	91	510	91
511	86	511	84
511	92	511	92
512	93	511	93
513	94	512	94
513	86	513	85
514	95	514	95
515	86	515	85
514	87	515	88
515	96	515	96
517	86	516	86
516	97	516	97
517	98	517	98
518	87	518	86
518	99	518	99
519	86	519	86
519	100	519	99
520	87	520	86
520	101	520	100
521	87	521	87
521	102	521	102
523	86	522	86
522	103	522	102
523	88	523	87
525	89	525	88
526	83	526	85
526	89	526	89
528	89	528	89
529	90	529	90
530	86	531	88
531	90	531	90
