1	394	1	394
2	2	2	2
2	393	2	393
3	3	3	3
3	392	3	392
4	4	4	4
4	391	4	391
5	5	5	5
5	390	5	390
6	6	6	6
6	389	6	389
7	7	7	7
7	388	7	388
8	8	8	8
8	387	8	387
9	9	9	9
9	386	9	386
10	10	10	10
10	385	10	385
11	11	11	11
11	384	11	384
12	12	12	12
12	383	12	383
13	13	13	13
13	382	13	382
14	14	14	14
14	381	14	381
15	15	15	15
15	380	15	380
16	16	16	16
16	379	16	379
17	17	17	17
17	378	17	378
18	18	18	18
18	377	18	377
19	19	19	19
19	376	19	376
20	20	20	20
20	375	20	375
21	21	21	21
21	374	21	374
22	22	22	22
22	373	22	373
23	23	23	23
23	372	23	372
24	24	24	24
24	371	24	371
25	25	25	25
25	370	25	370
26	26	26	26
26	369	26	369
27	27	27	27
27	368	27	368
28	28	28	28
28	367	28	367
29	29	29	29
29	366	29	366
30	30	30	30
30	365	30	365
31	31	31	31
31	364	31	364
32	32	32	32
32	363	32	363
33	33	33	33
33	362	33	362
34	34	34	34
34	361	34	361
35	35	35	35
35	360	35	360
36	36	36	36
36	359	36	359
37	37	37	37
37	358	37	358
38	38	38	38
38	357	38	357
39	39	39	39
39	356	39	356
40	40	40	40
40	355	40	355
41	41	41	41
41	354	41	354
42	42	42	42
42	353	42	353
43	43	43	43
43	352	43	352
44	44	44	44
44	351	44	351
45	45	45	45
45	350	45	350
46	46	46	46
46	349	46	349
47	47	47	47
47	348	47	348
48	48	48	48
48	347	48	347
49	49	49	49
49	346	49	346
50	50	50	50
50	345	50	345
51	51	51	51
51	344	51	344
52	52	52	52
52	343	52	343
53	53	53	53
53	342	53	342
54	54	54	54
54	341	54	341
55	55	55	55
55	340	55	340
56	56	56	56
56	339	56	339
57	57	57	57
57	338	57	338
58	58	58	58
58	337	58	337
59	59	59	59
59	336	59	336
60	60	60	60
60	335	60	335
61	61	61	61
61	334	61	334
62	62	62	62
62	333	62	333
63	63	63	63
63	332	63	332
64	64	64	64
64	331	64	331
65	65	65	65
65	330	65	330
66	66	66	66
66	329	66	329
67	67	67	67
67	328	67	328
68	68	68	68
68	327	68	327
69	69	69	69
69	326	69	326
70	70	70	70
70	325	70	325
71	71	71	71
71	324	71	324
72	72	72	72
72	323	72	323
73	73	73	73
73	322	73	322
74	74	74	74
74	321	74	321
75	75	75	75
75	320	75	320
76	76	76	76
76	319	76	319
77	77	77	77
77	318	77	318
78	78	78	78
78	317	78	317
79	79	79	79
79	316	79	316
80	80	80	80
80	315	80	315
81	81	81	81
81	314	81	314
82	82	82	82
82	313	82	313
83	83	83	83
83	312	83	312
84	84	84	84
84	311	84	311
85	85	85	85
85	310	85	310
86	86	86	86
86	309	86	309
87	87	87	87
87	308	87	308
88	88	88	88
88	307	88	307
89	89	89	89
91	111	89	111
90	112	89	112
91	125	89	125
90	126	89	126
91	215	89	215
90	271	89	271
91	273	89	273
91	285	89	285
90	286	89	286
91	287	89	287
90	288	89	288
91	301	89	301
90	302	89	302
89	306	89	306
90	90	90	90
91	97	90	97
91	98	90	98
91	110	90	109
91	113	90	113
91	114	90	114
91	124	90	123
91	127	90	127
91	128	90	128
90	140	90	139
91	141	90	141
91	142	90	142
91	170	90	169
91	171	90	171
91	172	90	172
91	184	90	183
91	185	90	185
92	187	90	187
91	199	90	199
91	200	90	200
90	214	90	213
91	216	90	217
91	228	90	227
91	229	90	229
92	231	90	231
91	242	90	241
91	243	90	243
91	244	90	244
91	256	90	255
91	257	90	257
92	259	90	259
90	270	90	269
91	274	90	275
91	284	90	283
91	289	90	289
91	290	90	290
90	300	90	299
91	303	90	303
91	304	90	304
90	305	90	305
91	91	91	91
91	96	91	95
92	99	91	99
92	100	91	100
92	108	91	107
92	115	91	115
92	116	91	116
92	122	91	121
92	129	91	129
92	130	91	130
92	137	91	137
92	143	91	143
92	144	91	144
92	154	91	153
92	155	91	155
93	157	91	157
92	168	91	167
92	173	91	173
92	174	91	174
92	182	91	181
92	188	91	189
91	198	91	197
92	201	91	201
92	202	91	202
92	211	91	211
92	218	91	219
92	226	91	225
92	232	91	233
92	240	91	239
92	245	91	245
92	246	91	246
92	254	91	253
92	260	91	261
92	267	91	267
92	276	91	277
92	282	91	281
92	291	91	291
92	292	91	292
92	297	91	297
92	92	92	92
92	94	92	93
93	101	92	101
93	102	92	102
93	106	92	105
93	117	92	117
93	120	92	119
93	131	92	131
93	132	92	132
93	135	92	135
93	145	92	145
93	146	92	146
93	152	92	151
93	158	92	159
93	166	92	165
93	175	92	175
93	176	92	176
93	180	92	179
93	190	92	191
93	195	92	195
93	203	92	203
93	204	92	204
93	209	92	209
93	220	92	221
93	224	92	223
93	234	92	235
93	238	92	237
93	247	92	247
93	248	92	248
93	252	92	251
93	262	92	263
92	266	92	265
93	293	92	293
92	296	92	295
93	305	92	305
93	93	93	92
93	118	93	118
93	134	93	133
94	147	93	147
94	150	93	149
94	160	93	161
94	164	93	163
93	194	93	193
94	205	93	205
93	208	93	207
93	264	93	264
93	280	93	279
93	295	93	294
96	85	94	85
96	86	94	86
96	87	94	87
96	88	94	88
96	89	94	89
94	92	94	91
94	103	94	103
94	119	94	118
94	133	94	133
94	148	94	148
94	177	94	177
94	193	94	193
94	207	94	206
94	223	94	222
94	235	94	236
94	249	94	249
94	263	94	264
94	279	94	279
94	294	94	294
95	306	94	306
95	92	95	91
95	104	95	103
95	119	95	118
95	133	95	133
95	149	95	148
95	161	95	162
95	178	95	177
95	192	95	193
95	206	95	206
95	222	95	222
95	236	95	236
95	250	95	249
95	263	95	264
95	279	95	279
95	294	95	294
96	91	96	91
96	104	96	103
96	119	96	118
96	133	96	133
96	149	96	148
96	162	96	162
96	178	96	177
96	192	96	193
96	206	96	206
96	222	96	222
96	236	96	236
96	250	96	249
96	263	96	264
96	279	96	279
96	294	96	294
96	306	96	307
98	83	97	82
97	91	97	91
97	104	97	103
97	119	97	118
97	133	97	133
97	149	97	148
97	162	97	162
97	178	97	177
97	192	97	193
97	206	97	206
97	222	97	222
97	236	97	236
97	250	97	249
97	263	97	264
97	279	97	279
97	294	97	294
98	91	98	91
98	104	98	103
98	119	98	118
98	133	98	133
98	149	98	148
98	162	98	162
98	178	98	177
98	192	98	193
98	206	98	206
98	222	98	222
98	236	98	236
98	250	98	249
98	263	98	264
98	279	98	279
98	294	98	294
99	308	98	308
99	82	99	81
99	91	99	91
99	104	99	103
99	119	99	118
99	133	99	133
99	149	99	148
99	162	99	162
99	178	99	177
99	192	99	193
99	206	99	206
99	222	99	222
99	236	99	236
99	250	99	249
99	263	99	264
99	279	99	279
99	294	99	294
101	312	99	312
101	313	99	313
101	314	99	314
100	81	100	80
100	91	100	91
100	104	100	103
100	119	100	118
100	133	100	133
100	149	100	148
100	162	100	162
100	178	100	177
100	192	100	193
100	206	100	206
100	222	100	222
100	236	100	236
100	250	100	249
100	263	100	264
100	279	100	279
100	294	100	294
100	308	100	309
101	315	100	316
101	81	101	80
101	91	101	91
101	104	101	103
101	119	101	118
101	133	101	133
101	149	101	148
101	162	101	162
101	178	101	177
101	192	101	193
101	206	101	206
101	222	101	222
101	236	101	236
101	250	101	249
101	263	101	264
101	279	101	279
101	294	101	294
101	309	101	309
102	316	101	317
102	80	102	79
102	91	102	91
102	104	102	103
102	119	102	118
102	133	102	133
102	149	102	148
102	162	102	162
102	178	102	177
102	192	102	193
102	206	102	206
102	222	102	222
102	236	102	236
102	250	102	249
102	263	102	264
102	279	102	279
102	294	102	294
102	309	102	309
103	317	102	318
103	80	103	79
103	91	103	91
103	104	103	103
103	119	103	118
103	133	103	133
103	149	103	148
103	162	103	162
103	178	103	177
103	192	103	193
103	206	103	206
103	222	103	222
103	236	103	236
103	250	103	249
103	263	103	264
103	279	103	279
103	294	103	294
103	309	103	309
104	79	104	78
104	91	104	91
104	104	104	103
104	119	104	118
104	133	104	133
104	149	104	148
104	162	104	162
104	178	104	177
104	192	104	193
104	206	104	206
104	222	104	222
104	236	104	236
104	250	104	249
104	263	104	264
104	279	104	279
104	294	104	294
104	309	104	309
105	318	104	319
105	79	105	78
105	91	105	91
105	104	105	103
105	119	105	118
105	133	105	133
105	149	105	148
105	162	105	162
105	178	105	177
105	192	105	193
105	206	105	206
105	222	105	222
105	236	105	236
105	250	105	249
105	263	105	264
105	279	105	279
105	294	105	294
105	309	105	309
106	78	106	77
106	91	106	91
106	104	106	103
106	119	106	118
106	133	106	133
106	149	106	148
106	162	106	162
106	178	106	177
106	192	106	193
106	206	106	206
106	222	106	222
106	236	106	236
106	250	106	249
106	263	106	264
106	279	106	279
106	294	106	294
106	309	106	309
107	319	106	320
107	78	107	77
107	91	107	91
107	104	107	103
107	119	107	118
107	133	107	133
107	149	107	148
107	162	107	162
107	178	107	177
107	192	107	193
107	206	107	206
107	222	107	222
107	236	107	236
107	250	107	249
107	263	107	264
107	279	107	279
107	294	107	294
107	309	107	309
110	71	108	71
110	72	108	72
110	73	108	73
110	74	108	74
108	77	108	76
108	91	108	91
108	104	108	103
108	119	108	118
108	133	108	133
108	149	108	148
108	162	108	162
108	178	108	177
108	192	108	193
108	206	108	206
108	222	108	222
108	236	108	236
108	250	108	249
108	263	108	264
108	279	108	279
108	294	108	294
108	309	108	309
109	320	108	321
109	77	109	76
109	91	109	91
109	104	109	103
109	119	109	118
109	133	109	133
109	149	109	148
109	162	109	162
109	178	109	177
109	192	109	193
109	206	109	206
109	222	109	222
109	236	109	236
109	250	109	249
109	263	109	264
109	279	109	279
109	294	109	294
109	309	109	309
110	76	110	76
110	91	110	91
110	104	110	103
110	119	110	118
110	133	110	133
110	149	110	148
110	162	110	162
110	178	110	177
110	192	110	193
110	206	110	206
110	222	110	222
110	236	110	236
110	250	110	249
110	263	110	264
110	279	110	279
110	294	110	294
110	309	110	309
111	321	110	322
112	69	111	68
111	76	111	76
111	91	111	91
111	104	111	103
111	119	111	118
111	133	111	133
111	149	111	148
111	162	111	162
111	178	111	177
111	192	111	193
111	206	111	206
111	222	111	222
111	236	111	236
111	250	111	249
111	263	111	264
111	279	111	279
111	294	111	294
111	309	111	309
112	76	112	76
112	91	112	91
112	104	112	103
112	119	112	118
112	133	112	133
112	149	112	148
112	162	112	162
112	178	112	177
112	192	112	193
112	206	112	206
112	222	112	222
112	236	112	236
112	250	112	249
112	263	112	264
112	279	112	279
112	294	112	294
112	309	112	309
113	322	112	323
114	68	113	67
113	76	113	76
113	91	113	91
113	104	113	103
113	119	113	118
113	133	113	133
113	149	113	148
113	162	113	162
113	178	113	177
113	192	113	193
113	206	113	206
113	222	113	222
113	236	113	236
113	250	113	249
113	263	113	264
113	279	113	279
113	294	113	294
113	309	113	309
114	76	114	76
114	91	114	91
114	104	114	103
114	119	114	118
114	133	114	133
114	149	114	148
114	162	114	162
114	178	114	177
114	192	114	193
114	206	114	206
114	222	114	222
114	236	114	236
114	250	114	249
114	263	114	264
114	279	114	279
114	294	114	294
114	309	114	309
114	322	114	324
116	67	115	66
115	76	115	76
115	91	115	91
115	104	115	103
115	119	115	118
115	133	115	133
115	149	115	148
115	162	115	162
115	178	115	177
115	192	115	193
115	206	115	206
115	222	115	222
115	236	115	236
115	250	115	249
115	263	115	264
115	279	115	279
115	294	115	294
115	309	115	309
115	323	115	324
116	76	116	76
116	91	116	91
116	104	116	103
116	119	116	118
116	133	116	133
116	149	116	148
116	162	116	162
116	178	116	177
116	192	116	193
116	206	116	206
116	222	116	222
116	236	116	236
116	250	116	249
116	263	116	264
116	279	116	279
116	294	116	294
116	309	116	309
116	323	116	324
117	330	116	332
118	66	117	65
117	76	117	76
117	91	117	91
117	104	117	103
117	119	117	118
117	133	117	133
117	149	117	148
117	162	117	162
117	178	117	177
117	192	117	193
117	206	117	206
117	222	117	222
117	236	117	236
117	250	117	249
117	263	117	264
117	279	117	279
117	294	117	294
117	309	117	309
117	324	117	324
118	76	118	76
118	91	118	91
118	104	118	103
118	119	118	118
118	133	118	133
118	149	118	148
118	162	118	162
118	178	118	177
118	192	118	193
118	206	118	206
118	222	118	222
118	236	118	236
118	250	118	249
118	263	118	264
118	279	118	279
118	294	118	294
118	309	118	309
118	324	118	324
119	332	118	333
120	65	119	64
119	76	119	76
119	91	119	91
119	104	119	103
119	119	119	118
119	133	119	133
119	149	119	148
119	162	119	162
119	178	119	177
119	192	119	193
119	206	119	206
119	222	119	222
119	236	119	236
119	250	119	249
119	263	119	264
119	279	119	279
119	294	119	294
119	309	119	309
119	324	119	324
120	76	120	76
120	91	120	91
120	104	120	103
120	119	120	118
120	133	120	133
120	149	120	148
120	162	120	162
120	178	120	177
120	192	120	193
120	206	120	206
120	222	120	222
120	236	120	236
120	250	120	249
120	263	120	264
120	279	120	279
120	294	120	294
120	309	120	309
120	324	120	324
121	333	120	334
122	64	121	63
121	76	121	76
121	91	121	91
121	104	121	103
121	119	121	118
121	133	121	133
121	149	121	148
121	162	121	162
121	178	121	177
121	192	121	193
121	206	121	206
121	222	121	222
121	236	121	236
121	250	121	249
121	263	121	264
121	279	121	279
121	294	121	294
121	309	121	309
121	324	121	324
122	76	122	76
122	91	122	91
122	104	122	103
122	119	122	118
122	133	122	133
122	149	122	148
122	162	122	162
122	178	122	177
122	192	122	193
122	206	122	206
122	222	122	222
122	236	122	236
122	250	122	249
122	263	122	264
122	279	122	279
122	294	122	294
122	309	122	309
122	324	122	324
123	334	122	335
124	63	123	62
123	76	123	76
123	91	123	91
123	104	123	103
123	119	123	118
123	133	123	133
123	149	123	148
123	162	123	162
123	178	123	177
123	192	123	193
123	206	123	206
123	222	123	222
123	236	123	236
123	250	123	249
123	263	123	264
123	279	123	279
123	294	123	294
123	309	123	309
123	324	123	324
128	57	124	57
124	76	124	76
124	91	124	91
124	104	124	103
124	119	124	118
124	133	124	133
124	149	124	148
124	162	124	162
124	178	124	177
124	192	124	193
124	206	124	206
124	222	124	222
124	236	124	236
124	250	124	249
124	263	124	264
124	279	124	279
124	294	124	294
124	309	124	309
124	324	124	324
125	335	124	336
125	63	125	61
125	76	125	76
125	91	125	91
125	104	125	103
125	119	125	118
125	133	125	133
125	149	125	148
125	162	125	162
125	178	125	177
125	192	125	193
125	206	125	206
125	222	125	222
125	236	125	236
125	250	125	249
125	263	125	264
125	279	125	279
125	294	125	294
125	309	125	309
125	324	125	324
126	62	126	61
126	76	126	76
126	91	126	91
126	104	126	103
126	119	126	118
126	133	126	133
126	149	126	148
126	162	126	162
126	178	126	177
126	192	126	193
126	206	126	206
126	222	126	222
126	236	126	236
126	250	126	249
126	263	126	264
126	279	126	279
126	294	126	294
126	309	126	309
126	324	126	324
127	336	126	337
128	54	127	53
127	62	127	61
127	76	127	76
127	91	127	91
127	104	127	103
127	119	127	118
127	133	127	133
127	149	127	148
127	162	127	162
127	178	127	177
127	192	127	193
127	206	127	206
127	222	127	222
127	236	127	236
127	250	127	249
127	263	127	264
127	279	127	279
127	294	127	294
127	309	127	309
127	324	127	324
128	61	128	61
128	76	128	76
128	91	128	91
128	104	128	103
128	119	128	118
128	133	128	133
128	149	128	148
128	162	128	162
128	178	128	177
128	192	128	193
128	206	128	206
128	222	128	222
128	236	128	236
128	250	128	249
128	263	128	264
128	279	128	279
128	294	128	294
128	309	128	309
128	324	128	324
128	336	128	338
129	53	129	52
129	61	129	61
129	76	129	76
129	91	129	91
129	104	129	103
129	119	129	118
129	133	129	133
129	149	129	148
129	162	129	162
129	178	129	177
129	192	129	193
129	206	129	206
129	222	129	222
129	236	129	236
129	250	129	249
129	263	129	264
129	279	129	279
129	294	129	294
129	309	129	309
129	324	129	324
129	337	129	338
130	52	130	51
130	61	130	61
130	76	130	76
130	91	130	91
130	104	130	103
130	119	130	118
130	133	130	133
130	149	130	148
130	162	130	162
130	178	130	177
130	192	130	193
130	206	130	206
130	222	130	222
130	236	130	236
130	250	130	249
130	263	130	264
130	279	130	279
130	294	130	294
130	309	130	309
130	324	130	324
130	337	130	338
131	345	130	346
131	52	131	51
131	61	131	61
131	76	131	76
131	91	131	91
131	104	131	103
131	119	131	118
131	133	131	133
131	149	131	148
131	162	131	162
131	178	131	177
131	192	131	193
131	206	131	206
131	222	131	222
131	236	131	236
131	250	131	249
131	263	131	264
131	279	131	279
131	294	131	294
131	309	131	309
131	324	131	324
131	338	131	338
132	51	132	50
132	61	132	61
132	76	132	76
132	91	132	91
132	104	132	103
132	119	132	118
132	133	132	133
132	149	132	148
132	162	132	162
132	178	132	177
132	192	132	193
132	206	132	206
132	222	132	222
132	236	132	236
132	250	132	249
132	263	132	264
132	279	132	279
132	294	132	294
132	309	132	309
132	324	132	324
132	338	132	338
132	346	132	347
133	51	133	50
133	61	133	61
133	76	133	76
133	91	133	91
133	104	133	103
133	119	133	118
133	133	133	133
133	149	133	148
133	162	133	162
133	178	133	177
133	192	133	193
133	206	133	206
133	222	133	222
133	236	133	236
133	250	133	249
133	263	133	264
133	279	133	279
133	294	133	294
133	309	133	309
133	324	133	324
133	338	133	338
134	50	134	49
134	61	134	61
134	76	134	76
134	91	134	91
134	104	134	103
134	119	134	118
134	133	134	133
134	149	134	148
134	162	134	162
134	178	134	177
134	192	134	193
134	206	134	206
134	222	134	222
134	236	134	236
134	250	134	249
134	263	134	264
134	279	134	279
134	294	134	294
134	309	134	309
134	324	134	324
134	338	134	338
135	348	134	348
135	50	135	49
135	61	135	61
135	76	135	76
135	91	135	91
135	104	135	103
135	119	135	118
135	133	135	133
135	149	135	148
135	162	135	162
135	178	135	177
135	192	135	193
135	206	135	206
135	222	135	222
135	236	135	236
135	250	135	249
135	263	135	264
135	279	135	279
135	294	135	294
135	309	135	309
135	324	135	324
135	338	135	338
136	49	136	48
136	61	136	61
136	76	136	76
136	91	136	91
136	104	136	103
136	119	136	118
136	133	136	133
136	149	136	148
136	162	136	162
136	178	136	177
136	192	136	193
136	206	136	206
136	222	136	222
136	236	136	236
136	250	136	249
136	263	136	264
136	279	136	279
136	294	136	294
136	309	136	309
136	324	136	324
136	338	136	338
136	348	136	349
137	49	137	48
137	61	137	61
137	76	137	76
137	91	137	91
137	104	137	103
137	119	137	118
137	133	137	133
137	149	137	148
137	162	137	162
137	178	137	177
137	192	137	193
137	206	137	206
137	222	137	222
137	236	137	236
137	250	137	249
137	263	137	264
137	279	137	279
137	294	137	294
137	309	137	309
137	324	137	324
137	338	137	338
140	41	138	41
140	42	138	42
140	43	138	43
140	44	138	44
140	45	138	45
138	48	138	47
138	61	138	61
138	76	138	76
138	91	138	91
138	104	138	103
138	119	138	118
138	133	138	133
138	149	138	148
138	162	138	162
138	178	138	177
138	192	138	193
138	206	138	206
138	222	138	222
138	236	138	236
138	250	138	249
138	263	138	264
138	279	138	279
138	294	138	294
138	309	138	309
138	324	138	324
138	338	138	338
139	350	138	350
139	48	139	47
139	61	139	61
139	76	139	76
139	91	139	91
139	104	139	103
139	119	139	118
139	133	139	133
139	149	139	148
139	162	139	162
139	178	139	177
139	192	139	193
139	206	139	206
139	222	139	222
139	236	139	236
139	250	139	249
139	263	139	264
139	279	139	279
139	294	139	294
139	309	139	309
139	324	139	324
139	338	139	338
140	47	140	47
140	61	140	61
140	76	140	76
140	91	140	91
140	104	140	103
140	119	140	118
140	133	140	133
140	149	140	148
140	162	140	162
140	178	140	177
140	192	140	193
140	206	140	206
140	222	140	222
140	236	140	236
140	250	140	249
140	263	140	264
140	279	140	279
140	294	140	294
140	309	140	309
140	324	140	324
140	338	140	338
140	350	140	351
142	39	141	38
141	47	141	47
141	61	141	61
141	76	141	76
141	91	141	91
141	104	141	103
141	119	141	118
141	133	141	133
141	149	141	148
141	162	141	162
141	178	141	177
141	192	141	193
141	206	141	206
141	222	141	222
141	236	141	236
141	250	141	249
141	263	141	264
141	279	141	279
141	294	141	294
141	309	141	309
141	324	141	324
141	338	141	338
142	47	142	47
142	61	142	61
142	76	142	76
142	91	142	91
142	104	142	103
142	119	142	118
142	133	142	133
142	149	142	148
142	162	142	162
142	178	142	177
142	192	142	193
142	206	142	206
142	222	142	222
142	236	142	236
142	250	142	249
142	263	142	264
142	279	142	279
142	294	142	294
142	309	142	309
142	324	142	324
142	338	142	338
143	352	142	352
143	38	143	37
143	47	143	47
143	61	143	61
143	76	143	76
143	91	143	91
143	104	143	103
143	119	143	118
143	133	143	133
143	149	143	148
143	162	143	162
143	178	143	177
143	192	143	193
143	206	143	206
143	222	143	222
143	236	143	236
143	250	143	249
143	263	143	264
143	279	143	279
143	294	143	294
143	309	143	309
143	324	143	324
143	338	143	338
145	356	143	356
145	357	143	357
145	358	143	358
144	37	144	36
144	47	144	47
144	61	144	61
144	76	144	76
144	91	144	91
144	104	144	103
144	119	144	118
144	133	144	133
144	149	144	148
144	162	144	162
144	178	144	177
144	192	144	193
144	206	144	206
144	222	144	222
144	236	144	236
144	250	144	249
144	263	144	264
144	279	144	279
144	294	144	294
144	309	144	309
144	324	144	324
144	338	144	338
144	352	144	353
145	37	145	36
145	47	145	47
145	61	145	61
145	76	145	76
145	91	145	91
145	104	145	103
145	119	145	118
145	133	145	133
145	149	145	148
145	162	145	162
145	178	145	177
145	192	145	193
145	206	145	206
145	222	145	222
145	236	145	236
145	250	145	249
145	263	145	264
145	279	145	279
145	294	145	294
145	309	145	309
145	324	145	324
145	338	145	338
145	353	145	353
146	36	146	35
146	47	146	47
146	61	146	61
146	76	146	76
146	91	146	91
146	104	146	103
146	119	146	118
146	133	146	133
146	149	146	148
146	162	146	162
146	178	146	177
146	192	146	193
146	206	146	206
146	222	146	222
146	236	146	236
146	250	146	249
146	263	146	264
146	279	146	279
146	294	146	294
146	309	146	309
146	324	146	324
146	338	146	338
146	353	146	353
147	360	146	361
147	36	147	35
147	47	147	47
147	61	147	61
147	76	147	76
147	91	147	91
147	104	147	103
147	119	147	118
147	133	147	133
147	149	147	148
147	162	147	162
147	178	147	177
147	192	147	193
147	206	147	206
147	222	147	222
147	236	147	236
147	250	147	249
147	263	147	264
147	279	147	279
147	294	147	294
147	309	147	309
147	324	147	324
147	338	147	338
147	353	147	353
148	35	148	34
148	47	148	47
148	61	148	61
148	76	148	76
148	91	148	91
148	104	148	103
148	119	148	118
148	133	148	133
148	149	148	148
148	162	148	162
148	178	148	177
148	192	148	193
148	206	148	206
148	222	148	222
148	236	148	236
148	250	148	249
148	263	148	264
148	279	148	279
148	294	148	294
148	309	148	309
148	324	148	324
148	338	148	338
148	353	148	353
148	361	148	362
149	35	149	34
149	47	149	47
149	61	149	61
149	76	149	76
149	91	149	91
149	104	149	103
149	119	149	118
149	133	149	133
149	149	149	148
149	162	149	162
149	178	149	177
149	192	149	193
149	206	149	206
149	222	149	222
149	236	149	236
149	250	149	249
149	263	149	264
149	279	149	279
149	294	149	294
149	309	149	309
149	324	149	324
149	338	149	338
149	353	149	353
154	29	150	29
150	34	150	33
150	47	150	47
150	61	150	61
150	76	150	76
150	91	150	91
150	104	150	103
150	119	150	118
150	133	150	133
150	149	150	148
150	162	150	162
150	178	150	177
150	192	150	193
150	206	150	206
150	222	150	222
150	236	150	236
150	250	150	249
150	263	150	264
150	279	150	279
150	294	150	294
150	309	150	309
150	324	150	324
150	338	150	338
150	353	150	353
150	362	150	363
151	34	151	33
151	47	151	47
151	61	151	61
151	76	151	76
151	91	151	91
151	104	151	103
151	119	151	118
151	133	151	133
151	149	151	148
151	162	151	162
151	178	151	177
151	192	151	193
151	206	151	206
151	222	151	222
151	236	151	236
151	250	151	249
151	263	151	264
151	279	151	279
151	294	151	294
151	309	151	309
151	324	151	324
151	338	151	338
151	353	151	353
154	27	152	25
152	33	152	33
152	47	152	47
152	61	152	61
152	76	152	76
152	91	152	91
152	104	152	103
152	119	152	118
152	133	152	133
152	149	152	148
152	162	152	162
152	178	152	177
152	192	152	193
152	206	152	206
152	222	152	222
152	236	152	236
152	250	152	249
152	263	152	264
152	279	152	279
152	294	152	294
152	309	152	309
152	324	152	324
152	338	152	338
152	353	152	353
153	364	152	364
154	26	153	24
153	33	153	33
153	47	153	47
153	61	153	61
153	76	153	76
153	91	153	91
153	104	153	103
153	119	153	118
153	133	153	133
153	149	153	148
153	162	153	162
153	178	153	177
153	192	153	193
153	206	153	206
153	222	153	222
153	236	153	236
153	250	153	249
153	263	153	264
153	279	153	279
153	294	153	294
153	309	153	309
153	324	153	324
153	338	153	338
153	353	153	353
154	32	154	33
154	47	154	47
154	61	154	61
154	76	154	76
154	91	154	91
154	104	154	103
154	119	154	118
154	133	154	133
154	149	154	148
154	162	154	162
154	178	154	177
154	192	154	193
154	206	154	206
154	222	154	222
154	236	154	236
154	250	154	249
154	263	154	264
154	279	154	279
154	294	154	294
154	309	154	309
154	324	154	324
154	338	154	338
154	353	154	353
155	365	154	365
156	24	155	23
155	32	155	33
155	47	155	47
155	61	155	61
155	76	155	76
155	91	155	91
155	104	155	103
155	119	155	118
155	133	155	133
155	149	155	148
155	162	155	162
155	178	155	177
155	192	155	193
155	206	155	206
155	222	155	222
155	236	155	236
155	250	155	249
155	263	155	264
155	279	155	279
155	294	155	294
155	309	155	309
155	324	155	324
155	338	155	338
155	353	155	353
156	32	156	33
156	47	156	47
156	61	156	61
156	76	156	76
156	91	156	91
156	104	156	103
156	119	156	118
156	133	156	133
156	149	156	148
156	162	156	162
156	178	156	177
156	192	156	193
156	206	156	206
156	222	156	222
156	236	156	236
156	250	156	249
156	263	156	264
156	279	156	279
156	294	156	294
156	309	156	309
156	324	156	324
156	338	156	338
156	353	156	353
157	366	156	366
157	23	157	22
157	32	157	33
157	47	157	47
157	61	157	61
157	76	157	76
157	91	157	91
157	104	157	103
157	119	157	118
157	133	157	133
157	149	157	148
157	162	157	162
157	178	157	177
157	192	157	193
157	206	157	206
157	222	157	222
157	236	157	236
157	250	157	249
157	263	157	264
157	279	157	279
157	294	157	294
157	309	157	309
157	324	157	324
157	338	157	338
157	353	157	353
158	22	158	21
158	32	158	33
158	47	158	47
158	61	158	61
158	76	158	76
158	91	158	91
158	104	158	103
158	119	158	118
158	133	158	133
158	149	158	148
158	162	158	162
158	178	158	177
158	192	158	193
158	206	158	206
158	222	158	222
158	236	158	236
158	250	158	249
158	263	158	264
158	279	158	279
158	294	158	294
158	309	158	309
158	324	158	324
158	338	158	338
158	353	158	353
159	367	158	367
159	22	159	21
159	32	159	33
159	47	159	47
159	61	159	61
159	76	159	76
159	91	159	91
159	104	159	103
159	119	159	118
159	133	159	133
159	149	159	148
159	162	159	162
159	178	159	177
159	192	159	193
159	206	159	206
159	222	159	222
159	236	159	236
159	250	159	249
159	263	159	264
159	279	159	279
159	294	159	294
159	309	159	309
159	324	159	324
159	338	159	338
159	353	159	353
161	371	159	371
161	372	159	372
161	373	159	373
161	374	159	374
160	21	160	20
160	32	160	33
160	47	160	47
160	61	160	61
160	76	160	76
160	91	160	91
160	104	160	103
160	119	160	118
160	133	160	133
160	149	160	148
160	162	160	162
160	178	160	177
160	192	160	193
160	206	160	206
160	222	160	222
160	236	160	236
160	250	160	249
160	263	160	264
160	279	160	279
160	294	160	294
160	309	160	309
160	324	160	324
160	338	160	338
160	353	160	353
160	367	160	368
161	21	161	20
161	32	161	33
161	47	161	47
161	61	161	61
161	76	161	76
161	91	161	91
161	104	161	103
161	119	161	118
161	133	161	133
161	149	161	148
161	162	161	162
161	178	161	177
161	192	161	193
161	206	161	206
161	222	161	222
161	236	161	236
161	250	161	249
161	263	161	264
161	279	161	279
161	294	161	294
161	309	161	309
161	324	161	324
161	338	161	338
161	353	161	353
161	368	161	368
162	20	162	19
162	32	162	33
162	47	162	47
162	61	162	61
162	76	162	76
162	91	162	91
162	104	162	103
162	119	162	118
162	133	162	133
162	149	162	148
162	162	162	162
162	178	162	177
162	192	162	193
162	206	162	206
162	222	162	222
162	236	162	236
162	250	162	249
162	263	162	264
162	279	162	279
162	294	162	294
162	309	162	309
162	324	162	324
162	338	162	338
162	353	162	353
162	368	162	368
163	376	162	377
163	20	163	19
163	32	163	33
163	47	163	47
163	61	163	61
163	76	163	76
163	91	163	91
163	104	163	103
163	119	163	118
163	133	163	133
163	149	163	148
163	162	163	162
163	178	163	177
163	192	163	193
163	206	163	206
163	222	163	222
163	236	163	236
163	250	163	249
163	263	163	264
163	279	163	279
163	294	163	294
163	309	163	309
163	324	163	324
163	338	163	338
163	353	163	353
163	368	163	368
164	19	164	18
164	32	164	33
164	47	164	47
164	61	164	61
164	76	164	76
164	91	164	91
164	104	164	103
164	119	164	118
164	133	164	133
164	149	164	148
164	162	164	162
164	178	164	177
164	192	164	193
164	206	164	206
164	222	164	222
164	236	164	236
164	250	164	249
164	263	164	264
164	279	164	279
164	294	164	294
164	309	164	309
164	324	164	324
164	338	164	338
164	353	164	353
164	368	164	368
165	377	164	378
165	19	165	18
165	32	165	33
165	47	165	47
165	61	165	61
165	76	165	76
165	91	165	91
165	104	165	103
165	119	165	118
165	133	165	133
165	149	165	148
165	162	165	162
165	178	165	177
165	192	165	193
165	206	165	206
165	222	165	222
165	236	165	236
165	250	165	249
165	263	165	264
165	279	165	279
165	294	165	294
165	309	165	309
165	324	165	324
165	338	165	338
165	353	165	353
165	368	165	368
166	18	166	17
166	32	166	33
166	47	166	47
166	61	166	61
166	76	166	76
166	91	166	91
166	104	166	103
166	119	166	118
166	133	166	133
166	149	166	148
166	162	166	162
166	178	166	177
166	192	166	193
166	206	166	206
166	222	166	222
166	236	166	236
166	250	166	249
166	263	166	264
166	279	166	279
166	294	166	294
166	309	166	309
166	324	166	324
166	338	166	338
166	353	166	353
166	368	166	368
167	378	166	379
167	18	167	17
167	32	167	33
167	47	167	47
167	61	167	61
167	76	167	76
167	91	167	91
167	104	167	103
167	119	167	118
167	133	167	133
167	149	167	148
167	162	167	162
167	178	167	177
167	192	167	193
167	206	167	206
167	222	167	222
167	236	167	236
167	250	167	249
167	263	167	264
167	279	167	279
167	294	167	294
167	309	167	309
167	324	167	324
167	338	167	338
167	353	167	353
167	368	167	368
168	17	168	16
168	32	168	33
168	47	168	47
168	61	168	61
168	76	168	76
168	91	168	91
168	104	168	103
168	119	168	118
168	133	168	133
168	149	168	148
168	162	168	162
168	178	168	177
168	192	168	193
168	206	168	206
168	222	168	222
168	236	168	236
168	250	168	249
168	263	168	264
168	279	168	279
168	294	168	294
168	309	168	309
168	324	168	324
168	338	168	338
168	353	168	353
168	368	168	368
169	379	168	380
169	17	169	16
169	32	169	33
169	47	169	47
169	61	169	61
169	76	169	76
169	91	169	91
169	104	169	103
169	119	169	118
169	133	169	133
169	149	169	148
169	162	169	162
169	178	169	177
169	192	169	193
169	206	169	206
169	222	169	222
169	236	169	236
169	250	169	249
169	263	169	264
169	279	169	279
169	294	169	294
169	309	169	309
169	324	169	324
169	338	169	338
169	353	169	353
169	368	169	368
170	16	170	15
170	32	170	33
170	47	170	47
170	61	170	61
170	76	170	76
170	91	170	91
170	104	170	103
170	119	170	118
170	133	170	133
170	149	170	148
170	162	170	162
170	178	170	177
170	192	170	193
170	206	170	206
170	222	170	222
170	236	170	236
170	250	170	249
170	263	170	264
170	279	170	279
170	294	170	294
170	309	170	309
170	324	170	324
170	338	170	338
170	353	170	353
170	368	170	368
171	380	170	381
171	16	171	15
171	32	171	33
171	47	171	47
171	61	171	61
171	76	171	76
171	91	171	91
171	104	171	103
171	119	171	118
171	133	171	133
171	149	171	148
171	162	171	162
171	178	171	177
171	192	171	193
171	206	171	206
171	222	171	222
171	236	171	236
171	250	171	249
171	263	171	264
171	279	171	279
171	294	171	294
171	309	171	309
171	324	171	324
171	338	171	338
171	353	171	353
171	368	171	368
172	15	172	14
172	32	172	33
172	47	172	47
172	61	172	61
172	76	172	76
172	91	172	91
172	104	172	103
172	119	172	118
172	133	172	133
172	149	172	148
172	162	172	162
172	178	172	177
172	192	172	193
172	206	172	206
172	222	172	222
172	236	172	236
172	250	172	249
172	263	172	264
172	279	172	279
172	294	172	294
172	309	172	309
172	324	172	324
172	338	172	338
172	353	172	353
172	368	172	368
172	380	172	382
175	387	172	389
173	15	173	14
173	32	173	33
173	47	173	47
173	61	173	61
173	76	173	76
173	91	173	91
173	104	173	103
173	119	173	118
173	133	173	133
173	149	173	148
173	162	173	162
173	178	173	177
173	192	173	193
173	206	173	206
173	222	173	222
173	236	173	236
173	250	173	249
173	263	173	264
173	279	173	279
173	294	173	294
173	309	173	309
173	324	173	324
173	338	173	338
173	353	173	353
173	368	173	368
173	381	173	382
175	389	173	390
174	14	174	13
174	32	174	33
174	47	174	47
174	61	174	61
174	76	174	76
174	91	174	91
174	104	174	103
174	119	174	118
174	133	174	133
174	149	174	148
174	162	174	162
174	178	174	177
174	192	174	193
174	206	174	206
174	222	174	222
174	236	174	236
174	250	174	249
174	263	174	264
174	279	174	279
174	294	174	294
174	309	174	309
174	324	174	324
174	338	174	338
174	353	174	353
174	368	174	368
174	381	174	382
175	14	175	13
175	32	175	33
175	47	175	47
175	61	175	61
175	76	175	76
175	91	175	91
175	104	175	103
175	119	175	118
175	133	175	133
175	149	175	148
175	162	175	162
175	178	175	177
175	192	175	193
175	206	175	206
175	222	175	222
175	236	175	236
175	250	175	249
175	263	175	264
175	279	175	279
175	294	175	294
175	309	175	309
175	324	175	324
175	338	175	338
175	353	175	353
175	368	175	368
175	382	175	382
176	13	176	12
176	32	176	33
176	47	176	47
176	61	176	61
176	76	176	76
176	91	176	91
176	104	176	103
176	119	176	118
176	133	176	133
176	149	176	148
176	162	176	162
176	178	176	177
176	192	176	193
176	206	176	206
176	222	176	222
176	236	176	236
176	250	176	249
176	263	176	264
176	279	176	279
176	294	176	294
176	309	176	309
176	324	176	324
176	338	176	338
176	353	176	353
176	368	176	368
176	382	176	382
177	391	176	392
177	13	177	12
177	47	177	47
177	61	177	61
177	76	177	76
177	91	177	91
177	104	177	103
177	119	177	118
177	133	177	133
177	149	177	148
177	162	177	162
177	178	177	177
177	192	177	193
177	206	177	206
177	222	177	222
177	236	177	236
177	250	177	249
177	263	177	264
177	279	177	279
177	294	177	294
177	309	177	309
177	324	177	324
177	338	177	338
177	353	177	353
177	368	177	368
177	382	177	382
182	7	178	7
182	8	178	8
178	12	178	11
178	32	178	32
178	47	178	47
178	61	178	61
178	76	178	76
178	91	178	91
178	104	178	103
178	119	178	118
178	133	178	133
178	149	178	148
178	162	178	162
178	178	178	177
178	192	178	193
178	206	178	206
178	222	178	222
178	236	178	236
178	250	178	249
178	263	178	264
178	279	178	279
178	294	178	294
178	309	178	309
178	324	178	324
178	338	178	338
178	353	178	353
178	368	178	368
178	382	178	382
179	392	178	393
179	12	179	12
179	32	179	32
179	47	179	47
179	61	179	61
179	76	179	76
179	91	179	91
179	104	179	103
179	119	179	118
179	133	179	133
179	149	179	148
179	162	179	162
179	178	179	177
179	206	179	206
179	222	179	222
179	236	179	236
179	250	179	249
179	279	179	279
179	294	179	294
179	309	179	309
179	324	179	324
179	353	179	353
179	368	179	368
180	11	180	12
180	47	180	47
180	61	180	61
180	76	180	76
180	91	180	90
180	104	180	104
180	119	180	118
180	133	180	133
180	149	180	148
180	162	180	162
180	178	180	178
180	192	180	192
180	206	180	206
180	222	180	222
180	236	180	236
180	250	180	250
180	263	180	263
180	279	180	279
180	294	180	293
180	309	180	309
180	324	180	324
180	338	180	338
180	353	180	353
180	368	180	368
180	382	180	383
180	392	180	393
182	4	181	3
181	12	181	12
181	32	181	32
181	47	181	47
181	61	181	61
181	76	181	76
181	91	181	90
181	104	181	104
181	119	181	118
181	133	181	132
181	149	181	148
181	178	181	178
181	192	181	192
181	222	181	222
181	236	181	236
181	250	181	250
181	279	181	279
181	294	181	294
181	309	181	309
181	324	181	324
181	353	181	353
181	368	181	368
181	382	181	383
182	33	182	32
182	47	182	47
182	90	182	90
182	104	182	104
182	119	182	118
182	133	182	133
182	162	182	162
182	178	182	177
182	192	182	192
182	206	182	206
182	222	182	221
182	236	182	236
182	250	182	250
182	263	182	263
182	279	182	279
182	294	182	293
182	309	182	309
182	324	182	324
182	338	182	339
182	353	182	353
182	368	182	367
182	382	182	383
182	393	182	393
183	3	183	2
183	32	183	32
183	47	183	47
183	61	183	61
183	76	183	76
183	90	183	90
183	104	183	104
183	118	183	118
183	133	183	132
183	149	183	148
183	178	183	178
183	193	183	193
183	207	183	207
183	222	183	222
183	236	183	236
183	250	183	250
183	264	183	264
183	279	183	279
183	294	183	294
183	309	183	309
183	324	183	324
183	338	183	339
183	382	183	383
183	394	183	394
184	2	184	1
184	12	184	13
184	33	184	32
184	47	184	47
184	62	184	61
184	77	184	77
184	90	184	90
184	104	184	104
184	118	184	118
184	133	184	133
184	148	184	147
184	162	184	162
184	178	184	178
184	192	184	192
184	206	184	206
184	221	184	221
184	236	184	236
184	249	184	250
184	263	184	263
184	279	184	279
184	293	184	293
184	309	184	309
184	323	184	324
184	339	184	339
184	353	184	353
184	367	184	367
184	383	184	383
184	393	184	393
185	2	185	1
185	32	185	32
185	47	185	47
185	76	185	76
185	90	185	90
185	104	185	104
185	118	185	118
185	132	185	132
185	148	185	147
185	163	185	162
185	178	185	178
185	207	185	207
185	222	185	222
185	236	185	236
185	250	185	250
185	264	185	264
185	279	185	279
185	294	185	294
185	309	185	309
185	324	185	324
185	338	185	339
185	368	185	368
185	394	185	394
186	1	186	1
187	14	186	14
186	32	186	32
186	47	186	47
186	61	186	61
186	77	186	77
186	90	186	90
186	104	186	104
186	118	186	117
186	133	186	133
186	147	186	147
186	162	186	162
186	178	186	178
186	193	186	192
186	206	186	206
186	221	186	221
186	236	186	236
186	249	186	250
186	263	186	263
186	279	186	279
186	293	186	293
186	309	186	309
186	339	186	339
186	353	186	353
186	367	186	367
186	383	186	383
186	393	186	393
187	1	187	1
187	32	187	32
187	47	187	47
187	61	187	61
187	76	187	77
187	90	187	90
187	104	187	104
187	118	187	118
187	133	187	132
187	148	187	147
187	178	187	178
187	193	187	193
187	207	187	207
187	222	187	222
187	236	187	236
187	250	187	250
187	264	187	264
187	279	187	279
187	294	187	293
187	309	187	309
187	324	187	324
187	340	187	339
187	354	187	354
187	368	187	367
187	394	187	394
188	1	188	1
188	14	188	14
188	32	188	32
188	47	188	47
188	61	188	61
188	77	188	77
188	90	188	90
188	104	188	104
188	118	188	117
188	133	188	132
188	162	188	162
188	178	188	178
188	193	188	193
188	221	188	221
188	236	188	236
188	249	188	250
188	263	188	263
188	279	188	279
188	293	188	293
188	309	188	309
188	325	188	325
188	339	188	339
188	353	188	353
188	367	188	367
188	383	188	383
188	393	188	393
189	32	189	32
189	47	189	47
189	61	189	61
189	76	189	77
189	90	189	90
189	104	189	104
189	118	189	117
189	132	189	132
189	147	189	148
191	160	189	158
190	162	189	163
189	178	189	178
189	207	189	206
189	222	189	222
189	236	189	236
189	250	189	250
189	264	189	264
189	279	189	279
189	294	189	293
189	309	189	309
189	324	189	324
189	339	189	339
189	354	189	354
189	367	189	367
189	394	189	394
190	1	190	1
190	14	190	14
190	32	190	32
190	47	190	47
190	61	190	60
190	77	190	77
190	90	190	90
190	104	190	104
190	118	190	117
190	133	190	132
190	147	190	148
192	158	190	156
192	163	190	165
190	178	190	178
190	192	190	193
193	199	190	199
194	200	190	200
194	201	190	201
194	202	190	202
194	203	190	203
190	206	190	205
190	222	190	222
190	236	190	236
190	249	190	250
190	263	190	263
190	279	190	279
190	293	190	292
190	309	190	309
190	325	190	325
190	339	190	339
190	353	190	353
190	367	190	367
190	383	190	383
190	393	190	394
191	15	191	15
191	47	191	47
191	61	191	60
191	76	191	77
191	90	191	90
191	104	191	104
191	118	191	117
191	132	191	132
193	157	191	155
193	165	191	167
191	178	191	177
191	193	191	193
191	207	191	206
191	222	191	222
191	236	191	236
191	250	191	250
191	264	191	264
191	279	191	279
191	293	191	293
191	310	191	310
191	324	191	325
191	339	191	339
191	354	191	353
191	367	191	367
191	384	191	384
191	394	191	394
192	1	192	1
192	14	192	15
192	32	192	32
192	47	192	47
192	60	192	59
192	77	192	77
192	90	192	90
192	104	192	104
192	118	192	117
192	133	192	133
192	148	192	149
194	156	192	154
194	166	192	168
192	178	192	177
192	193	192	192
192	207	192	207
192	222	192	222
192	236	192	235
192	249	192	250
192	263	192	263
192	278	192	278
192	293	192	293
192	309	192	309
192	325	192	325
192	339	192	339
192	353	192	353
192	383	192	383
192	393	192	394
193	15	193	15
193	33	193	33
193	47	193	46
193	60	193	59
193	76	193	77
193	90	193	90
193	104	193	104
193	118	193	117
193	132	193	132
196	152	193	152
195	154	193	153
195	168	193	169
194	193	193	192
194	207	193	207
193	222	193	222
193	236	193	236
193	250	193	250
193	264	193	263
193	293	193	293
193	310	193	310
193	324	193	325
193	340	193	340
193	353	193	353
193	367	193	368
193	384	193	384
193	394	193	394
194	1	194	1
194	14	194	15
194	32	194	32
194	47	194	47
194	59	194	59
194	77	194	77
194	90	194	90
194	104	194	104
194	117	194	117
194	133	194	132
194	148	194	149
196	169	194	170
195	177	194	176
194	222	194	222
194	235	194	235
194	250	194	250
194	263	194	263
194	278	194	277
194	309	194	309
194	325	194	325
194	339	194	339
194	353	194	353
194	368	194	368
194	383	194	383
194	394	194	394
195	2	195	2
195	15	195	15
195	33	195	33
195	47	195	46
195	60	195	59
195	90	195	90
195	104	195	103
195	118	195	118
195	132	195	132
195	149	195	149
197	170	195	171
196	177	195	175
195	193	195	191
195	207	195	208
195	236	195	235
195	250	195	250
195	264	195	263
195	278	195	277
195	293	195	294
195	310	195	310
195	325	195	325
195	340	195	340
195	353	195	353
195	367	195	368
195	384	195	384
195	394	195	394
196	1	196	2
196	15	196	14
196	32	196	32
196	47	196	47
196	59	196	59
196	77	196	77
196	90	196	90
196	104	196	104
196	117	196	117
196	132	196	132
198	171	196	172
196	192	196	191
196	222	196	222
196	235	196	234
196	263	196	263
196	277	196	276
196	294	196	294
196	309	196	309
196	325	196	325
196	339	196	339
196	353	196	352
196	368	196	368
196	383	196	383
198	2	197	3
197	15	197	15
197	33	197	33
197	46	197	46
197	59	197	59
197	90	197	89
197	104	197	103
197	118	197	118
197	132	197	132
197	149	197	148
197	176	197	175
197	192	197	191
197	208	197	209
197	235	197	235
197	250	197	251
197	277	197	277
197	293	197	294
197	310	197	310
197	325	197	324
197	340	197	340
197	353	197	353
197	384	197	384
198	14	198	14
198	32	198	32
198	47	198	47
198	59	198	58
198	77	198	77
198	90	198	90
198	104	198	104
198	117	198	117
198	132	198	132
198	148	198	147
198	176	198	176
198	191	198	190
198	209	198	209
198	222	198	222
198	235	198	234
198	250	198	251
198	263	198	262
198	277	198	276
198	294	198	294
198	309	198	309
198	325	198	324
198	352	198	352
198	368	198	368
198	383	198	383
199	3	199	3
199	15	199	15
199	33	199	33
199	46	199	47
199	59	199	59
199	90	199	90
199	104	199	103
199	118	199	118
199	132	199	132
200	176	199	176
199	191	199	191
199	209	199	209
199	223	199	223
199	235	199	235
200	251	199	251
199	264	199	262
199	310	199	310
199	324	199	324
199	339	199	339
199	353	199	353
199	369	199	369
199	384	199	384
200	3	200	2
200	14	200	15
200	32	200	32
200	47	200	47
200	58	200	58
201	78	200	78
200	90	200	89
200	104	200	104
200	118	200	118
200	132	200	131
200	147	200	147
200	190	200	191
200	210	200	209
200	222	200	223
200	234	200	234
200	263	200	262
201	277	200	277
200	294	200	294
200	309	200	309
200	352	200	352
200	368	200	368
200	383	200	383
201	3	201	2
201	15	201	15
201	33	201	33
201	47	201	47
201	59	201	59
201	89	201	89
201	104	201	103
201	118	201	118
201	132	201	132
201	148	201	147
201	176	201	177
201	191	201	191
201	209	201	208
201	223	201	223
201	235	201	235
201	251	201	251
201	262	201	261
201	295	201	295
201	310	201	310
201	324	201	324
201	339	201	339
201	353	201	353
201	369	201	369
201	383	201	383
202	2	202	1
202	14	202	15
202	32	202	32
202	47	202	47
202	58	202	58
202	78	202	79
202	89	202	88
202	104	202	104
202	118	202	118
202	132	202	131
202	147	202	147
202	177	202	177
202	190	202	191
202	222	202	223
202	234	202	234
202	262	202	262
203	277	202	278
202	294	202	294
202	309	202	309
202	323	202	323
202	340	202	340
202	352	202	352
202	368	202	368
202	383	202	383
203	2	203	1
203	14	203	15
203	33	203	32
203	47	203	47
203	59	203	59
203	89	203	89
205	90	203	90
203	104	203	103
203	118	203	118
203	132	203	132
203	147	203	147
203	191	203	191
203	208	203	208
203	223	203	223
203	235	203	235
203	251	203	251
203	262	203	261
203	295	203	294
203	310	203	310
203	324	203	323
203	339	203	339
203	353	203	353
203	369	203	369
203	383	203	383
204	1	204	1
204	15	204	15
204	58	204	59
204	79	204	79
204	88	204	87
206	91	204	92
204	104	204	103
204	118	204	118
204	132	204	131
204	147	204	147
204	177	204	177
204	191	204	191
205	208	204	207
204	223	204	223
204	234	204	234
204	252	204	252
204	262	204	261
204	278	204	279
204	294	204	293
204	309	204	309
204	323	204	323
204	340	204	340
204	352	204	352
204	368	204	368
204	383	204	383
205	1	205	1
205	14	205	15
205	32	205	33
205	47	205	48
205	59	205	59
206	81	205	82
206	87	205	86
207	93	205	94
205	118	205	118
205	132	205	132
205	147	205	147
205	223	205	223
205	235	205	235
205	251	205	251
205	261	205	261
208	289	205	289
208	290	205	290
208	291	205	291
205	310	205	310
205	323	205	323
205	339	205	340
205	353	205	353
205	369	205	369
205	383	205	383
206	1	206	1
206	15	206	15
206	48	206	48
206	59	206	59
206	79	206	78
207	82	206	83
208	94	206	95
206	104	206	102
206	118	206	117
206	131	206	131
207	147	206	148
206	177	206	177
206	191	206	191
206	207	206	207
206	223	206	223
206	234	206	234
206	252	206	251
206	262	206	261
207	280	206	280
208	288	206	286
206	294	206	294
206	309	206	309
206	323	206	323
206	340	206	340
206	352	206	352
206	368	206	368
207	1	207	1
207	15	207	15
207	33	207	33
207	47	207	48
207	59	207	59
207	78	207	77
207	86	207	85
209	95	207	96
207	104	207	102
207	118	207	117
209	122	207	122
207	132	207	132
207	178	207	177
207	206	207	206
207	223	207	223
207	235	207	234
207	251	207	251
207	261	207	261
210	283	207	283
210	284	207	284
209	286	207	285
208	294	207	295
207	310	207	309
207	323	207	323
207	339	207	340
207	353	207	353
207	369	207	369
207	383	207	383
208	1	208	1
208	33	208	32
210	36	208	37
208	48	208	48
208	59	208	59
208	85	208	85
210	96	208	97
212	98	208	98
208	148	208	149
211	174	208	174
208	177	208	176
208	191	208	191
208	223	208	222
208	234	208	234
208	252	208	251
208	280	208	280
209	295	208	296
208	309	208	309
208	340	208	340
208	352	208	352
208	368	208	368
209	15	209	15
209	33	209	32
210	37	209	38
209	48	209	48
209	59	209	59
209	77	209	76
209	85	209	85
209	104	209	102
209	118	209	117
209	132	209	132
210	133	209	133
209	149	209	149
212	169	209	169
212	170	209	170
211	171	209	171
209	177	209	177
209	192	209	192
209	206	209	206
209	223	209	223
209	234	209	234
209	251	209	251
209	261	209	261
209	281	209	280
210	309	209	308
209	323	209	323
209	340	209	340
209	353	209	353
209	369	209	369
209	383	209	383
210	1	210	1
210	16	210	16
210	32	210	31
211	38	210	39
210	59	210	59
210	76	210	75
210	85	210	85
210	103	210	102
210	117	210	116
211	133	210	134
210	149	210	149
212	168	210	166
212	177	210	178
210	191	210	191
210	206	210	205
210	222	210	222
210	234	210	234
210	295	210	297
212	300	210	302
214	303	210	303
214	304	210	304
214	305	210	305
210	324	210	324
210	340	210	340
210	352	210	352
210	368	210	368
210	384	210	384
211	15	211	16
211	48	211	48
211	59	211	59
211	76	211	75
211	85	211	85
211	103	211	103
211	117	211	117
213	166	211	164
213	178	211	179
211	192	211	191
211	206	211	205
211	223	211	223
211	234	211	234
211	251	211	251
211	261	211	261
211	281	211	280
212	298	211	297
211	309	211	308
211	353	211	353
211	369	211	369
211	383	211	383
212	1	212	1
212	16	212	16
212	31	212	30
212	49	212	48
212	59	212	59
212	75	212	74
212	85	212	84
212	102	212	102
212	117	212	116
213	134	212	135
212	149	212	150
214	179	212	180
212	191	212	190
212	205	212	205
212	222	212	222
212	234	212	234
212	251	212	250
212	260	212	260
212	280	212	279
211	296	212	296
212	309	212	309
212	324	212	324
212	340	212	341
212	352	212	352
212	368	212	368
212	384	212	384
213	2	213	2
213	16	213	16
213	30	213	29
213	48	213	48
213	59	213	59
213	75	213	74
213	85	213	85
213	103	213	103
213	117	213	116
213	150	213	150
213	162	213	162
215	180	213	181
213	191	213	190
213	205	213	205
213	223	213	223
213	234	213	234
213	251	213	251
213	261	213	261
213	280	213	280
213	340	213	341
213	353	213	353
213	369	213	369
213	383	213	383
214	1	214	2
214	16	214	16
214	30	214	29
214	48	214	48
214	59	214	59
214	74	214	74
214	84	214	84
214	102	214	102
215	103	214	103
214	116	214	115
215	135	214	135
214	163	214	162
214	190	214	189
214	205	214	205
214	222	214	222
214	234	214	234
214	250	214	250
214	260	214	260
214	280	214	279
214	296	214	295
215	308	214	310
214	324	214	324
214	340	214	341
214	368	214	368
214	384	214	384
215	2	215	2
215	16	215	16
215	29	215	29
215	48	215	48
215	59	215	59
215	75	215	74
216	84	215	83
216	103	215	104
216	116	215	115
215	150	215	150
215	190	215	189
215	205	215	205
215	223	215	223
215	234	215	234
215	251	215	251
215	261	215	260
215	280	215	279
215	325	215	325
215	341	215	341
215	353	215	353
215	369	215	369
215	383	215	383
216	1	216	2
216	16	216	16
216	29	216	29
216	48	216	47
216	59	216	59
218	102	216	100
217	104	216	105
216	135	216	136
216	151	216	151
217	182	216	183
216	189	216	188
216	205	216	204
216	222	216	222
216	234	216	234
220	254	216	254
220	255	216	255
216	260	216	259
216	279	216	279
216	295	216	294
217	310	216	311
217	325	216	325
216	341	216	341
216	352	216	353
216	368	216	368
216	384	216	384
217	2	217	2
217	16	217	16
217	29	217	29
217	48	217	48
217	59	217	59
217	73	217	75
217	83	217	82
218	101	217	99
218	105	217	106
217	116	217	114
217	136	217	136
217	150	217	150
218	183	217	184
217	189	217	188
217	205	217	205
217	222	217	222
217	234	217	234
216	250	217	250
217	280	217	279
217	294	217	293
217	341	217	341
217	353	217	353
217	369	217	369
217	383	217	383
218	2	218	2
218	16	218	16
218	29	218	29
218	47	218	47
218	59	218	59
218	74	218	75
218	82	218	81
219	99	218	98
219	106	218	107
218	115	218	114
218	137	218	136
218	151	218	151
219	184	218	185
218	188	218	187
218	204	218	204
218	222	218	222
218	234	218	234
218	250	218	250
218	260	218	260
218	279	218	279
221	291	218	291
219	293	218	293
218	310	218	312
218	325	218	326
218	341	218	341
218	353	218	353
218	368	218	368
218	384	218	384
219	16	219	16
219	29	219	29
219	48	219	47
219	59	219	59
220	75	219	76
220	81	219	80
220	98	219	97
220	107	219	108
219	137	219	136
219	151	219	151
220	187	219	186
220	189	219	190
219	205	219	204
219	222	219	222
219	234	219	234
219	250	219	250
220	259	219	259
221	288	219	288
220	312	219	312
219	325	219	326
219	341	219	341
219	353	219	353
219	369	219	369
219	383	219	383
220	2	220	2
220	16	220	16
220	47	220	47
220	59	220	59
221	80	220	79
221	108	220	109
220	115	220	113
220	136	220	135
220	151	220	151
220	185	220	185
220	204	220	204
220	222	220	222
220	234	220	234
220	260	220	260
220	279	220	280
222	287	220	285
220	293	220	294
221	312	220	313
220	325	220	326
220	341	220	341
220	353	220	353
220	368	220	368
220	384	220	384
221	16	221	16
221	29	221	30
221	59	221	59
223	78	221	76
222	97	221	96
222	109	221	110
221	114	221	113
221	136	221	136
221	152	221	151
221	186	221	185
221	190	221	191
221	204	221	204
221	222	221	222
221	234	221	234
221	250	221	250
221	260	221	259
223	286	221	284
221	326	221	326
221	341	221	341
221	369	221	369
221	383	221	384
222	2	222	2
222	16	222	16
222	47	222	47
222	59	222	59
222	75	222	75
223	96	222	95
223	110	222	111
222	114	222	114
222	136	222	135
222	151	222	151
222	185	222	184
222	204	222	204
223	222	222	223
222	234	222	234
222	250	222	249
222	260	222	260
222	313	222	313
222	341	222	341
222	353	222	353
222	368	222	368
222	384	222	384
223	3	223	3
223	30	223	30
223	59	223	58
223	76	223	75
224	95	223	94
223	113	223	112
224	151	223	150
223	185	223	184
224	192	223	192
223	204	223	204
223	234	223	234
223	250	223	249
223	260	223	260
223	279	223	279
224	295	223	296
223	326	223	327
223	341	223	341
223	369	223	369
223	383	223	384
224	2	224	3
224	16	224	16
224	30	224	30
224	47	224	47
224	59	224	59
224	75	224	75
225	94	224	93
224	111	224	112
225	115	224	115
224	135	224	134
224	184	224	183
224	223	224	223
224	234	224	234
224	249	224	248
224	260	224	260
224	279	224	279
224	313	224	313
224	327	224	327
224	340	224	341
224	353	224	353
224	368	224	369
224	384	224	384
225	48	225	48
225	58	225	58
225	75	225	75
226	93	225	92
225	112	225	112
225	135	225	134
225	150	225	149
225	184	225	183
226	193	225	193
225	204	225	204
225	234	225	234
225	249	225	249
225	260	225	260
227	298	225	298
225	314	225	314
225	326	225	327
225	341	225	341
225	354	225	353
225	369	225	369
226	2	226	3
226	16	226	16
226	30	226	30
226	47	226	48
226	59	226	59
226	75	226	74
226	112	226	112
226	115	226	116
226	134	226	134
226	150	226	149
226	183	226	182
226	223	226	223
226	249	226	248
226	260	226	260
226	280	226	279
226	297	226	296
228	300	226	300
226	313	226	313
226	327	226	327
226	341	226	341
226	353	226	352
226	368	226	369
226	384	226	384
227	17	227	17
227	31	227	31
227	48	227	48
227	58	227	58
227	75	227	75
227	93	227	92
227	112	227	112
227	134	227	133
227	149	227	149
227	183	227	183
227	193	227	194
227	204	227	204
227	234	227	235
227	260	227	260
227	279	227	278
228	297	227	295
229	301	227	302
227	314	227	314
227	326	227	327
227	341	227	340
227	353	227	353
227	369	227	369
227	385	227	385
229	4	228	4
228	16	228	16
228	30	228	30
228	59	228	59
228	74	228	74
230	90	228	90
228	92	228	91
228	111	228	111
229	117	228	117
228	134	228	134
228	149	228	149
228	183	228	182
228	194	228	194
228	223	228	223
228	235	228	235
228	248	228	248
228	260	228	260
228	279	228	279
230	295	228	293
230	302	228	304
228	314	228	314
228	327	228	327
228	340	228	340
229	352	228	352
228	384	228	384
229	17	229	17
229	31	229	31
229	48	229	48
229	58	229	58
231	87	229	87
231	88	229	88
231	94	229	94
229	111	229	111
229	133	229	133
229	149	229	148
229	183	229	183
229	204	229	205
229	224	229	224
229	234	229	235
229	260	229	260
229	279	229	278
231	294	229	292
229	313	229	313
229	326	229	326
229	340	229	339
229	369	229	369
229	385	229	385
231	394	229	394
230	3	230	4
230	16	230	16
231	48	230	49
230	59	230	58
230	74	230	74
229	75	230	75
232	85	230	84
232	95	230	96
230	111	230	111
230	117	230	118
230	134	230	133
231	148	230	148
230	183	230	183
230	195	230	194
230	205	230	205
230	223	230	223
230	235	230	235
230	248	230	247
230	260	230	260
230	279	230	278
231	304	230	305
230	314	230	314
230	327	230	327
230	352	230	353
230	369	230	369
230	384	230	384
231	17	231	17
230	30	231	30
231	58	231	58
231	73	231	73
231	82	231	82
233	96	231	97
232	110	231	110
231	118	231	118
231	133	231	133
231	195	231	194
231	224	231	224
231	235	231	235
231	248	231	247
231	259	231	260
231	278	231	278
232	305	231	306
231	313	231	313
231	326	231	326
231	339	231	339
231	353	231	353
231	385	231	385
232	4	232	5
232	16	232	16
232	31	232	31
232	49	232	49
232	59	232	58
232	74	232	73
232	83	232	82
234	97	232	98
232	149	232	148
232	184	232	184
232	205	232	206
232	223	232	223
232	235	232	235
232	247	232	247
232	260	232	260
232	279	232	278
233	306	232	307
232	327	232	327
232	339	232	338
232	352	232	353
233	369	232	369
232	384	232	385
234	5	233	6
233	17	233	16
233	30	233	30
233	58	233	58
233	73	233	73
234	83	233	81
235	98	233	100
233	110	233	110
233	118	233	118
233	133	233	133
233	148	233	148
233	195	233	193
233	206	233	206
233	224	233	223
233	248	233	248
233	278	233	278
234	307	233	308
233	313	233	312
233	326	233	326
233	339	233	338
233	353	233	353
233	385	233	385
235	6	234	7
234	16	234	15
234	31	234	31
234	49	234	49
234	58	234	57
235	82	234	80
234	111	234	111
234	119	234	119
234	132	234	132
237	147	234	146
235	148	234	149
234	185	234	185
234	194	234	193
234	205	234	206
234	223	234	223
234	235	234	235
234	247	234	247
234	260	234	260
234	279	234	278
235	308	234	309
234	312	234	311
234	326	234	325
234	338	234	338
234	369	234	369
235	16	235	15
235	30	235	30
235	50	235	50
235	58	235	58
235	74	235	74
235	75	235	75
235	76	235	76
235	77	235	77
235	78	235	78
236	79	235	79
235	110	235	110
235	118	235	118
235	133	235	133
237	146	235	144
236	149	235	150
236	186	235	186
235	194	235	193
236	206	235	207
235	223	235	223
235	236	235	236
235	248	235	248
235	261	235	261
235	278	235	278
235	326	235	326
235	338	235	337
235	353	235	354
235	370	235	369
235	385	235	386
236	7	236	8
236	15	236	14
236	31	236	30
236	49	236	49
236	57	236	57
236	73	236	73
236	119	236	119
236	132	236	132
238	145	236	143
237	150	236	151
236	223	236	223
236	235	236	235
237	261	236	261
236	278	236	278
236	311	236	311
236	325	236	325
236	338	236	337
236	353	236	354
236	369	236	368
236	385	236	386
238	8	237	9
237	15	237	14
237	30	237	30
237	50	237	50
237	58	237	58
237	110	237	110
237	118	237	118
237	133	237	133
238	144	237	142
238	187	237	187
237	193	237	192
238	207	237	208
237	223	237	223
237	236	237	236
237	248	237	248
237	279	237	278
237	310	237	311
237	326	237	326
237	337	237	337
238	369	237	368
239	9	238	10
238	14	238	13
238	30	238	30
238	49	238	49
238	57	238	57
238	74	238	73
238	110	238	109
238	119	238	118
239	133	238	133
239	143	238	141
238	151	238	152
240	155	238	156
238	193	238	192
239	208	238	209
238	223	238	223
238	235	238	235
238	249	238	249
238	261	238	261
238	278	238	278
238	311	238	311
238	325	238	325
238	337	238	336
238	354	238	353
239	368	238	367
238	386	238	387
241	11	239	11
239	30	239	30
239	50	239	50
239	58	239	58
239	75	239	74
239	110	239	110
239	118	239	118
240	142	239	140
239	152	239	152
240	156	239	157
240	188	239	188
239	193	239	193
239	223	239	223
239	236	239	236
239	262	239	262
239	279	239	278
239	310	239	310
239	326	239	325
239	337	239	337
240	13	240	13
240	30	240	29
240	49	240	50
240	57	240	57
240	74	240	73
240	109	240	109
240	132	240	134
241	141	240	139
240	153	240	152
242	158	240	159
241	188	240	189
241	192	240	191
240	208	240	209
240	235	240	235
240	249	240	249
240	261	240	261
240	278	240	278
240	311	240	311
240	325	240	325
240	336	240	336
243	356	240	356
240	367	240	366
242	13	241	14
241	30	241	30
241	50	241	50
241	58	241	58
241	74	241	74
241	110	241	109
241	118	241	118
241	133	241	134
242	140	241	138
241	153	241	152
242	159	241	160
242	189	241	190
242	209	241	210
241	223	241	223
241	236	241	236
241	250	241	250
241	262	241	262
241	279	241	278
241	310	241	310
241	325	241	325
241	337	241	336
241	354	241	353
243	357	241	359
241	367	241	366
240	386	241	387
242	29	242	29
242	57	242	57
242	74	242	73
242	109	242	109
242	118	242	117
243	139	242	137
243	161	242	161
242	192	242	191
242	222	242	223
242	249	242	250
242	261	242	261
242	278	242	278
242	311	242	311
242	325	242	325
242	336	242	336
242	353	242	353
242	387	242	386
243	14	243	15
243	30	243	30
243	50	243	50
243	58	243	58
243	109	243	109
243	118	243	118
243	134	243	134
243	153	243	152
243	190	243	190
243	210	243	211
243	223	243	223
243	236	243	236
243	250	243	250
243	262	243	262
243	279	243	279
243	310	243	310
243	324	243	324
243	336	243	336
244	353	243	352
243	366	243	366
244	387	243	386
243	392	243	391
244	29	244	29
244	57	244	57
244	74	244	73
244	109	244	108
244	118	244	117
244	134	244	134
244	190	244	189
246	192	244	193
244	210	244	211
244	223	244	223
244	250	244	250
244	261	244	261
244	278	244	278
244	310	244	309
244	325	244	324
244	336	244	336
244	365	244	365
245	386	244	385
244	391	244	391
245	14	245	15
245	30	245	30
245	50	245	50
245	58	245	58
245	74	245	74
245	109	245	109
245	118	245	117
245	152	245	151
245	191	245	189
247	194	245	195
245	210	245	211
245	223	245	223
245	236	245	236
245	250	245	250
245	262	245	262
245	279	245	279
245	310	245	309
245	324	245	324
245	335	245	335
245	352	245	352
245	366	245	366
247	1	246	1
247	15	246	16
246	29	246	29
246	51	246	51
246	57	246	57
247	75	246	75
246	108	246	108
246	118	246	118
246	134	246	133
246	151	246	151
245	185	246	188
248	195	246	196
246	211	246	211
246	223	246	223
246	237	246	237
246	250	246	250
246	262	246	261
246	278	246	278
246	310	246	309
246	324	246	324
246	336	246	336
246	351	246	351
246	385	246	384
247	392	246	392
247	30	247	30
248	51	247	51
247	58	247	57
247	76	247	76
248	108	247	107
247	118	247	117
247	133	247	132
247	151	247	150
248	191	247	188
249	196	247	197
247	211	247	211
247	223	247	223
247	236	247	236
247	250	247	250
247	262	247	262
247	279	247	279
248	309	247	308
247	324	247	324
247	335	247	335
247	351	247	350
247	366	247	366
248	384	247	383
248	1	248	1
248	16	248	17
248	29	248	30
248	57	248	56
248	77	248	77
248	118	248	118
248	133	248	133
251	147	248	147
248	151	248	150
248	223	248	223
248	237	248	237
248	250	248	250
248	262	248	261
248	278	248	278
249	308	248	307
248	324	248	324
248	335	248	335
249	350	248	349
248	392	248	392
249	16	249	17
249	30	249	30
250	51	249	52
250	57	249	56
248	74	249	74
249	78	249	78
249	107	249	106
250	118	249	118
249	133	249	132
247	184	249	186
251	213	249	213
251	214	249	214
249	223	249	223
249	236	249	236
249	250	249	250
249	262	249	262
249	279	249	279
250	307	249	306
249	324	249	324
249	335	249	335
250	349	249	348
249	366	249	367
249	383	249	382
249	393	249	393
251	17	250	17
250	79	250	79
251	132	250	132
250	150	250	151
252	189	250	186
250	211	250	211
252	216	250	216
250	223	250	223
250	237	250	237
250	250	250	249
250	262	250	261
251	279	250	279
250	324	250	324
250	335	250	335
251	349	250	347
250	367	250	367
250	382	250	382
252	1	251	2
251	30	251	30
252	52	251	53
252	56	251	55
251	73	251	73
251	79	251	79
251	106	251	105
251	118	251	119
251	183	251	185
253	217	251	218
255	219	251	219
255	220	251	220
251	223	251	222
251	236	251	237
251	250	251	250
251	262	251	262
251	307	251	305
252	324	251	324
251	335	251	335
255	344	251	344
252	367	251	367
251	382	251	382
252	17	252	18
252	72	252	73
252	80	252	80
252	105	252	105
252	119	252	119
252	133	252	132
252	151	252	151
254	187	252	185
252	211	252	210
252	223	252	223
252	237	252	237
252	250	252	249
252	262	252	261
252	279	252	279
253	306	252	304
252	334	252	335
253	367	252	368
252	382	252	382
253	17	253	18
253	30	253	31
254	53	253	54
253	105	253	104
253	119	253	119
253	133	253	133
254	151	253	150
253	184	253	184
253	210	253	209
253	250	253	250
253	262	253	262
253	280	253	280
253	324	253	324
256	338	253	338
256	339	253	339
255	340	253	340
253	348	253	348
254	17	254	18
254	31	254	31
254	55	254	55
254	72	254	72
254	81	254	81
254	105	254	105
254	119	254	119
254	133	254	132
254	184	254	183
254	209	254	208
254	224	254	224
254	237	254	237
254	249	254	249
254	262	254	261
254	279	254	280
256	301	254	299
254	305	254	304
254	334	254	335
254	347	254	348
254	368	254	368
254	382	254	382
256	384	254	384
255	18	255	18
255	30	255	31
256	54	255	54
255	73	255	72
255	81	255	80
255	105	255	104
255	119	255	119
255	133	255	133
255	151	255	149
256	184	255	183
255	208	255	207
256	225	255	225
255	250	255	250
255	262	255	262
257	299	255	297
255	305	255	305
255	324	255	325
255	335	255	335
256	347	255	348
257	385	255	386
256	31	256	31
256	73	256	72
256	80	256	80
256	105	256	105
256	119	256	118
256	133	256	132
257	150	256	149
257	183	256	182
256	237	256	237
256	249	256	249
256	261	256	261
256	281	256	281
258	297	256	296
256	325	256	325
257	335	256	334
257	369	256	369
256	382	256	381
257	386	256	387
257	18	257	19
257	74	257	73
257	79	257	79
257	104	257	104
257	119	257	118
257	133	257	133
258	149	257	148
257	207	257	206
257	225	257	226
257	250	257	250
257	262	257	261
257	281	257	280
257	305	257	306
257	325	257	325
260	351	257	351
260	352	257	352
257	381	257	380
258	387	257	388
258	18	258	19
258	31	258	32
257	54	258	54
259	56	258	56
258	74	258	73
258	79	258	78
258	105	258	104
258	119	258	118
258	133	258	133
258	182	258	182
258	206	258	205
258	237	258	238
258	249	258	249
258	261	258	261
266	273	258	279
258	281	258	282
259	296	258	294
259	306	258	307
258	325	258	325
258	334	258	334
257	348	258	348
260	354	258	355
259	370	258	370
258	381	258	380
259	388	258	389
259	18	259	19
259	31	259	32
259	54	259	53
259	75	259	74
259	78	259	78
259	105	259	105
259	133	259	133
259	148	259	147
259	182	259	181
259	206	259	205
259	250	259	250
259	262	259	261
260	295	259	293
260	307	259	308
259	325	259	324
259	334	259	333
261	355	259	356
259	380	259	379
260	19	260	19
260	31	260	32
261	57	260	57
260	75	260	74
260	78	260	77
260	105	260	104
260	118	260	117
261	133	260	134
260	147	260	146
260	181	260	180
260	205	260	204
260	225	260	226
260	237	260	238
260	249	260	249
260	261	260	261
260	282	260	283
261	308	260	309
260	325	260	325
261	356	260	357
260	370	260	370
260	380	260	380
260	389	260	390
261	18	261	19
261	32	261	32
261	53	261	52
262	57	261	58
261	76	261	76
261	105	261	105
262	146	261	145
261	181	261	180
261	205	261	204
261	226	261	226
261	250	261	250
261	261	261	260
261	294	261	292
261	324	261	324
261	333	261	333
262	348	261	347
262	357	261	358
261	371	261	371
261	379	261	379
262	19	262	19
262	31	262	32
262	52	262	51
262	76	262	75
262	104	262	104
262	118	262	116
262	134	262	134
265	175	262	175
265	176	262	176
265	177	262	177
262	180	262	179
262	204	262	204
262	225	262	225
265	228	262	229
262	238	262	238
262	249	262	249
262	261	262	261
263	284	262	284
263	293	262	292
262	308	262	310
262	333	262	332
262	370	262	370
262	380	262	379
262	390	262	390
263	18	263	19
263	32	263	32
263	52	263	51
263	58	263	59
263	75	263	75
263	105	263	105
263	117	263	116
264	134	263	135
263	145	263	144
266	171	263	170
265	172	263	172
263	181	263	180
265	199	263	199
265	200	263	200
265	201	263	201
265	202	263	202
264	203	263	203
263	225	263	225
265	229	263	231
264	238	263	239
263	249	263	249
263	261	263	260
263	309	263	310
263	324	263	324
262	325	263	325
263	333	263	333
265	342	263	342
263	347	263	347
263	370	263	370
263	379	263	379
263	391	263	391
264	19	264	19
264	51	264	50
264	75	264	75
264	104	264	104
266	135	264	136
266	197	264	197
266	203	264	204
265	225	264	224
264	234	264	232
264	249	264	249
264	261	264	261
264	284	264	284
264	292	264	291
264	310	264	310
264	323	264	323
264	332	264	331
264	370	264	370
264	378	264	378
264	390	264	390
265	19	265	19
265	32	265	31
265	51	265	50
266	60	265	60
265	75	265	74
265	105	265	105
265	116	265	116
267	136	265	137
266	144	265	143
266	180	265	181
265	194	265	194
266	195	265	195
267	204	265	205
266	230	265	232
265	239	265	239
265	249	265	249
265	261	265	261
265	285	265	285
265	311	265	311
266	323	265	323
266	340	265	339
265	370	265	370
265	379	265	379
265	391	265	391
266	31	266	31
266	50	266	49
266	75	266	75
266	104	266	104
268	137	266	138
266	224	266	223
266	238	266	239
266	249	266	248
266	261	266	260
267	286	266	286
267	291	266	290
266	310	266	310
266	332	266	331
267	339	266	338
266	369	266	369
266	378	266	378
266	390	266	390
267	19	267	19
269	21	267	21
267	31	267	30
267	49	267	48
267	60	267	60
267	74	267	74
267	105	267	105
267	116	267	116
269	138	267	139
267	143	267	142
267	181	267	182
268	193	267	192
267	223	267	222
267	249	267	248
267	261	267	261
267	287	267	287
268	288	267	288
269	289	267	289
267	311	267	311
267	323	267	324
268	330	267	329
269	331	267	332
268	338	267	337
267	347	267	348
269	350	267	350
267	370	267	370
267	378	267	378
267	391	267	391
268	18	268	18
270	22	268	23
268	31	268	30
268	49	268	49
268	61	268	61
268	75	268	75
268	116	268	115
268	143	268	143
269	182	268	183
269	192	268	191
269	206	268	207
268	222	268	221
268	239	268	240
268	261	268	261
268	285	268	286
268	310	268	310
270	330	268	328
270	332	268	333
269	337	268	336
268	348	268	348
270	351	268	352
268	369	268	369
268	378	268	378
268	390	268	390
269	19	269	18
271	23	269	24
270	30	269	29
269	48	269	48
269	74	269	74
269	105	269	105
269	116	269	115
269	142	269	141
269	144	269	144
271	183	269	184
270	191	269	190
269	222	269	221
270	248	269	247
269	262	269	262
271	289	269	286
269	311	269	310
269	323	269	325
271	329	269	327
270	349	269	347
271	352	269	353
269	378	269	378
269	391	269	391
271	8	270	9
270	18	270	17
272	24	270	25
270	61	270	61
270	75	270	74
270	106	270	106
270	139	270	140
271	190	270	189
270	207	270	208
270	221	270	221
271	239	270	239
270	240	270	240
270	261	270	261
270	285	270	285
270	310	270	310
272	328	270	326
270	336	270	335
271	348	270	346
272	353	270	354
270	369	270	369
270	377	270	377
270	390	270	391
272	9	271	10
272	17	271	16
272	29	271	28
271	48	271	49
271	62	271	62
271	75	271	74
271	115	271	114
271	140	271	140
272	189	271	188
271	221	271	221
272	238	271	237
272	241	271	242
271	248	271	246
271	262	271	262
271	286	271	285
271	311	271	310
271	324	271	325
271	334	271	335
273	347	271	345
273	353	271	355
271	368	271	368
271	378	271	378
271	391	271	391
274	9	272	11
272	48	272	49
272	61	272	61
272	75	272	74
272	106	272	107
272	139	272	139
272	184	272	185
272	208	272	209
272	221	272	220
273	237	272	236
273	242	272	243
272	247	272	246
272	261	272	261
272	285	272	284
272	310	272	309
272	324	272	325
273	336	272	336
272	368	272	368
272	378	272	377
272	390	272	391
274	16	273	15
274	26	273	27
273	48	273	49
273	62	273	62
273	75	273	75
273	115	273	115
273	139	273	139
273	151	273	151
273	188	273	186
273	221	273	221
274	236	273	235
274	243	273	244
273	262	273	262
273	284	273	283
273	310	273	309
273	325	273	325
274	346	273	344
273	368	273	367
273	377	273	377
273	391	273	391
274	28	274	28
275	49	274	50
274	61	274	61
274	74	274	74
274	106	274	108
274	139	274	138
274	151	274	151
275	187	274	186
274	209	274	208
275	210	274	210
274	220	274	220
274	247	274	247
274	283	274	283
274	310	274	310
276	311	274	311
276	312	274	312
276	313	274	313
274	336	274	336
275	344	274	343
274	368	274	368
274	377	274	377
274	391	274	390
275	392	274	393
275	15	275	14
275	62	275	62
275	75	275	75
275	116	275	116
275	139	275	139
275	151	275	150
274	185	275	185
275	220	275	220
275	235	275	234
275	246	275	246
275	262	275	263
275	283	275	282
275	310	275	309
277	314	275	315
275	325	275	325
275	337	275	337
276	343	275	342
275	367	275	367
275	377	275	377
276	393	275	394
276	14	276	13
276	27	276	27
276	61	276	62
276	74	276	74
276	117	276	117
276	140	276	139
276	144	276	144
276	186	276	186
276	220	276	220
279	230	276	230
278	231	276	231
277	232	276	232
276	233	276	233
276	246	276	246
277	249	276	249
276	263	276	263
276	283	276	283
277	309	276	308
277	315	276	316
276	325	276	324
276	337	276	337
277	367	276	368
277	13	277	13
277	28	277	28
277	49	277	49
277	62	277	62
277	75	277	75
277	106	277	109
277	117	277	117
277	140	277	139
277	143	277	143
277	151	277	149
277	185	277	185
277	219	277	219
277	246	277	246
277	263	277	263
277	283	277	282
278	308	277	307
278	316	277	317
277	325	277	325
277	343	277	342
277	377	277	376
278	13	278	13
278	27	278	27
278	61	278	62
278	74	278	74
278	107	278	109
278	118	278	117
278	141	278	141
278	142	278	142
278	150	278	149
278	186	278	186
278	220	278	219
278	246	278	245
278	249	278	250
278	263	278	263
278	283	278	283
278	326	278	325
278	337	278	337
278	342	278	341
278	368	278	368
278	376	278	376
278	10	279	11
279	13	279	12
279	27	279	27
279	50	279	52
279	62	279	62
279	75	279	75
278	113	279	116
279	140	279	139
279	149	279	149
280	169	279	168
279	185	279	185
279	219	279	219
279	245	279	245
280	251	279	251
279	264	279	264
279	284	279	284
279	307	279	306
280	317	279	318
279	325	279	325
279	338	279	337
279	9	280	10
280	14	280	13
280	27	280	27
280	74	280	74
280	140	280	139
280	149	280	148
280	219	280	219
280	245	280	244
280	264	280	264
280	283	280	283
280	306	280	305
280	326	280	326
280	339	280	338
280	368	280	368
280	376	280	375
280	9	281	9
281	14	281	14
281	27	281	27
281	62	281	63
281	75	281	75
280	107	281	108
280	113	281	111
281	139	281	138
281	149	281	149
281	185	281	185
281	219	281	219
281	245	281	244
281	251	281	252
281	264	281	264
281	284	281	284
281	305	281	304
281	318	281	318
281	326	281	326
281	338	281	338
282	375	281	374
281	376	281	376
282	14	282	14
282	26	282	27
283	53	282	53
282	62	282	63
282	74	282	74
284	110	282	108
282	112	282	112
282	139	282	138
282	149	282	148
282	168	282	168
284	169	282	169
282	186	282	186
282	218	282	218
282	244	282	244
282	264	282	264
282	285	282	284
282	306	282	305
282	326	282	326
282	368	282	369
283	374	282	373
283	8	283	8
283	14	283	14
283	27	283	27
284	53	283	54
283	75	283	75
282	107	283	107
283	114	283	113
285	118	283	118
285	119	283	119
283	138	283	137
283	149	283	149
284	186	283	186
283	219	283	219
283	244	283	244
283	265	283	265
283	284	283	284
284	304	283	302
283	318	283	319
283	327	283	327
284	373	283	372
284	9	284	9
284	15	284	15
284	26	284	27
285	54	284	55
283	62	284	62
284	63	284	63
284	74	284	74
284	107	284	107
284	115	284	115
286	116	284	116
285	121	284	121
284	139	284	137
285	149	284	150
285	186	284	187
284	218	284	218
284	253	284	252
284	264	284	264
284	285	284	285
284	318	284	319
284	326	284	326
285	372	284	371
285	14	285	14
285	27	285	27
285	75	285	75
286	107	285	107
287	115	285	113
285	138	285	137
285	218	285	218
285	244	285	245
285	253	285	252
285	265	285	265
285	285	285	284
285	318	285	319
285	327	285	327
286	371	285	370
286	14	286	14
286	26	286	27
286	55	286	55
286	63	286	64
286	74	286	74
285	109	286	108
286	137	286	137
286	150	286	151
286	187	286	188
286	218	286	218
286	252	286	251
286	265	286	265
286	285	286	285
286	318	286	319
286	370	286	369
287	14	287	14
287	27	287	27
288	55	287	56
287	64	287	64
287	75	287	75
287	108	287	108
288	114	287	112
287	138	287	138
288	151	287	152
287	218	287	218
287	245	287	246
287	252	287	251
287	265	287	265
287	285	287	284
287	319	287	319
287	327	287	327
287	370	287	370
288	13	288	13
288	26	288	27
288	63	288	64
288	74	288	74
289	109	288	109
289	113	288	111
288	137	288	137
288	188	288	189
288	218	288	218
289	246	288	247
288	251	288	250
288	266	288	266
288	285	288	285
288	319	288	319
288	328	288	328
288	370	288	369
289	13	289	13
289	27	289	27
289	56	289	56
289	64	289	64
289	75	289	75
289	138	289	138
289	152	289	152
290	189	289	190
289	217	289	217
290	247	289	248
289	251	289	250
289	265	289	266
289	285	289	284
289	327	289	327
289	340	289	340
289	370	289	370
290	12	290	12
290	26	290	27
290	64	290	64
290	75	290	75
291	110	290	110
290	138	290	137
291	152	290	153
291	190	290	191
290	218	290	218
290	250	290	249
290	266	290	266
290	285	290	285
290	319	290	320
290	327	290	327
290	341	290	341
290	370	290	370
291	12	291	11
291	27	291	27
291	56	291	56
291	74	291	75
291	112	291	111
291	138	291	138
291	217	291	217
291	250	291	250
291	267	291	266
291	319	291	320
291	327	291	327
291	341	291	341
291	370	291	370
292	12	292	11
292	64	292	64
292	75	292	75
292	111	292	110
292	138	292	138
292	153	292	153
292	191	292	192
292	218	292	217
292	249	292	250
292	266	292	266
292	285	292	285
292	320	292	320
292	327	292	327
292	340	292	340
293	372	292	372
292	373	292	373
293	11	293	11
293	26	293	26
293	56	293	56
293	75	293	75
293	111	293	110
293	138	293	138
294	192	293	193
293	217	293	217
293	267	293	266
293	286	293	285
293	319	293	320
293	327	293	327
293	340	293	340
293	371	293	370
294	10	294	10
294	26	294	26
294	64	294	64
294	75	294	75
294	110	294	110
294	138	294	138
294	153	294	153
294	217	294	217
294	250	294	250
294	267	294	267
294	285	294	285
294	320	294	320
294	327	294	327
294	341	294	341
297	342	294	342
295	11	295	10
295	26	295	26
295	56	295	56
295	65	295	65
295	76	295	76
295	111	295	110
296	139	295	139
295	193	295	194
295	217	295	217
295	251	295	251
296	265	295	264
295	286	295	285
295	327	295	326
296	340	295	338
295	370	295	369
296	10	296	10
296	26	296	25
296	57	296	57
296	64	296	64
296	75	296	75
296	110	296	110
296	153	296	153
296	193	296	194
296	217	296	217
296	251	296	251
297	264	296	263
297	268	296	268
296	285	296	284
296	320	296	321
296	327	296	326
297	338	296	337
296	369	296	369
297	10	297	10
297	25	297	25
297	56	297	57
297	65	297	64
297	76	297	76
297	110	297	110
297	139	297	139
297	194	297	194
297	217	297	217
297	251	297	251
298	262	297	261
297	285	297	285
298	321	297	322
297	326	297	325
298	337	297	336
297	368	297	368
298	10	298	10
298	25	298	24
298	57	298	57
298	64	298	64
298	111	298	110
299	138	298	138
299	141	298	142
298	153	298	153
298	194	298	194
298	217	298	217
298	251	298	250
299	261	298	260
298	268	298	269
298	285	298	285
299	322	298	323
298	368	298	367
299	9	299	9
299	25	299	25
299	64	299	64
299	75	299	75
299	110	299	110
300	137	299	136
301	143	299	145
299	153	299	152
299	195	299	194
299	217	299	217
299	251	299	250
299	285	299	285
299	325	299	325
299	336	299	335
299	368	299	367
300	9	300	9
300	24	300	24
300	57	300	58
300	63	300	63
302	65	300	65
300	76	300	75
300	111	300	110
301	136	300	135
300	153	300	153
300	194	300	194
300	217	300	217
300	251	300	250
300	260	300	259
301	270	300	270
300	285	300	285
300	324	300	324
300	335	300	334
300	367	300	367
300	387	300	387
301	9	301	9
301	24	301	23
302	58	301	59
302	62	301	62
303	66	301	67
301	75	301	75
301	110	301	110
303	135	301	134
301	152	301	152
301	217	301	217
301	250	301	249
302	259	301	258
301	325	301	325
302	326	301	326
302	334	301	333
301	367	301	367
302	9	302	8
302	24	302	24
303	61	302	60
303	67	302	68
302	75	302	74
302	111	302	110
302	151	302	152
302	194	302	194
302	217	302	217
302	250	302	249
302	271	302	271
302	285	302	285
302	324	302	324
303	327	302	327
303	333	302	332
302	366	302	366
303	9	303	9
303	23	303	23
303	59	303	59
304	68	303	69
303	75	303	74
303	111	303	110
303	193	303	193
303	217	303	217
303	249	303	249
303	271	303	271
303	286	303	286
303	323	303	323
304	327	303	328
304	333	303	331
303	366	303	365
304	8	304	8
304	24	304	24
304	59	304	58
305	70	304	70
305	71	304	71
305	72	304	72
305	73	304	73
304	111	304	110
304	193	304	193
304	217	304	217
304	249	304	249
304	271	304	271
304	323	304	323
305	332	304	330
304	366	304	366
305	9	305	9
305	23	305	23
305	58	305	57
305	74	305	74
305	111	305	111
305	193	305	193
305	248	305	247
305	250	305	250
305	271	305	271
305	286	305	286
305	322	305	322
306	329	305	329
305	366	305	365
306	8	306	8
306	23	306	23
306	58	306	57
306	75	306	75
306	110	306	110
306	192	306	192
306	217	306	217
306	247	306	246
307	251	306	251
306	271	306	271
306	287	306	287
306	322	306	322
306	332	306	330
306	366	306	366
307	9	307	8
307	23	307	23
307	57	307	56
307	75	307	75
307	111	307	111
307	192	307	192
309	242	307	242
309	243	307	243
307	246	307	245
308	252	307	252
307	271	307	270
307	321	307	321
307	330	307	330
308	8	308	8
308	23	308	22
308	57	308	56
308	76	308	76
308	110	308	110
308	192	308	191
308	217	308	218
309	241	308	240
308	245	308	245
309	253	308	253
308	271	308	271
308	288	308	288
308	321	308	321
308	366	308	365
309	7	309	7
309	23	309	23
309	56	309	55
309	76	309	76
309	111	309	111
309	192	309	192
309	218	309	218
310	239	309	238
309	244	309	245
310	253	309	254
309	272	309	271
309	289	309	289
309	321	309	321
309	331	309	330
309	366	309	366
310	8	310	7
310	22	310	22
310	55	310	55
310	76	310	75
310	110	310	110
310	117	310	117
309	150	310	151
310	191	310	191
310	218	310	218
310	271	310	270
311	290	310	290
310	321	310	320
311	7	311	7
311	55	311	55
311	76	311	76
311	111	311	111
311	118	311	117
311	150	311	150
311	192	311	191
311	236	311	236
311	244	311	244
311	254	311	254
311	271	311	270
311	321	311	321
311	331	311	331
311	366	311	367
312	22	312	22
312	55	312	55
312	111	312	111
312	117	312	117
312	218	312	218
313	236	312	235
312	244	312	244
312	255	312	255
312	271	312	270
312	290	312	290
312	321	312	320
313	331	312	331
313	367	312	368
312	6	313	6
313	55	313	55
313	76	313	76
313	111	313	111
313	118	313	117
313	150	313	150
314	187	313	187
314	188	313	188
314	189	313	189
313	191	313	190
313	219	313	219
313	245	313	245
313	255	313	254
313	271	313	271
313	321	313	321
315	5	314	5
314	22	314	22
314	55	314	55
314	75	314	75
314	111	314	111
314	117	314	117
314	150	314	150
315	186	314	185
314	218	314	218
314	235	314	235
314	245	314	245
314	255	314	255
314	270	314	269
316	273	314	273
314	290	314	290
314	321	314	321
314	332	314	331
314	368	314	368
315	55	315	55
315	76	315	76
315	111	315	111
315	116	315	116
315	150	315	150
315	191	315	190
312	195	315	193
315	219	315	219
315	235	315	234
315	245	315	245
315	254	315	254
317	265	315	263
315	271	315	269
316	274	315	275
315	291	315	291
315	322	315	321
316	332	315	332
315	369	315	369
316	5	316	5
316	22	316	22
316	55	316	55
316	75	316	76
316	112	316	111
316	149	316	149
316	185	316	184
316	191	316	190
317	193	316	194
312	196	316	195
316	245	316	245
316	255	316	255
318	264	316	262
316	271	316	269
317	275	316	276
317	291	316	292
317	320	316	320
317	369	316	370
317	5	317	5
317	55	317	55
317	73	317	72
318	76	317	77
317	112	317	112
317	184	317	183
317	192	317	190
318	195	317	196
317	219	317	219
317	245	317	245
318	253	317	253
317	254	317	254
317	269	317	269
317	324	317	321
317	333	317	333
318	357	317	356
318	4	318	4
318	22	318	22
318	72	318	71
319	77	318	78
318	113	318	112
317	115	318	115
319	183	318	182
320	191	318	189
319	196	318	197
318	246	318	245
319	252	318	251
319	263	318	261
318	270	318	269
318	276	318	277
318	292	318	293
318	320	318	320
318	334	318	334
318	370	318	371
319	5	319	4
319	55	319	55
319	71	319	70
319	113	319	113
318	114	319	114
320	181	319	181
320	190	319	188
320	197	319	198
319	219	319	219
320	251	319	250
319	254	319	255
320	262	319	260
320	270	319	268
320	278	319	278
320	293	319	294
319	320	319	320
319	333	319	333
320	4	320	3
320	22	320	23
320	69	320	69
320	78	320	79
320	112	320	112
320	182	320	182
321	198	320	199
320	220	320	220
320	246	320	246
321	251	320	249
321	255	320	256
321	294	320	295
320	320	320	319
320	334	320	334
321	371	320	372
321	4	321	3
321	23	321	23
321	55	321	55
321	70	321	69
322	79	321	80
321	113	321	113
322	148	321	148
322	149	321	149
321	183	321	182
321	189	321	188
322	200	321	201
321	219	321	219
323	249	321	248
322	256	321	257
321	261	321	259
322	269	321	267
321	279	321	279
321	320	321	320
321	333	321	334
322	3	322	2
322	22	322	23
322	56	322	56
321	68	322	68
323	80	322	81
322	112	322	113
322	188	322	187
323	201	322	202
322	220	322	220
323	260	322	258
323	268	322	266
322	280	322	280
322	295	322	296
322	319	322	320
322	334	322	334
322	372	322	372
323	3	323	2
323	23	323	23
323	55	323	55
323	66	323	67
324	81	323	82
323	113	323	113
324	177	323	181
324	187	323	186
323	219	323	219
323	246	323	245
323	257	323	257
323	280	323	280
324	282	323	282
324	283	323	283
324	284	323	284
325	286	323	286
323	320	323	320
323	333	323	334
323	373	323	373
324	2	324	1
324	22	324	23
324	56	324	56
324	66	324	67
324	113	324	113
324	183	324	182
324	220	324	220
324	246	324	246
324	258	324	257
324	267	324	265
325	279	324	278
324	281	324	280
324	296	324	296
324	319	324	320
324	334	324	334
324	372	324	373
325	23	325	23
325	55	325	56
325	66	325	67
326	82	325	82
325	113	325	113
325	183	325	182
325	219	325	219
325	259	325	257
326	266	325	264
326	277	325	276
325	320	325	320
325	333	325	333
325	373	325	373
326	56	326	56
326	67	326	67
326	113	326	113
326	183	326	183
326	220	326	220
326	246	326	245
326	258	326	257
327	276	326	275
326	280	326	281
326	296	326	297
326	320	326	320
327	22	327	22
327	56	327	56
327	68	327	67
327	83	327	83
327	176	327	174
327	219	327	219
327	245	327	244
327	258	327	257
327	265	327	263
328	275	327	274
327	297	327	297
327	373	327	372
327	394	327	394
328	22	328	22
328	56	328	56
328	67	328	67
328	83	328	83
329	84	328	84
328	113	328	113
328	175	328	174
328	182	328	181
328	219	328	218
328	245	328	244
329	274	328	273
329	282	328	282
328	296	328	297
328	321	328	321
328	333	328	333
328	372	328	371
328	394	328	394
329	21	329	21
329	56	329	56
329	67	329	67
330	81	329	81
329	82	329	82
330	85	329	85
329	113	329	112
329	174	329	174
330	181	329	181
329	219	329	219
330	245	329	244
329	259	329	257
330	282	329	283
329	297	329	297
329	321	329	321
329	394	329	394
330	21	330	20
330	56	330	56
330	67	330	67
330	113	330	112
330	173	330	174
330	176	330	176
330	179	330	179
330	182	330	182
331	183	330	183
330	218	330	218
331	244	330	243
330	258	330	257
330	297	330	297
331	330	330	330
330	331	330	331
330	332	330	332
331	333	330	333
330	393	330	393
331	56	331	56
331	67	331	67
331	113	331	112
332	176	331	175
331	177	331	177
331	219	331	218
332	241	331	241
332	242	331	242
331	283	331	284
331	297	331	297
331	321	331	322
332	329	331	328
332	334	331	334
331	394	331	394
332	20	332	20
332	56	332	56
332	68	332	67
332	112	332	112
332	174	332	173
332	183	332	184
332	218	332	218
333	239	332	239
332	243	332	243
332	259	332	259
332	283	332	284
332	297	332	297
332	322	332	322
333	334	332	335
332	393	332	393
333	20	333	20
333	56	333	56
333	67	333	67
333	112	333	112
332	171	333	172
334	185	333	185
333	217	333	217
333	236	333	236
334	237	333	237
333	244	333	243
333	259	333	258
333	284	333	284
333	322	333	322
333	394	333	394
334	56	334	56
334	68	334	67
334	112	334	111
333	171	334	171
334	218	334	218
335	236	334	235
334	244	334	244
334	260	334	258
334	297	334	297
334	322	334	322
335	336	334	336
334	393	334	393
335	20	335	20
336	22	335	22
336	23	335	23
336	24	335	24
335	56	335	56
335	68	335	67
335	112	335	112
335	185	335	186
335	217	335	217
335	245	335	244
335	263	335	262
335	326	335	326
335	394	335	394
336	56	336	56
336	68	336	68
336	111	336	111
336	218	336	218
336	245	336	245
335	260	336	259
336	261	336	261
336	297	336	297
336	322	336	322
336	326	336	326
336	336	336	336
336	393	336	393
337	20	337	19
337	56	337	56
337	69	337	69
337	111	337	110
337	170	337	170
336	171	337	171
337	186	337	187
337	217	337	217
337	260	337	260
338	296	337	296
337	323	337	323
337	326	337	326
337	337	337	337
337	394	337	394
338	19	338	18
338	56	338	56
338	68	338	68
338	111	338	111
339	172	338	172
338	187	338	187
338	218	338	218
338	245	338	245
338	260	338	259
339	323	338	323
338	326	338	325
338	336	338	336
338	393	338	393
339	56	339	56
339	69	339	69
339	110	339	110
340	168	339	167
339	173	339	173
340	174	339	174
339	187	339	187
339	218	339	218
339	245	339	244
339	259	339	259
339	296	339	296
340	325	339	324
339	337	339	337
339	394	339	394
340	18	340	17
340	56	340	56
340	70	340	69
340	111	340	110
339	132	340	133
341	167	340	166
341	175	340	175
340	187	340	187
340	218	340	218
340	245	340	244
340	258	340	258
340	297	340	296
340	323	340	323
340	336	340	337
340	393	340	393
341	17	341	16
341	57	341	56
341	70	341	70
341	109	341	109
332	127	341	131
340	132	341	132
341	164	341	164
342	166	341	165
341	187	341	187
341	218	341	218
341	244	341	244
341	256	341	256
341	257	341	257
341	258	341	258
341	324	341	323
341	337	341	337
341	394	341	394
342	56	342	55
343	57	342	57
342	70	342	70
343	103	342	104
342	107	342	106
341	108	342	108
342	111	342	111
342	165	342	164
342	187	342	187
342	218	342	218
342	245	342	244
342	255	342	254
342	259	342	259
342	323	342	323
342	337	342	337
342	393	342	393
343	16	343	16
343	56	343	55
343	58	343	58
344	59	343	59
344	60	343	60
343	71	343	70
343	107	343	107
343	112	343	112
343	131	343	130
343	165	343	165
343	187	343	187
343	219	343	219
343	244	343	244
343	324	343	323
343	337	343	337
343	394	343	393
344	16	344	15
344	55	344	54
345	61	344	61
344	71	344	71
344	106	344	106
344	112	344	112
344	165	344	164
344	186	344	186
344	218	344	218
344	245	344	244
344	260	344	260
344	323	344	323
344	337	344	337
344	393	344	393
345	16	345	15
346	62	345	62
345	72	345	72
345	113	345	113
345	165	345	165
345	186	345	186
345	218	345	218
345	244	345	244
345	261	345	261
345	322	345	322
345	337	345	337
345	393	345	393
346	15	346	15
346	54	346	53
347	62	346	63
346	72	346	72
346	105	346	105
346	186	346	186
346	218	346	218
346	245	346	245
346	262	346	262
346	323	346	322
346	337	346	337
346	392	346	392
347	15	347	15
347	53	347	52
347	106	347	106
347	113	347	114
347	165	347	165
347	186	347	185
347	218	347	218
347	245	347	245
347	263	347	263
347	264	347	264
347	322	347	322
347	337	347	337
347	393	347	392
348	15	348	15
348	52	348	52
348	63	348	64
348	73	348	73
348	105	348	106
348	114	348	114
348	166	348	166
348	218	348	218
348	245	348	245
348	265	348	265
348	323	348	322
348	337	348	337
348	392	348	391
349	15	349	15
349	52	349	51
349	64	349	64
349	106	349	106
349	115	349	115
349	167	349	166
349	218	349	218
349	246	349	245
349	322	349	322
349	338	349	338
349	392	349	391
350	15	350	15
350	51	350	51
350	64	350	64
350	73	350	72
350	107	350	107
350	114	350	115
350	167	350	166
350	218	350	218
350	246	350	246
350	321	350	321
350	337	350	337
350	391	350	390
351	15	351	15
351	50	351	50
351	64	351	64
351	72	351	72
351	115	351	115
351	168	351	167
351	218	351	217
351	246	351	246
351	322	351	321
351	338	351	338
352	15	352	15
352	51	352	51
352	64	352	64
352	72	352	72
352	114	352	115
352	218	352	217
352	337	352	338
353	384	352	383
353	385	352	385
352	390	352	390
353	15	353	15
353	50	353	50
353	64	353	64
353	115	353	115
353	218	353	217
353	246	353	246
354	321	353	321
353	338	353	338
354	383	353	382
354	15	354	15
354	50	354	50
354	64	354	64
353	71	354	71
354	114	354	115
354	218	354	217
354	247	354	247
354	338	354	338
355	382	354	381
354	389	354	390
355	15	355	15
355	50	355	50
355	65	355	64
355	73	355	72
355	115	355	115
355	218	355	217
355	247	355	246
355	322	355	321
356	15	356	15
356	50	356	50
356	65	356	64
355	66	356	67
353	68	356	68
356	72	356	71
356	114	356	115
357	126	356	126
356	217	356	217
356	247	356	247
356	322	356	322
356	339	356	338
356	381	356	381
356	390	356	391
357	50	357	50
357	65	357	65
357	72	357	71
357	115	357	115
357	218	357	218
357	322	357	322
357	340	357	339
357	391	357	391
358	15	358	15
358	50	358	50
358	66	358	65
358	72	358	72
358	114	358	115
358	218	358	217
358	247	358	247
358	322	358	322
358	341	358	341
358	391	358	391
359	65	359	65
359	72	359	71
359	115	359	115
359	218	359	218
359	248	359	247
359	322	359	322
359	391	359	391
360	14	360	15
360	50	360	50
360	66	360	66
360	71	360	71
360	218	360	218
360	248	360	247
361	321	360	321
360	391	360	390
361	67	361	66
361	72	361	71
361	116	361	116
361	218	361	218
361	247	361	247
361	322	361	322
361	391	361	391
362	16	362	16
362	51	362	51
363	67	362	67
363	72	362	70
362	116	362	116
362	218	362	218
363	247	362	247
362	323	362	322
362	391	362	390
363	17	363	17
363	50	363	51
364	67	363	68
363	116	363	116
363	218	363	218
363	246	363	245
363	248	363	248
363	319	363	320
363	324	363	323
363	390	363	389
363	392	363	391
364	16	364	17
364	51	364	51
364	117	364	117
364	118	364	118
364	119	364	119
365	120	364	120
364	219	364	218
364	245	364	244
364	249	364	248
365	321	364	320
364	323	364	323
365	17	365	17
365	51	365	50
365	71	365	71
365	116	365	116
365	121	365	121
365	218	365	218
365	244	365	243
365	249	365	249
365	319	365	319
365	324	365	324
366	17	366	17
366	51	366	51
367	70	366	70
366	116	366	116
366	122	366	122
366	218	366	218
366	241	366	241
366	243	366	242
366	249	366	249
366	318	366	318
366	325	366	325
367	17	367	17
367	51	367	51
367	115	367	115
367	123	367	123
368	124	367	124
367	218	367	218
368	240	367	240
367	250	367	250
367	318	367	318
367	326	367	326
368	18	368	17
368	50	368	50
368	71	368	71
368	115	368	115
369	125	368	125
368	218	368	217
369	237	368	237
368	238	368	238
368	250	368	250
368	259	368	260
368	317	368	317
368	327	368	327
369	17	369	17
369	51	369	51
369	70	369	70
369	114	369	114
369	218	369	218
370	236	369	235
369	260	369	260
369	318	369	318
369	328	369	327
370	16	370	17
370	49	370	49
370	50	370	50
370	71	370	71
370	115	370	115
370	125	370	126
370	218	370	217
371	235	370	234
371	261	370	261
370	318	370	317
370	327	370	327
371	17	371	17
371	48	371	48
371	51	371	51
371	70	371	70
371	114	371	114
371	126	371	126
371	218	371	218
371	234	371	233
371	250	371	250
372	262	371	262
372	263	371	263
371	318	371	317
371	327	371	327
372	47	372	47
372	52	372	52
372	115	372	115
372	127	372	127
372	218	372	217
372	248	372	248
371	249	372	249
372	251	372	251
372	318	372	317
372	326	372	326
372	16	373	16
374	46	373	45
373	54	373	54
374	55	373	55
373	71	373	71
373	114	373	114
373	128	373	128
373	218	373	217
373	247	373	247
373	252	373	252
373	264	373	264
373	318	373	317
373	327	373	326
373	334	373	335
374	17	374	16
375	45	374	44
374	52	374	53
375	56	374	56
374	70	374	71
374	115	374	115
374	129	374	129
374	218	374	217
374	246	374	246
374	253	374	253
374	318	374	317
375	16	375	16
376	43	375	43
375	52	375	53
376	57	375	57
375	71	375	71
375	114	375	114
375	128	375	128
375	217	375	217
375	245	375	245
375	254	375	254
375	318	375	317
376	17	376	16
377	57	376	58
376	70	376	70
376	114	376	114
376	244	376	245
376	318	376	317
377	16	377	16
376	51	377	52
377	71	377	71
377	114	377	114
377	217	377	217
378	241	377	240
377	245	377	245
377	253	377	252
377	318	377	318
378	17	378	16
378	50	378	51
378	58	378	59
378	71	378	71
378	115	378	115
378	216	378	216
378	240	378	239
378	245	378	244
377	251	378	251
378	254	378	254
379	18	379	17
379	58	379	59
379	70	379	71
379	114	379	114
379	216	379	215
379	244	379	244
379	250	379	250
379	255	379	255
379	320	379	318
379	50	380	50
381	60	380	60
380	71	380	71
380	115	380	115
380	216	380	215
380	243	380	243
380	246	380	245
380	254	380	254
380	256	380	256
380	257	380	257
381	258	380	258
381	50	381	49
381	61	381	61
381	62	381	62
381	70	381	71
381	116	381	116
381	215	381	215
381	246	381	246
382	258	381	259
381	20	382	18
381	48	382	48
382	63	382	63
382	71	382	71
382	116	382	115
382	214	382	214
382	247	382	247
382	251	382	251
382	58	383	59
383	116	383	116
383	214	383	214
383	246	383	246
384	58	384	59
384	71	384	71
384	117	384	116
384	214	384	214
384	246	384	246
385	57	385	59
385	116	385	116
385	214	385	214
386	70	386	71
386	115	386	115
386	213	386	213
385	252	386	252
387	57	387	59
387	70	387	71
387	114	387	114
387	214	387	214
387	252	387	252
388	69	388	71
388	114	388	114
388	214	388	213
389	70	389	71
389	114	389	113
388	125	389	126
389	210	389	210
389	211	389	211
389	212	389	212
390	56	390	57
390	69	390	71
390	113	390	113
391	126	390	127
390	209	390	209
390	214	390	213
390	227	390	227
391	70	391	71
391	208	391	208
391	214	391	213
392	69	392	71
392	113	392	112
392	214	392	214
393	112	393	111
393	215	393	214
392	228	393	228
394	1	394	1
394	69	394	70
394	110	394	109
394	113	394	112
394	214	394	214
394	221	394	221
395	109	395	109
395	114	395	113
395	213	395	213
397	70	396	70
396	108	396	108
396	115	396	114
396	212	396	212
396	215	396	214
397	108	397	108
397	116	397	115
397	211	397	210
397	215	397	215
398	69	398	71
398	116	398	116
398	210	398	209
398	216	398	216
399	70	399	71
399	108	399	108
399	117	399	116
401	122	399	122
399	216	399	216
400	69	400	71
399	118	400	118
399	119	400	119
400	121	400	120
400	209	400	209
400	216	400	216
401	70	401	71
402	107	401	107
403	123	401	124
402	109	402	108
404	123	402	125
402	217	402	216
403	69	403	70
401	214	403	215
404	69	404	70
403	110	404	109
405	124	404	126
405	69	405	70
405	110	405	110
406	111	406	111
407	62	407	62
407	64	407	64
407	65	407	65
406	68	407	69
407	112	407	112
408	61	408	61
407	67	408	67
408	68	408	68
409	60	409	59
409	69	409	69
410	70	410	70
411	58	411	57
411	70	411	69
412	57	412	56
413	70	412	70
413	56	413	56
414	56	414	55
414	71	414	71
415	72	415	71
416	55	416	55
416	73	416	72
417	55	417	54
417	72	417	72
418	54	418	54
418	73	418	73
419	54	419	53
419	74	419	74
420	53	420	53
420	74	420	74
421	53	421	53
421	75	421	74
422	52	422	52
422	75	422	75
423	48	423	48
423	49	423	49
423	76	423	76
423	51	424	51
424	75	424	75
425	52	425	52
425	76	425	76
426	77	426	77
427	77	427	76
428	77	428	77
429	77	429	77
430	76	430	77
431	77	431	77
432	77	432	77
432	76	433	76
433	78	433	78
434	75	434	75
434	79	434	79
435	74	435	74
435	81	435	80
436	73	436	73
435	82	436	82
436	83	436	83
437	72	437	72
437	84	437	84
438	71	438	71
