213	121	213	122
233	205	233	205
159	221	159	220
53	53	53	53
37	358	37	358
171	86	170	85
177	310	177	310
255	190	255	190
244	378	244	379
211	60	211	60
214	91	214	92
236	76	236	76
168	265	168	266
244	60	244	60
66	66	66	66
258	221	258	221
227	45	227	45
245	91	245	92
91	304	91	304
258	76	258	76
170	250	170	251
171	265	171	266
189	106	189	107
9	9	9	9
232	265	232	266
251	106	251	107
196	236	196	235
197	250	197	251
130	165	130	165
205	106	205	107
228	221	228	220
247	30	247	29
13	13	13	13
179	221	179	220
144	265	144	266
220	60	220	60
260	45	260	45
225	338	225	338
120	120	120	120
211	236	211	235
246	338	246	338
230	205	230	205
175	265	175	266
122	273	122	273
237	373	236	374
147	190	147	190
206	106	206	107
209	265	209	266
124	124	124	124
214	250	214	251
165	121	165	122
221	76	221	76
222	106	222	107
238	236	238	235
226	121	226	122
172	221	172	220
253	390	253	390
237	76	237	76
112	112	112	112
130	188	130	188
114	281	114	281
225	250	225	251
208	265	208	266
239	265	239	266
245	45	245	45
264	47	263	46
227	91	227	92
259	340	259	338
170	236	170	235
260	187	261	189
151	265	151	266
104	104	104	104
212	348	212	348
197	91	197	92
220	236	220	235
240	45	240	45
129	158	129	158
153	221	153	220
248	221	248	220
156	190	156	190
197	236	197	235
108	108	108	108
130	183	129	183
248	76	248	76
247	236	247	235
165	265	165	266
183	190	183	190
226	338	226	338
211	250	211	251
215	265	215	266
255	205	255	205
221	45	221	45
260	341	259	338
192	221	192	220
131	151	131	151
88	88	88	88
254	30	254	29
256	30	256	29
132	190	132	190
244	16	244	16
226	250	226	251
178	121	178	122
234	106	234	107
142	115	141	114
253	265	253	266
92	92	92	92
232	28	232	28
158	292	158	292
159	190	159	190
148	205	148	205
80	80	80	80
240	91	240	92
129	232	129	232
150	221	150	220
241	60	241	60
210	91	210	92
249	76	249	76
139	221	139	220
182	221	182	220
205	340	205	340
213	47	213	47
141	205	141	205
261	46	261	46
211	121	211	122
218	205	218	205
239	250	239	251
173	205	173	205
256	236	256	236
260	121	260	121
209	76	209	76
217	60	217	60
189	190	189	190
209	221	209	220
212	190	212	190
142	236	142	235
237	338	237	338
240	250	240	251
233	45	233	45
197	63	197	62
131	138	131	138
262	62	262	60
175	221	175	220
130	155	130	155
208	236	208	235
207	221	207	220
133	271	133	271
191	66	191	65
263	106	263	106
235	236	235	235
165	190	165	190
188	190	188	190
174	121	174	122
198	190	198	190
201	61	201	60
129	243	128	243
243	205	243	205
170	90	168	90
98	98	98	98
151	236	151	235
47	47	47	47
163	121	163	122
256	250	256	251
183	106	183	107
239	121	239	122
224	121	224	122
257	236	257	236
243	378	242	378
209	190	209	190
162	236	162	235
199	106	199	107
34	361	34	361
206	91	206	92
235	370	235	370
184	106	184	107
129	257	128	257
136	205	136	205
245	250	245	251
85	310	85	310
147	280	147	280
185	205	185	205
167	304	166	304
26	369	26	369
206	51	206	50
188	221	188	220
227	106	227	107
163	265	163	266
258	15	258	14
77	318	77	318
134	272	133	272
18	377	18	377
220	221	220	220
239	30	239	29
204	76	204	76
226	33	226	32
136	265	136	266
248	14	248	14
28	367	28	367
174	250	174	251
159	98	159	97
237	20	237	20
202	54	201	53
220	76	220	76
222	205	222	205
213	91	213	92
201	265	201	266
191	121	191	122
176	121	176	122
251	265	251	266
252	121	252	122
143	250	143	251
219	352	219	352
238	60	238	60
20	375	20	375
26	26	26	26
139	265	139	266
234	338	234	338
129	198	129	197
241	121	241	122
257	265	257	266
259	61	259	61
180	236	180	235
219	91	219	92
212	106	212	107
231	190	231	190
214	338	214	338
12	383	12	383
144	250	144	251
18	18	18	18
254	190	254	190
143	265	143	266
186	70	185	69
260	235	260	235
228	106	228	107
177	265	177	266
214	205	214	205
258	1	258	1
189	76	189	76
171	250	171	251
214	60	214	60
205	76	205	76
262	29	262	29
247	60	247	60
121	274	121	274
191	324	191	324
202	56	200	56
183	78	183	77
205	221	205	220
169	305	168	305
207	265	207	266
246	380	246	380
139	236	139	235
217	106	217	107
257	121	257	122
241	265	241	266
207	190	207	190
261	236	261	236
230	190	230	190
233	106	233	107
237	221	237	220
113	282	113	282
166	236	166	235
226	91	226	92
246	30	246	29
143	121	143	122
204	121	204	122
149	285	147	285
245	265	245	266
181	236	181	235
256	221	256	220
111	111	111	111
223	60	223	60
193	121	193	122
186	72	184	72
171	91	171	92
230	364	230	364
232	91	232	92
142	221	142	220
146	279	146	279
129	184	129	183
239	205	239	205
172	250	172	251
87	308	87	308
130	217	130	217
225	221	225	220
253	338	253	338
133	205	133	205
192	76	192	76
218	106	218	107
183	205	183	205
208	76	208	76
163	298	163	298
36	36	36	36
149	190	149	190
177	250	177	251
216	43	216	43
251	386	249	386
200	250	200	251
256	60	255	60
130	208	130	207
178	91	178	92
197	333	196	333
255	91	256	91
156	121	156	122
236	372	235	372
257	76	257	76
168	236	168	235
156	291	156	291
145	121	145	122
146	265	146	266
221	121	221	122
222	121	222	122
79	79	79	79
202	205	202	205
241	30	241	29
130	171	130	171
259	30	259	30
131	203	130	203
172	306	172	307
135	190	135	190
157	205	157	205
158	190	158	190
252	205	252	205
125	270	125	270
240	338	240	338
193	76	193	76
252	60	252	60
144	221	144	220
254	221	254	220
33	33	33	33
128	214	128	214
146	205	146	205
129	131	129	131
178	250	178	251
58	337	58	337
130	162	130	162
228	363	228	363
201	335	200	335
257	45	257	45
204	236	204	235
205	250	205	251
134	190	134	190
83	312	83	312
233	190	233	190
169	236	169	235
208	49	208	49
228	60	228	60
50	345	50	345
219	236	219	235
129	132	129	132
214	106	214	107
222	250	222	251
227	205	227	205
173	121	173	122
246	236	246	235
230	106	230	107
234	121	234	122
180	221	180	220
225	362	225	362
250	338	250	338
7	7	7	7
174	91	174	92
196	76	196	76
253	45	253	45
204	60	204	60
171	205	171	205
178	236	178	235
162	95	162	95
217	40	216	40
164	190	164	190
205	236	205	235
243	265	243	266
211	106	211	107
191	190	191	190
213	338	213	338
219	250	219	251
165	106	165	107
22	22	22	22
261	76	261	76
262	74	262	74
174	205	174	205
130	143	129	143
188	76	188	76
68	327	68	327
253	221	253	220
169	265	169	266
206	205	206	205
226	362	226	362
232	29	232	29
140	190	140	190
234	250	234	251
145	205	145	205
219	265	219	266
240	205	240	205
186	121	186	122
242	106	242	107
225	34	225	33
248	381	248	381
231	76	231	76
197	76	197	76
167	190	167	190
262	77	262	77
248	236	248	235
247	76	247	76
193	330	192	330
197	221	197	220
130	134	130	134
187	91	187	92
248	91	248	92
230	31	230	30
233	265	233	266
241	377	240	377
205	339	205	339
249	60	249	60
218	91	218	92
145	265	145	266
238	30	238	29
130	127	130	127
147	221	147	220
198	333	198	334
220	250	220	251
241	91	241	92
130	238	130	237
97	97	97	97
166	303	165	303
232	365	232	365
251	14	251	14
219	121	219	122
239	106	239	107
223	236	223	235
247	250	247	251
140	221	140	220
255	106	255	107
54	341	54	341
257	2	257	2
234	236	234	235
225	60	225	60
30	365	30	365
217	221	217	220
199	334	198	334
128	128	128	128
130	233	130	233
150	236	150	235
248	250	248	251
249	236	249	235
251	7	251	6
241	45	241	45
130	152	131	151
137	250	137	251
73	322	73	322
133	270	133	270
210	221	210	220
212	265	212	266
218	45	218	45
200	91	200	92
83	83	83	83
159	293	159	293
256	76	256	76
130	224	130	223
170	91	170	92
247	91	247	92
160	221	160	220
234	60	234	60
130	147	130	147
59	59	59	59
242	377	242	378
206	190	206	190
250	265	250	266
171	121	171	122
63	63	63	63
65	65	65	65
138	265	138	266
232	121	232	122
212	205	212	205
217	190	217	190
255	338	255	338
167	205	167	205
188	265	188	266
233	30	233	29
129	256	129	255
256	392	256	392
131	251	131	251
244	205	244	205
86	86	86	86
199	205	199	205
219	76	219	76
55	55	55	55
39	356	39	356
3	392	3	392
245	106	245	107
210	60	210	60
192	106	192	107
246	221	246	220
138	250	138	251
235	76	235	76
253	250	253	251
182	190	182	190
43	43	43	43
208	106	208	107
226	265	226	266
101	294	101	294
235	221	235	220
128	230	128	230
243	45	243	45
152	236	152	235
193	190	193	190
139	275	138	275
222	35	222	34
179	236	179	235
202	55	200	55
186	205	186	205
199	91	199	92
255	14	255	14
164	94	164	94
184	319	184	320
177	221	177	220
219	45	219	45
184	121	184	122
147	111	147	111
129	197	129	197
151	250	151	251
159	106	159	107
5	390	5	390
249	121	249	122
138	236	138	235
186	71	184	71
188	236	188	235
128	244	128	243
240	30	240	29
239	190	239	190
258	30	258	30
152	250	152	251
153	236	153	235
236	106	236	107
148	110	148	110
222	45	222	45
191	327	191	327
179	250	179	251
202	57	200	57
131	127	131	127
260	76	260	75
10	385	10	385
211	205	211	205
255	60	255	60
229	364	229	364
194	331	193	331
213	221	213	220
35	360	35	360
220	353	220	352
225	106	225	107
215	190	215	190
200	205	200	205
238	190	238	190
241	106	241	107
129	215	129	215
149	284	147	284
245	221	245	220
155	205	155	205
232	190	232	190
196	332	196	333
130	261	129	261
258	206	258	206
222	338	222	338
132	126	132	126
151	121	151	122
263	46	263	46
156	100	156	99
212	121	212	122
232	205	232	205
211	265	211	266
186	73	184	73
223	76	223	76
115	280	115	280
189	236	189	235
231	60	231	60
141	276	140	276
201	121	201	122
211	48	211	48
179	91	179	92
131	220	131	219
157	250	157	251
177	81	177	80
180	250	180	251
208	190	208	190
227	33	227	32
103	292	103	292
190	205	190	205
62	333	62	333
233	91	233	92
235	190	235	190
224	205	224	205
226	106	226	107
207	60	207	60
216	44	216	44
215	76	215	76
130	209	129	209
132	221	132	220
226	221	226	220
185	250	185	251
223	45	223	45
134	205	134	205
263	28	263	29
231	221	231	220
186	91	186	92
242	76	242	76
164	121	164	122
131	189	131	189
102	293	102	293
176	236	176	235
153	121	153	122
229	121	229	122
230	121	230	122
224	34	224	33
207	236	207	235
192	91	192	92
249	30	249	29
85	85	85	85
143	190	143	190
254	265	254	266
57	57	57	57
256	338	256	338
166	190	166	190
188	322	188	322
250	7	250	6
218	236	218	235
129	130	128	130
166	265	166	266
152	221	152	220
61	61	61	61
260	265	260	265
245	379	244	379
130	163	130	162
259	6	259	6
49	49	49	49
251	221	251	220
186	250	186	251
21	374	21	374
47	348	47	348
11	384	11	384
159	205	159	205
180	265	180	266
6	389	6	389
230	265	230	266
250	14	250	14
213	250	213	251
195	332	194	332
142	190	142	190
236	45	236	45
219	338	219	338
241	190	241	190
41	41	41	41
99	296	99	296
177	236	177	235
13	382	13	382
215	91	215	92
259	15	259	15
45	45	45	45
174	307	174	308
218	265	218	266
230	250	230	251
181	121	181	122
182	121	182	122
56	339	56	339
239	376	238	376
242	121	242	122
156	265	156	266
256	106	257	106
151	205	151	205
247	121	247	122
199	250	199	251
221	265	221	266
130	181	129	181
187	76	187	76
228	205	228	205
137	221	137	220
48	347	48	347
212	60	212	60
240	376	240	377
203	76	203	76
194	265	194	266
131	264	130	264
169	221	169	220
46	46	46	46
220	338	220	338
204	52	204	51
131	153	131	153
223	360	222	360
261	75	261	74
172	205	172	205
246	76	246	76
163	95	163	95
237	60	237	60
219	106	219	107
130	140	130	140
221	205	221	205
187	69	187	68
242	338	242	338
227	250	227	251
173	106	173	107
235	106	235	107
41	354	41	354
228	91	228	92
138	274	138	275
232	30	232	29
145	279	145	279
221	36	221	35
84	311	84	311
174	106	174	107
195	236	195	235
238	338	238	338
148	190	148	190
242	250	242	251
190	106	190	107
193	329	192	330
194	121	194	122
222	236	222	235
188	68	188	67
261	266	261	266
207	344	206	344
10	10	10	10
175	190	175	190
141	122	141	122
142	120	140	120
199	121	199	122
76	319	76	319
169	190	169	190
205	338	205	338
192	190	192	190
183	319	182	319
166	221	166	220
123	272	123	272
129	231	129	231
130	239	129	239
131	135	131	135
149	236	149	235
209	49	209	49
198	221	198	220
254	14	254	14
220	106	220	107
259	107	259	106
228	250	228	251
249	91	249	92
64	64	64	64
227	121	227	122
231	236	231	235
175	308	174	308
145	190	145	190
255	250	255	251
148	221	148	220
168	190	168	190
111	284	111	284
60	335	60	335
250	45	250	45
203	337	203	337
242	236	242	235
9	386	9	386
262	60	262	60
184	205	184	205
134	250	134	251
248	106	248	107
139	205	139	205
233	250	233	251
216	350	216	350
146	121	146	122
202	106	202	107
133	269	133	269
191	76	191	76
216	205	216	205
261	30	261	30
207	76	207	76
120	275	120	275
191	221	191	220
218	221	218	220
129	241	128	241
130	225	129	225
170	88	168	88
226	45	226	45
229	32	229	31
233	338	233	338
110	285	110	285
221	358	220	358
223	221	223	220
234	76	234	76
112	283	112	283
242	60	242	60
61	334	61	334
209	205	209	205
263	93	263	93
214	190	214	190
201	91	201	92
179	121	179	122
240	121	240	122
239	19	239	19
130	248	129	248
225	190	225	190
262	46	262	45
248	9	248	9
217	351	217	351
20	20	20	20
258	235	258	236
165	221	165	220
66	329	66	329
250	384	249	384
158	265	158	266
253	106	253	107
218	60	218	60
146	250	146	251
19	376	19	376
226	76	226	76
190	190	190	190
192	265	192	266
256	91	256	91
243	221	243	220
117	278	117	278
251	45	251	45
160	236	160	235
201	190	201	190
204	221	204	220
151	109	151	109
155	291	155	291
137	236	137	235
234	190	234	190
35	35	35	35
74	74	74	74
222	265	222	266
187	236	187	235
236	221	236	220
109	286	109	286
207	91	207	92
134	265	134	266
129	196	129	195
130	202	129	202
132	250	132	251
149	265	149	266
229	91	229	92
230	91	230	92
29	366	29	366
254	45	254	45
185	221	185	220
259	76	259	76
192	121	192	122
263	59	264	59
135	236	135	235
159	250	159	251
148	265	148	266
167	106	167	107
259	221	259	221
135	125	135	125
210	190	210	190
198	265	198	266
143	205	143	205
146	236	146	235
213	265	213	266
178	221	178	220
124	271	124	271
143	114	143	113
219	37	219	36
248	30	248	29
191	326	191	326
195	76	195	76
160	250	160	251
161	236	161	235
168	106	168	107
186	265	186	266
230	45	230	45
236	265	236	266
187	250	187	251
260	220	260	220
4	391	4	391
189	67	189	66
258	393	258	393
259	45	259	45
149	283	147	283
189	265	189	266
215	46	215	46
220	91	220	92
156	101	155	100
240	190	240	190
242	91	242	92
177	313	177	313
214	221	214	220
253	14	253	14
144	121	144	122
214	76	214	76
203	221	203	220
239	60	239	60
131	223	130	223
209	121	209	122
135	273	134	273
156	205	156	205
230	76	230	76
250	205	250	205
96	96	96	96
205	205	205	205
6	6	6	6
84	84	84	84
157	106	157	107
158	221	158	220
180	317	179	317
15	380	15	380
199	62	199	61
255	45	255	45
164	236	164	235
165	250	165	251
258	121	258	122
188	250	188	251
261	220	261	220
196	106	196	107
216	190	216	190
163	300	163	300
237	205	237	205
259	394	259	394
243	17	243	17
191	236	191	235
32	363	32	363
216	45	216	45
251	388	250	388
130	174	130	174
243	190	243	190
215	60	215	60
182	250	182	251
206	236	206	235
232	60	232	60
157	99	157	98
161	96	161	96
185	106	185	107
24	371	24	371
99	99	99	99
172	91	172	92
193	250	193	251
249	338	249	338
231	45	231	45
217	236	217	235
201	106	201	107
239	221	239	220
130	169	130	169
178	80	178	79
16	379	16	379
150	287	150	288
118	277	118	277
161	121	161	122
235	30	235	29
238	121	238	122
257	91	257	91
183	221	183	220
165	236	165	235
208	60	208	60
215	236	215	235
145	112	145	112
129	129	129	128
151	190	151	190
247	106	247	107
174	190	174	190
130	160	130	159
24	24	24	24
226	236	226	235
212	47	212	47
28	28	28	28
193	91	193	92
186	106	186	107
194	250	194	251
16	16	16	16
249	205	249	205
256	3	256	2
130	187	130	187
221	250	221	251
150	190	150	190
206	342	205	342
229	106	229	107
67	67	67	67
249	190	249	190
157	221	157	220
252	221	252	220
144	190	144	190
202	76	202	76
196	63	196	62
252	76	252	76
144	205	144	205
218	76	218	76
254	205	254	205
184	265	184	266
171	190	171	190
193	205	193	205
181	318	180	318
238	250	238	251
189	121	189	122
190	121	190	122
192	328	191	328
244	338	244	338
250	121	250	122
196	221	196	220
37	37	37	37
130	178	130	178
137	265	137	266
255	121	255	122
242	30	242	29
167	93	167	93
260	30	260	30
207	250	207	251
187	265	187	266
248	265	248	266
70	70	70	70
175	82	175	81
160	265	160	266
221	91	221	92
222	91	222	92
244	236	244	235
191	265	191	266
130	141	130	141
208	250	208	251
225	265	225	266
62	62	62	62
207	338	207	338
138	221	138	220
142	118	140	118
245	60	245	60
190	265	190	266
229	338	229	338
253	76	253	76
235	250	235	251
224	265	224	266
170	221	170	220
175	91	175	92
54	54	54	54
256	121	256	122
255	265	255	266
202	336	202	336
154	290	154	290
34	34	34	34
203	236	203	235
167	265	167	266
100	295	100	295
228	265	228	266
250	250	250	251
69	326	69	326
142	121	142	122
198	106	198	107
202	121	202	122
230	236	230	235
221	60	221	60
98	297	98	297
207	121	207	122
177	190	177	190
200	190	200	190
181	265	181	266
170	87	169	86
208	345	207	345
245	236	245	235
174	221	174	220
231	265	231	266
237	45	237	45
255	391	254	391
130	159	130	159
173	91	173	92
234	91	234	92
235	91	235	92
90	305	90	305
163	221	163	220
259	251	259	251
206	221	206	220
230	338	230	338
236	250	236	251
206	76	206	76
195	221	195	220
179	106	179	107
240	76	240	76
129	255	129	255
222	76	222	76
153	190	153	190
82	313	82	313
176	190	176	190
195	106	195	107
158	98	158	97
157	265	157	266
197	205	197	205
130	150	130	150
188	91	188	92
189	323	189	323
247	205	247	205
162	295	162	294
133	268	133	268
142	250	142	251
241	250	241	251
154	121	154	122
129	240	129	239
170	89	168	89
251	30	251	29
159	121	159	122
142	276	142	277
220	121	220	122
221	357	220	358
130	145	129	145
38	357	38	357
8	387	8	387
101	101	101	101
232	236	232	235
140	205	140	205
189	205	189	205
245	16	245	16
126	269	126	269
148	236	148	235
115	115	115	115
225	76	225	76
176	221	176	220
250	60	250	60
214	46	214	46
234	367	234	366
180	106	180	107
241	76	241	76
248	10	248	10
175	236	175	235
257	250	258	250
187	121	187	122
208	221	208	220
248	121	248	122
139	250	139	251
252	14	252	14
126	126	126	126
223	106	223	107
210	205	210	205
226	60	226	60
118	118	118	118
154	250	154	251
87	87	87	87
179	315	178	316
198	62	198	61
71	324	71	324
218	351	218	351
134	236	134	235
233	236	233	235
75	75	75	75
172	121	172	122
212	221	212	220
219	190	219	190
129	170	129	170
258	5	258	5
242	190	242	190
69	69	69	69
237	121	237	122
131	235	131	235
244	221	244	220
64	331	64	331
234	23	233	22
202	60	202	60
258	250	258	250
243	338	243	338
244	76	244	76
102	102	102	102
140	250	140	251
235	60	235	60
238	91	238	92
185	77	185	76
259	265	259	265
235	205	235	205
200	121	200	122
167	250	167	251
195	190	195	190
218	190	218	190
94	94	94	94
130	194	130	193
234	30	234	29
179	265	179	266
257	205	257	205
186	221	186	220
213	106	213	107
160	106	160	107
145	250	145	251
186	76	186	76
168	250	168	251
152	265	152	266
176	106	176	107
238	205	238	205
261	122	261	122
177	205	177	205
15	15	15	15
217	265	217	266
129	213	128	213
149	282	149	280
136	236	136	235
229	76	229	76
245	76	245	76
135	221	135	220
155	265	155	266
156	102	154	102
229	221	229	220
160	97	160	96
216	265	216	266
163	236	163	235
148	280	148	280
67	328	67	328
177	312	177	312
131	177	131	177
189	91	189	92
190	91	190	92
248	190	248	190
250	91	250	92
251	91	251	92
159	265	159	266
131	222	131	221
152	121	152	122
43	352	43	352
248	45	248	45
247	15	247	15
137	190	137	190
193	265	193	266
260	60	261	60
211	221	211	220
217	121	217	122
253	6	253	5
144	113	144	112
129	182	129	182
223	265	223	266
190	66	190	65
262	106	262	106
172	236	172	235
173	250	173	251
196	250	196	251
204	106	204	107
224	190	224	190
155	221	155	220
135	265	135	266
224	45	224	45
7	388	7	388
251	190	251	190
182	106	182	107
146	190	146	190
172	84	172	83
190	250	190	251
232	76	232	76
214	236	214	235
240	60	240	60
131	191	131	191
242	221	242	220
180	91	180	92
199	265	199	266
201	250	201	251
130	166	130	166
131	204	130	204
225	236	225	235
209	106	209	107
144	278	144	278
202	91	202	92
203	91	203	92
97	298	97	298
193	65	193	64
46	349	46	349
52	343	52	343
237	190	237	190
237	265	237	266
129	128	129	128
224	221	224	220
169	121	169	122
243	30	243	29
149	205	149	205
190	76	190	76
246	121	246	122
173	236	173	235
216	60	216	60
89	306	89	306
130	161	130	161
224	76	224	76
132	205	132	205
44	351	44	351
235	121	235	122
181	205	181	205
241	338	241	338
117	117	117	117
231	205	231	205
235	22	235	21
217	76	217	76
168	221	168	220
81	314	81	314
233	76	233	76
131	173	130	173
194	106	194	107
202	250	202	251
210	106	210	107
162	265	162	266
53	342	53	342
229	250	229	251
216	236	216	235
149	110	149	110
152	190	152	190
231	91	231	92
73	73	73	73
129	146	129	146
243	236	243	235
45	350	45	350
157	292	157	292
179	190	179	190
14	381	14	381
130	179	130	179
77	77	77	77
246	250	246	251
217	45	217	45
198	121	198	122
254	106	254	107
162	205	162	205
257	60	258	60
247	338	247	338
232	25	232	25
238	19	238	19
241	221	241	220
4	4	4	4
207	106	207	107
228	45	228	45
119	276	119	276
194	205	194	205
250	30	250	29
215	250	215	251
133	126	133	126
202	236	202	235
155	190	155	190
252	236	252	235
142	119	140	119
258	189	258	190
229	236	229	235
216	250	216	251
236	338	236	338
253	60	253	60
19	19	19	19
58	58	58	58
243	250	243	251
151	221	151	220
137	124	137	124
254	5	254	4
93	302	93	302
130	133	130	133
137	205	137	205
211	338	211	338
212	76	212	76
216	338	216	338
257	14	257	14
242	17	242	17
187	205	187	205
228	76	228	76
50	50	50	50
218	38	218	37
254	338	254	337
149	121	149	122
150	121	150	122
169	205	169	205
116	279	116	279
246	45	246	45
249	383	249	383
219	205	219	205
75	320	75	320
129	229	128	229
131	137	131	136
136	273	136	274
229	60	229	60
215	121	215	122
147	265	147	266
185	190	185	190
130	156	130	155
221	221	221	220
42	42	42	42
211	347	210	347
253	236	253	235
108	287	108	287
176	81	176	80
181	91	181	92
182	91	182	92
243	91	243	92
106	289	106	289
129	254	129	254
185	265	185	266
244	250	244	251
161	205	161	205
235	265	235	266
257	338	257	338
205	60	205	60
187	106	187	107
133	250	133	251
173	83	173	82
213	76	213	76
161	190	161	190
164	221	164	220
184	190	184	190
203	106	203	107
133	267	133	267
262	267	261	266
194	190	194	190
147	236	147	235
257	393	257	393
166	205	166	205
249	265	249	266
235	369	235	369
221	190	221	190
150	250	150	251
249	250	249	251
194	64	194	63
174	236	174	235
158	106	158	107
161	265	161	266
162	121	162	122
198	205	198	205
237	30	237	29
221	356	219	356
259	91	259	91
260	107	260	107
78	317	78	317
167	121	167	122
228	121	228	122
234	221	234	220
240	236	240	235
170	190	170	190
68	68	68	68
129	200	129	199
248	11	248	11
247	45	247	45
194	91	194	92
195	91	195	92
156	236	156	235
197	190	197	190
184	221	184	220
188	106	188	107
133	236	133	235
257	106	257	106
183	236	183	235
216	221	216	220
200	76	200	76
147	250	147	251
261	14	261	14
191	205	191	205
231	106	231	107
216	76	216	76
238	375	237	375
122	122	122	122
195	64	195	63
234	45	234	45
52	52	52	52
223	205	223	205
193	106	193	107
252	6	252	5
162	250	162	251
232	106	232	107
241	236	241	235
114	114	114	114
171	306	170	306
180	121	180	122
227	190	227	190
154	265	154	266
157	236	157	235
250	190	250	190
204	265	204	266
222	359	221	359
245	121	245	122
106	106	106	106
143	277	142	277
165	205	165	205
258	106	258	106
223	91	223	92
208	91	208	92
8	8	8	8
215	205	215	205
201	76	201	76
165	94	165	94
148	250	148	251
243	60	243	60
12	12	12	12
251	76	251	76
127	268	127	268
201	221	201	220
147	121	147	122
130	195	129	195
129	211	128	211
242	265	242	266
152	108	152	108
154	205	154	205
175	250	175	251
252	338	252	338
203	190	203	190
130	265	130	265
204	205	204	205
226	190	226	190
156	104	154	104
233	221	233	220
236	190	236	190
212	236	212	235
90	90	90	90
236	205	236	205
221	106	221	107
39	39	39	39
153	250	153	251
176	250	176	251
180	79	180	78
235	338	235	338
219	60	219	60
237	106	237	107
130	218	130	218
149	281	149	280
27	27	27	27
259	188	259	190
136	124	136	124
82	82	82	82
249	8	249	7
156	103	154	103
31	31	31	31
215	338	215	338
235	45	235	45
144	236	144	235
36	359	36	359
238	106	238	107
21	21	21	21
197	121	197	122
143	221	143	220
163	297	163	297
171	236	171	235
178	205	178	205
251	385	249	385
236	91	236	92
57	338	57	338
131	193	130	193
153	108	153	108
179	205	179	205
186	236	186	235
230	221	230	220
160	121	160	122
49	346	49	346
213	236	213	235
225	121	225	122
130	172	130	171
181	250	181	251
204	250	204	251
116	116	116	116
145	236	145	235
172	85	171	84
253	30	253	29
129	142	129	142
23	372	23	372
153	205	153	205
154	190	154	190
248	205	248	205
227	265	227	266
250	106	250	107
33	362	33	362
198	250	198	251
203	205	203	205
241	18	241	18
131	207	130	207
239	76	239	76
130	167	130	167
210	121	210	122
248	60	248	60
156	221	156	220
250	221	250	220
255	76	255	76
209	250	209	251
158	205	158	205
255	221	255	220
25	370	25	370
100	100	100	100
192	205	192	205
211	91	211	92
72	72	72	72
153	265	153	266
200	236	200	235
256	14	256	14
76	76	76	76
203	265	203	266
245	190	245	190
177	121	177	122
17	378	17	378
254	121	254	122
224	60	224	60
105	290	105	290
243	121	243	122
212	338	212	338
195	250	195	251
254	390	253	390
164	106	164	107
150	205	150	205
262	92	262	91
103	103	103	103
178	314	177	314
256	5	256	4
130	185	129	185
209	91	209	92
91	91	91	91
182	205	182	205
210	250	210	251
249	45	249	45
141	221	141	220
258	91	258	91
95	95	95	95
190	236	190	235
131	149	130	149
169	106	169	107
224	236	224	235
173	221	173	220
160	190	160	190
201	236	201	235
239	91	239	92
224	91	224	92
259	121	260	121
130	176	131	175
207	343	206	344
231	365	231	365
251	236	251	235
204	337	204	337
187	190	187	190
232	26	232	26
181	79	181	78
254	250	254	251
225	45	225	45
206	121	206	122
236	30	236	29
74	321	74	321
249	221	249	220
195	121	195	122
175	205	175	205
196	265	196	266
215	106	215	107
199	236	199	235
223	250	223	251
136	190	136	190
246	265	246	266
142	116	140	116
207	205	207	205
227	76	227	76
210	236	210	235
251	338	251	338
71	71	71	71
163	190	163	190
182	78	182	77
258	45	258	45
243	76	243	76
173	190	173	190
193	221	193	220
216	106	216	107
196	190	196	190
234	265	234	266
236	21	236	20
129	227	128	227
224	250	224	251
223	338	223	338
170	106	170	107
196	205	196	205
172	265	172	266
251	250	251	251
25	25	25	25
191	91	191	92
176	91	176	92
252	91	252	92
218	39	217	38
249	382	249	382
29	29	29	29
130	234	130	234
131	136	131	136
136	221	136	220
172	190	172	190
210	265	210	266
158	121	158	122
17	17	17	17
182	318	182	319
130	157	130	157
138	205	138	205
42	353	42	353
223	121	223	122
208	121	208	122
188	205	188	205
152	289	152	289
170	205	170	205
220	205	220	205
129	266	129	266
168	304	168	305
208	338	208	338
233	366	233	366
217	338	217	338
130	148	130	147
222	221	222	220
244	106	244	107
228	236	228	235
252	250	252	251
133	266	133	266
213	60	213	60
141	250	141	251
255	236	255	235
209	346	208	346
246	60	246	60
235	368	235	368
202	190	202	190
129	246	128	246
130	252	130	252
204	91	204	92
129	259	128	259
132	264	132	265
155	236	155	235
229	45	229	45
221	355	219	355
205	52	205	51
249	106	249	107
229	190	229	190
158	250	158	251
163	205	163	205
255	4	255	3
146	111	146	111
166	106	166	107
259	235	260	235
260	251	260	251
245	30	245	29
231	31	231	30
14	14	14	14
175	121	175	122
195	205	195	205
236	121	236	122
129	260	128	260
130	247	129	247
222	60	222	60
248	12	248	12
178	190	178	190
70	325	70	325
218	338	218	338
258	339	258	338
190	323	190	323
247	221	247	220
205	190	205	190
262	250	262	250
141	236	141	235
225	91	225	92
210	346	210	347
195	265	195	266
160	293	160	293
155	250	155	251
123	123	123	123
163	106	163	107
256	205	256	205
127	127	127	127
242	45	242	45
189	221	189	220
89	89	89	89
142	205	142	205
129	168	129	168
153	290	153	290
176	205	176	205
250	76	250	76
93	93	93	93
240	106	240	107
130	201	129	201
131	237	130	237
225	205	225	205
119	119	119	119
202	58	200	58
184	236	184	235
188	121	188	122
81	81	81	81
208	205	208	205
133	221	133	220
32	32	32	32
252	30	252	29
107	107	107	107
199	76	199	76
260	208	260	206
79	316	79	316
139	123	139	123
253	121	253	122
240	18	240	18
216	91	216	92
129	210	129	209
55	340	55	340
96	299	96	299
132	236	132	235
65	330	65	330
156	250	156	251
174	265	174	266
177	91	177	92
251	60	251	60
254	91	254	92
130	262	129	262
247	381	247	381
156	105	154	105
159	236	159	235
183	250	183	251
186	74	184	74
239	338	239	338
191	106	191	107
211	190	211	190
88	307	88	307
129	186	129	186
244	190	244	190
202	221	202	220
238	265	238	266
131	219	131	219
244	45	244	45
133	190	133	190
161	250	161	251
184	250	184	251
185	236	185	235
150	265	150	266
80	315	80	315
227	60	227	60
187	321	186	321
163	296	163	296
146	221	146	220
128	267	128	267
78	78	78	78
246	106	246	107
216	41	216	41
164	265	164	266
220	190	220	190
131	192	131	191
205	121	205	122
227	363	227	363
214	265	214	266
161	294	161	294
220	45	220	45
183	91	183	92
257	221	257	220
244	91	244	92
192	65	192	64
229	265	229	266
247	190	247	190
203	60	203	60
224	338	224	338
211	76	211	76
194	236	194	235
177	311	177	311
141	265	141	266
236	60	236	60
128	258	128	257
129	180	129	180
238	221	238	220
202	265	202	266
261	106	261	106
252	265	252	266
237	91	237	92
221	236	221	235
185	320	184	320
227	221	227	220
137	274	136	274
140	265	140	266
180	205	180	205
254	76	254	76
200	334	200	335
220	36	220	35
221	338	221	338
3	3	3	3
258	265	259	265
135	205	135	205
229	205	229	205
51	344	51	344
181	106	181	107
203	53	203	52
224	361	224	361
205	265	205	266
243	106	243	107
189	250	189	251
212	250	212	251
197	106	197	107
128	212	128	212
171	221	171	220
178	265	178	266
257	190	257	190
130	164	130	164
131	206	131	205
139	190	139	190
162	190	162	190
206	250	206	251
157	121	157	122
218	121	218	122
237	374	236	374
170	305	170	306
174	82	174	81
196	91	196	92
217	250	217	251
92	303	92	303
261	92	261	92
2	393	2	393
186	320	186	321
206	338	206	338
253	205	253	205
256	190	256	190
138	190	138	190
232	45	232	45
253	190	253	190
145	221	145	220
240	221	240	220
185	121	185	122
239	236	239	235
131	175	131	175
242	205	242	205
251	121	251	122
164	301	163	301
203	250	203	251
250	236	250	235
166	93	166	93
121	121	121	121
217	91	217	92
200	61	200	60
147	205	147	205
131	263	130	263
261	61	261	60
228	32	228	31
125	125	125	125
218	250	218	251
129	144	129	143
149	221	149	220
170	121	170	122
198	236	198	235
113	113	113	113
260	394	260	394
177	106	177	107
181	221	181	220
209	236	209	235
173	307	172	307
232	27	232	27
168	205	168	205
150	109	150	109
105	105	105	105
233	60	233	60
213	349	213	349
217	205	217	205
184	77	184	76
245	338	245	338
214	121	214	122
109	109	109	109
244	30	244	29
63	332	63	332
142	117	140	117
203	121	203	122
205	341	205	341
22	373	22	373
231	250	231	251
154	107	154	107
155	107	155	107
129	226	129	225
209	60	209	60
134	125	134	125
246	91	246	92
160	205	160	205
162	106	162	107
181	190	181	190
200	265	200	266
224	106	224	107
204	190	204	190
232	250	232	251
178	106	178	107
162	221	162	220
72	323	72	323
260	15	260	15
110	110	110	110
256	265	256	266
241	205	241	205
167	221	167	220
194	221	194	220
51	51	51	51
184	91	184	92
131	139	131	139
169	92	169	92
227	338	227	338
138	123	138	123
194	76	194	76
232	338	232	338
142	265	142	266
199	221	199	220
130	154	130	154
227	236	227	235
210	76	210	76
246	205	246	205
157	190	157	190
176	265	176	266
180	190	180	190
165	302	164	302
257	5	257	5
166	121	166	122
253	91	253	92
143	236	143	235
254	236	254	235
258	60	258	60
155	121	155	122
175	106	175	107
231	121	231	122
216	121	216	122
31	364	31	364
206	265	206	266
154	236	154	235
240	265	240	266
23	23	23	23
264	105	265	105
198	91	198	92
255	30	255	29
257	30	257	30
187	221	187	220
133	265	132	265
11	11	11	11
252	106	252	107
236	236	236	235
237	250	237	251
238	45	238	45
183	265	183	266
59	336	59	336
244	265	244	266
151	288	150	288
233	24	232	24
235	371	235	371
219	221	219	220
129	245	128	245
130	253	130	253
131	249	130	249
149	250	149	251
5	5	5	5
40	355	40	355
228	338	228	338
254	60	254	60
182	265	182	266
221	354	221	352
212	91	212	92
197	265	197	266
38	38	38	38
247	265	247	266
128	228	128	227
166	250	166	251
170	265	170	266
209	338	209	338
220	265	220	266
205	91	205	92
248	13	248	13
30	30	30	30
161	221	161	220
183	121	183	122
168	121	168	122
244	121	244	122
135	250	135	251
230	60	230	60
164	205	164	205
238	76	238	76
186	190	186	190
261	251	261	250
173	265	173	266
233	121	233	122
213	205	213	205
86	309	86	309
237	236	237	235
246	15	246	15
213	190	213	190
200	221	200	220
2	2	2	2
129	199	129	199
223	190	223	190
245	205	245	205
136	250	136	251
246	190	246	190
179	316	178	316
260	91	260	91
27	368	27	368
210	48	210	48
232	221	232	220
176	309	176	309
214	349	214	349
198	76	198	76
163	250	163	251
206	60	206	60
171	106	171	107
234	205	234	205
128	242	128	241
210	338	210	338
129	216	129	216
239	45	239	45
191	325	191	325
107	288	107	288
199	190	199	190
56	56	56	56
202	59	202	60
222	190	222	190
158	236	158	235
215	350	215	350
60	60	60	60
190	221	190	220
192	236	192	235
196	121	196	122
1	394	1	394
48	48	48	48
179	80	179	79
256	45	256	45
149	286	148	287
95	300	95	300
226	205	226	205
134	221	134	220
156	106	156	107
140	236	140	235
164	250	164	251
40	40	40	40
186	75	186	76
185	91	185	92
172	106	172	107
252	389	252	389
167	236	167	235
44	44	44	44
191	250	191	251
104	291	104	291
252	190	252	190
182	236	182	235
249	14	249	14
252	45	252	45
161	106	161	107
141	190	141	190
94	301	94	301
169	250	169	251
259	207	258	206
192	250	192	251
193	236	193	235
248	338	248	338
140	122	140	122
215	221	215	220
200	106	200	107
163	299	163	299
152	205	152	205
207	50	207	50
216	42	216	42
251	387	250	388
201	205	201	205
148	121	148	122
154	221	154	220
140	275	140	276
251	205	251	205
231	338	231	338
168	92	168	92
223	35	223	34
228	190	228	190
