1	394	1	394
2	2	2	2
2	393	2	393
3	3	3	3
3	392	3	392
4	4	4	4
4	391	4	391
5	5	5	5
5	390	5	390
6	6	6	6
6	389	6	389
7	7	7	7
7	388	7	388
8	8	8	8
8	387	8	387
9	9	9	9
9	386	9	386
10	10	10	10
10	385	10	385
11	11	11	11
11	384	11	384
12	12	12	12
12	383	12	383
13	13	13	13
13	382	13	382
14	14	14	14
14	381	14	381
15	15	15	15
15	380	15	380
16	16	16	16
16	379	16	379
17	17	17	17
17	378	17	378
18	18	18	18
18	377	18	377
19	19	19	19
19	376	19	376
20	20	20	20
20	375	20	375
21	21	21	21
21	374	21	374
22	22	22	22
22	373	22	373
23	23	23	23
23	372	23	372
24	24	24	24
24	371	24	371
25	25	25	25
25	370	25	370
26	26	26	26
26	369	26	369
27	27	27	27
27	368	27	368
28	28	28	28
28	367	28	367
29	29	29	29
29	366	29	366
30	30	30	30
30	365	30	365
31	31	31	31
31	364	31	364
32	32	32	32
32	363	32	363
33	33	33	33
33	362	33	362
34	34	34	34
34	361	34	361
35	35	35	35
35	360	35	360
36	36	36	36
36	359	36	359
37	37	37	37
37	358	37	358
38	38	38	38
38	357	38	357
39	39	39	39
39	356	39	356
40	40	40	40
40	355	40	355
41	41	41	41
41	354	41	354
42	42	42	42
42	353	42	353
43	43	43	43
43	352	43	352
44	44	44	44
44	351	44	351
45	45	45	45
45	350	45	350
46	46	46	46
46	349	46	349
47	47	47	47
47	348	47	348
48	48	48	48
48	347	48	347
49	49	49	49
49	346	49	346
50	50	50	50
50	345	50	345
51	51	51	51
51	344	51	344
52	52	52	52
52	343	52	343
53	53	53	53
53	342	53	342
54	54	54	54
54	341	54	341
55	55	55	55
55	340	55	340
56	56	56	56
56	339	56	339
57	57	57	57
57	338	57	338
58	58	58	58
58	337	58	337
59	59	59	59
59	336	59	336
60	60	60	60
60	335	60	335
61	61	61	61
61	334	61	334
62	62	62	62
62	333	62	333
63	63	63	63
63	332	63	332
64	64	64	64
64	331	64	331
65	65	65	65
65	330	65	330
66	66	66	66
66	329	66	329
67	67	67	67
67	328	67	328
68	68	68	68
68	327	68	327
69	69	69	69
69	326	69	326
70	70	70	70
70	325	70	325
71	71	71	71
71	324	71	324
72	72	72	72
72	323	72	323
73	73	73	73
73	322	73	322
74	74	74	74
74	321	74	321
75	75	75	75
75	320	75	320
76	76	76	76
76	319	76	319
77	77	77	77
77	318	77	318
78	78	78	78
78	317	78	317
79	79	79	79
79	316	79	316
80	80	80	80
80	315	80	315
81	81	81	81
83	271	81	271
82	272	81	272
81	314	81	314
82	82	82	82
84	111	82	111
83	124	82	123
83	125	82	125
83	126	82	126
84	139	82	139
83	140	82	140
84	185	82	185
83	186	82	186
83	214	82	213
83	215	82	215
83	216	82	216
84	229	82	229
83	270	82	269
83	273	82	273
83	274	82	274
83	287	82	287
83	288	82	288
83	301	82	301
83	302	82	302
82	313	82	313
83	83	83	83
84	84	83	84
84	109	83	109
84	112	83	113
84	122	83	121
84	127	83	127
84	128	83	128
84	138	83	137
84	141	83	141
84	142	83	142
83	170	83	169
84	171	83	171
84	172	83	172
84	183	83	183
84	187	83	187
84	188	83	188
84	212	83	211
84	217	83	217
84	218	83	218
84	227	83	227
84	230	83	231
85	243	83	243
84	256	83	255
84	257	83	257
85	259	83	259
84	268	83	267
84	275	83	275
84	276	83	276
83	286	83	285
84	289	83	289
84	290	83	290
83	300	83	299
84	303	83	303
84	304	83	304
83	312	83	312
85	85	84	85
85	86	84	86
85	96	84	95
85	97	84	97
85	98	84	98
85	107	84	107
85	114	84	115
85	120	84	119
85	129	84	129
85	130	84	130
85	136	84	135
85	143	84	143
85	144	84	144
85	153	84	153
86	155	84	155
85	167	84	167
85	173	84	173
85	174	84	174
84	182	84	181
85	189	84	189
85	190	84	190
85	199	84	199
85	200	84	200
85	210	84	209
85	219	84	219
85	220	84	220
85	225	84	225
85	232	84	233
84	242	84	241
85	244	84	245
85	254	84	253
85	260	84	261
85	266	84	265
85	277	84	277
85	278	84	278
84	284	84	283
85	291	84	291
85	292	84	292
85	297	84	297
85	305	84	305
85	306	84	306
84	311	84	311
85	83	85	82
86	87	85	87
86	88	85	88
86	94	85	93
86	99	85	99
86	100	85	100
85	106	85	105
86	131	85	131
86	134	85	133
86	145	85	145
86	146	85	146
85	152	85	151
86	156	85	157
86	165	85	165
86	175	85	175
86	176	85	176
86	179	85	179
86	191	85	191
86	192	85	192
86	197	85	197
86	201	85	201
86	202	85	202
86	208	85	207
86	221	85	221
85	224	85	223
86	234	85	235
86	239	85	239
86	246	85	247
86	252	85	251
86	279	85	279
85	282	85	281
86	293	85	293
85	296	85	295
86	307	85	307
85	310	85	309
87	315	85	316
86	82	86	81
87	89	86	89
87	92	86	91
87	101	86	101
86	104	86	103
86	118	86	117
86	132	86	132
87	147	86	147
86	150	86	149
87	158	86	159
86	164	86	163
86	178	86	177
87	193	86	193
86	196	86	195
87	203	86	203
87	206	86	205
86	223	86	222
86	238	86	237
86	264	86	263
86	281	86	280
86	295	86	294
86	308	86	308
87	82	87	81
87	90	87	90
87	103	87	102
87	117	87	117
87	133	87	132
87	149	87	148
87	162	87	161
87	177	87	177
87	195	87	194
87	204	87	204
87	222	87	222
87	237	87	237
87	248	87	249
87	263	87	263
87	280	87	280
87	294	87	294
87	310	87	308
88	81	88	80
88	91	88	90
88	102	88	102
88	117	88	117
88	133	88	132
88	148	88	148
88	161	88	161
88	177	88	177
88	194	88	194
88	205	88	204
88	222	88	222
88	236	88	237
88	249	88	249
88	263	88	263
88	280	88	280
88	294	88	294
88	309	88	308
89	317	88	318
89	81	89	80
89	91	89	90
89	102	89	102
89	117	89	117
89	133	89	132
89	148	89	148
89	160	89	161
89	177	89	177
89	194	89	194
89	205	89	204
89	222	89	222
89	236	89	237
89	249	89	249
89	263	89	263
89	280	89	280
89	294	89	294
89	309	89	308
90	80	90	79
90	91	90	90
90	102	90	102
90	117	90	117
90	133	90	132
90	148	90	148
90	160	90	161
90	177	90	177
90	194	90	194
90	205	90	204
90	222	90	222
90	236	90	237
90	249	90	249
90	263	90	263
90	280	90	280
90	294	90	294
90	309	90	308
91	318	90	319
91	80	91	79
91	91	91	90
91	102	91	102
91	117	91	117
91	133	91	132
91	148	91	148
91	160	91	161
91	177	91	177
91	194	91	194
91	205	91	204
91	222	91	222
91	236	91	237
91	249	91	249
91	263	91	263
91	280	91	280
91	294	91	294
91	309	91	308
92	79	92	78
92	91	92	90
92	102	92	102
92	117	92	117
92	133	92	132
92	148	92	148
92	160	92	161
92	177	92	177
92	194	92	194
92	205	92	204
92	222	92	222
92	236	92	237
92	249	92	249
92	263	92	263
92	280	92	280
92	294	92	294
92	309	92	308
93	319	92	320
93	79	93	78
93	91	93	90
93	102	93	102
93	117	93	117
93	133	93	132
93	148	93	148
93	160	93	161
93	177	93	177
93	194	93	194
93	205	93	204
93	222	93	222
93	236	93	237
93	249	93	249
93	263	93	263
93	280	93	280
93	294	93	294
93	309	93	308
96	71	94	71
96	72	94	72
96	73	94	73
96	74	94	74
96	75	94	75
94	78	94	77
94	91	94	90
94	102	94	102
94	117	94	117
94	133	94	132
94	148	94	148
94	160	94	161
94	177	94	177
94	194	94	194
94	205	94	204
94	222	94	222
94	236	94	237
94	249	94	249
94	263	94	263
94	280	94	280
94	294	94	294
94	309	94	308
95	320	94	321
95	78	95	77
95	91	95	90
95	102	95	102
95	117	95	117
95	133	95	132
95	148	95	148
95	160	95	161
95	177	95	177
95	194	95	194
95	205	95	204
95	222	95	222
95	236	95	237
95	249	95	249
95	263	95	263
95	280	95	280
95	294	95	294
95	309	95	308
96	77	96	77
96	91	96	90
96	102	96	102
96	117	96	117
96	133	96	132
96	148	96	148
96	160	96	161
96	177	96	177
96	194	96	194
96	205	96	204
96	222	96	222
96	236	96	237
96	249	96	249
96	263	96	263
96	280	96	280
96	294	96	294
96	309	96	308
97	321	96	322
98	69	97	68
97	77	97	77
97	91	97	90
97	102	97	102
97	117	97	117
97	133	97	132
97	148	97	148
97	160	97	161
97	177	97	177
97	194	97	194
97	205	97	204
97	222	97	222
97	236	97	237
97	249	97	249
97	263	97	263
97	280	97	280
97	294	97	294
97	309	97	308
98	77	98	77
98	91	98	90
98	102	98	102
98	117	98	117
98	133	98	132
98	148	98	148
98	160	98	161
98	177	98	177
98	194	98	194
98	205	98	204
98	222	98	222
98	236	98	237
98	249	98	249
98	263	98	263
98	280	98	280
98	294	98	294
98	309	98	308
99	322	98	323
100	68	99	67
99	77	99	77
99	91	99	90
99	102	99	102
99	117	99	117
99	133	99	132
99	148	99	148
99	160	99	161
99	177	99	177
99	194	99	194
99	205	99	204
99	222	99	222
99	236	99	237
99	249	99	249
99	263	99	263
99	280	99	280
99	294	99	294
99	309	99	308
101	327	99	327
101	328	99	328
101	329	99	329
100	77	100	77
100	91	100	90
100	102	100	102
100	117	100	117
100	133	100	132
100	148	100	148
100	160	100	161
100	177	100	177
100	194	100	194
100	205	100	204
100	222	100	222
100	236	100	237
100	249	100	249
100	263	100	263
100	280	100	280
100	294	100	294
100	309	100	308
100	322	100	324
101	330	100	331
102	67	101	66
101	77	101	77
101	91	101	90
101	102	101	102
101	117	101	117
101	133	101	132
101	148	101	148
101	160	101	161
101	177	101	177
101	194	101	194
101	205	101	204
101	222	101	222
101	236	101	237
101	249	101	249
101	263	101	263
101	280	101	280
101	294	101	294
101	309	101	308
101	324	101	324
102	77	102	77
102	91	102	90
102	102	102	102
102	117	102	117
102	133	102	132
102	148	102	148
102	160	102	161
102	177	102	177
102	194	102	194
102	205	102	204
102	222	102	222
102	236	102	237
102	249	102	249
102	263	102	263
102	280	102	280
102	294	102	294
102	309	102	308
102	323	102	324
102	331	102	332
104	66	103	65
103	77	103	77
103	91	103	90
103	102	103	102
103	117	103	117
103	133	103	132
103	148	103	148
103	160	103	161
103	177	103	177
103	194	103	194
103	205	103	204
103	222	103	222
103	236	103	237
103	249	103	249
103	263	103	263
103	280	103	280
103	294	103	294
103	309	103	308
103	323	103	324
104	77	104	77
104	91	104	90
104	102	104	102
104	117	104	117
104	133	104	132
104	148	104	148
104	160	104	161
104	177	104	177
104	194	104	194
104	205	104	204
104	222	104	222
104	236	104	237
104	249	104	249
104	263	104	263
104	280	104	280
104	294	104	294
104	309	104	308
104	323	104	324
105	333	104	333
106	65	105	64
105	77	105	77
105	91	105	90
105	102	105	102
105	117	105	117
105	133	105	132
105	148	105	148
105	160	105	161
105	177	105	177
105	194	105	194
105	205	105	204
105	222	105	222
105	236	105	237
105	249	105	249
105	263	105	263
105	280	105	280
105	294	105	294
105	309	105	308
105	323	105	324
106	77	106	77
106	91	106	90
106	102	106	102
106	117	106	117
106	133	106	132
106	148	106	148
106	160	106	161
106	177	106	177
106	194	106	194
106	205	106	204
106	222	106	222
106	236	106	237
106	249	106	249
106	263	106	263
106	280	106	280
106	294	106	294
106	309	106	308
106	323	106	324
107	334	106	334
108	64	107	63
107	77	107	77
107	91	107	90
107	102	107	102
107	117	107	117
107	133	107	132
107	148	107	148
107	160	107	161
107	177	107	177
107	194	107	194
107	205	107	204
107	222	107	222
107	236	107	237
107	249	107	249
107	263	107	263
107	280	107	280
107	294	107	294
107	309	107	308
107	323	107	324
108	77	108	77
108	91	108	90
108	102	108	102
108	117	108	117
108	133	108	132
108	148	108	148
108	160	108	161
108	177	108	177
108	194	108	194
108	205	108	204
108	222	108	222
108	236	108	237
108	249	108	249
108	263	108	263
108	280	108	280
108	294	108	294
108	309	108	308
108	323	108	324
109	335	108	335
110	63	109	62
109	77	109	77
109	91	109	90
109	102	109	102
109	117	109	117
109	133	109	132
109	148	109	148
109	160	109	161
109	177	109	177
109	194	109	194
109	205	109	204
109	222	109	222
109	236	109	237
109	249	109	249
109	263	109	263
109	280	109	280
109	294	109	294
109	309	109	308
109	323	109	324
110	77	110	77
110	91	110	90
110	102	110	102
110	117	110	117
110	133	110	132
110	148	110	148
110	160	110	161
110	177	110	177
110	194	110	194
110	205	110	204
110	222	110	222
110	236	110	237
110	249	110	249
110	263	110	263
110	280	110	280
110	294	110	294
110	309	110	308
110	323	110	324
111	336	110	336
112	62	111	61
111	77	111	77
111	91	111	90
111	102	111	102
111	117	111	117
111	133	111	132
111	148	111	148
111	160	111	161
111	177	111	177
111	194	111	194
111	205	111	204
111	222	111	222
111	236	111	237
111	249	111	249
111	263	111	263
111	280	111	280
111	294	111	294
111	309	111	308
111	323	111	324
114	56	112	56
114	57	112	57
114	58	112	58
112	77	112	77
112	91	112	90
112	102	112	102
112	117	112	117
112	133	112	132
112	148	112	148
112	160	112	161
112	177	112	177
112	194	112	194
112	205	112	204
112	222	112	222
112	236	112	237
112	249	112	249
112	263	112	263
112	280	112	280
112	294	112	294
112	309	112	308
112	323	112	324
113	337	112	337
114	55	113	54
113	62	113	60
113	77	113	77
113	91	113	90
113	102	113	102
113	117	113	117
113	133	113	132
113	148	113	148
113	160	113	161
113	177	113	177
113	194	113	194
113	205	113	204
113	222	113	222
113	236	113	237
113	249	113	249
113	263	113	263
113	280	113	280
113	294	113	294
113	309	113	308
113	323	113	324
114	60	114	60
114	77	114	77
114	91	114	90
114	102	114	102
114	117	114	117
114	133	114	132
114	148	114	148
114	160	114	161
114	177	114	177
114	194	114	194
114	205	114	204
114	222	114	222
114	236	114	237
114	249	114	249
114	263	114	263
114	280	114	280
114	294	114	294
114	309	114	308
114	323	114	324
115	338	114	338
115	54	115	53
115	61	115	60
115	77	115	77
115	91	115	90
115	102	115	102
115	117	115	117
115	133	115	132
115	148	115	148
115	160	115	161
115	177	115	177
115	194	115	194
115	205	115	204
115	222	115	222
115	236	115	237
115	249	115	249
115	263	115	263
115	280	115	280
115	294	115	294
115	309	115	308
115	323	115	324
117	342	115	342
117	343	115	343
117	344	115	344
117	345	115	345
116	53	116	52
116	61	116	60
116	77	116	77
116	91	116	90
116	102	116	102
116	117	116	117
116	133	116	132
116	148	116	148
116	160	116	161
116	177	116	177
116	194	116	194
116	205	116	204
116	222	116	222
116	236	116	237
116	249	116	249
116	263	116	263
116	280	116	280
116	294	116	294
116	309	116	308
116	323	116	324
116	338	116	339
117	53	117	52
117	61	117	60
117	77	117	77
117	91	117	90
117	102	117	102
117	117	117	117
117	133	117	132
117	148	117	148
117	160	117	161
117	177	117	177
117	194	117	194
117	205	117	204
117	222	117	222
117	236	117	237
117	249	117	249
117	263	117	263
117	280	117	280
117	294	117	294
117	309	117	308
117	323	117	324
117	339	117	339
118	52	118	51
118	61	118	60
118	77	118	77
118	91	118	90
118	102	118	102
118	117	118	117
118	133	118	132
118	148	118	148
118	160	118	161
118	177	118	177
118	194	118	194
118	205	118	204
118	222	118	222
118	236	118	237
118	249	118	249
118	263	118	263
118	280	118	280
118	294	118	294
118	309	118	308
118	323	118	324
118	339	118	339
119	347	118	348
119	52	119	51
119	61	119	60
119	77	119	77
119	91	119	90
119	102	119	102
119	117	119	117
119	133	119	132
119	148	119	148
119	160	119	161
119	177	119	177
119	194	119	194
119	205	119	204
119	222	119	222
119	236	119	237
119	249	119	249
119	263	119	263
119	280	119	280
119	294	119	294
119	309	119	308
119	323	119	324
119	339	119	339
120	51	120	50
120	61	120	60
120	77	120	77
120	91	120	90
120	102	120	102
120	117	120	117
120	133	120	132
120	148	120	148
120	160	120	161
120	177	120	177
120	194	120	194
120	205	120	204
120	222	120	222
120	236	120	237
120	249	120	249
120	263	120	263
120	280	120	280
120	294	120	294
120	309	120	308
120	323	120	324
120	339	120	339
121	348	120	349
121	51	121	50
121	61	121	60
121	77	121	77
121	91	121	90
121	102	121	102
121	117	121	117
121	133	121	132
121	148	121	148
121	160	121	161
121	177	121	177
121	194	121	194
121	205	121	204
121	222	121	222
121	236	121	237
121	249	121	249
121	263	121	263
121	280	121	280
121	294	121	294
121	309	121	308
121	323	121	324
121	339	121	339
126	43	122	43
126	44	122	44
126	45	122	45
122	50	122	49
122	61	122	60
122	77	122	77
122	91	122	90
122	102	122	102
122	117	122	117
122	133	122	132
122	148	122	148
122	160	122	161
122	177	122	177
122	194	122	194
122	205	122	204
122	222	122	222
122	236	122	237
122	249	122	249
122	263	122	263
122	280	122	280
122	294	122	294
122	309	122	308
122	323	122	324
122	339	122	339
123	349	122	350
123	50	123	49
123	61	123	60
123	77	123	77
123	91	123	90
123	102	123	102
123	117	123	117
123	133	123	132
123	148	123	148
123	160	123	161
123	177	123	177
123	194	123	194
123	205	123	204
123	222	123	222
123	236	123	237
123	249	123	249
123	263	123	263
123	280	123	280
123	294	123	294
123	309	123	308
123	323	123	324
123	339	123	339
124	49	124	49
124	61	124	60
124	77	124	77
124	91	124	90
124	102	124	102
124	117	124	117
124	133	124	132
124	148	124	148
124	160	124	161
124	177	124	177
124	194	124	194
124	205	124	204
124	222	124	222
124	236	124	237
124	249	124	249
124	263	124	263
124	280	124	280
124	294	124	294
124	309	124	308
124	323	124	324
124	339	124	339
125	350	124	351
126	40	125	39
125	49	125	49
125	61	125	60
125	77	125	77
125	91	125	90
125	102	125	102
125	117	125	117
125	133	125	132
125	148	125	148
125	160	125	161
125	177	125	177
125	194	125	194
125	205	125	204
125	222	125	222
125	236	125	237
125	249	125	249
125	263	125	263
125	280	125	280
125	294	125	294
125	309	125	308
125	323	125	324
125	339	125	339
126	48	126	49
126	61	126	60
126	77	126	77
126	91	126	90
126	102	126	102
126	117	126	117
126	133	126	132
126	148	126	148
126	160	126	161
126	177	126	177
126	194	126	194
126	205	126	204
126	222	126	222
126	236	126	237
126	249	126	249
126	263	126	263
126	280	126	280
126	294	126	294
126	309	126	308
126	323	126	324
126	339	126	339
127	351	126	352
127	39	127	38
127	48	127	49
127	61	127	60
127	77	127	77
127	91	127	90
127	102	127	102
127	117	127	117
127	133	127	132
127	148	127	148
127	160	127	161
127	177	127	177
127	194	127	194
127	205	127	204
127	222	127	222
127	236	127	237
127	249	127	249
127	263	127	263
127	280	127	280
127	294	127	294
127	309	127	308
127	323	127	324
127	339	127	339
128	38	128	37
128	48	128	49
128	61	128	60
128	77	128	77
128	91	128	90
128	102	128	102
128	117	128	117
128	133	128	132
128	148	128	148
128	160	128	161
128	177	128	177
128	194	128	194
128	205	128	204
128	222	128	222
128	236	128	237
128	249	128	249
128	263	128	263
128	280	128	280
128	294	128	294
128	309	128	308
128	323	128	324
128	339	128	339
129	352	128	353
129	38	129	37
129	48	129	49
129	61	129	60
129	77	129	77
129	91	129	90
129	102	129	102
129	117	129	117
129	133	129	132
129	148	129	148
129	160	129	161
129	177	129	177
129	194	129	194
129	205	129	204
129	222	129	222
129	236	129	237
129	249	129	249
129	263	129	263
129	280	129	280
129	294	129	294
129	309	129	308
129	323	129	324
129	339	129	339
130	37	130	36
130	48	130	49
130	61	130	60
130	77	130	77
130	91	130	90
130	102	130	102
130	117	130	117
130	133	130	132
130	148	130	148
130	160	130	161
130	177	130	177
130	194	130	194
130	205	130	204
130	222	130	222
130	236	130	237
130	249	130	249
130	263	130	263
130	280	130	280
130	294	130	294
130	309	130	308
130	323	130	324
130	339	130	339
130	352	130	354
131	37	131	36
131	48	131	49
131	61	131	60
131	77	131	77
131	91	131	90
131	102	131	102
131	117	131	117
131	133	131	132
131	148	131	148
131	160	131	161
131	177	131	177
131	194	131	194
131	205	131	204
131	222	131	222
131	236	131	237
131	249	131	249
131	263	131	263
131	280	131	280
131	294	131	294
131	309	131	308
131	323	131	324
131	339	131	339
131	353	131	354
132	36	132	35
132	48	132	49
132	61	132	60
132	77	132	77
132	91	132	90
132	102	132	102
132	117	132	117
132	133	132	132
132	148	132	148
132	160	132	161
132	177	132	177
132	194	132	194
132	205	132	204
132	222	132	222
132	236	132	237
132	249	132	249
132	263	132	263
132	280	132	280
132	294	132	294
132	309	132	308
132	323	132	324
132	339	132	339
132	353	132	354
133	360	132	362
133	36	133	35
133	48	133	49
133	61	133	60
133	77	133	77
133	91	133	90
133	102	133	102
133	117	133	117
133	133	133	132
133	148	133	148
133	160	133	161
133	177	133	177
133	194	133	194
133	205	133	204
133	222	133	222
133	236	133	237
133	249	133	249
133	263	133	263
133	280	133	280
133	294	133	294
133	309	133	308
133	323	133	324
133	339	133	339
133	354	133	354
134	35	134	34
134	48	134	49
134	61	134	60
134	77	134	77
134	91	134	90
134	102	134	102
134	117	134	117
134	133	134	132
134	148	134	148
134	160	134	161
134	177	134	177
134	194	134	194
134	205	134	204
134	222	134	222
134	236	134	237
134	249	134	249
134	263	134	263
134	280	134	280
134	294	134	294
134	309	134	308
134	323	134	324
134	339	134	339
134	354	134	354
135	362	134	363
135	35	135	34
135	48	135	49
135	61	135	60
135	77	135	77
135	91	135	90
135	102	135	102
135	117	135	117
135	133	135	132
135	148	135	148
135	160	135	161
135	177	135	177
135	194	135	194
135	205	135	204
135	222	135	222
135	236	135	237
135	249	135	249
135	263	135	263
135	280	135	280
135	294	135	294
135	309	135	308
135	323	135	324
135	339	135	339
135	354	135	354
138	27	136	27
138	28	136	28
138	29	136	29
138	30	136	30
138	31	136	31
136	34	136	33
136	48	136	49
136	61	136	60
136	77	136	77
136	91	136	90
136	102	136	102
136	117	136	117
136	133	136	132
136	148	136	148
136	160	136	161
136	177	136	177
136	194	136	194
136	205	136	204
136	222	136	222
136	236	136	237
136	249	136	249
136	263	136	263
136	280	136	280
136	294	136	294
136	309	136	308
136	323	136	324
136	339	136	339
136	354	136	354
137	363	136	364
138	26	137	25
137	34	137	33
137	48	137	49
137	61	137	60
137	77	137	77
137	91	137	90
137	102	137	102
137	117	137	117
137	133	137	132
137	148	137	148
137	160	137	161
137	177	137	177
137	194	137	194
137	205	137	204
137	222	137	222
137	236	137	237
137	249	137	249
137	263	137	263
137	280	137	280
137	294	137	294
137	309	137	308
137	323	137	324
137	339	137	339
137	354	137	354
139	25	138	24
138	33	138	33
138	48	138	49
138	61	138	60
138	77	138	77
138	91	138	90
138	102	138	102
138	117	138	117
138	133	138	132
138	148	138	148
138	160	138	161
138	177	138	177
138	194	138	194
138	205	138	204
138	222	138	222
138	236	138	237
138	249	138	249
138	263	138	263
138	280	138	280
138	294	138	294
138	309	138	308
138	323	138	324
138	339	138	339
138	354	138	354
139	364	138	365
140	24	139	23
139	33	139	33
139	48	139	49
139	61	139	60
139	77	139	77
139	91	139	90
139	102	139	102
139	117	139	117
139	133	139	132
139	148	139	148
139	160	139	161
139	177	139	177
139	194	139	194
139	205	139	204
139	222	139	222
139	236	139	237
139	249	139	249
139	263	139	263
139	280	139	280
139	294	139	294
139	309	139	308
139	323	139	324
139	339	139	339
139	354	139	354
140	33	140	33
140	48	140	49
140	61	140	60
140	77	140	77
140	91	140	90
140	102	140	102
140	117	140	117
140	133	140	132
140	148	140	148
140	160	140	161
140	177	140	177
140	194	140	194
140	205	140	204
140	222	140	222
140	236	140	237
140	249	140	249
140	263	140	263
140	280	140	280
140	294	140	294
140	309	140	308
140	323	140	324
140	339	140	339
140	354	140	354
141	365	140	366
142	23	141	22
141	33	141	33
141	48	141	49
141	61	141	60
141	77	141	77
141	91	141	90
141	102	141	102
141	117	141	117
141	133	141	132
141	148	141	148
141	160	141	161
141	177	141	177
141	194	141	194
141	205	141	204
141	222	141	222
141	236	141	237
141	249	141	249
141	263	141	263
141	280	141	280
141	294	141	294
141	309	141	308
141	323	141	324
141	339	141	339
141	354	141	354
142	33	142	33
142	48	142	49
142	61	142	60
142	77	142	77
142	91	142	90
142	102	142	102
142	117	142	117
142	133	142	132
142	148	142	148
142	160	142	161
142	177	142	177
142	194	142	194
142	205	142	204
142	222	142	222
142	236	142	237
142	249	142	249
142	263	142	263
142	280	142	280
142	294	142	294
142	309	142	308
142	323	142	324
142	339	142	339
142	354	142	354
143	366	142	367
144	22	143	21
143	33	143	33
143	48	143	49
143	61	143	60
143	77	143	77
143	91	143	90
143	102	143	102
143	117	143	117
143	133	143	132
143	148	143	148
143	160	143	161
143	177	143	177
143	194	143	194
143	205	143	204
143	222	143	222
143	236	143	237
143	249	143	249
143	263	143	263
143	280	143	280
143	294	143	294
143	309	143	308
143	323	143	324
143	339	143	339
143	354	143	354
144	33	144	33
144	48	144	49
144	61	144	60
144	77	144	77
144	91	144	90
144	102	144	102
144	117	144	117
144	133	144	132
144	148	144	148
144	160	144	161
144	177	144	177
144	194	144	194
144	205	144	204
144	222	144	222
144	236	144	237
144	249	144	249
144	263	144	263
144	280	144	280
144	294	144	294
144	309	144	308
144	323	144	324
144	339	144	339
144	354	144	354
144	366	144	368
147	373	144	375
146	21	145	20
145	33	145	33
145	48	145	49
145	61	145	60
145	77	145	77
145	91	145	90
145	102	145	102
145	117	145	117
145	133	145	132
145	148	145	148
145	160	145	161
145	177	145	177
145	194	145	194
145	205	145	204
145	222	145	222
145	236	145	237
145	249	145	249
145	263	145	263
145	280	145	280
145	294	145	294
145	309	145	308
145	323	145	324
145	339	145	339
145	354	145	354
145	367	145	368
147	375	145	376
146	33	146	33
146	48	146	49
146	61	146	60
146	77	146	77
146	91	146	90
146	102	146	102
146	117	146	117
146	133	146	132
146	148	146	148
146	160	146	161
146	177	146	177
146	194	146	194
146	205	146	204
146	222	146	222
146	236	146	237
146	249	146	249
146	263	146	263
146	280	146	280
146	294	146	294
146	309	146	308
146	323	146	324
146	339	146	339
146	354	146	354
146	367	146	368
148	20	147	19
147	33	147	33
147	48	147	49
147	61	147	60
147	77	147	77
147	91	147	90
147	102	147	102
147	117	147	117
147	133	147	132
147	148	147	148
147	160	147	161
147	177	147	177
147	194	147	194
147	205	147	204
147	222	147	222
147	236	147	237
147	249	147	249
147	263	147	263
147	280	147	280
147	294	147	294
147	309	147	308
147	323	147	324
147	339	147	339
147	354	147	354
147	368	147	368
148	33	148	33
148	48	148	49
148	61	148	60
148	77	148	77
148	91	148	90
148	102	148	102
148	117	148	117
148	133	148	132
148	148	148	148
148	160	148	161
148	177	148	177
148	194	148	194
148	205	148	204
148	222	148	222
148	236	148	237
148	249	148	249
148	263	148	263
148	280	148	280
148	294	148	294
148	309	148	308
148	323	148	324
148	339	148	339
148	354	148	354
148	368	148	368
149	377	148	378
150	19	149	18
149	33	149	33
149	48	149	49
149	61	149	60
149	77	149	77
149	91	149	90
149	102	149	102
149	117	149	117
149	133	149	132
149	148	149	148
149	160	149	161
149	177	149	177
149	194	149	194
149	205	149	204
149	222	149	222
149	236	149	237
149	249	149	249
149	263	149	263
149	280	149	280
149	294	149	294
149	309	149	308
149	323	149	324
149	339	149	339
149	354	149	354
149	368	149	368
150	33	150	33
150	48	150	49
150	61	150	60
150	77	150	77
150	91	150	90
150	102	150	102
150	117	150	117
150	133	150	132
150	148	150	148
150	160	150	161
150	177	150	177
150	194	150	194
150	205	150	204
150	222	150	222
150	236	150	237
150	249	150	249
150	263	150	263
150	280	150	280
150	294	150	294
150	309	150	308
150	323	150	324
150	339	150	339
150	354	150	354
150	368	150	368
151	378	150	379
152	18	151	17
151	33	151	33
151	48	151	49
151	61	151	60
151	77	151	77
151	91	151	90
151	102	151	102
151	117	151	117
151	133	151	132
151	148	151	148
151	160	151	161
151	177	151	177
151	194	151	194
151	205	151	204
151	222	151	222
151	236	151	237
151	249	151	249
151	263	151	263
151	280	151	280
151	294	151	294
151	309	151	308
151	323	151	324
151	339	151	339
151	354	151	354
151	368	151	368
152	33	152	33
152	48	152	49
152	61	152	60
152	77	152	77
152	91	152	90
152	102	152	102
152	117	152	117
152	133	152	132
152	148	152	148
152	160	152	161
152	177	152	177
152	194	152	194
152	205	152	204
152	222	152	222
152	236	152	237
152	249	152	249
152	263	152	263
152	280	152	280
152	294	152	294
152	309	152	308
152	323	152	324
152	339	152	339
152	354	152	354
152	368	152	368
153	379	152	380
154	17	153	16
153	33	153	33
153	48	153	49
153	61	153	60
153	77	153	77
153	91	153	90
153	102	153	102
153	117	153	117
153	133	153	132
153	148	153	148
153	160	153	161
153	177	153	177
153	194	153	194
153	205	153	204
153	222	153	222
153	236	153	237
153	249	153	249
153	263	153	263
153	280	153	280
153	294	153	294
153	309	153	308
153	323	153	324
153	339	153	339
153	354	153	354
153	368	153	368
154	33	154	33
154	48	154	49
154	61	154	60
154	77	154	77
154	91	154	90
154	102	154	102
154	117	154	117
154	133	154	132
154	148	154	148
154	160	154	161
154	177	154	177
154	194	154	194
154	205	154	204
154	222	154	222
154	236	154	237
154	249	154	249
154	263	154	263
154	280	154	280
154	294	154	294
154	309	154	308
154	323	154	324
154	339	154	339
154	354	154	354
154	368	154	368
155	380	154	381
156	16	155	15
155	33	155	33
155	48	155	49
155	61	155	60
155	77	155	77
155	91	155	90
155	102	155	102
155	117	155	117
155	133	155	132
155	148	155	148
155	160	155	161
155	177	155	177
155	194	155	194
155	205	155	204
155	222	155	222
155	236	155	237
155	249	155	249
155	263	155	263
155	280	155	280
155	294	155	294
155	309	155	308
155	323	155	324
155	339	155	339
155	354	155	354
155	368	155	368
156	33	156	33
156	48	156	49
156	61	156	60
156	77	156	77
156	91	156	90
156	102	156	102
156	117	156	117
156	133	156	132
156	148	156	148
156	160	156	161
156	177	156	177
156	194	156	194
156	205	156	204
156	222	156	222
156	236	156	237
156	249	156	249
156	263	156	263
156	280	156	280
156	294	156	294
156	309	156	308
156	323	156	324
156	339	156	339
156	354	156	354
156	368	156	368
157	381	156	382
158	15	157	14
157	33	157	33
157	48	157	49
157	61	157	60
157	77	157	77
157	91	157	90
157	102	157	102
157	117	157	117
157	133	157	132
157	148	157	148
157	160	157	161
157	177	157	177
157	194	157	194
157	205	157	204
157	222	157	222
157	236	157	237
157	249	157	249
157	263	157	263
157	280	157	280
157	294	157	294
157	309	157	308
157	323	157	324
157	339	157	339
157	354	157	354
157	368	157	368
158	33	158	33
158	48	158	49
158	61	158	60
158	77	158	77
158	91	158	90
158	102	158	102
158	117	158	117
158	133	158	132
158	148	158	148
158	160	158	161
158	177	158	177
158	194	158	194
158	205	158	204
158	222	158	222
158	236	158	237
158	249	158	249
158	263	158	263
158	280	158	280
158	294	158	294
158	309	158	308
158	323	158	324
158	339	158	339
158	354	158	354
158	368	158	368
159	382	158	383
160	14	159	13
159	33	159	33
159	48	159	49
159	61	159	60
159	77	159	77
159	91	159	90
159	102	159	102
159	117	159	117
159	133	159	132
159	148	159	148
159	160	159	161
159	177	159	177
159	194	159	194
159	205	159	204
159	222	159	222
159	236	159	237
159	249	159	249
159	263	159	263
159	280	159	280
159	294	159	294
159	309	159	308
159	323	159	324
159	339	159	339
159	354	159	354
159	368	159	368
161	387	159	387
161	388	159	388
161	389	159	389
161	390	159	390
160	33	160	33
160	48	160	49
160	61	160	60
160	77	160	77
160	91	160	90
160	102	160	102
160	117	160	117
160	133	160	132
160	148	160	148
160	160	160	161
160	177	160	177
160	194	160	194
160	205	160	204
160	222	160	222
160	236	160	237
160	249	160	249
160	263	160	263
160	280	160	280
160	294	160	294
160	309	160	308
160	323	160	324
160	339	160	339
160	354	160	354
160	368	160	368
160	382	160	384
162	13	161	12
161	33	161	33
161	48	161	49
161	61	161	60
161	77	161	77
161	91	161	90
161	102	161	102
161	117	161	117
161	133	161	132
161	148	161	148
161	160	161	161
161	177	161	177
161	194	161	194
161	205	161	204
161	222	161	222
161	236	161	237
161	249	161	249
161	263	161	263
161	280	161	280
161	294	161	294
161	309	161	308
161	323	161	324
161	339	161	339
161	354	161	354
161	368	161	368
161	384	161	384
162	33	162	33
162	48	162	49
162	61	162	60
162	77	162	77
162	91	162	90
162	102	162	102
162	117	162	117
162	133	162	132
162	148	162	148
162	160	162	161
162	177	162	177
162	194	162	194
162	205	162	204
162	222	162	222
162	236	162	237
162	249	162	249
162	263	162	263
162	280	162	280
162	294	162	294
162	309	162	308
162	323	162	324
162	339	162	339
162	354	162	354
162	368	162	368
162	383	162	384
163	392	162	393
163	13	163	12
163	33	163	33
163	48	163	49
163	61	163	60
163	77	163	77
163	91	163	90
163	102	163	102
163	117	163	117
163	133	163	132
163	148	163	148
163	160	163	161
163	177	163	177
163	194	163	194
163	205	163	204
163	222	163	222
163	236	163	237
163	249	163	249
163	280	163	280
163	294	163	294
163	309	163	308
163	323	163	324
163	339	163	339
163	354	163	354
163	368	163	368
163	383	163	384
168	8	164	8
164	12	164	11
164	33	164	32
164	61	164	60
164	77	164	77
164	91	164	90
164	102	164	102
164	117	164	117
164	133	164	132
164	148	164	148
164	160	164	161
164	177	164	177
164	194	164	194
164	205	164	204
164	222	164	222
164	236	164	237
164	249	164	249
164	263	164	264
164	280	164	280
164	294	164	294
164	309	164	308
164	323	164	324
164	339	164	339
164	354	164	354
164	368	164	368
164	383	164	384
165	393	164	393
165	12	165	12
165	33	165	32
165	48	165	48
165	61	165	61
165	77	165	77
165	91	165	90
165	102	165	102
165	117	165	117
165	133	165	132
165	148	165	148
165	160	165	161
165	177	165	177
165	194	165	194
165	205	165	205
165	222	165	222
165	249	165	249
165	263	165	264
165	280	165	279
165	294	165	294
165	309	165	309
165	323	165	324
165	339	165	339
165	354	165	353
165	383	165	384
168	6	166	4
167	12	166	12
166	32	166	32
166	48	166	48
166	61	166	61
166	77	166	77
166	91	166	90
166	102	166	102
166	117	166	117
166	133	166	132
166	148	166	147
166	160	166	161
166	194	166	193
166	205	166	205
166	222	166	222
166	236	166	236
166	263	166	264
166	280	166	280
166	294	166	293
166	309	166	309
166	323	166	324
166	339	166	339
166	354	166	354
166	368	166	368
166	383	166	384
166	393	166	394
168	5	167	3
167	32	167	32
167	48	167	47
167	77	167	77
167	91	167	90
167	117	167	116
167	133	167	132
167	148	167	147
167	177	167	177
167	194	167	193
167	222	167	222
167	236	167	236
167	249	167	249
167	279	167	279
167	293	167	293
167	309	167	309
167	323	167	324
167	339	167	339
167	354	167	354
167	368	167	368
167	383	167	384
167	394	167	394
169	12	168	13
168	32	168	32
168	48	168	48
168	61	168	61
168	76	168	77
168	91	168	90
168	102	168	103
168	117	168	117
168	132	168	132
168	160	168	161
168	178	168	178
168	193	168	192
168	205	168	206
168	222	168	222
168	236	168	236
168	264	168	264
168	294	168	293
168	308	168	308
168	324	168	324
168	339	168	339
168	368	168	368
168	384	168	384
168	393	168	394
170	3	169	2
169	32	169	32
169	47	169	47
169	62	169	62
169	76	169	77
169	91	169	90
169	103	169	103
169	132	169	131
169	147	169	147
169	161	169	161
169	178	169	177
169	193	169	193
169	206	169	206
169	222	169	222
169	249	169	250
169	294	169	293
169	309	169	309
169	339	169	339
169	354	169	354
169	368	169	368
169	384	169	384
169	394	169	394
171	13	170	14
170	32	170	32
170	61	170	61
170	77	170	77
170	90	170	90
170	103	170	102
170	117	170	117
170	132	170	132
171	147	170	147
170	161	170	161
170	178	170	178
170	192	170	193
170	206	170	205
170	222	170	222
170	236	170	236
170	250	170	250
170	264	170	264
169	279	170	279
170	293	170	293
170	309	170	309
170	324	170	324
170	354	170	354
170	368	170	368
170	384	170	384
170	393	170	394
171	3	171	2
171	32	171	32
171	47	171	48
171	62	171	61
171	90	171	89
171	103	171	103
171	116	171	116
171	132	171	131
173	161	171	160
171	162	171	162
171	177	171	177
171	206	171	205
171	222	171	222
171	237	171	237
171	250	171	250
171	265	171	265
171	293	171	293
171	309	171	309
171	325	171	325
171	339	171	339
171	354	171	354
171	368	171	368
171	384	171	384
171	394	171	394
172	2	172	1
172	13	172	14
172	32	172	32
172	61	172	60
172	77	172	77
172	90	172	90
172	103	172	102
172	117	172	116
172	132	172	132
172	146	172	148
174	160	172	158
174	161	172	163
172	178	172	177
175	197	172	197
176	198	172	198
176	199	172	199
176	200	172	200
176	201	172	201
176	202	172	202
172	222	172	222
172	236	172	236
172	250	172	250
172	264	172	264
172	280	172	280
172	293	172	292
172	309	172	309
172	324	172	324
172	339	172	339
172	354	172	354
172	384	172	384
172	393	172	394
173	2	173	2
173	32	173	32
176	51	173	51
174	61	173	59
173	78	173	78
173	90	173	89
173	103	173	103
173	116	173	116
173	132	173	131
173	147	173	148
175	158	173	156
175	163	173	165
173	177	173	176
175	196	173	194
173	206	173	205
173	222	173	222
173	237	173	237
173	251	173	251
173	265	173	264
176	283	173	283
176	284	173	284
176	285	173	285
176	286	173	286
176	287	173	287
176	288	173	288
176	289	173	289
173	309	173	309
173	325	173	325
173	339	173	339
173	354	173	354
173	368	173	368
173	384	173	384
173	394	173	394
174	1	174	1
174	14	174	14
174	48	174	48
176	53	174	54
177	55	174	55
174	77	174	77
174	90	174	90
174	103	174	102
174	132	174	132
176	157	174	155
176	165	174	166
175	177	174	176
174	193	174	193
174	206	174	206
174	222	174	222
174	236	174	236
174	250	174	250
174	264	174	264
174	279	174	280
174	293	174	292
174	309	174	309
174	324	174	324
174	354	174	353
174	367	174	368
174	384	174	384
174	394	174	394
175	2	175	2
175	15	175	15
175	32	175	32
175	48	175	48
177	56	175	58
175	78	175	78
175	90	175	89
175	103	175	103
175	116	175	116
175	132	175	131
175	148	175	149
177	156	175	154
177	166	175	168
175	194	175	193
175	205	175	206
175	222	175	222
175	265	175	264
175	280	175	280
175	293	175	293
175	309	175	309
175	325	175	325
175	339	175	339
175	354	175	354
175	368	175	368
175	384	175	384
175	394	175	394
176	1	176	2
176	14	176	14
176	33	176	33
176	60	176	59
176	77	176	77
176	90	176	90
176	102	176	102
176	132	176	131
180	152	176	152
178	155	176	153
178	167	176	169
177	176	176	175
176	193	176	192
176	222	176	222
176	236	176	235
176	250	176	250
176	264	176	264
177	280	176	279
176	309	176	309
176	324	176	324
176	353	176	353
176	384	176	384
176	394	176	394
177	2	177	2
177	15	177	15
177	32	177	32
177	48	177	47
177	59	177	59
177	78	177	78
177	90	177	89
177	103	177	103
177	116	177	116
177	131	177	131
179	168	177	170
178	176	177	174
178	206	177	207
177	222	177	222
177	237	177	235
177	251	177	251
177	264	177	264
178	279	177	278
177	293	177	293
177	309	177	309
177	325	177	325
177	339	177	340
177	354	177	354
177	368	177	369
177	384	177	384
179	2	178	2
178	14	178	15
178	33	178	32
178	47	178	46
178	59	178	59
178	77	178	78
178	90	178	89
178	102	178	102
178	116	178	115
178	131	178	131
177	148	178	148
180	169	178	171
178	192	178	191
178	222	178	222
178	236	178	235
179	251	178	252
178	264	178	264
181	266	178	266
181	267	178	267
182	268	178	268
183	269	178	269
178	309	178	309
178	324	178	324
178	340	178	340
178	353	178	353
178	368	178	369
178	384	178	384
179	15	179	15
179	32	179	32
179	47	179	47
179	89	179	88
179	103	179	103
179	116	179	116
179	131	179	131
179	149	179	148
179	175	179	174
179	192	179	191
179	206	179	208
179	222	179	222
179	264	179	263
179	293	179	294
179	309	179	309
179	325	179	325
179	340	179	340
179	354	179	353
179	368	179	369
179	384	179	384
180	2	180	3
180	15	180	15
180	33	180	32
180	46	180	46
180	59	180	59
181	78	180	79
180	90	180	88
180	102	180	102
180	116	180	115
180	131	180	130
180	175	180	175
180	191	180	191
180	207	180	208
180	235	180	235
180	251	180	253
182	264	180	262
180	278	180	278
180	294	180	294
180	309	180	309
180	324	180	324
180	353	180	353
180	368	180	369
180	383	180	383
184	7	181	7
184	8	181	8
184	9	181	9
184	10	181	10
184	11	181	11
181	15	181	14
181	33	181	33
181	47	181	46
181	60	181	59
181	89	181	88
181	103	181	102
181	116	181	116
181	131	181	130
182	148	181	147
181	174	181	175
181	191	181	191
181	207	181	208
181	222	181	223
181	234	181	234
183	263	181	261
181	277	181	277
181	293	181	294
181	309	181	309
181	325	181	324
181	340	181	340
181	353	181	353
181	369	181	369
181	384	181	384
182	2	182	3
182	15	182	14
182	32	182	32
182	46	182	46
182	59	182	59
183	79	182	80
182	89	182	88
182	102	182	101
182	116	182	115
182	131	182	130
182	191	182	191
182	208	182	208
182	223	182	223
182	235	182	234
183	252	182	254
184	262	182	260
182	278	182	278
182	294	182	294
182	309	182	309
182	324	182	324
182	353	182	353
182	368	182	369
182	383	182	383
183	3	183	3
183	15	183	15
183	33	183	33
183	47	183	46
183	59	183	59
183	88	183	88
184	102	183	101
183	116	183	116
183	131	183	130
183	148	183	146
183	191	183	191
183	208	183	208
183	223	183	223
183	234	183	234
185	253	183	255
185	261	183	259
183	277	183	278
183	309	183	309
183	324	183	324
183	340	183	340
183	353	183	353
183	369	183	369
183	384	183	384
184	3	184	2
184	14	184	15
184	32	184	32
184	46	184	46
184	59	184	59
185	80	184	81
184	88	184	88
184	116	184	115
184	131	184	130
184	147	184	146
184	175	184	176
184	191	184	191
184	208	184	208
184	223	184	223
184	234	184	234
186	260	184	258
184	277	184	278
184	294	184	294
184	309	184	309
184	324	184	323
184	340	184	340
184	353	184	353
184	369	184	369
184	383	184	383
185	4	185	2
185	33	185	32
185	46	185	46
185	59	185	59
185	88	185	88
186	101	185	100
185	116	185	116
185	130	185	130
185	191	185	191
185	208	185	208
185	234	185	234
185	309	185	309
185	324	185	324
185	340	185	340
185	353	185	353
185	369	185	369
185	384	185	384
186	3	186	2
186	15	186	15
186	32	186	32
186	59	186	59
186	80	186	82
186	88	186	87
189	91	186	91
186	116	186	115
186	130	186	129
186	146	186	146
186	176	186	177
186	191	186	191
186	223	186	224
186	234	186	234
187	260	186	257
186	278	186	279
186	294	186	294
186	309	186	308
186	323	186	323
186	340	186	340
186	353	186	353
186	369	186	369
186	383	186	384
187	3	187	2
187	33	187	32
187	46	187	46
187	59	187	59
187	81	187	82
188	88	187	86
189	92	187	94
188	100	187	99
187	116	187	116
187	130	187	129
187	146	187	145
187	177	187	177
187	191	187	191
187	208	187	208
187	223	187	224
187	234	187	234
188	255	187	256
187	278	187	279
187	295	187	294
187	309	187	309
187	324	187	324
187	353	187	353
187	369	187	369
187	384	187	384
188	2	188	1
188	15	188	16
188	32	188	32
188	47	188	47
188	59	188	59
189	82	188	83
190	87	188	85
190	93	188	95
189	100	188	98
188	116	188	115
188	146	188	146
188	191	188	190
188	208	188	207
188	224	188	224
188	234	188	234
189	258	188	257
189	279	188	280
188	294	188	294
188	308	188	308
188	323	188	323
188	340	188	340
188	353	188	353
188	369	188	369
188	383	188	384
189	2	189	2
189	16	189	16
189	32	189	32
189	59	189	59
191	94	189	96
189	116	189	116
189	130	189	129
189	177	189	178
189	191	189	190
189	208	189	207
189	223	189	224
189	234	189	234
190	258	189	256
189	295	189	294
189	309	189	308
189	324	189	324
189	341	189	341
189	353	189	353
189	369	189	369
189	384	189	384
190	1	190	1
190	15	190	16
190	47	190	47
190	59	190	59
191	86	190	84
190	99	190	98
190	116	190	115
190	146	190	146
190	207	190	206
190	224	190	224
190	234	190	234
190	256	190	255
194	285	190	285
194	286	190	286
193	287	190	287
193	288	190	288
193	289	190	289
193	290	190	290
193	291	190	291
193	292	190	292
190	294	190	294
190	308	190	307
190	323	190	323
190	340	190	340
190	369	190	369
190	384	190	384
191	2	191	2
191	16	191	16
191	59	191	59
190	82	191	83
191	99	191	99
191	116	191	115
191	129	191	129
195	174	191	174
195	175	191	175
192	176	191	176
191	177	191	177
192	191	191	189
191	207	191	206
191	223	191	223
191	234	191	234
191	257	191	256
192	294	191	295
192	308	191	307
191	324	191	324
191	341	191	341
191	353	191	353
191	369	191	369
191	384	191	384
192	1	192	1
192	16	192	16
192	33	192	32
192	47	192	48
192	59	192	59
192	83	192	82
194	99	192	100
192	115	192	115
192	130	192	130
192	146	192	147
195	171	192	171
194	177	192	179
192	224	192	223
192	234	192	234
192	256	192	255
192	280	192	280
192	323	192	323
192	340	192	340
192	369	192	369
192	384	192	384
193	2	193	2
193	16	193	16
193	59	193	59
193	84	193	82
195	99	193	101
194	115	193	114
196	167	193	167
195	170	193	168
196	178	193	180
194	191	193	188
193	206	193	206
193	223	193	223
193	234	193	234
193	256	193	256
193	281	193	280
197	302	193	302
193	324	193	324
193	341	193	341
193	353	193	353
193	369	193	369
193	384	193	384
194	1	194	2
194	16	194	16
194	32	194	32
194	48	194	48
194	60	194	60
196	100	194	102
194	130	194	131
195	148	194	148
196	166	194	164
197	179	194	181
194	206	194	205
194	224	194	223
194	234	194	234
194	255	194	255
194	282	194	280
194	294	194	296
194	308	194	308
194	323	194	323
194	340	194	340
194	369	194	369
194	384	194	384
195	2	195	2
195	33	195	32
195	49	195	49
195	59	195	59
196	82	195	81
195	115	195	113
197	164	195	163
198	180	195	182
196	190	195	187
195	206	195	206
195	223	195	223
195	235	195	235
195	256	195	256
195	281	195	280
197	298	195	296
195	308	195	308
195	324	195	324
195	341	195	341
195	353	195	354
195	369	195	369
195	384	195	384
196	1	196	2
196	16	196	16
197	33	196	31
196	48	196	48
196	60	196	60
196	131	196	131
197	132	196	132
196	148	196	148
199	181	196	183
196	205	196	205
196	223	196	223
196	234	196	234
196	255	196	255
196	280	196	279
195	295	196	295
196	340	196	341
196	354	196	354
196	369	196	369
196	384	196	384
197	2	197	2
197	17	197	17
197	49	197	49
197	59	197	59
197	82	197	80
198	132	197	133
197	149	197	149
198	162	197	161
198	189	197	186
197	223	197	223
197	235	197	235
197	256	197	256
197	280	197	280
198	296	197	295
198	308	197	309
197	324	197	324
197	341	197	341
197	353	197	354
197	369	197	369
198	2	198	2
198	16	198	16
198	32	198	30
198	48	198	48
198	60	198	60
198	81	198	80
199	114	198	112
198	148	198	149
198	205	198	205
198	223	198	223
198	234	198	234
198	255	198	255
198	279	198	279
198	354	198	354
198	369	198	369
198	384	198	384
199	17	199	17
199	49	199	49
199	59	199	59
199	161	199	160
199	223	199	223
199	235	199	235
199	256	199	256
199	280	199	279
199	296	199	294
199	324	199	325
199	341	199	341
199	353	199	354
199	369	199	369
200	2	200	2
200	16	200	16
200	31	200	30
200	48	200	48
200	60	200	60
200	80	200	79
200	103	200	103
201	134	200	134
200	149	200	149
201	183	200	185
200	205	200	204
200	222	200	222
200	234	200	234
200	255	200	255
200	279	200	279
200	295	200	294
200	309	200	310
200	325	200	325
200	342	200	342
200	354	200	354
200	369	200	369
200	384	200	384
201	17	201	17
201	30	201	29
201	49	201	49
201	59	201	59
201	79	201	78
203	102	201	102
204	105	201	107
201	113	201	111
201	150	201	150
201	188	201	186
201	204	201	204
201	223	201	223
201	235	201	235
201	256	201	255
201	341	201	342
201	354	201	354
201	369	201	369
202	2	202	2
202	16	202	16
202	30	202	30
202	48	202	48
202	60	202	60
202	79	202	79
203	112	202	110
202	134	202	135
202	149	202	149
202	187	202	186
202	205	202	204
202	222	202	222
202	234	202	234
202	255	202	254
202	279	202	279
202	294	202	293
203	311	202	311
202	325	202	326
202	342	202	342
202	354	202	354
202	369	202	369
202	384	202	384
203	3	203	3
203	17	203	17
203	29	203	29
203	48	203	48
203	59	203	59
203	78	203	78
204	101	203	99
203	150	203	150
203	185	203	186
203	204	203	204
203	223	203	223
203	235	203	235
204	254	203	253
204	256	203	256
203	279	203	279
206	287	203	287
206	288	203	288
206	289	203	289
206	290	203	290
203	293	203	292
203	341	203	342
203	354	203	354
203	369	203	369
203	385	203	385
204	2	204	2
204	16	204	16
204	48	204	48
204	60	204	60
205	100	204	98
206	107	204	109
204	135	204	135
204	149	204	150
204	186	204	186
204	204	204	204
204	222	204	222
204	234	204	234
208	282	204	282
208	283	204	283
206	286	204	284
204	293	204	293
204	311	204	312
204	326	204	326
204	342	204	342
204	369	204	369
204	384	204	385
205	3	205	3
205	17	205	17
205	29	205	29
205	48	205	48
205	59	205	59
205	78	205	77
206	99	205	97
204	112	205	110
205	136	205	136
205	150	205	150
205	186	205	186
205	204	205	203
205	223	205	223
205	235	205	235
205	253	205	252
206	257	205	257
205	312	205	312
206	326	205	327
205	341	205	342
205	354	205	354
205	369	205	369
205	385	205	385
206	2	206	3
206	16	206	16
206	30	206	30
206	48	206	48
206	59	206	59
206	77	206	77
207	98	206	96
206	111	206	111
206	135	206	135
206	149	206	150
206	186	206	186
206	204	206	204
206	222	206	223
206	234	206	234
206	279	206	278
206	342	206	342
206	369	206	369
206	384	206	385
207	17	207	17
207	29	207	30
207	48	207	48
207	59	207	59
207	78	207	77
209	97	207	95
207	111	207	111
207	136	207	135
209	153	207	151
207	203	207	203
207	223	207	223
207	235	207	235
207	252	207	251
208	258	207	258
207	279	207	278
208	294	207	295
207	312	207	313
207	327	207	327
207	342	207	342
207	354	207	354
207	369	207	369
207	385	207	385
208	3	208	3
208	16	208	16
208	30	208	30
208	48	208	48
208	59	208	59
208	77	208	76
208	135	208	134
208	150	208	150
208	186	208	186
208	204	208	204
208	222	208	223
208	234	208	234
208	251	208	250
208	313	208	313
208	355	208	355
208	384	208	385
209	17	209	17
209	30	209	30
209	59	209	59
209	77	209	76
210	96	209	94
209	136	209	135
209	187	209	187
209	204	209	203
209	223	209	223
209	235	209	235
209	251	209	250
210	259	209	259
209	279	209	277
209	327	209	328
209	342	209	342
209	354	209	354
209	369	209	369
210	3	210	4
210	16	210	16
210	30	210	30
210	48	210	48
210	59	210	59
210	76	210	76
211	95	210	93
211	112	210	113
210	135	210	134
210	150	210	149
210	186	210	186
210	204	210	204
210	223	210	223
210	234	210	234
210	250	210	249
210	279	210	277
209	295	210	295
212	297	210	297
210	313	210	313
210	328	210	328
210	355	210	354
210	385	210	385
211	4	211	4
211	17	211	17
211	30	211	30
211	59	211	59
211	76	211	76
211	187	211	187
211	204	211	204
211	223	211	223
211	235	211	235
211	259	211	260
211	278	211	277
213	295	211	293
213	299	211	299
211	314	211	314
211	327	211	328
211	342	211	342
211	354	211	354
211	369	211	370
212	3	212	4
212	16	212	16
212	30	212	30
212	48	212	49
212	59	212	58
212	76	212	75
213	93	212	92
212	112	212	114
212	134	212	134
212	149	212	148
212	187	212	187
212	204	212	204
212	223	212	223
212	234	212	234
212	249	212	248
212	260	212	260
212	277	212	276
214	293	212	291
214	300	212	302
212	313	212	313
212	328	212	328
212	342	212	341
212	354	212	354
212	370	212	370
212	385	212	385
213	17	213	17
213	30	213	30
213	48	213	49
213	59	213	59
213	113	213	114
213	134	213	133
213	148	213	148
213	187	213	187
213	205	213	205
213	224	213	223
213	235	213	235
213	248	213	248
213	277	213	277
215	290	213	288
215	303	213	305
213	314	213	313
213	328	213	328
213	342	213	341
213	369	213	370
214	4	214	5
214	16	214	16
214	30	214	30
214	48	214	49
214	59	214	58
214	75	214	74
214	92	214	91
215	114	214	114
214	134	214	134
214	149	214	148
214	187	214	187
214	204	214	205
214	223	214	223
214	235	214	235
214	249	214	248
214	260	214	260
214	277	214	276
216	289	214	287
216	305	214	306
214	313	214	312
214	328	214	328
214	354	214	354
214	370	214	370
215	17	215	16
215	49	215	49
215	59	215	58
215	74	215	74
217	87	215	87
217	88	215	88
216	91	215	92
215	133	215	133
215	148	215	148
215	205	215	205
215	224	215	223
215	235	215	235
215	248	215	247
215	261	215	261
215	277	215	277
217	288	215	286
217	306	215	307
216	313	215	312
215	328	215	328
215	342	215	341
215	370	215	370
215	385	215	385
217	5	216	6
216	16	216	15
216	30	216	30
216	49	216	49
216	58	216	58
216	75	216	75
219	84	216	83
218	85	216	85
217	92	216	93
216	114	216	115
216	134	216	133
216	148	216	148
216	187	216	187
216	204	216	205
216	223	216	223
216	235	216	235
216	248	216	248
216	260	216	260
216	276	216	276
218	307	216	308
219	309	216	309
216	328	216	328
216	341	216	340
216	354	216	354
216	370	216	370
218	16	217	15
217	31	217	31
217	58	217	58
220	78	217	78
220	79	217	79
220	80	217	80
219	83	217	81
219	95	217	95
217	115	217	115
217	133	217	133
217	148	217	148
217	188	217	188
217	224	217	223
217	235	217	235
217	247	217	247
217	261	217	261
217	277	217	277
217	313	217	312
217	328	217	328
217	370	217	370
217	385	217	386
218	30	218	31
218	49	218	49
218	58	218	58
218	75	218	75
220	97	218	97
218	115	218	115
218	133	218	133
218	148	218	147
218	187	218	187
219	206	218	206
218	223	218	223
218	235	218	235
218	248	218	247
218	260	218	260
218	276	218	276
218	312	218	312
218	328	218	328
218	340	218	340
218	354	218	354
218	370	218	370
218	386	218	386
219	6	219	8
220	15	219	14
219	31	219	31
219	50	219	50
219	58	219	58
219	75	219	74
221	99	219	99
219	116	219	116
219	133	219	133
219	148	219	148
219	188	219	188
219	223	219	223
219	235	219	235
219	247	219	247
219	261	219	261
219	277	219	277
219	328	219	327
219	339	219	339
219	355	219	355
219	370	219	370
219	385	219	386
222	8	220	9
220	31	220	31
220	49	220	50
220	58	220	58
220	76	220	74
222	101	220	102
220	116	220	115
220	133	220	132
220	148	220	148
220	187	220	187
220	205	220	205
221	206	220	206
220	223	220	223
220	235	220	235
220	247	220	247
220	260	220	260
220	276	220	276
220	312	220	312
220	340	220	339
220	354	220	355
220	386	220	386
223	9	221	10
222	14	221	13
221	31	221	31
221	50	221	50
221	58	221	58
221	75	221	74
223	103	221	103
221	117	221	116
221	133	221	133
223	147	221	147
221	148	221	148
221	188	221	188
222	206	221	207
221	223	221	223
221	235	221	235
221	261	221	261
221	277	221	277
221	327	221	327
221	339	221	339
220	369	221	369
224	9	222	11
222	31	222	31
223	50	222	50
222	58	222	57
222	74	222	73
222	113	222	115
222	133	222	133
223	146	222	145
223	148	222	149
222	187	222	187
223	205	222	203
223	207	222	208
222	223	222	223
222	235	222	235
222	247	222	248
222	260	222	261
222	277	222	277
222	312	222	312
222	327	222	327
222	339	222	338
222	354	222	355
222	370	222	369
223	387	222	387
223	14	223	13
223	31	223	31
223	58	223	57
223	74	223	73
223	118	223	116
224	144	223	143
224	149	223	150
223	188	223	188
224	204	223	202
223	223	223	223
223	235	223	235
223	248	223	248
223	261	223	261
223	277	223	277
223	313	223	312
223	327	223	327
223	339	223	339
223	355	223	355
223	369	223	368
224	14	224	13
224	31	224	31
224	50	224	51
224	57	224	56
224	73	224	73
224	132	224	134
226	154	224	154
224	187	224	188
225	203	224	201
225	208	224	209
224	235	224	235
225	248	224	249
224	261	224	261
224	277	224	277
224	312	224	312
224	327	224	327
224	338	224	338
225	387	224	388
225	31	225	31
226	57	225	56
225	74	225	73
223	113	225	114
225	133	225	134
226	142	225	140
225	150	225	151
226	155	225	156
225	188	225	188
226	209	225	210
225	223	225	223
225	261	225	261
225	312	225	312
225	327	225	327
225	339	225	338
225	355	225	356
226	368	225	367
226	13	226	14
226	31	226	31
227	51	226	52
226	73	226	73
227	118	226	115
227	140	226	139
226	151	226	151
226	189	226	189
226	235	226	235
226	249	226	249
226	261	226	261
226	277	226	277
227	311	226	311
226	326	226	326
226	338	226	338
229	359	226	359
229	360	226	360
229	361	226	361
228	362	226	362
228	363	226	363
228	364	226	364
228	365	226	365
227	388	226	388
227	31	227	31
228	52	227	53
228	56	227	55
227	73	227	73
228	139	227	138
227	151	227	151
227	188	227	189
227	210	227	211
227	223	227	223
227	236	227	236
227	261	227	261
227	278	227	278
227	327	227	327
227	338	227	337
229	358	227	356
227	367	227	367
228	14	228	15
228	31	228	31
228	73	228	73
228	112	228	112
230	137	228	135
228	151	228	151
228	189	228	189
229	211	228	212
228	224	228	224
228	235	228	236
228	249	228	249
228	261	228	261
228	277	228	277
228	311	228	311
228	326	228	326
228	338	228	338
228	355	228	355
228	366	228	367
228	388	228	388
230	15	229	16
229	31	229	31
230	55	229	54
229	74	229	73
229	112	229	111
229	134	229	134
229	151	229	151
229	189	229	189
229	223	229	224
229	236	229	236
229	250	229	250
229	261	229	261
229	277	229	277
229	311	229	311
229	327	229	327
229	337	229	337
230	355	229	354
230	388	229	388
231	16	230	17
230	31	230	31
230	53	230	53
230	73	230	73
230	117	230	115
230	151	230	150
232	192	230	192
230	212	230	212
230	224	230	224
230	249	230	249
230	261	230	261
230	311	230	310
230	326	230	326
230	338	230	338
230	367	230	368
231	388	230	389
230	5	231	2
231	31	231	31
231	55	231	54
231	74	231	74
231	111	231	109
231	116	231	115
231	134	231	133
231	151	231	150
231	189	231	189
233	193	231	194
231	223	231	224
231	236	231	237
231	250	231	250
231	261	231	261
231	277	231	277
231	310	231	309
231	337	231	337
231	354	231	353
231	367	231	368
231	387	231	386
232	1	232	2
232	17	232	18
232	31	232	31
232	54	232	54
232	73	232	73
233	109	232	108
232	116	232	116
232	190	232	189
234	194	232	195
233	213	232	213
232	224	232	224
232	237	232	237
232	249	232	249
232	261	232	261
232	278	232	278
233	310	232	308
232	326	232	326
232	337	232	337
233	353	232	352
232	367	232	368
232	386	232	385
233	390	232	390
232	7	233	3
234	18	233	19
233	31	233	31
233	54	233	54
233	74	233	74
234	108	233	107
233	115	233	116
233	133	233	132
233	150	233	150
233	189	233	188
235	196	233	196
233	250	233	250
233	262	233	261
233	277	233	278
234	309	233	307
233	326	233	326
233	337	233	337
234	352	233	351
233	368	233	368
236	18	234	20
234	31	234	30
234	54	234	54
234	73	234	74
235	107	234	106
234	132	234	132
236	215	234	213
237	216	234	217
234	224	234	224
234	237	234	237
234	249	234	249
234	261	234	261
234	278	234	278
235	308	234	306
234	326	234	326
234	336	234	337
234	385	234	384
235	391	234	391
235	2	235	2
235	31	235	30
235	54	235	54
235	74	235	74
235	116	235	117
235	133	235	132
235	150	235	149
235	188	235	187
234	212	235	212
237	217	235	219
238	220	235	220
238	221	235	221
238	222	235	222
236	224	235	224
235	238	235	238
235	250	235	250
235	261	235	261
235	278	235	278
236	307	235	305
235	326	235	326
235	337	235	337
235	351	235	350
235	384	235	383
236	2	236	1
238	4	236	5
237	19	236	21
236	54	236	54
237	74	236	74
236	106	236	105
237	117	236	117
236	132	236	132
236	150	236	150
237	187	236	186
237	199	236	199
237	213	236	212
236	237	236	237
236	249	236	249
236	261	236	261
237	306	236	304
236	326	236	326
237	337	236	337
236	368	236	368
239	5	237	6
239	20	237	22
237	31	237	29
237	54	237	54
238	105	237	104
237	132	237	131
237	150	237	149
238	199	237	200
237	224	237	225
237	238	237	238
237	250	237	250
237	261	237	261
237	278	237	278
240	301	237	301
237	325	237	326
237	350	237	349
238	368	237	369
237	383	237	382
236	391	237	391
238	31	238	29
238	54	238	54
238	74	238	74
238	117	238	117
238	132	238	132
238	150	238	149
238	186	238	185
238	212	238	211
238	237	238	238
238	249	238	249
238	261	238	261
238	279	238	279
241	299	238	298
238	305	238	304
238	326	238	326
238	337	238	337
238	349	238	348
239	369	238	370
238	382	238	382
241	21	239	23
239	54	239	54
239	75	239	75
239	104	239	104
239	149	239	149
240	185	239	184
240	201	239	201
239	238	239	238
239	250	239	250
239	261	239	260
239	278	239	279
241	298	239	296
239	304	239	304
239	325	239	326
239	336	239	336
239	349	239	349
239	382	239	382
241	7	240	8
242	22	240	24
240	54	240	54
240	74	240	75
240	104	240	103
240	117	240	117
239	131	240	131
241	201	240	202
240	211	240	210
240	225	240	226
240	237	240	238
240	249	240	249
240	261	240	260
240	279	240	279
242	295	240	295
241	304	240	305
240	326	240	326
240	337	240	336
240	348	240	349
241	369	240	370
240	382	240	382
242	8	241	9
241	30	241	28
241	54	241	54
241	75	241	75
241	132	241	132
241	149	241	148
241	184	241	183
242	202	241	203
241	210	241	210
241	250	241	250
241	260	241	260
241	279	241	279
241	326	241	325
241	336	241	336
241	349	241	349
241	383	241	383
243	22	242	25
243	29	242	27
242	54	242	54
242	103	242	103
242	117	242	117
242	132	242	131
242	226	242	227
242	238	242	239
242	249	242	249
242	279	242	279
243	294	242	292
242	305	242	306
242	326	242	326
242	336	242	335
243	349	242	349
242	370	242	371
243	54	243	54
243	76	243	75
243	103	243	102
244	117	243	116
243	132	243	132
244	148	243	147
243	183	243	182
244	203	243	204
243	210	243	209
243	227	243	227
243	250	243	250
243	260	243	260
243	279	243	279
244	293	243	291
243	326	243	326
243	336	243	335
246	352	243	352
246	353	243	353
246	354	243	354
246	355	243	355
246	356	243	356
243	383	243	383
244	385	243	386
244	23	244	25
244	75	244	74
244	103	244	103
244	131	244	132
244	182	244	181
246	203	244	205
245	209	244	208
244	238	244	238
244	249	244	249
244	260	244	259
244	279	244	279
245	292	244	290
244	306	244	307
244	335	244	334
244	349	244	349
246	387	244	388
246	28	245	26
245	54	245	54
245	76	245	75
245	103	245	102
245	116	245	115
245	132	245	132
245	147	245	146
245	227	245	228
245	239	245	239
245	250	245	250
245	260	245	259
245	279	245	279
246	307	245	308
245	325	245	327
246	350	245	348
245	371	245	372
245	383	245	382
247	388	245	389
246	24	246	25
246	75	246	74
246	103	246	103
246	116	246	115
246	132	246	132
246	147	246	146
247	181	246	180
247	204	246	206
246	249	246	249
246	259	246	259
246	279	246	279
247	291	246	290
246	326	246	327
247	334	246	333
246	371	246	372
246	382	246	381
247	28	247	26
247	75	247	74
247	102	247	103
250	174	247	174
250	175	247	175
250	176	247	176
250	177	247	177
247	209	247	207
247	239	247	240
247	250	247	250
247	260	247	259
249	278	247	277
248	279	247	280
248	290	247	289
247	308	247	309
247	349	247	348
247	381	247	380
248	27	248	26
247	54	248	54
248	74	248	73
248	103	248	103
248	115	248	114
248	132	248	132
249	133	248	133
248	146	248	145
250	173	248	171
248	181	248	180
249	206	248	206
248	228	248	228
248	239	248	240
248	249	248	249
248	259	248	259
249	280	248	281
248	309	248	309
248	326	248	328
249	333	248	332
248	348	248	347
248	372	248	372
248	381	248	380
249	390	248	391
250	25	249	25
249	75	249	74
249	103	249	103
249	115	249	114
251	133	249	134
249	145	249	144
251	170	249	169
249	180	249	180
249	209	249	207
249	228	249	227
250	230	249	231
249	259	249	259
250	281	249	282
249	290	249	288
249	327	249	328
249	348	249	347
249	372	249	372
249	380	249	380
249	392	249	392
250	54	250	53
250	56	250	57
250	74	250	73
250	103	250	103
251	131	250	129
252	134	250	135
251	145	250	144
250	207	250	206
251	228	250	226
251	231	250	232
250	240	250	240
250	249	250	249
250	259	250	259
251	282	250	283
251	289	250	287
250	309	250	310
251	328	250	329
250	332	250	331
253	343	250	343
250	347	250	347
250	372	250	372
250	380	250	380
250	391	250	392
251	25	251	25
251	53	251	52
251	74	251	73
251	103	251	103
251	114	251	114
253	135	251	136
252	145	251	143
251	180	251	181
254	197	251	197
253	198	251	198
251	208	251	206
253	233	251	234
251	240	251	240
251	259	251	259
252	288	251	286
251	310	251	310
251	332	251	332
254	337	251	337
254	338	251	338
254	339	251	339
253	340	251	340
251	372	251	372
251	380	251	379
251	392	251	392
252	53	252	52
252	57	252	58
252	73	252	73
252	114	252	113
254	136	252	137
253	181	252	182
254	196	252	194
254	200	252	200
254	201	252	201
254	202	252	202
255	203	252	203
252	226	252	225
254	234	252	235
252	240	252	240
252	249	252	249
252	259	252	259
252	283	252	284
252	309	252	310
252	331	252	331
252	347	252	348
252	372	252	372
252	380	252	380
252	391	252	391
253	25	253	25
253	52	253	51
253	74	253	73
253	103	253	103
253	114	253	113
255	137	253	138
253	144	253	142
254	182	253	183
254	194	253	193
255	204	253	206
253	225	253	224
255	235	253	236
256	237	253	237
253	240	253	239
253	250	253	250
253	259	253	259
253	284	253	284
253	310	253	310
253	328	253	328
254	332	253	332
254	349	253	348
255	351	253	353
253	371	253	371
253	379	253	379
253	392	253	392
254	26	254	26
254	52	254	51
254	58	254	59
254	73	254	73
254	104	254	104
254	113	254	113
255	143	254	142
255	193	254	192
254	207	254	207
255	239	254	240
254	249	254	249
254	259	254	259
253	286	254	285
254	309	254	309
254	329	254	328
254	333	254	333
254	347	254	347
256	352	254	354
254	372	254	372
254	380	254	379
254	391	254	391
255	25	255	25
255	51	255	50
256	59	255	60
255	73	255	73
255	114	255	113
256	143	255	141
258	188	255	188
258	189	255	189
258	190	255	190
256	192	255	191
255	224	255	223
255	250	255	249
255	310	255	309
255	328	255	327
256	332	255	333
255	347	255	346
257	353	255	355
255	371	255	371
255	379	255	379
255	392	255	392
256	50	256	50
256	104	256	104
256	113	256	113
256	138	256	140
256	207	256	208
256	223	256	222
256	239	256	241
256	249	256	248
256	260	256	260
255	284	256	284
256	309	256	309
256	328	256	327
257	333	256	334
256	347	256	346
256	371	256	371
256	379	256	378
256	391	256	391
259	23	257	23
257	25	257	25
257	50	257	50
257	60	257	61
257	73	257	73
257	105	257	105
257	114	257	113
257	139	257	140
257	184	257	184
257	223	257	223
257	249	257	248
257	260	257	260
257	310	257	309
257	327	257	326
258	346	257	345
258	354	257	356
257	371	257	371
257	379	257	379
258	1	258	2
259	22	258	21
258	25	258	25
258	49	258	50
258	61	258	61
258	73	258	73
259	105	258	105
258	113	258	112
258	142	258	141
259	184	258	184
258	208	258	209
258	222	258	222
258	241	258	240
259	242	258	243
258	248	258	248
258	260	258	260
258	284	258	283
258	309	258	309
258	327	258	326
259	335	258	335
259	371	258	372
258	378	258	378
258	391	258	391
259	50	259	50
259	61	259	61
259	73	259	73
259	113	259	112
259	140	259	140
258	186	259	185
259	221	259	222
259	241	259	240
260	243	259	244
259	248	259	247
259	260	259	260
259	309	259	308
259	326	259	325
260	335	259	336
259	345	259	344
259	355	259	356
259	379	259	378
260	2	260	3
260	21	260	20
260	25	260	26
260	61	260	61
260	73	260	73
260	141	260	141
260	185	260	184
261	210	260	210
260	222	260	222
260	240	260	239
261	244	260	245
260	247	260	247
260	283	260	282
260	309	260	308
260	326	260	325
261	336	260	337
260	344	260	343
260	378	260	377
260	391	260	391
261	19	261	19
261	26	261	26
261	50	261	51
261	61	261	61
261	73	261	73
262	106	261	107
262	112	261	111
261	141	261	140
261	185	261	185
261	222	261	222
261	247	261	246
261	260	261	261
262	282	261	281
261	309	261	309
263	310	261	310
263	311	261	311
263	312	261	312
263	313	261	313
263	314	261	314
263	315	261	315
261	325	261	324
262	343	261	342
261	371	261	371
262	2	262	3
262	26	262	26
262	61	262	61
262	73	262	73
262	141	262	140
262	184	262	185
262	210	262	211
262	222	262	222
263	239	262	238
262	247	262	247
262	261	262	261
262	309	262	308
264	316	262	317
262	325	262	325
263	337	262	338
262	377	262	376
262	391	262	391
263	3	263	3
263	18	263	18
263	51	263	52
263	73	263	73
264	107	263	108
264	111	263	110
263	141	263	140
263	185	263	185
263	210	263	211
263	221	263	222
264	238	263	237
263	282	263	280
264	308	263	307
265	317	263	318
263	324	263	324
263	342	263	341
263	371	263	370
264	376	263	376
263	392	263	392
264	2	264	2
264	26	264	27
264	51	264	52
264	61	264	62
264	73	264	73
265	108	264	109
264	140	264	139
264	185	264	185
264	211	264	211
264	222	264	222
265	237	264	236
265	248	264	248
264	261	264	261
264	281	264	280
265	307	264	306
265	324	264	324
264	370	264	369
265	392	264	393
265	17	265	17
265	27	265	27
265	62	265	62
265	111	265	110
265	140	265	140
265	185	265	185
265	211	265	211
265	222	265	222
267	234	265	235
265	262	265	262
265	341	265	340
265	370	265	369
265	376	265	376
266	393	265	394
266	16	266	16
266	52	266	53
266	61	266	62
266	73	266	73
267	109	266	109
266	140	266	139
266	185	266	185
266	211	266	211
266	222	266	222
266	236	266	236
267	249	266	249
266	261	266	261
266	280	266	279
266	306	266	305
267	324	266	324
266	340	266	340
266	369	266	369
266	377	266	377
267	16	267	16
267	27	267	27
268	53	267	54
267	62	267	62
267	110	267	110
267	139	267	138
267	185	267	185
267	211	267	211
267	222	267	222
269	235	267	237
267	262	267	262
267	280	267	279
267	305	267	304
267	340	267	339
267	369	267	369
267	377	267	377
268	15	268	15
268	28	268	28
269	54	268	55
268	62	268	62
268	73	268	73
268	110	268	109
269	138	268	138
268	185	268	185
269	210	268	209
269	211	268	212
268	221	268	222
270	236	268	238
268	248	268	249
268	262	268	262
268	280	268	279
268	324	268	324
268	339	268	339
268	369	268	369
269	28	269	28
269	73	269	73
269	110	269	110
270	185	269	185
270	209	269	208
270	212	269	213
269	222	269	222
269	249	269	249
269	262	269	262
269	280	269	279
269	304	269	303
269	325	269	325
269	339	269	339
269	377	269	376
270	15	270	15
270	27	270	28
270	55	270	56
270	62	270	63
270	73	270	73
270	110	270	109
270	139	270	138
271	208	270	207
271	213	270	214
270	221	270	221
270	263	270	263
270	279	270	279
270	303	270	302
270	324	270	324
270	339	270	338
271	370	270	370
270	376	270	375
271	15	271	15
271	28	271	28
271	56	271	56
271	62	271	63
271	73	271	73
271	110	271	109
271	138	271	138
271	186	271	185
272	207	271	206
271	222	271	222
271	249	271	249
271	262	271	262
271	280	271	279
273	301	271	300
271	303	271	303
271	325	271	325
271	339	271	339
271	376	271	375
272	14	272	14
272	27	272	28
272	63	272	63
272	73	272	73
272	110	272	109
272	137	272	137
272	149	272	148
272	186	272	186
272	221	272	221
272	263	272	263
272	279	272	279
274	299	272	298
273	304	272	305
272	324	272	324
272	338	272	338
273	371	272	371
272	375	272	375
273	15	273	15
273	28	273	28
273	56	273	57
273	63	273	63
273	74	273	74
273	110	273	109
273	138	273	137
273	150	273	150
273	249	273	249
273	263	273	263
273	280	273	280
275	298	273	296
273	325	273	325
273	339	273	339
273	375	273	374
274	14	274	14
274	28	274	28
274	56	274	57
274	63	274	63
274	73	274	73
274	111	274	110
274	137	274	136
274	186	274	186
274	221	274	221
274	249	274	249
274	263	274	263
274	280	274	279
276	297	274	295
275	305	274	306
274	324	274	325
274	338	274	338
274	374	274	373
275	15	275	15
275	63	275	63
275	74	275	74
275	110	275	109
275	137	275	137
275	151	275	153
275	187	275	187
275	220	275	220
275	280	275	280
276	306	275	307
275	325	275	325
275	339	275	339
274	371	275	371
276	14	276	14
276	28	276	28
276	57	276	58
276	63	276	62
276	73	276	73
276	109	276	109
276	136	276	136
276	152	276	153
277	187	276	188
276	220	276	220
276	249	276	250
276	263	276	263
276	338	276	338
276	372	276	371
277	15	277	15
277	63	277	62
277	74	277	74
277	109	277	108
277	136	277	136
277	220	277	220
277	250	277	250
277	264	277	264
277	280	277	280
277	325	277	326
277	339	277	338
277	371	277	370
278	14	278	14
278	28	278	28
278	58	278	59
278	62	278	61
278	73	278	73
278	108	278	108
278	136	278	136
278	153	278	153
278	188	278	189
278	219	278	219
278	249	278	250
278	264	278	264
278	281	278	281
278	325	278	326
278	338	278	338
278	371	278	370
279	29	279	29
280	59	279	60
279	62	279	61
279	74	279	74
279	108	279	107
279	136	279	136
279	154	279	154
280	189	279	190
279	219	279	219
279	250	279	250
279	264	279	264
279	282	279	281
279	326	279	326
279	339	279	338
279	370	279	370
280	13	280	14
280	28	280	29
280	73	280	73
280	107	280	107
280	136	280	136
280	153	280	154
280	219	280	219
280	249	280	250
280	264	280	264
280	281	280	281
280	326	280	326
280	338	280	338
280	370	280	369
281	14	281	14
281	29	281	29
281	60	281	61
281	74	281	74
281	137	281	136
281	154	281	154
282	191	281	191
281	219	281	219
281	250	281	250
281	265	281	265
281	282	281	282
281	326	281	326
281	339	281	338
281	370	281	370
282	14	282	14
282	28	282	28
282	73	282	74
282	107	282	107
282	218	282	218
282	250	282	250
282	264	282	265
282	282	282	282
282	326	282	326
282	338	282	337
282	370	282	369
283	29	283	28
283	61	283	61
283	74	283	74
283	108	283	107
283	137	283	137
283	154	283	154
283	191	283	192
283	218	283	218
283	250	283	250
283	265	283	265
283	282	283	282
283	326	283	325
283	338	283	338
283	370	283	370
284	14	284	14
284	28	284	27
284	74	284	74
284	107	284	107
284	137	284	137
284	155	284	154
284	192	284	192
284	218	284	218
284	250	284	250
284	265	284	264
284	283	284	283
284	325	284	325
284	338	284	337
284	369	284	369
285	14	285	13
285	61	285	62
285	74	285	73
285	108	285	107
285	137	285	137
285	154	285	154
285	193	285	193
285	218	285	218
285	250	285	250
286	264	285	263
286	282	285	282
285	325	285	325
286	336	285	335
285	370	285	369
286	13	286	12
286	27	286	26
286	61	286	62
286	74	286	73
286	107	286	107
286	137	286	137
286	154	286	154
286	218	286	218
286	250	286	250
287	263	286	262
286	266	286	267
286	283	286	283
286	324	286	325
286	369	286	369
287	12	287	12
287	26	287	26
287	73	287	72
287	108	287	107
287	137	287	137
289	138	287	138
289	139	287	139
289	140	287	140
289	141	287	141
289	142	287	142
289	143	287	143
289	144	287	144
289	145	287	145
287	154	287	154
287	193	287	193
287	217	287	217
289	252	287	252
289	253	287	253
289	254	287	254
287	262	287	261
288	267	287	268
287	284	287	283
286	321	287	320
287	335	287	334
287	369	287	368
288	12	288	11
288	26	288	25
288	62	288	63
288	73	288	72
288	108	288	107
288	137	288	136
290	146	288	147
288	155	288	154
288	194	288	194
288	217	288	217
288	250	288	250
289	255	288	256
288	261	288	260
288	283	288	283
287	322	288	321
288	324	288	324
288	334	288	333
288	368	288	368
289	11	289	11
289	26	289	25
289	73	289	72
289	108	289	107
290	147	289	148
289	154	289	154
289	194	289	194
289	217	289	217
290	256	289	257
290	260	289	259
289	268	289	269
289	284	289	284
289	324	289	324
290	333	289	332
289	369	289	368
290	11	290	11
290	25	290	25
291	64	290	64
290	72	290	71
290	108	290	108
291	136	290	135
291	148	290	149
290	194	290	194
290	217	290	217
290	250	290	249
291	259	290	258
290	284	290	284
290	323	290	323
290	368	290	368
291	11	291	11
291	25	291	25
291	72	291	71
291	108	291	107
292	134	291	134
291	194	291	194
291	257	291	257
291	269	291	269
291	284	291	284
291	323	291	323
291	332	291	331
291	367	291	367
292	10	292	10
292	25	292	24
293	65	292	65
292	71	292	70
292	108	292	108
293	133	292	132
292	135	292	135
292	149	292	150
292	194	292	194
292	217	292	217
292	250	292	250
292	258	292	257
292	270	292	270
292	284	292	284
292	323	292	323
292	331	292	331
293	10	293	10
293	25	293	24
293	71	293	70
294	133	293	131
294	135	293	136
293	194	293	194
293	250	293	250
294	251	293	251
294	252	293	252
294	253	293	253
295	254	293	254
295	255	293	255
293	257	293	256
293	284	293	284
293	323	293	323
293	331	293	330
293	367	293	367
294	10	294	10
294	24	294	24
294	66	294	65
295	67	294	67
295	68	294	68
295	69	294	69
294	108	294	108
295	136	294	137
294	150	294	151
294	194	294	194
294	217	294	218
294	250	294	249
294	270	294	270
294	285	294	285
294	367	294	366
295	9	295	9
295	24	295	24
295	65	295	64
295	70	295	70
296	130	295	129
296	137	295	138
295	218	295	218
295	269	295	269
295	285	295	285
295	323	295	324
295	330	295	329
295	367	295	366
296	24	296	24
296	64	296	64
296	71	296	71
296	108	296	108
297	129	296	128
296	151	296	152
296	194	296	193
296	217	296	218
297	248	296	248
296	249	296	249
296	270	296	269
296	329	296	328
296	366	296	366
297	9	297	9
297	24	297	24
297	63	297	63
297	71	297	71
297	109	297	108
298	128	297	127
297	193	297	193
297	218	297	218
297	254	297	253
297	269	297	269
297	286	297	286
298	328	297	327
299	365	297	365
297	366	297	366
298	8	298	8
298	24	298	24
298	63	298	63
298	72	298	72
298	108	298	108
299	127	298	126
298	152	298	153
298	193	298	193
298	218	298	218
298	247	298	248
298	255	298	254
298	270	298	269
298	286	298	286
297	324	298	324
300	364	298	363
299	9	299	8
299	62	299	62
299	109	299	108
299	153	299	153
299	193	299	192
299	246	299	248
299	255	299	254
299	269	299	268
299	287	299	286
299	325	299	325
300	366	299	367
300	8	300	8
300	23	300	23
300	61	300	61
300	73	300	73
300	108	300	108
300	152	300	152
300	193	300	192
300	218	300	219
300	269	300	269
300	324	300	324
301	367	300	368
301	8	301	8
301	74	301	74
301	109	301	108
301	153	301	153
301	192	301	192
301	218	301	219
301	247	301	247
301	287	301	287
301	325	301	325
302	326	301	326
302	8	302	7
302	23	302	23
302	59	302	60
302	74	302	74
302	109	302	108
302	152	302	153
302	191	302	191
302	218	302	219
302	247	302	247
302	269	302	268
302	287	302	286
303	289	302	290
303	327	302	327
302	368	302	369
303	8	303	8
303	24	303	24
303	61	303	60
303	75	303	75
303	109	303	109
303	153	303	153
303	192	303	191
303	219	303	219
303	248	303	248
303	269	303	268
304	287	303	286
303	323	303	323
304	7	304	7
304	23	304	24
304	61	304	60
304	109	304	109
304	152	304	152
304	191	304	190
304	234	304	234
304	249	304	249
304	268	304	267
305	285	304	285
304	290	304	291
304	328	304	328
304	369	304	370
305	7	305	7
305	24	305	24
304	58	305	59
305	61	305	61
305	76	305	76
305	109	305	109
305	153	305	152
306	190	305	189
306	192	305	193
305	219	305	219
305	251	305	250
305	268	305	268
306	269	305	269
306	270	305	270
306	271	305	271
306	272	305	272
306	284	305	283
306	291	305	292
305	322	305	322
305	329	305	329
306	370	305	371
306	6	306	7
306	57	306	58
306	62	306	62
306	77	306	77
306	109	306	109
306	152	306	152
307	189	306	188
307	194	306	195
306	220	306	220
305	247	306	247
306	252	306	251
307	267	306	266
307	273	306	273
308	283	306	281
307	292	306	293
306	329	306	329
307	371	306	372
307	7	307	7
307	24	307	24
307	63	307	62
307	76	307	76
307	110	307	110
307	152	307	152
308	196	307	196
307	219	307	219
307	246	307	246
307	253	307	252
305	256	307	257
309	259	307	258
309	260	307	260
308	261	307	261
308	262	307	262
308	263	307	263
308	264	307	264
307	321	307	321
307	330	307	330
308	372	307	373
309	8	308	8
309	9	308	9
310	10	308	10
309	24	308	25
308	56	308	57
308	77	308	77
308	110	308	109
308	188	308	187
309	197	308	197
308	220	308	220
308	254	308	253
306	255	308	256
308	265	308	265
309	294	308	294
308	320	308	321
309	331	308	331
308	6	309	6
310	11	309	12
310	75	309	75
309	77	309	76
309	110	309	110
309	187	309	186
310	199	309	200
309	219	309	219
309	245	309	245
309	255	309	255
309	266	309	265
310	294	309	295
309	372	309	374
310	6	310	5
311	13	310	14
310	24	310	25
310	56	310	56
310	74	310	73
311	77	310	77
310	110	310	110
310	186	310	185
312	201	310	202
310	220	310	220
310	245	310	245
310	320	310	320
310	332	310	332
311	374	310	374
311	6	311	5
312	14	311	15
311	56	311	56
311	73	311	72
312	77	311	78
311	110	311	110
311	148	311	148
311	185	311	184
311	219	311	219
311	244	311	244
311	255	311	254
311	265	311	264
311	276	311	276
311	295	311	296
311	320	311	320
312	5	312	4
312	25	312	25
312	56	312	56
312	71	312	71
313	78	312	79
312	111	312	111
312	148	312	147
312	184	312	183
312	220	312	220
312	245	312	244
312	254	312	254
313	264	312	263
312	277	312	276
312	320	312	320
312	333	312	333
312	374	312	375
313	4	313	3
313	57	313	56
313	70	313	70
313	111	313	110
313	183	313	183
314	203	313	204
313	219	313	219
313	245	313	245
314	246	313	246
314	247	313	247
314	248	313	248
313	250	313	250
313	251	313	251
313	252	313	252
313	253	313	253
313	277	313	277
313	296	313	297
313	321	313	320
313	374	313	375
314	3	314	2
314	25	314	26
314	69	314	69
315	80	314	80
314	111	314	111
314	147	314	147
314	183	314	182
314	220	314	220
315	245	314	244
314	254	314	254
314	263	314	262
316	276	314	274
315	279	314	279
314	297	314	297
314	320	314	320
314	333	314	334
315	3	315	2
315	57	315	57
315	68	315	68
316	80	315	81
315	111	315	111
316	205	315	205
315	219	315	219
315	255	315	254
316	275	315	273
316	280	315	280
315	321	315	321
315	334	315	334
315	375	315	375
316	2	316	1
316	25	316	25
316	67	316	67
316	112	316	111
316	182	316	181
316	220	316	220
316	244	316	243
316	255	316	255
316	262	316	261
317	273	316	272
317	281	316	281
316	297	316	297
316	320	316	321
316	374	316	375
317	26	317	26
317	57	317	57
317	67	317	67
317	81	317	82
317	111	317	111
317	219	317	219
317	243	317	243
317	256	317	255
318	261	317	260
318	272	317	271
318	282	317	282
317	298	317	298
317	321	317	321
317	335	317	335
317	375	317	375
318	25	318	25
318	67	318	66
318	82	318	82
318	112	318	111
318	181	318	180
318	243	318	242
318	256	318	256
320	268	318	268
318	297	318	297
318	321	318	321
318	334	318	335
319	57	319	57
319	66	319	66
319	82	319	82
319	111	319	111
319	180	319	180
319	219	319	219
319	243	319	242
319	256	319	256
319	260	319	259
319	282	319	283
319	298	319	298
319	322	319	322
319	375	319	374
320	25	320	25
320	58	320	58
320	66	320	66
320	82	320	82
320	112	320	112
322	178	320	178
320	180	320	179
320	218	320	218
320	242	320	241
320	257	320	257
321	259	320	258
320	283	320	283
320	297	320	298
320	335	320	335
320	374	320	373
320	394	320	394
321	57	321	57
321	66	321	66
321	82	321	81
322	83	321	83
321	112	321	111
322	177	321	176
321	219	321	219
321	242	321	241
321	258	321	257
321	283	321	283
321	298	321	298
321	322	321	322
322	373	321	372
321	374	321	374
321	394	321	394
322	25	322	24
322	66	322	66
323	84	322	85
322	112	322	112
323	176	322	175
323	182	322	182
322	218	322	218
322	241	322	240
322	257	322	257
322	284	322	284
322	297	322	298
322	323	322	323
322	335	322	336
322	372	322	371
322	394	322	394
323	24	323	24
323	57	323	57
323	66	323	66
323	81	323	80
323	112	323	112
323	174	323	174
324	182	323	183
323	241	323	240
323	257	323	257
323	284	323	283
323	298	323	298
323	322	323	323
323	335	323	336
324	369	323	369
323	370	323	370
323	394	323	394
324	23	324	23
324	65	324	66
324	80	324	79
324	112	324	111
325	174	324	173
325	183	324	184
324	218	324	218
324	240	324	239
325	241	324	241
324	257	324	257
324	284	324	284
324	298	324	298
324	323	324	323
325	336	324	336
324	394	324	394
325	23	325	23
325	57	325	57
325	66	325	66
326	79	325	78
325	112	325	111
326	173	325	172
325	217	325	217
325	239	325	238
325	257	325	257
325	284	325	284
325	394	325	394
326	22	326	22
326	65	326	65
326	78	326	77
326	111	326	111
327	171	326	170
326	184	326	185
326	218	326	218
326	238	326	237
327	242	326	242
326	257	326	257
326	284	326	284
326	298	326	298
326	323	326	323
326	336	326	336
326	394	326	394
327	23	327	23
327	57	327	57
327	66	327	66
327	77	327	77
327	111	327	111
328	185	327	186
327	217	327	217
327	237	327	237
327	257	327	257
327	284	327	284
327	337	327	337
327	394	327	394
328	22	328	21
329	23	328	24
328	56	328	56
328	65	328	65
328	76	328	76
328	111	328	111
329	168	328	167
328	170	328	169
328	218	328	218
328	236	328	236
329	243	328	243
328	257	328	257
328	284	328	283
328	298	328	298
328	323	328	323
328	394	328	394
329	21	329	20
329	75	329	74
329	111	329	111
330	170	329	170
329	186	329	187
329	217	329	217
329	235	329	235
329	257	329	257
329	284	329	284
329	299	329	298
329	337	329	337
329	394	329	394
330	20	330	19
331	25	330	26
330	56	330	56
330	65	330	65
330	75	330	74
330	111	330	110
330	167	330	166
331	171	330	171
330	187	330	187
330	218	330	218
330	235	330	235
330	243	330	244
330	257	330	257
330	284	330	283
330	298	330	298
330	323	330	323
330	338	330	338
330	393	330	393
331	19	331	19
331	56	331	56
331	74	331	73
331	111	331	110
332	166	331	165
331	217	331	217
331	234	331	234
331	244	331	244
331	257	331	257
331	284	331	283
331	299	331	298
331	337	331	337
331	394	331	394
332	18	332	18
333	27	332	27
332	65	332	66
332	73	332	72
332	110	332	110
333	165	332	164
332	188	332	188
332	218	332	218
332	235	332	235
332	244	332	244
332	257	332	257
332	283	332	283
332	298	332	297
332	323	332	323
332	338	332	338
332	393	332	393
333	17	333	17
334	28	333	28
332	55	333	55
333	72	333	71
333	110	333	110
333	217	333	217
333	235	333	235
333	244	333	244
333	257	333	257
333	284	333	283
333	298	333	298
333	337	333	338
333	394	333	394
334	17	334	16
334	29	334	29
334	55	334	55
334	66	334	67
334	71	334	70
334	110	334	110
334	164	334	163
333	187	334	187
334	218	334	218
334	236	334	235
334	244	334	244
334	257	334	257
334	283	334	282
334	297	334	297
334	323	334	323
334	338	334	338
334	393	334	393
335	16	335	16
335	54	335	54
335	70	335	69
335	110	335	110
335	163	335	163
335	187	335	187
335	218	335	217
335	235	335	235
335	283	335	282
335	298	335	298
335	394	335	393
336	16	336	15
336	55	336	55
336	67	336	68
336	110	336	110
336	164	336	163
336	187	336	187
336	218	336	218
336	236	336	235
336	244	336	244
336	257	336	257
336	298	336	297
337	299	336	299
336	323	336	323
336	338	336	338
336	393	336	393
337	54	337	54
337	68	337	68
337	110	337	110
337	163	337	163
337	187	337	187
337	218	337	217
336	234	337	234
337	243	337	243
337	258	337	258
338	296	337	295
337	323	337	323
337	393	337	393
338	15	338	15
338	68	338	68
338	111	338	111
338	163	338	163
338	187	338	187
338	218	338	217
338	244	338	244
338	295	338	294
338	323	338	323
338	338	338	338
338	392	338	392
339	15	339	14
339	54	339	53
339	68	339	68
339	110	339	110
339	163	339	163
339	187	339	186
339	217	339	217
339	243	339	243
339	259	339	258
339	294	339	293
339	323	339	323
339	393	339	393
340	15	340	15
340	53	340	53
340	111	340	111
340	164	340	164
340	186	340	186
340	218	340	217
340	242	340	243
340	259	340	259
340	338	340	338
340	392	340	392
341	14	341	14
341	53	341	53
341	69	341	69
341	111	341	111
341	126	341	126
341	163	341	163
341	186	341	186
341	217	341	217
341	243	341	243
340	322	341	322
341	393	341	393
342	15	342	15
342	53	342	52
342	69	342	69
342	110	342	110
342	164	342	164
342	186	342	185
342	217	342	217
342	242	342	243
342	260	342	260
342	322	342	322
342	338	342	338
342	392	342	392
343	14	343	14
343	52	343	52
343	69	343	69
343	111	343	111
343	186	343	186
343	217	343	217
343	243	343	243
343	261	343	260
343	322	343	322
343	392	343	392
344	15	344	15
344	52	344	52
344	70	344	69
344	111	344	111
343	163	344	163
344	185	344	185
344	217	344	217
344	242	344	242
344	269	344	270
344	322	344	322
344	338	344	338
344	392	344	392
345	15	345	15
345	52	345	52
345	70	345	69
345	164	345	164
345	217	345	217
345	243	345	243
345	261	345	260
345	270	345	270
345	321	345	321
345	338	345	338
345	392	345	392
346	15	346	15
346	51	346	52
346	70	346	70
346	112	346	112
346	165	346	164
346	185	346	185
346	217	346	217
346	242	346	242
346	392	346	392
347	15	347	15
347	52	347	52
347	70	347	69
347	111	347	111
347	113	347	113
347	164	347	164
347	185	347	185
347	217	347	217
347	243	347	243
347	260	347	259
347	321	347	321
347	338	347	338
347	392	347	392
349	15	348	16
348	51	348	51
348	69	348	69
348	110	348	110
349	114	348	114
348	164	348	164
348	185	348	185
348	217	348	217
348	242	348	242
348	259	348	259
348	391	348	392
349	52	349	52
349	69	349	69
349	109	349	109
350	115	349	115
349	165	349	165
349	185	349	185
349	217	349	217
349	243	349	243
350	259	349	258
349	321	349	321
349	392	349	392
350	16	350	16
350	51	350	51
350	70	350	69
350	109	350	109
351	115	350	116
350	164	350	164
350	185	350	184
350	217	350	217
350	242	350	242
350	321	350	321
350	338	350	338
350	391	350	391
351	52	351	51
351	70	351	69
351	108	351	108
351	185	351	185
351	217	351	217
351	243	351	243
351	258	351	257
351	321	351	321
351	338	351	338
351	392	351	392
352	16	352	17
352	70	352	69
352	108	352	108
352	116	352	117
352	165	352	163
352	184	352	185
352	217	352	217
352	242	352	242
352	257	352	256
352	321	352	321
352	339	352	338
352	391	352	391
353	17	353	17
353	52	353	51
353	70	353	70
353	108	353	107
354	117	353	118
353	185	353	185
353	217	353	217
353	243	353	243
353	321	353	321
353	339	353	339
353	391	353	391
354	51	354	51
354	70	354	69
354	107	354	107
354	184	354	185
354	217	354	217
354	243	354	242
354	256	354	255
354	321	354	320
354	339	354	339
354	390	354	390
355	17	355	18
355	52	355	52
355	70	355	70
355	106	355	106
355	118	355	118
355	184	355	185
355	218	355	218
355	243	355	243
355	255	355	254
355	321	355	320
356	338	355	338
355	340	355	340
356	341	355	341
355	391	355	391
356	18	356	18
356	51	356	51
357	69	356	69
356	217	356	217
356	243	356	242
357	254	356	253
356	320	356	320
357	321	356	321
357	337	356	336
357	342	356	342
356	390	356	390
357	52	357	52
357	119	357	119
357	186	357	186
357	218	357	218
357	243	357	243
358	251	357	251
358	252	357	252
357	336	357	335
358	343	357	343
357	390	357	390
358	18	358	19
358	51	358	51
358	70	358	70
358	118	358	119
358	184	358	184
357	188	358	187
358	218	358	218
358	242	358	242
359	249	358	249
358	253	358	253
358	320	358	320
358	335	358	334
359	344	358	344
350	379	358	381
360	382	358	382
359	384	358	383
359	386	358	386
359	387	358	387
359	388	358	388
358	389	358	389
359	18	359	19
359	52	359	52
359	119	359	119
359	184	359	183
359	218	359	218
359	242	359	241
360	248	359	247
359	254	359	254
359	320	359	319
360	333	359	333
360	345	359	345
360	18	360	19
360	51	360	51
355	64	360	64
356	65	360	65
357	66	360	66
360	70	360	69
360	218	360	218
361	241	360	241
360	247	360	246
360	320	360	320
360	389	360	390
361	19	361	19
361	52	361	52
361	70	361	70
361	119	361	119
361	218	361	218
361	246	361	245
361	255	361	255
361	319	361	319
361	321	361	321
362	322	361	322
362	18	362	18
362	52	362	52
362	70	362	70
362	218	362	218
362	245	362	244
362	256	362	256
362	318	362	318
362	390	362	390
363	19	363	19
363	51	363	52
363	119	363	119
363	218	363	218
362	240	363	240
363	255	363	255
363	257	363	257
363	317	363	317
363	323	363	323
363	391	363	391
364	18	364	19
364	52	364	52
364	70	364	70
364	119	364	119
364	218	364	218
364	240	364	240
364	254	364	254
364	258	364	258
364	317	364	317
364	323	364	323
364	390	364	390
365	19	365	19
365	118	365	119
365	218	365	217
365	241	365	240
364	245	365	244
365	259	365	259
365	260	365	260
366	261	365	261
365	316	365	316
365	324	365	324
365	391	365	391
366	18	366	19
366	51	366	52
366	70	366	70
366	217	366	217
366	242	366	243
366	316	366	316
366	325	366	324
366	390	366	390
367	19	367	19
368	52	367	53
367	71	367	71
366	117	367	118
367	217	367	217
367	242	367	241
367	245	367	243
367	316	367	316
367	324	367	324
367	391	367	391
368	71	368	70
368	117	368	117
368	217	368	216
368	243	368	243
373	267	368	264
368	316	368	315
368	325	368	325
368	390	368	390
369	18	369	18
369	53	369	54
369	71	369	71
369	217	369	217
369	243	369	242
369	316	369	316
369	325	369	324
369	391	369	391
370	18	370	18
370	53	370	54
370	71	370	70
369	116	370	116
370	216	370	216
370	225	370	224
370	243	370	242
370	315	370	315
370	326	370	325
370	391	370	390
371	54	371	54
371	71	371	71
371	115	371	115
371	216	371	215
372	225	371	224
371	243	371	242
371	316	371	316
371	325	371	325
371	391	371	391
372	18	372	18
372	71	372	71
372	115	372	115
372	216	372	215
373	224	372	223
372	315	372	315
372	326	372	325
372	391	372	390
373	17	373	18
374	54	373	54
373	71	373	71
373	215	373	215
373	244	373	243
373	326	373	325
373	391	373	391
374	18	374	18
374	53	374	52
374	56	374	55
374	71	374	71
374	114	374	114
374	128	374	127
374	214	374	214
374	245	374	244
373	252	374	250
374	315	374	315
374	326	374	326
374	391	374	390
375	18	375	18
375	52	375	51
375	57	375	56
375	72	375	72
375	114	375	114
375	128	375	128
375	214	375	213
375	326	375	326
375	390	375	390
376	17	376	18
376	50	376	50
376	58	376	57
376	71	376	71
376	129	376	129
376	213	376	213
375	222	376	222
376	245	376	245
376	315	376	315
376	327	376	327
377	17	377	18
377	49	377	49
377	59	377	58
377	72	377	72
377	114	377	113
377	128	377	128
377	130	377	130
378	131	377	131
377	213	377	212
377	222	377	221
377	245	377	244
377	328	377	328
376	389	377	389
378	17	378	18
378	49	378	48
378	59	378	58
378	71	378	71
378	127	378	127
378	132	378	132
379	133	378	133
378	212	378	212
378	221	378	221
378	245	378	245
378	315	378	315
379	48	379	48
379	60	379	59
379	72	379	72
379	114	379	113
379	126	379	126
380	134	379	134
379	212	379	211
379	221	379	220
379	244	379	244
379	260	379	260
379	329	379	329
379	17	380	17
380	47	380	47
380	59	380	59
380	113	380	113
379	125	380	125
381	135	380	135
380	212	380	211
380	221	380	221
379	243	380	243
380	245	380	245
379	258	380	258
379	259	380	259
380	315	380	315
380	330	380	329
382	16	381	16
381	46	381	47
381	72	381	72
381	114	381	113
381	136	381	136
381	220	381	220
381	241	381	242
380	257	381	257
381	316	381	315
381	330	381	330
382	47	382	47
382	59	382	60
382	72	382	72
382	113	382	113
382	211	382	210
382	220	382	220
382	246	382	246
381	256	382	256
382	315	382	315
382	331	382	331
383	16	383	16
382	46	383	46
383	60	383	60
383	73	383	73
383	114	383	113
383	211	383	210
383	220	383	219
383	246	383	246
383	255	383	255
383	316	383	316
384	330	383	330
384	60	384	60
384	72	384	72
384	113	384	113
384	211	384	210
384	219	384	218
384	220	384	220
384	255	384	255
384	316	384	315
386	16	385	16
385	60	385	60
385	73	385	73
385	114	385	113
385	211	385	210
385	218	385	217
385	221	385	221
385	246	385	247
385	254	385	255
385	316	385	316
386	72	386	72
386	113	386	113
386	210	386	209
386	253	386	255
386	317	386	316
387	17	387	17
387	60	387	60
387	73	387	73
387	113	387	112
387	210	387	209
387	245	387	246
387	317	387	316
387	16	388	16
388	18	388	18
388	72	388	72
388	113	388	113
388	210	388	209
388	246	388	246
388	254	388	255
388	318	388	318
388	15	389	15
389	60	389	60
389	73	389	73
389	112	389	112
389	211	389	209
389	245	389	246
390	255	389	256
389	316	389	316
389	14	390	14
390	72	390	72
390	113	390	113
390	210	390	209
390	317	390	316
391	60	391	60
391	73	391	73
391	113	391	112
391	210	391	209
391	247	391	246
392	256	391	256
392	72	392	72
392	112	392	112
392	210	392	210
392	273	392	274
393	73	393	73
393	113	393	113
393	209	393	209
393	247	393	246
393	256	393	257
394	274	393	274
394	60	394	60
394	72	394	72
394	113	394	113
394	210	394	209
394	246	394	246
394	256	394	257
395	274	394	275
396	62	395	61
395	73	395	73
395	113	395	112
395	211	395	210
396	61	396	60
396	72	396	72
396	110	396	110
397	111	396	111
396	112	396	112
396	207	396	207
396	212	396	211
396	246	396	246
396	257	396	257
397	60	397	60
397	73	397	73
396	105	397	106
395	107	397	107
396	108	397	108
396	109	397	109
397	114	397	113
397	206	397	206
397	212	397	211
397	244	397	244
397	245	397	245
398	72	398	72
398	105	398	105
398	110	398	109
398	115	398	114
399	121	398	121
398	206	398	205
398	212	398	212
398	243	398	243
399	257	398	257
399	64	399	63
399	73	399	73
399	104	399	105
399	109	399	109
399	116	399	116
399	117	399	117
399	118	399	118
399	119	399	119
399	122	399	122
400	123	399	123
399	213	399	213
400	58	400	59
400	65	400	64
400	105	400	105
399	108	400	108
400	116	400	115
401	124	400	124
400	205	400	205
400	213	400	213
401	65	401	65
400	72	401	72
401	106	401	106
400	107	401	107
401	116	401	115
402	125	401	126
401	205	401	204
401	214	401	214
401	257	401	257
401	58	402	58
401	67	402	66
401	71	402	71
402	106	402	106
402	116	402	115
403	129	402	129
404	130	402	130
402	215	402	215
402	68	403	68
402	69	403	69
403	70	403	70
403	73	403	72
403	106	403	106
403	115	403	115
403	128	403	127
404	132	403	132
403	215	403	214
403	256	403	257
404	57	404	57
404	70	404	70
404	74	404	73
404	106	404	106
404	127	404	126
405	133	404	133
404	215	404	215
404	256	404	257
405	57	405	56
405	64	405	64
406	65	405	65
405	69	405	70
405	74	405	74
405	106	405	106
405	115	405	114
405	126	405	126
406	134	405	135
405	215	405	215
406	57	406	56
406	69	406	70
406	75	406	74
406	105	406	105
406	114	406	114
406	126	406	126
406	215	406	215
407	57	407	56
407	66	407	66
407	76	407	75
407	111	407	111
407	112	407	112
407	113	407	113
408	126	407	127
407	216	407	216
407	256	407	256
408	68	408	67
408	75	408	75
408	104	408	103
408	109	408	109
408	114	408	114
408	136	408	137
408	215	408	216
409	57	409	56
409	67	409	67
410	70	409	69
409	76	409	76
409	108	409	108
410	137	409	138
408	197	409	196
409	216	409	216
410	55	410	55
410	58	410	58
410	68	410	68
410	75	410	76
410	103	410	103
410	107	410	107
410	115	410	114
410	215	410	215
411	54	411	54
411	59	411	59
411	76	411	76
411	107	411	106
411	115	411	115
411	137	411	139
411	215	411	215
412	53	412	53
412	106	412	105
412	116	412	116
413	117	412	117
412	215	412	215
413	53	413	52
413	68	413	70
413	76	413	76
414	103	413	102
413	105	413	104
414	106	413	106
413	115	413	115
414	118	413	119
413	214	413	215
414	52	414	51
414	102	414	101
415	107	414	107
415	112	414	112
414	113	414	113
414	114	414	114
415	119	414	120
415	139	414	140
414	215	414	215
415	51	415	51
415	76	415	77
415	100	415	99
416	107	415	108
416	111	415	110
415	114	415	114
415	121	415	121
416	141	415	141
415	214	415	214
416	50	416	50
416	75	416	77
416	99	416	98
416	114	416	114
417	121	416	122
416	213	416	213
417	50	417	49
418	70	417	70
417	76	417	77
417	110	417	109
417	114	417	114
417	142	417	142
417	214	417	213
418	50	418	50
419	70	418	71
418	75	418	77
418	108	418	108
418	115	418	114
418	143	418	144
418	213	418	213
419	49	419	49
419	72	419	72
419	110	419	109
420	113	419	113
420	71	420	71
420	75	420	77
420	109	420	109
419	212	420	212
421	49	421	49
421	75	421	77
421	110	421	109
422	49	422	48
423	49	423	49
423	110	423	110
424	48	424	48
422	74	424	74
424	75	424	75
425	76	424	76
425	112	424	112
425	48	425	48
425	115	425	113
426	76	426	77
426	109	426	109
427	76	427	77
427	110	427	109
426	111	427	111
429	76	429	76
430	77	430	77
431	77	431	77
432	76	432	77
433	77	433	77
434	47	434	46
434	77	434	77
435	46	435	45
435	76	435	76
435	77	435	77
437	46	436	47
436	74	436	74
436	75	436	75
436	78	436	78
437	73	437	73
437	79	437	79
438	72	438	72
438	79	438	79
439	45	439	44
439	71	439	71
439	80	439	80
440	34	440	33
440	45	440	45
440	71	440	71
440	81	440	81
441	70	441	70
441	44	442	44
442	70	442	69
442	81	442	81
443	69	443	69
443	82	443	82
444	82	444	81
445	69	445	68
446	82	445	82
447	69	447	68
447	83	447	82
448	69	448	69
448	87	448	87
449	69	449	69
449	83	449	83
448	84	449	84
448	85	449	85
448	86	449	86
449	88	449	88
450	69	450	69
451	82	450	82
451	69	451	69
451	68	452	68
452	70	452	70
452	71	452	71
453	82	452	82
453	67	453	67
453	72	453	72
454	66	454	66
455	66	455	65
455	82	455	82
456	65	456	65
456	73	456	72
457	72	457	72
457	83	457	83
457	93	457	94
458	62	458	61
457	63	458	63
457	64	458	64
458	73	458	73
458	82	458	83
459	58	459	58
459	60	459	60
459	65	459	64
459	73	459	72
459	83	459	83
460	96	459	96
460	57	460	57
460	59	460	59
460	66	460	65
460	82	460	83
461	97	460	97
461	66	461	65
461	83	461	83
462	98	461	98
462	66	462	65
462	83	462	83
463	98	462	99
463	65	463	64
464	64	464	64
464	83	464	83
465	65	465	65
465	84	465	84
466	65	466	64
467	85	466	85
467	62	467	64
467	86	467	86
468	87	467	87
467	66	468	65
468	84	468	85
469	88	468	88
470	89	469	89
469	83	470	84
470	90	470	90
471	83	471	83
473	82	473	83
