0	10	0	10
0	16	0	16
0	689	0	689
0	692	0	689
0	703	1	703
0	711	0	711
0	716	0	711
1	9	0	9
1	11	0	11
1	14	0	12
1	693	0	695
1	703	1	703
1	706	1	706
1	709	1	709
1	710	0	710
1	712	0	711
1	716	4	719
2	4	0	4
2	12	0	12
2	16	2	17
2	17	2	17
2	18	2	18
2	19	2	19
2	20	2	20
2	21	2	21
2	22	1	22
2	23	1	23
2	24	2	24
2	693	0	695
2	707	2	707
2	708	2	708
2	713	0	711
2	717	4	719
3	26	3	26
3	717	4	719
3	718	4	719
3	719	4	719
3	720	4	719
4	25	4	26
4	28	4	27
4	717	5	718
5	18	5	18
5	24	5	24
5	29	5	28
5	69	6	69
5	85	6	85
5	86	6	86
5	87	6	86
5	88	6	86
5	89	7	87
5	90	7	87
5	716	5	718
6	1	4	0
6	2	4	0
6	19	6	19
6	20	6	20
6	21	6	21
6	22	6	22
6	23	6	23
6	29	6	29
6	68	6	68
6	70	6	70
6	84	6	84
6	91	8	88
6	97	7	97
6	98	7	98
6	99	7	99
6	100	7	100
6	148	12	148
6	149	12	149
6	150	12	150
6	151	12	151
6	152	12	152
6	153	12	153
6	154	12	154
6	155	12	154
6	156	12	154
6	221	7	221
6	222	7	222
6	223	6	224
6	224	6	224
6	225	6	225
6	226	6	226
6	227	6	227
6	228	6	228
6	229	6	229
6	230	6	230
6	231	6	231
6	232	6	232
6	233	6	233
6	234	6	234
6	235	6	235
6	236	6	236
6	237	6	237
6	238	6	238
6	239	6	239
6	240	6	240
6	241	6	241
6	242	6	242
6	243	6	243
6	244	6	244
6	245	6	245
6	613	6	614
6	614	6	614
6	615	6	615
6	616	6	616
6	617	6	617
6	618	6	618
6	619	6	619
6	623	6	622
6	674	8	669
6	675	8	669
6	676	11	671
6	677	6	684
6	678	6	684
6	679	6	684
6	680	6	684
6	681	6	684
6	682	6	684
6	695	2	697
6	696	2	697
6	713	5	718
6	715	5	718
7	22	7	22
7	30	7	30
7	37	7	37
7	38	7	38
7	39	7	39
7	40	7	40
7	41	7	41
7	42	7	42
7	43	7	43
7	44	7	44
7	45	6	45
7	46	6	46
7	47	7	47
7	48	7	48
7	49	7	49
7	50	6	50
7	51	6	51
7	52	6	52
7	53	6	53
7	54	7	54
7	55	7	54
7	56	8	55
7	57	8	55
7	58	6	61
7	59	6	61
7	60	6	61
7	68	6	68
7	69	6	69
7	70	6	70
7	82	6	82
7	83	6	83
7	92	9	89
7	94	8	96
7	95	8	96
7	96	7	97
7	101	7	100
7	102	7	100
7	147	12	147
7	210	7	210
7	211	7	211
7	212	7	212
7	213	7	213
7	214	7	214
7	215	7	215
7	216	7	216
7	217	7	217
7	218	7	218
7	219	7	219
7	220	7	220
7	246	6	246
7	247	6	247
7	248	6	248
7	249	7	249
7	250	7	250
7	251	7	251
7	358	7	358
7	359	7	359
7	360	7	360
7	361	7	361
7	362	6	362
7	363	6	363
7	364	6	364
7	365	6	365
7	366	7	366
7	367	7	367
7	368	6	368
7	369	6	369
7	370	6	370
7	371	6	371
7	372	7	372
7	373	7	373
7	374	7	374
7	375	7	375
7	376	7	376
7	377	7	377
7	378	7	378
7	379	7	379
7	380	7	380
7	381	7	381
7	382	7	382
7	383	7	383
7	384	7	384
7	385	7	385
7	386	7	386
7	501	9	504
7	502	9	504
7	503	8	505
7	504	8	505
7	505	7	506
7	506	7	506
7	528	8	534
7	529	8	534
7	564	9	566
7	565	8	567
7	566	8	567
7	567	7	568
7	568	7	568
7	569	7	569
7	611	7	612
7	612	7	612
7	620	6	620
7	622	6	622
7	624	7	623
7	661	8	660
7	662	8	660
7	673	8	669
7	683	7	684
7	714	5	718
8	22	8	22
8	31	8	31
8	36	8	36
8	61	7	62
8	62	7	62
8	63	7	63
8	64	8	64
8	65	7	65
8	66	7	66
8	67	7	66
8	71	6	71
8	72	6	72
8	73	6	73
8	74	6	74
8	75	6	75
8	76	6	76
8	77	6	77
8	78	6	78
8	79	6	79
8	80	6	80
8	81	6	81
8	83	6	83
8	92	10	90
8	93	9	95
8	103	6	105
8	146	12	146
8	187	10	185
8	208	8	208
8	209	7	209
8	252	7	252
8	253	7	253
8	351	7	351
8	352	7	352
8	353	7	353
8	354	7	354
8	355	7	355
8	356	7	356
8	357	7	357
8	387	7	387
8	388	7	388
8	389	8	389
8	390	8	390
8	391	8	391
8	392	8	392
8	457	15	449
8	458	19	460
8	459	15	467
8	460	15	467
8	461	14	468
8	462	14	468
8	463	13	469
8	464	13	469
8	465	12	470
8	466	12	470
8	467	11	471
8	468	11	471
8	469	10	472
8	470	10	472
8	471	9	473
8	472	9	473
8	473	9	473
8	474	9	474
8	475	9	475
8	476	9	476
8	477	9	477
8	478	9	478
8	479	9	479
8	500	10	503
8	507	7	507
8	526	8	534
8	527	8	534
8	533	8	534
8	534	8	534
8	535	8	535
8	536	8	536
8	537	8	537
8	538	8	538
8	539	8	539
8	540	8	540
8	541	8	541
8	542	8	542
8	543	8	543
8	544	8	544
8	545	8	545
8	563	10	565
8	570	7	570
8	591	8	591
8	592	8	592
8	593	8	593
8	594	8	594
8	595	8	595
8	596	8	596
8	597	8	597
8	598	8	598
8	599	8	599
8	600	8	600
8	601	8	600
8	610	8	611
8	621	6	621
8	622	7	623
8	623	7	623
8	648	8	648
8	649	8	649
8	650	8	650
8	651	8	651
8	652	8	652
8	653	8	653
8	654	8	654
8	655	8	655
8	656	8	656
8	657	8	657
8	658	8	658
8	659	8	659
8	660	8	660
8	667	8	669
8	668	8	669
8	669	8	669
8	670	8	669
8	671	8	669
8	672	10	670
8	684	7	684
8	702	9	702
8	703	8	704
8	704	8	704
8	708	8	707
8	709	8	707
8	710	8	707
9	22	9	22
9	32	9	32
9	34	9	34
9	35	8	35
9	84	6	84
9	92	11	92
9	104	6	105
9	145	12	145
9	186	10	185
9	188	11	186
9	207	8	207
9	254	7	254
9	350	8	350
9	393	8	393
9	456	15	449
9	463	14	468
9	468	11	471
9	473	9	473
9	480	9	480
9	499	11	502
9	508	7	508
9	525	15	519
9	532	8	534
9	546	8	546
9	547	8	547
9	548	8	548
9	562	11	564
9	571	7	571
9	585	9	586
9	586	9	586
9	587	9	587
9	588	9	588
9	589	9	589
9	590	9	590
9	602	9	602
9	609	9	610
9	623	8	624
9	632	9	632
9	633	9	633
9	634	9	634
9	635	9	635
9	636	9	636
9	637	9	637
9	638	9	638
9	639	9	639
9	640	9	640
9	641	9	641
9	642	9	642
9	643	9	643
9	644	9	644
9	645	9	645
9	646	9	646
9	647	8	647
9	672	10	670
9	685	8	685
9	701	9	702
10	8	10	10
10	15	8	15
10	23	10	22
10	32	10	32
10	33	9	33
10	85	7	87
10	91	10	90
10	105	6	105
10	125	15	119
10	144	12	144
10	163	15	157
10	164	15	169
10	165	14	170
10	166	14	170
10	167	13	171
10	168	13	171
10	169	12	172
10	170	12	172
10	171	11	173
10	172	11	173
10	173	10	174
10	187	11	186
10	206	8	206
10	255	7	255
10	349	8	349
10	393	10	394
10	455	15	449
10	463	14	468
10	468	12	470
10	473	9	473
10	481	9	481
10	498	12	501
10	509	7	509
10	524	15	519
10	532	8	534
10	549	8	549
10	561	12	563
10	572	8	573
10	584	10	585
10	603	9	603
10	604	10	604
10	605	10	604
10	607	11	608
10	608	10	609
10	623	8	624
10	626	10	626
10	627	10	626
10	628	10	628
10	629	10	629
10	630	10	630
10	631	10	631
10	673	11	671
10	674	12	672
10	675	13	674
10	676	13	674
10	677	14	677
10	678	14	677
10	685	10	686
10	699	10	701
10	700	10	701
10	705	9	705
11	14	13	14
11	23	11	22
11	32	11	32
11	86	8	88
11	87	9	89
11	88	9	89
11	89	10	90
11	90	10	90
11	106	6	106
11	124	15	119
11	142	12	142
11	143	12	143
11	162	15	157
11	174	10	174
11	187	11	186
11	206	8	206
11	207	8	207
11	208	8	208
11	254	7	254
11	255	7	255
11	256	7	256
11	348	13	346
11	393	10	394
11	420	15	421
11	421	13	424
11	422	13	424
11	423	12	425
11	424	12	425
11	425	11	426
11	426	11	426
11	427	11	427
11	428	10	428
11	429	10	428
11	430	9	430
11	431	9	430
11	432	9	430
11	433	8	433
11	454	15	449
11	463	15	467
11	468	12	470
11	473	10	472
11	482	10	483
11	497	13	500
11	510	8	512
11	523	15	519
11	532	8	534
11	550	8	550
11	560	12	558
11	573	9	574
11	583	11	584
11	602	9	602
11	606	11	605
11	624	9	625
11	625	10	626
11	679	14	677
11	680	15	679
11	681	12	685
11	682	12	685
11	685	11	686
11	697	11	697
11	698	11	697
12	14	13	14
12	23	12	22
12	32	12	32
12	107	6	107
12	124	16	120
12	141	12	141
12	162	16	158
12	175	10	174
12	187	12	187
12	204	8	204
12	205	8	205
12	206	8	206
12	207	8	207
12	209	8	208
12	253	7	253
12	255	7	255
12	257	7	257
12	347	13	346
12	393	12	395
12	419	15	421
12	434	14	436
12	453	15	449
12	463	15	467
12	464	15	467
12	465	14	468
12	466	14	468
12	473	10	472
12	483	11	484
12	496	14	499
12	511	9	513
12	522	15	519
12	532	8	534
12	539	8	539
12	551	9	553
12	552	10	554
12	559	12	558
12	574	10	575
12	582	12	583
12	601	9	601
12	606	12	606
12	624	10	626
12	683	12	685
12	684	12	685
12	696	11	697
12	698	12	698
13	14	13	14
13	23	13	22
13	32	12	32
13	107	6	107
13	125	17	121
13	140	12	140
13	162	16	158
13	176	10	174
13	187	12	187
13	203	8	203
13	208	8	208
13	254	7	254
13	257	7	257
13	346	13	346
13	393	12	395
13	418	15	421
13	435	14	436
13	452	15	449
13	462	16	466
13	473	11	471
13	484	12	485
13	495	15	498
13	512	10	514
13	521	15	519
13	532	8	534
13	553	11	555
13	558	12	558
13	575	11	576
13	581	13	582
13	600	9	601
13	606	13	606
13	624	15	626
13	684	13	685
13	698	12	698
13	712	14	711
14	15	13	15
14	22	13	22
14	23	14	23
14	32	14	31
14	107	17	113
14	125	17	121
14	139	12	139
14	161	16	158
14	177	10	174
14	187	13	188
14	202	8	202
14	213	7	213
14	257	7	257
14	345	14	345
14	393	12	395
14	417	16	420
14	436	14	436
14	451	15	449
14	462	17	465
14	474	16	474
14	485	13	486
14	494	16	497
14	513	11	515
14	520	15	519
14	531	8	534
14	554	11	555
14	557	12	558
14	576	12	577
14	580	14	580
14	599	9	601
14	606	14	606
14	623	15	626
14	684	14	684
14	698	14	699
14	709	14	710
14	711	14	711
15	10	17	10
15	16	15	16
15	17	15	16
15	22	14	23
15	24	15	24
15	32	15	31
15	107	17	113
15	125	19	125
15	138	15	136
15	161	17	159
15	178	10	174
15	187	13	188
15	201	9	198
15	212	7	212
15	257	9	262
15	344	15	345
15	393	14	396
15	416	17	419
15	436	14	436
15	437	14	437
15	438	14	438
15	439	14	439
15	450	15	449
15	461	19	461
15	475	16	475
15	486	16	486
15	493	17	491
15	514	12	516
15	519	15	519
15	530	8	534
15	555	11	555
15	556	12	558
15	577	13	578
15	578	14	579
15	579	14	579
15	599	15	593
15	606	15	606
15	623	17	625
15	684	15	684
15	698	15	698
15	702	15	702
15	703	15	702
16	10	17	10
16	18	16	19
16	19	16	19
16	20	16	19
16	21	16	19
16	22	16	24
16	23	16	24
16	24	16	24
16	32	16	31
16	106	17	113
16	125	19	125
16	138	16	136
16	161	17	159
16	179	10	174
16	187	14	189
16	200	11	195
16	212	8	208
16	257	9	262
16	343	16	344
16	393	16	390
16	415	18	418
16	435	14	436
16	440	14	440
16	441	14	441
16	449	15	449
16	461	19	461
16	476	16	476
16	487	16	487
16	492	17	491
16	515	13	517
16	518	15	519
16	529	16	520
16	555	11	555
16	578	16	580
16	598	16	593
16	606	16	606
16	623	17	625
16	684	15	684
16	698	15	698
16	699	16	699
16	700	16	699
16	701	16	702
16	707	16	707
16	708	16	707
16	721	16	720
17	9	17	10
17	19	17	19
17	21	17	19
17	25	17	24
17	26	18	25
17	32	17	31
17	106	17	113
17	126	19	126
17	138	16	136
17	161	18	160
17	180	11	186
17	187	17	190
17	199	12	194
17	212	8	208
17	213	7	213
17	214	7	214
17	257	9	262
17	342	17	343
17	393	16	390
17	414	19	417
17	434	14	436
17	442	14	442
17	443	14	443
17	448	15	449
17	459	19	460
17	460	19	460
17	461	19	461
17	462	19	462
17	463	18	464
17	477	16	477
17	488	16	488
17	491	17	491
17	516	14	518
17	517	15	519
17	528	17	520
17	555	17	560
17	578	17	580
17	606	17	606
17	623	17	625
17	676	15	678
17	684	16	683
17	698	17	697
17	710	17	710
17	713	17	713
17	714	17	714
17	721	17	720
18	10	17	10
18	11	17	11
18	19	17	19
18	21	17	19
18	27	19	27
18	32	18	31
18	127	19	127
18	128	19	127
18	138	16	136
18	160	18	160
18	181	23	186
18	187	20	189
18	198	13	193
18	211	8	208
18	246	7	249
18	247	7	249
18	248	7	249
18	257	9	262
18	341	18	342
18	393	16	390
18	413	20	416
18	433	14	436
18	444	14	444
18	447	15	449
18	458	19	460
18	478	16	478
18	489	16	489
18	490	17	491
18	516	18	520
18	527	18	520
18	555	18	560
18	578	18	580
18	606	18	606
18	623	18	625
18	684	18	682
18	697	18	697
18	721	18	720
19	20	17	19
19	28	19	28
19	29	19	29
19	30	19	30
19	31	19	31
19	32	19	31
19	129	20	129
19	130	20	130
19	138	16	136
19	160	18	160
19	182	23	186
19	187	20	189
19	197	19	190
19	210	8	208
19	249	7	249
19	257	9	262
19	340	19	341
19	394	22	391
19	412	21	415
19	432	14	436
19	445	14	445
19	446	14	446
19	457	21	457
19	467	17	465
19	479	16	479
19	489	17	491
19	516	21	519
19	526	19	520
19	555	19	560
19	578	19	580
19	598	16	593
19	599	16	593
19	606	19	606
19	623	19	625
19	684	19	682
19	696	19	696
19	713	17	713
19	721	19	720
20	16	20	18
20	32	20	31
20	131	20	131
20	137	17	135
20	160	19	161
20	183	23	186
20	187	21	188
20	196	19	190
20	209	8	208
20	250	7	250
20	258	9	262
20	339	20	340
20	395	23	392
20	411	22	414
20	412	22	414
20	413	21	415
20	414	21	415
20	415	20	416
20	416	20	416
20	417	19	417
20	418	19	417
20	419	18	418
20	420	18	418
20	421	17	419
20	422	17	419
20	423	16	420
20	424	15	422
20	425	15	422
20	426	15	422
20	427	15	422
20	428	14	423
20	429	14	423
20	430	14	436
20	431	14	436
20	445	14	445
20	456	20	455
20	465	20	464
20	466	21	465
20	480	16	480
20	489	17	491
20	516	21	519
20	525	20	520
20	555	19	560
20	578	21	579
20	600	20	606
20	601	20	606
20	602	20	606
20	603	20	606
20	604	20	606
20	605	20	606
20	623	21	624
20	684	20	682
20	696	19	696
20	720	20	720
21	32	21	31
21	132	20	131
21	135	19	133
21	136	18	134
21	160	19	161
21	184	23	186
21	187	21	188
21	195	19	190
21	208	8	208
21	251	7	251
21	259	9	262
21	338	21	339
21	396	24	393
21	411	22	414
21	446	16	450
21	455	20	455
21	481	16	481
21	489	21	493
21	516	23	518
21	524	20	520
21	555	19	560
21	578	21	579
21	605	21	606
21	623	21	624
21	684	22	683
21	695	21	695
21	709	21	709
21	718	21	717
21	719	21	720
21	720	21	720
22	31	21	31
22	133	20	131
22	134	19	133
22	160	20	162
22	185	23	186
22	187	22	187
22	194	19	190
22	207	8	207
22	252	7	252
22	260	9	262
22	337	22	338
22	383	20	387
22	397	25	394
22	410	22	414
22	446	17	451
22	454	20	454
22	482	26	482
22	489	22	493
22	516	23	518
22	523	20	520
22	555	19	560
22	578	22	578
22	605	22	606
22	623	22	624
22	683	22	683
22	695	22	695
22	702	20	699
22	703	18	702
22	717	21	717
22	721	22	720
23	31	23	32
23	133	20	131
23	159	23	163
23	186	23	186
23	187	22	187
23	193	19	190
23	206	8	206
23	253	7	253
23	261	9	262
23	336	23	337
23	382	20	387
23	384	20	387
23	398	26	395
23	410	25	407
23	446	17	451
23	453	23	456
23	483	26	482
23	489	23	493
23	515	24	517
23	522	22	519
23	556	19	560
23	577	23	577
23	605	23	606
23	623	23	624
23	683	23	683
23	694	23	695
23	717	21	717
23	721	23	720
24	16	23	17
24	32	23	32
24	132	20	131
24	159	24	163
24	187	23	186
24	192	20	189
24	205	38	208
24	254	7	254
24	262	20	276
24	335	24	336
24	383	20	387
24	384	20	387
24	385	20	387
24	386	20	387
24	399	27	396
24	410	26	408
24	446	18	452
24	452	24	456
24	484	26	482
24	489	24	493
24	514	25	516
24	521	22	519
24	557	20	561
24	576	24	577
24	605	24	606
24	623	24	624
24	683	24	683
24	694	24	695
24	695	24	695
24	709	23	710
24	710	23	710
24	721	24	720
25	17	23	17
25	18	23	18
25	19	23	18
25	32	25	31
25	132	22	128
25	159	25	163
25	188	23	186
25	191	21	188
25	204	38	208
25	255	9	262
25	263	20	276
25	334	25	335
25	387	20	387
25	400	28	397
25	410	26	408
25	446	18	452
25	451	25	456
25	485	27	483
25	489	25	493
25	513	26	515
25	520	23	518
25	558	21	562
25	575	26	576
25	605	24	606
25	623	25	624
25	683	25	683
25	693	26	694
25	696	25	695
25	708	27	708
25	720	25	720
26	23	30	22
26	32	26	31
26	132	22	128
26	159	25	163
26	189	23	186
26	190	22	187
26	203	38	208
26	256	9	262
26	264	20	276
26	333	26	334
26	388	22	391
26	401	29	398
26	410	27	409
26	446	30	455
26	450	26	456
26	486	28	484
26	489	25	493
26	512	27	514
26	519	24	517
26	559	22	563
26	574	27	575
26	605	24	606
26	623	26	623
26	683	25	683
26	693	26	694
26	704	28	707
26	709	27	708
26	721	26	720
27	24	30	22
27	32	26	31
27	132	22	128
27	159	25	163
27	189	23	186
27	202	39	202
27	257	9	262
27	265	20	276
27	332	27	333
27	389	23	392
27	402	30	399
27	409	27	409
27	446	30	455
27	449	30	455
27	474	26	474
27	487	29	485
27	489	30	486
27	511	28	513
27	518	25	516
27	560	23	564
27	573	28	574
27	606	29	606
27	623	26	623
27	683	27	684
27	693	27	693
27	700	25	700
27	701	25	700
27	702	25	700
27	703	30	703
28	15	28	13
28	16	29	18
28	17	29	18
28	18	28	19
28	21	28	19
28	24	30	22
28	32	26	31
28	132	23	127
28	159	25	163
28	189	24	185
28	201	39	201
28	258	9	262
28	266	20	276
28	331	28	331
28	390	24	393
28	403	31	400
28	408	27	409
28	447	30	455
28	448	30	455
28	475	26	475
28	488	30	486
28	489	30	486
28	510	29	512
28	517	26	515
28	561	24	565
28	572	28	574
28	606	29	606
28	623	26	623
28	684	28	684
28	693	28	693
28	698	26	698
28	699	26	698
28	703	30	703
28	714	27	715
28	715	27	715
28	716	28	716
29	14	29	13
29	21	30	22
29	24	31	24
29	25	31	24
29	26	27	28
29	31	27	30
29	132	23	127
29	159	33	161
29	189	24	185
29	200	39	200
29	259	44	269
29	267	20	276
29	330	28	330
29	391	25	394
29	404	32	401
29	407	27	409
29	447	30	455
29	476	26	476
29	490	31	487
29	509	30	511
29	515	27	514
29	516	27	514
29	562	25	566
29	571	29	570
29	607	29	607
29	623	27	625
29	684	29	684
29	692	29	692
29	704	30	703
29	705	28	707
30	9	30	10
30	14	30	14
30	22	30	22
30	23	30	22
30	131	23	127
30	159	33	161
30	189	25	184
30	198	39	198
30	199	39	199
30	260	44	269
30	268	21	277
30	329	28	329
30	392	26	395
30	405	33	402
30	406	27	409
30	447	30	455
30	477	26	477
30	491	32	488
30	508	31	510
30	513	29	512
30	514	28	513
30	563	26	567
30	570	29	570
30	607	29	607
30	624	27	625
30	684	29	684
30	692	29	692
30	721	31	720
31	9	31	10
31	14	31	14
31	22	31	22
31	160	33	161
31	189	25	184
31	190	25	184
31	196	39	196
31	197	39	197
31	261	44	269
31	269	22	278
31	328	28	329
31	393	27	396
31	405	33	402
31	447	31	455
31	478	26	478
31	492	34	491
31	508	32	509
31	511	30	511
31	512	30	511
31	564	27	568
31	569	29	570
31	607	29	607
31	625	27	625
31	685	31	685
31	691	30	691
31	721	31	720
32	21	32	22
32	161	33	161
32	188	26	183
32	191	39	193
32	192	39	193
32	193	39	193
32	194	39	194
32	195	39	195
32	255	44	269
32	256	44	269
32	257	44	269
32	258	44	269
32	259	44	269
32	260	44	269
32	261	44	269
32	262	44	269
32	263	44	269
32	264	44	269
32	265	44	269
32	266	44	269
32	267	44	269
32	268	44	269
32	269	44	269
32	270	44	269
32	271	23	279
32	272	24	280
32	289	31	288
32	290	30	290
32	291	30	291
32	292	30	292
32	293	30	293
32	294	30	294
32	295	30	294
32	296	30	294
32	297	29	297
32	298	29	298
32	299	29	299
32	300	29	300
32	301	29	301
32	302	29	302
32	303	29	303
32	304	29	304
32	305	29	304
32	306	29	304
32	307	29	304
32	308	28	305
32	309	28	305
32	310	26	310
32	311	26	311
32	312	26	312
32	313	26	313
32	314	26	314
32	315	26	315
32	316	26	316
32	317	26	317
32	318	26	318
32	319	26	319
32	320	26	320
32	321	26	321
32	322	26	322
32	323	26	323
32	324	26	324
32	325	28	329
32	326	28	329
32	327	28	329
32	394	28	397
32	404	33	402
32	447	32	455
32	479	26	479
32	493	34	491
32	506	33	508
32	507	33	508
32	508	32	509
32	509	32	509
32	510	31	510
32	565	28	569
32	568	29	570
32	608	32	609
32	626	30	629
32	685	31	685
32	690	31	690
32	717	32	717
33	162	33	162
33	188	40	191
33	253	44	269
33	254	44	269
33	273	38	283
33	274	38	283
33	275	38	283
33	288	33	287
33	328	36	331
33	349	41	337
33	350	41	337
33	395	29	398
33	404	34	403
33	448	33	455
33	480	28	484
33	494	35	492
33	495	35	492
33	496	30	498
33	497	31	499
33	505	34	507
33	566	29	570
33	567	29	570
33	609	32	609
33	610	33	610
33	626	30	629
33	686	33	686
33	687	32	687
33	688	32	688
33	689	32	689
33	714	33	716
33	717	32	717
34	163	33	162
34	188	40	191
34	276	38	283
34	277	38	283
34	278	38	283
34	287	34	287
34	329	36	331
34	334	34	333
34	335	34	333
34	336	36	334
34	337	36	334
34	338	36	334
34	339	36	334
34	340	36	334
34	341	38	335
34	342	38	335
34	343	38	335
34	344	38	335
34	345	41	337
34	346	41	337
34	347	41	337
34	348	41	337
34	396	30	399
34	404	34	403
34	448	34	455
34	481	29	485
34	493	35	492
34	498	32	500
34	499	32	500
34	503	34	502
34	504	35	503
34	567	32	572
34	611	34	610
34	612	34	610
34	626	30	629
34	627	34	631
34	628	34	631
34	686	34	686
34	690	32	689
34	699	35	699
34	700	35	699
34	714	34	716
34	717	34	716
35	164	33	162
35	188	40	191
35	279	38	283
35	280	38	283
35	281	37	284
35	286	35	287
35	329	36	331
35	330	36	331
35	331	35	332
35	332	35	332
35	333	35	333
35	397	31	400
35	403	34	403
35	448	35	455
35	482	30	486
35	492	35	492
35	500	37	500
35	501	34	502
35	502	34	502
35	567	32	572
35	613	35	610
35	614	35	610
35	615	35	610
35	616	35	610
35	617	35	610
35	618	35	610
35	619	26	619
35	620	26	620
35	621	27	625
35	622	27	625
35	623	30	629
35	624	35	631
35	625	35	631
35	629	35	631
35	630	35	631
35	631	35	631
35	686	35	686
35	690	38	690
35	698	35	698
35	701	36	700
35	708	37	706
35	709	32	711
35	715	35	716
35	716	35	716
36	7	39	6
36	165	33	162
36	187	41	188
36	282	37	284
36	283	37	284
36	284	36	285
36	285	36	285
36	328	37	330
36	398	32	401
36	403	35	404
36	448	36	455
36	483	31	487
36	484	32	488
36	485	32	488
36	486	33	489
36	487	33	489
36	488	34	490
36	489	34	490
36	490	34	490
36	491	35	492
36	501	37	501
36	567	36	573
36	613	36	610
36	632	36	632
36	686	35	686
36	698	35	698
36	701	36	700
37	7	39	6
37	166	33	162
37	187	41	188
37	284	37	284
37	328	38	329
37	399	33	402
37	402	35	404
37	403	35	404
37	448	37	455
37	501	37	501
37	567	37	573
37	612	37	610
37	633	37	633
37	687	35	686
37	701	37	700
38	7	39	6
38	167	33	162
38	186	41	188
38	285	37	284
38	328	38	329
38	400	34	403
38	401	35	404
38	404	36	405
38	448	38	455
38	501	37	501
38	568	38	573
38	612	38	610
38	634	38	634
38	695	36	697
38	701	37	700
38	717	36	717
39	168	39	175
39	169	39	175
39	170	39	175
39	171	39	175
39	172	39	175
39	173	39	175
39	174	39	175
39	175	39	175
39	176	39	175
39	177	39	175
39	178	39	175
39	179	42	181
39	180	42	181
39	181	42	181
39	182	42	182
39	183	42	183
39	184	42	184
39	185	42	185
39	285	39	283
39	327	39	328
39	328	39	328
39	400	35	404
39	405	39	407
39	448	39	455
39	501	37	501
39	568	39	573
39	569	39	573
39	613	40	611
39	634	39	634
39	686	35	686
39	695	36	697
40	167	40	175
40	286	40	283
40	326	40	327
40	329	39	328
40	400	44	404
40	406	40	407
40	448	40	455
40	501	37	501
40	567	40	573
40	570	40	573
40	613	40	611
40	634	40	634
40	686	39	690
41	6	40	7
41	14	40	12
41	26	43	23
41	166	33	162
41	286	40	283
41	325	41	326
41	330	39	328
41	400	44	404
41	407	41	407
41	447	41	455
41	501	37	501
41	567	41	573
41	571	41	573
41	613	42	612
41	635	41	635
41	686	39	690
41	699	38	699
41	704	43	704
41	705	40	706
42	6	40	7
42	14	40	12
42	25	43	23
42	164	34	160
42	165	34	160
42	287	40	283
42	324	42	325
42	331	39	328
42	400	44	404
42	408	41	407
42	447	42	455
42	500	37	500
42	567	42	573
42	572	42	573
42	613	42	612
42	636	42	635
42	699	38	699
42	701	39	702
43	6	40	7
43	14	40	12
43	163	36	157
43	287	40	283
43	323	43	324
43	332	39	335
43	399	44	404
43	409	41	407
43	447	43	455
43	500	37	500
43	567	43	573
43	573	43	573
43	574	43	573
43	575	43	573
43	576	40	576
43	577	40	577
43	578	40	578
43	614	43	612
43	636	43	635
43	701	43	704
43	702	43	704
43	715	44	717
44	6	44	2
44	14	46	12
44	20	46	18
44	21	44	23
44	162	37	156
44	288	40	283
44	322	44	323
44	333	42	337
44	399	44	404
44	410	41	407
44	448	44	455
44	500	37	500
44	567	44	573
44	579	47	579
44	614	45	614
44	636	44	635
44	701	46	701
44	703	43	704
44	707	43	705
44	713	46	714
44	714	46	714
45	6	48	5
45	14	46	12
45	162	38	155
45	289	40	283
45	321	45	322
45	334	45	338
45	398	48	403
45	411	41	407
45	448	45	455
45	500	37	500
45	567	45	573
45	580	47	580
45	614	45	614
45	637	45	636
45	701	46	701
45	702	46	701
45	703	45	704
45	704	45	704
45	705	45	704
45	706	45	704
45	708	43	705
45	709	43	705
45	720	44	718
46	18	46	18
46	19	46	18
46	162	38	155
46	290	40	283
46	320	46	321
46	334	46	338
46	398	48	403
46	412	41	407
46	448	46	455
46	500	37	500
46	567	46	573
46	581	47	581
46	582	47	582
46	583	47	583
46	584	47	584
46	585	47	585
46	586	47	586
46	587	47	587
46	588	47	588
46	589	47	589
46	590	47	590
46	591	46	592
46	592	46	592
46	593	46	593
46	594	46	593
46	614	45	614
46	637	46	637
46	658	55	643
46	701	46	701
47	161	39	154
47	291	40	283
47	319	47	320
47	334	47	338
47	398	48	403
47	413	41	407
47	448	46	455
47	500	40	507
47	568	46	573
47	614	45	614
47	637	47	637
47	654	55	643
47	655	55	643
47	656	55	643
47	657	55	643
47	697	47	698
47	698	47	698
47	699	47	699
47	700	47	700
48	161	55	153
48	292	40	283
48	318	48	319
48	334	48	338
48	397	48	403
48	414	41	407
48	448	46	455
48	498	37	498
48	499	37	499
48	500	48	510
48	568	46	573
48	615	46	616
48	638	48	637
48	653	55	643
48	715	46	715
48	716	48	718
48	717	48	718
49	161	56	154
49	293	51	280
49	317	49	318
49	334	49	338
49	397	49	403
49	415	47	404
49	448	50	455
49	500	56	507
49	568	46	573
49	615	47	617
49	638	49	638
49	652	55	643
49	721	49	718
50	161	56	154
50	294	51	280
50	316	50	317
50	334	50	338
50	397	50	403
50	416	52	404
50	448	50	455
50	500	56	507
50	568	50	574
50	615	47	617
50	638	50	638
50	651	55	643
51	161	57	155
51	294	51	280
51	315	51	316
51	334	51	338
51	397	51	403
51	417	52	404
51	448	51	455
51	500	57	506
51	568	51	574
51	615	47	617
51	638	50	638
51	650	55	643
51	708	50	707
52	18	49	20
52	161	57	155
52	294	52	280
52	315	52	315
52	334	52	338
52	397	51	403
52	418	52	404
52	448	52	455
52	500	57	506
52	568	52	574
52	615	47	617
52	638	51	637
52	649	55	643
53	160	57	155
53	294	53	280
53	312	52	315
53	315	52	315
53	334	53	338
53	397	51	403
53	419	53	404
53	448	53	455
53	500	58	505
53	568	53	574
53	616	47	617
53	639	53	640
53	648	55	643
53	703	53	704
53	714	53	713
53	717	50	717
54	142	50	148
54	160	58	156
54	294	59	281
54	311	52	315
54	313	52	315
54	314	52	315
54	315	52	315
54	335	54	338
54	397	58	402
54	420	54	404
54	421	54	404
54	448	54	455
54	500	58	505
54	568	53	574
54	617	47	617
54	639	53	640
54	647	55	643
55	14	50	15
55	15	50	15
55	21	59	21
55	143	50	148
55	144	50	148
55	145	51	149
55	146	51	149
55	147	52	150
55	148	52	150
55	149	53	151
55	150	53	151
55	151	54	152
55	152	54	152
55	153	55	153
55	160	58	156
55	294	59	281
55	312	52	315
55	313	52	315
55	315	52	315
55	335	55	338
55	397	58	402
55	448	55	455
55	500	59	504
55	568	53	574
55	569	53	574
55	618	49	622
55	619	49	622
55	620	49	622
55	639	53	640
55	646	55	643
56	18	59	21
56	19	59	21
56	20	59	21
56	154	56	154
56	160	59	157
56	294	59	281
56	314	52	315
56	315	52	315
56	335	55	338
56	397	58	402
56	448	56	455
56	500	59	504
56	567	53	574
56	570	53	574
56	621	49	622
56	639	54	641
56	645	56	643
57	3	60	3
57	4	60	4
57	7	60	4
57	9	60	4
57	10	60	4
57	11	61	16
57	14	61	16
57	17	61	16
57	155	57	155
57	160	59	157
57	294	59	281
57	316	52	315
57	335	55	338
57	397	58	402
57	448	57	455
57	500	60	503
57	567	57	575
57	571	57	575
57	622	49	622
57	623	50	626
57	639	54	641
57	644	57	643
57	712	56	711
57	713	57	714
57	717	58	718
58	6	60	4
58	14	61	16
58	16	61	16
58	156	58	156
58	160	60	158
58	293	59	281
58	315	52	315
58	316	52	315
58	334	60	338
58	397	58	402
58	448	58	455
58	500	60	503
58	567	58	575
58	572	58	575
58	624	51	628
58	625	51	628
58	639	58	643
58	643	58	643
59	6	60	4
59	157	59	157
59	160	60	158
59	293	59	281
59	314	52	315
59	317	52	315
59	397	58	402
59	448	59	455
59	500	61	502
59	568	59	575
59	573	59	575
59	626	52	630
59	640	58	643
59	641	58	643
59	642	58	643
60	7	60	4
60	157	59	157
60	159	60	158
60	293	60	281
60	313	52	315
60	317	52	315
60	397	58	402
60	448	60	455
60	500	61	502
60	568	60	575
60	574	60	575
60	627	52	630
60	628	52	630
60	641	58	643
60	708	60	708
61	2	61	2
61	158	60	158
61	293	61	281
61	313	52	315
61	317	52	315
61	397	58	402
61	448	61	455
61	500	62	501
61	568	60	575
61	575	60	575
61	629	52	630
61	641	58	643
61	707	60	708
61	716	58	718
61	717	58	718
62	17	61	16
62	158	61	159
62	293	62	281
62	312	52	315
62	317	52	315
62	397	61	403
62	448	62	455
62	500	62	501
62	568	60	575
62	576	62	576
62	630	52	630
62	631	52	631
62	632	52	632
62	633	52	633
62	641	59	644
62	648	62	647
62	649	63	648
62	650	63	648
62	651	63	648
62	652	63	648
62	653	63	648
62	654	63	648
62	655	63	648
62	656	63	648
62	657	63	648
62	658	63	648
62	659	63	648
62	660	63	648
62	661	67	649
62	708	60	708
62	709	60	708
62	719	64	719
63	158	63	160
63	293	67	282
63	317	52	315
63	397	61	403
63	448	63	455
63	501	62	501
63	569	60	575
63	577	63	576
63	634	58	643
63	641	59	644
63	647	62	647
64	158	65	159
64	292	67	282
64	318	52	315
64	397	61	403
64	448	64	455
64	501	63	500
64	569	64	576
64	578	64	576
64	635	58	643
64	641	60	645
64	646	64	648
65	158	65	159
65	292	67	282
65	318	52	315
65	397	61	403
65	448	65	455
65	501	63	500
65	569	65	576
65	579	66	577
65	636	58	643
65	637	58	643
65	638	59	644
65	640	60	645
65	645	65	648
66	158	66	159
66	292	67	282
66	396	61	403
66	448	66	455
66	501	64	499
66	570	65	576
66	580	66	577
66	639	60	645
66	640	60	645
66	644	66	648
67	158	67	158
67	292	71	283
67	448	67	455
67	501	64	499
67	570	65	576
67	581	67	577
67	640	66	648
67	643	66	648
68	158	67	158
68	292	71	283
68	448	68	455
68	501	65	498
68	570	65	576
68	582	68	577
68	641	66	648
68	642	66	648
69	158	69	157
69	292	71	283
69	325	69	337
69	448	69	455
69	501	65	498
69	570	69	577
69	583	71	578
69	642	66	648
70	6	62	1
70	7	75	15
70	158	70	157
70	175	70	184
70	176	70	184
70	292	71	283
70	448	69	455
70	502	65	498
70	571	70	577
70	584	71	578
70	585	71	578
70	586	71	578
70	587	71	578
70	588	71	578
70	589	71	578
70	590	71	578
70	642	66	648
71	159	71	157
71	160	71	157
71	161	71	157
71	162	71	157
71	163	71	157
71	164	71	157
71	165	66	159
71	166	66	159
71	167	66	159
71	168	66	159
71	169	66	159
71	170	62	162
71	171	62	162
71	172	71	184
71	173	71	184
71	174	71	184
71	292	71	283
71	448	69	455
71	503	65	498
71	571	70	577
71	642	68	649
72	159	72	157
72	292	77	285
72	448	69	455
72	503	66	497
72	571	70	577
72	642	68	649
73	158	73	157
73	159	73	157
73	292	77	285
73	448	73	456
73	503	66	497
73	571	70	577
73	643	70	650
74	157	73	157
74	160	73	157
74	278	76	281
74	291	77	285
74	448	74	456
74	503	67	496
74	572	74	578
74	643	70	650
75	141	74	140
75	142	74	140
75	143	74	140
75	144	74	140
75	145	74	140
75	146	74	140
75	147	74	140
75	148	81	152
75	149	78	155
75	150	78	155
75	151	75	156
75	152	75	156
75	153	75	156
75	154	75	156
75	155	75	156
75	156	75	156
75	160	73	157
75	279	76	281
75	291	77	285
75	448	75	456
75	503	67	496
75	572	75	578
75	644	72	651
76	160	76	156
76	280	76	281
76	291	79	286
76	448	76	456
76	504	71	514
76	572	76	578
76	644	72	651
77	159	77	156
77	160	77	156
77	161	77	156
77	162	77	156
77	163	77	156
77	164	77	156
77	165	73	157
77	166	73	157
77	167	73	157
77	168	73	157
77	169	88	172
77	170	88	172
77	171	88	172
77	172	77	183
77	173	77	183
77	174	77	183
77	175	77	183
77	176	77	183
77	177	77	183
77	178	77	183
77	281	76	281
77	290	79	286
77	448	77	456
77	504	71	514
77	572	77	578
77	644	75	652
78	159	77	156
78	163	77	156
78	282	76	281
78	290	79	286
78	448	78	456
78	504	73	515
78	573	78	578
78	644	75	652
79	159	77	156
79	164	77	156
79	283	78	285
79	290	81	287
79	449	79	456
79	504	76	516
79	573	78	578
79	645	75	652
80	159	81	156
80	165	89	165
80	284	80	286
80	289	81	287
80	449	80	456
80	504	76	516
80	573	78	578
80	645	75	652
81	159	81	156
81	166	89	166
81	167	89	167
81	168	89	168
81	169	88	172
81	170	88	172
81	171	88	172
81	172	88	172
81	173	88	173
81	174	88	173
81	175	88	173
81	176	88	173
81	177	77	183
81	178	77	183
81	179	77	183
81	285	80	286
81	289	82	288
81	450	80	456
81	505	76	516
81	574	78	578
81	645	75	652
82	159	82	156
82	170	88	172
82	286	81	287
82	287	81	287
82	288	82	288
82	450	80	456
82	505	76	516
82	574	82	579
82	645	75	652
83	159	83	156
83	171	88	172
83	287	83	288
83	450	80	456
83	506	78	517
83	574	83	579
83	645	81	655
84	159	84	156
84	172	88	172
84	286	84	288
84	450	84	457
84	507	78	517
84	575	84	579
84	645	81	655
85	159	85	156
85	173	88	173
85	286	85	288
85	450	85	457
85	507	84	519
85	575	84	579
85	576	84	579
85	577	84	579
85	578	84	579
85	579	84	579
85	580	85	580
85	581	85	580
85	582	85	580
85	583	87	581
85	584	87	581
85	585	87	581
85	586	87	581
85	587	87	581
85	588	89	582
85	589	89	582
85	590	89	582
85	646	81	655
86	159	86	156
86	174	88	173
86	286	86	288
86	450	86	457
86	507	84	519
86	575	84	579
86	646	81	655
87	159	89	159
87	175	88	173
87	286	88	287
87	450	86	457
87	507	84	519
87	575	84	579
87	647	81	655
88	159	89	159
88	176	88	173
88	177	88	173
88	178	88	173
88	286	88	287
88	450	86	457
88	507	84	519
88	575	86	580
88	647	85	657
89	159	89	159
89	286	89	287
89	450	86	457
89	508	89	520
89	576	86	580
89	647	85	657
90	159	89	159
90	286	90	287
90	450	90	458
90	509	90	520
90	510	90	520
90	576	88	581
90	647	85	657
91	159	89	159
91	286	91	287
91	450	91	458
91	511	90	520
91	577	88	581
91	647	85	657
92	159	89	159
92	285	92	287
92	450	92	458
92	511	90	520
92	577	91	582
92	648	85	657
93	159	89	159
93	285	93	287
93	450	93	458
93	511	90	520
93	577	91	582
93	648	89	659
94	159	94	155
94	285	94	287
94	450	94	458
94	511	90	520
94	577	91	582
94	648	94	660
95	159	95	155
95	285	95	287
95	450	95	458
95	511	90	520
95	577	94	583
95	648	95	660
96	159	95	155
96	285	96	287
96	450	96	458
96	511	90	520
96	577	94	583
96	648	96	660
97	159	95	155
97	285	97	287
97	450	97	458
97	511	90	520
97	512	90	520
97	513	93	522
97	577	94	583
97	648	96	660
98	159	95	155
98	285	98	287
98	450	98	458
98	507	90	520
98	508	90	520
98	509	90	520
98	510	90	520
98	514	93	522
98	577	97	584
98	648	96	660
99	159	99	154
99	285	100	286
99	450	99	458
99	506	90	520
99	508	90	520
99	514	93	522
99	577	97	584
99	649	96	660
100	158	100	154
100	285	100	286
100	450	100	458
100	507	90	520
100	514	99	524
100	577	97	584
100	649	96	660
101	158	101	154
101	285	101	286
101	450	101	458
101	514	99	524
101	524	100	525
101	525	100	525
101	576	97	584
101	650	96	660
102	158	102	154
102	285	102	285
102	450	102	458
102	514	99	524
102	523	100	525
102	650	96	660
103	158	103	154
103	285	103	285
103	450	103	458
103	515	99	524
103	522	100	525
103	650	96	660
104	158	104	154
104	285	104	285
104	450	104	458
104	516	111	521
104	521	100	525
104	651	104	663
105	158	105	154
105	285	105	285
105	450	105	458
105	516	111	521
105	520	111	521
105	651	105	663
106	158	106	154
106	284	106	285
106	450	106	458
106	516	111	521
106	519	111	521
106	652	106	663
107	158	107	154
107	284	107	285
107	451	107	458
107	517	111	521
107	518	111	521
107	653	106	663
108	158	107	154
108	270	104	271
108	284	108	285
108	451	107	458
108	517	111	521
108	653	106	663
109	158	107	154
109	269	104	271
109	271	104	271
109	284	109	284
109	451	107	458
109	517	111	521
109	653	106	663
110	158	107	154
110	270	104	271
110	271	104	271
110	272	104	271
110	273	104	271
110	284	109	284
110	451	107	458
110	517	111	521
110	653	106	663
111	158	115	158
111	274	104	271
111	283	111	283
111	451	111	459
111	517	111	521
111	653	111	664
112	158	115	158
112	275	106	280
112	283	112	283
112	451	112	459
112	517	111	521
112	653	112	664
113	158	115	158
113	276	116	282
113	283	113	283
113	451	113	459
113	518	111	521
113	653	112	664
114	158	115	158
114	277	116	282
114	283	114	283
114	451	114	459
114	518	111	521
114	654	112	664
115	158	115	158
115	278	116	282
115	283	115	283
115	451	115	459
115	518	111	521
115	655	112	664
116	158	115	158
116	279	116	282
116	283	115	283
116	451	116	459
116	518	111	521
116	655	112	664
117	158	115	158
117	280	117	282
117	283	117	282
117	451	117	459
117	518	115	524
117	656	117	665
118	158	115	158
118	281	118	282
118	282	118	282
118	283	118	282
118	451	118	459
118	510	111	521
118	519	115	524
118	656	126	656
119	158	115	158
119	284	119	282
119	451	118	459
119	509	111	521
119	511	111	521
119	512	111	521
119	513	121	524
119	514	121	524
119	515	121	524
119	516	121	524
119	517	121	524
119	518	121	524
119	519	121	524
119	657	126	657
120	159	115	159
120	284	120	282
120	451	118	459
120	510	121	524
120	519	121	524
120	657	126	657
121	159	115	159
121	285	123	284
121	451	123	459
121	520	121	524
121	657	126	657
122	159	122	153
122	285	123	284
122	451	123	459
122	520	121	524
122	658	126	658
123	158	123	153
123	285	123	284
123	451	123	459
123	520	121	524
123	658	126	658
124	158	124	153
124	285	123	284
124	451	124	459
124	520	121	524
124	659	126	659
125	158	125	153
125	286	123	284
125	451	125	459
125	520	121	524
125	659	126	659
126	158	126	153
126	286	123	284
126	451	125	459
126	520	121	524
126	659	126	659
127	158	127	153
127	286	127	282
127	451	134	454
127	520	121	524
127	659	126	659
128	157	128	153
128	286	128	282
128	451	134	454
128	520	121	524
128	659	126	659
129	157	129	153
129	286	129	282
129	520	121	524
129	659	126	659
130	157	130	153
130	286	130	282
130	521	121	524
130	659	126	659
131	157	131	153
131	287	133	290
131	521	121	524
131	660	126	660
132	157	132	153
132	522	132	533
132	660	126	660
133	157	133	153
133	523	133	533
133	660	126	660
134	157	134	153
134	523	134	533
134	659	126	659
135	158	135	153
135	523	144	526
135	524	135	533
135	525	135	533
135	658	126	658
136	158	136	153
136	521	144	526
136	522	144	526
136	523	144	526
136	526	135	533
136	658	132	667
137	157	137	153
137	523	144	526
137	527	135	533
137	658	137	668
138	157	137	153
138	523	144	526
138	528	135	533
138	529	135	533
138	656	148	656
138	657	148	657
138	658	147	662
139	157	142	159
139	523	144	526
139	658	147	662
140	157	142	159
140	523	144	526
140	658	148	658
141	156	143	158
141	523	144	526
141	658	148	658
142	156	143	158
142	522	144	526
142	658	148	658
143	12	146	11
143	26	143	27
143	156	144	157
143	658	148	658
144	20	146	21
144	21	146	21
144	26	144	26
144	31	144	29
144	156	144	157
144	657	148	657
145	0	145	0
145	1	145	1
145	2	145	2
145	3	145	3
145	4	145	4
145	22	146	22
145	23	145	24
145	24	145	24
145	25	145	25
145	156	145	156
146	5	145	5
146	6	146	6
146	7	146	7
146	8	146	8
146	21	146	21
146	26	145	26
146	27	146	27
146	28	146	28
146	29	146	29
146	156	145	156
147	9	146	9
147	10	146	10
147	11	146	11
147	12	147	12
147	13	147	13
147	14	147	14
147	16	147	16
147	17	147	17
147	18	147	18
147	19	147	19
147	20	147	20
147	30	147	30
147	132	146	133
147	156	146	155
148	9	148	8
148	15	147	15
148	31	148	31
148	133	146	133
148	156	146	155
148	157	146	155
148	158	145	156
149	9	149	9
149	15	149	15
149	31	149	31
149	134	147	135
149	156	147	154
149	179	147	172
149	180	147	172
149	181	147	172
149	182	156	175
149	183	156	175
149	184	156	175
149	185	156	175
149	186	156	175
150	8	150	8
150	15	149	15
150	31	150	31
150	135	148	136
150	156	147	154
150	178	147	172
151	8	151	8
151	31	151	31
151	136	149	137
151	156	150	152
151	177	156	175
152	6	152	6
152	7	152	7
152	8	151	8
152	31	152	31
152	137	150	138
152	156	150	152
152	176	156	175
152	177	156	175
152	178	156	175
152	179	156	175
152	180	156	175
152	181	156	175
152	182	156	175
152	183	156	175
152	184	156	175
152	185	161	180
152	186	161	180
152	187	161	180
153	9	151	9
153	31	152	31
153	138	151	139
153	156	150	152
153	175	156	175
154	30	153	30
154	139	152	140
154	157	157	160
154	174	156	174
155	28	155	28
155	29	154	29
155	140	153	141
155	157	157	160
155	173	156	174
155	188	161	180
155	189	161	180
156	27	156	27
156	141	154	142
156	156	158	159
156	172	157	173
157	24	157	24
157	25	157	25
157	26	157	26
157	142	155	143
157	156	159	158
157	171	158	172
158	7	158	7
158	8	158	8
158	9	158	9
158	10	158	10
158	11	158	11
158	12	158	12
158	13	158	13
158	14	158	14
158	15	158	15
158	16	158	16
158	17	158	17
158	18	158	18
158	19	158	19
158	20	158	20
158	21	158	21
158	22	158	22
158	23	158	23
158	143	156	144
158	156	159	158
158	170	159	171
159	0	159	0
159	1	159	1
159	2	159	2
159	3	159	3
159	4	159	4
159	5	158	5
159	6	158	6
159	144	157	145
159	156	160	157
159	169	160	170
160	145	158	146
160	156	160	157
160	168	161	169
161	146	159	147
161	156	161	156
161	167	162	168
162	147	162	149
162	156	161	156
162	166	163	167
162	191	165	181
163	148	163	149
163	156	162	155
163	165	164	166
163	185	165	181
163	186	165	181
163	187	165	181
163	188	165	181
163	189	165	181
163	190	165	181
164	125	162	127
164	149	164	149
164	156	162	155
164	164	165	165
164	184	165	181
165	126	163	128
165	127	163	128
165	128	164	129
165	129	164	129
165	130	165	130
165	131	165	130
165	132	166	131
165	133	166	131
165	134	167	132
165	135	167	132
165	136	162	139
165	137	162	139
165	138	163	140
165	139	163	140
165	140	164	141
165	141	164	141
165	142	165	142
165	143	165	142
165	144	166	143
165	145	166	143
165	146	167	144
165	147	165	149
165	148	165	149
165	149	165	149
165	155	163	154
165	163	166	164
165	183	165	181
166	150	166	149
166	151	166	151
166	155	164	153
166	162	167	163
166	182	165	181
167	152	166	151
167	156	164	153
167	161	168	162
167	181	166	180
168	153	166	151
168	154	165	152
168	155	165	152
168	156	171	159
168	160	169	161
168	180	166	180
168	181	169	182
168	182	169	182
168	183	169	182
168	184	169	182
168	185	169	182
168	186	169	182
168	187	169	182
168	188	169	182
168	189	169	182
168	190	169	182
168	191	169	182
168	192	176	186
169	156	171	159
169	159	170	160
169	179	167	178
170	157	171	159
170	158	171	159
170	178	168	176
171	158	171	159
171	177	169	175
172	158	172	158
172	176	170	174
173	158	172	158
173	175	171	173
174	158	173	157
174	174	172	172
175	159	175	160
175	173	173	171
176	159	176	159
176	172	174	170
177	123	171	123
177	124	171	124
177	159	176	159
177	171	175	169
178	159	177	158
178	170	176	168
179	159	177	158
179	164	179	165
179	165	179	165
179	166	178	166
179	167	178	166
179	168	177	167
179	169	177	167
180	159	178	157
180	163	180	164
180	170	182	173
181	159	183	161
181	162	181	163
181	171	182	173
181	172	182	173
181	173	181	174
181	174	181	174
181	175	180	175
181	176	180	175
181	177	179	176
181	178	179	176
181	179	178	177
181	180	184	182
181	181	184	182
181	182	183	184
181	183	183	184
181	184	183	184
181	185	182	186
181	186	182	186
181	187	181	188
181	188	181	188
181	189	181	188
181	190	181	188
181	191	181	188
181	192	181	188
181	193	181	188
181	194	181	188
182	160	183	161
182	161	182	162
182	195	181	188
183	160	183	161
184	160	184	160
185	160	184	160
186	160	185	159
187	160	185	159
188	160	186	158
189	160	186	158
190	160	192	162
191	160	192	162
192	160	193	161
193	160	193	161
194	160	194	160
195	160	194	160
196	160	195	159
197	160	195	159
198	160	196	158
199	160	196	158
200	160	200	156
201	160	201	156
202	161	202	156
203	161	207	161
204	160	207	160
204	161	207	161
205	160	207	160
205	162	207	162
206	160	207	160
206	163	207	163
207	160	207	160
207	164	207	164
208	160	207	160
208	165	207	165
209	161	207	161
209	166	207	166
210	161	207	161
210	167	207	167
211	160	207	160
211	168	207	168
212	160	212	156
212	169	207	169
213	160	213	156
213	170	207	170
214	161	214	156
214	171	207	171
215	161	215	156
215	172	207	172
216	161	216	156
216	173	207	173
217	161	217	156
217	174	225	174
218	161	218	156
218	175	225	175
219	161	219	156
219	176	225	176
220	161	220	156
220	177	225	177
221	161	225	161
221	178	225	178
221	179	225	179
221	180	225	180
221	181	225	181
221	182	224	184
221	183	224	184
221	184	224	184
221	185	224	185
222	161	225	161
223	161	225	161
224	161	225	161
225	161	225	161
226	161	225	161
227	161	225	161
228	161	225	161
229	161	225	161
230	161	233	161
231	161	233	161
232	161	233	161
233	161	233	161
234	161	233	161
235	162	233	162
471	345	472	346
472	346	472	346
547	719	548	709
548	719	548	709
548	721	556	713
549	721	556	713
550	721	556	713
551	710	552	709
551	721	556	713
552	710	552	709
557	700	564	700
557	701	564	700
563	710	566	704
568	702	566	704
569	673	568	674
569	708	566	704
569	716	575	718
569	717	565	721
569	718	565	721
570	678	568	674
570	689	568	685
570	715	575	718
572	682	572	682
576	712	576	712
578	685	576	689
578	686	576	689
579	680	573	682
580	700	580	700
580	708	581	707
581	677	583	671
581	697	580	700
581	701	581	701
581	713	577	716
582	697	582	694
582	713	586	717
582	718	586	717
583	680	583	671
583	697	582	694
584	666	588	665
584	680	589	673
584	701	581	701
584	702	584	704
584	703	584	704
585	667	588	665
585	668	583	671
585	677	589	673
585	682	589	673
586	681	589	673
587	672	589	673
587	680	589	673
588	672	589	673
589	665	588	665
589	672	589	673
589	710	590	709
590	673	589	673
590	674	589	673
590	685	593	690
591	665	588	665
591	682	596	687
591	705	589	706
592	665	588	665
592	688	593	690
592	691	593	690
592	692	593	690
592	702	595	700
593	665	588	665
594	665	594	660
595	665	594	660
596	692	594	690
597	666	594	660
597	692	594	690
597	712	593	716
597	713	593	716
599	710	592	709
600	671	590	669
600	673	590	669
600	674	589	673
601	671	590	669
602	678	596	687
602	679	596	687
603	680	596	687
603	681	596	687
