1	1	23
2	2	12
1000	3	11
1000	2	10
1000	2	10
3	3	7
1000	1	4
1000	4	4
1	2	4
2	3	3
3	4	3
1000	3	3
6	6	3
1000	3	2
2	1	2
3	2	2
2	1	2
1000	5	2
1000	3	2
4	4	2
4	4	2
4	5	2
1	1	2
1000	1	1
1	1	1
1000	1	1
1	1	1
1	1	1
1	1	1
1	1	1
1	1	1
2	2	1
1	1	1
1	1	1
1	2	1
1	1	1
3	1	1
1	1	1
1	1	1
1	1	1
1	1	1
2	2	1
1000	1	1
2	1	1
2	1	1
1	2	1
1	1	1
2	1	1
1	1	1
2	1	1
1	1	1
2	1	1
2	2	1
1	1	1
4	1	1
1	1	1
2	2	1
1	1	1
4	3	1
1000	3	1
4	2	1
2	1	1
3	1	1
1	1	1
2	1	1
2	2	1
5	5	1
4	1	1
2	1	1
3	3	1
3	1	1
4	1	1
5	3	1
3	2	1
1	1	1
2	1	1
3	3	1
3	3	1
2	2	1
1000	3	1
1000	3	1
2	2	1
3	2	1
4	3	1
2	2	1
4	2	1
3	2	1
6	5	1
2	2	1
4	3	1
3	5	1
3	3	1
2	4	1
4	4	1
4	4	1
5	5	1
5	4	1
5	5	1
3	4	1
5	5	1
6	6	1
3	4	1
3	2	1
4	4	1
5	5	1
3	4	1
1	2	1
4	4	1
