0	6	0
0	7	0
0	10	2
0	9	2
0	16	996
0	17	996
0	22	1
1	21	1
0	710	0
0	711	0
1	709	0
0	716	0
1	715	0
0	694	997
1	693	997
2	18	0
2	19	0
2	20	0
2	22	0
1	21	0
2	21	0
2	702	995
2	703	995
2	0	993
3	0	993
2	9	1
3	10	1
1	8	1
3	705	1
3	706	1
3	707	1
3	719	0
3	720	0
4	718	0
4	717	0
4	25	0
4	26	0
5	22	0
5	23	0
5	24	0
6	21	0
3	28	999
4	28	999
4	708	1
3	707	1
3	709	1
5	70	0
5	71	0
6	69	0
7	68	0
6	18	2
6	19	2
6	607	1
6	608	1
6	609	1
6	610	1
7	604	1
7	605	1
7	606	1
8	603	1
6	614	1
6	615	1
6	616	1
6	617	1
6	618	1
6	619	1
6	620	1
6	704	0
7	704	0
7	705	0
6	713	0
5	714	0
6	75	0
7	76	0
8	77	0
6	593	0
6	594	0
6	595	0
6	596	0
6	597	0
6	598	0
6	599	0
6	600	0
6	601	0
7	592	0
7	602	0
7	591	0
8	603	0
8	703	0
7	704	0
9	702	0
6	81	0
6	82	0
6	83	0
6	84	0
6	85	0
6	86	0
6	87	0
6	88	0
6	89	0
6	90	0
6	91	0
6	92	0
6	93	0
6	94	0
6	95	0
7	78	0
7	79	0
7	80	0
7	96	0
8	97	0
9	98	0
8	77	0
10	99	0
8	342	0
8	343	0
8	344	0
8	345	0
8	346	0
8	347	0
8	348	0
8	349	0
8	350	0
8	351	0
8	352	0
8	353	0
8	354	0
8	355	0
8	356	0
8	357	0
8	358	0
8	359	0
8	360	0
8	361	0
8	362	0
8	363	0
8	364	0
8	365	0
8	366	0
8	367	0
8	368	0
8	369	0
8	370	0
8	371	0
8	372	0
8	373	0
8	374	0
8	375	0
8	376	0
8	377	0
8	378	0
8	379	0
8	380	0
8	381	0
8	382	0
8	383	0
8	384	0
8	385	0
8	386	0
8	387	0
8	388	0
8	389	0
8	390	0
8	391	0
8	392	0
8	393	0
8	394	0
9	340	0
9	341	0
9	395	0
10	339	0
10	338	0
8	21	0
9	21	0
10	21	0
7	20	0
11	21	0
10	329	0
10	330	0
10	331	0
10	332	0
10	333	0
10	334	0
10	335	0
11	328	0
10	336	0
12	327	0
8	512	2
8	513	2
8	514	2
8	515	2
9	511	2
10	510	2
8	516	2
11	509	2
8	519	0
8	520	0
8	521	0
9	522	0
10	523	0
8	518	0
11	524	0
8	621	0
9	621	0
10	621	0
7	621	0
11	622	0
6	623	1
6	624	1
7	625	1
8	626	1
9	627	1
10	628	1
6	622	1
11	629	1
6	696	1
6	697	1
7	695	1
8	695	1
9	696	1
10	697	1
11	698	1
10	700	0
10	701	0
11	699	0
8	706	0
9	706	0
10	706	0
7	705	0
11	705	0
9	714	994
10	712	994
10	713	994
9	69	0
9	76	0
10	70	0
10	76	0
11	71	0
11	72	0
11	73	0
11	74	0
11	75	0
8	68	0
8	77	0
8	202	0
8	203	0
8	204	0
8	205	0
8	206	0
8	207	0
8	208	0
8	209	0
8	210	0
8	211	0
8	212	0
8	213	0
8	214	0
8	215	0
8	216	0
8	217	0
8	218	0
8	219	0
8	220	0
8	221	0
8	222	0
8	223	0
8	224	0
8	225	0
8	226	0
8	227	0
8	228	0
8	229	0
8	230	0
8	231	0
8	232	0
8	233	0
8	234	0
8	235	0
8	236	0
8	237	0
8	238	0
8	239	0
8	240	0
8	241	0
8	242	0
8	243	0
8	244	0
8	245	0
8	246	0
8	247	0
8	248	0
8	249	0
8	250	0
8	251	0
8	252	0
8	253	0
8	254	0
8	255	0
8	256	0
8	257	0
8	258	0
8	259	0
8	260	0
9	261	0
10	261	0
11	262	0
9	201	0
9	12	995
10	12	995
11	11	995
12	10	995
12	18	0
13	19	0
12	617	0
12	618	0
12	619	0
12	620	0
12	621	0
12	624	0
12	625	0
12	626	0
12	627	0
12	623	0
12	628	0
13	20	1
12	21	1
13	19	1
12	311	0
13	310	0
13	312	0
14	311	0
14	311	0
8	400	1
8	401	1
8	402	1
8	403	1
8	404	1
8	405	1
8	406	1
8	407	1
8	408	1
8	409	1
8	410	1
8	411	1
8	412	1
8	413	1
8	414	1
9	399	1
9	415	1
9	416	1
9	417	1
9	418	1
9	419	1
9	420	1
9	421	1
9	422	1
9	423	1
9	424	1
9	425	1
9	426	1
9	427	1
9	428	1
10	398	1
10	429	1
11	430	1
12	431	1
13	432	1
14	433	1
13	512	0
12	511	0
14	511	0
10	517	1
11	517	1
12	517	1
13	518	1
13	519	1
13	520	1
9	517	1
13	521	1
13	704	1
12	704	1
14	703	1
7	104	0
7	105	0
7	106	0
7	107	0
7	108	0
8	103	0
8	109	0
9	102	0
9	110	0
10	111	0
11	112	0
12	113	0
13	114	0
14	115	0
10	101	0
15	116	0
12	337	0
13	337	0
14	336	0
11	337	0
14	700	0
14	701	0
14	699	0
14	702	0
14	329	1
15	328	1
13	328	1
14	327	1
14	18	0
15	18	0
16	17	0
13	19	0
17	16	0
12	100	1
13	100	1
14	101	1
15	102	1
16	103	1
16	104	1
16	105	1
16	106	1
16	107	1
16	108	1
16	109	1
16	110	1
16	111	1
16	112	1
16	113	1
16	114	1
11	100	1
16	115	1
15	421	997
16	422	997
16	426	0
17	425	0
17	427	0
16	434	0
15	434	0
17	434	0
16	512	0
16	513	0
16	514	0
16	515	0
15	511	0
12	631	1
13	632	1
13	633	1
13	634	1
14	635	1
15	636	1
16	637	1
12	630	1
17	638	1
16	697	0
15	697	0
17	697	0
6	660	2
6	661	2
6	662	2
6	663	2
7	659	2
8	658	2
9	657	2
10	656	2
11	655	2
12	654	2
13	653	2
14	652	2
15	651	2
16	650	2
17	649	2
18	648	2
14	711	996
14	712	996
15	710	996
16	710	996
17	710	996
17	11	0
18	12	0
18	13	0
18	14	0
17	15	0
18	429	0
18	430	0
18	431	0
18	432	0
18	428	0
18	433	0
6	583	0
6	584	0
6	585	0
6	586	0
6	587	0
6	588	0
7	581	0
7	582	0
8	579	0
8	580	0
9	577	0
9	578	0
10	576	0
11	575	0
12	574	0
13	573	0
14	572	0
15	571	0
16	570	0
17	569	0
18	568	0
7	589	0
19	567	0
18	640	0
18	641	0
18	642	0
18	643	0
18	644	0
18	645	0
18	646	0
18	647	0
18	639	0
18	648	0
17	701	1
18	699	1
18	700	1
17	702	1
18	698	1
6	30	0
6	31	0
6	32	0
6	33	0
6	34	0
6	35	0
6	36	0
6	37	0
6	38	0
6	39	0
6	40	0
6	41	0
6	42	0
6	43	0
6	44	0
6	45	0
6	46	0
6	51	0
6	52	0
6	53	0
7	29	0
7	47	0
7	48	0
7	49	0
7	50	0
7	54	0
7	55	0
7	56	0
7	57	0
7	58	0
7	59	0
7	60	0
7	61	0
7	62	0
7	63	0
8	29	0
8	64	0
8	65	0
8	66	0
9	29	0
10	29	0
11	29	0
12	29	0
13	23	0
13	29	0
14	23	0
14	29	0
15	24	0
15	29	0
16	25	0
16	29	0
17	25	0
17	29	0
18	26	0
18	29	0
19	27	0
19	28	0
8	67	0
12	22	0
14	506	0
14	507	0
15	505	0
16	504	0
17	503	0
18	502	0
19	501	0
14	508	0
20	500	0
15	311	0
16	311	0
17	311	0
18	311	0
19	311	0
20	311	0
14	311	0
21	311	0
20	426	1
19	425	1
19	427	1
7	454	0
7	455	0
7	456	0
7	457	0
7	458	0
7	459	0
7	460	0
7	461	0
7	462	0
7	463	0
7	464	0
7	465	0
7	466	0
7	467	0
7	468	0
7	469	0
7	470	0
7	471	0
8	443	0
8	444	0
8	445	0
8	446	0
8	447	0
8	448	0
8	449	0
8	450	0
8	451	0
8	452	0
8	453	0
8	472	0
8	473	0
8	474	0
8	475	0
8	476	0
8	477	0
8	478	0
8	479	0
9	440	0
9	441	0
9	442	0
9	480	0
9	481	0
9	482	0
9	483	0
9	484	0
9	485	0
10	439	0
10	486	0
11	438	0
11	487	0
12	437	0
12	488	0
13	436	0
13	489	0
14	490	0
15	491	0
16	492	0
17	493	0
18	494	0
19	495	0
20	496	0
14	435	0
21	497	0
15	517	1
16	518	1
17	518	1
18	518	1
19	518	1
20	515	1
20	516	1
20	517	1
21	502	1
21	503	1
21	504	1
21	505	1
21	506	1
21	507	1
21	508	1
21	509	1
21	510	1
21	511	1
21	512	1
21	513	1
21	514	1
21	501	1
19	16	2
20	16	2
21	16	2
18	16	2
11	665	1
12	665	1
13	666	1
14	666	1
15	666	1
16	666	1
17	666	1
18	666	1
19	665	1
20	664	1
21	663	1
22	662	1
19	710	995
20	711	995
21	711	995
7	721	0
8	721	0
9	721	0
10	721	0
11	721	0
12	721	0
13	721	0
14	720	0
15	720	0
16	719	0
17	718	0
18	718	0
19	717	0
20	717	0
21	717	0
22	717	0
12	323	0
12	324	0
12	325	0
13	322	0
14	321	0
15	320	0
16	319	0
17	318	0
18	317	0
19	316	0
20	315	0
21	314	0
22	313	0
12	326	0
22	312	0
20	697	0
21	697	0
22	697	0
19	697	0
23	697	0
23	520	0
24	520	0
24	521	0
16	526	0
17	526	0
18	526	0
19	527	0
20	528	0
21	529	0
22	530	0
23	531	0
15	526	0
24	532	0
19	649	0
19	650	0
19	651	0
20	652	0
20	653	0
21	654	0
22	655	0
22	656	0
23	657	0
23	658	0
23	659	0
23	660	0
18	648	0
23	661	0
17	705	1
18	706	1
19	706	1
20	706	1
21	705	1
22	703	1
22	705	1
23	704	1
17	704	1
18	136	0
19	135	0
20	134	0
21	133	0
22	132	0
23	131	0
24	130	0
17	136	0
25	129	0
24	310	1
23	311	1
25	309	1
22	20	995
23	20	995
24	19	995
25	17	995
25	18	995
7	272	1
7	273	1
7	274	1
7	275	1
7	276	1
7	277	1
7	278	1
7	279	1
7	280	1
7	281	1
7	282	1
7	283	1
7	284	1
7	285	1
7	286	1
7	287	1
7	288	1
8	267	1
8	268	1
8	269	1
8	270	1
8	271	1
8	289	1
9	266	1
9	290	1
10	291	1
11	292	1
12	293	1
13	294	1
14	295	1
15	296	1
16	297	1
17	298	1
18	299	1
19	300	1
20	301	1
21	302	1
22	303	1
23	304	1
24	305	1
25	306	1
26	307	1
23	498	0
24	498	0
25	498	0
22	498	0
26	498	0
25	523	1
25	524	1
25	525	1
25	526	1
25	527	1
25	528	1
25	529	1
25	530	1
25	522	1
25	531	1
23	708	0
23	709	0
24	707	0
25	707	0
26	707	0
24	718	0
25	719	0
23	717	0
26	719	0
17	118	0
18	118	0
19	119	0
20	119	0
21	119	0
22	119	0
23	119	0
24	120	0
24	121	0
24	122	0
25	123	0
25	124	0
25	125	0
25	126	0
26	127	0
16	117	0
26	128	0
8	138	1
8	139	1
8	140	1
8	141	1
8	142	1
8	143	1
8	144	1
8	145	1
8	146	1
8	147	1
8	148	1
8	149	1
8	150	1
8	151	1
9	137	1
9	152	1
10	136	1
10	153	1
11	135	1
11	154	1
12	135	1
12	155	1
13	135	1
13	156	1
14	135	1
14	157	1
15	135	1
15	158	1
16	159	1
17	160	1
18	161	1
19	162	1
20	163	1
21	164	1
22	165	1
23	166	1
24	167	1
25	168	1
26	169	1
16	136	1
27	170	1
24	715	0
25	715	0
26	715	0
23	716	0
27	715	0
9	197	2
9	198	2
9	199	2
10	196	2
11	195	2
12	194	2
13	193	2
14	192	2
15	191	2
16	190	2
17	189	2
18	188	2
19	187	2
20	186	2
21	185	2
22	184	2
23	183	2
24	182	2
25	181	2
26	180	2
27	179	2
9	200	2
28	178	2
27	500	0
27	501	0
27	502	0
27	503	0
27	504	0
27	505	0
27	506	0
27	507	0
27	508	0
27	509	0
27	510	0
27	511	0
27	512	0
27	513	0
27	514	0
27	515	0
27	516	0
27	517	0
27	499	0
27	518	0
9	590	1
10	590	1
11	590	1
12	590	1
13	590	1
14	590	1
15	590	1
16	589	1
17	589	1
18	589	1
19	589	1
20	589	1
21	589	1
22	588	1
23	588	1
24	587	1
25	586	1
26	585	1
27	584	1
8	590	1
28	584	1
28	172	0
28	173	0
28	174	0
28	175	0
28	176	0
28	177	0
28	171	0
28	178	0
20	434	1
21	434	1
22	434	1
23	434	1
24	434	1
25	434	1
26	435	1
27	436	1
28	436	1
19	434	1
29	437	1
20	447	3
20	448	3
20	449	3
20	450	3
20	451	3
21	446	3
22	445	3
23	444	3
24	443	3
25	442	3
26	441	3
27	440	3
28	439	3
29	438	3
25	695	0
26	694	0
27	694	0
28	694	0
24	696	0
29	693	0
25	698	1
26	699	1
27	699	1
28	700	1
24	697	1
29	700	1
27	706	0
28	705	0
26	707	0
28	717	0
27	718	0
28	716	0
28	18	993
29	18	993
28	594	0
29	586	0
29	587	0
29	588	0
29	589	0
29	590	0
29	591	0
29	592	0
29	593	0
29	585	0
29	719	1
28	719	1
29	10	994
30	10	994
28	25	994
29	25	994
30	23	994
30	24	994
28	130	1
29	131	1
29	132	1
30	133	1
30	134	1
30	135	1
30	136	1
27	129	1
31	137	1
15	140	0
15	141	0
15	142	0
15	143	0
15	144	0
15	145	0
16	138	0
16	139	0
16	146	0
17	147	0
18	148	0
19	149	0
20	150	0
21	151	0
22	152	0
23	153	0
24	154	0
25	155	0
26	156	0
27	157	0
28	158	0
29	159	0
30	160	0
16	137	0
31	161	0
11	202	1
12	202	1
13	202	1
14	202	1
15	201	1
16	200	1
17	199	1
18	198	1
19	197	1
20	196	1
21	195	1
22	194	1
23	193	1
24	192	1
25	191	1
26	190	1
27	189	1
28	188	1
29	187	1
30	186	1
10	201	1
31	185	1
30	690	0
30	691	0
31	688	0
31	689	0
32	687	0
30	692	0
33	686	0
30	697	1
30	698	1
30	699	1
31	696	1
30	704	0
30	705	0
31	703	0
27	708	1
28	708	1
29	708	1
30	708	1
26	707	1
31	709	1
28	712	0
28	713	0
29	711	0
30	710	0
28	714	0
31	709	0
30	715	0
29	715	0
29	14	995
30	13	995
30	15	995
31	14	995
29	169	0
30	168	0
31	162	0
31	163	0
31	164	0
31	165	0
31	166	0
31	167	0
28	170	0
31	161	0
29	179	1
30	180	1
31	181	1
32	182	1
32	183	1
28	178	1
32	184	1
32	517	997
32	518	997
7	549	0
7	550	0
7	551	0
7	552	0
7	553	0
8	548	0
8	554	0
9	547	0
9	555	0
10	546	0
10	556	0
11	545	0
11	557	0
12	544	0
12	558	0
13	543	0
13	559	0
14	542	0
14	560	0
15	541	0
15	561	0
16	541	0
16	562	0
17	541	0
17	563	0
18	541	0
18	564	0
19	541	0
20	542	0
21	543	0
22	544	0
23	545	0
24	546	0
25	547	0
26	548	0
27	549	0
28	550	0
29	551	0
30	552	0
31	553	0
32	554	0
19	565	0
33	555	0
21	566	4
22	566	4
23	566	4
24	565	4
25	564	4
26	563	4
27	562	4
28	561	4
29	560	4
30	559	4
31	558	4
32	557	4
20	566	4
33	556	4
25	663	1
25	664	1
26	665	1
26	666	1
27	667	1
27	668	1
28	669	1
29	670	1
29	671	1
29	672	1
30	673	1
31	674	1
32	675	1
24	662	1
33	676	1
16	204	2
17	204	2
18	204	2
19	203	2
20	202	2
21	201	2
22	200	2
23	199	2
24	198	2
25	197	2
26	196	2
27	195	2
28	194	2
29	193	2
30	192	2
31	191	2
32	190	2
33	189	2
34	188	2
33	679	1
33	680	1
33	681	1
33	682	1
33	683	1
33	684	1
33	685	1
33	678	1
33	686	1
34	186	0
33	185	0
34	187	0
33	702	1
34	700	1
34	701	1
35	699	1
32	702	1
35	698	1
31	437	0
32	437	0
33	437	0
34	437	0
35	437	0
30	437	0
36	437	0
17	477	0
18	477	0
19	477	0
20	478	0
21	479	0
22	480	0
23	481	0
24	482	0
25	483	0
26	484	0
27	485	0
28	486	0
29	487	0
30	488	0
31	489	0
32	490	0
33	491	0
34	492	0
35	493	0
36	494	0
29	497	1
30	497	1
31	497	1
32	497	1
33	496	1
34	496	1
35	496	1
28	497	1
36	495	1
32	139	0
32	140	0
32	141	0
33	142	0
34	143	0
35	144	0
36	145	0
32	138	0
37	146	0
32	160	1
33	159	1
34	151	1
34	152	1
34	153	1
34	154	1
34	155	1
34	156	1
34	157	1
34	158	1
35	150	1
36	148	1
36	149	1
31	161	1
37	147	1
29	453	0
30	448	0
30	449	0
30	450	0
30	451	0
30	452	0
31	447	0
32	446	0
33	445	0
34	444	0
35	443	0
36	441	0
36	442	0
37	439	0
37	440	0
37	438	0
37	698	1
36	697	1
24	474	0
25	475	0
26	476	0
27	477	0
28	478	0
29	479	0
30	480	0
31	481	0
32	482	0
33	483	0
34	484	0
35	485	0
36	486	0
37	487	0
38	488	0
39	489	0
35	556	1
36	556	1
37	556	1
38	555	1
34	556	1
39	554	1
35	678	0
36	678	0
37	678	0
38	678	0
34	677	0
39	679	0
32	709	0
33	708	0
34	708	0
35	708	0
36	708	0
37	708	0
38	709	0
31	709	0
38	716	995
38	717	995
33	136	1
34	135	1
35	134	1
36	133	1
37	132	1
38	131	1
39	130	1
32	137	1
40	129	1
38	495	0
39	495	0
37	495	0
40	494	0
38	517	996
39	517	996
36	188	0
37	188	0
38	188	0
39	188	0
40	188	0
35	188	0
41	189	0
22	208	0
23	207	0
24	207	0
25	206	0
26	205	0
27	204	0
28	203	0
29	202	0
30	201	0
31	200	0
32	199	0
33	198	0
34	197	0
35	196	0
36	195	0
37	194	0
38	193	0
39	192	0
40	191	0
41	190	0
40	491	0
40	492	0
40	490	0
40	493	0
26	534	0
27	535	0
28	536	0
29	537	0
30	538	0
30	539	0
31	540	0
32	541	0
32	542	0
33	543	0
34	544	0
34	545	0
35	546	0
35	547	0
36	548	0
37	549	0
38	550	0
39	551	0
40	552	0
25	533	0
40	553	0
41	271	0
42	270	0
42	272	0
40	487	1
41	484	1
41	485	1
41	486	1
42	482	1
42	483	1
40	488	1
41	127	1
42	128	1
40	128	1
41	129	1
39	720	994
40	721	994
41	721	994
42	721	994
28	310	0
29	311	0
30	312	0
31	313	0
32	314	0
33	315	0
33	316	0
33	317	0
33	318	0
34	319	0
34	320	0
34	321	0
34	322	0
35	323	0
35	324	0
35	325	0
35	326	0
35	327	0
36	328	0
36	329	0
37	330	0
37	331	0
38	332	0
39	333	0
40	334	0
41	334	0
42	334	0
43	335	0
27	309	0
44	336	0
42	697	996
43	696	996
39	20	995
40	20	995
41	21	995
42	22	995
43	22	995
44	20	995
44	21	995
38	407	1
39	408	1
40	409	1
40	410	1
40	411	1
40	412	1
41	413	1
42	414	1
43	415	1
44	416	1
45	417	1
39	702	995
40	702	995
41	702	995
42	702	995
43	702	995
44	702	995
41	711	2
42	711	2
43	712	2
44	713	2
44	714	2
45	715	2
43	190	0
44	190	0
45	190	0
42	190	0
46	191	0
42	494	1
43	494	1
44	494	1
45	494	1
41	494	1
46	494	1
45	716	0
45	715	0
46	717	0
43	11	994
44	9	994
44	10	994
44	12	994
45	13	994
46	14	994
46	210	1
46	211	1
46	212	1
46	213	1
46	214	1
46	215	1
46	216	1
46	217	1
46	218	1
46	219	1
46	220	1
47	208	1
47	209	1
48	204	1
48	205	1
48	206	1
48	207	1
49	202	1
49	203	1
50	201	1
50	200	1
44	268	0
45	263	0
45	264	0
45	265	0
45	267	0
46	266	0
44	269	0
45	403	0
45	404	0
45	405	0
46	406	0
46	407	0
46	408	0
46	409	0
46	410	0
46	411	0
46	412	0
46	413	0
46	414	0
46	415	0
46	416	0
46	515	1
46	516	1
46	517	1
46	518	1
47	496	1
47	497	1
47	498	1
47	499	1
47	500	1
47	501	1
47	502	1
47	503	1
47	504	1
47	505	1
47	506	1
47	507	1
47	508	1
47	509	1
47	510	1
47	511	1
47	512	1
47	513	1
47	514	1
47	495	1
34	687	1
35	688	1
36	689	1
37	690	1
38	691	1
39	691	1
40	691	1
41	692	1
42	692	1
43	692	1
44	692	1
45	692	1
46	692	1
33	686	1
46	705	0
47	706	0
46	713	0
46	714	0
45	715	0
46	719	1
46	720	1
46	721	1
47	718	1
45	1	994
46	1	994
47	1	994
46	337	0
47	337	0
45	337	0
48	338	0
33	349	1
34	348	1
34	350	1
35	347	1
35	351	1
36	346	1
36	350	1
37	345	1
37	349	1
38	344	1
38	348	1
39	343	1
39	347	1
40	342	1
40	346	1
41	341	1
41	345	1
42	340	1
42	344	1
43	339	1
43	343	1
44	342	1
45	341	1
46	340	1
47	339	1
44	338	1
48	338	1
47	708	1
47	709	1
47	707	1
31	207	0
31	208	0
31	209	0
31	210	0
31	211	0
31	212	0
32	206	0
32	213	0
33	205	0
33	213	0
34	204	0
34	213	0
35	203	0
35	212	0
36	202	0
36	211	0
37	201	0
37	210	0
38	200	0
38	209	0
39	199	0
39	208	0
40	198	0
40	207	0
41	197	0
41	206	0
42	196	0
42	205	0
43	195	0
43	204	0
44	194	0
44	203	0
45	193	0
45	202	0
46	201	0
47	200	0
48	199	0
46	192	0
49	199	0
31	408	1
32	409	1
32	410	1
33	411	1
34	412	1
35	413	1
36	414	1
37	415	1
38	416	1
39	417	1
40	418	1
41	419	1
42	420	1
43	421	1
44	422	1
45	423	1
46	424	1
47	425	1
48	426	1
49	427	1
50	428	1
38	436	1
39	436	1
40	435	1
41	434	1
42	433	1
43	432	1
44	432	1
45	431	1
46	430	1
47	430	1
48	430	1
49	429	1
37	437	1
50	428	1
42	554	1
43	554	1
44	554	1
45	555	1
46	556	1
46	557	1
47	558	1
48	559	1
49	560	1
49	561	1
41	554	1
50	562	1
30	583	2
31	582	2
32	581	2
33	580	2
34	579	2
35	578	2
36	577	2
37	576	2
38	575	2
39	574	2
40	573	2
41	572	2
42	571	2
43	570	2
44	569	2
45	568	2
46	567	2
47	566	2
48	565	2
49	564	2
29	584	2
50	563	2
42	679	0
43	679	0
44	679	0
45	679	0
46	679	0
47	679	0
48	679	0
49	680	0
41	679	0
50	680	0
41	681	1
42	682	1
43	683	1
44	684	1
45	685	1
46	685	1
47	685	1
48	685	1
49	684	1
40	680	1
50	683	1
49	691	1
50	691	1
50	692	1
49	694	1
50	693	1
49	705	1
48	706	1
49	4	995
50	3	995
51	3	995
51	197	1
51	198	1
52	195	1
52	196	1
53	194	1
50	199	1
54	193	1
47	419	0
48	420	0
49	421	0
50	422	0
51	423	0
46	418	0
52	424	0
51	690	0
50	691	0
52	689	0
50	698	994
51	698	994
49	338	0
50	338	0
51	338	0
52	339	0
48	338	0
53	340	0
46	355	1
46	356	1
46	357	1
46	358	1
46	359	1
47	348	1
47	349	1
47	350	1
47	351	1
47	352	1
47	353	1
47	354	1
48	347	1
49	346	1
50	345	1
51	344	1
52	343	1
53	342	1
52	425	1
52	426	1
52	424	1
52	427	1
48	191	0
49	191	0
50	191	0
51	191	0
52	191	0
53	191	0
47	191	0
54	192	0
49	716	0
50	716	0
51	717	0
52	717	0
53	717	0
48	717	0
53	678	2
54	678	2
52	679	2
39	146	0
40	146	0
41	146	0
42	146	0
43	145	0
44	145	0
45	145	0
46	144	0
47	144	0
48	144	0
49	144	0
50	144	0
51	143	0
52	143	0
53	143	0
54	143	0
55	143	0
38	146	0
56	142	0
45	275	0
46	276	0
47	277	0
48	278	0
49	279	0
50	280	0
51	281	0
52	282	0
53	283	0
54	284	0
55	285	0
44	274	0
56	286	0
27	306	1
28	305	1
29	304	1
30	302	1
30	303	1
31	301	1
32	299	1
32	300	1
33	298	1
34	297	1
35	297	1
36	296	1
37	296	1
38	295	1
39	294	1
40	294	1
41	293	1
42	293	1
43	292	1
44	292	1
45	292	1
46	291	1
47	291	1
48	290	1
49	289	1
50	289	1
51	288	1
52	288	1
53	288	1
54	288	1
55	287	1
26	307	1
56	286	1
54	708	994
55	708	994
56	3	0
57	3	0
57	4	0
56	20	993
56	21	993
56	22	993
57	19	993
46	122	1
47	123	1
48	124	1
49	125	1
50	126	1
50	127	1
51	128	1
52	129	1
53	130	1
54	131	1
54	132	1
54	133	1
55	134	1
55	135	1
56	136	1
56	137	1
56	138	1
56	139	1
56	140	1
56	141	1
56	11	994
57	10	994
55	702	994
56	702	994
57	702	994
53	423	0
54	422	0
55	421	0
56	420	0
57	419	0
58	408	0
58	409	0
58	410	0
58	411	0
58	412	0
58	413	0
58	414	0
58	415	0
58	416	0
58	417	0
58	418	0
59	407	0
52	424	0
56	685	0
57	685	0
58	685	0
55	685	0
59	686	0
53	690	1
54	691	1
55	691	1
56	691	1
57	691	1
58	691	1
52	689	1
59	690	1
52	693	1
53	694	1
54	694	1
55	694	1
56	695	1
57	695	1
58	696	1
51	693	1
59	696	1
57	0	993
58	0	993
59	0	993
59	689	0
59	688	0
59	690	0
58	718	992
59	718	992
58	710	995
59	709	995
60	709	995
59	3	0
60	3	0
61	4	0
61	5	0
58	3	0
57	5	0
57	6	0
58	7	0
59	8	0
60	8	0
61	9	0
61	10	0
61	11	0
57	4	0
61	15	994
61	16	994
60	691	1
61	691	1
59	690	1
62	691	1
61	694	0
60	695	0
62	694	0
61	0	993
62	0	993
58	142	0
59	142	0
60	142	0
61	142	0
62	142	0
57	142	0
63	142	0
62	710	993
62	711	993
61	687	1
62	688	1
63	689	1
60	687	1
64	690	1
64	140	0
64	141	0
9	603	1
10	603	1
11	603	1
12	603	1
13	603	1
14	603	1
15	603	1
16	603	1
17	603	1
18	603	1
19	603	1
20	603	1
21	603	1
22	602	1
23	602	1
24	602	1
25	602	1
26	602	1
27	602	1
28	601	1
29	601	1
30	602	1
31	602	1
32	601	1
33	601	1
34	602	1
35	602	1
36	602	1
37	601	1
38	601	1
39	600	1
40	599	1
41	598	1
42	597	1
43	596	1
44	595	1
45	594	1
46	593	1
47	592	1
48	591	1
49	590	1
50	589	1
51	588	1
52	587	1
53	586	1
54	585	1
55	584	1
56	583	1
57	582	1
58	581	1
59	580	1
60	579	1
61	578	1
62	577	1
63	576	1
64	575	1
8	603	1
65	574	1
52	563	1
53	564	1
54	564	1
55	564	1
56	564	1
57	564	1
58	564	1
59	565	1
60	565	1
61	566	1
62	567	1
63	568	1
64	569	1
64	570	1
65	571	1
65	572	1
51	563	1
66	573	1
65	690	0
64	690	0
66	690	0
65	695	1
64	694	1
64	718	993
65	718	993
54	268	0
55	269	0
56	270	0
57	271	0
58	272	0
59	273	0
60	274	0
61	275	0
62	276	0
63	277	0
64	278	0
65	279	0
66	280	0
67	281	0
57	286	0
58	285	0
59	285	0
60	285	0
61	284	0
62	284	0
63	283	0
64	283	0
65	283	0
66	283	0
56	286	0
67	282	0
61	698	1
62	698	1
63	699	1
63	700	1
63	701	1
64	702	1
65	703	1
66	703	1
60	697	1
65	721	992
66	721	992
49	494	1
50	494	1
51	494	1
52	494	1
53	494	1
54	494	1
55	495	1
56	495	1
57	495	1
58	495	1
59	495	1
60	495	1
61	495	1
62	495	1
63	496	1
64	496	1
65	496	1
66	496	1
67	496	1
48	494	1
68	496	1
67	687	1
67	688	1
68	686	1
67	689	1
65	713	994
66	713	994
67	713	994
54	427	0
55	427	0
56	427	0
57	427	0
58	427	0
59	428	0
60	428	0
61	428	0
62	428	0
63	427	0
64	427	0
65	427	0
66	427	0
67	427	0
68	427	0
53	428	0
69	427	0
19	637	3
20	637	3
21	636	3
22	636	3
23	635	3
24	635	3
25	634	3
26	634	3
27	634	3
28	633	3
29	633	3
30	633	3
31	633	3
32	633	3
33	632	3
34	632	3
35	632	3
36	631	3
37	631	3
38	631	3
39	631	3
40	631	3
41	630	3
42	629	3
43	629	3
44	628	3
45	628	3
46	627	3
47	626	3
48	625	3
49	624	3
50	623	3
51	622	3
52	620	3
52	621	3
53	618	3
53	619	3
54	617	3
55	616	3
56	615	3
57	614	3
58	613	3
59	612	3
60	611	3
61	610	3
62	609	3
63	608	3
64	607	3
65	606	3
66	605	3
67	604	3
68	603	3
18	638	3
69	602	3
68	698	993
68	699	993
56	192	0
57	192	0
58	192	0
59	191	0
60	191	0
61	191	0
62	191	0
63	191	0
64	190	0
65	190	0
66	190	0
67	190	0
68	190	0
69	190	0
55	192	0
70	190	0
69	498	1
69	499	1
69	500	1
69	501	1
69	502	1
69	503	1
69	504	1
69	505	1
69	506	1
69	507	1
69	508	1
69	509	1
69	510	1
69	511	1
69	512	1
69	513	1
69	514	1
69	497	1
69	706	0
70	706	0
70	707	0
70	0	992
70	1	992
70	604	0
70	605	0
70	606	0
70	607	0
70	608	0
70	609	0
70	610	0
70	611	0
70	612	0
70	613	0
70	614	0
70	615	0
70	616	0
70	617	0
70	618	0
70	619	0
70	620	0
70	621	0
70	622	0
70	623	0
70	624	0
70	625	0
70	626	0
70	627	0
70	628	0
70	629	0
70	630	0
70	631	0
70	632	0
70	603	0
70	708	0
70	709	0
70	707	0
67	271	0
68	272	0
69	273	0
70	274	0
70	275	0
70	276	0
70	277	0
71	278	0
72	279	0
69	281	0
70	281	0
71	281	0
68	281	0
72	280	0
72	706	1
71	706	1
73	706	1
72	717	996
72	718	996
72	719	996
71	721	995
72	721	995
55	341	0
56	341	0
57	341	0
58	341	0
59	340	0
60	340	0
61	340	0
62	340	0
63	340	0
64	340	0
65	340	0
66	340	0
67	340	0
68	340	0
69	339	0
70	339	0
71	339	0
72	339	0
73	339	0
54	341	0
74	339	0
74	0	992
74	1	992
74	280	0
73	280	0
75	280	0
74	702	0
74	703	0
74	704	0
74	705	0
75	701	0
66	142	0
67	142	0
68	142	0
69	141	0
70	141	0
71	141	0
72	141	0
73	141	0
74	141	0
75	140	0
65	142	0
73	710	997
73	711	997
73	712	997
73	713	997
74	714	997
75	715	997
75	716	997
75	719	995
75	720	995
75	721	995
76	706	0
75	706	0
77	706	0
68	574	2
69	575	2
70	575	2
71	576	2
72	577	2
73	578	2
74	579	2
75	580	2
76	581	2
77	582	2
77	583	2
67	574	2
78	584	2
69	690	1
70	691	1
71	691	1
72	691	1
73	692	1
74	693	1
75	694	1
76	695	1
77	696	1
68	690	1
78	697	1
71	600	1
72	599	1
73	598	1
74	597	1
75	596	1
76	595	1
77	594	1
78	593	1
70	601	1
79	592	1
77	338	4
78	337	4
79	337	4
76	338	4
80	336	4
79	586	0
79	587	0
79	588	0
79	589	0
79	590	0
79	591	0
79	585	0
79	592	0
79	702	0
78	701	0
78	703	0
80	322	1
80	323	1
80	324	1
80	325	1
80	326	1
80	327	1
80	328	1
80	329	1
80	330	1
80	331	1
80	332	1
80	333	1
80	334	1
80	335	1
79	514	0
80	511	0
80	512	0
80	513	0
81	509	0
81	510	0
82	499	0
82	500	0
82	501	0
82	502	0
82	503	0
82	504	0
82	505	0
82	506	0
82	507	0
82	508	0
82	498	0
79	707	0
80	708	0
78	706	0
81	709	0
71	496	1
72	496	1
73	496	1
74	496	1
75	496	1
76	496	1
77	496	1
78	496	1
79	496	1
80	496	1
81	496	1
70	496	1
82	497	1
80	720	996
81	720	996
80	583	0
81	582	0
82	582	0
79	584	0
83	582	0
71	429	1
72	430	1
73	431	1
74	432	1
75	433	1
76	434	1
77	435	1
78	436	1
79	437	1
80	438	1
81	439	1
82	440	1
83	441	1
70	428	1
83	442	1
83	707	1
82	708	1
84	707	1
83	712	1
83	713	1
83	711	1
84	497	1
83	497	1
85	497	1
78	279	0
79	279	0
80	279	0
81	278	0
82	278	0
83	277	0
84	277	0
85	277	0
77	279	0
86	277	0
82	336	1
83	336	1
84	336	1
85	336	1
81	336	1
86	336	1
84	445	0
85	444	0
83	444	0
84	443	0
85	709	0
84	710	0
85	708	0
80	697	3
81	697	3
82	697	3
83	697	3
84	697	3
85	697	3
86	697	3
79	697	3
87	697	3
86	7	993
87	7	993
87	262	1
87	265	1
87	266	1
87	267	1
87	268	1
87	269	1
87	270	1
87	271	1
87	272	1
87	273	1
87	274	1
87	275	1
88	263	1
88	264	1
87	276	1
77	281	0
78	282	0
79	283	0
80	284	0
81	285	0
82	286	0
83	287	0
84	288	0
85	289	0
86	290	0
87	291	0
87	292	0
87	293	0
87	294	0
87	295	0
87	296	0
76	280	0
87	321	0
87	322	0
87	323	0
87	324	0
87	325	0
87	326	0
87	327	0
87	328	0
87	329	0
87	330	0
87	331	0
87	332	0
87	333	0
87	334	0
87	335	0
76	341	0
77	342	0
78	343	0
79	344	0
80	345	0
81	346	0
82	347	0
83	348	0
84	349	0
85	350	0
86	351	0
86	352	0
87	353	0
87	354	0
75	340	0
87	479	1
87	480	1
87	481	1
87	482	1
87	483	1
87	484	1
87	485	1
87	486	1
87	487	1
87	488	1
87	489	1
87	490	1
87	491	1
87	492	1
87	493	1
87	494	1
87	495	1
86	496	1
72	191	1
73	192	1
74	193	1
75	194	1
76	195	1
77	196	1
78	197	1
79	198	1
80	199	1
81	200	1
82	201	1
83	202	1
84	203	1
85	204	1
86	205	1
87	206	1
88	207	1
88	208	1
71	190	1
88	687	0
88	690	0
88	691	0
88	692	0
88	693	0
88	694	0
88	695	0
89	688	0
89	689	0
88	696	0
88	315	991
88	316	991
89	317	991
89	699	0
88	698	0
90	700	0
86	706	3
87	705	3
88	704	3
89	703	3
85	707	3
90	702	3
87	166	0
87	167	0
87	168	0
87	169	0
87	170	0
87	171	0
87	172	0
87	173	0
87	174	0
87	175	0
87	176	0
87	177	0
87	178	0
88	163	0
88	164	0
88	165	0
88	179	0
89	180	0
90	181	0
91	182	0
73	188	1
74	187	1
75	187	1
76	187	1
77	187	1
78	187	1
79	187	1
80	187	1
81	186	1
82	186	1
83	185	1
84	185	1
85	185	1
86	185	1
87	185	1
88	184	1
89	184	1
90	184	1
72	189	1
91	183	1
89	0	993
90	0	993
91	0	993
92	0	993
89	277	0
90	277	0
91	277	0
92	277	0
93	277	0
94	277	0
88	277	0
95	277	0
80	593	1
81	594	1
82	595	1
83	596	1
84	597	1
85	598	1
86	599	1
87	600	1
88	601	1
89	602	1
90	603	1
91	604	1
92	605	1
93	606	1
94	607	1
95	608	1
79	592	1
96	608	1
92	701	0
93	701	0
94	701	0
95	701	0
96	701	0
91	701	0
97	702	0
91	710	1
91	711	1
91	712	1
91	713	1
92	709	1
92	714	1
92	715	1
93	708	1
94	707	1
95	706	1
96	705	1
97	704	1
93	515	2
93	516	2
93	517	2
94	514	2
95	513	2
96	512	2
97	511	2
98	510	2
99	509	2
98	609	0
97	608	0
99	610	0
99	518	0
100	511	0
100	512	0
100	513	0
100	514	0
100	515	0
100	516	0
100	517	0
100	510	0
98	606	0
99	605	0
100	604	0
97	607	0
101	604	0
88	638	3
88	639	3
88	640	3
88	641	3
88	642	3
88	643	3
89	635	3
89	636	3
89	637	3
90	634	3
91	633	3
92	632	3
93	631	3
94	630	3
95	629	3
96	628	3
97	627	3
98	626	3
99	625	3
100	624	3
101	623	3
102	622	3
103	621	3
100	0	994
101	0	994
102	0	994
103	0	994
101	160	0
101	161	0
101	162	0
101	163	0
102	164	0
102	165	0
102	166	0
102	167	0
102	168	0
102	169	0
102	170	0
103	171	0
104	172	0
103	291	0
104	290	0
104	292	0
100	612	1
101	613	1
102	614	1
102	615	1
102	616	1
102	617	1
102	618	1
103	619	1
103	620	1
100	611	1
103	621	1
101	704	0
102	705	0
103	705	0
100	703	0
104	705	0
97	279	2
98	280	2
99	281	2
100	282	2
101	283	2
102	284	2
103	285	2
104	286	2
104	287	2
96	278	2
104	288	2
104	293	1
104	292	1
87	498	1
88	498	1
89	498	1
90	498	1
91	498	1
92	498	1
93	498	1
94	498	1
95	498	1
96	498	1
97	498	1
98	498	1
99	498	1
100	498	1
101	498	1
102	498	1
103	499	1
104	499	1
105	500	1
86	497	1
106	501	1
101	507	0
102	506	0
103	505	0
104	504	0
105	503	0
100	508	0
106	502	0
104	715	1
105	707	1
105	708	1
105	709	1
105	710	1
105	711	1
105	712	1
105	713	1
105	714	1
105	706	1
107	290	0
108	291	0
106	289	0
109	291	0
106	519	1
107	516	1
107	517	1
107	518	1
108	515	1
109	514	1
110	513	1
104	622	1
105	623	1
106	624	1
106	625	1
106	626	1
106	627	1
107	628	1
108	628	1
109	628	1
103	621	1
110	628	1
106	174	1
107	175	1
108	176	1
109	177	1
110	178	1
105	173	1
111	179	1
93	183	1
94	183	1
95	183	1
96	183	1
97	183	1
98	182	1
99	182	1
100	182	1
101	182	1
102	182	1
103	181	1
104	181	1
105	181	1
106	181	1
107	181	1
108	181	1
109	181	1
110	181	1
92	183	1
111	180	1
107	258	0
107	259	0
107	260	0
107	261	0
107	262	0
107	263	0
107	264	0
107	265	0
107	266	0
107	267	0
107	268	0
107	269	0
107	270	0
108	271	0
109	272	0
110	273	0
111	274	0
97	276	0
98	276	0
99	276	0
100	276	0
101	276	0
102	276	0
103	276	0
104	276	0
105	276	0
106	276	0
107	276	0
108	276	0
109	276	0
110	276	0
96	277	0
111	275	0
110	293	0
110	292	0
110	522	1
111	515	1
111	516	1
111	517	1
111	518	1
111	519	1
111	520	1
111	521	1
111	514	1
102	602	1
103	601	1
104	600	1
105	599	1
106	598	1
107	597	1
108	596	1
109	595	1
110	594	1
111	593	1
102	603	1
112	593	1
101	701	0
102	700	0
103	699	0
104	698	0
105	697	0
106	696	0
107	695	0
108	694	0
109	694	0
110	693	0
111	693	0
100	702	0
112	693	0
107	705	1
108	705	1
109	705	1
110	705	1
111	705	1
106	705	1
112	705	1
111	260	1
112	261	1
112	262	1
112	263	1
112	264	1
112	265	1
112	266	1
112	267	1
112	268	1
112	269	1
112	270	1
112	271	1
112	272	1
112	273	1
110	147	0
111	148	0
112	148	0
113	148	0
114	148	0
110	151	0
111	151	0
112	152	0
113	152	0
114	152	0
111	290	0
112	289	0
113	288	0
110	291	0
114	288	0
84	580	1
85	579	1
86	578	1
87	577	1
88	576	1
89	575	1
90	574	1
91	573	1
92	572	1
93	571	1
94	570	1
95	569	1
96	568	1
97	567	1
98	566	1
99	565	1
100	564	1
101	564	1
102	564	1
103	564	1
104	564	1
105	564	1
106	565	1
107	565	1
108	565	1
109	565	1
110	565	1
111	565	1
112	566	1
113	566	1
84	581	1
114	566	1
113	695	0
113	696	0
113	697	0
113	698	0
113	699	0
113	700	0
113	701	0
113	702	0
113	703	0
113	694	0
113	704	0
115	150	0
115	149	0
115	151	0
89	336	0
90	336	0
91	336	0
92	336	0
93	336	0
94	336	0
95	336	0
96	336	0
97	336	0
98	336	0
99	336	0
100	336	0
101	336	0
102	336	0
103	336	0
104	336	0
105	336	0
106	336	0
107	336	0
108	336	0
109	336	0
110	336	0
111	336	0
112	336	0
113	335	0
114	335	0
115	335	0
88	336	0
116	335	0
112	629	0
113	630	0
114	630	0
115	630	0
111	628	0
116	631	0
102	647	2
102	648	2
102	649	2
103	646	2
104	645	2
105	644	2
106	643	2
107	642	2
108	641	2
109	640	2
110	639	2
111	638	2
112	637	2
113	636	2
114	635	2
115	634	2
116	633	2
116	144	1
116	145	1
116	146	1
115	147	1
117	143	1
105	161	1
105	162	1
105	163	1
105	164	1
105	165	1
105	166	1
105	167	1
105	168	1
105	169	1
105	170	1
106	160	1
107	160	1
108	160	1
109	159	1
110	159	1
111	159	1
112	159	1
113	159	1
114	160	1
115	161	1
116	162	1
105	171	1
117	163	1
116	153	0
117	154	0
115	152	0
118	155	0
115	290	0
116	291	0
117	292	0
117	293	0
115	289	0
117	337	2
117	336	2
117	594	0
116	593	0
118	593	0
115	693	1
116	693	1
117	693	1
114	693	1
118	694	1
117	703	0
116	704	0
118	702	0
118	156	0
118	157	0
118	158	0
118	159	0
118	160	0
118	161	0
118	155	0
118	162	0
108	501	1
109	501	1
110	501	1
111	501	1
112	501	1
113	501	1
114	501	1
115	501	1
116	501	1
117	502	1
118	502	1
107	501	1
119	503	1
112	512	0
113	511	0
114	510	0
115	509	0
116	508	0
117	507	0
118	506	0
111	513	0
119	505	0
118	632	0
117	632	0
119	632	0
118	696	2
118	697	2
118	698	2
118	699	2
118	695	2
118	700	2
117	706	1
118	707	1
116	705	1
119	707	1
118	717	1
118	718	1
119	716	1
120	715	1
118	137	0
119	137	0
120	138	0
119	144	0
118	143	0
120	143	0
86	582	1
87	582	1
88	582	1
89	582	1
90	582	1
91	582	1
92	582	1
93	582	1
94	582	1
95	582	1
96	582	1
97	582	1
98	582	1
99	582	1
100	582	1
101	582	1
102	582	1
103	582	1
104	582	1
105	582	1
106	582	1
107	582	1
108	582	1
109	582	1
110	582	1
111	582	1
112	582	1
113	582	1
114	582	1
115	582	1
116	582	1
117	582	1
118	582	1
119	582	1
85	582	1
120	582	1
120	140	1
120	139	1
120	141	1
113	591	1
114	590	1
115	589	1
116	588	1
117	587	1
118	587	1
119	587	1
120	586	1
113	592	1
120	694	1
119	694	1
121	694	1
120	709	1
120	710	1
120	711	1
120	712	1
120	713	1
120	714	1
120	708	1
120	715	1
119	154	0
120	153	0
121	152	0
118	155	0
122	152	0
121	504	0
120	504	0
122	504	0
120	700	2
121	698	2
121	699	2
122	696	2
122	697	2
119	701	2
122	695	2
121	525	1
122	523	1
122	524	1
123	506	1
123	507	1
123	508	1
123	509	1
123	510	1
123	511	1
123	512	1
123	513	1
123	514	1
123	515	1
123	516	1
123	517	1
123	518	1
123	519	1
123	520	1
123	521	1
123	522	1
123	505	1
104	604	1
105	604	1
106	604	1
107	604	1
108	604	1
109	604	1
110	604	1
111	604	1
112	604	1
113	604	1
114	604	1
115	604	1
116	604	1
117	604	1
118	604	1
119	604	1
120	604	1
121	603	1
122	603	1
103	604	1
121	716	2
122	717	2
120	715	2
122	132	991
123	132	991
123	150	0
123	151	0
120	592	0
121	592	0
122	592	0
123	593	0
123	594	0
123	595	0
123	596	0
119	592	0
123	606	989
123	607	989
102	610	1
103	610	1
104	610	1
105	610	1
106	610	1
107	610	1
108	610	1
109	610	1
110	610	1
111	610	1
112	610	1
113	610	1
114	610	1
115	610	1
116	610	1
117	610	1
118	610	1
119	610	1
120	610	1
121	610	1
122	610	1
123	610	1
101	610	1
114	274	0
115	274	0
116	274	0
117	274	0
118	274	0
119	274	0
120	274	0
121	274	0
122	274	0
123	274	0
124	274	0
113	274	0
125	275	0
115	286	0
116	285	0
117	284	0
118	283	0
119	282	0
120	281	0
121	280	0
122	279	0
123	278	0
124	277	0
115	287	0
125	276	0
125	504	0
124	504	0
126	504	0
125	658	0
125	659	0
126	656	0
126	657	0
126	655	0
126	141	992
126	142	992
126	143	992
118	165	0
119	166	0
120	167	0
121	168	0
122	169	0
123	170	0
124	171	0
125	172	0
126	173	0
118	164	0
127	174	0
113	179	1
114	179	1
115	179	1
116	179	1
117	179	1
118	179	1
119	179	1
120	179	1
121	179	1
122	179	1
123	179	1
124	178	1
125	177	1
126	176	1
112	179	1
127	175	1
121	630	0
122	629	0
123	628	0
124	627	0
125	626	0
126	625	0
120	631	0
127	624	0
121	633	1
121	634	1
122	635	1
123	635	1
124	635	1
125	636	1
126	636	1
120	632	1
127	636	1
122	707	0
123	707	0
124	707	0
125	707	0
126	707	0
121	707	0
127	707	0
124	293	2
125	292	2
126	291	2
127	290	2
128	290	2
121	584	0
122	585	0
123	586	0
124	586	0
125	586	0
126	586	0
127	586	0
121	583	0
128	586	0
127	595	0
127	596	0
128	594	0
112	626	1
113	625	1
114	624	1
115	623	1
116	622	1
117	621	1
118	620	1
119	619	1
120	618	1
121	617	1
122	616	1
123	615	1
124	614	1
125	613	1
126	613	1
127	614	1
127	615	1
127	616	1
127	617	1
127	618	1
127	619	1
127	620	1
127	621	1
127	622	1
111	627	1
127	623	1
125	152	1
126	152	1
127	152	1
128	153	1
129	154	1
129	155	1
129	156	1
129	157	1
129	158	1
129	159	1
129	160	1
129	161	1
129	162	1
129	163	1
129	164	1
129	165	1
129	166	1
129	167	1
129	168	1
129	169	1
129	170	1
129	171	1
129	172	1
129	173	1
124	152	1
129	174	1
127	275	0
128	275	0
129	275	0
126	275	0
130	275	0
127	590	0
127	591	0
128	589	0
129	588	0
128	592	0
129	587	0
128	608	987
129	607	987
129	624	0
128	624	0
130	623	0
124	694	1
125	694	1
126	694	1
127	694	1
128	694	1
129	694	1
123	694	1
130	286	0
130	287	0
130	288	0
131	277	0
131	278	0
131	279	0
131	280	0
131	281	0
131	282	0
131	283	0
131	284	0
131	285	0
130	289	0
131	276	0
116	567	2
117	567	2
118	567	2
119	567	2
120	567	2
121	567	2
122	567	2
123	567	2
124	567	2
125	567	2
126	567	2
127	567	2
128	567	2
129	567	2
130	567	2
115	566	2
131	567	2
122	138	0
123	137	0
124	136	0
125	136	0
126	136	0
127	136	0
128	136	0
129	136	0
130	136	0
131	136	0
131	142	0
131	143	0
132	137	0
132	139	0
132	140	0
132	141	0
133	138	0
121	138	0
130	293	0
131	292	0
129	292	0
130	291	0
122	580	1
123	579	1
124	578	1
125	577	1
126	576	1
127	575	1
128	574	1
129	573	1
130	572	1
131	571	1
121	581	1
132	570	1
131	614	0
131	615	0
131	616	0
131	619	0
131	620	0
131	618	0
131	621	0
129	638	0
130	638	0
131	638	0
128	637	0
132	639	0
119	653	0
119	654	0
119	655	0
119	656	0
120	652	0
120	657	0
121	651	0
121	657	0
122	650	0
122	656	0
123	649	0
123	655	0
124	648	0
124	654	0
125	647	0
126	646	0
127	645	0
128	644	0
129	643	0
130	642	0
131	641	0
125	654	0
132	640	0
119	256	1
119	257	1
119	258	1
119	259	1
119	260	1
120	261	1
121	262	1
122	263	1
123	264	1
124	265	1
125	266	1
126	267	1
127	268	1
128	269	1
129	270	1
130	271	1
131	272	1
132	273	1
133	274	1
116	564	0
117	563	0
118	562	0
119	561	0
120	560	0
121	559	0
122	558	0
123	557	0
124	556	0
125	555	0
126	554	0
127	553	0
128	552	0
129	551	0
130	552	0
131	552	0
132	553	0
132	554	0
132	555	0
132	556	0
132	557	0
132	558	0
132	559	0
132	560	0
132	561	0
132	562	0
132	563	0
132	564	0
132	565	0
115	565	0
132	566	0
129	598	1
129	599	1
129	600	1
130	597	1
131	597	1
132	596	1
133	597	1
132	622	0
131	621	0
131	623	0
131	175	1
132	175	1
133	175	1
130	175	1
134	175	1
128	131	0
129	131	0
130	132	0
131	132	0
132	132	0
133	132	0
134	132	0
135	132	0
134	694	992
134	695	992
135	693	992
129	708	1
130	708	1
131	708	1
132	708	1
133	708	1
134	708	1
128	707	1
135	709	1
134	125	992
134	126	992
135	127	992
135	160	0
135	161	0
135	162	0
135	163	0
135	164	0
135	165	0
135	166	0
135	167	0
135	168	0
135	169	0
135	170	0
135	171	0
135	172	0
135	173	0
135	159	0
135	174	0
131	305	2
131	306	2
131	307	2
131	308	2
131	309	2
131	310	2
131	311	2
131	312	2
131	313	2
131	314	2
131	315	2
131	316	2
131	317	2
131	318	2
132	304	2
132	319	2
133	304	2
133	320	2
134	305	2
134	321	2
135	306	2
135	322	2
136	307	2
128	503	0
129	503	0
130	504	0
131	505	0
132	505	0
133	505	0
134	505	0
135	505	0
127	504	0
136	506	0
130	593	0
131	592	0
132	591	0
133	590	0
134	589	0
135	588	0
129	593	0
136	587	0
135	599	0
135	600	0
134	598	0
134	639	0
135	639	0
133	639	0
136	639	0
136	154	0
136	155	0
136	156	0
136	310	1
136	311	1
136	312	1
136	313	1
136	314	1
136	315	1
136	316	1
136	317	1
136	318	1
136	319	1
136	320	1
137	309	1
136	321	1
137	308	1
136	597	0
135	597	0
137	597	0
133	616	1
134	615	1
135	615	1
136	616	1
132	617	1
127	652	0
128	651	0
129	650	0
130	649	0
131	648	0
132	647	0
133	646	0
134	645	0
135	644	0
136	643	0
126	653	0
137	642	0
137	157	0
136	156	0
136	158	0
119	335	0
120	335	0
121	335	0
122	334	0
123	334	0
124	334	0
125	334	0
126	334	0
127	334	0
128	333	0
129	333	0
130	333	0
131	333	0
132	333	0
133	333	0
134	333	0
135	333	0
136	333	0
137	333	0
118	335	0
138	333	0
137	589	0
137	590	0
137	591	0
137	592	0
137	593	0
137	594	0
137	595	0
137	588	0
138	596	0
129	705	1
130	704	1
131	703	1
132	702	1
133	701	1
134	700	1
135	699	1
136	699	1
137	698	1
128	706	1
137	125	990
138	125	990
136	324	0
137	325	0
138	326	0
136	323	0
139	327	0
136	130	0
137	129	0
138	128	0
139	127	0
136	131	0
139	328	0
139	329	0
139	330	0
139	331	0
139	327	0
139	332	0
139	599	0
139	600	0
139	601	0
139	598	0
129	635	1
130	634	1
131	633	1
132	632	1
133	631	1
134	630	1
135	629	1
136	628	1
137	627	1
138	626	1
139	619	1
139	620	1
139	621	1
139	622	1
139	623	1
139	624	1
139	625	1
128	636	1
139	255	0
140	256	0
140	254	0
141	255	0
139	506	0
140	506	0
141	506	0
138	506	0
142	506	0
142	121	990
142	122	990
134	274	0
135	274	0
136	274	0
137	274	0
138	274	0
139	274	0
140	274	0
141	274	0
142	274	0
143	274	0
133	274	0
144	274	0
138	508	0
139	509	0
140	510	0
141	511	0
142	512	0
143	513	0
137	507	0
143	514	0
128	506	0
129	507	0
130	508	0
131	509	0
132	510	0
133	511	0
134	512	0
135	513	0
136	514	0
137	515	0
138	516	0
139	517	0
140	518	0
141	519	0
142	520	0
143	517	0
143	518	0
143	519	0
127	505	0
143	516	0
134	569	0
135	569	0
136	569	0
137	569	0
138	569	0
139	569	0
140	569	0
141	570	0
142	571	0
143	572	0
133	569	0
144	573	0
131	586	1
132	585	1
133	584	1
134	583	1
135	582	1
136	581	1
137	580	1
138	579	1
139	578	1
140	577	1
141	576	1
142	575	1
143	574	1
130	586	1
144	573	1
140	660	1
141	650	1
141	651	1
141	652	1
141	653	1
141	654	1
141	655	1
141	656	1
141	657	1
141	658	1
141	659	1
142	649	1
143	648	1
144	647	1
137	711	1
138	712	1
139	713	1
140	714	1
141	715	1
142	716	1
143	717	1
143	718	1
136	710	1
138	134	1
139	134	1
140	133	1
141	133	1
142	133	1
143	133	1
144	132	1
137	133	1
145	132	1
144	254	2
143	253	2
143	255	2
144	617	987
144	618	987
137	707	0
138	706	0
139	705	0
140	705	0
141	705	0
142	705	0
143	705	0
144	705	0
136	708	0
145	704	0
145	1	0
145	2	0
145	3	0
145	4	0
145	5	0
145	6	0
146	7	0
141	26	0
142	26	0
143	26	0
144	26	0
145	21	0
145	22	0
145	23	0
145	24	0
145	25	0
146	16	0
146	17	0
146	18	0
146	19	0
146	20	0
146	15	0
139	641	1
140	641	1
141	641	1
142	641	1
143	641	1
144	641	1
145	641	1
138	641	1
146	642	1
145	649	0
145	650	0
145	651	0
145	652	0
145	653	0
145	654	0
145	655	0
145	656	0
145	657	0
145	658	0
145	659	0
145	660	0
145	661	0
145	662	0
145	663	0
145	664	0
145	665	0
145	666	0
145	667	0
145	648	0
141	699	1
142	699	1
143	700	1
144	701	1
145	702	1
145	703	1
145	718	1
145	719	1
145	720	1
146	717	1
145	10	0
146	11	0
146	12	0
146	9	0
146	13	0
143	257	0
143	258	0
144	259	0
145	260	0
146	261	0
143	256	0
147	262	0
138	306	1
139	305	1
140	305	1
140	326	1
141	305	1
141	325	1
142	305	1
142	324	1
143	306	1
143	307	1
143	323	1
144	308	1
144	322	1
145	309	1
145	321	1
146	310	1
146	311	1
146	312	1
146	313	1
146	314	1
146	315	1
146	316	1
146	317	1
146	318	1
146	319	1
146	320	1
137	307	1
139	327	1
145	516	0
146	517	0
144	515	0
147	518	0
146	600	0
146	601	0
146	602	0
147	599	0
148	598	0
146	645	0
145	646	0
147	644	0
142	128	0
143	128	0
144	127	0
145	127	0
146	127	0
147	127	0
148	128	0
145	573	1
146	573	1
147	573	1
144	573	1
148	574	1
138	585	1
139	584	1
140	583	1
141	582	1
142	581	1
143	580	1
144	579	1
145	578	1
146	577	1
147	576	1
137	586	1
148	575	1
138	638	0
139	637	0
140	636	0
141	635	0
142	634	0
143	633	0
144	632	0
145	631	0
146	630	0
147	629	0
137	639	0
148	628	0
147	720	0
147	719	0
148	255	0
148	256	0
148	257	0
148	258	0
148	259	0
148	260	0
148	254	0
148	261	0
145	276	1
145	277	1
145	278	1
145	279	1
145	280	1
145	281	1
145	282	1
145	283	1
145	284	1
145	285	1
145	286	1
145	287	1
145	288	1
145	289	1
145	290	1
145	291	1
145	292	1
145	293	1
146	294	1
147	294	1
148	294	1
145	275	1
147	618	0
148	619	0
148	620	0
148	621	0
148	622	0
148	623	0
148	624	0
148	625	0
148	626	0
148	14	0
149	15	0
147	14	0
149	122	1
149	123	1
149	124	1
149	125	1
149	126	1
150	121	1
149	127	1
147	253	0
148	252	0
149	253	0
148	254	0
148	254	0
149	520	1
148	519	1
150	519	1
149	600	1
149	601	1
149	602	1
149	603	1
149	604	1
149	605	1
149	606	1
149	607	1
149	599	1
148	707	1
148	708	1
149	709	1
148	706	1
150	710	1
147	715	0
148	714	0
149	713	0
147	716	0
150	712	0
149	719	0
148	718	0
148	8	1
149	8	1
150	8	1
147	8	1
149	142	992
150	142	992
150	146	992
150	147	992
150	515	1
151	514	1
151	516	1
148	30	999
149	31	999
150	31	999
151	31	999
151	517	1
150	518	1
151	516	1
150	574	0
151	574	0
149	574	0
152	574	0
149	644	0
150	644	0
151	644	0
148	644	0
152	644	0
151	155	1
152	154	1
152	156	1
153	155	1
150	626	1
151	625	1
152	623	1
152	624	1
149	627	1
152	661	0
152	662	0
153	646	0
153	647	0
153	648	0
153	649	0
153	650	0
153	651	0
153	652	0
153	653	0
153	654	0
153	655	0
153	656	0
153	657	0
153	658	0
153	659	0
153	660	0
153	645	0
148	137	0
149	138	0
150	135	0
150	138	0
151	135	0
151	138	0
152	135	0
152	138	0
153	136	0
153	137	0
148	136	0
149	135	0
153	551	0
153	552	0
153	553	0
153	554	0
153	555	0
153	556	0
153	557	0
153	558	0
153	559	0
153	560	0
153	561	0
153	562	0
153	563	0
153	564	0
153	565	0
153	566	0
153	567	0
153	568	0
153	569	0
153	570	0
153	571	0
153	572	0
153	573	0
153	713	0
153	714	0
153	715	0
153	716	0
153	717	0
153	718	0
153	719	0
153	712	0
153	128	1
154	128	1
152	128	1
155	128	1
154	144	993
154	145	993
141	333	0
142	334	0
143	334	0
144	334	0
145	334	0
146	334	0
147	334	0
148	334	0
149	334	0
150	334	0
151	334	0
152	334	0
153	334	0
154	333	0
140	333	0
148	641	0
149	640	0
150	639	0
151	638	0
152	637	0
153	636	0
154	635	0
147	642	0
155	634	0
149	263	1
150	264	1
151	265	1
152	266	1
153	267	1
154	268	1
155	269	1
148	262	1
156	270	1
147	274	0
148	274	0
149	274	0
150	274	0
151	273	0
152	273	0
153	273	0
154	273	0
155	272	0
146	274	0
156	271	0
71	426	3
72	426	3
73	426	3
74	426	3
75	426	3
76	426	3
77	426	3
78	426	3
79	426	3
80	426	3
81	426	3
82	426	3
83	426	3
84	426	3
85	426	3
86	426	3
87	426	3
88	426	3
89	426	3
90	426	3
91	426	3
92	426	3
93	426	3
94	426	3
95	426	3
96	426	3
97	426	3
98	426	3
99	426	3
100	426	3
101	426	3
102	426	3
103	426	3
104	426	3
105	426	3
106	426	3
107	426	3
108	427	3
109	427	3
110	427	3
111	427	3
112	427	3
113	428	3
114	428	3
115	428	3
116	428	3
117	428	3
118	428	3
119	428	3
120	428	3
121	428	3
122	428	3
123	428	3
124	429	3
125	429	3
126	430	3
127	430	3
128	431	3
129	430	3
130	430	3
131	431	3
132	431	3
133	431	3
134	431	3
135	431	3
136	431	3
137	431	3
138	431	3
139	431	3
140	431	3
141	431	3
142	431	3
143	431	3
144	431	3
145	431	3
146	431	3
147	431	3
148	431	3
149	431	3
150	431	3
151	431	3
152	431	3
153	431	3
154	431	3
155	430	3
70	427	3
144	507	2
145	507	2
146	507	2
147	507	2
148	507	2
149	507	2
150	507	2
151	507	2
152	507	2
153	507	2
154	507	2
155	507	2
143	506	2
156	508	2
153	512	0
154	511	0
155	510	0
152	513	0
156	509	0
141	597	0
142	596	0
143	595	0
144	594	0
145	593	0
146	592	0
147	591	0
148	590	0
149	589	0
150	588	0
151	587	0
152	586	0
153	585	0
154	584	0
155	583	0
140	597	0
156	583	0
155	624	1
155	625	1
155	626	1
155	627	1
155	628	1
155	629	1
155	630	1
155	631	1
155	632	1
155	644	1
154	644	1
156	644	1
150	704	0
151	703	0
152	702	0
153	702	0
154	702	0
155	703	0
155	704	0
149	704	0
156	705	0
156	123	0
156	124	0
156	125	0
156	126	0
156	127	0
151	492	0
152	492	0
153	491	0
154	491	0
155	491	0
156	491	0
157	491	0
144	504	0
145	503	0
146	502	0
147	501	0
148	500	0
149	499	0
150	498	0
151	497	0
152	497	0
153	496	0
154	496	0
155	496	0
156	496	0
143	505	0
157	496	0
154	516	0
155	517	0
155	518	0
156	519	0
156	520	0
153	515	0
150	596	1
151	595	1
152	594	1
153	593	1
154	592	1
155	591	1
156	590	1
149	597	1
157	589	1
153	30	999
154	29	999
155	28	999
156	27	999
157	24	999
157	25	999
157	26	999
158	5	999
158	6	999
158	7	999
158	8	999
158	9	999
158	10	999
158	11	999
158	12	999
158	13	999
158	14	999
158	15	999
158	16	999
158	17	999
158	18	999
158	19	999
158	20	999
158	21	999
158	22	999
158	23	999
159	0	999
159	1	999
159	2	999
159	3	999
159	4	999
157	488	0
158	487	0
158	489	0
157	585	0
157	586	0
157	587	0
157	584	0
157	588	0
157	707	0
157	708	0
157	709	0
157	706	0
157	710	0
155	720	2
156	713	2
156	714	2
156	715	2
156	716	2
156	717	2
156	718	2
156	719	2
156	721	2
157	721	2
156	712	2
158	128	0
157	128	0
159	128	0
157	142	1
158	140	1
158	141	1
159	139	1
158	271	0
157	271	0
159	271	0
158	484	0
158	485	0
158	486	0
158	487	0
158	493	0
158	494	0
158	492	0
158	495	0
158	579	0
158	580	0
159	578	0
158	581	0
160	577	0
158	603	0
159	602	0
159	604	0
159	130	0
159	131	0
159	132	0
159	133	0
159	134	0
159	135	0
159	136	0
159	137	0
159	138	0
160	129	0
155	574	0
156	574	0
157	574	0
158	574	0
159	575	0
154	574	0
160	576	0
159	590	1
159	591	1
159	592	1
159	593	1
159	594	1
159	595	1
159	596	1
159	597	1
159	598	1
159	599	1
159	600	1
159	601	1
158	589	1
159	602	1
157	632	1
158	631	1
159	626	1
159	627	1
159	628	1
159	629	1
159	630	1
160	625	1
156	633	1
159	647	2
159	648	2
159	649	2
159	650	2
159	651	2
159	652	2
159	653	2
159	654	2
159	655	2
159	656	2
159	657	2
159	658	2
159	659	2
159	660	2
159	661	2
159	662	2
159	646	2
158	703	1
159	704	1
157	704	1
158	705	1
160	603	0
159	602	0
159	604	0
160	605	0
159	604	0
161	258	1
161	259	1
161	260	1
161	261	1
161	262	1
161	263	1
161	264	1
161	265	1
161	266	1
161	267	1
161	490	0
160	489	0
162	490	0
159	497	1
160	498	1
161	499	1
158	496	1
162	500	1
158	508	0
159	508	0
160	508	0
161	508	0
157	508	0
162	508	0
163	492	0
163	493	0
163	494	0
163	495	0
163	496	0
163	497	0
163	498	0
163	491	0
163	499	0
163	510	0
163	511	0
163	512	0
163	513	0
163	514	0
163	515	0
163	516	0
163	517	0
163	518	0
163	519	0
163	509	0
144	693	990
145	692	990
146	692	990
147	692	990
148	692	990
149	692	990
150	692	990
151	692	990
152	692	990
153	692	990
154	693	990
155	693	990
156	692	990
157	692	990
158	692	990
159	692	990
160	692	990
161	692	990
162	692	990
163	692	990
162	123	1
163	122	1
164	121	1
162	124	1
165	121	1
164	126	0
163	125	0
163	127	0
165	507	0
166	506	0
164	508	0
167	506	0
159	711	1
160	711	1
161	711	1
162	711	1
163	711	1
164	711	1
165	711	1
166	711	1
158	711	1
167	711	1
164	501	0
165	502	0
166	503	0
167	504	0
163	500	0
168	505	0
166	692	989
167	692	989
167	518	1
168	508	1
168	509	1
168	510	1
168	511	1
168	512	1
168	513	1
168	514	1
168	515	1
168	516	1
168	517	1
168	507	1
158	642	0
159	641	0
160	640	0
161	639	0
162	638	0
163	637	0
164	636	0
165	635	0
166	634	0
167	633	0
168	632	0
157	643	0
169	631	0
168	702	1
168	703	1
168	704	1
168	705	1
168	706	1
168	707	1
168	708	1
168	709	1
168	710	1
166	123	0
167	124	0
168	125	0
169	126	0
166	122	0
170	127	0
164	129	1
165	129	1
166	129	1
167	129	1
168	129	1
169	129	1
163	128	1
170	128	1
136	176	1
137	176	1
138	176	1
139	176	1
140	176	1
141	176	1
142	176	1
143	176	1
144	176	1
145	176	1
146	176	1
147	176	1
148	176	1
149	176	1
150	176	1
151	176	1
152	176	1
153	176	1
154	176	1
155	176	1
156	176	1
157	176	1
158	176	1
159	176	1
160	176	1
161	176	1
162	176	1
163	175	1
164	175	1
165	175	1
166	176	1
167	176	1
168	176	1
169	176	1
135	175	1
170	176	1
167	139	1
168	138	1
169	137	1
170	136	1
171	135	1
170	505	0
169	505	0
171	505	0
168	120	0
169	120	0
170	120	0
171	121	0
171	122	0
171	123	0
171	124	0
171	125	0
167	120	0
171	126	0
171	130	1
171	131	1
171	132	1
171	133	1
171	134	1
172	129	1
169	144	2
170	145	2
171	146	2
172	145	2
154	157	3
155	158	3
156	159	3
157	160	3
158	161	3
159	162	3
160	163	3
161	164	3
162	165	3
163	166	3
164	167	3
165	168	3
166	169	3
167	170	3
168	171	3
169	172	3
170	173	3
171	174	3
153	156	3
172	175	3
151	199	2
152	197	2
152	198	2
153	196	2
154	195	2
155	194	2
156	193	2
157	192	2
158	191	2
159	190	2
160	189	2
161	188	2
162	187	2
163	186	2
164	185	2
165	184	2
166	183	2
167	182	2
168	181	2
169	180	2
170	179	2
171	178	2
171	177	2
161	272	0
162	272	0
163	272	0
164	272	0
165	272	0
166	272	0
167	273	0
168	273	0
169	273	0
170	273	0
171	274	0
160	271	0
172	275	0
156	292	3
156	293	3
156	294	3
156	295	3
156	296	3
157	291	3
158	290	3
159	289	3
160	288	3
161	287	3
162	286	3
163	285	3
164	284	3
165	283	3
166	282	3
167	281	3
168	280	3
169	279	3
170	278	3
171	277	3
172	276	3
170	628	0
171	629	0
169	629	0
170	630	0
172	310	990
172	311	990
173	143	0
172	144	0
174	144	0
165	490	0
166	490	0
167	490	0
168	490	0
169	491	0
170	492	0
170	493	0
171	494	0
171	495	0
172	496	0
173	497	0
164	490	0
174	498	0
170	711	0
171	711	0
172	711	0
173	711	0
169	711	0
174	711	0
174	499	1
174	500	1
174	501	1
174	498	1
174	502	1
173	506	0
174	507	0
174	508	0
174	509	0
174	510	0
174	511	0
174	512	0
174	513	0
174	514	0
174	515	0
174	516	0
174	517	0
174	518	0
174	519	0
172	505	0
159	582	0
160	583	0
161	584	0
162	585	0
163	586	0
164	587	0
165	588	0
166	589	0
167	590	0
168	591	0
169	592	0
170	593	0
171	594	0
172	595	0
173	596	0
174	597	0
174	598	0
158	581	0
152	150	0
153	150	0
154	150	0
155	151	0
156	152	0
157	153	0
158	154	0
159	155	0
160	156	0
161	157	0
162	158	0
163	159	0
164	160	0
165	161	0
166	162	0
167	163	0
168	164	0
169	165	0
170	166	0
171	167	0
172	168	0
173	169	0
174	170	0
175	171	0
176	172	0
173	175	0
174	175	0
175	175	0
172	175	0
176	174	0
163	267	2
164	266	2
165	265	2
166	264	2
167	263	2
168	262	2
169	261	2
170	260	2
171	259	2
172	258	2
173	257	2
174	256	2
175	253	2
175	254	2
175	255	2
176	251	2
176	252	2
162	268	2
174	719	1
175	713	1
175	714	1
175	715	1
175	716	1
175	717	1
175	718	1
175	712	1
174	128	0
175	128	0
176	128	0
173	128	0
177	128	0
173	136	0
174	137	0
174	138	0
175	139	0
176	140	0
172	135	0
177	141	0
171	692	988
172	692	988
173	693	988
174	693	988
175	693	988
176	692	988
176	503	0
177	502	0
175	503	0
178	502	0
178	130	1
178	131	1
178	132	1
178	133	1
178	134	1
178	135	1
178	136	1
178	137	1
178	138	1
178	139	1
178	129	1
178	140	1
176	119	1
177	120	1
177	121	1
178	122	1
179	123	1
180	124	1
161	139	0
162	140	0
163	141	0
163	142	0
163	143	0
163	144	0
163	145	0
163	146	0
163	147	0
163	148	0
163	149	0
163	150	0
163	151	0
163	152	0
163	153	0
164	154	0
165	155	0
166	156	0
167	157	0
168	158	0
169	159	0
170	160	0
171	161	0
172	162	0
173	163	0
174	164	0
175	165	0
176	166	0
177	167	0
178	168	0
179	169	0
160	139	0
180	170	0
178	173	0
179	172	0
177	173	0
180	171	0
180	128	0
179	128	0
181	127	0
181	120	0
181	121	0
181	122	0
182	118	0
182	119	0
181	123	0
181	135	0
182	134	0
182	136	0
175	497	1
176	496	1
177	495	1
178	494	1
179	493	1
180	492	1
181	490	1
181	491	1
174	498	1
183	132	0
182	133	0
184	133	0
184	139	0
183	138	0
185	138	0
175	146	0
176	147	0
177	148	0
178	149	0
179	150	0
180	151	0
181	152	0
182	153	0
183	154	0
184	155	0
174	145	0
185	156	0
180	503	0
181	503	0
182	503	0
183	504	0
184	504	0
179	502	0
185	504	0
177	711	0
178	711	0
179	711	0
180	711	0
181	711	0
182	711	0
183	711	0
184	711	0
176	711	0
185	711	0
183	127	1
184	127	1
185	127	1
182	127	1
186	128	1
185	133	0
186	130	0
186	131	0
186	132	0
184	133	0
186	129	0
178	143	0
179	144	0
180	145	0
181	146	0
182	147	0
183	148	0
184	149	0
185	150	0
186	151	0
178	142	0
187	152	0
186	138	1
187	139	1
187	140	1
187	141	1
187	142	1
185	138	1
188	143	1
186	155	0
187	153	0
187	154	0
185	156	0
187	152	0
180	500	1
181	499	1
182	498	1
183	497	1
184	496	1
185	495	1
186	488	1
186	494	1
187	489	1
187	490	1
187	491	1
187	492	1
187	493	1
179	501	1
160	644	1
161	644	1
162	644	1
163	644	1
164	644	1
165	644	1
166	645	1
167	645	1
168	645	1
169	645	1
170	645	1
171	644	1
172	644	1
173	645	1
174	645	1
175	645	1
176	645	1
177	645	1
178	645	1
179	646	1
180	647	1
181	648	1
182	649	1
183	650	1
184	651	1
185	652	1
186	653	1
187	654	1
187	655	1
187	656	1
187	657	1
187	658	1
159	645	1
188	115	0
188	116	0
188	117	0
188	118	0
188	122	0
188	123	0
188	124	0
188	125	0
188	126	0
189	112	0
189	113	0
189	114	0
189	119	0
189	120	0
189	121	0
188	127	0
188	151	0
187	152	0
189	150	0
187	506	0
188	507	0
186	505	0
189	508	0
188	711	0
187	711	0
189	711	0
189	145	0
189	146	0
189	147	0
189	144	0
189	148	0
162	576	0
163	576	0
164	576	0
165	576	0
166	576	0
167	576	0
168	576	0
169	576	0
170	576	0
171	576	0
172	576	0
173	576	0
174	576	0
175	576	0
176	576	0
177	576	0
178	576	0
179	576	0
180	575	0
181	575	0
182	575	0
183	575	0
184	575	0
185	575	0
186	575	0
187	575	0
188	575	0
189	575	0
161	576	0
190	575	0
189	717	0
190	716	0
190	718	0
185	157	1
185	158	1
186	159	1
186	160	1
187	161	1
187	162	1
188	163	1
189	164	1
190	165	1
185	156	1
191	166	1
182	170	1
183	170	1
184	169	1
185	169	1
186	169	1
187	169	1
188	169	1
189	169	1
190	169	1
181	170	1
191	168	1
171	305	2
171	306	2
172	303	2
172	304	2
172	307	2
172	308	2
173	302	2
174	301	2
175	300	2
176	299	2
177	298	2
178	297	2
179	296	2
180	295	2
181	294	2
182	293	2
183	292	2
184	291	2
185	290	2
186	289	2
187	288	2
188	287	2
189	286	2
190	285	2
191	284	2
190	713	1
190	714	1
190	715	1
190	712	1
190	716	1
186	713	1
186	714	1
186	715	1
186	716	1
186	717	1
186	718	1
187	719	1
188	720	1
189	720	1
190	719	1
186	712	1
190	718	1
190	142	0
191	141	0
189	143	0
192	140	0
174	276	0
175	276	0
176	276	0
177	276	0
178	277	0
179	277	0
180	277	0
181	278	0
182	278	0
183	278	0
184	279	0
185	280	0
186	280	0
187	280	0
188	280	0
189	281	0
190	281	0
191	282	0
173	276	0
191	283	0
190	511	0
191	510	0
189	510	0
190	509	0
191	559	0
191	560	0
191	561	0
191	562	0
191	563	0
191	564	0
191	565	0
191	566	0
191	567	0
191	568	0
191	569	0
191	570	0
191	571	0
191	572	0
191	573	0
192	557	0
192	558	0
191	574	0
191	717	0
190	716	0
190	718	0
188	503	1
189	503	1
190	503	1
191	503	1
192	502	1
187	503	1
190	128	0
191	128	0
192	128	0
193	128	0
189	128	0
194	128	0
193	705	0
193	706	0
193	707	0
193	708	0
193	704	0
193	709	0
193	138	0
194	139	0
192	139	0
193	140	0
193	284	0
194	284	0
195	284	0
192	284	0
196	284	0
195	291	1
195	292	1
195	293	1
195	294	1
195	295	1
195	296	1
195	297	1
195	298	1
195	299	1
195	300	1
195	301	1
195	302	1
195	303	1
195	304	1
195	305	1
195	306	1
195	307	1
195	308	1
195	309	1
196	290	1
197	289	1
194	701	0
195	702	0
193	702	0
194	703	0
196	126	0
197	125	0
195	127	0
198	124	0
197	286	0
197	287	0
197	285	0
197	288	0
198	119	2
198	120	2
198	121	2
198	122	2
199	290	0
198	289	0
200	291	0
200	293	0
200	294	0
200	295	0
200	296	0
200	297	0
200	298	0
200	299	0
200	300	0
200	301	0
200	302	0
200	303	0
200	304	0
200	305	0
200	306	0
200	307	0
200	308	0
200	309	0
200	310	0
200	292	0
193	575	0
194	575	0
195	575	0
196	575	0
197	575	0
198	575	0
199	575	0
200	575	0
192	575	0
201	575	0
196	130	2
197	130	2
198	130	2
199	130	2
200	130	2
201	130	2
195	129	2
202	131	2
191	148	1
192	147	1
193	146	1
194	145	1
195	144	1
196	143	1
197	142	1
198	141	1
199	135	1
199	136	1
199	137	1
199	138	1
199	139	1
199	140	1
200	134	1
201	133	1
190	149	1
202	132	1
193	166	0
194	166	0
195	166	0
196	166	0
197	166	0
198	166	0
199	166	0
200	166	0
201	166	0
192	167	0
202	166	0
202	577	1
202	578	1
202	579	1
202	580	1
202	581	1
202	582	1
202	583	1
202	584	1
202	585	1
202	586	1
202	587	1
202	588	1
202	589	1
202	590	1
202	591	1
202	592	1
202	593	1
202	594	1
202	595	1
202	596	1
202	597	1
202	576	1
200	122	2
201	122	2
202	122	2
203	122	2
199	123	2
204	122	2
202	693	988
203	693	988
195	710	1
196	710	1
197	710	1
198	710	1
199	710	1
200	710	1
201	710	1
202	710	1
203	710	1
194	710	1
204	710	1
203	118	0
204	119	0
205	120	0
204	720	0
205	719	0
205	712	1
205	713	1
205	714	1
205	715	1
205	716	1
205	711	1
205	717	1
206	124	1
205	123	1
207	125	1
206	140	1
207	140	1
205	130	2
206	130	2
207	130	2
204	131	2
208	129	2
207	719	0
207	720	0
206	718	0
206	119	0
207	119	0
208	120	0
208	121	0
208	122	0
208	123	0
205	120	0
208	124	0
205	133	1
206	134	1
206	135	1
206	136	1
207	137	1
208	138	1
204	132	1
208	139	1
204	698	1
205	699	1
205	700	1
205	701	1
205	702	1
205	703	1
205	704	1
206	705	1
207	706	1
208	707	1
209	708	1
207	710	0
208	710	0
206	710	0
209	709	0
204	165	0
205	165	0
206	165	0
207	165	0
208	164	0
209	164	0
210	164	0
211	164	0
212	164	0
213	164	0
203	166	0
214	164	0
202	292	2
203	293	2
204	294	2
205	295	2
206	296	2
207	297	2
208	298	2
209	299	2
210	300	2
211	301	2
212	302	2
213	303	2
213	304	2
213	305	2
213	306	2
213	307	2
213	308	2
213	309	2
213	310	2
201	291	2
210	128	1
211	128	1
212	128	1
213	128	1
214	128	1
209	128	1
215	128	1
209	142	1
210	143	1
210	144	1
211	145	1
212	146	1
213	147	1
214	148	1
215	149	1
215	150	1
215	151	1
215	152	1
215	153	1
215	154	1
215	155	1
215	156	1
215	157	1
215	158	1
208	141	1
215	159	1
215	162	0
215	161	0
215	163	0
216	130	1
216	131	1
216	132	1
216	133	1
216	134	1
216	135	1
216	129	1
211	709	1
212	709	1
213	709	1
214	709	1
215	709	1
216	709	1
210	709	1
217	709	1
201	282	0
202	281	0
203	280	0
204	279	0
205	278	0
206	277	0
207	276	0
208	275	0
209	274	0
210	273	0
211	272	0
212	271	0
213	270	0
214	269	0
215	268	0
216	267	0
217	262	0
217	263	0
217	264	0
217	265	0
217	266	0
200	283	0
218	127	0
217	127	0
219	127	0
216	720	2
217	720	2
218	711	2
218	712	2
218	713	2
218	714	2
218	715	2
218	716	2
218	717	2
218	718	2
218	719	2
218	710	2
220	129	1
220	130	1
220	131	1
220	132	1
220	133	1
220	134	1
220	135	1
220	128	1
204	168	0
205	169	0
206	170	0
207	171	0
208	172	0
209	173	0
210	174	0
211	175	0
212	176	0
213	177	0
214	178	0
215	179	0
216	180	0
217	181	0
218	182	0
219	183	0
220	184	0
221	185	0
222	186	0
223	187	0
224	188	0
224	189	0
203	167	0
222	127	0
223	127	0
224	127	0
225	127	0
221	127	0
226	127	0
217	159	1
218	158	1
219	157	1
220	156	1
221	155	1
222	154	1
223	153	1
224	152	1
225	151	1
226	150	1
227	142	1
227	143	1
227	144	1
227	145	1
227	146	1
227	147	1
227	148	1
227	149	1
216	160	1
227	129	2
227	130	2
227	131	2
228	132	2
228	133	2
228	134	2
228	135	2
227	128	2
228	138	992
228	139	992
229	119	1
229	120	1
229	121	1
229	122	1
229	123	1
229	124	1
229	125	1
229	126	1
231	127	1
232	126	1
230	127	1
233	126	1
201	285	0
202	285	0
203	285	0
204	285	0
205	285	0
206	285	0
207	285	0
208	285	0
209	284	0
210	284	0
211	284	0
212	284	0
213	284	0
214	284	0
215	284	0
216	284	0
217	284	0
218	284	0
219	284	0
220	284	0
221	284	0
222	284	0
223	284	0
224	284	0
225	284	0
226	284	0
227	284	0
228	284	0
229	284	0
230	284	0
231	284	0
232	284	0
233	284	0
200	284	0
234	285	0
233	300	0
233	301	0
234	287	0
234	288	0
234	289	0
234	290	0
234	291	0
234	292	0
234	293	0
234	294	0
234	295	0
234	296	0
234	297	0
234	298	0
234	299	0
233	302	0
234	286	0
232	303	0
233	304	0
234	303	0
233	302	0
233	302	0
235	124	0
234	125	0
236	125	0
203	574	0
204	574	0
205	574	0
206	574	0
207	573	0
208	573	0
209	573	0
210	573	0
211	573	0
212	573	0
213	573	0
214	573	0
215	573	0
216	574	0
217	574	0
218	574	0
219	574	0
220	574	0
221	574	0
222	573	0
223	573	0
224	573	0
225	573	0
226	573	0
227	573	0
228	573	0
229	573	0
230	573	0
231	573	0
232	573	0
233	573	0
234	573	0
235	573	0
236	572	0
202	575	0
220	709	1
221	709	1
222	709	1
223	709	1
224	709	1
225	709	1
226	709	1
227	709	1
228	709	1
229	709	1
230	709	1
231	709	1
232	709	1
233	709	1
234	709	1
235	709	1
236	709	1
219	709	1
237	709	1
237	720	0
237	721	0
238	719	0
238	711	1
238	712	1
238	713	1
238	714	1
238	715	1
238	716	1
238	717	1
238	718	1
238	710	1
238	719	1
239	720	0
239	721	0
238	719	0
237	127	0
238	127	0
239	127	0
240	127	0
241	127	0
242	127	0
243	127	0
236	126	0
244	128	0
245	121	0
245	122	0
245	123	0
245	124	0
245	125	0
245	126	0
246	120	0
245	127	0
217	164	0
218	164	0
219	164	0
220	164	0
221	164	0
222	164	0
223	164	0
224	164	0
225	164	0
226	164	0
227	164	0
228	164	0
229	164	0
230	164	0
231	164	0
232	164	0
233	164	0
234	163	0
235	163	0
236	164	0
237	164	0
238	164	0
239	164	0
240	164	0
241	164	0
242	164	0
243	164	0
244	164	0
245	163	0
216	164	0
245	693	988
246	693	988
247	128	0
248	128	0
249	129	0
246	128	0
250	129	0
249	133	0
250	134	0
250	132	0
251	133	0
236	285	0
237	285	0
238	285	0
239	285	0
240	285	0
241	285	0
242	285	0
243	285	0
244	285	0
245	286	0
246	286	0
247	286	0
248	286	0
249	286	0
250	286	0
251	286	0
252	286	0
253	286	0
254	286	0
255	286	0
256	286	0
235	285	0
257	286	0
258	284	0
258	285	0
259	693	987
260	693	987
240	709	0
241	709	0
242	709	0
243	709	0
244	709	0
245	709	0
246	709	0
247	709	0
248	709	0
249	709	0
250	709	0
251	709	0
252	709	0
253	708	0
254	708	0
255	708	0
256	708	0
257	708	0
258	708	0
259	708	0
260	708	0
239	709	0
261	708	0
253	130	1
254	130	1
255	130	1
256	130	1
257	130	1
258	130	1
259	130	1
260	130	1
261	131	1
262	131	1
263	131	1
252	129	1
264	130	1
264	123	0
264	124	0
264	125	0
264	126	0
264	127	0
264	128	0
264	129	0
260	286	0
261	286	0
262	286	0
263	286	0
264	286	0
265	286	0
266	285	0
259	286	0
264	708	0
265	708	0
266	708	0
263	708	0
267	708	0
266	130	1
267	131	1
268	131	1
269	131	1
270	131	1
265	130	1
271	131	1
265	140	1
265	141	1
265	142	1
265	143	1
266	139	1
267	138	1
268	137	1
269	136	1
270	135	1
271	134	1
272	133	1
270	707	0
271	707	0
269	707	0
272	707	0
268	710	0
268	711	0
268	712	0
268	713	0
269	714	0
270	715	0
271	716	0
268	709	0
271	717	0
270	719	0
271	720	0
271	718	0
272	719	0
272	127	0
272	128	0
272	129	0
273	125	0
273	126	0
274	122	0
274	123	0
274	124	0
272	130	0
262	694	1
262	695	1
262	696	1
262	697	1
262	698	1
262	699	1
262	700	1
262	701	1
262	702	1
262	703	1
262	704	1
262	705	1
262	706	1
263	693	1
264	692	1
265	692	1
266	692	1
267	693	1
268	694	1
269	695	1
270	696	1
271	697	1
272	698	1
273	699	1
274	700	1
262	707	1
275	701	1
274	720	1
273	719	1
275	702	0
275	703	0
275	701	0
275	704	0
276	154	990
277	154	990
274	709	0
275	710	0
276	711	0
277	712	0
277	720	0
278	713	0
278	714	0
278	715	0
278	716	0
278	717	0
278	718	0
278	719	0
273	708	0
277	705	0
278	705	0
279	704	0
280	703	0
281	702	0
282	702	0
283	702	0
276	705	0
284	702	0
276	700	1
277	699	1
278	698	1
279	697	1
280	695	1
280	696	1
281	694	1
282	693	1
283	693	1
284	693	1
285	693	1
286	693	1
275	701	1
286	700	0
287	699	0
285	701	0
288	699	0
288	122	988
288	123	988
274	133	0
275	134	0
276	134	0
277	134	0
278	134	0
279	135	0
280	135	0
281	135	0
282	136	0
283	136	0
284	137	0
285	138	0
286	138	0
287	138	0
288	138	0
289	138	0
273	133	0
290	138	0
286	703	0
287	704	0
288	705	0
289	705	0
290	706	0
290	707	0
290	708	0
290	709	0
285	702	0
291	125	0
291	126	0
291	127	0
291	128	0
291	129	0
291	130	0
291	131	0
291	132	0
291	133	0
291	134	0
291	135	0
291	136	0
290	697	0
291	698	0
289	698	0
290	699	0
293	168	1
293	169	1
293	170	1
293	171	1
293	172	1
294	161	1
294	162	1
294	163	1
294	164	1
294	165	1
294	166	1
294	167	1
294	160	1
293	136	1
294	135	1
295	134	1
296	121	1
296	122	1
296	123	1
296	124	1
296	125	1
296	126	1
296	127	1
296	128	1
296	129	1
296	130	1
296	131	1
296	132	1
296	133	1
292	137	1
296	160	0
297	161	0
298	162	0
299	163	0
295	159	0
300	163	0
292	140	0
293	140	0
294	141	0
295	141	0
296	141	0
297	142	0
298	142	0
299	143	0
300	143	0
301	144	0
291	139	0
302	144	0
294	156	1
294	157	1
295	155	1
296	154	1
297	153	1
298	152	1
299	151	1
300	150	1
301	149	1
302	148	1
294	158	1
303	147	1
301	165	1
301	166	1
302	167	1
303	167	1
304	167	1
301	164	1
305	167	1
306	168	0
306	169	0
307	170	0
305	167	0
305	146	1
306	147	1
307	147	1
308	147	1
309	147	1
310	147	1
311	147	1
312	148	1
313	148	1
314	149	1
304	146	1
315	150	1
303	162	0
304	161	0
305	160	0
306	159	0
307	158	0
308	157	0
309	156	0
310	155	0
311	154	0
312	153	0
313	152	0
314	151	0
302	163	0
315	150	0
304	143	0
305	142	0
306	141	0
307	140	0
308	139	0
309	138	0
310	137	0
311	136	0
312	135	0
313	134	0
314	133	0
315	132	0
316	130	0
316	131	0
303	144	0
316	150	0
315	150	0
317	150	0
306	165	1
306	166	1
307	164	1
308	163	1
309	162	1
310	161	1
311	160	1
312	159	1
313	158	1
314	157	1
315	156	1
316	155	1
317	154	1
305	167	1
318	153	1
318	170	1
318	171	1
318	172	1
318	173	1
318	174	1
319	169	1
320	168	1
310	169	0
310	170	0
311	168	0
312	167	0
313	166	0
314	165	0
315	164	0
316	163	0
317	162	0
318	161	0
319	160	0
320	159	0
321	159	0
320	152	0
321	152	0
319	152	0
322	152	0
321	165	1
321	166	1
322	161	1
322	162	1
322	163	1
322	164	1
321	167	1
322	160	1
323	158	1
322	159	1
324	157	1
324	156	0
324	155	0
324	157	0
324	171	0
324	172	0
323	170	0
319	149	0
320	148	0
321	147	0
322	146	0
323	145	0
324	144	0
325	143	0
326	142	0
327	141	0
328	140	0
329	139	0
330	136	0
330	137	0
330	138	0
318	150	0
325	158	1
326	159	1
327	160	1
328	161	1
329	162	1
330	163	1
331	164	1
331	165	1
331	166	1
332	167	1
333	168	1
333	169	1
333	170	1
333	171	1
334	172	1
334	173	1
334	174	1
334	175	1
324	157	1
324	151	0
325	150	0
326	149	0
327	148	0
328	147	0
329	146	0
330	145	0
331	144	0
332	143	0
333	142	0
334	141	0
335	140	0
336	138	0
336	139	0
323	152	0
339	170	989
339	171	989
326	154	0
327	154	0
328	155	0
329	155	0
330	155	0
331	155	0
332	155	0
333	155	0
334	155	0
335	155	0
336	155	0
337	155	0
338	155	0
339	156	0
340	156	0
341	156	0
342	156	0
343	156	0
344	156	0
345	156	0
346	156	0
347	156	0
348	156	0
349	157	0
325	154	0
350	158	0
345	165	1
345	166	1
346	164	1
347	163	1
348	162	1
349	161	1
350	160	1
352	159	0
353	159	0
354	159	0
355	159	0
356	159	0
357	159	0
358	159	0
359	159	0
360	159	0
361	159	0
362	159	0
363	160	0
364	160	0
365	160	0
351	159	0
366	161	0
368	161	1
369	161	1
370	161	1
371	161	1
372	161	1
373	161	1
367	161	1
374	162	1
366	163	0
366	164	0
366	165	0
366	166	0
366	167	0
366	168	0
366	169	0
366	170	0
366	171	0
366	172	0
367	173	0
368	173	0
369	172	0
370	171	0
371	170	0
372	169	0
373	168	0
374	164	0
374	165	0
374	166	0
374	167	0
366	162	0
374	163	0
376	162	0
377	162	0
378	162	0
379	162	0
380	162	0
381	162	0
382	162	0
383	162	0
384	162	0
375	162	0
385	162	0
386	150	1
386	151	1
386	152	1
386	153	1
386	154	1
386	155	1
386	156	1
386	157	1
386	158	1
386	159	1
386	160	1
386	161	1
388	162	0
389	162	0
390	162	0
391	162	0
392	162	0
393	163	0
394	163	0
395	163	0
396	163	0
397	163	0
398	163	0
399	163	0
400	163	0
401	163	0
402	163	0
387	162	0
403	164	0
392	178	1
393	175	1
393	176	1
393	177	1
394	174	1
395	173	1
396	172	1
397	171	1
398	170	1
399	169	1
400	168	1
401	167	1
402	166	1
403	165	1
405	164	1
406	164	1
407	164	1
408	164	1
409	164	1
410	164	1
411	164	1
412	165	1
413	165	1
414	165	1
415	165	1
416	165	1
417	165	1
418	165	1
404	164	1
419	165	1
415	172	1
415	173	1
415	174	1
415	175	1
415	176	1
415	177	1
415	178	1
415	179	1
415	180	1
415	181	1
416	171	1
416	182	1
417	182	1
418	172	1
418	173	1
418	174	1
418	175	1
418	176	1
418	177	1
418	178	1
418	179	1
418	180	1
418	181	1
417	170	1
418	171	1
419	168	0
418	169	0
420	167	0
421	150	0
421	151	0
421	152	0
421	153	0
421	154	0
421	155	0
421	156	0
421	157	0
421	158	0
421	159	0
421	160	0
421	161	0
421	162	0
421	163	0
421	164	0
423	166	1
422	166	1
424	166	1
423	182	0
424	182	0
425	168	0
425	169	0
425	170	0
425	171	0
425	172	0
425	173	0
425	174	0
425	175	0
425	176	0
425	177	0
425	178	0
425	179	0
425	180	0
425	181	0
425	167	0
427	166	1
428	166	1
426	166	1
429	166	1
429	150	0
430	150	0
430	151	0
430	152	0
430	153	0
430	154	0
430	155	0
430	156	0
430	157	0
430	158	0
430	159	0
430	160	0
430	161	0
430	162	0
430	163	0
430	164	0
430	151	0
430	165	0
431	149	1
432	149	1
433	149	1
434	149	1
435	150	1
436	151	1
437	152	1
438	153	1
439	154	1
440	155	1
430	150	1
441	156	1
442	146	0
442	147	0
442	148	0
442	149	0
442	150	0
442	151	0
442	152	0
442	153	0
442	154	0
442	155	0
442	191	0
443	190	0
444	189	0
432	166	0
433	166	0
434	166	0
435	166	0
436	166	0
437	166	0
438	166	0
439	166	0
440	166	0
441	166	0
442	166	0
443	167	0
444	167	0
445	167	0
446	167	0
431	166	0
447	168	0
435	181	0
435	182	0
435	183	0
435	184	0
435	185	0
435	186	0
435	187	0
435	188	0
436	180	0
437	179	0
438	178	0
439	177	0
440	176	0
441	175	0
442	174	0
443	173	0
444	172	0
445	171	0
446	170	0
447	169	0
446	190	0
446	191	0
447	192	0
445	189	0
443	158	1
444	159	1
445	160	1
446	161	1
447	162	1
448	163	1
449	164	1
450	165	1
442	157	1
451	166	1
449	168	0
450	167	0
448	168	0
451	166	0
452	166	1
453	166	1
454	166	1
455	166	1
456	166	1
457	166	1
458	166	1
451	166	1
459	167	1
444	184	0
444	185	0
444	186	0
444	187	0
445	183	0
446	182	0
447	181	0
448	180	0
449	179	0
450	178	0
451	177	0
452	176	0
453	175	0
454	174	0
455	173	0
456	172	0
457	171	0
458	170	0
444	188	0
459	169	0
461	168	0
462	168	0
463	168	0
464	168	0
465	168	0
466	167	0
467	167	0
468	167	0
469	167	0
470	167	0
471	168	0
472	168	0
473	168	0
474	169	0
475	169	0
476	169	0
477	169	0
478	169	0
479	169	0
480	169	0
481	169	0
482	169	0
483	169	0
484	169	0
485	169	0
486	169	0
487	169	0
488	169	0
489	169	0
490	169	0
491	169	0
492	169	0
493	169	0
494	169	0
495	169	0
460	168	0
496	169	0
497	167	0
497	168	0
499	169	0
500	169	0
501	169	0
502	169	0
503	169	0
504	169	0
505	169	0
506	169	0
507	169	0
508	169	0
509	169	0
510	169	0
511	169	0
512	169	0
513	169	0
514	169	0
515	169	0
516	169	0
517	169	0
518	169	0
519	169	0
520	169	0
521	169	0
522	169	0
523	169	0
524	168	0
498	169	0
548	709	991
549	710	991
550	721	992
551	721	992
551	715	993
552	715	993
553	700	991
553	701	991
564	707	994
564	708	994
567	672	994
567	673	994
568	702	995
568	703	995
569	678	994
570	678	994
570	687	992
571	687	992
574	676	994
574	677	994
576	680	994
576	681	994
576	682	994
576	709	995
577	709	995
580	675	0
581	676	0
580	715	995
581	714	995
582	714	995
583	676	0
582	676	0
582	678	0
583	678	0
581	677	0
582	708	995
583	708	995
585	687	996
585	688	996
584	693	994
585	693	994
586	693	994
587	689	994
587	690	994
586	674	994
587	674	994
588	674	994
586	698	996
587	698	996
588	698	996
591	677	994
592	677	994
593	702	992
593	703	992
591	689	993
592	690	993
593	690	993
593	693	993
594	691	993
594	692	993
591	686	994
592	686	994
593	686	994
594	686	994
595	687	994
596	680	996
596	681	996
596	701	993
597	701	993
595	667	993
596	666	993
597	666	993
598	666	993
600	670	993
600	671	993
605	666	994
605	667	994
1290	377	993
1291	377	993
1292	377	993
