0	10	1
0	11	1
0	12	1
0	13	1
1	9	1
0	6	0
1	7	0
2	8	0
1	692	998
1	693	998
1	694	998
2	14	2
2	15	2
3	13	2
1	22	998
1	23	998
1	26	998
2	18	998
2	19	998
2	20	998
2	21	998
2	24	998
2	25	998
0	710	998
0	711	998
1	706	998
1	709	998
2	706	998
2	708	998
3	707	998
1	4	990
2	4	990
3	4	990
4	4	990
5	5	990
4	26	1
5	20	1
5	21	1
5	22	1
5	23	1
5	24	1
5	25	1
6	19	1
1	716	997
1	717	997
1	718	997
2	715	997
3	715	997
4	716	997
4	719	997
5	717	997
5	718	997
6	11	0
5	11	0
6	17	1
6	16	1
6	18	1
3	28	0
4	28	0
5	29	0
6	29	0
7	30	0
1	0	993
2	0	993
3	0	993
4	0	993
5	0	993
6	0	993
7	0	993
7	250	2
7	251	2
7	252	2
7	253	2
7	254	2
7	255	2
7	256	2
7	257	2
7	258	2
7	260	2
7	261	2
8	217	2
8	218	2
8	219	2
8	220	2
8	221	2
8	222	2
8	223	2
8	224	2
8	225	2
8	226	2
8	227	2
8	228	2
8	229	2
8	230	2
8	231	2
8	232	2
8	233	2
8	234	2
8	235	2
8	236	2
8	237	2
8	238	2
8	239	2
8	240	2
8	241	2
8	242	2
8	243	2
8	244	2
8	245	2
8	246	2
8	247	2
8	248	2
8	249	2
8	259	2
9	194	2
9	195	2
9	196	2
9	197	2
9	198	2
9	199	2
9	200	2
9	201	2
9	202	2
9	203	2
9	204	2
9	205	2
9	206	2
9	207	2
9	208	2
9	209	2
9	210	2
9	211	2
9	212	2
9	213	2
9	214	2
9	215	2
9	216	2
10	193	2
8	713	995
8	714	995
7	183	0
7	184	0
7	185	0
7	186	0
7	187	0
8	182	0
8	188	0
8	189	0
9	181	0
9	190	0
9	191	0
10	180	0
11	179	0
10	192	0
12	178	0
8	389	1
8	390	1
8	391	1
8	392	1
8	393	1
9	381	1
9	382	1
9	383	1
9	384	1
9	385	1
9	386	1
9	387	1
9	388	1
9	394	1
10	380	1
10	395	1
11	379	1
11	396	1
12	378	1
12	396	1
13	377	1
7	704	0
8	703	0
8	705	0
9	703	0
9	706	0
10	702	0
10	706	0
11	701	0
12	700	0
13	700	0
12	18	999
13	18	999
8	19	0
9	20	0
10	21	0
11	21	0
12	21	0
13	22	0
7	19	0
14	22	0
13	704	995
13	705	995
13	710	994
13	711	994
14	369	0
14	370	0
14	371	0
14	372	0
14	373	0
14	374	0
15	368	0
14	375	0
14	12	1
14	13	1
15	14	1
16	14	1
15	152	0
16	151	0
16	153	0
12	192	1
13	192	1
14	192	1
15	192	1
11	192	1
16	193	1
15	701	1
14	700	1
16	702	1
12	707	0
13	707	0
14	707	0
15	707	0
16	706	0
16	9	993
16	10	993
16	11	993
15	199	4
16	195	4
16	196	4
16	197	4
16	198	4
16	194	4
15	698	1
16	698	1
14	699	1
17	698	1
16	19	0
17	20	0
15	20	0
16	21	0
6	31	0
6	32	0
6	33	0
6	34	0
6	35	0
6	36	0
6	37	0
6	38	0
6	39	0
6	40	0
6	41	0
6	42	0
6	43	0
6	44	0
6	45	0
6	46	0
6	82	0
6	83	0
6	84	0
6	85	0
6	86	0
7	47	0
7	48	0
7	49	0
7	50	0
7	51	0
7	52	0
7	53	0
7	54	0
7	55	0
7	77	0
7	78	0
7	79	0
7	80	0
7	81	0
7	87	0
7	88	0
8	56	0
8	57	0
8	58	0
8	59	0
8	60	0
8	61	0
8	62	0
8	63	0
8	64	0
8	65	0
8	66	0
8	67	0
8	68	0
8	69	0
8	70	0
8	71	0
8	72	0
8	73	0
8	74	0
8	75	0
8	76	0
8	89	0
9	90	0
10	91	0
11	92	0
12	93	0
13	94	0
14	95	0
14	96	0
15	97	0
16	98	0
17	99	0
7	30	0
18	100	0
6	115	1
6	116	1
7	113	1
7	114	1
8	112	1
9	111	1
10	110	1
11	109	1
12	108	1
13	107	1
14	106	1
15	105	1
16	104	1
17	103	1
18	102	1
17	267	0
16	266	0
16	268	0
8	546	1
8	547	1
8	548	1
8	549	1
8	550	1
8	551	1
8	552	1
8	553	1
8	555	1
8	556	1
8	557	1
8	558	1
8	559	1
8	560	1
8	561	1
8	562	1
9	535	1
9	536	1
9	537	1
9	538	1
9	539	1
9	540	1
9	541	1
9	542	1
9	543	1
9	544	1
9	545	1
9	554	1
9	563	1
9	564	1
9	565	1
9	566	1
9	567	1
9	568	1
9	569	1
10	534	1
10	570	1
10	571	1
10	572	1
10	573	1
10	574	1
10	575	1
10	576	1
11	533	1
11	577	1
11	578	1
12	533	1
12	579	1
13	580	1
14	581	1
15	582	1
16	583	1
17	584	1
18	585	1
6	598	0
6	599	0
6	600	0
6	601	0
6	602	0
6	603	0
7	597	0
7	604	0
8	596	0
8	605	0
9	595	0
9	606	0
9	607	0
10	594	0
10	608	0
11	593	0
11	609	0
12	592	0
12	610	0
13	591	0
13	611	0
14	590	0
14	612	0
15	589	0
15	613	0
16	588	0
17	587	0
16	614	0
18	586	0
17	704	0
17	703	0
17	705	0
16	156	1
17	155	1
18	154	1
17	153	1
17	522	0
18	523	0
18	521	0
19	522	0
18	700	0
18	701	0
17	702	0
18	699	0
15	713	0
16	713	0
17	714	0
18	715	0
19	716	0
8	721	1
9	721	1
10	721	1
11	721	1
12	721	1
13	721	1
14	720	1
15	720	1
16	719	1
17	719	1
18	718	1
19	717	1
8	29	0
9	29	0
10	29	0
11	29	0
12	29	0
13	29	0
14	29	0
15	29	0
16	29	0
17	29	0
18	29	0
19	26	0
19	27	0
19	28	0
7	30	0
19	25	0
19	707	1
18	706	1
20	708	1
20	24	0
19	23	0
19	25	0
20	161	996
20	162	996
19	312	2
20	313	2
20	311	2
21	312	2
17	369	2
17	370	2
17	371	2
17	372	2
17	373	2
17	374	2
17	375	2
18	368	2
19	368	2
20	368	2
17	376	2
20	585	0
19	585	0
21	586	0
18	615	0
19	615	0
20	615	0
17	615	0
21	614	0
13	687	0
14	687	0
15	687	0
16	687	0
17	686	0
18	686	0
19	686	0
20	685	0
21	684	0
20	698	0
19	698	0
21	697	0
21	17	0
20	16	0
21	524	0
22	523	0
22	525	0
21	588	1
21	589	1
21	590	1
21	591	1
21	592	1
21	593	1
21	594	1
21	595	1
21	596	1
21	597	1
21	598	1
21	599	1
21	600	1
21	601	1
21	602	1
21	603	1
21	604	1
21	605	1
21	606	1
21	607	1
21	608	1
21	609	1
21	610	1
21	611	1
21	612	1
21	587	1
21	613	1
20	14	1
21	14	1
22	14	1
19	15	1
8	154	0
8	155	0
8	156	0
8	157	0
8	158	0
8	159	0
8	160	0
8	161	0
8	162	0
8	163	0
8	164	0
8	165	0
8	166	0
8	167	0
8	168	0
8	169	0
9	150	0
9	151	0
9	152	0
9	153	0
9	170	0
9	171	0
9	172	0
9	173	0
10	149	0
10	174	0
10	175	0
11	148	0
11	176	0
12	147	0
13	146	0
14	145	0
15	144	0
16	143	0
17	142	0
18	142	0
19	142	0
20	142	0
21	142	0
22	142	0
12	177	0
23	143	0
18	149	1
19	148	1
20	147	1
21	146	1
22	145	1
17	150	1
23	144	1
18	193	0
19	193	0
20	193	0
21	193	0
22	193	0
17	193	0
23	193	0
22	698	1
22	699	1
22	700	1
21	697	1
21	710	1
21	711	1
21	712	1
21	713	1
22	714	1
21	709	1
23	715	1
21	717	0
22	717	0
20	717	0
23	716	0
23	17	993
23	18	993
14	177	0
15	177	0
16	177	0
17	177	0
18	177	0
19	177	0
20	177	0
21	177	0
22	177	0
23	177	0
13	177	0
24	177	0
8	401	1
8	402	1
8	403	1
8	404	1
8	405	1
8	406	1
8	407	1
8	408	1
8	411	1
8	412	1
8	413	1
8	414	1
8	415	1
8	416	1
8	417	1
8	418	1
8	419	1
8	420	1
8	421	1
8	422	1
8	423	1
8	424	1
8	425	1
8	426	1
8	427	1
8	428	1
8	429	1
8	430	1
8	431	1
8	432	1
8	433	1
8	434	1
8	435	1
8	436	1
8	437	1
8	438	1
8	439	1
8	440	1
8	441	1
8	442	1
8	443	1
8	444	1
8	445	1
8	446	1
8	447	1
8	448	1
8	449	1
8	450	1
8	451	1
8	452	1
8	453	1
8	454	1
8	455	1
8	456	1
8	457	1
8	458	1
8	459	1
8	460	1
8	461	1
8	462	1
8	463	1
8	464	1
8	465	1
8	466	1
8	467	1
8	468	1
8	469	1
8	470	1
8	471	1
8	472	1
8	473	1
8	474	1
8	475	1
8	476	1
8	477	1
8	478	1
8	479	1
8	480	1
8	481	1
8	482	1
8	483	1
8	484	1
8	485	1
8	486	1
9	399	1
9	400	1
9	409	1
9	410	1
9	487	1
10	488	1
11	489	1
12	490	1
13	491	1
14	492	1
15	493	1
16	494	1
17	495	1
18	496	1
19	497	1
20	498	1
21	499	1
22	500	1
23	501	1
24	502	1
9	524	0
9	525	0
9	526	0
9	527	0
10	517	0
10	518	0
10	519	0
10	520	0
10	521	0
10	522	0
10	523	0
11	516	0
12	515	0
13	514	0
14	513	0
15	512	0
16	511	0
17	510	0
18	509	0
19	508	0
20	507	0
21	506	0
22	505	0
23	504	0
24	503	0
23	524	0
22	523	0
22	525	0
22	526	0
22	527	0
22	528	0
23	529	0
23	530	0
22	525	0
22	168	0
22	169	0
22	170	0
22	171	0
22	172	0
22	173	0
23	174	0
24	175	0
25	176	0
21	198	0
21	199	0
21	200	0
21	201	0
21	202	0
21	203	0
22	197	0
23	196	0
24	195	0
24	194	0
8	267	1
8	268	1
8	269	1
9	266	1
9	270	1
10	265	1
10	271	1
11	265	1
11	272	1
12	265	1
12	273	1
13	274	1
14	275	1
15	276	1
16	277	1
17	278	1
18	279	1
19	280	1
20	281	1
21	282	1
22	283	1
23	284	1
24	285	1
13	266	1
25	286	1
24	684	0
23	684	0
25	684	0
24	710	0
24	711	0
24	712	0
24	713	0
24	709	0
24	714	0
16	270	1
16	271	1
17	272	1
18	273	1
19	274	1
20	275	1
21	276	1
22	277	1
23	278	1
24	279	1
25	280	1
16	269	1
26	281	1
7	314	1
7	315	1
7	316	1
7	317	1
7	318	1
7	319	1
7	320	1
7	321	1
7	322	1
7	323	1
7	324	1
7	325	1
7	326	1
7	327	1
7	328	1
7	329	1
7	330	1
7	331	1
7	332	1
7	333	1
7	334	1
7	335	1
7	336	1
7	337	1
7	338	1
7	339	1
8	307	1
8	308	1
8	309	1
8	310	1
8	311	1
8	312	1
8	313	1
8	340	1
8	341	1
8	342	1
8	343	1
8	344	1
8	345	1
8	346	1
8	347	1
8	348	1
8	349	1
8	350	1
8	351	1
8	352	1
8	353	1
8	354	1
8	355	1
8	356	1
8	357	1
8	358	1
8	359	1
8	360	1
8	361	1
8	362	1
8	363	1
8	364	1
8	365	1
8	366	1
8	367	1
9	305	1
9	306	1
9	368	1
9	369	1
9	370	1
9	371	1
9	372	1
10	304	1
10	373	1
11	303	1
11	374	1
12	302	1
12	375	1
13	301	1
14	300	1
15	299	1
16	298	1
17	297	1
18	296	1
19	295	1
20	294	1
21	293	1
22	292	1
23	291	1
24	290	1
25	289	1
13	376	1
26	288	1
25	530	996
25	531	996
22	696	0
23	695	0
24	695	0
25	695	0
21	697	0
26	695	0
20	101	1
21	101	1
22	101	1
23	101	1
24	101	1
25	101	1
26	101	1
19	101	1
27	101	1
26	209	0
27	209	0
26	282	0
26	283	0
26	284	0
26	281	0
26	285	0
23	703	995
24	703	995
25	703	995
26	704	995
26	705	995
27	177	0
26	177	0
28	177	0
27	203	0
28	202	0
28	204	0
6	120	1
6	121	1
6	122	1
7	123	1
8	124	1
9	125	1
10	125	1
11	125	1
12	125	1
13	125	1
14	125	1
15	125	1
16	125	1
17	125	1
18	125	1
19	125	1
20	126	1
21	127	1
22	128	1
23	129	1
24	130	1
25	131	1
26	132	1
27	133	1
28	134	1
29	135	1
22	310	1
23	309	1
24	308	1
25	307	1
26	305	1
26	306	1
27	304	1
28	302	1
28	303	1
29	296	1
29	297	1
29	298	1
29	299	1
29	300	1
29	301	1
21	311	1
30	295	1
27	388	0
28	389	0
28	387	0
29	388	0
27	693	0
28	692	0
27	694	0
29	691	0
24	1	992
25	0	992
26	0	992
27	0	992
28	0	992
29	1	992
25	18	1
26	18	1
27	18	1
28	18	1
29	18	1
30	18	1
29	102	0
29	103	0
29	104	0
29	105	0
29	106	0
29	107	0
29	108	0
29	109	0
29	110	0
29	111	0
29	112	0
29	113	0
29	114	0
28	101	0
29	115	0
28	207	0
29	206	0
28	208	0
29	205	0
27	280	1
28	279	1
29	272	1
29	273	1
29	274	1
29	275	1
29	276	1
29	277	1
29	278	1
26	281	1
27	686	0
28	687	0
29	688	0
29	689	0
26	685	0
29	690	0
28	704	995
29	704	995
26	708	0
26	714	0
27	708	0
27	712	0
27	713	0
28	708	0
28	711	0
29	709	0
29	710	0
25	708	0
25	715	0
29	27	991
29	28	991
30	29	991
30	30	991
29	118	1
29	119	1
29	120	1
29	121	1
29	122	1
29	123	1
29	124	1
29	125	1
29	126	1
29	127	1
29	128	1
30	129	1
30	130	1
30	131	1
30	132	1
30	133	1
29	117	1
30	134	1
25	143	1
26	142	1
27	141	1
28	140	1
29	139	1
30	138	1
24	143	1
31	137	1
29	290	1
30	291	1
30	292	1
30	293	1
28	289	1
30	294	1
30	693	3
30	694	3
30	692	3
21	672	1
21	673	1
21	674	1
21	675	1
21	676	1
21	677	1
21	678	1
21	679	1
21	680	1
21	681	1
21	682	1
22	671	1
23	670	1
24	669	1
25	668	1
26	667	1
27	666	1
28	665	1
29	664	1
30	663	1
31	662	1
22	683	1
32	661	1
31	20	0
31	21	0
31	22	0
31	23	0
32	24	0
32	25	0
32	26	0
32	27	0
31	19	0
30	176	0
31	167	0
31	175	0
32	168	0
32	169	0
32	170	0
32	171	0
32	172	0
32	173	0
32	174	0
29	177	0
29	179	1
29	180	1
30	181	1
31	182	1
32	183	1
29	178	1
33	184	1
26	192	1
27	191	1
28	190	1
29	189	1
30	188	1
31	187	1
32	186	1
25	193	1
33	185	1
6	628	1
6	629	1
6	630	1
6	631	1
6	632	1
6	633	1
6	634	1
7	626	1
7	627	1
7	635	1
8	625	1
8	636	1
9	624	1
9	637	1
10	623	1
10	638	1
11	622	1
11	639	1
12	620	1
12	621	1
12	640	1
13	619	1
13	641	1
14	618	1
14	642	1
14	643	1
15	617	1
15	644	1
16	645	1
17	646	1
18	647	1
19	648	1
20	649	1
21	649	1
22	649	1
23	649	1
24	649	1
25	649	1
26	649	1
27	649	1
28	650	1
29	651	1
30	652	1
31	653	1
32	654	1
16	616	1
33	655	1
6	675	1
6	676	1
6	677	1
7	673	1
7	674	1
8	672	1
9	671	1
10	670	1
11	669	1
12	669	1
13	669	1
14	669	1
15	669	1
16	669	1
17	669	1
18	669	1
19	669	1
20	668	1
21	667	1
22	666	1
23	665	1
24	664	1
25	663	1
26	662	1
27	661	1
28	660	1
29	659	1
30	658	1
31	657	1
32	656	1
33	655	1
31	706	1
32	706	1
33	706	1
25	717	0
26	718	0
27	718	0
28	718	0
29	718	0
30	719	0
31	719	0
32	718	0
24	716	0
33	718	0
30	7	0
30	8	0
30	9	0
30	10	0
30	11	0
30	12	0
31	6	0
31	13	0
32	6	0
32	14	0
33	15	0
33	16	0
33	17	0
32	18	0
27	683	3
28	682	3
29	682	3
30	682	3
31	681	3
32	680	3
33	663	3
33	664	3
33	665	3
33	666	3
33	667	3
33	668	3
33	669	3
33	670	3
33	671	3
33	672	3
33	673	3
33	674	3
33	675	3
33	676	3
33	677	3
33	678	3
33	679	3
26	684	3
33	662	3
33	716	0
34	717	0
30	288	0
31	288	0
32	288	0
33	288	0
34	289	0
29	288	0
32	691	1
33	691	1
34	691	1
31	691	1
35	691	1
28	696	3
29	697	3
30	697	3
31	697	3
32	698	3
33	694	3
33	698	3
34	695	3
34	696	3
34	697	3
27	695	3
34	707	0
33	706	0
34	706	0
31	116	1
32	116	1
33	116	1
34	116	1
35	116	1
30	116	1
36	116	1
34	655	0
35	655	0
33	655	0
36	656	0
34	660	1
35	659	1
33	661	1
36	658	1
31	537	998
32	538	998
33	538	998
34	538	998
35	538	998
36	538	998
36	688	1
36	689	1
36	690	1
35	691	1
36	692	1
35	691	1
37	692	1
34	704	0
35	703	0
36	703	0
34	705	0
35	720	1
36	720	1
34	719	1
36	13	992
37	14	992
19	377	2
20	377	2
21	377	2
22	377	2
23	377	2
24	377	2
25	377	2
26	377	2
27	377	2
28	377	2
29	377	2
30	377	2
31	377	2
32	377	2
33	377	2
34	376	2
35	376	2
36	376	2
37	376	2
18	377	2
38	377	2
30	386	1
31	385	1
32	384	1
33	383	1
34	382	1
35	381	1
36	380	1
37	379	1
29	387	1
38	378	1
26	502	0
27	502	0
28	502	0
29	502	0
30	502	0
31	502	0
32	502	0
33	502	0
34	502	0
35	502	0
36	502	0
37	502	0
25	502	0
38	503	0
23	520	2
24	519	2
25	518	2
26	517	2
27	516	2
28	515	2
29	514	2
30	513	2
31	512	2
32	511	2
33	510	2
34	509	2
35	508	2
36	507	2
37	506	2
22	521	2
38	505	2
37	695	2
38	695	2
33	137	1
34	137	1
35	137	1
36	137	1
37	137	1
38	137	1
32	137	1
39	138	1
25	157	4
25	158	4
25	159	4
25	160	4
26	152	4
26	153	4
26	154	4
26	155	4
26	156	4
27	151	4
28	150	4
29	149	4
30	148	4
31	147	4
32	146	4
33	145	4
34	144	4
35	143	4
36	142	4
37	141	4
38	140	4
39	139	4
38	222	994
38	223	994
38	224	994
33	357	1
34	356	1
34	358	1
35	353	1
35	354	1
35	355	1
35	359	1
36	360	1
37	361	1
38	362	1
39	363	1
38	691	1
37	692	1
39	692	1
38	117	0
39	116	0
37	116	0
38	115	0
35	566	2
35	567	2
35	568	2
35	569	2
35	570	2
35	571	2
35	572	2
35	573	2
35	574	2
35	575	2
35	576	2
35	577	2
35	578	2
36	579	2
37	580	2
38	581	2
39	582	2
40	583	2
23	586	1
24	586	1
25	586	1
26	586	1
27	586	1
28	586	1
29	586	1
30	586	1
31	586	1
32	586	1
33	586	1
34	586	1
35	586	1
36	585	1
37	585	1
38	585	1
39	585	1
22	586	1
40	584	1
38	657	1
39	657	1
37	657	1
40	657	1
39	697	0
39	698	0
39	696	0
35	186	0
36	186	0
37	186	0
38	186	0
39	186	0
40	187	0
40	188	0
40	189	0
34	185	0
41	190	0
31	201	1
32	200	1
33	199	1
34	198	1
35	197	1
36	196	1
37	195	1
38	194	1
39	193	1
40	192	1
30	202	1
41	191	1
41	23	993
41	24	993
40	377	0
41	377	0
39	377	0
42	377	0
41	689	2
41	690	2
41	691	2
41	702	994
41	703	994
37	710	994
38	709	994
39	709	994
40	708	994
41	708	994
40	721	993
41	720	993
41	27	991
42	27	991
41	138	2
42	138	2
40	138	2
43	138	2
30	363	0
31	364	0
32	365	0
33	366	0
34	367	0
35	368	0
36	369	0
37	370	0
38	371	0
39	372	0
40	373	0
41	374	0
42	375	0
43	376	0
42	8	990
43	9	990
43	10	990
43	11	990
42	29	991
43	29	991
40	356	1
40	357	1
40	358	1
40	359	1
40	360	1
40	361	1
41	355	1
42	355	1
43	354	1
40	362	1
44	354	1
33	471	1
33	472	1
34	473	1
34	474	1
35	475	1
36	476	1
37	477	1
38	478	1
39	479	1
40	480	1
41	481	1
42	482	1
43	483	1
44	484	1
41	710	1
42	711	1
43	711	1
44	711	1
43	6	990
44	6	990
41	469	1
41	470	1
41	471	1
41	472	1
42	473	1
43	474	1
44	475	1
45	476	1
40	714	994
41	715	994
42	716	994
43	716	994
44	715	994
45	1	1
46	1	1
46	2	1
45	25	992
45	26	992
45	237	996
45	238	996
32	296	1
33	297	1
34	298	1
35	299	1
36	300	1
37	301	1
38	302	1
39	303	1
40	304	1
41	305	1
42	306	1
43	307	1
44	308	1
45	309	1
45	310	1
45	311	1
31	295	1
44	345	1
45	346	1
45	347	1
45	350	1
45	351	1
45	352	1
46	348	1
46	349	1
45	353	1
42	582	4
43	581	4
44	580	4
45	575	4
45	576	4
45	577	4
45	578	4
45	579	4
46	563	4
46	564	4
46	565	4
46	566	4
46	573	4
46	574	4
47	567	4
47	568	4
47	569	4
47	570	4
47	571	4
47	572	4
41	583	4
45	712	0
44	711	0
45	711	0
46	3	0
46	4	0
46	2	0
46	6	990
46	7	990
42	20	0
42	21	0
43	19	0
44	19	0
45	19	0
46	18	0
47	18	0
45	139	2
45	140	2
45	141	2
45	142	2
45	143	2
45	144	2
45	145	2
45	146	2
46	147	2
46	148	2
46	149	2
46	150	2
46	151	2
46	152	2
46	153	2
46	154	2
46	155	2
46	156	2
46	157	2
46	158	2
46	159	2
46	160	2
46	161	2
46	162	2
46	163	2
46	164	2
46	165	2
46	166	2
46	167	2
44	138	2
45	377	0
46	377	0
44	377	0
47	378	0
33	394	3
33	395	3
33	396	3
34	392	3
34	393	3
35	391	3
36	390	3
37	389	3
38	388	3
39	387	3
40	386	3
41	385	3
42	384	3
43	383	3
44	382	3
45	381	3
46	380	3
47	379	3
45	465	0
45	466	0
45	467	0
45	468	0
45	469	0
46	470	0
46	471	0
46	472	0
46	473	0
46	474	0
46	475	0
45	698	992
46	699	992
46	700	992
46	483	1
47	479	1
47	480	1
47	481	1
47	482	1
45	484	1
47	478	1
47	710	1
46	710	1
43	15	1
44	14	1
45	14	1
46	15	1
47	15	1
48	16	1
48	17	1
48	20	0
48	19	0
48	22	993
48	23	993
48	24	993
43	191	8
44	191	8
45	191	8
46	191	8
47	191	8
48	191	8
42	191	8
49	192	8
29	210	1
30	210	1
31	210	1
32	210	1
33	209	1
34	208	1
35	207	1
36	206	1
37	205	1
38	204	1
39	203	1
40	202	1
41	201	1
42	200	1
43	199	1
44	198	1
45	197	1
46	196	1
47	195	1
48	194	1
28	209	1
49	193	1
45	486	1
45	487	1
45	488	1
45	489	1
45	490	1
45	491	1
45	492	1
45	493	1
46	494	1
47	495	1
48	496	1
45	485	1
49	497	1
40	504	0
41	503	0
42	503	0
43	503	0
44	503	0
45	503	0
46	503	0
47	503	0
48	503	0
39	504	0
49	503	0
23	614	1
24	614	1
25	614	1
26	614	1
27	614	1
28	614	1
29	614	1
30	614	1
31	614	1
32	614	1
33	614	1
34	615	1
35	615	1
36	615	1
37	615	1
38	615	1
39	614	1
40	614	1
41	613	1
42	612	1
43	611	1
44	610	1
45	609	1
46	608	1
47	607	1
48	606	1
22	614	1
49	606	1
42	658	3
43	659	3
44	660	3
45	661	3
46	662	3
47	663	3
48	663	3
41	657	3
49	663	3
48	1	0
49	1	0
47	1	0
46	9	990
47	9	990
48	9	990
49	10	990
49	11	990
41	365	0
42	366	0
43	367	0
44	368	0
45	369	0
46	370	0
47	371	0
48	372	0
49	373	0
50	374	0
40	364	0
51	375	0
49	378	0
50	377	0
48	378	0
51	376	0
50	499	1
50	500	1
50	501	1
50	498	1
50	502	1
41	586	2
42	587	2
43	588	2
44	589	2
45	590	2
45	591	2
45	592	2
46	593	2
46	594	2
47	595	2
47	596	2
48	597	2
49	598	2
49	599	2
49	600	2
49	601	2
50	602	2
41	585	2
51	603	2
50	623	0
50	624	0
50	625	0
50	626	0
50	627	0
50	628	0
50	629	0
50	630	0
50	631	0
50	632	0
50	633	0
50	634	0
50	635	0
50	636	0
50	637	0
50	638	0
50	639	0
50	640	0
50	641	0
50	642	0
51	622	0
42	655	3
43	654	3
44	653	3
45	652	3
46	651	3
47	650	3
48	649	3
49	648	3
50	645	3
50	646	3
50	647	3
41	656	3
50	644	3
44	704	993
45	704	993
46	704	993
47	704	993
48	703	993
49	704	993
50	705	993
50	608	2
50	609	2
50	610	2
50	611	2
50	612	2
50	613	2
50	614	2
50	615	2
50	616	2
50	617	2
51	618	2
51	619	2
51	620	2
51	621	2
50	607	2
51	622	2
41	679	1
41	680	1
42	678	1
43	677	1
44	676	1
45	675	1
46	674	1
47	673	1
48	672	1
49	671	1
50	670	1
51	669	1
52	668	1
42	693	2
43	693	2
44	693	2
45	692	2
46	692	2
47	692	2
48	693	2
49	693	2
50	693	2
51	694	2
41	692	2
48	717	992
49	717	992
50	718	992
51	719	992
51	720	992
51	721	992
46	72	2
46	73	2
46	74	2
46	75	2
46	76	2
46	77	2
46	78	2
46	79	2
46	80	2
46	81	2
46	82	2
47	71	2
47	83	2
48	84	2
49	85	2
50	86	2
51	87	2
52	88	2
53	89	2
30	99	1
31	99	1
32	98	1
33	98	1
34	97	1
35	96	1
36	95	1
37	95	1
38	94	1
39	94	1
40	93	1
41	93	1
42	93	1
43	92	1
44	91	1
45	91	1
46	91	1
47	91	1
48	91	1
49	90	1
50	90	1
51	90	1
52	90	1
29	100	1
53	89	1
52	503	0
51	503	0
53	504	0
51	665	2
52	666	2
52	667	2
50	664	2
52	668	2
52	702	992
53	702	992
54	402	992
54	403	992
48	477	0
49	476	0
50	475	0
51	474	0
52	473	0
53	468	0
53	472	0
54	469	0
54	470	0
54	471	0
47	478	0
55	31	992
55	32	992
54	89	2
55	89	2
53	89	2
56	89	2
45	231	0
45	232	0
46	225	0
46	226	0
46	227	0
46	228	0
46	229	0
46	230	0
46	233	0
46	234	0
47	224	0
48	223	0
49	222	0
50	221	0
51	220	0
52	219	0
53	218	0
54	217	0
55	216	0
56	215	0
44	402	4
45	401	4
46	393	4
46	394	4
46	395	4
46	396	4
46	397	4
46	398	4
46	399	4
46	400	4
47	392	4
48	391	4
49	390	4
50	389	4
51	388	4
52	387	4
53	386	4
54	385	4
55	384	4
56	383	4
56	701	993
56	702	993
55	712	994
56	713	994
56	714	994
56	715	994
56	716	994
57	76	1
57	77	1
57	78	1
57	79	1
57	80	1
57	81	1
57	82	1
57	83	1
57	84	1
57	85	1
57	86	1
57	87	1
58	74	1
58	75	1
59	73	1
57	88	1
57	234	994
57	235	994
57	236	994
57	237	994
53	376	0
54	376	0
55	376	0
56	376	0
57	377	0
52	376	0
58	378	0
57	380	1
57	381	1
57	382	1
58	379	1
51	661	0
52	660	0
53	659	0
54	658	0
55	657	0
56	656	0
57	655	0
50	662	0
58	655	0
51	351	0
52	352	0
53	353	0
54	354	0
55	355	0
56	356	0
57	357	0
58	358	0
59	359	0
46	355	1
47	356	1
48	357	1
49	358	1
50	359	1
51	360	1
52	361	1
53	362	1
54	363	1
55	364	1
56	365	1
57	366	1
58	367	1
45	354	1
59	368	1
52	623	0
53	624	0
54	625	0
55	626	0
56	627	0
57	628	0
58	629	0
51	622	0
59	629	0
59	22	991
59	23	991
60	21	991
54	685	0
55	684	0
56	684	0
57	684	0
58	684	0
59	684	0
60	683	0
52	699	992
53	698	992
54	696	992
54	697	992
55	695	992
56	695	992
57	696	992
58	697	992
59	698	992
59	699	992
59	700	992
51	193	0
52	193	0
53	194	0
54	194	0
55	194	0
56	195	0
57	195	0
58	195	0
59	196	0
60	196	0
50	193	0
61	196	0
60	361	1
60	362	1
60	363	1
60	364	1
60	365	1
60	366	1
60	360	1
60	367	1
57	385	0
57	386	0
57	387	0
57	388	0
57	389	0
57	390	0
57	391	0
57	392	0
57	393	0
58	394	0
59	395	0
60	396	0
57	384	0
60	397	0
55	506	0
56	507	0
57	507	0
58	507	0
59	507	0
60	507	0
54	505	0
61	507	0
59	653	0
60	652	0
59	654	0
61	652	0
59	2	1
60	1	1
61	1	1
62	2	1
61	9	1
60	8	1
46	137	0
47	136	0
48	136	0
49	136	0
50	136	0
51	135	0
52	135	0
53	135	0
54	135	0
55	134	0
56	134	0
57	133	0
58	133	0
59	132	0
60	132	0
61	132	0
45	137	0
62	132	0
61	703	993
61	704	993
61	705	993
61	712	992
61	713	992
60	6	1
60	7	1
61	5	1
62	4	1
60	8	1
62	3	1
57	11	1
57	12	1
58	10	1
58	13	1
59	9	1
59	14	1
60	14	1
61	15	1
62	15	1
60	8	1
62	174	1
62	175	1
62	176	1
62	177	1
62	178	1
62	179	1
62	180	1
62	181	1
62	182	1
62	183	1
62	184	1
62	185	1
62	186	1
62	187	1
62	188	1
62	189	1
62	190	1
62	191	1
62	192	1
62	193	1
62	194	1
62	195	1
61	631	1
62	630	1
60	630	1
61	629	1
62	685	0
62	686	0
61	684	0
58	90	2
59	90	2
60	90	2
61	90	2
62	90	2
63	90	2
57	89	2
64	90	2
63	198	2
62	197	2
64	198	2
62	399	0
63	400	0
61	398	0
64	401	0
60	400	0
60	401	0
61	402	0
62	403	0
63	403	0
60	399	0
64	402	0
61	472	0
61	473	0
61	474	0
61	475	0
62	476	0
63	477	0
64	478	0
62	700	991
63	700	991
57	217	0
57	218	0
57	219	0
57	220	0
57	221	0
57	222	0
57	223	0
57	224	0
57	225	0
57	226	0
57	227	0
58	228	0
59	229	0
60	230	0
61	230	0
62	230	0
63	230	0
64	230	0
57	216	0
65	229	0
52	643	0
53	643	0
54	643	0
55	643	0
56	643	0
57	643	0
58	643	0
59	643	0
60	643	0
61	642	0
62	641	0
63	641	0
64	640	0
51	643	0
63	650	0
64	651	0
62	651	0
63	652	0
62	719	992
63	718	992
64	717	992
64	2	1
65	2	1
63	2	1
64	76	3
65	77	3
65	78	3
65	79	3
65	80	3
65	81	3
65	82	3
65	83	3
65	84	3
65	85	3
65	86	3
65	87	3
65	88	3
65	89	3
65	175	1
65	176	1
65	177	1
65	178	1
65	179	1
65	180	1
65	181	1
65	182	1
65	183	1
65	184	1
65	185	1
65	186	1
65	187	1
65	188	1
65	189	1
65	190	1
65	191	1
65	192	1
65	193	1
65	194	1
65	195	1
65	196	1
66	174	1
65	197	1
61	369	0
62	370	0
63	371	0
64	372	0
65	373	0
60	368	0
66	374	0
60	378	0
61	378	0
62	378	0
63	377	0
64	376	0
65	375	0
59	378	0
66	374	0
65	476	0
65	475	0
65	477	0
51	496	2
52	495	2
53	494	2
54	493	2
55	492	2
56	491	2
57	490	2
58	489	2
59	488	2
60	487	2
61	486	2
62	485	2
63	484	2
64	483	2
65	480	2
65	481	2
65	482	2
50	497	2
65	479	2
61	655	0
62	655	0
63	655	0
64	655	0
65	655	0
60	655	0
64	688	984
65	689	984
66	702	994
66	703	994
65	714	991
66	715	991
66	200	4
67	200	4
65	199	4
68	201	4
58	213	0
59	212	0
60	211	0
61	210	0
62	209	0
63	208	0
64	207	0
65	206	0
66	205	0
67	204	0
57	214	0
68	203	0
66	472	1
67	473	1
65	473	1
66	474	1
65	235	0
66	234	0
67	233	0
68	230	0
68	231	0
68	232	0
67	229	0
53	669	0
54	669	0
55	669	0
56	669	0
57	669	0
58	669	0
59	669	0
60	669	0
61	669	0
62	669	0
63	669	0
64	669	0
65	669	0
66	669	0
67	669	0
68	669	0
69	669	0
52	668	0
70	670	0
61	681	2
62	680	2
63	679	2
64	678	2
65	677	2
66	676	2
67	675	2
68	674	2
69	673	2
61	682	2
70	672	2
67	90	0
68	90	0
69	90	0
70	90	0
66	90	0
71	91	0
63	509	1
64	509	1
65	509	1
66	509	1
67	509	1
68	509	1
69	509	1
70	509	1
62	508	1
71	510	1
46	536	2
46	537	2
46	538	2
46	539	2
46	540	2
46	541	2
46	542	2
46	543	2
46	544	2
47	535	2
48	534	2
49	533	2
50	532	2
51	531	2
52	530	2
53	529	2
54	528	2
55	527	2
56	526	2
57	525	2
58	524	2
59	523	2
60	522	2
61	521	2
62	520	2
63	519	2
64	518	2
65	517	2
66	516	2
67	515	2
68	514	2
69	513	2
70	512	2
71	511	2
66	401	0
67	401	0
68	400	0
69	399	0
70	398	0
71	398	0
65	401	0
72	399	0
71	74	6
72	75	6
72	76	6
72	77	6
72	78	6
72	79	6
72	80	6
72	81	6
72	82	6
72	83	6
72	84	6
72	85	6
72	86	6
72	87	6
72	88	6
72	89	6
72	90	6
64	130	0
65	129	0
66	128	0
67	127	0
68	126	0
69	126	0
70	125	0
71	125	0
72	124	0
63	131	0
73	123	0
70	346	0
71	347	0
72	348	0
73	349	0
71	669	0
72	668	0
70	670	0
73	667	0
71	715	991
72	715	991
73	652	983
73	653	983
73	654	983
73	655	983
73	663	1
73	664	1
73	662	1
73	665	1
72	9	992
73	9	992
74	9	992
74	118	0
74	119	0
74	120	0
74	121	0
74	122	0
75	117	0
74	344	0
74	345	0
74	346	0
74	347	0
74	348	0
71	407	0
72	407	0
73	406	0
74	403	0
74	404	0
74	405	0
74	402	0
72	661	0
73	660	0
74	661	0
73	662	0
73	662	0
66	227	3
67	225	3
67	226	3
68	224	3
69	223	3
70	222	3
71	221	3
72	220	3
73	219	3
74	218	3
75	217	3
66	228	3
76	216	3
72	233	0
72	234	0
72	235	0
73	232	0
74	231	0
75	230	0
76	229	0
75	401	0
74	400	0
74	402	0
75	655	982
75	656	982
67	686	0
67	687	0
67	688	0
68	685	0
69	684	0
70	683	0
71	682	0
72	681	0
73	680	0
74	679	0
75	678	0
76	677	0
64	133	3
65	134	3
66	135	3
67	136	3
68	137	3
69	138	3
70	139	3
71	140	3
72	141	3
73	142	3
74	143	3
75	144	3
76	145	3
76	146	3
63	132	3
76	226	2
76	227	2
77	218	2
77	219	2
77	220	2
77	221	2
77	222	2
77	223	2
77	224	2
77	225	2
76	228	2
77	217	2
72	673	1
73	673	1
74	673	1
75	673	1
76	674	1
71	672	1
77	675	1
75	114	0
75	115	0
76	113	0
77	109	0
77	110	0
77	111	0
77	112	0
78	106	0
78	107	0
78	108	0
79	104	0
79	105	0
80	100	0
80	101	0
80	102	0
80	103	0
81	97	0
81	98	0
81	99	0
75	116	0
82	96	0
55	502	0
56	501	0
57	500	0
58	499	0
59	498	0
60	497	0
61	496	0
62	495	0
63	494	0
64	493	0
65	492	0
66	491	0
67	490	0
68	489	0
69	488	0
70	487	0
71	486	0
72	485	0
73	484	0
74	483	0
75	482	0
76	481	0
77	476	0
77	477	0
77	478	0
77	479	0
77	480	0
54	503	0
75	665	1
76	664	1
77	663	1
74	666	1
78	662	1
78	0	0
78	1	0
71	28	990
72	28	990
73	28	990
74	28	990
75	28	990
76	28	990
77	28	990
78	28	990
78	230	0
78	231	0
77	229	0
78	232	0
73	510	2
74	510	2
75	510	2
76	510	2
77	510	2
78	510	2
72	510	2
79	510	2
78	656	1
78	657	1
78	658	1
78	659	1
78	660	1
77	2	0
77	3	0
78	4	0
79	2	0
79	4	0
80	3	0
78	1	0
78	1	0
78	9	992
79	9	992
80	8	992
77	679	1
77	680	1
77	681	1
77	682	1
77	683	1
77	684	1
77	685	1
77	686	1
78	687	1
78	688	1
79	689	1
80	689	1
77	678	1
81	689	1
74	92	1
75	91	1
76	91	1
77	91	1
78	92	1
79	93	1
80	94	1
81	95	1
73	91	1
82	96	1
81	237	0
82	238	0
81	236	0
83	238	0
80	244	986
81	244	986
82	244	986
63	505	2
64	504	2
65	503	2
66	502	2
67	501	2
68	500	2
69	499	2
70	498	2
71	497	2
72	496	2
73	495	2
74	494	2
75	493	2
76	492	2
77	491	2
78	490	2
79	489	2
80	488	2
81	487	2
82	486	2
83	478	2
83	479	2
83	480	2
83	481	2
83	482	2
83	483	2
83	484	2
83	485	2
62	506	2
84	240	1
84	239	1
80	661	0
81	661	0
82	661	0
83	661	0
84	661	0
79	661	0
84	72	0
85	71	0
85	73	0
86	72	0
83	234	1
84	234	1
85	233	1
82	234	1
86	233	1
85	246	2
86	245	2
85	237	0
86	236	0
84	238	0
87	235	0
81	511	0
82	511	0
83	511	0
84	511	0
85	511	0
86	511	0
80	510	0
87	512	0
61	540	3
61	541	3
62	539	3
63	537	3
63	538	3
64	536	3
65	535	3
66	534	3
67	533	3
68	532	3
69	531	3
70	530	3
71	529	3
72	528	3
73	527	3
74	526	3
75	525	3
76	524	3
77	523	3
78	522	3
79	521	3
80	520	3
81	519	3
82	518	3
83	517	3
84	516	3
85	515	3
86	514	3
87	513	3
85	1	0
86	1	0
87	1	0
88	2	0
85	6	1
86	6	1
87	4	1
87	5	1
88	3	1
87	63	987
87	64	987
87	242	0
87	243	0
87	244	0
88	241	0
86	637	1
87	636	1
88	636	1
83	691	3
84	692	3
85	692	3
86	692	3
87	691	3
82	690	3
88	691	3
88	67	0
88	68	0
88	69	0
88	70	0
88	71	0
88	72	0
76	124	3
77	125	3
78	126	3
79	127	3
80	128	3
81	129	3
82	130	3
83	131	3
84	132	3
85	133	3
86	134	3
87	135	3
88	136	3
88	137	3
88	138	3
88	139	3
88	140	3
75	123	3
88	156	992
88	157	992
88	158	992
88	159	992
87	165	987
88	163	987
88	164	987
70	202	5
71	202	5
72	202	5
73	202	5
74	202	5
75	202	5
76	202	5
77	202	5
78	202	5
79	202	5
80	202	5
81	202	5
82	202	5
83	202	5
84	202	5
85	202	5
86	202	5
87	202	5
88	202	5
69	202	5
89	203	5
78	215	1
79	214	1
80	213	1
81	212	1
82	211	1
83	210	1
84	209	1
85	208	1
86	207	1
87	206	1
88	205	1
77	216	1
89	204	1
88	236	1
88	237	1
88	238	1
88	239	1
87	235	1
88	240	1
88	246	1
88	247	1
88	248	1
88	249	1
88	250	1
88	251	1
88	252	1
88	253	1
87	245	1
83	411	0
84	411	0
85	411	0
86	411	0
87	411	0
88	411	0
89	411	0
80	673	4
81	672	4
82	671	4
83	670	4
84	669	4
85	668	4
86	667	4
87	666	4
88	657	4
88	658	4
88	659	4
88	660	4
88	664	4
88	665	4
89	648	4
89	649	4
89	650	4
89	651	4
89	652	4
89	653	4
89	654	4
89	655	4
89	656	4
89	661	4
89	662	4
89	663	4
79	674	4
88	59	986
89	60	986
88	147	994
89	147	994
86	334	0
87	335	0
87	336	0
87	337	0
87	338	0
87	339	0
87	340	0
87	341	0
87	342	0
87	343	0
87	344	0
88	345	0
89	346	0
90	347	0
88	414	0
89	415	0
89	413	0
90	414	0
88	643	1
89	638	1
89	639	1
89	640	1
89	641	1
89	642	1
89	637	1
80	676	1
81	676	1
82	676	1
83	676	1
84	676	1
85	677	1
86	677	1
87	678	1
88	678	1
89	678	1
79	675	1
90	678	1
89	693	4
89	694	4
89	695	4
89	696	4
89	697	4
89	698	4
89	699	4
89	700	4
89	701	4
89	702	4
89	703	4
89	692	4
67	374	1
68	374	1
69	374	1
70	374	1
71	374	1
72	374	1
73	374	1
74	374	1
75	374	1
76	374	1
77	374	1
78	374	1
79	374	1
80	374	1
81	374	1
82	374	1
83	374	1
84	374	1
85	374	1
86	374	1
87	374	1
88	374	1
89	374	1
90	374	1
66	374	1
91	374	1
53	605	3
54	605	3
55	605	3
56	605	3
57	605	3
58	605	3
59	606	3
60	607	3
61	607	3
62	607	3
63	607	3
64	607	3
65	607	3
66	607	3
67	608	3
68	608	3
69	609	3
70	609	3
71	610	3
72	610	3
73	610	3
74	611	3
75	611	3
76	611	3
77	612	3
78	612	3
79	612	3
80	613	3
81	613	3
82	613	3
83	613	3
84	614	3
85	614	3
86	614	3
87	614	3
88	615	3
89	615	3
90	615	3
52	604	3
91	616	3
78	630	1
78	631	1
78	632	1
78	633	1
78	634	1
79	629	1
80	628	1
81	627	1
82	626	1
83	625	1
84	624	1
85	623	1
86	622	1
87	621	1
88	620	1
89	619	1
90	618	1
91	617	1
84	688	1
85	687	1
86	686	1
87	685	1
88	684	1
89	683	1
90	682	1
83	689	1
91	681	1
91	63	986
91	64	986
77	118	2
78	119	2
79	120	2
80	121	2
81	122	2
82	123	2
83	124	2
84	125	2
85	126	2
86	127	2
87	128	2
88	129	2
89	130	2
90	131	2
91	132	2
76	117	2
88	232	0
89	231	0
90	230	0
91	229	0
87	233	0
92	228	0
91	339	0
91	340	0
91	341	0
91	342	0
91	343	0
91	344	0
91	345	0
91	346	0
60	354	3
60	355	3
60	356	3
60	357	3
61	351	3
61	352	3
61	353	3
62	349	3
62	350	3
63	348	3
64	347	3
65	346	3
66	346	3
67	347	3
67	348	3
68	349	3
69	350	3
70	351	3
71	352	3
72	353	3
73	354	3
74	355	3
75	356	3
76	357	3
77	358	3
78	359	3
79	360	3
80	361	3
81	362	3
82	363	3
83	364	3
84	365	3
85	366	3
86	367	3
87	368	3
88	369	3
89	370	3
90	371	3
91	372	3
60	358	3
92	373	3
93	230	1
93	229	1
93	231	1
93	244	1
92	243	1
93	245	1
93	248	0
93	247	0
74	397	0
75	396	0
76	395	0
77	394	0
78	393	0
79	392	0
80	391	0
81	390	0
82	389	0
83	388	0
84	387	0
85	386	0
86	385	0
87	384	0
88	383	0
89	382	0
90	381	0
91	380	0
92	379	0
93	378	0
74	398	0
94	377	0
81	508	4
82	507	4
83	506	4
84	505	4
85	504	4
86	503	4
87	502	4
88	501	4
89	500	4
90	499	4
91	498	4
92	497	4
93	483	4
93	484	4
93	485	4
93	486	4
93	487	4
93	488	4
93	489	4
93	490	4
93	491	4
93	492	4
93	493	4
93	494	4
93	495	4
93	496	4
94	482	4
80	509	4
93	683	1
93	682	1
94	684	1
90	690	1
91	689	1
92	688	1
93	687	1
89	691	1
94	686	1
92	232	0
93	233	0
94	232	0
93	231	0
93	231	0
95	246	0
96	246	0
94	246	0
97	246	0
96	250	986
96	251	986
75	351	0
76	352	0
77	353	0
78	354	0
79	355	0
80	356	0
81	357	0
82	358	0
83	359	0
84	360	0
85	361	0
86	362	0
87	363	0
88	364	0
89	365	0
90	366	0
91	367	0
92	368	0
93	369	0
94	370	0
95	371	0
96	372	0
97	373	0
74	350	0
98	374	0
96	376	0
97	376	0
95	376	0
98	375	0
89	512	0
90	512	0
91	512	0
92	512	0
93	512	0
94	512	0
95	512	0
96	512	0
97	512	0
88	512	0
98	513	0
71	541	1
71	542	1
72	540	1
73	539	1
74	538	1
75	537	1
76	536	1
77	535	1
78	534	1
79	533	1
80	532	1
81	531	1
82	530	1
83	529	1
84	528	1
85	527	1
86	526	1
87	525	1
88	524	1
89	523	1
90	522	1
91	521	1
92	520	1
93	519	1
94	518	1
95	517	1
96	516	1
97	515	1
98	514	1
88	75	3
89	76	3
90	77	3
91	78	3
92	79	3
93	80	3
94	81	3
95	82	3
96	83	3
97	84	3
98	85	3
99	86	3
88	74	3
100	87	3
97	686	0
98	686	0
99	686	0
96	685	0
100	686	0
83	95	2
84	95	2
85	95	2
86	95	2
87	94	2
88	94	2
89	94	2
90	93	2
91	93	2
92	93	2
93	92	2
94	92	2
95	91	2
96	91	2
97	91	2
98	90	2
99	89	2
100	88	2
82	96	2
100	87	2
94	241	2
95	241	2
96	240	2
97	239	2
98	238	2
99	237	2
100	236	2
93	242	2
101	235	2
93	617	1
94	618	1
95	618	1
96	618	1
97	618	1
98	618	1
99	619	1
100	619	1
101	620	1
92	617	1
102	621	1
90	635	0
91	634	0
92	633	0
93	632	0
94	631	0
95	630	0
96	629	0
97	628	0
98	627	0
99	626	0
100	625	0
101	624	0
89	636	0
102	623	0
92	676	1
93	675	1
94	674	1
95	673	1
96	672	1
97	671	1
98	671	1
99	671	1
100	671	1
101	671	1
91	677	1
102	672	1
94	680	0
95	679	0
96	678	0
97	677	0
98	676	0
99	675	0
100	674	0
101	674	0
93	681	0
102	673	0
101	245	2
102	245	2
103	245	2
100	245	2
104	245	2
97	683	1
98	682	1
99	681	1
100	680	1
101	679	1
102	678	1
103	677	1
96	684	1
103	676	1
99	248	1
100	249	1
101	250	1
102	249	1
103	248	1
104	247	1
98	247	1
105	246	1
104	670	3
103	671	3
103	687	0
104	687	0
102	687	0
105	687	0
105	428	0
106	427	0
106	429	0
105	675	4
106	674	4
104	675	4
106	688	0
105	687	0
107	687	0
88	169	2
88	170	2
88	171	2
88	172	2
88	173	2
88	174	2
88	175	2
88	176	2
88	177	2
88	178	2
88	179	2
88	180	2
89	168	2
89	181	2
90	168	2
90	182	2
91	183	2
92	184	2
93	185	2
94	186	2
95	187	2
96	188	2
97	189	2
98	190	2
99	191	2
100	192	2
101	193	2
102	194	2
103	195	2
104	196	2
105	197	2
106	198	2
107	199	2
108	200	2
109	201	2
91	203	1
92	203	1
93	203	1
94	203	1
95	203	1
96	203	1
97	203	1
98	203	1
99	203	1
100	203	1
101	203	1
102	203	1
103	203	1
104	203	1
105	203	1
106	203	1
107	203	1
108	203	1
90	203	1
109	202	1
109	254	0
110	254	0
110	255	0
108	646	0
109	647	0
109	645	0
110	646	0
110	686	0
109	685	0
109	687	0
110	430	0
111	429	0
109	429	0
110	428	0
102	684	3
103	683	3
104	682	3
105	681	3
106	680	3
107	680	3
108	680	3
109	680	3
110	680	3
111	680	3
101	685	3
112	44	984
112	45	984
101	86	2
102	86	2
103	86	2
104	85	2
105	85	2
106	85	2
107	84	2
108	84	2
109	81	2
109	82	2
109	83	2
110	80	2
111	79	2
112	79	2
100	87	2
113	78	2
110	337	1
111	338	1
111	339	1
111	340	1
111	341	1
111	342	1
111	343	1
111	344	1
112	345	1
113	346	1
99	339	2
100	340	2
100	341	2
100	342	2
100	343	2
101	344	2
102	345	2
103	346	2
104	347	2
105	348	2
106	349	2
107	350	2
108	351	2
109	352	2
110	353	2
111	354	2
112	355	2
113	356	2
111	202	1
112	203	1
113	204	1
110	202	1
114	205	1
94	226	4
95	225	4
96	224	4
97	223	4
98	222	4
99	221	4
100	220	4
101	219	4
102	218	4
103	217	4
104	216	4
105	215	4
106	214	4
107	213	4
108	212	4
109	211	4
110	210	4
111	209	4
112	208	4
113	207	4
93	227	4
114	206	4
91	349	1
91	350	1
92	351	1
93	352	1
94	353	1
95	354	1
96	355	1
97	356	1
98	357	1
99	358	1
100	359	1
101	360	1
102	361	1
103	362	1
104	363	1
105	364	1
106	365	1
107	366	1
108	367	1
109	368	1
110	369	1
111	370	1
112	371	1
113	372	1
91	348	1
114	373	1
100	375	1
101	375	1
102	375	1
103	375	1
104	375	1
105	375	1
106	375	1
107	375	1
108	375	1
109	375	1
110	375	1
111	375	1
112	375	1
113	376	1
99	375	1
114	376	1
100	513	5
101	513	5
102	514	5
103	514	5
104	514	5
105	514	5
106	514	5
107	514	5
108	515	5
109	515	5
110	515	5
111	515	5
112	515	5
113	515	5
99	513	5
114	516	5
90	545	0
90	546	0
91	541	0
91	542	0
91	543	0
91	544	0
92	540	0
93	539	0
94	538	0
95	537	0
96	536	0
97	535	0
98	534	0
99	533	0
100	532	0
101	531	0
102	530	0
103	529	0
104	528	0
105	527	0
106	526	0
107	525	0
108	524	0
109	523	0
110	522	0
111	521	0
112	520	0
113	519	0
114	518	0
114	348	1
114	349	1
114	350	1
114	351	1
114	352	1
114	353	1
114	354	1
114	347	1
114	355	1
105	620	1
106	619	1
107	618	1
108	617	1
109	616	1
110	615	1
111	614	1
112	613	1
113	612	1
114	611	1
115	605	1
115	606	1
115	607	1
115	608	1
115	609	1
115	610	1
104	621	1
102	54	0
102	55	0
102	56	0
102	57	0
103	58	0
104	59	0
105	60	0
106	61	0
107	62	0
108	63	0
109	64	0
110	65	0
111	66	0
112	67	0
113	68	0
114	69	0
115	70	0
116	71	0
117	72	0
118	73	0
115	76	1
116	75	1
117	75	1
114	77	1
118	74	1
115	357	0
115	358	0
116	359	0
117	360	0
114	356	0
118	361	0
116	372	0
117	371	0
118	362	0
118	363	0
118	364	0
118	365	0
118	366	0
118	367	0
118	368	0
118	369	0
118	370	0
115	373	0
118	361	0
116	377	1
117	378	1
118	379	1
118	380	1
118	381	1
115	376	1
119	382	1
92	410	1
93	409	1
94	408	1
95	407	1
96	406	1
97	405	1
98	404	1
99	403	1
100	402	1
101	401	1
102	400	1
103	399	1
104	398	1
105	397	1
106	396	1
107	395	1
108	394	1
109	393	1
110	392	1
111	391	1
112	390	1
113	389	1
114	388	1
115	387	1
116	386	1
117	385	1
118	384	1
91	411	1
119	383	1
118	148	989
119	148	989
114	339	1
114	340	1
114	341	1
114	342	1
114	343	1
114	344	1
115	337	1
115	338	1
116	336	1
117	336	1
118	336	1
119	336	1
114	345	1
116	517	0
117	517	0
118	517	0
119	518	0
120	518	0
115	517	0
121	518	0
106	52	1
106	53	1
107	54	1
108	55	1
109	56	1
110	57	1
111	58	1
112	59	1
113	60	1
114	61	1
115	62	1
116	63	1
117	64	1
118	65	1
119	66	1
120	67	1
121	68	1
122	69	1
120	73	0
121	72	0
119	73	0
122	71	0
103	551	2
104	550	2
105	540	2
105	541	2
105	542	2
105	543	2
105	544	2
105	545	2
105	546	2
105	547	2
105	548	2
105	549	2
106	539	2
107	538	2
108	537	2
109	536	2
110	535	2
111	534	2
112	533	2
113	532	2
114	531	2
115	530	2
116	529	2
117	528	2
118	527	2
119	526	2
120	525	2
121	524	2
122	523	2
111	644	1
112	643	1
113	642	1
114	641	1
115	640	1
116	639	1
117	638	1
118	637	1
119	636	1
120	635	1
121	634	1
110	645	1
122	633	1
122	520	0
122	521	0
122	519	0
122	522	0
105	623	2
106	623	2
107	623	2
108	624	2
109	624	2
110	624	2
111	624	2
112	625	2
113	625	2
114	626	2
115	626	2
116	627	2
117	628	2
118	628	2
119	628	2
120	629	2
121	629	2
122	630	2
104	622	2
122	631	2
116	205	0
117	205	0
118	205	0
119	205	0
120	205	0
121	205	0
122	205	0
123	205	0
115	205	0
124	206	0
92	239	8
93	238	8
94	237	8
95	236	8
96	235	8
97	234	8
98	233	8
99	232	8
100	231	8
101	230	8
102	229	8
103	228	8
104	227	8
105	226	8
106	225	8
107	224	8
108	223	8
109	222	8
110	221	8
111	220	8
112	219	8
113	218	8
114	217	8
115	216	8
116	215	8
117	214	8
118	213	8
119	212	8
120	211	8
121	210	8
122	209	8
123	208	8
91	240	8
124	207	8
104	231	4
105	230	4
106	229	4
107	228	4
108	227	4
109	226	4
110	225	4
111	224	4
112	223	4
113	222	4
114	221	4
115	220	4
116	219	4
117	218	4
118	217	4
119	216	4
120	215	4
121	214	4
122	213	4
123	212	4
124	211	4
125	210	4
103	232	4
126	209	4
102	689	3
102	690	3
103	691	3
104	692	3
105	692	3
106	693	3
107	693	3
108	693	3
109	693	3
110	693	3
111	693	3
112	693	3
113	693	3
114	693	3
115	693	3
116	693	3
117	693	3
118	693	3
119	693	3
120	693	3
121	693	3
122	693	3
123	693	3
124	693	3
125	693	3
101	688	3
90	2	1
91	2	1
92	2	1
93	2	1
94	2	1
95	2	1
96	2	1
97	2	1
98	2	1
99	2	1
100	2	1
101	2	1
102	2	1
103	2	1
104	2	1
105	2	1
106	2	1
107	2	1
108	2	1
109	1	1
110	1	1
111	1	1
112	1	1
113	1	1
114	1	1
115	2	1
116	2	1
117	2	1
118	2	1
119	2	1
120	2	1
121	2	1
122	2	1
123	2	1
124	2	1
125	2	1
126	2	1
89	2	1
127	3	1
94	422	1
95	421	1
96	420	1
97	419	1
98	418	1
99	417	1
100	416	1
101	415	1
102	414	1
103	413	1
104	412	1
105	411	1
106	410	1
107	409	1
108	408	1
109	407	1
110	406	1
111	405	1
112	404	1
113	403	1
114	402	1
115	401	1
116	400	1
117	399	1
118	398	1
119	397	1
120	396	1
121	395	1
122	394	1
123	393	1
124	392	1
125	391	1
126	390	1
127	389	1
111	551	3
111	552	3
112	550	3
113	549	3
114	548	3
115	547	3
116	546	3
117	545	3
118	544	3
119	543	3
120	542	3
121	541	3
122	539	3
122	540	3
123	538	3
124	524	3
124	537	3
125	525	3
125	536	3
126	526	3
126	534	3
126	535	3
127	527	3
127	528	3
127	529	3
127	530	3
127	531	3
127	532	3
127	533	3
123	523	3
121	384	0
122	384	0
123	384	0
124	384	0
125	385	0
126	385	0
127	386	0
120	383	0
127	387	0
128	5	1
127	4	1
129	4	1
112	49	0
113	50	0
114	51	0
115	52	0
116	53	0
117	54	0
118	55	0
119	56	0
120	57	0
121	58	0
122	59	0
123	60	0
124	61	0
125	62	0
126	63	0
127	64	0
128	65	0
129	66	0
124	70	0
125	69	0
126	68	0
127	68	0
128	68	0
123	70	0
129	67	0
102	167	8
103	168	8
104	169	8
105	170	8
106	171	8
107	172	8
108	173	8
109	174	8
110	175	8
111	176	8
112	177	8
113	178	8
114	179	8
115	180	8
116	181	8
117	182	8
118	183	8
119	184	8
120	185	8
121	186	8
122	187	8
123	188	8
124	189	8
125	190	8
126	191	8
127	192	8
128	193	8
129	194	8
99	243	3
100	242	3
101	241	3
102	240	3
103	239	3
104	238	3
105	237	3
106	236	3
107	235	3
108	234	3
109	233	3
110	232	3
111	231	3
112	230	3
113	229	3
114	228	3
115	227	3
116	226	3
117	225	3
118	224	3
119	223	3
120	222	3
121	221	3
122	220	3
123	219	3
124	218	3
125	217	3
126	216	3
127	215	3
128	214	3
99	244	3
129	213	3
107	244	3
108	243	3
109	242	3
110	241	3
111	240	3
112	239	3
113	238	3
114	237	3
115	236	3
116	235	3
117	234	3
118	233	3
119	232	3
120	231	3
121	230	3
122	229	3
123	228	3
124	227	3
125	226	3
126	225	3
127	224	3
128	223	3
106	245	3
129	222	3
128	210	4
129	211	4
129	212	4
127	209	4
129	213	4
127	201	0
127	202	0
127	203	0
127	204	0
127	205	0
128	199	0
128	200	0
129	198	0
130	196	0
130	197	0
126	206	0
130	195	0
130	214	0
130	215	0
130	216	0
130	217	0
130	218	0
130	219	0
130	220	0
129	213	0
130	221	0
116	79	1
117	80	1
118	81	1
119	82	1
120	83	1
121	84	1
122	85	1
123	86	1
124	87	1
125	88	1
126	89	1
127	90	1
128	91	1
129	92	1
130	93	1
131	94	1
131	95	1
115	78	1
104	255	0
104	256	0
105	254	0
106	252	0
106	253	0
107	251	0
108	250	0
109	249	0
110	248	0
111	247	0
112	246	0
113	245	0
114	244	0
115	243	0
116	242	0
117	241	0
118	240	0
119	239	0
120	238	0
121	237	0
122	236	0
123	235	0
124	234	0
125	233	0
126	232	0
127	231	0
128	230	0
129	229	0
130	228	0
131	227	0
132	226	0
116	48	1
117	49	1
118	50	1
119	51	1
120	52	1
121	53	1
122	54	1
123	55	1
124	56	1
125	57	1
126	58	1
127	59	1
128	60	1
129	61	1
130	62	1
131	63	1
132	64	1
133	65	1
131	67	0
132	67	0
130	67	0
133	66	0
132	223	0
132	224	0
131	222	0
132	225	0
112	253	2
113	252	2
114	251	2
115	250	2
116	249	2
117	248	2
118	247	2
119	246	2
120	245	2
121	244	2
122	243	2
123	242	2
124	241	2
125	240	2
126	239	2
127	238	2
128	237	2
129	236	2
130	235	2
131	234	2
132	233	2
133	232	2
111	254	2
134	231	2
129	388	1
130	389	1
130	390	1
131	391	1
132	392	1
133	393	1
128	388	1
134	394	1
111	425	1
112	424	1
113	423	1
114	422	1
115	421	1
116	420	1
117	419	1
118	418	1
119	417	1
120	416	1
121	415	1
122	414	1
123	413	1
124	412	1
125	411	1
126	410	1
127	409	1
128	408	1
129	407	1
130	406	1
131	405	1
132	404	1
133	403	1
110	426	1
134	402	1
111	256	0
112	256	0
113	256	0
114	256	0
115	255	0
116	254	0
117	253	0
118	252	0
119	251	0
120	250	0
121	249	0
122	248	0
123	247	0
124	246	0
125	245	0
126	244	0
127	243	0
128	242	0
129	241	0
130	240	0
131	239	0
132	238	0
133	237	0
134	236	0
110	255	0
135	235	0
134	395	0
134	396	0
134	397	0
134	398	0
134	399	0
134	400	0
134	401	0
134	394	0
134	402	0
129	43	2
129	44	2
129	45	2
129	46	2
129	47	2
129	48	2
129	49	2
129	50	2
129	51	2
129	52	2
129	53	2
130	54	2
131	55	2
132	56	2
133	57	2
134	58	2
135	59	2
135	60	2
135	61	2
135	62	2
135	63	2
135	64	2
134	227	2
135	228	2
135	229	2
133	226	2
135	230	2
119	360	2
120	359	2
121	358	2
122	357	2
123	356	2
124	355	2
125	354	2
126	353	2
127	352	2
128	351	2
129	350	2
130	349	2
131	348	2
132	347	2
133	346	2
134	345	2
135	339	2
135	340	2
135	341	2
135	342	2
135	343	2
135	344	2
118	361	2
135	393	1
134	394	1
136	232	0
136	233	0
135	231	0
136	234	0
131	193	1
132	188	1
132	189	1
132	190	1
132	191	1
132	192	1
133	187	1
134	187	1
135	185	1
135	186	1
136	184	1
137	184	1
130	194	1
138	184	1
118	153	4
118	154	4
118	155	4
118	156	4
118	157	4
118	158	4
118	159	4
119	160	4
120	161	4
121	162	4
122	163	4
123	164	4
124	165	4
125	166	4
126	167	4
127	168	4
128	169	4
129	170	4
130	171	4
131	172	4
132	173	4
133	174	4
134	175	4
135	176	4
136	177	4
137	178	4
138	179	4
139	180	4
120	436	1
121	435	1
122	434	1
123	433	1
124	432	1
125	431	1
126	430	1
127	429	1
128	428	1
129	427	1
130	426	1
131	425	1
132	424	1
133	423	1
134	422	1
135	421	1
136	420	1
137	419	1
138	418	1
139	417	1
139	182	0
139	181	0
139	183	0
135	403	0
136	404	0
137	405	0
138	406	0
138	407	0
138	408	0
139	409	0
139	410	0
139	411	0
139	412	0
139	413	0
139	414	0
139	415	0
139	416	0
134	402	0
139	417	0
130	435	0
130	436	0
131	433	0
131	434	0
132	432	0
133	431	0
134	430	0
135	429	0
136	428	0
137	427	0
138	426	0
139	425	0
140	424	0
131	3	0
132	3	0
133	3	0
134	3	0
135	3	0
136	4	0
137	5	0
138	6	0
138	7	0
138	8	0
138	9	0
139	10	0
139	11	0
139	12	0
139	13	0
140	14	0
130	3	0
141	14	0
140	418	1
140	419	1
140	420	1
140	421	1
140	422	1
140	423	1
139	417	1
140	424	1
124	632	1
125	632	1
126	632	1
127	632	1
128	632	1
129	632	1
130	632	1
131	632	1
132	632	1
133	632	1
134	633	1
135	633	1
136	633	1
137	633	1
138	633	1
139	634	1
140	634	1
123	632	1
141	634	1
141	425	0
141	439	0
141	440	0
142	426	0
142	427	0
142	428	0
142	429	0
142	430	0
142	431	0
142	432	0
142	433	0
142	434	0
142	435	0
142	436	0
142	437	0
142	438	0
140	424	0
142	615	1
142	616	1
142	617	1
142	618	1
142	619	1
142	620	1
142	621	1
142	622	1
142	623	1
142	624	1
142	625	1
142	626	1
142	627	1
142	628	1
142	629	1
142	630	1
142	631	1
142	632	1
142	633	1
122	263	7
122	264	7
122	265	7
122	266	7
122	267	7
123	262	7
124	261	7
125	260	7
126	259	7
127	258	7
128	257	7
129	256	7
130	255	7
131	254	7
132	253	7
133	252	7
134	251	7
135	250	7
136	249	7
137	248	7
138	247	7
139	246	7
140	245	7
141	244	7
142	243	7
143	242	7
144	241	7
138	236	0
139	237	0
140	238	0
141	239	0
142	239	0
143	239	0
144	240	0
137	235	0
144	241	0
143	13	1
144	12	1
145	0	1
145	1	1
145	2	1
145	3	1
145	4	1
145	5	1
145	6	1
145	7	1
145	8	1
145	9	1
145	10	1
145	11	1
142	14	1
125	266	3
126	265	3
127	264	3
128	263	3
129	262	3
130	261	3
131	260	3
132	259	3
133	258	3
134	257	3
135	256	3
136	255	3
137	254	3
138	253	3
139	252	3
140	251	3
141	250	3
142	249	3
143	248	3
144	247	3
145	246	3
146	245	3
137	65	0
138	65	0
139	65	0
140	65	0
141	65	0
142	66	0
143	66	0
144	66	0
145	66	0
146	66	0
136	65	0
147	66	0
145	242	2
146	243	2
144	241	2
147	244	2
143	635	0
144	635	0
145	635	0
146	635	0
147	635	0
142	634	0
148	635	0
148	68	0
148	69	0
148	70	0
148	71	0
148	72	0
148	73	0
148	74	0
148	75	0
148	76	0
148	77	0
148	78	0
148	79	0
148	80	0
148	81	0
148	82	0
148	83	0
148	67	0
148	84	0
123	147	5
124	148	5
125	149	5
126	150	5
127	151	5
128	152	5
129	153	5
130	154	5
131	155	5
132	156	5
133	157	5
134	158	5
135	159	5
136	160	5
137	161	5
138	162	5
139	163	5
140	164	5
141	165	5
142	166	5
143	167	5
144	168	5
145	169	5
146	170	5
147	171	5
148	172	5
149	173	5
141	180	3
142	180	3
143	180	3
144	180	3
145	179	3
146	177	3
146	178	3
147	176	3
148	176	3
140	180	3
149	175	3
124	518	0
125	518	0
126	518	0
127	518	0
128	518	0
129	518	0
130	517	0
131	517	0
132	517	0
133	517	0
134	517	0
135	517	0
136	517	0
137	517	0
138	517	0
139	517	0
140	517	0
141	517	0
142	517	0
143	518	0
144	518	0
145	518	0
146	517	0
147	517	0
148	517	0
123	518	0
149	517	0
147	85	0
148	86	0
149	85	0
148	84	0
148	84	0
149	613	3
149	614	3
149	615	3
149	616	3
149	617	3
149	618	3
149	619	3
149	620	3
149	621	3
149	622	3
149	623	3
149	624	3
149	625	3
149	626	3
149	627	3
149	628	3
149	629	3
149	630	3
149	631	3
149	632	3
149	633	3
149	634	3
150	515	1
150	516	1
150	66	0
151	66	0
152	66	0
149	66	0
153	66	0
151	638	1
152	638	1
150	637	1
153	639	1
134	659	2
135	658	2
136	657	2
137	656	2
138	655	2
139	654	2
140	653	2
141	652	2
142	651	2
143	650	2
144	649	2
145	648	2
146	647	2
147	646	2
148	645	2
149	644	2
150	643	2
151	642	2
152	641	2
153	640	2
145	661	0
145	662	0
145	663	0
145	664	0
145	665	0
145	666	0
145	667	0
145	668	0
145	669	0
146	653	0
146	654	0
146	655	0
146	656	0
146	657	0
146	658	0
146	659	0
146	660	0
147	652	0
148	651	0
149	650	0
150	649	0
151	648	0
152	647	0
153	646	0
153	85	2
153	86	2
153	87	2
153	88	2
153	89	2
153	90	2
153	91	2
154	68	2
154	69	2
154	70	2
154	71	2
154	72	2
154	73	2
154	74	2
154	75	2
154	76	2
154	77	2
154	78	2
154	79	2
154	80	2
154	81	2
154	82	2
154	83	2
154	84	2
154	67	2
153	661	0
154	648	0
154	649	0
154	650	0
154	651	0
154	652	0
154	653	0
154	654	0
154	655	0
154	656	0
154	657	0
154	658	0
154	659	0
154	660	0
154	647	0
152	517	0
153	517	0
154	517	0
155	516	0
151	517	0
153	141	0
154	142	0
155	143	0
156	144	0
157	145	0
149	245	0
150	245	0
151	245	0
152	245	0
153	246	0
154	246	0
155	246	0
156	246	0
157	247	0
148	245	0
158	247	0
155	639	0
156	639	0
157	639	0
154	639	0
158	640	0
155	645	1
156	644	1
157	643	1
154	646	1
158	642	1
157	134	0
158	135	0
158	136	0
158	137	0
158	138	0
158	139	0
158	140	0
158	141	0
158	142	0
158	143	0
158	144	0
149	262	0
149	263	0
149	264	0
149	265	0
149	266	0
149	267	0
149	268	0
149	269	0
149	270	0
149	271	0
149	272	0
150	261	0
150	273	0
150	274	0
150	275	0
151	260	0
152	259	0
153	258	0
154	257	0
155	256	0
156	255	0
157	254	0
158	253	0
159	252	0
142	16	0
142	17	0
142	18	0
143	19	0
143	20	0
143	21	0
143	22	0
143	23	0
143	24	0
144	25	0
145	26	0
145	27	0
145	28	0
146	29	0
147	30	0
148	31	0
149	31	0
150	31	0
151	31	0
152	31	0
153	31	0
154	30	0
155	29	0
156	28	0
157	27	0
158	27	0
159	26	0
142	15	0
160	25	0
159	249	0
159	250	0
159	248	0
159	251	0
151	635	1
152	634	1
153	633	1
154	632	1
155	631	1
156	630	1
157	629	1
158	628	1
159	627	1
150	636	1
160	626	1
160	617	1
160	618	1
160	619	1
160	620	1
160	621	1
160	622	1
160	623	1
160	624	1
151	174	1
152	173	1
153	173	1
154	173	1
155	172	1
156	172	1
157	172	1
158	172	1
159	172	1
160	172	1
161	172	1
150	174	1
162	171	1
162	26	1
163	26	1
164	26	1
161	25	1
164	169	0
163	170	0
165	168	0
162	624	2
163	623	2
164	616	2
164	617	2
164	618	2
164	619	2
164	620	2
164	621	2
164	622	2
161	625	2
164	213	985
165	214	985
155	65	0
156	65	0
157	65	0
158	65	0
159	65	0
160	65	0
161	65	0
162	65	0
163	65	0
164	65	0
165	65	0
166	65	0
154	66	0
167	65	0
140	185	1
141	186	1
142	187	1
143	188	1
144	189	1
145	190	1
146	191	1
147	192	1
148	193	1
149	194	1
150	195	1
151	196	1
152	197	1
153	198	1
154	199	1
155	200	1
156	201	1
157	202	1
158	203	1
159	204	1
160	205	1
161	206	1
162	207	1
163	208	1
164	209	1
165	209	1
166	210	1
139	184	1
159	147	0
160	148	0
161	149	0
162	150	0
163	151	0
164	152	0
165	153	0
166	154	0
167	155	0
168	156	0
158	146	0
169	157	0
165	165	0
165	166	0
166	163	0
166	164	0
167	162	0
168	161	0
169	160	0
170	159	0
165	167	0
170	158	0
161	253	1
162	254	1
163	255	1
164	256	1
165	257	1
166	258	1
167	259	1
168	260	1
169	261	1
170	262	1
170	263	1
170	264	1
170	265	1
160	252	1
170	266	1
169	272	0
170	269	0
170	270	0
170	271	0
170	268	0
160	20	0
160	21	0
160	22	0
160	23	0
161	19	0
162	15	0
162	16	0
162	17	0
162	18	0
163	9	0
163	10	0
163	11	0
163	12	0
163	13	0
163	14	0
164	8	0
165	7	0
166	6	0
167	5	0
168	4	0
169	4	0
170	4	0
171	4	0
160	24	0
172	4	0
167	167	1
168	167	1
169	168	1
170	168	1
171	168	1
172	168	1
173	168	1
166	168	1
174	168	1
174	6	0
175	5	0
173	5	0
174	4	0
172	268	1
173	269	1
174	270	1
174	271	1
174	272	1
174	273	1
174	274	1
175	275	1
175	276	1
171	267	1
160	641	1
161	641	1
162	641	1
163	641	1
164	641	1
165	641	1
166	641	1
167	642	1
168	642	1
169	642	1
170	642	1
171	642	1
172	642	1
173	642	1
174	642	1
175	642	1
176	642	1
177	642	1
178	642	1
159	641	1
179	642	1
169	64	2
170	64	2
171	64	2
172	64	2
173	64	2
174	64	2
175	64	2
176	64	2
177	64	2
178	64	2
179	64	2
168	65	2
180	64	2
176	169	1
177	169	1
178	169	1
179	169	1
175	168	1
180	169	1
161	245	1
162	244	1
163	243	1
164	242	1
165	241	1
166	240	1
167	239	1
168	238	1
169	237	1
170	236	1
171	235	1
172	234	1
173	233	1
174	232	1
175	231	1
176	230	1
177	229	1
178	228	1
179	219	1
179	220	1
179	221	1
179	222	1
179	226	1
179	227	1
180	216	1
180	217	1
180	218	1
180	223	1
180	224	1
180	225	1
161	246	1
164	172	1
165	173	1
166	174	1
167	175	1
168	176	1
169	177	1
170	178	1
171	179	1
172	180	1
173	181	1
174	182	1
175	183	1
176	184	1
177	185	1
178	186	1
179	187	1
180	188	1
163	171	1
181	189	1
181	191	2
181	192	2
181	193	2
181	194	2
181	195	2
181	196	2
181	197	2
181	198	2
181	199	2
181	200	2
181	190	2
169	67	2
170	68	2
171	69	2
172	70	2
173	71	2
174	72	2
175	73	2
176	74	2
177	75	2
178	76	2
179	77	2
180	78	2
181	79	2
181	80	2
181	81	2
181	82	2
181	83	2
181	84	2
181	85	2
182	86	2
183	86	2
168	66	2
175	2	1
176	1	1
177	1	1
178	1	1
179	0	1
180	0	1
181	0	1
182	0	1
183	0	1
184	0	1
185	0	1
174	3	1
183	190	1
184	191	1
185	192	1
185	193	1
185	194	1
185	195	1
185	196	1
185	197	1
186	198	1
182	189	1
187	0	995
187	1	995
171	156	1
172	155	1
173	154	1
174	153	1
175	152	1
176	151	1
177	150	1
178	149	1
179	148	1
180	147	1
181	146	1
182	145	1
183	144	1
184	143	1
185	142	1
186	141	1
187	132	1
187	133	1
187	134	1
187	135	1
187	136	1
187	137	1
187	138	1
187	139	1
187	140	1
170	157	1
182	63	7
183	63	7
184	62	7
185	62	7
186	62	7
187	62	7
188	62	7
189	62	7
190	62	7
181	64	7
191	62	7
181	640	1
182	639	1
183	638	1
184	637	1
185	636	1
186	635	1
187	634	1
188	633	1
189	632	1
190	619	1
190	620	1
190	621	1
190	622	1
190	623	1
190	624	1
190	625	1
190	626	1
190	627	1
190	628	1
190	629	1
190	630	1
190	631	1
180	641	1
191	82	0
191	83	0
191	84	0
191	85	0
191	86	0
191	87	0
191	88	0
191	89	0
191	90	0
192	81	0
182	66	6
183	67	6
184	68	6
185	69	6
186	70	6
187	71	6
188	72	6
189	73	6
190	74	6
191	75	6
192	76	6
192	77	6
192	78	6
192	79	6
181	65	6
192	80	6
194	82	1
195	83	1
195	84	1
195	85	1
195	86	1
193	81	1
183	168	1
184	168	1
185	168	1
186	168	1
187	168	1
188	168	1
189	168	1
190	168	1
191	168	1
192	168	1
193	168	1
194	168	1
195	168	1
196	168	1
182	168	1
197	168	1
163	247	3
164	247	3
165	247	3
166	247	3
167	246	3
168	246	3
169	246	3
170	245	3
171	245	3
172	245	3
173	245	3
174	245	3
175	244	3
176	244	3
177	244	3
178	245	3
179	245	3
180	244	3
181	243	3
182	243	3
183	243	3
184	243	3
185	244	3
186	244	3
187	244	3
188	244	3
189	244	3
190	243	3
191	243	3
192	243	3
193	242	3
194	242	3
195	242	3
196	242	3
162	247	3
197	242	3
181	643	3
182	643	3
183	643	3
184	643	3
185	644	3
186	644	3
187	644	3
188	644	3
189	645	3
190	645	3
191	645	3
192	645	3
193	645	3
194	646	3
195	646	3
196	647	3
180	642	3
197	648	3
186	671	1
186	672	1
187	659	1
187	660	1
187	661	1
187	662	1
187	663	1
187	664	1
187	665	1
187	666	1
187	667	1
187	668	1
187	669	1
187	670	1
188	658	1
189	657	1
190	656	1
191	655	1
192	654	1
193	653	1
194	652	1
195	651	1
196	650	1
197	649	1
197	27	995
198	27	995
199	27	995
176	166	2
177	165	2
178	164	2
179	163	2
180	162	2
181	161	2
182	160	2
183	159	2
184	158	2
185	157	2
186	156	2
187	155	2
188	154	2
189	153	2
190	152	2
191	151	2
192	150	2
193	149	2
194	148	2
195	147	2
196	146	2
197	145	2
198	144	2
199	143	2
200	142	2
201	139	2
201	140	2
201	141	2
175	167	2
200	670	984
201	670	984
182	171	1
183	172	1
184	173	1
185	174	1
186	175	1
187	176	1
188	177	1
189	178	1
190	179	1
191	180	1
192	181	1
193	182	1
194	183	1
195	184	1
196	185	1
197	186	1
198	187	1
199	188	1
200	189	1
201	190	1
202	191	1
203	192	1
204	193	1
205	194	1
205	195	1
181	170	1
195	37	1
195	38	1
195	39	1
195	40	1
195	41	1
195	42	1
195	43	1
195	44	1
195	45	1
196	46	1
197	47	1
198	48	1
199	49	1
200	50	1
201	51	1
202	52	1
203	53	1
204	54	1
205	55	1
206	56	1
207	57	1
194	60	1
195	60	1
196	60	1
197	59	1
198	59	1
199	59	1
200	59	1
201	59	1
202	59	1
203	59	1
204	59	1
205	59	1
206	59	1
193	61	1
207	58	1
205	27	994
206	27	994
207	27	994
193	63	5
194	64	5
195	65	5
196	66	5
197	67	5
198	68	5
199	69	5
200	70	5
201	71	5
202	72	5
203	73	5
204	74	5
205	75	5
206	76	5
207	77	5
207	78	5
192	62	5
199	648	0
200	648	0
201	648	0
202	648	0
203	648	0
204	648	0
205	648	0
206	648	0
207	648	0
198	648	0
208	648	0
199	240	0
199	243	0
200	239	0
200	243	0
201	238	0
201	243	0
202	237	0
202	243	0
203	236	0
203	243	0
204	235	0
204	242	0
205	235	0
205	241	0
206	235	0
206	240	0
207	235	0
207	239	0
208	236	0
208	237	0
208	238	0
198	241	0
198	242	0
208	668	3
209	650	3
209	651	3
209	652	3
209	653	3
209	654	3
209	655	3
209	656	3
209	657	3
209	658	3
209	659	3
209	660	3
209	661	3
209	662	3
209	663	3
209	664	3
209	665	3
209	666	3
209	667	3
209	649	3
199	166	2
200	165	2
201	164	2
202	163	2
203	162	2
204	161	2
205	160	2
206	159	2
207	158	2
208	147	2
208	148	2
208	149	2
208	150	2
208	151	2
208	152	2
208	153	2
208	154	2
208	155	2
208	156	2
208	157	2
209	145	2
209	146	2
210	144	2
211	143	2
212	141	2
212	142	2
198	167	2
211	648	0
212	648	0
210	648	0
213	648	0
212	77	984
213	77	984
213	668	0
214	650	0
214	651	0
214	652	0
214	653	0
214	654	0
214	655	0
214	656	0
214	657	0
214	658	0
214	659	0
214	660	0
214	661	0
214	662	0
214	663	0
214	664	0
214	665	0
214	666	0
214	667	0
214	649	0
216	628	0
216	629	0
216	630	0
216	631	0
216	632	0
216	633	0
216	634	0
216	635	0
216	636	0
216	637	0
216	638	0
216	639	0
216	640	0
216	641	0
216	642	0
216	643	0
216	644	0
216	645	0
216	646	0
217	627	0
218	627	0
216	647	0
219	628	0
212	57	7
213	57	7
214	57	7
215	57	7
216	57	7
217	57	7
218	57	7
219	56	7
211	57	7
220	56	7
219	630	1
219	631	1
219	632	1
219	633	1
219	634	1
219	635	1
219	636	1
219	637	1
219	638	1
219	639	1
219	640	1
219	641	1
219	642	1
219	643	1
219	644	1
219	645	1
219	646	1
219	629	1
219	647	1
218	28	992
219	26	992
219	28	992
220	27	992
199	169	0
200	169	0
201	169	0
202	169	0
203	169	0
204	169	0
205	169	0
206	169	0
207	169	0
208	169	0
209	169	0
210	169	0
211	169	0
212	169	0
213	169	0
214	169	0
215	169	0
216	169	0
217	169	0
218	169	0
219	169	0
220	169	0
198	168	0
221	169	0
220	649	0
221	649	0
219	648	0
222	649	0
222	208	981
222	209	981
222	210	981
221	627	2
222	627	2
220	628	2
223	203	981
223	204	981
217	37	6
218	38	6
218	39	6
218	40	6
218	41	6
218	42	6
218	43	6
218	44	6
218	45	6
218	46	6
219	47	6
220	48	6
221	49	6
222	50	6
223	51	6
224	52	6
225	53	6
222	55	0
223	55	0
224	54	0
221	56	0
225	53	0
211	59	4
212	60	4
213	61	4
214	62	4
215	63	4
216	64	4
217	65	4
218	66	4
219	67	4
220	68	4
221	69	4
222	70	4
223	71	4
224	72	4
225	73	4
225	74	4
225	75	4
210	58	4
225	142	0
226	142	0
227	142	0
223	167	0
224	166	0
225	165	0
226	164	0
222	168	0
227	163	0
227	144	1
227	145	1
227	146	1
227	147	1
227	148	1
227	149	1
227	150	1
227	151	1
227	152	1
227	153	1
227	154	1
227	155	1
227	156	1
227	157	1
227	158	1
227	159	1
227	160	1
227	161	1
227	162	1
228	143	1
227	199	0
226	198	0
227	198	0
228	139	0
228	140	0
228	141	0
224	647	0
225	646	0
226	645	0
227	644	0
228	633	0
228	634	0
228	635	0
228	636	0
228	637	0
228	638	0
228	639	0
228	640	0
228	641	0
228	642	0
228	643	0
229	631	0
229	632	0
223	648	0
222	58	2
223	59	2
224	60	2
225	61	2
226	62	2
227	63	2
228	64	2
229	65	2
230	66	2
231	67	2
232	68	2
232	69	2
232	70	2
233	71	2
233	72	2
233	73	2
233	74	2
221	57	2
223	171	0
224	171	0
225	171	0
226	171	0
227	171	0
228	171	0
229	171	0
230	171	0
231	171	0
232	171	0
233	171	0
222	170	0
234	171	0
229	36	1
230	37	1
231	38	1
232	39	1
233	40	1
234	41	1
235	42	1
236	43	1
237	44	1
224	27	8
225	27	8
226	27	8
227	27	8
228	27	8
229	27	8
230	27	8
231	27	8
232	27	8
233	27	8
234	27	8
235	27	8
236	27	8
237	27	8
237	33	8
237	34	8
238	28	8
238	29	8
238	30	8
238	31	8
238	32	8
238	35	8
238	36	8
238	37	8
238	38	8
238	39	8
238	40	8
238	41	8
238	42	8
238	43	8
238	211	1
239	211	1
236	173	0
237	173	0
238	173	0
239	173	0
240	173	0
235	172	0
241	174	0
223	193	0
223	194	0
223	195	0
223	196	0
223	197	0
224	192	0
224	198	0
225	191	0
225	198	0
226	190	0
227	189	0
228	188	0
229	187	0
230	186	0
231	185	0
232	184	0
233	183	0
234	182	0
235	181	0
236	180	0
237	179	0
238	178	0
239	177	0
240	176	0
226	198	0
241	175	0
240	213	1
240	212	1
239	46	0
240	47	0
241	48	0
242	49	0
238	45	0
243	50	0
226	53	1
227	53	1
228	53	1
229	53	1
230	53	1
231	53	1
232	53	1
233	52	1
234	52	1
235	52	1
236	52	1
237	52	1
238	52	1
239	52	1
240	52	1
241	52	1
242	52	1
225	53	1
243	51	1
243	175	0
244	175	0
245	176	0
246	176	0
242	175	0
247	177	0
228	197	2
229	196	2
230	195	2
231	194	2
232	193	2
233	192	2
234	191	2
235	190	2
236	189	2
237	188	2
238	187	2
239	186	2
240	185	2
241	184	2
242	183	2
243	182	2
244	181	2
245	180	2
246	179	2
227	198	2
247	178	2
229	162	3
230	161	3
231	160	3
232	159	3
233	158	3
234	157	3
235	156	3
236	155	3
236	170	3
237	154	3
237	169	3
238	153	3
238	168	3
239	152	3
239	167	3
240	151	3
240	166	3
241	150	3
241	165	3
242	149	3
242	164	3
243	148	3
243	163	3
244	147	3
244	162	3
245	147	3
245	161	3
246	147	3
246	160	3
247	148	3
247	159	3
248	149	3
248	150	3
248	151	3
248	152	3
248	153	3
248	154	3
248	155	3
248	156	3
248	157	3
248	158	3
228	163	3
235	171	3
230	201	0
230	202	0
231	200	0
232	199	0
233	198	0
234	197	0
235	196	0
236	195	0
237	194	0
238	193	0
239	192	0
240	191	0
241	190	0
242	189	0
243	188	0
244	187	0
245	186	0
246	185	0
247	184	0
248	183	0
249	182	0
250	181	0
251	180	0
248	221	0
248	222	0
248	223	0
249	220	0
249	224	0
250	219	0
251	219	0
249	178	1
250	178	1
251	179	1
248	178	1
251	180	1
253	221	0
252	220	0
254	220	0
252	181	0
253	182	0
254	183	0
251	180	0
255	184	0
234	205	1
235	204	1
235	206	1
235	207	1
236	203	1
237	202	1
238	201	1
239	200	1
240	199	1
241	198	1
242	197	1
243	196	1
244	195	1
245	194	1
246	193	1
247	192	1
248	191	1
249	190	1
250	189	1
251	188	1
252	187	1
253	186	1
254	185	1
255	184	1
224	650	4
225	650	4
226	651	4
227	651	4
228	651	4
229	651	4
230	651	4
231	651	4
232	651	4
233	651	4
234	651	4
235	651	4
236	652	4
237	652	4
238	652	4
239	652	4
240	652	4
241	653	4
242	653	4
243	653	4
244	653	4
245	653	4
246	653	4
247	653	4
248	653	4
249	653	4
250	653	4
251	653	4
252	653	4
253	653	4
254	653	4
255	653	4
256	653	4
257	653	4
223	649	4
258	653	4
241	210	1
242	209	1
243	208	1
244	207	1
245	206	1
246	205	1
247	204	1
248	203	1
249	202	1
250	201	1
251	200	1
252	199	1
253	198	1
254	197	1
255	196	1
256	195	1
257	194	1
258	193	1
240	211	1
259	192	1
259	655	0
259	656	0
259	657	0
259	658	0
259	659	0
259	660	0
259	661	0
259	662	0
259	663	0
259	664	0
259	665	0
259	666	0
259	667	0
259	668	0
259	669	0
259	670	0
259	654	0
256	184	0
257	185	0
258	186	0
259	187	0
259	188	0
260	189	0
260	190	0
255	184	0
260	191	0
259	225	0
260	224	0
260	226	0
261	225	0
262	193	0
261	192	0
263	194	0
262	228	1
262	229	1
262	230	1
262	227	1
246	216	0
247	213	0
247	214	0
247	215	0
248	212	0
249	211	0
250	210	0
251	209	0
252	208	0
253	207	0
254	206	0
255	205	0
256	204	0
257	203	0
258	202	0
259	201	0
260	200	0
261	199	0
262	198	0
263	197	0
264	196	0
261	237	979
262	237	979
263	237	979
264	233	0
265	233	0
265	234	0
261	653	0
262	653	0
263	653	0
264	653	0
260	653	0
265	653	0
266	655	0
266	656	0
266	657	0
266	658	0
266	659	0
266	660	0
266	661	0
266	662	0
266	663	0
266	664	0
266	665	0
266	666	0
266	667	0
266	668	0
266	669	0
266	670	0
266	671	0
266	672	0
266	673	0
266	674	0
266	675	0
266	654	0
265	197	0
266	198	0
266	199	0
266	200	0
267	201	0
264	196	0
268	202	0
255	218	1
256	217	1
257	216	1
258	215	1
259	214	1
260	213	1
261	212	1
262	211	1
263	210	1
264	209	1
265	208	1
266	207	1
267	206	1
254	219	1
268	205	1
267	225	0
267	226	0
267	227	0
267	228	0
267	229	0
266	224	0
267	230	0
267	240	0
268	241	0
267	245	0
267	246	0
267	247	0
268	243	0
268	244	0
268	242	0
268	26	0
269	26	0
269	27	0
268	203	0
268	204	0
268	202	0
268	205	0
266	235	1
267	235	1
268	236	1
265	234	1
269	236	1
267	637	1
268	638	1
268	639	1
268	640	1
268	641	1
268	642	1
268	643	1
268	644	1
268	645	1
268	646	1
268	647	1
268	648	1
268	649	1
268	650	1
268	651	1
268	652	1
270	234	1
270	235	1
271	233	1
269	206	0
270	207	0
270	208	0
271	209	0
272	210	0
268	205	0
273	211	0
265	221	1
265	222	1
266	220	1
267	219	1
268	218	1
269	217	1
270	216	1
271	215	1
272	214	1
265	223	1
273	213	1
272	245	0
273	245	0
274	245	0
271	237	0
272	237	0
273	237	0
274	238	0
270	236	0
275	239	0
270	241	1
271	241	1
272	241	1
273	241	1
274	241	1
269	241	1
275	241	1
275	243	0
275	244	0
276	242	0
269	28	1
269	29	1
269	30	1
269	31	1
269	32	1
270	33	1
271	34	1
272	35	1
272	36	1
272	37	1
272	38	1
272	39	1
273	40	1
274	41	1
275	42	1
276	43	1
277	44	1
278	45	1
269	27	1
279	46	1
245	51	2
246	51	2
247	51	2
248	51	2
249	51	2
250	51	2
251	51	2
252	51	2
253	51	2
254	51	2
255	51	2
256	51	2
257	51	2
258	51	2
259	51	2
260	51	2
261	51	2
262	51	2
263	51	2
264	51	2
265	50	2
266	50	2
267	50	2
268	50	2
269	50	2
270	50	2
271	50	2
272	50	2
273	50	2
274	50	2
275	50	2
276	50	2
277	49	2
278	49	2
279	49	2
244	51	2
280	49	2
276	246	0
276	247	0
277	248	0
278	248	0
279	248	0
275	245	0
280	248	0
280	36	0
280	37	0
280	38	0
280	39	0
280	40	0
280	41	0
280	42	0
280	43	0
280	44	0
280	45	0
281	252	1
281	253	1
281	254	1
281	255	1
281	256	1
281	251	1
270	653	0
271	653	0
272	653	0
273	653	0
274	653	0
275	653	0
276	653	0
277	653	0
278	653	0
279	653	0
280	653	0
281	653	0
269	653	0
282	653	0
277	213	0
278	214	0
279	215	0
280	216	0
281	216	0
282	217	0
282	218	0
276	212	0
283	219	0
273	230	0
274	229	0
275	228	0
276	227	0
277	226	0
278	225	0
279	224	0
280	223	0
281	222	0
282	221	0
272	230	0
283	220	0
265	192	2
266	191	2
267	190	2
268	189	2
269	188	2
270	187	2
271	186	2
272	185	2
273	184	2
274	183	2
275	182	2
276	181	2
277	180	2
278	180	2
279	180	2
280	180	2
281	180	2
282	179	2
283	179	2
264	193	2
269	201	1
270	200	1
271	199	1
272	198	1
273	197	1
274	196	1
275	195	1
276	194	1
277	193	1
278	192	1
279	192	1
280	192	1
281	192	1
282	192	1
283	190	1
283	191	1
268	202	1
281	244	0
281	245	0
281	246	0
282	243	0
283	242	0
281	247	0
284	241	0
283	250	0
282	250	0
284	250	0
283	636	3
283	637	3
283	638	3
283	639	3
283	640	3
283	641	3
283	642	3
283	643	3
283	644	3
283	645	3
283	646	3
283	647	3
283	648	3
283	649	3
283	650	3
283	651	3
283	652	3
285	243	1
285	244	1
285	245	1
285	246	1
285	247	1
285	248	1
285	242	1
285	249	1
285	655	0
285	656	0
285	657	0
285	658	0
285	659	0
285	660	0
285	661	0
285	662	0
285	663	0
285	664	0
285	665	0
285	666	0
285	667	0
285	668	0
285	669	0
285	670	0
285	671	0
285	654	0
285	220	0
286	220	0
284	220	0
287	220	0
271	26	0
272	26	0
273	26	0
274	26	0
275	26	0
276	26	0
277	26	0
278	26	0
279	26	0
280	26	0
281	26	0
282	26	0
283	26	0
284	26	0
285	26	0
286	26	0
287	26	0
270	26	0
286	197	0
287	196	0
287	198	0
288	197	0
277	210	1
278	209	1
279	208	1
280	207	1
281	206	1
282	205	1
283	204	1
284	203	1
285	202	1
286	201	1
287	199	1
287	200	1
276	211	1
287	198	1
287	250	0
286	250	0
288	251	0
287	637	0
288	636	0
288	638	0
288	253	0
288	254	0
288	255	0
288	256	0
288	257	0
288	258	0
288	259	0
288	260	0
288	252	0
287	632	1
287	633	1
288	634	1
289	635	1
289	221	1
289	222	1
289	223	1
289	224	1
289	225	1
289	226	1
290	227	1
288	220	1
291	228	1
280	239	1
281	238	1
282	237	1
283	236	1
284	235	1
285	234	1
286	233	1
287	232	1
288	231	1
289	230	1
290	229	1
279	239	1
291	228	1
290	633	0
290	634	0
289	635	0
291	185	1
291	186	1
291	187	1
291	188	1
291	189	1
291	191	1
291	192	1
291	193	1
291	194	1
291	195	1
292	184	1
292	190	1
290	196	1
283	49	0
284	50	0
285	50	0
286	50	0
287	50	0
288	50	0
289	50	0
290	50	0
291	50	0
292	50	0
293	50	0
282	49	0
294	50	0
292	197	1
293	197	1
294	197	1
291	197	1
289	218	0
290	217	0
291	216	0
292	215	0
293	214	0
294	213	0
288	219	0
295	212	0
292	228	0
293	228	0
294	228	0
291	228	0
295	229	0
286	240	1
287	239	1
288	238	1
289	237	1
290	236	1
291	235	1
292	234	1
293	233	1
294	232	1
285	241	1
295	231	1
289	26	1
290	26	1
291	26	1
292	26	1
293	27	1
294	27	1
295	28	1
295	29	1
295	30	1
295	31	1
295	32	1
295	33	1
295	34	1
295	35	1
295	36	1
295	37	1
295	38	1
295	39	1
295	40	1
295	41	1
295	42	1
295	43	1
295	44	1
295	45	1
295	46	1
295	47	1
295	48	1
295	49	1
296	205	1
296	206	1
296	207	1
296	208	1
297	204	1
296	209	1
298	78	1
298	79	1
298	80	1
298	81	1
299	77	1
298	85	985
298	86	985
297	230	0
298	230	0
296	230	0
299	230	0
297	620	983
297	623	983
298	621	983
298	622	983
299	210	0
298	211	0
300	210	0
290	250	0
291	246	0
291	247	0
291	248	0
291	249	0
292	245	0
293	244	0
294	243	0
295	242	0
296	241	0
297	240	0
298	239	0
299	237	0
299	238	0
300	232	0
300	233	0
300	234	0
300	235	0
300	236	0
289	251	0
300	231	0
289	640	0
290	641	0
291	642	0
292	643	0
293	644	0
294	645	0
295	646	0
296	647	0
297	648	0
298	649	0
299	650	0
289	639	0
300	651	0
287	653	1
288	653	1
289	653	1
290	653	1
291	653	1
292	653	1
293	653	1
294	653	1
295	653	1
296	653	1
297	653	1
298	653	1
299	653	1
286	653	1
300	652	1
298	629	0
299	630	0
300	631	0
301	632	0
297	51	1
298	51	1
299	51	1
300	51	1
301	51	1
296	50	1
302	51	1
299	68	1
299	69	1
299	70	1
299	71	1
299	72	1
299	73	1
299	74	1
299	75	1
299	76	1
300	67	1
301	66	1
302	65	1
299	77	1
303	64	1
302	230	0
301	230	0
303	230	0
302	625	1
302	626	1
302	627	1
302	628	1
302	629	1
302	630	1
303	624	1
302	631	1
303	43	2
303	44	2
303	45	2
303	46	2
303	47	2
303	48	2
303	49	2
303	42	2
303	50	2
304	52	0
303	51	0
305	52	0
300	78	0
301	78	0
302	78	0
303	78	0
304	66	0
304	67	0
304	68	0
304	69	0
304	70	0
304	71	0
304	72	0
304	73	0
304	74	0
304	75	0
304	76	0
304	77	0
299	77	0
304	65	0
301	207	1
301	208	1
302	206	1
303	206	1
304	205	1
301	209	1
303	210	2
304	211	2
304	212	2
304	213	2
304	214	2
304	215	2
304	216	2
304	217	2
304	218	2
304	219	2
304	220	2
304	221	2
304	222	2
304	223	2
304	224	2
304	225	2
304	226	2
304	227	2
304	228	2
302	210	2
304	229	2
302	652	0
303	652	0
304	652	0
301	652	0
305	652	0
305	63	0
304	64	0
306	62	0
306	628	1
307	627	1
307	629	1
307	64	1
307	65	1
307	66	1
307	67	1
307	68	1
307	69	1
307	70	1
307	71	1
307	72	1
307	73	1
307	74	1
307	75	1
307	76	1
307	77	1
307	78	1
307	79	1
307	63	1
306	230	1
307	230	1
305	230	1
308	230	1
306	654	0
306	655	0
306	656	0
306	657	0
306	658	0
306	659	0
306	660	0
306	661	0
306	662	0
306	663	0
306	664	0
306	665	0
306	666	0
306	667	0
306	668	0
306	669	0
307	670	0
307	671	0
307	672	0
306	653	0
302	634	1
303	635	1
304	636	1
305	637	1
306	638	1
307	639	1
308	640	1
302	633	1
309	641	1
309	621	0
309	622	0
309	623	0
309	624	0
309	625	0
309	626	0
308	627	0
303	32	0
303	33	0
303	34	0
303	35	0
303	36	0
303	37	0
303	38	0
303	39	0
304	28	0
304	29	0
304	30	0
304	31	0
305	27	0
305	40	0
306	27	0
306	39	0
307	27	0
307	38	0
308	27	0
308	37	0
309	28	0
309	36	0
310	29	0
310	30	0
310	31	0
310	32	0
310	33	0
310	34	0
310	35	0
303	40	0
304	41	0
307	53	0
308	53	0
309	53	0
310	54	0
306	52	0
311	55	0
308	60	0
309	59	0
310	58	0
307	61	0
311	57	0
311	609	983
311	610	983
308	631	0
309	632	0
310	633	0
311	634	0
308	630	0
312	635	0
311	640	0
310	641	0
312	639	0
312	636	0
312	635	0
312	637	0
313	58	1
313	59	1
313	60	1
313	61	1
313	62	1
313	63	1
313	64	1
313	65	1
313	66	1
313	67	1
313	68	1
313	69	1
313	70	1
313	71	1
313	72	1
313	73	1
313	74	1
313	75	1
313	76	1
313	77	1
313	78	1
313	79	1
313	80	1
313	57	1
308	652	0
309	652	0
310	652	0
311	651	0
312	651	0
313	651	0
307	652	0
314	651	0
310	643	0
310	644	0
311	645	0
312	646	0
313	647	0
314	648	0
310	642	0
315	649	0
315	653	0
315	654	0
315	655	0
315	656	0
315	657	0
315	658	0
315	659	0
315	660	0
315	661	0
315	662	0
315	663	0
315	664	0
315	665	0
315	666	0
315	667	0
315	668	0
315	669	0
315	670	0
315	671	0
315	652	0
316	630	0
317	628	0
317	629	0
315	631	0
307	50	1
308	49	1
309	48	1
310	47	1
311	46	1
312	45	1
313	44	1
314	43	1
315	42	1
316	41	1
317	40	1
318	39	1
319	38	1
320	30	1
320	31	1
320	32	1
320	33	1
320	34	1
320	35	1
320	36	1
320	37	1
306	51	1
309	228	1
310	227	1
311	226	1
312	225	1
313	224	1
314	223	1
315	222	1
316	216	1
316	217	1
316	218	1
316	219	1
316	220	1
316	221	1
317	214	1
317	215	1
318	213	1
319	212	1
320	207	1
320	208	1
320	209	1
320	210	1
320	211	1
309	229	1
322	247	1
322	248	1
322	249	1
322	250	1
322	251	1
323	246	1
311	232	2
312	233	2
313	234	2
314	235	2
315	236	2
316	237	2
317	238	2
318	239	2
319	240	2
320	241	2
321	242	2
322	243	2
323	244	2
323	245	2
310	231	2
323	246	2
317	649	0
318	649	0
319	649	0
320	649	0
321	649	0
322	649	0
323	649	0
316	649	0
324	649	0
324	247	0
325	248	0
325	249	0
323	246	0
314	637	1
315	636	1
316	635	1
317	634	1
318	633	1
319	632	1
320	631	1
321	630	1
322	629	1
323	629	1
324	629	1
325	630	1
325	631	1
325	632	1
325	633	1
325	634	1
325	635	1
325	636	1
325	637	1
325	638	1
325	639	1
325	640	1
325	641	1
325	642	1
325	643	1
325	644	1
325	645	1
325	646	1
325	647	1
313	638	1
325	648	1
330	648	0
329	648	0
331	648	0
332	634	0
332	635	0
332	636	0
332	637	0
332	638	0
332	639	0
332	640	0
332	641	0
332	642	0
332	643	0
332	644	0
332	645	0
332	646	0
333	628	0
333	629	0
333	630	0
333	631	0
333	632	0
333	633	0
332	647	0
315	56	0
316	56	0
317	56	0
318	56	0
319	56	0
320	56	0
321	57	0
322	57	0
323	57	0
324	58	0
325	58	0
326	58	0
327	58	0
328	58	0
329	58	0
330	58	0
331	58	0
332	58	0
333	59	0
334	59	0
335	59	0
336	59	0
337	59	0
314	56	0
338	59	0
335	646	0
336	645	0
337	644	0
338	643	0
334	647	0
339	642	0
339	628	0
339	629	0
339	630	0
339	631	0
339	632	0
339	633	0
339	634	0
339	635	0
339	636	0
339	637	0
339	638	0
339	639	0
339	640	0
339	641	0
340	60	0
339	59	0
341	61	0
339	80	1
340	78	1
340	79	1
341	63	1
341	64	1
341	65	1
341	66	1
341	67	1
341	68	1
341	69	1
341	70	1
341	71	1
341	72	1
341	73	1
341	74	1
341	75	1
341	76	1
341	77	1
341	62	1
312	230	0
313	230	0
314	230	0
315	230	0
316	230	0
317	230	0
318	230	0
319	230	0
320	230	0
321	230	0
322	230	0
323	230	0
324	230	0
325	230	0
326	230	0
327	230	0
328	230	0
329	230	0
330	230	0
331	230	0
332	230	0
333	230	0
334	230	0
335	230	0
336	230	0
337	230	0
338	230	0
339	230	0
340	230	0
341	230	0
342	229	0
311	230	0
343	229	0
333	207	1
333	208	1
333	209	1
333	210	1
333	211	1
333	212	1
333	213	1
333	214	1
333	215	1
333	216	1
333	217	1
334	218	1
335	219	1
336	220	1
337	221	1
338	222	1
339	223	1
340	224	1
341	225	1
342	226	1
343	227	1
344	228	1
341	641	1
342	640	1
343	632	1
343	633	1
343	634	1
343	635	1
343	636	1
343	637	1
343	638	1
343	639	1
340	642	1
329	650	1
330	651	1
331	652	1
332	653	1
333	654	1
334	655	1
335	656	1
336	657	1
337	658	1
338	659	1
339	660	1
340	661	1
341	662	1
342	663	1
342	664	1
342	665	1
342	666	1
342	667	1
342	668	1
342	669	1
343	670	1
343	671	1
328	649	1
329	251	1
329	252	1
329	253	1
330	245	1
330	246	1
330	247	1
330	248	1
330	249	1
330	250	1
331	244	1
332	243	1
333	242	1
334	241	1
335	240	1
336	239	1
337	238	1
338	237	1
339	236	1
340	235	1
341	234	1
342	233	1
343	232	1
344	231	1
344	230	1
343	61	0
344	61	0
345	61	0
342	61	0
346	61	0
346	229	0
347	229	0
348	229	0
349	229	0
345	229	0
350	229	0
338	249	2
338	250	2
339	248	2
340	247	2
341	246	2
342	245	2
343	244	2
344	243	2
345	242	2
346	241	2
347	240	2
348	239	2
349	238	2
350	237	2
351	236	2
351	231	0
351	232	0
351	233	0
351	234	0
351	230	0
351	235	0
348	62	1
349	63	1
350	63	1
351	63	1
352	63	1
347	61	1
353	63	1
340	57	2
341	56	2
342	55	2
343	54	2
344	53	2
345	52	2
346	51	2
347	50	2
348	49	2
349	48	2
350	47	2
351	46	2
352	45	2
353	39	2
353	44	2
354	40	2
354	41	2
354	42	2
354	43	2
339	58	2
356	215	0
356	216	0
356	217	0
357	213	0
357	214	0
357	218	0
358	219	0
358	220	0
358	221	0
358	222	0
358	223	0
359	224	0
353	229	0
354	228	0
355	227	0
356	227	0
357	226	0
358	225	0
352	229	0
359	224	0
348	59	3
349	58	3
350	57	3
351	56	3
352	55	3
353	54	3
354	53	3
355	52	3
356	51	3
357	50	3
358	49	3
359	41	3
359	48	3
360	42	3
360	43	3
360	44	3
360	45	3
360	46	3
360	47	3
347	60	3
355	64	1
356	64	1
357	64	1
358	64	1
359	64	1
360	64	1
354	63	1
361	64	1
353	237	1
354	238	1
355	239	1
356	240	1
357	241	1
358	242	1
359	243	1
360	244	1
360	245	1
360	246	1
352	236	1
360	247	1
359	248	0
360	249	0
361	248	0
360	247	0
360	247	0
363	65	1
364	66	1
362	64	1
365	67	1
356	80	1
356	81	1
357	76	1
357	77	1
357	78	1
357	79	1
358	75	1
359	74	1
360	73	1
361	72	1
362	71	1
363	70	1
364	69	1
365	68	1
355	61	1
356	60	1
357	59	1
358	58	1
359	57	1
360	56	1
361	55	1
362	54	1
363	53	1
364	52	1
365	51	1
366	50	1
367	45	1
367	49	1
368	46	1
368	47	1
368	48	1
354	62	1
367	67	0
368	67	0
369	67	0
370	67	0
366	67	0
371	67	0
373	68	0
374	68	0
375	68	0
376	69	0
377	69	0
378	69	0
372	67	0
379	69	0
363	62	1
364	61	1
365	60	1
366	59	1
367	58	1
368	57	1
369	56	1
370	55	1
371	54	1
372	53	1
373	52	1
374	51	1
375	50	1
376	50	1
377	50	1
378	50	1
379	50	1
362	63	1
380	51	1
380	53	0
380	54	0
380	52	0
380	55	0
373	65	1
374	64	1
375	63	1
376	62	1
377	61	1
378	60	1
379	59	1
380	58	1
372	66	1
380	57	1
360	224	1
361	224	1
362	223	1
363	223	1
364	223	1
365	223	1
366	223	1
367	223	1
368	223	1
369	223	1
370	224	1
371	224	1
372	225	1
373	225	1
374	226	1
375	227	1
376	228	1
377	229	1
378	230	1
379	231	1
380	232	1
380	233	1
359	224	1
382	52	0
382	55	0
383	53	0
383	54	0
381	51	0
381	56	0
381	70	0
382	70	0
383	70	0
384	71	0
385	71	0
380	69	0
386	71	0
385	86	0
386	84	0
386	85	0
387	73	0
387	74	0
387	75	0
387	76	0
387	77	0
387	78	0
387	79	0
387	80	0
387	81	0
387	82	0
387	83	0
387	72	0
381	67	4
382	66	4
383	65	4
384	64	4
385	63	4
386	62	4
387	61	4
388	60	4
389	59	4
390	58	4
391	57	4
392	56	4
380	68	4
389	71	2
390	72	2
391	72	2
392	72	2
393	73	2
394	73	2
395	73	2
396	73	2
397	73	2
398	73	2
399	73	2
400	73	2
401	73	2
402	73	2
403	73	2
404	73	2
388	71	2
405	74	2
392	88	1
392	89	1
393	87	1
394	86	1
395	85	1
396	84	1
397	83	1
398	82	1
399	81	1
400	80	1
401	79	1
402	78	1
403	77	1
404	76	1
405	75	1
407	76	1
408	76	1
409	77	1
410	77	1
411	77	1
412	77	1
413	77	1
414	77	1
415	77	1
416	78	1
417	78	1
418	78	1
406	75	1
419	79	1
409	93	1
410	89	1
410	90	1
410	91	1
410	92	1
411	88	1
412	87	1
413	86	1
414	85	1
415	84	1
416	83	1
417	82	1
418	81	1
419	80	1
423	67	0
423	68	0
423	69	0
423	70	0
423	71	0
423	72	0
423	73	0
423	74	0
423	75	0
424	62	0
424	63	0
424	64	0
424	65	0
424	66	0
423	76	0
423	103	0
424	102	0
423	81	0
424	81	0
422	80	0
425	82	0
413	95	0
414	94	0
415	93	0
416	92	0
417	91	0
418	90	0
419	89	0
420	88	0
421	87	0
422	86	0
423	85	0
424	84	0
425	83	0
426	103	0
426	102	0
335	649	1
336	650	1
337	650	1
338	650	1
339	650	1
340	650	1
341	650	1
342	650	1
343	650	1
344	650	1
345	650	1
346	650	1
347	650	1
348	650	1
349	650	1
350	650	1
351	650	1
352	650	1
353	650	1
354	650	1
355	650	1
356	650	1
357	650	1
358	650	1
359	650	1
360	650	1
361	650	1
362	650	1
363	650	1
364	650	1
365	650	1
366	650	1
367	650	1
368	650	1
369	650	1
370	650	1
371	650	1
372	650	1
373	650	1
374	650	1
375	650	1
376	650	1
377	650	1
378	650	1
379	650	1
380	650	1
381	650	1
382	650	1
383	650	1
384	650	1
385	650	1
386	650	1
387	650	1
388	650	1
389	650	1
390	650	1
391	650	1
392	650	1
393	650	1
394	650	1
395	649	1
396	649	1
397	649	1
398	649	1
399	649	1
400	649	1
401	649	1
402	649	1
403	649	1
404	649	1
405	649	1
406	649	1
407	649	1
408	649	1
409	649	1
410	648	1
411	648	1
412	648	1
413	648	1
414	648	1
415	648	1
416	648	1
417	648	1
418	648	1
419	648	1
420	648	1
421	648	1
422	648	1
423	647	1
424	647	1
425	647	1
426	647	1
334	648	1
427	648	1
426	663	0
427	650	0
427	651	0
427	652	0
427	653	0
427	654	0
427	655	0
427	656	0
427	657	0
427	658	0
427	659	0
427	660	0
427	661	0
427	662	0
427	649	0
427	82	0
428	82	0
429	82	0
426	82	0
430	82	0
429	105	983
429	106	983
425	76	1
426	75	1
427	63	1
427	74	1
428	63	1
428	73	1
429	64	1
429	72	1
430	65	1
430	66	1
430	67	1
430	68	1
430	69	1
430	70	1
430	71	1
424	77	1
431	84	0
431	83	0
432	85	0
422	96	0
422	97	0
422	98	0
422	99	0
422	100	0
423	95	0
424	94	0
425	93	0
426	92	0
427	91	0
428	90	0
429	89	0
430	88	0
431	87	0
423	101	0
432	86	0
427	100	0
428	99	0
429	98	0
430	97	0
431	96	0
432	95	0
433	94	0
434	93	0
435	92	0
436	91	0
437	90	0
426	101	0
438	89	0
434	85	1
435	85	1
436	85	1
437	85	1
438	86	1
433	85	1
438	87	1
432	81	1
433	80	1
434	79	1
435	78	1
436	77	1
437	76	1
438	75	1
439	73	1
439	74	1
431	82	1
439	72	1
440	69	0
441	70	0
439	70	0
440	71	0
441	113	983
442	113	983
443	113	983
437	691	989
438	691	989
439	691	989
440	691	989
441	691	989
442	691	989
443	691	989
444	691	989
441	628	0
442	629	0
443	630	0
444	631	0
445	632	0
446	633	0
447	634	0
448	626	1
448	627	1
448	628	1
448	629	1
448	630	1
448	631	1
448	632	1
449	625	1
448	633	1
447	691	990
448	691	990
449	691	990
450	691	990
455	117	0
456	116	0
456	118	0
449	636	0
450	637	0
451	638	0
452	639	0
453	640	0
454	641	0
455	642	0
448	635	0
456	643	0
429	647	5
430	647	5
431	647	5
432	647	5
433	646	5
434	646	5
435	646	5
436	646	5
437	646	5
438	646	5
439	646	5
440	646	5
441	645	5
442	645	5
443	645	5
444	645	5
445	645	5
446	645	5
447	645	5
448	645	5
449	645	5
450	645	5
451	645	5
452	645	5
453	645	5
454	645	5
455	645	5
428	648	5
456	644	5
453	691	988
454	691	988
455	691	988
456	71	979
457	72	979
458	119	1
457	118	1
458	120	1
458	123	1
458	122	1
460	121	0
461	121	0
459	121	0
462	121	0
440	88	1
441	89	1
442	89	1
443	89	1
444	90	1
445	90	1
446	90	1
447	91	1
448	91	1
449	92	1
450	92	1
451	92	1
452	93	1
453	94	1
454	94	1
455	95	1
456	95	1
457	95	1
458	95	1
459	96	1
460	96	1
461	97	1
461	98	1
462	99	1
463	99	1
464	99	1
465	100	1
439	88	1
466	100	1
467	102	0
467	101	0
468	103	0
458	114	0
459	113	0
460	112	0
461	111	0
462	110	0
463	109	0
464	108	0
465	107	0
466	106	0
467	105	0
457	115	0
468	104	0
470	103	1
471	103	1
469	103	1
472	103	1
471	345	996
471	346	996
474	104	0
475	105	0
473	103	0
476	106	0
466	118	2
467	117	2
468	116	2
469	115	2
470	114	2
471	113	2
472	112	2
473	111	2
474	110	2
475	109	2
465	119	2
476	108	2
474	127	1
475	126	1
476	126	1
477	128	1
477	129	1
477	130	1
477	131	1
477	127	1
478	107	0
479	108	0
480	108	0
477	107	0
481	109	0
466	125	2
467	124	2
468	123	2
469	122	2
470	121	2
471	120	2
472	119	2
473	118	2
474	117	2
475	116	2
476	115	2
477	114	2
478	113	2
479	112	2
480	111	2
481	110	2
468	98	1
469	97	1
470	96	1
471	95	1
472	94	1
473	93	1
474	92	1
474	101	1
475	91	1
475	100	1
476	90	1
476	99	1
477	89	1
477	98	1
478	88	1
478	97	1
479	87	1
479	96	1
480	86	1
480	95	1
481	85	1
481	94	1
482	85	1
482	93	1
483	85	1
483	92	1
484	86	1
484	91	1
485	87	1
485	88	1
485	89	1
485	90	1
467	99	1
473	102	1
483	109	1
484	109	1
485	110	1
486	110	1
487	111	1
482	109	1
488	112	1
478	124	1
479	123	1
480	122	1
481	121	1
482	120	1
483	119	1
484	118	1
485	117	1
486	116	1
487	115	1
477	125	1
488	114	1
490	113	0
491	113	0
489	113	0
492	113	0
481	131	1
482	131	1
483	131	1
484	131	1
485	131	1
486	131	1
487	131	1
488	131	1
489	130	1
490	129	1
491	128	1
492	128	1
493	130	0
493	131	0
493	132	0
493	133	0
494	134	0
495	135	0
496	135	0
493	129	0
497	135	0
458	644	0
459	644	0
460	644	0
461	644	0
462	644	0
463	644	0
464	644	0
465	644	0
466	644	0
467	644	0
468	644	0
469	644	0
470	644	0
471	644	0
472	643	0
473	643	0
474	643	0
475	643	0
476	643	0
477	643	0
478	643	0
479	643	0
480	642	0
481	642	0
482	642	0
483	642	0
484	642	0
485	642	0
486	642	0
487	642	0
488	642	0
489	642	0
490	642	0
491	642	0
492	642	0
493	642	0
494	642	0
495	642	0
496	643	0
457	644	0
497	643	0
494	115	3
495	116	3
496	116	3
497	116	3
493	114	3
498	116	3
493	126	0
494	125	0
495	124	0
496	123	0
497	122	0
498	121	0
493	127	0
499	120	0
497	664	0
498	645	0
498	646	0
498	647	0
498	648	0
498	649	0
498	650	0
498	651	0
498	652	0
498	653	0
498	654	0
498	655	0
498	656	0
498	657	0
498	658	0
498	659	0
498	660	0
498	661	0
498	662	0
498	663	0
498	644	0
494	111	1
495	110	1
496	109	1
497	108	1
498	107	1
499	106	1
500	105	1
501	104	1
502	103	1
493	112	1
503	102	1
502	133	2
501	133	2
503	133	2
504	135	0
504	134	0
503	100	0
504	99	0
505	99	0
503	101	0
506	100	0
505	101	0
504	102	0
506	100	0
505	132	0
504	133	0
506	132	0
501	119	1
502	119	1
503	119	1
504	119	1
505	119	1
506	119	1
500	119	1
507	119	1
506	143	2
507	134	2
507	135	2
507	136	2
507	137	2
507	138	2
507	139	2
507	140	2
507	141	2
507	142	2
507	133	2
507	147	986
507	148	986
507	100	0
508	100	0
509	100	0
506	100	0
510	101	0
500	115	1
501	114	1
502	113	1
503	112	1
504	111	1
505	110	1
506	109	1
507	108	1
508	107	1
509	106	1
510	104	1
510	105	1
499	116	1
510	103	1
509	120	0
509	121	0
510	122	0
511	123	0
508	119	0
512	124	0
508	130	1
509	129	1
510	128	1
511	127	1
507	131	1
512	126	1
512	102	0
511	102	0
513	102	0
509	117	0
510	116	0
511	115	0
512	114	0
513	113	0
508	118	0
514	112	0
514	104	0
514	105	0
514	106	0
514	107	0
514	108	0
514	109	0
514	110	0
514	103	0
514	111	0
512	145	1
512	146	1
512	147	1
512	148	1
513	140	1
513	141	1
513	142	1
513	143	1
513	144	1
514	139	1
515	138	1
516	137	1
516	102	1
517	103	1
518	104	1
515	102	1
514	125	1
515	125	1
516	125	1
517	125	1
518	125	1
513	125	1
519	125	1
517	139	0
517	140	0
517	141	0
517	142	0
517	143	0
517	144	0
518	145	0
519	145	0
520	145	0
521	144	0
522	144	0
523	143	0
517	138	0
524	143	0
516	111	1
517	110	1
518	109	1
519	108	1
520	107	1
521	107	1
522	106	1
523	106	1
524	106	1
515	112	1
521	123	1
522	122	1
523	121	1
524	120	1
520	124	1
525	119	1
521	126	1
522	126	1
523	126	1
524	126	1
520	125	1
525	127	1
518	135	0
519	134	0
520	133	0
521	132	0
522	131	0
523	130	0
524	129	0
517	136	0
525	128	0
524	147	0
524	148	0
525	146	0
525	114	1
525	115	1
525	116	1
525	117	1
525	113	1
525	118	1
527	144	1
526	143	1
526	145	1
528	106	0
528	107	0
528	108	0
527	109	0
527	118	1
528	117	1
529	116	1
530	115	1
531	114	1
532	113	1
533	110	1
533	111	1
533	112	1
526	119	1
527	128	0
528	128	0
529	128	0
530	128	0
531	128	0
532	128	0
533	128	0
534	128	0
535	128	0
526	128	0
536	129	0
526	141	0
527	140	0
528	139	0
529	138	0
530	137	0
531	136	0
532	135	0
533	134	0
534	133	0
535	132	0
526	142	0
536	131	0
539	109	983
539	110	983
539	111	983
540	108	983
537	128	1
538	127	1
539	126	1
540	125	1
541	124	1
542	123	1
536	129	1
543	122	1
538	131	1
539	131	1
540	131	1
541	131	1
542	131	1
543	131	1
537	131	1
544	131	1
532	150	2
533	149	2
534	149	2
535	149	2
536	148	2
537	147	2
538	146	2
539	145	2
540	144	2
541	143	2
542	142	2
543	141	2
544	140	2
545	139	2
546	138	2
547	137	2
547	117	1
547	118	1
548	115	1
548	116	1
546	119	1
546	133	0
547	134	0
547	135	0
545	132	0
547	136	0
500	643	0
501	643	0
502	643	0
503	643	0
504	643	0
505	643	0
506	643	0
507	643	0
508	643	0
509	643	0
510	643	0
511	643	0
512	643	0
513	643	0
514	643	0
515	643	0
516	643	0
517	643	0
518	643	0
519	642	0
520	642	0
521	642	0
522	642	0
523	642	0
524	642	0
525	643	0
526	643	0
527	643	0
528	643	0
529	643	0
530	643	0
531	643	0
532	644	0
533	644	0
534	644	0
535	644	0
536	645	0
537	645	0
538	645	0
539	645	0
540	645	0
541	645	0
542	644	0
543	644	0
544	644	0
545	645	0
546	645	0
547	645	0
499	643	0
548	721	991
549	721	991
550	159	1
551	158	1
551	160	1
552	157	1
551	137	0
552	137	0
550	137	0
553	137	0
549	139	1
549	140	1
549	141	1
549	142	1
549	143	1
549	144	1
549	145	1
549	146	1
549	147	1
549	148	1
549	149	1
549	150	1
549	151	1
549	152	1
550	153	1
551	154	1
552	155	1
549	138	1
553	156	1
554	139	1
554	140	1
554	141	1
554	142	1
554	143	1
554	144	1
554	145	1
554	146	1
554	147	1
554	148	1
554	149	1
554	150	1
554	151	1
554	152	1
554	153	1
554	138	1
555	154	1
552	697	990
553	697	990
554	697	990
555	160	1
555	161	1
555	159	1
555	718	990
555	719	990
555	688	990
556	688	990
556	691	990
556	692	990
546	130	0
547	129	0
548	128	0
549	127	0
550	126	0
551	125	0
552	124	0
553	123	0
554	122	0
555	121	0
556	120	0
557	119	0
545	131	0
558	118	0
557	686	990
558	687	990
555	701	991
555	702	991
556	700	991
557	700	991
558	699	991
558	702	991
558	703	991
559	116	0
558	117	0
558	160	1
559	160	1
560	160	1
561	159	1
562	159	1
561	706	991
561	707	991
561	708	991
562	709	991
560	118	0
561	118	0
562	118	0
563	118	0
559	118	0
564	118	0
561	674	1
562	675	1
562	676	1
563	677	1
564	678	1
560	691	990
561	691	990
562	692	990
562	693	990
563	694	990
562	704	989
563	704	989
561	682	0
562	681	0
563	681	0
564	680	0
564	679	0
565	115	0
565	116	0
565	117	0
565	120	1
566	121	1
567	122	1
565	119	1
568	123	1
564	158	0
565	157	0
566	156	0
567	155	0
563	159	0
568	154	0
564	161	1
565	161	1
566	161	1
567	161	1
563	160	1
568	161	1
565	167	0
565	168	0
565	169	0
565	170	0
566	166	0
567	166	0
568	166	0
567	672	989
567	673	989
566	677	1
567	677	1
568	676	1
565	678	1
568	111	2
568	112	2
569	113	2
569	114	2
569	115	2
569	116	2
569	117	2
569	118	2
569	119	2
569	120	2
569	121	2
569	122	2
569	156	0
569	157	0
569	158	0
569	159	0
569	155	0
569	160	0
569	163	0
569	162	0
569	164	0
568	170	0
569	168	0
569	169	0
569	167	0
568	689	0
569	690	0
570	691	0
569	693	0
570	692	0
570	683	992
570	684	992
570	685	992
571	666	989
571	667	989
570	125	1
571	126	1
572	127	1
569	124	1
573	128	1
556	136	1
557	136	1
558	136	1
559	136	1
560	136	1
561	136	1
562	136	1
563	136	1
564	136	1
565	136	1
566	136	1
567	136	1
568	136	1
569	136	1
570	136	1
571	137	1
572	138	1
555	136	1
573	139	1
557	154	0
558	154	0
559	153	0
560	152	0
561	151	0
562	150	0
563	149	0
564	148	0
565	147	0
566	146	0
567	145	0
568	144	0
569	143	0
570	142	0
571	141	0
572	140	0
556	154	0
573	139	0
569	174	987
570	174	987
571	174	987
572	174	987
571	676	990
572	676	990
573	119	0
574	118	0
574	120	0
572	693	0
573	694	0
571	692	0
572	707	991
573	707	991
573	115	0
574	116	0
575	117	0
574	124	1
574	125	1
574	126	1
575	123	1
574	127	1
575	122	1
574	171	987
574	172	987
574	173	987
574	174	987
574	175	987
573	665	989
574	665	989
573	685	992
574	685	992
575	685	992
574	704	990
575	704	990
573	717	992
574	717	992
575	718	992
575	158	0
576	159	0
576	157	0
577	158	0
576	673	991
576	674	991
576	675	991
576	676	991
576	677	991
577	120	0
576	119	0
576	121	0
576	667	990
577	667	990
578	667	990
577	711	992
577	712	992
578	713	992
577	116	0
578	115	0
579	114	0
576	117	0
576	681	991
576	682	991
577	680	991
578	680	991
579	678	991
579	679	991
574	139	0
575	139	0
576	139	0
577	139	0
578	139	0
579	139	0
580	139	0
573	139	0
581	139	0
580	685	990
580	686	990
580	698	991
580	699	991
574	130	1
575	131	1
576	132	1
577	133	1
578	134	1
579	135	1
580	136	1
581	137	1
574	129	1
582	138	1
570	153	0
571	152	0
572	151	0
573	150	0
574	149	0
575	148	0
576	147	0
577	146	0
578	145	0
579	144	0
580	143	0
581	142	0
582	141	0
569	154	0
582	140	0
583	173	0
584	173	0
581	702	991
582	703	991
583	704	991
583	705	991
584	139	1
583	139	1
585	139	1
583	680	992
584	680	992
584	113	0
585	114	0
585	115	0
586	116	0
584	674	990
585	675	990
586	117	1
586	118	1
586	119	1
586	120	1
586	121	1
586	122	1
586	123	1
586	124	1
586	125	1
586	126	1
586	127	1
586	128	1
586	129	1
586	130	1
586	131	1
586	132	1
586	133	1
586	134	1
586	135	1
586	136	1
586	137	1
586	116	1
586	138	1
586	174	0
586	175	0
585	173	0
587	111	1
588	111	1
571	165	0
572	165	0
573	165	0
574	165	0
575	165	0
576	165	0
577	165	0
578	164	0
579	163	0
580	162	0
581	161	0
582	160	0
583	159	0
584	158	0
585	157	0
586	156	0
587	155	0
570	165	0
588	155	0
578	175	0
579	169	0
579	170	0
579	171	0
579	172	0
579	173	0
579	174	0
580	168	0
581	167	0
582	166	0
583	165	0
584	164	0
585	163	0
586	162	0
587	161	0
588	160	0
586	678	993
587	678	993
583	721	991
584	720	991
585	719	991
586	719	991
587	719	991
587	115	0
588	115	0
586	116	0
589	114	0
585	171	0
586	170	0
587	169	0
588	167	0
588	168	0
589	164	0
589	165	0
589	166	0
585	172	0
589	163	0
588	680	993
588	681	993
587	695	989
588	696	989
588	106	1
589	107	1
589	108	1
589	109	1
589	110	1
589	157	0
589	158	0
589	156	0
589	159	0
589	675	993
589	676	993
590	677	993
590	678	993
587	671	992
588	671	992
589	671	992
590	671	992
591	672	992
591	673	992
590	716	990
591	716	990
588	139	0
589	139	0
590	139	0
591	139	0
592	139	0
587	139	0
593	140	0
578	156	0
579	155	0
580	154	0
581	153	0
582	152	0
583	151	0
584	150	0
585	149	0
586	148	0
587	147	0
588	146	0
589	145	0
590	144	0
591	143	0
592	142	0
577	157	0
593	141	0
591	694	990
592	693	990
584	708	991
585	709	991
586	709	991
587	709	991
588	709	991
589	709	991
590	708	991
591	708	991
592	708	991
593	675	990
593	676	990
594	112	4
594	113	4
594	682	991
595	682	991
590	687	993
591	687	993
592	688	993
593	689	993
594	689	993
595	690	993
595	691	993
589	698	990
590	698	990
591	699	990
591	700	990
592	701	990
593	702	990
594	702	990
595	703	990
595	704	990
595	666	990
596	666	990
595	700	989
596	700	989
597	700	989
596	706	990
596	707	990
596	708	990
596	709	990
596	710	990
597	711	990
596	679	992
597	674	992
597	678	992
598	675	992
598	676	992
598	677	992
598	682	0
599	682	0
595	140	1
596	140	1
597	140	1
598	141	1
599	142	1
594	140	1
600	143	1
590	154	0
591	153	0
592	152	0
593	151	0
594	150	0
595	149	0
596	148	0
597	147	0
598	146	0
599	145	0
589	155	0
600	144	0
599	686	1
600	684	1
600	685	1
600	683	1
599	113	985
600	112	985
601	112	985
601	681	0
600	682	0
602	143	1
601	143	1
603	144	1
591	163	1
592	164	1
593	165	1
594	166	1
595	167	1
596	168	1
597	169	1
598	170	1
598	171	1
599	172	1
600	173	1
601	173	1
602	171	1
602	172	1
603	146	1
603	147	1
603	148	1
603	149	1
603	150	1
603	151	1
603	152	1
603	153	1
603	154	1
603	155	1
603	156	1
603	157	1
603	158	1
603	159	1
603	160	1
603	161	1
603	162	1
603	163	1
603	164	1
603	165	1
603	166	1
603	167	1
603	168	1
603	169	1
603	170	1
590	162	1
603	145	1
595	662	993
596	663	993
597	663	993
598	663	993
599	663	993
599	669	993
600	662	993
600	668	993
600	670	993
601	662	993
601	667	993
601	670	993
602	663	993
602	664	993
602	665	993
602	666	993
602	670	993
603	670	993
604	669	993
605	668	993
606	107	984
606	108	984
606	109	984
605	144	0
606	144	0
604	144	0
607	144	0
608	114	1
609	113	1
609	115	1
608	146	0
608	147	0
608	148	0
608	149	0
608	150	0
608	151	0
608	152	0
608	153	0
608	154	0
608	155	0
608	156	0
608	157	0
608	158	0
608	145	0
608	159	0
608	162	1
608	163	1
608	164	1
608	165	1
608	166	1
608	167	1
608	168	1
608	169	1
608	170	1
608	171	1
608	172	1
608	173	1
608	161	1
613	116	1
612	115	1
612	117	1
610	161	0
611	162	0
612	163	0
613	164	0
614	165	0
609	160	0
614	166	0
611	119	2
611	120	2
611	121	2
611	122	2
611	123	2
611	124	2
612	125	2
613	126	2
614	127	2
615	128	2
611	118	2
616	129	2
594	118	1
594	119	1
595	120	1
596	121	1
597	122	1
598	123	1
599	124	1
600	125	1
601	126	1
602	127	1
603	128	1
604	129	1
605	130	1
606	131	1
607	132	1
608	133	1
609	134	1
610	135	1
611	136	1
612	137	1
613	138	1
614	139	1
615	140	1
616	141	1
594	117	1
617	142	1
610	143	0
611	143	0
612	143	0
613	143	0
614	143	0
615	143	0
616	143	0
609	143	0
617	142	0
615	169	0
616	168	0
614	168	0
615	167	0
611	111	1
612	111	1
613	111	1
614	111	1
615	112	1
616	113	1
616	114	1
617	115	1
617	116	1
617	117	1
617	118	1
617	119	1
617	120	1
617	121	1
617	122	1
617	123	1
617	124	1
617	125	1
617	126	1
617	127	1
610	112	1
617	128	1
618	142	0
619	142	0
620	142	0
621	142	0
622	142	0
623	142	0
617	142	0
624	142	0
618	131	0
619	132	0
620	133	0
621	134	0
622	135	0
623	135	0
624	136	0
625	137	0
626	138	0
617	130	0
627	139	0
625	144	0
625	145	0
625	146	0
625	147	0
625	148	0
625	149	0
625	150	0
625	151	0
625	152	0
625	153	0
625	154	0
625	155	0
625	156	0
625	157	0
625	158	0
625	159	0
625	160	0
625	161	0
625	162	0
625	163	0
625	164	0
625	165	0
625	166	0
625	167	0
625	168	0
625	169	0
625	170	0
626	171	0
626	172	0
626	173	0
626	174	0
626	175	0
626	176	0
625	143	0
628	108	0
628	109	0
628	110	0
628	111	0
628	112	0
628	113	0
628	114	0
628	115	0
628	116	0
628	117	0
628	118	0
628	119	0
628	120	0
628	121	0
628	122	0
628	123	0
628	124	0
628	125	0
628	126	0
628	127	0
628	128	0
628	129	0
628	130	0
628	131	0
628	132	0
628	133	0
628	134	0
628	135	0
628	136	0
628	137	0
629	101	0
629	102	0
629	103	0
629	104	0
629	105	0
629	106	0
629	107	0
628	138	0
630	141	0
631	141	0
629	141	0
632	141	0
633	112	0
633	113	0
633	114	0
633	115	0
633	116	0
633	117	0
633	118	0
633	119	0
633	120	0
633	121	0
633	122	0
633	123	0
633	124	0
633	125	0
633	126	0
633	127	0
633	128	0
633	129	0
633	130	0
633	131	0
633	132	0
633	133	0
633	134	0
633	135	0
633	136	0
633	137	0
633	138	0
633	139	0
634	111	0
633	140	0
635	141	0
636	141	0
637	141	0
638	141	0
639	141	0
634	141	0
640	141	0
634	172	1
635	171	1
636	171	1
637	171	1
638	171	1
639	170	1
640	169	1
640	174	0
641	174	0
641	175	0
640	176	1
641	175	1
641	143	1
641	144	1
641	145	1
641	146	1
641	147	1
641	148	1
641	149	1
641	150	1
641	151	1
641	152	1
641	153	1
641	154	1
641	155	1
641	156	1
641	157	1
641	158	1
641	159	1
641	160	1
641	161	1
641	162	1
641	163	1
641	164	1
641	165	1
641	166	1
641	167	1
641	142	1
641	168	1
642	170	1
642	171	1
642	172	1
642	173	1
641	169	1
641	174	1
646	174	0
647	173	0
648	173	0
649	173	0
650	173	0
645	176	0
646	177	0
647	177	0
648	177	0
649	176	0
650	176	0
647	181	982
648	182	982
649	183	982
651	178	0
651	177	0
652	172	0
651	173	0
653	171	0
656	173	1
655	172	1
655	174	1
654	176	0
654	177	0
654	178	0
655	179	0
656	179	0
657	179	0
658	178	0
659	177	0
660	176	0
661	175	0
654	175	0
662	175	0
661	101	0
661	103	0
661	104	0
662	102	0
662	105	0
662	106	0
662	107	0
662	108	0
662	109	0
661	110	0
661	112	0
661	113	0
662	114	0
663	115	0
664	116	0
661	111	0
665	117	0
664	177	0
663	176	0
665	176	0
666	109	0
666	110	0
666	111	0
666	112	0
666	113	0
666	114	0
666	115	0
666	108	0
666	116	0
665	107	0
666	106	0
667	107	0
666	108	0
666	108	0
667	177	0
667	178	0
666	176	0
649	109	0
649	110	0
649	111	0
649	112	0
649	113	0
649	114	0
649	115	0
649	116	0
649	117	0
649	118	0
650	108	0
650	119	0
651	108	0
651	120	0
652	107	0
652	121	0
653	107	0
653	122	0
654	107	0
654	123	0
655	107	0
655	124	0
656	108	0
656	125	0
657	126	0
658	127	0
659	128	0
660	129	0
661	130	0
662	131	0
663	132	0
664	133	0
665	134	0
666	135	0
667	136	0
668	137	0
669	138	0
657	109	0
670	139	0
643	141	1
644	141	1
645	141	1
646	141	1
647	141	1
648	141	1
649	141	1
650	141	1
651	141	1
652	141	1
653	141	1
654	141	1
655	141	1
656	141	1
657	141	1
658	141	1
659	141	1
660	141	1
661	141	1
662	141	1
663	141	1
664	141	1
665	141	1
666	141	1
667	141	1
668	141	1
669	140	1
642	141	1
670	139	1
664	173	1
665	172	1
666	171	1
667	170	1
668	169	1
669	168	1
670	167	1
671	166	1
672	165	1
673	164	1
674	163	1
664	174	1
675	162	1
671	139	1
672	139	1
673	139	1
674	139	1
675	140	1
676	140	1
677	140	1
670	139	1
678	141	1
654	169	0
655	168	0
656	167	0
657	166	0
658	165	0
659	164	0
660	163	0
661	162	0
662	161	0
663	160	0
664	159	0
665	158	0
666	157	0
667	156	0
668	155	0
669	154	0
670	153	0
671	152	0
672	151	0
673	150	0
674	149	0
675	148	0
676	147	0
677	146	0
654	170	0
678	145	0
678	143	0
678	144	0
678	142	0
678	145	0
675	160	0
675	161	0
676	159	0
677	158	0
678	156	0
678	157	0
679	149	0
679	150	0
679	151	0
679	152	0
679	153	0
679	154	0
679	155	0
675	162	0
679	148	0
682	100	981
682	101	981
676	166	1
676	167	1
676	168	1
676	169	1
676	170	1
676	171	1
676	172	1
676	173	1
676	174	1
676	175	1
676	176	1
676	177	1
676	178	1
676	179	1
677	180	1
677	181	1
678	165	1
678	182	1
679	166	1
679	182	1
680	167	1
680	182	1
681	168	1
681	182	1
682	169	1
682	180	1
682	181	1
683	170	1
683	171	1
683	172	1
683	173	1
683	174	1
683	175	1
683	176	1
683	177	1
683	178	1
683	179	1
676	165	1
677	164	1
667	119	3
668	120	3
669	121	3
670	122	3
671	123	3
672	124	3
673	125	3
674	126	3
675	127	3
676	128	3
677	129	3
678	130	3
679	131	3
680	132	3
681	133	3
682	134	3
683	135	3
684	136	3
666	118	3
685	137	3
680	141	0
681	141	0
682	141	0
683	140	0
684	139	0
679	141	0
685	138	0
687	99	980
687	100	980
687	137	0
688	137	0
689	137	0
690	137	0
691	137	0
692	137	0
693	136	0
694	136	0
686	137	0
695	136	0
696	100	0
696	101	0
696	102	0
696	103	0
696	104	0
696	105	0
696	106	0
696	107	0
696	108	0
696	109	0
696	110	0
696	111	0
696	112	0
696	115	1
696	116	1
696	117	1
696	118	1
696	119	1
696	120	1
696	121	1
696	122	1
696	123	1
696	124	1
696	125	1
696	126	1
696	127	1
696	128	1
696	129	1
696	130	1
696	131	1
696	132	1
696	133	1
696	134	1
696	114	1
696	135	1
697	137	0
698	137	0
696	136	0
699	137	0
701	101	0
702	102	0
702	103	0
702	104	0
702	105	0
698	112	1
699	111	1
700	110	1
701	109	1
702	108	1
697	113	1
702	107	1
703	97	981
703	98	981
703	174	0
704	173	0
704	175	0
681	148	2
682	149	2
683	150	2
684	151	2
685	152	2
686	153	2
687	154	2
688	155	2
689	156	2
690	157	2
691	158	2
692	159	2
693	160	2
694	161	2
695	162	2
696	163	2
697	164	2
698	165	2
699	166	2
700	167	2
701	168	2
702	169	2
703	170	2
704	171	2
704	172	2
680	147	2
704	173	2
706	176	0
706	177	0
706	178	0
706	179	0
705	175	0
702	135	0
703	135	0
704	135	0
705	135	0
706	135	0
707	135	0
701	136	0
708	135	0
711	133	1
712	133	1
713	133	1
714	133	1
710	134	1
715	133	1
718	132	0
717	132	0
719	132	0
715	99	0
715	100	0
715	101	0
715	102	0
715	103	0
716	104	0
717	105	0
717	106	0
718	107	0
719	108	0
720	109	0
721	110	0
704	105	1
705	104	1
706	104	1
707	104	1
708	103	1
709	104	1
710	105	1
711	106	1
712	107	1
713	108	1
714	109	1
715	110	1
716	111	1
717	112	1
718	113	1
719	114	1
720	115	1
703	106	1
721	116	1
721	130	1
720	131	1
722	129	1
722	112	1
722	113	1
722	114	1
722	111	1
722	115	1
722	118	1
722	119	1
722	120	1
722	121	1
722	122	1
722	123	1
722	124	1
722	125	1
722	126	1
722	117	1
722	127	1
722	104	0
723	103	0
723	105	0
724	104	0
721	133	0
722	133	0
723	133	0
720	132	0
724	133	0
723	109	0
724	107	0
724	108	0
722	110	0
724	106	0
725	131	0
725	132	0
725	101	0
726	102	0
726	103	0
726	104	0
725	105	0
701	138	2
702	139	2
703	140	2
704	141	2
705	142	2
706	143	2
707	144	2
708	145	2
709	146	2
710	147	2
711	148	2
712	149	2
713	150	2
714	151	2
715	152	2
716	153	2
717	154	2
718	155	2
719	156	2
720	157	2
721	158	2
722	159	2
723	160	2
724	161	2
725	162	2
726	163	2
700	137	2
726	164	2
727	167	0
728	166	0
726	166	0
727	165	0
727	133	0
728	132	0
729	132	0
730	131	0
731	131	0
732	130	0
733	130	0
734	130	0
735	129	0
736	129	0
726	133	0
737	129	0
710	136	2
711	137	2
712	138	2
713	139	2
714	140	2
715	141	2
716	142	2
717	143	2
718	144	2
719	145	2
720	146	2
721	147	2
722	148	2
723	149	2
724	150	2
725	151	2
726	152	2
727	153	2
728	154	2
729	155	2
730	156	2
731	157	2
732	158	2
733	159	2
734	160	2
735	161	2
736	162	2
736	163	2
736	164	2
709	135	2
724	127	0
725	126	0
726	125	0
727	124	0
728	123	0
729	122	0
730	121	0
731	120	0
732	119	0
733	118	0
734	117	0
735	116	0
736	115	0
737	114	0
738	113	0
739	108	0
739	109	0
739	110	0
739	111	0
739	112	0
740	106	0
740	107	0
723	128	0
717	134	1
718	135	1
719	136	1
720	137	1
721	138	1
722	139	1
723	140	1
724	141	1
725	142	1
726	143	1
727	144	1
728	145	1
729	146	1
730	147	1
731	148	1
732	149	1
733	150	1
734	151	1
735	152	1
736	153	1
737	154	1
738	155	1
739	156	1
740	157	1
741	158	1
741	159	1
716	133	1
726	135	1
727	136	1
728	137	1
729	138	1
730	139	1
731	140	1
732	141	1
733	142	1
734	143	1
735	144	1
736	145	1
737	146	1
738	147	1
739	148	1
740	149	1
741	150	1
742	151	1
743	152	1
744	153	1
745	154	1
746	155	1
746	156	1
746	157	1
746	158	1
746	159	1
725	134	1
739	131	0
740	131	0
741	131	0
742	131	0
743	131	0
744	131	0
745	131	0
746	131	0
747	131	0
748	131	0
749	132	0
750	132	0
751	132	0
752	133	0
753	134	0
738	130	0
739	127	1
740	126	1
741	125	1
742	124	1
743	123	1
744	122	1
745	121	1
746	120	1
747	119	1
748	118	1
749	117	1
750	116	1
751	115	1
752	109	1
752	114	1
753	110	1
753	113	1
754	111	1
754	112	1
738	128	1
1290	378	991
1291	377	991
1292	377	991
