20	20	86
12	12	83
21	21	64
19	19	63
22	22	63
14	14	59
23	23	56
13	13	51
15	15	38
18	18	35
16	16	33
7	7	31
24	24	31
8	8	30
21	20	24
1000	12	23
17	17	22
1	1	21
5	5	21
19	18	21
11	11	19
26	26	19
13	12	18
16	15	17
1000	9	17
23	22	17
9	9	16
10	10	16
17	16	16
20	19	16
22	21	15
2	2	14
1000	11	14
6	6	13
9	8	13
21	22	13
20	21	13
4	4	12
10	9	12
14	13	12
19	20	12
24	23	12
25	25	12
1000	13	11
1000	10	11
12	11	11
15	16	10
8	7	9
11	10	8
15	14	8
1000	23	8
1000	22	8
22	20	8
2	1	7
7	6	7
9	7	7
11	12	7
1000	16	7
3	3	6
5	4	6
6	5	6
9	10	6
20	18	6
3	2	5
8	6	5
10	8	5
18	15	5
19	17	5
16	17	5
12	13	5
1000	17	5
18	19	5
21	19	5
23	24	5
24	25	5
23	21	5
1000	6	4
4	3	4
17	15	4
13	14	4
1000	20	4
1000	21	4
25	24	4
1000	14	4
3	1	3
1000	7	3
7	8	3
7	9	3
8	9	3
1000	15	3
15	13	3
15	12	3
16	14	3
1000	8	3
17	14	3
1000	24	3
22	23	3
1000	1	2
1000	5	2
1000	4	2
6	4	2
5	6	2
2	5	2
8	2	2
5	7	2
10	11	2
11	7	2
8	5	2
12	9	2
18	16	2
13	11	2
9	11	2
6	7	2
18	17	2
16	10	2
17	10	2
14	16	2
14	12	2
12	15	2
1000	19	2
1000	18	2
26	25	2
22	19	2
25	23	2
17	19	2
2	3	1
4	5	1
1	3	1
2	4	1
11	1	1
1	2	1
8	4	1
13	5	1
14	1	1
7	3	1
3	4	1
5	3	1
7	4	1
11	3	1
7	5	1
13	10	1
12	5	1
12	8	1
9	5	1
9	14	1
16	5	1
12	16	1
9	12	1
9	19	1
16	23	1
10	5	1
11	8	1
18	11	1
17	6	1
19	15	1
9	6	1
16	8	1
12	7	1
13	15	1
12	10	1
10	1	1
14	8	1
13	9	1
14	15	1
15	18	1
16	13	1
20	13	1
17	18	1
9	4	1
23	16	1
21	18	1
1000	25	1
24	21	1
23	20	1
18	20	1
26	27	1
1000	26	1
16	19	1
21	15	1
19	21	1
25	22	1
26	24	1
27	25	1
28	28	1
24	22	1
27	23	1
20	14	1
24	19	1
22	18	1
23	19	1
20	17	1
22	16	1
14	9	1
14	11	1
25	26	1
