16	16	149
17	17	117
19	19	92
20	20	84
18	18	78
15	15	56
21	21	52
1000	16	51
22	22	44
23	23	43
9	9	40
14	14	37
1000	17	36
1000	14	35
17	16	35
1000	15	33
1000	20	33
13	13	32
8	8	31
1000	21	31
10	10	30
20	19	30
27	27	28
1000	18	27
19	18	25
18	17	25
1000	19	24
12	12	23
25	25	23
24	24	22
16	17	20
26	26	20
11	11	19
21	20	19
7	7	18
29	29	17
16	15	16
18	19	15
1000	13	15
1	1	14
3	3	14
13	12	14
28	28	14
20	21	13
22	21	13
14	15	12
1000	23	12
24	23	12
1000	12	12
2	2	11
1000	22	11
14	13	11
23	22	11
8	7	10
19	20	10
1000	25	10
27	26	10
11	10	9
4	4	8
3	2	8
6	5	8
6	6	8
9	8	8
10	11	8
1000	11	8
23	24	8
1000	26	8
2	1	7
8	9	7
9	10	7
12	11	7
25	24	7
1000	28	7
29	28	7
30	30	7
17	18	7
5	5	6
6	7	6
12	13	6
1000	10	6
20	18	6
15	16	6
26	25	6
21	22	6
27	28	6
31	31	6
7	6	5
13	14	5
11	12	5
19	17	5
17	15	5
24	25	5
1000	24	5
24	22	5
28	27	5
22	23	5
1000	1	4
1000	5	4
1000	8	4
10	9	4
16	14	4
15	14	4
25	26	4
25	23	4
30	29	4
18	16	4
4	3	3
7	5	3
8	6	3
11	8	3
13	8	3
15	12	3
22	20	3
22	19	3
25	22	3
1000	29	3
1000	4	2
2	3	2
5	6	2
3	1	2
5	4	2
5	3	2
6	4	2
9	2	2
6	8	2
9	4	2
4	6	2
10	8	2
9	7	2
8	10	2
11	13	2
1000	9	2
19	16	2
20	17	2
17	13	2
23	21	2
24	21	2
29	30	2
1000	31	2
18	15	2
21	23	2
1000	2	1
1000	7	1
1000	3	1
5	1	1
6	2	1
7	8	1
1	2	1
9	3	1
5	2	1
4	5	1
6	3	1
5	8	1
13	2	1
13	3	1
12	9	1
15	3	1
1000	6	1
8	5	1
10	4	1
12	8	1
10	5	1
9	5	1
11	3	1
10	7	1
9	11	1
17	9	1
19	11	1
8	4	1
7	9	1
19	9	1
16	18	1
16	12	1
21	19	1
14	18	1
11	6	1
21	13	1
3	7	1
13	15	1
1	6	1
3	6	1
9	13	1
15	13	1
18	14	1
27	19	1
17	19	1
17	12	1
16	8	1
15	17	1
22	16	1
23	17	1
27	24	1
11	9	1
12	10	1
23	20	1
20	16	1
24	19	1
21	18	1
26	23	1
26	27	1
28	26	1
1000	30	1
30	26	1
30	25	1
30	31	1
17	22	1
21	17	1
17	20	1
20	22	1
19	21	1
27	25	1
23	19	1
22	24	1
18	20	1
16	13	1
