19	19	131
20	20	124
25	25	88
18	18	83
19	20	80
18	19	68
17	17	66
24	24	60
26	26	56
27	27	55
28	28	55
20	21	50
23	23	46
1000	27	46
16	16	44
24	25	43
17	18	42
25	26	38
21	21	37
1000	28	34
11	11	32
22	22	32
1000	24	32
1000	26	31
27	28	31
10	11	30
26	27	30
28	29	29
1000	19	29
1000	20	28
1000	22	27
29	29	26
17	19	25
31	31	25
23	24	24
1000	25	24
1000	21	24
9	9	23
21	22	22
20	19	22
22	23	21
15	16	21
30	30	21
1000	32	21
29	30	20
12	12	19
11	12	19
1000	18	19
16	17	19
10	10	18
1000	23	16
17	20	15
1000	17	15
12	13	14
24	26	14
19	21	14
6	6	13
15	17	13
20	22	13
23	25	13
18	20	13
30	31	13
19	18	13
14	14	12
15	15	12
1000	15	12
16	18	12
1000	31	12
31	32	12
25	24	11
21	23	11
1000	16	10
5	6	10
27	29	10
23	26	10
28	30	10
1	1	9
8	8	9
10	12	9
25	27	9
26	28	9
26	25	9
31	33	9
13	13	8
27	26	8
36	37	8
1000	11	7
5	5	7
9	10	7
14	15	7
20	23	7
24	27	7
29	32	7
34	35	7
32	33	7
32	32	7
35	35	7
23	22	7
7	7	6
6	7	6
9	11	6
12	15	6
16	19	6
17	16	6
28	27	6
19	22	6
1000	29	6
19	25	6
22	21	6
30	32	6
24	23	6
1000	33	6
36	36	6
35	36	6
7	8	5
8	9	5
11	13	5
12	14	5
14	18	5
15	18	5
22	25	5
22	24	5
1000	30	5
33	33	5
29	28	5
33	34	5
18	17	5
3	3	4
1	2	4
3	4	4
2	2	4
8	10	4
1000	10	4
13	15	4
9	12	4
13	14	4
13	16	4
18	25	4
17	21	4
21	20	4
19	23	4
21	24	4
18	21	4
27	30	4
31	30	4
29	31	4
37	37	4
1	3	3
2	4	3
4	4	3
3	7	3
7	11	3
6	8	3
2	6	3
7	6	3
6	9	3
5	10	3
8	11	3
7	14	3
15	14	3
1000	12	3
13	12	3
6	10	3
14	17	3
22	27	3
14	16	3
20	24	3
18	22	3
25	30	3
1000	34	3
34	34	3
29	33	3
1000	35	3
30	29	3
31	34	3
1000	38	3
28	31	3
32	34	3
37	38	3
30	33	3
16	15	3
1000	5	2
2	5	2
6	5	2
4	7	2
2	3	2
2	7	2
7	15	2
7	13	2
10	14	2
11	10	2
1000	13	2
10	16	2
12	11	2
11	15	2
9	13	2
10	9	2
15	19	2
11	16	2
17	22	2
16	20	2
23	27	2
12	16	2
19	27	2
20	25	2
1000	14	2
29	27	2
20	26	2
27	32	2
25	29	2
22	30	2
25	34	2
24	28	2
33	32	2
32	36	2
30	34	2
32	37	2
28	34	2
34	37	2
35	37	2
31	35	2
23	33	2
19	24	2
26	30	2
22	26	2
1000	7	1
5	7	1
1000	3	1
5	4	1
1	6	1
1000	4	1
5	8	1
3	8	1
9	7	1
4	5	1
8	14	1
10	7	1
4	3	1
3	10	1
6	12	1
3	9	1
3	5	1
9	8	1
3	6	1
4	10	1
4	8	1
1000	9	1
5	13	1
4	13	1
7	12	1
11	23	1
1000	8	1
10	13	1
13	24	1
13	18	1
13	19	1
5	17	1
14	27	1
14	25	1
22	29	1
17	12	1
9	16	1
11	19	1
8	15	1
2	14	1
2	9	1
6	4	1
21	18	1
7	9	1
17	23	1
15	21	1
12	18	1
10	18	1
15	20	1
18	26	1
7	10	1
10	25	1
24	20	1
13	20	1
19	26	1
18	23	1
10	17	1
19	29	1
24	29	1
1000	36	1
24	35	1
24	34	1
27	31	1
27	33	1
34	33	1
28	32	1
29	35	1
1000	39	1
30	35	1
25	31	1
34	36	1
36	35	1
23	32	1
24	36	1
32	35	1
1000	37	1
38	38	1
27	39	1
33	36	1
28	38	1
37	35	1
28	36	1
27	36	1
28	33	1
21	26	1
23	28	1
26	29	1
33	31	1
31	29	1
22	32	1
24	30	1
25	28	1
18	16	1
27	23	1
13	17	1
29	26	1
14	19	1
