248	1
262	1
268	1
269	1
270	1
274	1
278	1
279	1
280	1
298	1
299	1
300	1
302	1
2	2
232	2
249	2
250	2
252	2
263	2
264	2
266	2
267	2
275	2
276	2
277	2
297	2
301	2
3	3
231	3
251	3
265	3
277	3
297	3
4	4
230	4
252	4
266	4
267	4
278	4
279	4
297	4
5	5
230	5
253	5
296	5
298	5
6	6
230	6
253	6
295	6
299	6
300	6
7	7
230	7
231	7
232	7
233	7
234	7
236	7
254	7
294	7
301	7
302	7
303	7
304	7
319	7
8	8
228	8
229	8
235	8
237	8
238	8
295	8
305	8
316	8
317	8
318	8
320	8
321	8
322	8
9	9
226	9
227	9
239	9
295	9
306	9
308	9
313	9
315	9
323	9
10	10
224	10
225	10
240	10
266	10
284	10
293	10
294	10
296	10
297	10
301	10
303	10
306	10
307	10
309	10
312	10
314	10
324	10
326	10
327	10
328	10
329	10
11	11
222	11
223	11
241	11
266	11
268	11
269	11
282	11
284	11
286	11
288	11
290	11
292	11
298	11
299	11
300	11
302	11
304	11
305	11
308	11
309	11
311	11
325	11
330	11
12	12
221	12
242	12
256	12
258	12
266	12
267	12
277	12
279	12
280	12
281	12
283	12
285	12
287	12
289	12
291	12
310	12
325	12
330	12
13	13
220	13
242	13
243	13
248	13
250	13
251	13
252	13
253	13
254	13
255	13
257	13
259	13
260	13
261	13
262	13
263	13
264	13
265	13
274	13
276	13
278	13
325	13
334	13
336	13
14	14
220	14
240	14
241	14
244	14
245	14
246	14
247	14
249	14
266	14
270	14
271	14
272	14
273	14
275	14
326	14
327	14
328	14
331	14
332	14
333	14
335	14
15	15
220	15
238	15
239	15
267	15
268	15
269	15
16	16
220	16
221	16
222	16
223	16
224	16
225	16
226	16
227	16
228	16
229	16
230	16
231	16
232	16
233	16
234	16
235	16
236	16
237	16
295	16
304	16
17	17
218	17
219	17
294	17
304	17
18	18
216	18
217	18
293	18
303	18
19	19
214	19
215	19
294	19
303	19
20	20
212	20
213	20
280	20
293	20
302	20
21	21
210	21
211	21
280	21
294	21
301	21
22	22
208	22
209	22
280	22
293	22
300	22
23	23
207	23
278	23
279	23
281	23
283	23
293	23
299	23
24	24
206	24
277	24
282	24
284	24
291	24
293	24
299	24
300	24
25	25
206	25
276	25
278	25
279	25
280	25
281	25
285	25
287	25
290	25
292	25
294	25
295	25
296	25
298	25
301	25
302	25
303	25
26	26
206	26
256	26
257	26
258	26
259	26
260	26
262	26
264	26
266	26
267	26
268	26
269	26
270	26
271	26
272	26
273	26
274	26
275	26
286	26
288	26
289	26
297	26
304	26
305	26
306	26
307	26
308	26
310	26
27	27
206	27
254	27
255	27
261	27
263	27
265	27
276	27
297	27
309	27
311	27
28	28
206	28
248	28
253	28
277	28
297	28
29	29
206	29
243	29
244	29
245	29
246	29
247	29
249	29
250	29
251	29
252	29
278	29
298	29
30	30
206	30
207	30
208	30
209	30
210	30
211	30
212	30
213	30
214	30
215	30
216	30
217	30
218	30
219	30
220	30
221	30
222	30
223	30
224	30
225	30
226	30
227	30
228	30
229	30
230	30
231	30
234	30
236	30
238	30
240	30
242	30
252	30
299	30
300	30
301	30
31	31
204	31
205	31
232	31
233	31
235	31
237	31
239	31
241	31
253	31
32	32
202	32
203	32
254	32
33	33
200	33
201	33
34	34
198	34
199	34
35	35
196	35
197	35
36	36
194	36
195	36
37	37
193	37
38	38
192	38
274	38
39	39
191	39
269	39
273	39
40	40
190	40
270	40
272	40
41	41
190	41
271	41
272	41
42	42
190	42
271	42
273	42
43	43
190	43
270	43
274	43
290	43
44	44
190	44
269	44
288	44
289	44
45	45
190	45
232	45
233	45
235	45
238	45
240	45
242	45
244	45
246	45
249	45
251	45
253	45
254	45
255	45
256	45
258	45
260	45
262	45
264	45
265	45
266	45
267	45
268	45
287	45
46	46
190	46
191	46
192	46
193	46
194	46
195	46
196	46
197	46
198	46
199	46
200	46
201	46
202	46
203	46
204	46
205	46
206	46
207	46
208	46
209	46
210	46
211	46
212	46
213	46
214	46
215	46
216	46
217	46
218	46
219	46
220	46
221	46
222	46
223	46
224	46
225	46
226	46
227	46
228	46
229	46
230	46
231	46
234	46
236	46
237	46
239	46
241	46
243	46
245	46
247	46
248	46
250	46
252	46
257	46
259	46
261	46
263	46
268	46
286	46
295	46
296	46
297	46
47	47
188	47
189	47
269	47
270	47
286	47
293	47
294	47
298	47
48	48
186	48
187	48
271	48
272	48
286	48
292	48
49	49
184	49
185	49
273	49
274	49
275	49
276	49
277	49
278	49
279	49
280	49
284	49
285	49
287	49
288	49
289	49
290	49
291	49
292	49
296	49
50	50
182	50
183	50
281	50
282	50
283	50
287	50
293	50
294	50
295	50
297	50
51	51
180	51
181	51
287	51
293	51
316	51
52	52
178	52
179	52
287	52
293	52
315	52
53	53
177	53
287	53
294	53
315	53
54	54
176	54
288	54
293	54
295	54
296	54
325	54
55	55
176	55
289	55
297	55
56	56
176	56
289	56
298	56
57	57
176	57
290	57
299	57
336	57
58	58
176	58
242	58
244	58
245	58
246	58
247	58
249	58
251	58
256	58
258	58
299	58
335	58
59	59
176	59
237	59
239	59
241	59
243	59
248	59
250	59
252	59
253	59
254	59
255	59
257	59
259	59
260	59
261	59
262	59
263	59
264	59
265	59
266	59
300	59
308	59
310	59
311	59
312	59
334	59
60	60
176	60
177	60
178	60
179	60
180	60
181	60
182	60
183	60
184	60
185	60
186	60
187	60
188	60
189	60
190	60
191	60
192	60
193	60
194	60
195	60
196	60
197	60
198	60
199	60
200	60
201	60
202	60
203	60
204	60
205	60
206	60
207	60
208	60
209	60
210	60
211	60
212	60
213	60
214	60
215	60
216	60
217	60
218	60
219	60
220	60
221	60
222	60
223	60
224	60
225	60
226	60
227	60
228	60
229	60
230	60
231	60
232	60
234	60
236	60
238	60
240	60
267	60
268	60
269	60
270	60
272	60
305	60
306	60
307	60
309	60
313	60
314	60
335	60
340	60
61	61
174	61
175	61
233	61
235	61
271	61
273	61
274	61
275	61
276	61
277	61
278	61
279	61
280	61
281	61
282	61
284	61
292	61
294	61
296	61
298	61
300	61
302	61
304	61
315	61
316	61
317	61
320	61
335	61
338	61
340	61
62	62
172	62
173	62
283	62
285	62
286	62
287	62
288	62
289	62
290	62
291	62
293	62
295	62
297	62
299	62
301	62
303	62
318	62
319	62
321	62
324	62
326	62
334	62
336	62
337	62
339	62
349	62
63	63
170	63
171	63
322	63
323	63
325	63
327	63
329	63
332	63
333	63
340	63
348	63
64	64
168	64
169	64
328	64
330	64
331	64
341	64
347	64
65	65
166	65
167	65
332	65
338	65
340	65
342	65
344	65
345	65
346	65
347	65
66	66
164	66
165	66
333	66
334	66
336	66
337	66
339	66
343	66
348	66
349	66
67	67
162	67
163	67
335	67
68	68
161	68
335	68
69	69
160	69
336	69
70	70
160	70
248	70
335	70
71	71
160	71
247	71
72	72
160	72
246	72
297	72
73	73
160	73
246	73
276	73
278	73
297	73
74	74
160	74
244	74
246	74
272	74
274	74
275	74
277	74
279	74
280	74
281	74
296	74
312	74
75	75
160	75
161	75
162	75
163	75
164	75
165	75
166	75
167	75
168	75
169	75
170	75
171	75
172	75
173	75
174	75
175	75
176	75
177	75
178	75
179	75
180	75
181	75
182	75
183	75
184	75
185	75
186	75
187	75
188	75
189	75
190	75
191	75
192	75
193	75
194	75
195	75
196	75
197	75
198	75
199	75
200	75
201	75
202	75
203	75
204	75
205	75
206	75
207	75
208	75
209	75
210	75
211	75
212	75
213	75
214	75
215	75
216	75
217	75
218	75
219	75
220	75
221	75
222	75
223	75
224	75
225	75
226	75
227	75
228	75
229	75
230	75
233	75
235	75
237	75
238	75
240	75
241	75
242	75
243	75
245	75
247	75
248	75
259	75
260	75
261	75
262	75
263	75
264	75
265	75
266	75
267	75
268	75
269	75
270	75
271	75
273	75
282	75
283	75
284	75
295	75
309	75
310	75
311	75
76	76
158	76
159	76
231	76
232	76
234	76
236	76
239	76
249	76
250	76
253	76
255	76
256	76
257	76
258	76
285	76
286	76
287	76
288	76
294	76
308	76
312	76
77	77
156	77
157	77
251	77
252	77
254	77
289	77
292	77
293	77
307	77
78	78
154	78
155	78
278	78
279	78
290	78
291	78
293	78
302	78
304	78
305	78
306	78
79	79
152	79
153	79
277	79
294	79
301	79
303	79
306	79
80	80
150	80
151	80
267	80
276	80
295	80
296	80
300	80
307	80
81	81
149	81
267	81
274	81
275	81
297	81
299	81
82	82
148	82
256	82
267	82
272	82
273	82
276	82
298	82
83	83
147	83
256	83
267	83
270	83
271	83
277	83
299	83
84	84
146	84
255	84
265	84
266	84
268	84
269	84
299	84
85	85
145	85
255	85
264	85
300	85
86	86
144	86
255	86
260	86
262	86
263	86
301	86
87	87
144	87
252	87
254	87
256	87
257	87
258	87
259	87
261	87
88	88
144	88
251	88
253	88
89	89
144	89
249	89
250	89
90	90
144	90
247	90
248	90
91	91
144	91
145	91
146	91
147	91
148	91
149	91
150	91
151	91
152	91
153	91
154	91
155	91
156	91
157	91
158	91
159	91
160	91
161	91
162	91
163	91
164	91
165	91
166	91
167	91
168	91
169	91
170	91
171	91
172	91
173	91
174	91
175	91
176	91
177	91
178	91
179	91
180	91
181	91
182	91
183	91
184	91
185	91
186	91
187	91
188	91
189	91
190	91
191	91
192	91
193	91
194	91
195	91
196	91
197	91
198	91
199	91
200	91
201	91
202	91
203	91
204	91
205	91
206	91
207	91
208	91
209	91
210	91
211	91
212	91
213	91
214	91
215	91
216	91
217	91
218	91
219	91
220	91
221	91
222	91
223	91
224	91
225	91
226	91
227	91
228	91
229	91
230	91
231	91
232	91
233	91
234	91
235	91
236	91
237	91
239	91
240	91
242	91
246	91
92	92
142	92
143	92
238	92
241	92
243	92
244	92
245	92
93	93
140	93
141	93
245	93
94	94
138	94
139	94
246	94
95	95
136	95
137	95
247	95
248	95
96	96
134	96
135	96
249	96
250	96
251	96
252	96
253	96
255	96
257	96
270	96
97	97
133	97
254	97
256	97
258	97
259	97
260	97
269	97
98	98
132	98
261	98
262	98
268	98
99	99
131	99
263	99
264	99
265	99
266	99
267	99
268	99
308	99
309	99
310	99
100	100
130	100
269	100
307	100
101	101
130	101
305	101
306	101
102	102
130	102
304	102
103	103
130	103
303	103
104	104
130	104
303	104
105	105
130	105
276	105
278	105
303	105
106	106
130	106
131	106
132	106
133	106
134	106
135	106
136	106
137	106
138	106
139	106
140	106
141	106
142	106
143	106
144	106
145	106
146	106
147	106
148	106
149	106
150	106
151	106
152	106
153	106
154	106
155	106
156	106
157	106
158	106
159	106
160	106
161	106
162	106
163	106
164	106
165	106
166	106
167	106
168	106
169	106
170	106
171	106
172	106
173	106
174	106
175	106
176	106
177	106
178	106
179	106
180	106
181	106
182	106
183	106
184	106
185	106
186	106
187	106
188	106
189	106
190	106
191	106
192	106
193	106
194	106
195	106
196	106
197	106
198	106
199	106
200	106
201	106
202	106
203	106
204	106
205	106
206	106
207	106
208	106
209	106
210	106
211	106
212	106
213	106
214	106
215	106
216	106
217	106
218	106
219	106
220	106
221	106
222	106
223	106
224	106
225	106
226	106
227	106
228	106
229	106
230	106
231	106
232	106
234	106
235	106
236	106
237	106
238	106
239	106
240	106
241	106
243	106
245	106
273	106
274	106
275	106
277	106
279	106
280	106
281	106
299	106
301	106
302	106
303	106
304	106
305	106
306	106
107	107
128	107
129	107
233	107
242	107
244	107
246	107
248	107
249	107
250	107
252	107
254	107
256	107
258	107
265	107
266	107
271	107
272	107
282	107
284	107
286	107
289	107
291	107
293	107
295	107
296	107
297	107
298	107
300	107
303	107
307	107
308	107
309	107
310	107
312	107
108	108
126	108
127	108
244	108
247	108
251	108
253	108
255	108
257	108
259	108
260	108
261	108
264	108
267	108
268	108
270	108
280	108
281	108
283	108
285	108
287	108
288	108
290	108
292	108
294	108
303	108
311	108
109	109
124	109
125	109
244	109
247	109
262	109
263	109
269	109
270	109
276	109
277	109
278	109
279	109
303	109
311	109
110	110
122	110
123	110
244	110
247	110
264	110
265	110
268	110
271	110
272	110
273	110
274	110
275	110
303	110
311	110
111	111
120	111
121	111
266	111
267	111
304	111
311	111
318	111
112	112
119	112
305	112
307	112
315	112
316	112
317	112
319	112
323	112
324	112
113	113
118	113
288	113
306	113
308	113
309	113
310	113
312	113
314	113
114	114
117	114
287	114
289	114
311	114
313	114
315	114
115	115
116	115
286	115
116	116
285	116
117	117
278	117
284	117
117	118
277	118
285	118
118	119
259	119
264	119
266	119
267	119
268	119
269	119
270	119
271	119
272	119
273	119
274	119
275	119
276	119
285	119
298	119
299	119
300	119
118	120
257	120
258	120
260	120
261	120
263	120
265	120
277	120
278	120
280	120
285	120
297	120
301	120
303	120
307	120
119	121
120	121
121	121
122	121
123	121
124	121
125	121
126	121
127	121
128	121
129	121
130	121
131	121
132	121
133	121
134	121
135	121
136	121
137	121
138	121
139	121
140	121
141	121
142	121
143	121
144	121
145	121
146	121
147	121
148	121
149	121
150	121
151	121
152	121
153	121
154	121
155	121
156	121
157	121
158	121
159	121
160	121
161	121
162	121
163	121
164	121
165	121
166	121
167	121
168	121
169	121
170	121
171	121
172	121
173	121
174	121
175	121
176	121
177	121
178	121
179	121
180	121
181	121
182	121
183	121
184	121
185	121
186	121
187	121
188	121
189	121
190	121
191	121
192	121
193	121
194	121
195	121
196	121
197	121
198	121
199	121
200	121
201	121
202	121
203	121
204	121
205	121
206	121
207	121
208	121
209	121
210	121
211	121
212	121
213	121
214	121
215	121
216	121
217	121
218	121
219	121
220	121
221	121
222	121
223	121
224	121
225	121
226	121
227	121
228	121
229	121
230	121
231	121
232	121
233	121
234	121
235	121
236	121
237	121
238	121
239	121
240	121
241	121
242	121
243	121
244	121
245	121
246	121
247	121
248	121
249	121
250	121
251	121
253	121
254	121
255	121
256	121
262	121
279	121
281	121
283	121
284	121
286	121
296	121
300	121
302	121
304	121
305	121
306	121
118	122
252	122
262	122
282	122
287	122
288	122
296	122
297	122
298	122
299	122
118	123
252	123
261	123
289	123
290	123
291	123
292	123
294	123
295	123
117	124
252	124
260	124
293	124
296	124
117	125
253	125
254	125
259	125
296	125
116	126
255	126
258	126
297	126
116	127
256	127
258	127
298	127
116	128
257	128
259	128
299	128
116	129
260	129
300	129
116	130
261	130
117	131
117	132
118	133
118	134
119	135
235	135
269	135
270	135
271	135
272	135
273	135
274	135
276	135
120	136
121	136
122	136
123	136
124	136
125	136
126	136
127	136
128	136
129	136
130	136
131	136
132	136
133	136
134	136
135	136
136	136
137	136
138	136
139	136
140	136
141	136
142	136
143	136
144	136
145	136
146	136
147	136
148	136
149	136
150	136
151	136
152	136
153	136
154	136
155	136
156	136
157	136
158	136
159	136
160	136
161	136
162	136
163	136
164	136
165	136
166	136
167	136
168	136
169	136
170	136
171	136
172	136
173	136
174	136
175	136
176	136
177	136
178	136
179	136
180	136
181	136
182	136
183	136
184	136
185	136
186	136
187	136
188	136
189	136
190	136
191	136
192	136
193	136
194	136
195	136
196	136
197	136
198	136
199	136
200	136
201	136
202	136
203	136
204	136
205	136
206	136
207	136
208	136
209	136
210	136
211	136
212	136
213	136
214	136
215	136
216	136
217	136
218	136
219	136
220	136
221	136
222	136
223	136
224	136
225	136
226	136
227	136
228	136
229	136
230	136
231	136
232	136
233	136
234	136
236	136
237	136
238	136
239	136
240	136
242	136
264	136
268	136
275	136
277	136
278	136
305	136
119	137
241	137
243	137
244	137
245	137
246	137
248	137
263	137
265	137
266	137
267	137
279	137
280	137
302	137
305	137
312	137
314	137
118	138
247	138
249	138
251	138
253	138
261	138
262	138
267	138
281	138
282	138
283	138
284	138
301	138
303	138
304	138
306	138
311	138
313	138
118	139
250	139
252	139
254	139
255	139
256	139
257	139
259	139
260	139
267	139
268	139
269	139
274	139
285	139
286	139
287	139
289	139
290	139
292	139
300	139
307	139
310	139
117	140
258	140
261	140
262	140
265	140
266	140
270	140
271	140
275	140
288	140
291	140
293	140
294	140
295	140
296	140
298	140
300	140
308	140
309	140
311	140
117	141
263	141
264	141
272	141
297	141
299	141
312	141
314	141
116	142
300	142
313	142
117	143
300	143
116	144
301	144
117	145
301	145
304	145
117	146
302	146
303	146
118	147
304	147
118	148
119	149
235	149
240	149
120	150
121	150
122	150
123	150
124	150
125	150
126	150
127	150
128	150
129	150
130	150
131	150
132	150
133	150
134	150
135	150
136	150
137	150
138	150
139	150
140	150
141	150
142	150
143	150
144	150
145	150
146	150
147	150
148	150
149	150
150	150
151	150
152	150
153	150
154	150
155	150
156	150
157	150
158	150
159	150
160	150
161	150
162	150
163	150
164	150
165	150
166	150
167	150
168	150
169	150
170	150
171	150
172	150
173	150
174	150
175	150
176	150
177	150
178	150
179	150
180	150
181	150
182	150
183	150
184	150
185	150
186	150
187	150
188	150
189	150
190	150
191	150
192	150
193	150
194	150
195	150
196	150
197	150
198	150
199	150
200	150
201	150
202	150
203	150
204	150
205	150
206	150
207	150
208	150
209	150
210	150
211	150
212	150
213	150
214	150
215	150
216	150
217	150
218	150
219	150
220	150
221	150
222	150
223	150
224	150
225	150
226	150
227	150
228	150
229	150
230	150
231	150
232	150
233	150
234	150
236	150
237	150
238	150
239	150
241	150
242	150
243	150
245	150
246	150
247	150
248	150
119	151
244	151
249	151
250	151
254	151
255	151
257	151
118	152
251	152
253	152
256	152
258	152
260	152
270	152
271	152
272	152
273	152
275	152
276	152
277	152
118	153
252	153
259	153
261	153
262	153
264	153
268	153
269	153
274	153
117	154
252	154
263	154
265	154
267	154
274	154
117	155
253	155
266	155
274	155
117	156
267	156
275	156
117	157
267	157
117	158
268	158
118	159
269	159
270	159
272	159
118	160
271	160
273	160
119	161
246	161
119	162
242	162
245	162
120	163
121	163
122	163
123	163
124	163
125	163
126	163
127	163
128	163
129	163
130	163
131	163
132	163
133	163
134	163
135	163
136	163
137	163
138	163
139	163
140	163
141	163
142	163
143	163
144	163
145	163
146	163
147	163
148	163
149	163
150	163
151	163
152	163
153	163
154	163
155	163
156	163
157	163
158	163
159	163
160	163
161	163
162	163
163	163
164	163
165	163
166	163
167	163
168	163
169	163
170	163
171	163
172	163
173	163
174	163
175	163
176	163
177	163
178	163
179	163
180	163
181	163
182	163
183	163
184	163
185	163
186	163
187	163
188	163
189	163
190	163
191	163
192	163
193	163
194	163
195	163
196	163
197	163
198	163
199	163
200	163
201	163
202	163
203	163
204	163
205	163
206	163
207	163
208	163
209	163
210	163
211	163
212	163
213	163
214	163
215	163
216	163
217	163
218	163
219	163
220	163
221	163
222	163
223	163
224	163
225	163
226	163
227	163
228	163
229	163
230	163
231	163
232	163
233	163
234	163
235	163
236	163
237	163
238	163
239	163
240	163
241	163
243	163
244	163
119	164
245	164
119	165
246	165
118	166
118	167
117	168
117	169
263	169
117	170
261	170
262	170
117	171
258	171
260	171
307	171
308	171
117	172
255	172
256	172
257	172
259	172
306	172
118	173
254	173
306	173
118	174
253	174
267	174
305	174
119	175
252	175
266	175
268	175
301	175
303	175
304	175
120	176
121	176
122	176
123	176
124	176
125	176
126	176
127	176
128	176
129	176
130	176
131	176
132	176
133	176
134	176
135	176
136	176
137	176
138	176
139	176
140	176
141	176
142	176
143	176
144	176
145	176
146	176
147	176
148	176
149	176
150	176
151	176
152	176
153	176
154	176
155	176
156	176
157	176
158	176
159	176
160	176
161	176
162	176
163	176
164	176
165	176
166	176
167	176
168	176
169	176
170	176
171	176
172	176
173	176
174	176
175	176
176	176
177	176
178	176
179	176
180	176
181	176
182	176
183	176
184	176
185	176
186	176
187	176
188	176
189	176
190	176
191	176
192	176
193	176
194	176
195	176
196	176
197	176
198	176
199	176
200	176
201	176
202	176
203	176
204	176
205	176
206	176
207	176
208	176
209	176
210	176
211	176
212	176
213	176
214	176
215	176
216	176
217	176
218	176
219	176
220	176
221	176
222	176
223	176
224	176
225	176
226	176
227	176
228	176
229	176
230	176
231	176
232	176
233	176
239	176
245	176
247	176
249	176
250	176
251	176
252	176
265	176
300	176
302	176
119	177
234	177
235	177
236	177
237	177
238	177
240	177
241	177
242	177
243	177
244	177
246	177
248	177
253	177
254	177
264	177
299	177
118	178
255	178
256	178
264	178
298	178
118	179
257	179
259	179
262	179
264	179
270	179
271	179
272	179
274	179
275	179
297	179
318	179
117	180
258	180
260	180
261	180
263	180
264	180
268	180
269	180
273	180
296	180
317	180
117	181
265	181
266	181
267	181
274	181
294	181
295	181
296	181
316	181
116	182
265	182
275	182
293	182
297	182
313	182
315	182
117	183
265	183
290	183
291	183
292	183
298	183
312	183
314	183
116	184
266	184
288	184
289	184
297	184
298	184
311	184
315	184
117	185
267	185
285	185
286	185
295	185
296	185
299	185
300	185
301	185
310	185
316	185
116	186
283	186
284	186
294	186
299	186
302	186
309	186
117	187
280	187
281	187
282	187
293	187
299	187
302	187
308	187
117	188
275	188
277	188
278	188
279	188
290	188
292	188
300	188
301	188
303	188
307	188
309	188
118	189
247	189
248	189
249	189
250	189
251	189
252	189
254	189
256	189
272	189
273	189
274	189
276	189
291	189
302	189
304	189
306	189
310	189
118	190
245	190
246	190
253	190
255	190
257	190
258	190
260	190
262	190
264	190
266	190
267	190
268	190
269	190
270	190
271	190
290	190
305	190
311	190
119	191
120	191
121	191
122	191
123	191
124	191
125	191
126	191
127	191
128	191
129	191
130	191
131	191
132	191
133	191
134	191
135	191
136	191
137	191
138	191
139	191
140	191
141	191
142	191
143	191
144	191
145	191
146	191
147	191
148	191
149	191
150	191
151	191
152	191
153	191
154	191
155	191
156	191
157	191
158	191
159	191
160	191
161	191
162	191
163	191
164	191
165	191
166	191
167	191
168	191
169	191
170	191
171	191
172	191
173	191
174	191
175	191
176	191
177	191
178	191
179	191
180	191
181	191
182	191
183	191
184	191
185	191
186	191
187	191
188	191
189	191
190	191
191	191
192	191
193	191
194	191
195	191
196	191
197	191
198	191
199	191
200	191
201	191
202	191
203	191
204	191
205	191
206	191
207	191
208	191
209	191
210	191
211	191
212	191
213	191
214	191
215	191
216	191
217	191
218	191
219	191
220	191
221	191
222	191
223	191
224	191
225	191
226	191
227	191
228	191
229	191
230	191
231	191
232	191
233	191
234	191
235	191
237	191
240	191
244	191
259	191
261	191
263	191
265	191
289	191
312	191
118	192
236	192
238	192
239	192
241	192
243	192
288	192
311	192
313	192
118	193
242	193
288	193
117	194
243	194
287	194
117	195
243	195
286	195
116	196
244	196
285	196
116	197
245	197
284	197
116	198
283	198
116	199
282	199
116	200
274	200
276	200
278	200
279	200
281	200
117	201
269	201
270	201
271	201
272	201
273	201
275	201
277	201
280	201
282	201
117	202
261	202
263	202
264	202
265	202
266	202
267	202
268	202
282	202
118	203
260	203
262	203
283	203
118	204
258	204
259	204
284	204
293	204
119	205
242	205
244	205
251	205
254	205
255	205
256	205
257	205
285	205
289	205
291	205
292	205
120	206
121	206
122	206
123	206
124	206
125	206
126	206
127	206
128	206
129	206
130	206
131	206
132	206
133	206
134	206
135	206
136	206
137	206
138	206
139	206
140	206
141	206
142	206
143	206
144	206
145	206
146	206
147	206
148	206
149	206
150	206
151	206
152	206
153	206
154	206
155	206
156	206
157	206
158	206
159	206
160	206
161	206
162	206
163	206
164	206
165	206
166	206
167	206
168	206
169	206
170	206
171	206
172	206
173	206
174	206
175	206
176	206
177	206
178	206
179	206
180	206
181	206
182	206
183	206
184	206
185	206
186	206
187	206
188	206
189	206
190	206
191	206
192	206
193	206
194	206
195	206
196	206
197	206
198	206
199	206
200	206
201	206
202	206
203	206
204	206
205	206
206	206
207	206
208	206
209	206
210	206
211	206
212	206
213	206
214	206
215	206
216	206
217	206
218	206
219	206
220	206
221	206
222	206
223	206
224	206
225	206
226	206
227	206
228	206
229	206
230	206
231	206
232	206
233	206
234	206
236	206
237	206
238	206
239	206
240	206
241	206
243	206
245	206
246	206
247	206
248	206
249	206
250	206
252	206
253	206
286	206
287	206
288	206
290	206
119	207
235	207
118	208
118	209
117	210
117	211
116	212
116	213
116	214
269	214
270	214
271	214
296	214
305	214
116	215
268	215
295	215
305	215
116	216
267	216
294	216
304	216
117	217
268	217
292	217
293	217
302	217
303	217
117	218
267	218
291	218
301	218
303	218
118	219
248	219
250	219
252	219
267	219
290	219
300	219
304	219
118	220
234	220
236	220
238	220
239	220
241	220
242	220
243	220
244	220
245	220
246	220
247	220
249	220
251	220
253	220
254	220
255	220
256	220
257	220
258	220
259	220
260	220
261	220
267	220
289	220
299	220
311	220
119	221
120	221
121	221
122	221
123	221
124	221
125	221
126	221
127	221
128	221
129	221
130	221
131	221
132	221
133	221
134	221
135	221
136	221
137	221
138	221
139	221
140	221
141	221
142	221
143	221
144	221
145	221
146	221
147	221
148	221
149	221
150	221
151	221
152	221
153	221
154	221
155	221
156	221
157	221
158	221
159	221
160	221
161	221
162	221
163	221
164	221
165	221
166	221
167	221
168	221
169	221
170	221
171	221
172	221
173	221
174	221
175	221
176	221
177	221
178	221
179	221
180	221
181	221
182	221
183	221
184	221
185	221
186	221
187	221
188	221
189	221
190	221
191	221
192	221
193	221
194	221
195	221
196	221
197	221
198	221
199	221
200	221
201	221
202	221
203	221
204	221
205	221
206	221
207	221
208	221
209	221
210	221
211	221
212	221
213	221
214	221
215	221
216	221
217	221
218	221
219	221
220	221
221	221
222	221
223	221
224	221
225	221
226	221
227	221
228	221
229	221
230	221
231	221
232	221
233	221
235	221
237	221
240	221
262	221
263	221
264	221
265	221
266	221
268	221
269	221
270	221
272	221
274	221
276	221
286	221
287	221
288	221
290	221
291	221
299	221
306	221
307	221
308	221
310	221
312	221
118	222
271	222
273	222
275	222
277	222
278	222
279	222
281	222
283	222
285	222
292	222
299	222
303	222
304	222
309	222
118	223
280	223
282	223
284	223
293	223
294	223
295	223
296	223
297	223
298	223
300	223
302	223
117	224
301	224
117	225
301	225
116	226
302	226
116	227
303	227
304	227
115	228
305	228
116	229
116	230
117	231
117	232
286	232
118	233
256	233
257	233
258	233
259	233
260	233
261	233
262	233
263	233
265	233
266	233
267	233
268	233
270	233
286	233
288	233
292	233
118	234
254	234
255	234
264	234
269	234
271	234
272	234
273	234
286	234
287	234
289	234
290	234
291	234
119	235
120	235
121	235
122	235
123	235
124	235
125	235
126	235
127	235
128	235
129	235
130	235
131	235
132	235
133	235
134	235
135	235
136	235
137	235
138	235
139	235
140	235
141	235
142	235
143	235
144	235
145	235
146	235
147	235
148	235
149	235
150	235
151	235
152	235
153	235
154	235
155	235
156	235
157	235
158	235
159	235
160	235
161	235
162	235
163	235
164	235
165	235
166	235
167	235
168	235
169	235
170	235
171	235
172	235
173	235
174	235
175	235
176	235
177	235
178	235
179	235
180	235
181	235
182	235
183	235
184	235
185	235
186	235
187	235
188	235
189	235
190	235
191	235
192	235
193	235
194	235
195	235
196	235
197	235
198	235
199	235
200	235
201	235
202	235
203	235
204	235
205	235
206	235
207	235
208	235
209	235
210	235
211	235
212	235
213	235
214	235
215	235
216	235
217	235
218	235
219	235
220	235
221	235
222	235
223	235
224	235
225	235
226	235
227	235
228	235
229	235
230	235
231	235
232	235
233	235
235	235
237	235
239	235
241	235
242	235
243	235
244	235
246	235
247	235
248	235
249	235
250	235
251	235
253	235
274	235
275	235
276	235
284	235
285	235
291	235
118	236
234	236
236	236
238	236
240	236
245	236
252	236
277	236
278	236
279	236
281	236
283	236
292	236
294	236
298	236
300	236
301	236
118	237
252	237
280	237
282	237
293	237
295	237
296	237
297	237
299	237
117	238
252	238
283	238
117	239
252	239
284	239
116	240
253	240
285	240
116	241
253	241
286	241
115	242
116	243
115	244
307	244
308	244
116	245
306	245
116	246
306	246
311	246
117	247
250	247
306	247
307	247
310	247
117	248
249	248
305	248
308	248
309	248
118	249
248	249
297	249
299	249
304	249
310	249
118	250
234	250
236	250
238	250
240	250
243	250
245	250
247	250
262	250
264	250
266	250
268	250
269	250
270	250
272	250
292	250
294	250
296	250
298	250
300	250
301	250
302	250
303	250
119	251
120	251
121	251
122	251
123	251
124	251
125	251
126	251
127	251
128	251
129	251
130	251
131	251
132	251
133	251
134	251
135	251
136	251
137	251
138	251
139	251
140	251
141	251
142	251
143	251
144	251
145	251
146	251
147	251
148	251
149	251
150	251
151	251
152	251
153	251
154	251
155	251
156	251
157	251
158	251
159	251
160	251
161	251
162	251
163	251
164	251
165	251
166	251
167	251
168	251
169	251
170	251
171	251
172	251
173	251
174	251
175	251
176	251
177	251
178	251
179	251
180	251
181	251
182	251
183	251
184	251
185	251
186	251
187	251
188	251
189	251
190	251
191	251
192	251
193	251
194	251
195	251
196	251
197	251
198	251
199	251
200	251
201	251
202	251
203	251
204	251
205	251
206	251
207	251
208	251
209	251
210	251
211	251
212	251
213	251
214	251
215	251
216	251
217	251
218	251
219	251
220	251
221	251
222	251
223	251
224	251
225	251
226	251
227	251
228	251
229	251
230	251
231	251
232	251
233	251
235	251
237	251
239	251
241	251
242	251
244	251
246	251
248	251
259	251
260	251
261	251
263	251
265	251
267	251
271	251
273	251
274	251
275	251
277	251
285	251
287	251
289	251
290	251
291	251
293	251
295	251
303	251
316	251
118	252
249	252
250	252
251	252
252	252
253	252
255	252
256	252
257	252
258	252
276	252
278	252
280	252
282	252
283	252
284	252
286	252
288	252
304	252
315	252
118	253
254	253
279	253
281	253
305	253
306	253
308	253
309	253
310	253
311	253
312	253
313	253
314	253
117	254
307	254
315	254
117	255
116	256
116	257
115	258
266	258
268	258
116	259
265	259
267	259
269	259
270	259
116	260
263	260
264	260
271	260
117	261
260	261
262	261
272	261
274	261
294	261
117	262
259	262
261	262
271	262
273	262
275	262
292	262
293	262
295	262
297	262
298	262
299	262
309	262
118	263
257	263
258	263
262	263
270	263
276	263
277	263
291	263
296	263
308	263
310	263
118	264
256	264
263	264
264	264
269	264
278	264
279	264
281	264
282	264
283	264
284	264
285	264
286	264
287	264
288	264
291	264
295	264
303	264
304	264
305	264
307	264
315	264
317	264
119	265
120	265
121	265
122	265
123	265
124	265
125	265
126	265
127	265
128	265
129	265
130	265
131	265
132	265
133	265
134	265
135	265
136	265
137	265
138	265
139	265
140	265
141	265
142	265
143	265
144	265
145	265
146	265
147	265
148	265
149	265
150	265
151	265
152	265
153	265
154	265
155	265
156	265
157	265
158	265
159	265
160	265
161	265
162	265
163	265
164	265
165	265
166	265
167	265
168	265
169	265
170	265
171	265
172	265
173	265
174	265
175	265
176	265
177	265
178	265
179	265
180	265
181	265
182	265
183	265
184	265
185	265
186	265
187	265
188	265
189	265
190	265
191	265
192	265
193	265
194	265
195	265
196	265
197	265
198	265
199	265
200	265
201	265
202	265
203	265
204	265
205	265
206	265
207	265
208	265
209	265
210	265
211	265
212	265
213	265
214	265
215	265
216	265
217	265
218	265
219	265
220	265
221	265
222	265
223	265
224	265
225	265
226	265
227	265
228	265
229	265
230	265
231	265
232	265
233	265
235	265
236	265
237	265
238	265
240	265
242	265
244	265
246	265
254	265
255	265
265	265
266	265
267	265
268	265
280	265
289	265
290	265
291	265
293	265
294	265
306	265
308	265
310	265
312	265
314	265
316	265
118	266
234	266
239	266
241	266
243	266
245	266
247	266
248	266
249	266
250	266
251	266
252	266
253	266
292	266
309	266
311	266
313	266
118	267
253	267
260	267
293	267
117	268
253	268
259	268
294	268
117	269
254	269
255	269
259	269
294	269
295	269
296	269
297	269
116	270
256	270
258	270
259	270
293	270
116	271
257	271
260	271
115	272
116	273
116	274
117	275
117	276
118	277
117	278
119	278
120	278
116	279
121	279
122	279
123	279
124	279
125	279
126	279
127	279
128	279
129	279
130	279
131	279
132	279
133	279
134	279
135	279
136	279
137	279
138	279
139	279
140	279
141	279
142	279
143	279
144	279
145	279
146	279
147	279
148	279
149	279
150	279
151	279
152	279
153	279
154	279
155	279
156	279
157	279
158	279
159	279
160	279
161	279
162	279
163	279
164	279
165	279
166	279
167	279
168	279
169	279
170	279
171	279
172	279
173	279
174	279
175	279
176	279
177	279
178	279
179	279
180	279
181	279
182	279
183	279
184	279
185	279
186	279
187	279
188	279
189	279
190	279
191	279
192	279
193	279
194	279
195	279
196	279
197	279
198	279
199	279
200	279
201	279
202	279
203	279
204	279
205	279
206	279
207	279
208	279
209	279
210	279
211	279
212	279
213	279
214	279
215	279
216	279
217	279
218	279
219	279
220	279
221	279
222	279
223	279
224	279
225	279
226	279
227	279
228	279
229	279
230	279
231	279
232	279
235	279
240	279
242	279
244	279
246	279
248	279
249	279
250	279
251	279
252	279
253	279
115	280
121	280
233	280
234	280
236	280
237	280
238	280
239	280
241	280
243	280
245	280
247	280
254	280
255	280
260	280
262	280
264	280
266	280
292	280
293	280
305	280
114	281
121	281
256	281
257	281
258	281
259	281
261	281
263	281
265	281
267	281
269	281
275	281
276	281
277	281
278	281
279	281
280	281
281	281
291	281
305	281
113	282
121	282
268	282
270	282
274	282
282	282
283	282
284	282
291	282
302	282
304	282
306	282
307	282
112	283
121	283
271	283
273	283
285	283
286	283
291	283
301	283
303	283
308	283
309	283
310	283
111	284
121	284
272	284
287	284
288	284
289	284
291	284
292	284
300	284
303	284
311	284
110	285
122	285
273	285
290	285
293	285
295	285
297	285
299	285
304	285
109	286
123	286
273	286
290	286
294	286
296	286
298	286
108	287
124	287
248	287
258	287
263	287
274	287
290	287
299	287
107	288
125	288
247	288
259	288
261	288
262	288
275	288
276	288
277	288
278	288
279	288
289	288
300	288
106	289
126	289
246	289
260	289
301	289
303	289
304	289
306	289
105	290
127	290
128	290
245	290
256	290
259	290
302	290
305	290
307	290
104	291
129	291
130	291
245	291
257	291
258	291
302	291
103	292
131	292
132	292
244	292
257	292
303	292
102	293
133	293
134	293
244	293
256	293
101	294
135	294
136	294
233	294
234	294
236	294
238	294
240	294
243	294
244	294
255	294
100	295
137	295
138	295
139	295
140	295
141	295
142	295
143	295
144	295
145	295
146	295
147	295
148	295
149	295
150	295
151	295
152	295
153	295
154	295
155	295
156	295
157	295
158	295
159	295
160	295
161	295
162	295
163	295
164	295
165	295
166	295
167	295
168	295
169	295
170	295
171	295
172	295
173	295
174	295
175	295
176	295
177	295
178	295
179	295
180	295
181	295
182	295
183	295
184	295
185	295
186	295
187	295
188	295
189	295
190	295
191	295
192	295
193	295
194	295
195	295
196	295
197	295
198	295
199	295
200	295
201	295
202	295
203	295
204	295
205	295
206	295
207	295
208	295
209	295
210	295
211	295
212	295
213	295
214	295
215	295
216	295
217	295
218	295
219	295
220	295
221	295
222	295
223	295
224	295
225	295
226	295
227	295
228	295
229	295
230	295
231	295
232	295
235	295
237	295
239	295
241	295
242	295
245	295
246	295
254	295
265	295
99	296
137	296
247	296
254	296
264	296
266	296
267	296
98	297
137	297
248	297
249	297
253	297
255	297
262	297
263	297
268	297
97	298
137	298
250	298
251	298
252	298
256	298
261	298
96	299
137	299
257	299
258	299
260	299
95	300
137	300
259	300
261	300
94	301
138	301
262	301
93	302
139	302
263	302
92	303
140	303
264	303
91	304
141	304
142	304
283	304
90	305
143	305
144	305
283	305
291	305
89	306
145	306
146	306
283	306
289	306
290	306
292	306
294	306
296	306
88	307
147	307
148	307
283	307
284	307
288	307
293	307
295	307
87	308
149	308
150	308
281	308
282	308
285	308
287	308
296	308
86	309
151	309
152	309
235	309
237	309
280	309
286	309
85	310
153	310
154	310
155	310
156	310
157	310
158	310
159	310
160	310
161	310
162	310
163	310
164	310
165	310
166	310
167	310
168	310
169	310
170	310
171	310
172	310
173	310
174	310
175	310
176	310
177	310
178	310
179	310
180	310
181	310
182	310
183	310
184	310
185	310
186	310
187	310
188	310
189	310
190	310
191	310
192	310
193	310
194	310
195	310
196	310
197	310
198	310
199	310
200	310
201	310
202	310
203	310
204	310
205	310
206	310
207	310
208	310
209	310
210	310
211	310
212	310
213	310
214	310
215	310
216	310
217	310
218	310
219	310
220	310
221	310
222	310
223	310
224	310
225	310
226	310
227	310
228	310
229	310
230	310
231	310
232	310
233	310
234	310
236	310
238	310
239	310
240	310
241	310
242	310
243	310
276	310
277	310
278	310
279	310
287	310
84	311
153	311
244	311
246	311
248	311
249	311
250	311
251	311
252	311
253	311
254	311
255	311
256	311
258	311
260	311
263	311
265	311
267	311
269	311
270	311
271	311
272	311
273	311
274	311
275	311
288	311
292	311
83	312
153	312
245	312
247	312
257	312
259	312
261	312
262	312
264	312
266	312
268	312
289	312
291	312
82	313
153	313
290	313
81	314
153	314
290	314
80	315
153	315
290	315
79	316
154	316
291	316
78	317
155	317
77	318
156	318
76	319
157	319
158	319
312	319
75	320
159	320
160	320
310	320
311	320
74	321
161	321
162	321
309	321
73	322
163	322
164	322
264	322
266	322
308	322
72	323
165	323
166	323
235	323
254	323
256	323
258	323
259	323
260	323
261	323
262	323
263	323
265	323
267	323
268	323
269	323
271	323
273	323
275	323
307	323
71	324
167	324
168	324
169	324
170	324
171	324
172	324
173	324
174	324
175	324
176	324
177	324
178	324
179	324
180	324
181	324
182	324
183	324
184	324
185	324
186	324
187	324
188	324
189	324
190	324
191	324
192	324
193	324
194	324
195	324
196	324
197	324
198	324
199	324
200	324
201	324
202	324
203	324
204	324
205	324
206	324
207	324
208	324
209	324
210	324
211	324
212	324
213	324
214	324
215	324
216	324
217	324
218	324
219	324
220	324
221	324
222	324
223	324
224	324
225	324
226	324
227	324
228	324
229	324
230	324
231	324
232	324
233	324
234	324
236	324
237	324
238	324
239	324
240	324
241	324
243	324
245	324
247	324
249	324
250	324
251	324
252	324
253	324
255	324
257	324
270	324
272	324
274	324
276	324
278	324
301	324
303	324
304	324
306	324
70	325
167	325
242	325
244	325
246	325
248	325
277	325
279	325
280	325
281	325
282	325
283	325
284	325
285	325
286	325
287	325
288	325
290	325
292	325
294	325
296	325
298	325
300	325
302	325
305	325
307	325
319	325
320	325
321	325
322	325
69	326
167	326
289	326
291	326
293	326
295	326
297	326
299	326
308	326
315	326
316	326
317	326
318	326
323	326
68	327
167	327
309	327
310	327
311	327
312	327
314	327
318	327
67	328
167	328
313	328
319	328
66	329
167	329
313	329
320	329
321	329
65	330
168	330
314	330
315	330
64	331
169	331
316	331
63	332
170	332
62	333
171	333
172	333
61	334
173	334
174	334
281	334
290	334
297	334
304	334
60	335
175	335
176	335
256	335
280	335
290	335
298	335
302	335
303	335
59	336
177	336
178	336
254	336
255	336
257	336
279	336
280	336
287	336
289	336
298	336
301	336
58	337
179	337
180	337
235	337
251	337
252	337
253	337
258	337
278	337
281	337
282	337
284	337
285	337
286	337
288	337
290	337
297	337
299	337
300	337
57	338
181	338
182	338
183	338
184	338
185	338
186	338
187	338
188	338
189	338
190	338
191	338
192	338
193	338
194	338
195	338
196	338
197	338
198	338
199	338
200	338
201	338
202	338
203	338
204	338
205	338
206	338
207	338
208	338
209	338
210	338
211	338
212	338
213	338
214	338
215	338
216	338
217	338
218	338
219	338
220	338
221	338
222	338
223	338
224	338
225	338
226	338
227	338
228	338
229	338
230	338
231	338
232	338
233	338
234	338
236	338
237	338
238	338
239	338
240	338
241	338
242	338
243	338
244	338
245	338
246	338
247	338
248	338
249	338
250	338
253	338
276	338
277	338
283	338
291	338
292	338
294	338
296	338
301	338
56	339
181	339
254	339
255	339
263	339
265	339
273	339
274	339
275	339
293	339
295	339
302	339
304	339
55	340
181	340
256	340
257	340
259	340
260	340
261	340
262	340
264	340
266	340
267	340
268	340
269	340
270	340
271	340
272	340
287	340
288	340
295	340
303	340
305	340
54	341
181	341
258	341
282	341
283	341
284	341
285	341
286	341
296	341
53	342
181	342
297	342
299	342
52	343
181	343
298	343
51	344
181	344
299	344
50	345
182	345
49	346
183	346
184	346
278	346
48	347
185	347
186	347
277	347
47	348
187	348
188	348
277	348
46	349
189	349
190	349
276	349
45	350
191	350
192	350
276	350
44	351
193	351
194	351
251	351
252	351
253	351
254	351
255	351
256	351
258	351
275	351
277	351
43	352
195	352
196	352
197	352
198	352
199	352
200	352
201	352
202	352
203	352
204	352
205	352
206	352
207	352
208	352
209	352
210	352
211	352
212	352
213	352
214	352
215	352
216	352
217	352
218	352
219	352
220	352
221	352
222	352
223	352
224	352
225	352
226	352
227	352
228	352
229	352
230	352
231	352
232	352
233	352
234	352
236	352
238	352
240	352
242	352
249	352
250	352
257	352
259	352
260	352
267	352
269	352
274	352
278	352
286	352
42	353
195	353
235	353
237	353
239	353
241	353
243	353
244	353
245	353
246	353
247	353
248	353
261	353
262	353
263	353
264	353
265	353
266	353
268	353
270	353
271	353
273	353
279	353
283	353
284	353
285	353
41	354
195	354
272	354
280	354
281	354
282	354
286	354
40	355
195	355
273	355
39	356
195	356
273	356
38	357
195	357
274	357
37	358
195	358
274	358
36	359
196	359
275	359
35	360
197	360
293	360
295	360
296	360
34	361
198	361
292	361
294	361
33	362
199	362
200	362
291	362
32	363
201	363
202	363
291	363
292	363
31	364
203	364
204	364
264	364
283	364
290	364
293	364
30	365
205	365
206	365
253	365
263	365
283	365
286	365
289	365
29	366
207	366
208	366
239	366
241	366
243	366
252	366
262	366
283	366
284	366
285	366
287	366
288	366
289	366
302	366
303	366
28	367
209	367
210	367
211	367
212	367
213	367
214	367
215	367
216	367
217	367
218	367
219	367
220	367
221	367
222	367
223	367
224	367
225	367
226	367
227	367
228	367
229	367
230	367
231	367
232	367
233	367
234	367
235	367
236	367
237	367
238	367
240	367
242	367
244	367
245	367
246	367
248	367
249	367
250	367
251	367
252	367
261	367
263	367
264	367
277	367
282	367
290	367
301	367
304	367
27	368
209	368
247	368
253	368
254	368
256	368
259	368
260	368
265	368
268	368
272	368
273	368
274	368
275	368
276	368
278	368
279	368
281	368
291	368
293	368
294	368
295	368
296	368
298	368
299	368
300	368
26	369
209	369
255	369
257	369
258	369
266	369
267	369
269	369
270	369
271	369
280	369
292	369
297	369
301	369
304	369
305	369
306	369
307	369
25	370
209	370
280	370
285	370
291	370
302	370
303	370
24	371
209	371
281	371
282	371
284	371
23	372
209	372
283	372
22	373
210	373
283	373
21	374
211	374
284	374
285	374
286	374
20	375
212	375
19	376
213	376
214	376
18	377
215	377
216	377
17	378
217	378
218	378
16	379
219	379
220	379
15	380
221	380
222	380
14	381
223	381
224	381
235	381
237	381
238	381
239	381
240	381
241	381
242	381
270	381
271	381
273	381
13	382
225	382
226	382
227	382
228	382
229	382
230	382
231	382
232	382
233	382
234	382
236	382
243	382
244	382
250	382
253	382
255	382
256	382
257	382
259	382
266	382
267	382
268	382
269	382
272	382
274	382
276	382
287	382
12	383
225	383
245	383
246	383
248	383
249	383
251	383
252	383
254	383
258	383
260	383
261	383
262	383
263	383
265	383
272	383
275	383
277	383
280	383
285	383
286	383
288	383
11	384
225	384
247	384
264	384
272	384
278	384
279	384
281	384
283	384
284	384
10	385
225	385
282	385
9	386
225	386
283	386
8	387
225	387
284	387
285	387
288	387
7	388
225	388
286	388
287	388
6	389
226	389
286	389
5	390
227	390
228	390
287	390
4	391
229	391
230	391
3	392
231	392
232	392
2	393
233	393
234	393
250	393
252	393
1	394
235	394
236	394
237	394
238	394
239	394
240	394
241	394
242	394
243	394
244	394
245	394
246	394
247	394
248	394
249	394
251	394
253	394
254	394
255	394
256	394
