188	1
196	1
197	1
198	1
200	1
206	1
208	1
213	1
214	1
215	1
216	1
218	1
220	1
251	1
255	1
256	1
326	1
2	2
187	2
199	2
201	2
202	2
204	2
205	2
207	2
217	2
219	2
221	2
222	2
223	2
224	2
225	2
226	2
228	2
230	2
324	2
325	2
327	2
391	2
3	3
186	3
203	3
227	3
229	3
231	3
232	3
234	3
322	3
323	3
391	3
4	4
185	4
204	4
233	4
235	4
236	4
318	4
320	4
321	4
324	4
389	4
390	4
5	5
184	5
237	5
238	5
317	5
319	5
386	5
387	5
6	6
184	6
239	6
314	6
316	6
7	7
184	7
240	7
242	7
243	7
244	7
245	7
312	7
313	7
315	7
363	7
8	8
184	8
241	8
246	8
273	8
274	8
275	8
276	8
278	8
279	8
281	8
282	8
283	8
284	8
285	8
306	8
308	8
309	8
310	8
311	8
9	9
184	9
241	9
247	9
277	9
280	9
299	9
300	9
301	9
302	9
303	9
304	9
305	9
307	9
362	9
10	10
184	10
240	10
246	10
248	10
249	10
277	10
280	10
296	10
297	10
298	10
361	10
11	11
184	11
239	11
245	11
250	11
277	11
280	11
293	11
294	11
295	11
362	11
12	12
182	12
183	12
185	12
186	12
187	12
239	12
244	12
251	12
277	12
280	12
290	12
291	12
292	12
361	12
13	13
180	13
181	13
188	13
190	13
239	13
243	13
251	13
277	13
280	13
286	13
288	13
289	13
361	13
14	14
178	14
179	14
189	14
191	14
192	14
193	14
194	14
196	14
198	14
200	14
202	14
204	14
205	14
206	14
207	14
209	14
239	14
242	14
251	14
277	14
280	14
281	14
282	14
283	14
284	14
285	14
287	14
358	14
360	14
361	14
15	15
176	15
177	15
195	15
197	15
199	15
201	15
203	15
208	15
210	15
211	15
212	15
213	15
238	15
240	15
241	15
250	15
251	15
277	15
278	15
279	15
347	15
349	15
351	15
352	15
353	15
354	15
355	15
356	15
357	15
359	15
362	15
378	15
379	15
16	16
174	16
175	16
214	16
215	16
216	16
217	16
218	16
219	16
220	16
221	16
222	16
223	16
224	16
225	16
226	16
227	16
228	16
230	16
232	16
234	16
236	16
237	16
242	16
243	16
248	16
249	16
252	16
253	16
254	16
255	16
276	16
345	16
346	16
348	16
350	16
363	16
364	16
372	16
374	16
376	16
377	16
380	16
17	17
172	17
173	17
229	17
231	17
233	17
235	17
244	17
245	17
246	17
247	17
256	17
257	17
258	17
260	17
262	17
264	17
266	17
274	17
275	17
342	17
343	17
344	17
365	17
366	17
367	17
368	17
369	17
370	17
371	17
373	17
375	17
380	17
18	18
170	18
171	18
259	18
261	18
263	18
265	18
267	18
268	18
269	18
270	18
272	18
273	18
341	18
381	18
19	19
168	19
169	19
271	19
339	19
340	19
20	20
166	20
167	20
271	20
331	20
333	20
334	20
335	20
336	20
338	20
380	20
21	21
164	21
165	21
271	21
314	21
316	21
317	21
318	21
319	21
321	21
329	21
330	21
332	21
337	21
22	22
162	22
163	22
272	22
311	22
312	22
313	22
315	22
320	22
322	22
324	22
326	22
328	22
337	22
23	23
160	23
161	23
273	23
305	23
306	23
307	23
308	23
309	23
310	23
323	23
325	23
327	23
338	23
24	24
159	24
274	24
300	24
302	24
303	24
304	24
25	25
158	25
275	25
298	25
299	25
301	25
26	26
157	26
276	26
282	26
284	26
286	26
288	26
289	26
290	26
291	26
292	26
293	26
294	26
295	26
296	26
297	26
27	27
156	27
275	27
277	27
278	27
279	27
280	27
281	27
283	27
285	27
287	27
28	28
156	28
221	28
273	28
274	28
29	29
156	29
219	29
220	29
222	29
223	29
224	29
225	29
242	29
244	29
246	29
248	29
250	29
252	29
254	29
256	29
258	29
271	29
272	29
30	30
156	30
217	30
218	30
226	30
227	30
230	30
232	30
234	30
235	30
237	30
238	30
239	30
240	30
241	30
243	30
245	30
247	30
249	30
251	30
253	30
255	30
257	30
259	30
260	30
261	30
268	30
270	30
31	31
156	31
216	31
228	31
229	31
231	31
233	31
236	31
262	31
263	31
264	31
265	31
266	31
267	31
269	31
32	32
156	32
184	32
185	32
186	32
187	32
188	32
189	32
190	32
191	32
192	32
193	32
194	32
196	32
198	32
200	32
202	32
204	32
206	32
207	32
209	32
214	32
215	32
33	33
156	33
157	33
158	33
159	33
160	33
161	33
162	33
163	33
164	33
165	33
166	33
167	33
168	33
169	33
170	33
171	33
172	33
173	33
174	33
175	33
176	33
177	33
178	33
179	33
180	33
181	33
182	33
183	33
195	33
197	33
199	33
201	33
203	33
205	33
208	33
210	33
211	33
213	33
34	34
154	34
155	34
212	34
35	35
152	35
153	35
212	35
36	36
150	36
151	36
213	36
37	37
148	37
149	37
214	37
38	38
146	38
147	38
214	38
39	39
145	39
214	39
40	40
144	40
214	40
41	41
144	41
42	42
144	42
43	43
144	43
286	43
44	44
144	44
277	44
285	44
45	45
144	45
277	45
284	45
376	45
46	46
144	46
187	46
197	46
199	46
201	46
225	46
277	46
283	46
374	46
375	46
47	47
144	47
145	47
146	47
147	47
148	47
149	47
150	47
151	47
152	47
153	47
154	47
155	47
156	47
157	47
158	47
159	47
160	47
161	47
162	47
163	47
164	47
165	47
166	47
167	47
168	47
169	47
170	47
171	47
172	47
173	47
174	47
175	47
176	47
177	47
178	47
179	47
180	47
181	47
182	47
183	47
184	47
185	47
186	47
188	47
189	47
190	47
192	47
194	47
195	47
196	47
198	47
200	47
202	47
203	47
204	47
205	47
206	47
207	47
209	47
220	47
222	47
223	47
224	47
226	47
227	47
228	47
230	47
232	47
272	47
274	47
277	47
283	47
372	47
373	47
48	48
142	48
143	48
191	48
193	48
208	48
210	48
211	48
212	48
213	48
214	48
215	48
216	48
217	48
218	48
219	48
221	48
229	48
231	48
233	48
235	48
270	48
271	48
273	48
275	48
276	48
278	48
280	48
283	48
371	48
381	48
49	49
140	49
141	49
234	49
236	49
237	49
238	49
240	49
242	49
244	49
246	49
248	49
269	49
279	49
281	49
283	49
354	49
370	49
379	49
380	49
50	50
138	50
139	50
239	50
241	50
243	50
245	50
247	50
249	50
250	50
251	50
252	50
253	50
254	50
267	50
268	50
282	50
283	50
351	50
353	50
355	50
356	50
357	50
358	50
359	50
360	50
361	50
363	50
368	50
370	50
376	50
377	50
378	50
421	50
51	51
136	51
137	51
255	51
256	51
266	51
284	51
350	51
352	51
362	51
364	51
365	51
366	51
367	51
369	51
371	51
373	51
374	51
375	51
420	51
52	52
134	52
135	52
257	52
258	52
264	52
265	52
285	52
286	52
348	52
349	52
372	52
421	52
53	53
132	53
133	53
259	53
260	53
262	53
263	53
287	53
288	53
347	53
373	53
374	53
375	53
421	53
54	54
131	54
261	54
289	54
291	54
316	54
318	54
320	54
322	54
324	54
346	54
376	54
420	54
55	55
130	55
259	55
260	55
261	55
290	55
292	55
294	55
296	55
298	55
310	55
312	55
313	55
314	55
315	55
317	55
319	55
321	55
323	55
325	55
326	55
327	55
328	55
329	55
345	55
377	55
383	55
417	55
418	55
419	55
56	56
130	56
257	56
258	56
262	56
293	56
295	56
297	56
299	56
300	56
309	56
311	56
330	56
331	56
332	56
333	56
334	56
335	56
336	56
337	56
338	56
340	56
343	56
344	56
378	56
381	56
382	56
414	56
415	56
416	56
57	57
130	57
240	57
242	57
244	57
246	57
248	57
250	57
252	57
254	57
255	57
256	57
263	57
264	57
301	57
302	57
307	57
308	57
339	57
341	57
342	57
344	57
379	57
380	57
413	57
58	58
130	58
202	58
204	58
206	58
227	58
229	58
231	58
233	58
235	58
237	58
239	58
241	58
243	58
245	58
247	58
249	58
251	58
253	58
265	58
276	58
303	58
304	58
306	58
344	58
380	58
412	58
59	59
130	59
198	59
199	59
200	59
201	59
203	59
205	59
207	59
208	59
209	59
210	59
211	59
212	59
213	59
214	59
215	59
216	59
217	59
218	59
219	59
220	59
221	59
222	59
223	59
224	59
225	59
226	59
228	59
230	59
232	59
234	59
236	59
238	59
266	59
267	59
276	59
305	59
344	59
381	59
411	59
60	60
130	60
194	60
196	60
197	60
268	60
269	60
276	60
292	60
305	60
345	60
381	60
410	60
61	61
130	61
131	61
132	61
133	61
134	61
135	61
136	61
137	61
138	61
139	61
140	61
141	61
142	61
143	61
144	61
145	61
146	61
147	61
148	61
149	61
150	61
151	61
152	61
153	61
154	61
155	61
156	61
157	61
158	61
159	61
160	61
161	61
162	61
163	61
164	61
165	61
166	61
167	61
168	61
169	61
170	61
171	61
172	61
173	61
174	61
175	61
176	61
177	61
178	61
179	61
180	61
181	61
182	61
183	61
184	61
185	61
187	61
189	61
190	61
191	61
192	61
193	61
195	61
270	61
271	61
272	61
273	61
274	61
276	61
278	61
280	61
292	61
304	61
346	61
409	61
62	62
128	62
129	62
186	62
188	62
275	62
277	62
279	62
281	62
282	62
283	62
284	62
285	62
286	62
292	62
303	62
347	62
408	62
63	63
126	63
127	63
287	63
288	63
289	63
290	63
292	63
302	63
346	63
348	63
349	63
407	63
64	64
124	64
125	64
291	64
293	64
294	64
295	64
296	64
297	64
298	64
300	64
301	64
344	64
345	64
350	64
351	64
352	64
353	64
354	64
406	64
65	65
122	65
123	65
299	65
302	65
355	65
406	65
66	66
120	66
121	66
303	66
324	66
355	66
356	66
358	66
359	66
405	66
67	67
118	67
119	67
303	67
322	67
323	67
325	67
326	67
327	67
329	67
331	67
354	67
357	67
360	67
405	67
68	68
116	68
117	68
304	68
315	68
321	68
328	68
330	68
332	68
333	68
334	68
336	68
353	68
357	68
361	68
362	68
387	68
389	68
391	68
392	68
393	68
404	68
406	68
69	69
115	69
305	69
316	69
319	69
320	69
328	69
335	69
337	69
352	69
356	69
363	69
364	69
375	69
380	69
382	69
384	69
385	69
386	69
388	69
390	69
394	69
395	69
396	69
398	69
400	69
402	69
403	69
407	69
408	69
70	70
114	70
306	70
317	70
318	70
326	70
327	70
338	70
339	70
340	70
342	70
352	70
355	70
365	70
367	70
369	70
371	70
372	70
373	70
374	70
376	70
377	70
378	70
379	70
381	70
383	70
397	70
399	70
401	70
409	70
410	70
71	71
114	71
306	71
318	71
325	71
341	71
343	71
352	71
355	71
363	71
364	71
366	71
368	71
370	71
411	71
412	71
413	71
72	72
114	72
237	72
251	72
252	72
253	72
254	72
255	72
256	72
306	72
318	72
324	72
344	72
345	72
346	72
352	72
355	72
361	72
362	72
414	72
415	72
416	72
73	73
114	73
221	73
234	73
236	73
238	73
239	73
243	73
244	73
245	73
249	73
250	73
257	73
258	73
306	73
318	73
323	73
347	73
348	73
350	73
352	73
353	73
354	73
356	73
357	73
358	73
359	73
360	73
417	73
74	74
114	74
216	74
218	74
219	74
220	74
222	74
223	74
230	74
232	74
233	74
235	74
240	74
242	74
246	74
248	74
259	74
278	74
280	74
282	74
284	74
286	74
288	74
290	74
306	74
319	74
320	74
321	74
322	74
349	74
351	74
418	74
419	74
420	74
432	74
75	75
114	75
214	75
215	75
217	75
224	75
225	75
226	75
228	75
229	75
231	75
241	75
247	75
260	75
261	75
265	75
267	75
268	75
270	75
271	75
272	75
273	75
274	75
275	75
276	75
277	75
279	75
281	75
283	75
285	75
287	75
289	75
291	75
292	75
293	75
294	75
295	75
296	75
298	75
299	75
300	75
303	75
304	75
305	75
307	75
316	75
317	75
318	75
351	75
421	75
422	75
431	75
76	76
114	76
115	76
116	76
117	76
118	76
119	76
120	76
121	76
122	76
123	76
124	76
125	76
126	76
127	76
128	76
129	76
130	76
131	76
132	76
133	76
134	76
135	76
136	76
137	76
138	76
139	76
140	76
141	76
142	76
143	76
144	76
145	76
146	76
147	76
148	76
149	76
150	76
151	76
152	76
153	76
154	76
155	76
156	76
157	76
158	76
159	76
160	76
161	76
162	76
163	76
164	76
165	76
166	76
167	76
168	76
169	76
170	76
171	76
172	76
173	76
174	76
175	76
176	76
177	76
178	76
179	76
180	76
181	76
182	76
183	76
184	76
185	76
186	76
187	76
189	76
191	76
193	76
195	76
197	76
199	76
213	76
227	76
241	76
247	76
262	76
263	76
264	76
266	76
269	76
297	76
301	76
302	76
308	76
309	76
310	76
313	76
315	76
319	76
351	76
423	76
424	76
425	76
430	76
77	77
112	77
113	77
188	77
190	77
192	77
194	77
196	77
198	77
200	77
201	77
202	77
203	77
204	77
205	77
211	77
212	77
227	77
241	77
248	77
261	77
311	77
312	77
314	77
320	77
351	77
426	77
427	77
428	77
429	77
430	77
78	78
110	78
111	78
206	78
207	78
209	78
210	78
226	78
241	78
249	78
250	78
259	78
260	78
321	78
322	78
351	78
431	78
79	79
108	79
109	79
208	79
225	79
240	79
251	79
257	79
258	79
323	79
351	79
432	79
80	80
106	80
107	80
208	80
224	80
239	80
252	80
253	80
255	80
256	80
324	80
351	80
433	80
81	81
104	81
105	81
209	81
223	81
238	81
254	81
325	81
352	81
82	82
102	82
103	82
210	82
222	82
237	82
326	82
327	82
329	82
83	83
101	83
211	83
219	83
221	83
236	83
328	83
84	84
100	84
211	84
218	84
220	84
235	84
329	84
85	85
100	85
211	85
217	85
235	85
86	86
100	86
211	86
212	86
213	86
214	86
215	86
216	86
234	86
87	87
100	87
210	87
234	87
88	88
100	88
208	88
209	88
233	88
89	89
100	89
206	89
207	89
209	89
233	89
90	90
100	90
101	90
102	90
103	90
104	90
105	90
106	90
107	90
108	90
109	90
110	90
111	90
112	90
113	90
114	90
115	90
116	90
117	90
118	90
119	90
120	90
121	90
122	90
123	90
124	90
125	90
126	90
127	90
128	90
129	90
130	90
131	90
132	90
133	90
134	90
135	90
136	90
137	90
138	90
139	90
140	90
141	90
142	90
143	90
144	90
145	90
146	90
147	90
148	90
149	90
150	90
151	90
152	90
153	90
154	90
155	90
156	90
157	90
158	90
159	90
160	90
161	90
162	90
163	90
164	90
165	90
166	90
167	90
168	90
169	90
170	90
171	90
172	90
173	90
174	90
175	90
176	90
177	90
178	90
179	90
180	90
181	90
182	90
183	90
184	90
185	90
186	90
187	90
188	90
189	90
190	90
191	90
192	90
193	90
194	90
195	90
196	90
197	90
198	90
199	90
200	90
201	90
202	90
203	90
204	90
205	90
209	90
233	90
91	91
98	91
99	91
209	91
232	91
92	92
96	92
97	92
209	92
230	92
231	92
232	92
93	93
94	93
95	93
210	93
229	93
233	93
93	94
210	94
228	94
234	94
93	95
211	95
227	95
235	95
92	96
212	96
226	96
235	96
93	97
213	97
225	97
236	97
92	98
214	98
224	98
237	98
93	99
215	99
223	99
238	99
93	100
216	100
221	100
222	100
94	101
216	101
220	101
94	102
216	102
220	102
344	102
95	103
214	103
215	103
217	103
218	103
219	103
220	103
344	103
96	104
97	104
98	104
99	104
100	104
101	104
102	104
103	104
104	104
105	104
106	104
107	104
108	104
109	104
110	104
111	104
112	104
113	104
114	104
115	104
116	104
117	104
118	104
119	104
120	104
121	104
122	104
123	104
124	104
125	104
126	104
127	104
128	104
129	104
130	104
131	104
132	104
133	104
134	104
135	104
136	104
137	104
138	104
139	104
140	104
141	104
142	104
143	104
144	104
145	104
146	104
147	104
148	104
149	104
150	104
151	104
152	104
153	104
154	104
155	104
156	104
157	104
158	104
159	104
160	104
161	104
162	104
163	104
164	104
165	104
166	104
167	104
168	104
169	104
170	104
171	104
172	104
173	104
174	104
175	104
176	104
177	104
178	104
179	104
180	104
181	104
182	104
183	104
184	104
187	104
189	104
191	104
192	104
193	104
194	104
195	104
196	104
197	104
198	104
199	104
200	104
201	104
202	104
203	104
204	104
205	104
206	104
207	104
208	104
212	104
213	104
221	104
266	104
268	104
344	104
346	104
347	104
95	105
185	105
186	105
188	105
190	105
209	105
210	105
211	105
222	105
256	105
258	105
260	105
261	105
262	105
263	105
264	105
265	105
267	105
269	105
270	105
271	105
272	105
273	105
344	105
345	105
348	105
94	106
223	106
253	106
254	106
255	106
257	106
259	106
274	106
275	106
276	106
277	106
278	106
279	106
281	106
343	106
349	106
94	107
224	107
252	107
280	107
282	107
283	107
284	107
286	107
342	107
93	108
225	108
248	108
250	108
251	108
285	108
287	108
288	108
289	108
290	108
341	108
93	109
226	109
242	109
244	109
246	109
247	109
249	109
291	109
292	109
341	109
397	109
398	109
92	110
227	110
234	110
235	110
236	110
237	110
238	110
239	110
240	110
241	110
243	110
245	110
293	110
294	110
296	110
301	110
308	110
310	110
339	110
341	110
396	110
399	110
400	110
401	110
92	111
228	111
229	111
230	111
231	111
232	111
233	111
295	111
297	111
298	111
299	111
300	111
302	111
303	111
305	111
306	111
307	111
309	111
311	111
312	111
313	111
314	111
315	111
316	111
317	111
336	111
338	111
340	111
342	111
395	111
402	111
92	112
228	112
294	112
302	112
304	112
318	112
320	112
322	112
324	112
326	112
334	112
335	112
337	112
343	112
344	112
391	112
393	112
394	112
93	113
227	113
252	113
278	113
279	113
280	113
293	113
302	113
304	113
319	113
321	113
323	113
325	113
327	113
328	113
329	113
331	113
332	113
333	113
345	113
346	113
347	113
349	113
388	113
389	113
390	113
392	113
394	113
93	114
225	114
226	114
227	114
251	114
277	114
281	114
292	114
302	114
304	114
319	114
330	114
348	114
350	114
351	114
352	114
353	114
354	114
355	114
356	114
357	114
358	114
359	114
369	114
371	114
372	114
373	114
375	114
377	114
387	114
395	114
396	114
94	115
223	115
224	115
228	115
251	115
275	115
276	115
282	115
283	115
290	115
291	115
302	115
304	115
319	115
330	115
360	115
361	115
362	115
367	115
368	115
370	115
374	115
376	115
378	115
379	115
386	115
397	115
94	116
218	116
221	116
222	116
229	116
230	116
251	116
270	116
272	116
273	116
274	116
284	116
288	116
289	116
302	116
304	116
317	116
318	116
330	116
363	116
365	116
366	116
380	116
381	116
382	116
383	116
384	116
385	116
398	116
95	117
215	117
216	117
217	117
219	117
220	117
231	117
232	117
251	117
266	117
268	117
269	117
271	117
274	117
285	117
287	117
314	117
315	117
316	117
330	117
364	117
399	117
96	118
97	118
98	118
99	118
100	118
101	118
102	118
103	118
104	118
105	118
106	118
107	118
108	118
109	118
110	118
111	118
112	118
113	118
114	118
115	118
116	118
117	118
118	118
119	118
120	118
121	118
122	118
123	118
124	118
125	118
126	118
127	118
128	118
129	118
130	118
131	118
132	118
133	118
134	118
135	118
136	118
137	118
138	118
139	118
140	118
141	118
142	118
143	118
144	118
145	118
146	118
147	118
148	118
149	118
150	118
151	118
152	118
153	118
154	118
155	118
156	118
157	118
158	118
159	118
160	118
161	118
162	118
163	118
164	118
165	118
166	118
167	118
168	118
169	118
170	118
171	118
172	118
173	118
174	118
175	118
176	118
177	118
178	118
179	118
180	118
181	118
182	118
183	118
184	118
185	118
187	118
188	118
189	118
190	118
191	118
192	118
193	118
194	118
195	118
196	118
197	118
198	118
199	118
200	118
201	118
202	118
203	118
204	118
205	118
206	118
207	118
211	118
213	118
214	118
233	118
234	118
235	118
237	118
241	118
243	118
245	118
247	118
248	118
249	118
250	118
252	118
253	118
264	118
265	118
267	118
275	118
276	118
279	118
286	118
311	118
312	118
313	118
330	118
364	118
399	118
95	119
186	119
208	119
209	119
210	119
212	119
236	119
238	119
239	119
240	119
242	119
244	119
246	119
254	119
261	119
262	119
263	119
277	119
278	119
286	119
304	119
306	119
308	119
310	119
364	119
400	119
94	120
212	120
255	120
256	120
257	120
258	120
259	120
260	120
286	120
300	120
301	120
302	120
303	120
305	120
307	120
309	120
365	120
366	120
94	121
212	121
286	121
297	121
298	121
367	121
386	121
93	122
212	122
287	122
289	122
290	122
291	122
292	122
293	122
294	122
295	122
368	122
387	122
93	123
212	123
288	123
336	123
368	123
369	123
388	123
92	124
213	124
367	124
370	124
389	124
390	124
92	125
371	125
372	125
92	126
335	126
355	126
356	126
357	126
373	126
92	127
334	127
373	127
92	128
334	128
374	128
375	128
376	128
383	128
93	129
334	129
384	129
93	130
335	130
343	130
385	130
94	131
335	131
343	131
94	132
193	132
195	132
197	132
199	132
200	132
202	132
204	132
206	132
208	132
209	132
210	132
211	132
238	132
240	132
242	132
244	132
337	132
338	132
339	132
342	132
95	133
185	133
186	133
187	133
188	133
189	133
190	133
191	133
192	133
194	133
196	133
198	133
201	133
203	133
205	133
207	133
212	133
213	133
214	133
233	133
235	133
237	133
239	133
241	133
243	133
245	133
246	133
252	133
254	133
255	133
256	133
257	133
258	133
260	133
262	133
340	133
341	133
343	133
96	134
97	134
98	134
99	134
100	134
101	134
102	134
103	134
104	134
105	134
106	134
107	134
108	134
109	134
110	134
111	134
112	134
113	134
114	134
115	134
116	134
117	134
118	134
119	134
120	134
121	134
122	134
123	134
124	134
125	134
126	134
127	134
128	134
129	134
130	134
131	134
132	134
133	134
134	134
135	134
136	134
137	134
138	134
139	134
140	134
141	134
142	134
143	134
144	134
145	134
146	134
147	134
148	134
149	134
150	134
151	134
152	134
153	134
154	134
155	134
156	134
157	134
158	134
159	134
160	134
161	134
162	134
163	134
164	134
165	134
166	134
167	134
168	134
169	134
170	134
171	134
172	134
173	134
174	134
175	134
176	134
177	134
178	134
179	134
180	134
181	134
182	134
183	134
184	134
215	134
216	134
230	134
231	134
232	134
234	134
236	134
247	134
249	134
250	134
251	134
253	134
259	134
261	134
263	134
264	134
265	134
95	135
217	135
226	135
228	135
229	135
248	135
266	135
267	135
268	135
94	136
218	136
219	136
224	136
225	136
227	136
248	136
269	136
94	137
220	137
221	137
222	137
223	137
248	137
270	137
302	137
93	138
247	138
271	138
287	138
289	138
290	138
291	138
292	138
293	138
294	138
296	138
298	138
301	138
93	139
246	139
272	139
273	139
274	139
275	139
285	139
286	139
288	139
295	139
297	139
299	139
300	139
92	140
245	140
272	140
276	140
281	140
282	140
283	140
284	140
301	140
365	140
93	141
243	141
244	141
271	141
277	141
279	141
280	141
302	141
366	141
92	142
242	142
270	142
278	142
303	142
93	143
242	143
269	143
277	143
93	144
241	144
268	144
269	144
274	144
275	144
276	144
94	145
240	145
252	145
265	145
267	145
270	145
276	145
94	146
239	146
253	146
264	146
266	146
271	146
275	146
95	147
188	147
190	147
192	147
194	147
195	147
204	147
205	147
206	147
207	147
209	147
239	147
253	147
263	147
274	147
95	148
186	148
187	148
189	148
191	148
193	148
196	148
197	148
198	148
202	148
203	148
208	148
210	148
211	148
212	148
235	148
238	148
253	148
261	148
262	148
274	148
284	148
286	148
323	148
96	149
97	149
98	149
99	149
100	149
101	149
102	149
103	149
104	149
105	149
106	149
107	149
108	149
109	149
110	149
111	149
112	149
113	149
114	149
115	149
116	149
117	149
118	149
119	149
120	149
121	149
122	149
123	149
124	149
125	149
126	149
127	149
128	149
129	149
130	149
131	149
132	149
133	149
134	149
135	149
136	149
137	149
138	149
139	149
140	149
141	149
142	149
143	149
144	149
145	149
146	149
147	149
148	149
149	149
150	149
151	149
152	149
153	149
154	149
155	149
156	149
157	149
158	149
159	149
160	149
161	149
162	149
163	149
164	149
165	149
166	149
167	149
168	149
169	149
170	149
171	149
172	149
173	149
174	149
175	149
176	149
177	149
178	149
179	149
180	149
181	149
182	149
183	149
184	149
185	149
199	149
201	149
213	149
214	149
231	149
232	149
233	149
234	149
236	149
237	149
238	149
253	149
260	149
275	149
281	149
282	149
283	149
285	149
287	149
310	149
312	149
314	149
316	149
324	149
95	150
200	150
215	150
216	150
217	150
218	150
229	150
230	150
239	150
252	150
253	150
259	150
275	150
280	150
288	150
289	150
290	150
305	150
307	150
308	150
309	150
311	150
313	150
315	150
317	150
323	150
95	151
200	151
219	151
220	151
221	151
222	151
224	151
227	151
228	151
240	151
249	151
250	151
251	151
254	151
258	151
276	151
277	151
279	151
291	151
292	151
304	151
306	151
322	151
94	152
200	152
223	152
225	152
226	152
241	152
247	152
248	152
255	152
257	152
278	152
293	152
294	152
295	152
296	152
297	152
299	152
300	152
301	152
302	152
303	152
94	153
200	153
242	153
243	153
244	153
245	153
246	153
256	153
278	153
298	153
93	154
199	154
242	154
257	154
277	154
93	155
198	155
242	155
258	155
278	155
93	156
197	156
242	156
259	156
94	157
197	157
243	157
94	158
196	158
244	158
95	159
196	159
245	159
95	160
195	160
246	160
96	161
195	161
247	161
97	162
98	162
99	162
100	162
101	162
102	162
103	162
104	162
105	162
106	162
107	162
108	162
109	162
110	162
111	162
112	162
113	162
114	162
115	162
116	162
117	162
118	162
119	162
120	162
121	162
122	162
123	162
124	162
125	162
126	162
127	162
128	162
129	162
130	162
131	162
132	162
133	162
134	162
135	162
136	162
137	162
138	162
139	162
140	162
141	162
142	162
143	162
144	162
145	162
146	162
147	162
148	162
149	162
150	162
151	162
152	162
153	162
154	162
155	162
156	162
157	162
158	162
159	162
160	162
161	162
162	162
163	162
164	162
165	162
166	162
167	162
168	162
169	162
170	162
171	162
172	162
173	162
174	162
175	162
176	162
177	162
178	162
179	162
180	162
181	162
182	162
183	162
184	162
185	162
186	162
188	162
190	162
193	162
194	162
96	163
187	163
189	163
191	163
192	163
195	163
217	163
219	163
95	164
195	164
218	164
95	165
196	165
217	165
345	165
94	166
197	166
217	166
343	166
344	166
346	166
347	166
94	167
197	167
216	167
342	167
348	167
93	168
198	168
216	168
283	168
285	168
341	168
93	169
199	169
216	169
279	169
280	169
281	169
282	169
284	169
286	169
341	169
92	170
200	170
215	170
336	170
340	170
93	171
201	171
215	171
268	171
333	171
337	171
340	171
93	172
202	172
214	172
267	172
333	172
337	172
338	172
339	172
94	173
203	173
214	173
268	173
330	173
332	173
333	173
336	173
340	173
94	174
203	174
214	174
267	174
331	174
334	174
335	174
341	174
95	175
203	175
214	175
267	175
330	175
331	175
335	175
341	175
95	176
201	176
202	176
204	176
205	176
214	176
267	176
327	176
328	176
329	176
332	176
334	176
342	176
96	177
97	177
98	177
99	177
100	177
101	177
102	177
103	177
104	177
105	177
106	177
107	177
108	177
109	177
110	177
111	177
112	177
113	177
114	177
115	177
116	177
117	177
118	177
119	177
120	177
121	177
122	177
123	177
124	177
125	177
126	177
127	177
128	177
129	177
130	177
131	177
132	177
133	177
134	177
135	177
136	177
137	177
138	177
139	177
140	177
141	177
142	177
143	177
144	177
145	177
146	177
147	177
148	177
149	177
150	177
151	177
152	177
153	177
154	177
155	177
156	177
157	177
158	177
159	177
160	177
161	177
162	177
163	177
164	177
165	177
166	177
167	177
168	177
169	177
170	177
171	177
172	177
173	177
174	177
175	177
176	177
177	177
178	177
179	177
180	177
181	177
182	177
183	177
184	177
185	177
199	177
200	177
206	177
207	177
208	177
209	177
210	177
212	177
213	177
215	177
267	177
326	177
333	177
95	178
186	178
187	178
188	178
189	178
191	178
193	178
195	178
197	178
198	178
211	178
216	178
267	178
323	178
324	178
325	178
333	178
95	179
190	179
192	179
194	179
196	179
217	179
267	179
322	179
332	179
94	180
218	180
265	180
266	180
268	180
269	180
321	180
332	180
94	181
219	181
262	181
264	181
270	181
320	181
331	181
93	182
220	182
230	182
250	182
251	182
253	182
254	182
261	182
263	182
271	182
272	182
320	182
331	182
93	183
221	183
222	183
228	183
229	183
231	183
232	183
233	183
248	183
249	183
252	183
255	183
256	183
259	183
260	183
273	183
274	183
320	183
330	183
332	183
333	183
334	183
92	184
223	184
225	184
226	184
227	184
234	184
235	184
245	184
246	184
247	184
252	184
257	184
258	184
275	184
276	184
319	184
321	184
322	184
324	184
325	184
329	184
335	184
93	185
224	185
236	185
237	185
243	185
244	185
252	185
258	185
277	185
279	185
280	185
281	185
282	185
283	185
284	185
318	185
323	185
326	185
327	185
328	185
336	185
337	185
92	186
224	186
238	186
239	186
242	186
252	186
258	186
278	186
285	186
286	186
317	186
328	186
338	186
340	186
93	187
223	187
240	187
241	187
252	187
257	187
278	187
287	187
288	187
294	187
316	187
328	187
339	187
341	187
93	188
222	188
242	188
252	188
256	188
277	188
289	188
290	188
293	188
315	188
328	188
94	189
220	189
221	189
222	189
243	189
252	189
255	189
276	189
291	189
292	189
315	189
328	189
94	190
204	190
206	190
218	190
219	190
223	190
224	190
244	190
252	190
254	190
275	190
292	190
315	190
327	190
95	191
200	191
201	191
202	191
203	191
205	191
207	191
208	191
209	191
210	191
216	191
217	191
225	191
226	191
241	191
242	191
243	191
245	191
246	191
252	191
253	191
273	191
274	191
293	191
294	191
315	191
316	191
321	191
95	192
186	192
187	192
198	192
199	192
211	192
212	192
213	192
214	192
215	192
227	192
238	192
239	192
240	192
247	192
248	192
249	192
251	192
272	192
295	192
309	192
310	192
311	192
312	192
314	192
317	192
318	192
320	192
328	192
329	192
96	193
97	193
98	193
99	193
100	193
101	193
102	193
103	193
104	193
105	193
106	193
107	193
108	193
109	193
110	193
111	193
112	193
113	193
114	193
115	193
116	193
117	193
118	193
119	193
120	193
121	193
122	193
123	193
124	193
125	193
126	193
127	193
128	193
129	193
130	193
131	193
132	193
133	193
134	193
135	193
136	193
137	193
138	193
139	193
140	193
141	193
142	193
143	193
144	193
145	193
146	193
147	193
148	193
149	193
150	193
151	193
152	193
153	193
154	193
155	193
156	193
157	193
158	193
159	193
160	193
161	193
162	193
163	193
164	193
165	193
166	193
167	193
168	193
169	193
170	193
171	193
172	193
173	193
174	193
175	193
176	193
177	193
178	193
179	193
180	193
181	193
182	193
183	193
184	193
185	193
188	193
189	193
190	193
191	193
192	193
193	193
194	193
195	193
197	193
228	193
229	193
235	193
236	193
237	193
250	193
271	193
296	193
298	193
306	193
307	193
308	193
313	193
319	193
95	194
196	194
230	194
231	194
233	194
234	194
250	194
270	194
297	194
299	194
300	194
302	194
303	194
304	194
305	194
313	194
319	194
95	195
196	195
232	195
250	195
269	195
301	195
313	195
320	195
94	196
196	196
251	196
269	196
313	196
321	196
94	197
196	197
252	197
268	197
314	197
322	197
93	198
197	198
268	198
315	198
322	198
93	199
197	199
267	199
323	199
92	200
198	200
267	200
314	200
324	200
93	201
197	201
267	201
315	201
93	202
197	202
266	202
315	202
94	203
197	203
228	203
264	203
265	203
267	203
268	203
94	204
197	204
220	204
222	204
224	204
225	204
226	204
227	204
229	204
230	204
231	204
232	204
233	204
235	204
262	204
263	204
269	204
95	205
197	205
215	205
216	205
217	205
218	205
219	205
221	205
223	205
234	205
236	205
238	205
260	205
261	205
270	205
95	206
186	206
190	206
192	206
194	206
197	206
211	206
212	206
213	206
214	206
237	206
239	206
240	206
241	206
259	206
271	206
272	206
96	207
97	207
98	207
99	207
100	207
101	207
102	207
103	207
104	207
105	207
106	207
107	207
108	207
109	207
110	207
111	207
112	207
113	207
114	207
115	207
116	207
117	207
118	207
119	207
120	207
121	207
122	207
123	207
124	207
125	207
126	207
127	207
128	207
129	207
130	207
131	207
132	207
133	207
134	207
135	207
136	207
137	207
138	207
139	207
140	207
141	207
142	207
143	207
144	207
145	207
146	207
147	207
148	207
149	207
150	207
151	207
152	207
153	207
154	207
155	207
156	207
157	207
158	207
159	207
160	207
161	207
162	207
163	207
164	207
165	207
166	207
167	207
168	207
169	207
170	207
171	207
172	207
173	207
174	207
175	207
176	207
177	207
178	207
179	207
180	207
181	207
182	207
183	207
184	207
185	207
187	207
188	207
189	207
191	207
193	207
195	207
196	207
198	207
199	207
208	207
210	207
242	207
258	207
273	207
274	207
95	208
200	208
201	208
207	208
209	208
243	208
244	208
245	208
257	208
275	208
95	209
202	209
203	209
205	209
206	209
246	209
248	209
256	209
276	209
94	210
204	210
247	210
249	210
250	210
252	210
253	210
255	210
391	210
94	211
251	211
254	211
390	211
93	212
254	212
389	212
397	212
93	213
254	213
388	213
396	213
92	214
255	214
383	214
386	214
387	214
388	214
394	214
395	214
92	215
255	215
382	215
384	215
385	215
389	215
393	215
395	215
92	216
256	216
379	216
380	216
381	216
390	216
391	216
392	216
396	216
397	216
398	216
93	217
256	217
289	217
291	217
293	217
295	217
296	217
297	217
298	217
299	217
300	217
301	217
302	217
303	217
304	217
305	217
306	217
307	217
308	217
309	217
337	217
339	217
378	217
390	217
93	218
255	218
256	218
257	218
282	218
284	218
286	218
287	218
288	218
290	218
292	218
294	218
310	218
311	218
312	218
313	218
314	218
316	218
318	218
332	218
334	218
335	218
336	218
338	218
340	218
341	218
342	218
343	218
344	218
347	218
348	218
349	218
350	218
351	218
352	218
353	218
354	218
355	218
356	218
357	218
358	218
359	218
361	218
363	218
365	218
367	218
369	218
370	218
371	218
372	218
373	218
374	218
375	218
376	218
377	218
390	218
94	219
254	219
256	219
258	219
277	219
279	219
280	219
281	219
283	219
285	219
315	219
317	219
319	219
320	219
321	219
322	219
323	219
327	219
329	219
330	219
331	219
333	219
345	219
346	219
360	219
362	219
364	219
366	219
368	219
390	219
94	220
255	220
258	220
274	220
275	220
276	220
278	220
324	220
325	220
326	220
328	220
389	220
391	220
95	221
186	221
188	221
190	221
254	221
257	221
272	221
273	221
392	221
96	222
97	222
98	222
99	222
100	222
101	222
102	222
103	222
104	222
105	222
106	222
107	222
108	222
109	222
110	222
111	222
112	222
113	222
114	222
115	222
116	222
117	222
118	222
119	222
120	222
121	222
122	222
123	222
124	222
125	222
126	222
127	222
128	222
129	222
130	222
131	222
132	222
133	222
134	222
135	222
136	222
137	222
138	222
139	222
140	222
141	222
142	222
143	222
144	222
145	222
146	222
147	222
148	222
149	222
150	222
151	222
152	222
153	222
154	222
155	222
156	222
157	222
158	222
159	222
160	222
161	222
162	222
163	222
164	222
165	222
166	222
167	222
168	222
169	222
170	222
171	222
172	222
173	222
174	222
175	222
176	222
177	222
178	222
179	222
180	222
181	222
182	222
183	222
184	222
185	222
187	222
189	222
191	222
192	222
193	222
194	222
195	222
196	222
197	222
198	222
199	222
200	222
202	222
204	222
206	222
208	222
212	222
214	222
216	222
217	222
218	222
219	222
220	222
221	222
222	222
223	222
224	222
225	222
226	222
227	222
229	222
244	222
252	222
254	222
256	222
270	222
271	222
392	222
95	223
201	223
203	223
205	223
207	223
209	223
210	223
211	223
213	223
215	223
228	223
230	223
231	223
232	223
234	223
236	223
237	223
238	223
239	223
240	223
241	223
242	223
243	223
245	223
246	223
247	223
248	223
249	223
250	223
251	223
253	223
255	223
256	223
269	223
94	224
233	224
235	224
257	224
258	224
259	224
263	224
264	224
266	224
268	224
94	225
260	225
261	225
262	225
265	225
267	225
380	225
381	225
93	226
267	226
383	226
384	226
385	226
387	226
93	227
267	227
386	227
388	227
389	227
390	227
92	228
268	228
391	228
93	229
268	229
92	230
267	230
269	230
93	231
281	231
93	232
269	232
279	232
280	232
94	233
215	233
217	233
219	233
220	233
222	233
269	233
278	233
94	234
202	234
204	234
206	234
208	234
210	234
212	234
213	234
214	234
216	234
218	234
221	234
223	234
224	234
225	234
226	234
227	234
228	234
229	234
231	234
269	234
278	234
317	234
95	235
196	235
198	235
199	235
200	235
201	235
203	235
205	235
207	235
209	235
211	235
230	235
232	235
233	235
234	235
235	235
236	235
238	235
240	235
242	235
244	235
246	235
269	235
277	235
317	235
96	236
97	236
98	236
99	236
100	236
101	236
102	236
103	236
104	236
105	236
106	236
107	236
108	236
109	236
110	236
111	236
112	236
113	236
114	236
115	236
116	236
117	236
118	236
119	236
120	236
121	236
122	236
123	236
124	236
125	236
126	236
127	236
128	236
129	236
130	236
131	236
132	236
133	236
134	236
135	236
136	236
137	236
138	236
139	236
140	236
141	236
142	236
143	236
144	236
145	236
146	236
147	236
148	236
149	236
150	236
151	236
152	236
153	236
154	236
155	236
156	236
157	236
158	236
159	236
160	236
161	236
162	236
163	236
164	236
165	236
166	236
167	236
168	236
169	236
170	236
171	236
172	236
173	236
174	236
175	236
176	236
177	236
178	236
179	236
180	236
181	236
182	236
183	236
184	236
185	236
186	236
187	236
188	236
189	236
190	236
191	236
192	236
193	236
194	236
195	236
197	236
237	236
239	236
241	236
243	236
245	236
247	236
249	236
251	236
253	236
255	236
257	236
258	236
259	236
269	236
275	236
276	236
315	236
316	236
95	237
248	237
250	237
252	237
254	237
256	237
260	237
261	237
262	237
263	237
265	237
266	237
268	237
269	237
274	237
314	237
336	237
94	238
264	238
267	238
270	238
272	238
274	238
313	238
335	238
94	239
271	239
273	239
274	239
312	239
335	239
369	239
370	239
93	240
275	240
312	240
334	240
368	240
93	241
276	241
312	241
334	241
368	241
92	242
277	242
311	242
334	242
367	242
93	243
278	243
279	243
280	243
281	243
282	243
283	243
284	243
285	243
311	243
334	243
366	243
93	244
278	244
286	244
287	244
288	244
310	244
312	244
313	244
314	244
333	244
335	244
336	244
345	244
355	244
365	244
377	244
94	245
278	245
289	245
290	245
309	245
315	245
316	245
317	245
319	245
332	245
337	245
338	245
340	245
342	245
344	245
346	245
355	245
364	245
375	245
376	245
94	246
277	246
291	246
308	246
318	246
320	246
321	246
326	246
328	246
329	246
330	246
331	246
339	246
341	246
343	246
347	246
348	246
349	246
350	246
355	246
363	246
374	246
377	246
378	246
95	247
234	247
236	247
238	247
276	247
292	247
307	247
322	247
323	247
325	247
327	247
351	247
352	247
354	247
356	247
363	247
373	247
95	248
230	248
232	248
233	248
235	248
237	248
239	248
241	248
275	248
276	248
293	248
306	248
324	248
353	248
357	248
358	248
359	248
360	248
362	248
363	248
372	248
96	249
97	249
98	249
99	249
100	249
101	249
102	249
103	249
104	249
105	249
106	249
107	249
108	249
109	249
110	249
111	249
112	249
113	249
114	249
115	249
116	249
117	249
118	249
119	249
120	249
121	249
122	249
123	249
124	249
125	249
126	249
127	249
128	249
129	249
130	249
131	249
132	249
133	249
134	249
135	249
136	249
137	249
138	249
139	249
140	249
141	249
142	249
143	249
144	249
145	249
146	249
147	249
148	249
149	249
150	249
151	249
152	249
153	249
154	249
155	249
156	249
157	249
158	249
159	249
160	249
161	249
162	249
163	249
164	249
165	249
166	249
167	249
168	249
169	249
170	249
171	249
172	249
173	249
174	249
175	249
176	249
177	249
178	249
179	249
180	249
181	249
182	249
183	249
184	249
185	249
188	249
190	249
192	249
194	249
196	249
198	249
226	249
228	249
229	249
231	249
240	249
242	249
243	249
244	249
260	249
262	249
264	249
265	249
266	249
267	249
268	249
269	249
270	249
271	249
272	249
273	249
274	249
277	249
278	249
294	249
305	249
323	249
361	249
364	249
371	249
95	250
186	250
187	250
189	250
191	250
193	250
195	250
197	250
199	250
200	250
201	250
203	250
216	250
218	250
220	250
222	250
223	250
224	250
225	250
227	250
245	250
246	250
247	250
248	250
251	250
253	250
255	250
257	250
258	250
259	250
261	250
263	250
279	250
280	250
292	250
293	250
295	250
304	250
305	250
322	250
365	250
366	250
367	250
368	250
369	250
370	250
371	250
377	250
379	250
95	251
202	251
204	251
205	251
206	251
207	251
209	251
211	251
213	251
214	251
215	251
217	251
219	251
221	251
249	251
250	251
252	251
254	251
256	251
281	251
290	251
291	251
296	251
297	251
299	251
300	251
301	251
302	251
303	251
306	251
307	251
321	251
365	251
372	251
373	251
375	251
376	251
378	251
380	251
94	252
208	252
210	252
212	252
282	252
283	252
284	252
285	252
288	252
289	252
298	252
308	252
320	252
365	252
374	252
94	253
286	253
287	253
309	253
310	253
320	253
365	253
375	253
378	253
93	254
311	254
319	254
365	254
376	254
377	254
93	255
312	255
313	255
314	255
315	255
316	255
317	255
318	255
320	255
366	255
92	256
321	256
322	256
366	256
93	257
323	257
324	257
326	257
367	257
368	257
92	258
325	258
327	258
328	258
342	258
369	258
93	259
233	259
235	259
329	259
330	259
331	259
341	259
343	259
359	259
360	259
370	259
372	259
93	260
218	260
220	260
222	260
223	260
224	260
225	260
226	260
227	260
228	260
229	260
230	260
231	260
232	260
234	260
236	260
237	260
238	260
303	260
304	260
328	260
332	260
333	260
340	260
344	260
361	260
371	260
94	261
207	261
209	261
211	261
213	261
215	261
216	261
217	261
219	261
221	261
239	261
240	261
242	261
262	261
264	261
266	261
268	261
270	261
272	261
300	261
302	261
325	261
326	261
327	261
334	261
335	261
338	261
339	261
345	261
361	261
372	261
94	262
204	262
206	262
208	262
210	262
212	262
214	262
241	262
243	262
244	262
245	262
246	262
247	262
248	262
249	262
251	262
253	262
255	262
257	262
259	262
261	262
263	262
265	262
267	262
269	262
271	262
273	262
274	262
275	262
276	262
301	262
322	262
323	262
324	262
336	262
337	262
346	262
95	263
186	263
188	263
190	263
192	263
194	263
196	263
198	263
200	263
202	263
203	263
205	263
250	263
252	263
254	263
256	263
258	263
260	263
277	263
278	263
279	263
280	263
301	263
321	263
337	263
347	263
96	264
97	264
98	264
99	264
100	264
101	264
102	264
103	264
104	264
105	264
106	264
107	264
108	264
109	264
110	264
111	264
112	264
113	264
114	264
115	264
116	264
117	264
118	264
119	264
120	264
121	264
122	264
123	264
124	264
125	264
126	264
127	264
128	264
129	264
130	264
131	264
132	264
133	264
134	264
135	264
136	264
137	264
138	264
139	264
140	264
141	264
142	264
143	264
144	264
145	264
146	264
147	264
148	264
149	264
150	264
151	264
152	264
153	264
154	264
155	264
156	264
157	264
158	264
159	264
160	264
161	264
162	264
163	264
164	264
165	264
166	264
167	264
168	264
169	264
170	264
171	264
172	264
173	264
174	264
175	264
176	264
177	264
178	264
179	264
180	264
181	264
182	264
183	264
184	264
185	264
187	264
189	264
191	264
193	264
195	264
197	264
199	264
201	264
281	264
282	264
283	264
284	264
300	264
320	264
337	264
347	264
95	265
285	265
286	265
287	265
289	265
299	265
319	265
337	265
348	265
94	266
288	266
290	266
291	266
292	266
298	266
319	266
337	266
94	267
293	267
294	267
295	267
296	267
298	267
319	267
93	268
297	268
299	268
300	268
319	268
326	268
327	268
93	269
301	269
319	269
325	269
92	270
302	270
303	270
319	270
320	270
321	270
322	270
323	270
324	270
92	271
304	271
305	271
306	271
307	271
308	271
310	271
312	271
313	271
314	271
315	271
316	271
318	271
91	272
309	272
311	272
317	272
92	273
268	273
317	273
92	274
269	274
318	274
93	275
319	275
93	276
202	276
203	276
204	276
206	276
320	276
330	276
94	277
200	277
201	277
205	277
207	277
321	277
329	277
94	278
196	278
198	278
199	278
208	278
226	278
242	278
244	278
246	278
248	278
250	278
252	278
322	278
328	278
95	279
185	279
186	279
188	279
189	279
190	279
191	279
192	279
193	279
194	279
195	279
197	279
209	279
210	279
220	279
222	279
223	279
224	279
225	279
227	279
228	279
232	279
233	279
234	279
235	279
236	279
237	279
238	279
239	279
240	279
241	279
243	279
245	279
247	279
249	279
251	279
253	279
254	279
255	279
323	279
327	279
96	280
97	280
98	280
99	280
100	280
101	280
102	280
103	280
104	280
105	280
106	280
107	280
108	280
109	280
110	280
111	280
112	280
113	280
114	280
115	280
116	280
117	280
118	280
119	280
120	280
121	280
122	280
123	280
124	280
125	280
126	280
127	280
128	280
129	280
130	280
131	280
132	280
133	280
134	280
135	280
136	280
137	280
138	280
139	280
140	280
141	280
142	280
143	280
144	280
145	280
146	280
147	280
148	280
149	280
150	280
151	280
152	280
153	280
154	280
155	280
156	280
157	280
158	280
159	280
160	280
161	280
162	280
163	280
164	280
165	280
166	280
167	280
168	280
169	280
170	280
171	280
172	280
173	280
174	280
175	280
176	280
177	280
178	280
179	280
180	280
181	280
182	280
183	280
184	280
187	280
211	280
212	280
216	280
217	280
218	280
219	280
221	280
229	280
231	280
256	280
257	280
324	280
325	280
327	280
95	281
213	281
215	281
230	281
258	281
260	281
326	281
328	281
329	281
330	281
94	282
214	282
230	282
259	282
261	282
262	282
328	282
331	282
94	283
214	283
229	283
263	283
264	283
278	283
307	283
328	283
332	283
93	284
214	284
228	284
265	284
266	284
274	284
275	284
276	284
277	284
279	284
281	284
306	284
328	284
93	285
214	285
227	285
267	285
268	285
269	285
270	285
271	285
273	285
280	285
282	285
283	285
284	285
285	285
286	285
288	285
290	285
292	285
294	285
296	285
298	285
301	285
302	285
303	285
304	285
305	285
328	285
92	286
213	286
226	286
272	286
287	286
289	286
291	286
293	286
295	286
297	286
299	286
300	286
306	286
328	286
92	287
212	287
225	287
273	287
307	287
92	288
212	288
225	288
274	288
308	288
310	288
93	289
211	289
224	289
274	289
309	289
311	289
312	289
314	289
316	289
93	290
211	290
224	290
271	290
272	290
273	290
313	290
315	290
317	290
318	290
94	291
211	291
224	291
270	291
319	291
320	291
94	292
211	292
224	292
268	292
269	292
321	292
95	293
186	293
188	293
190	293
192	293
194	293
195	293
196	293
197	293
198	293
199	293
211	293
223	293
224	293
235	293
265	293
267	293
322	293
96	294
97	294
98	294
99	294
100	294
101	294
102	294
103	294
104	294
105	294
106	294
107	294
108	294
109	294
110	294
111	294
112	294
113	294
114	294
115	294
116	294
117	294
118	294
119	294
120	294
121	294
122	294
123	294
124	294
125	294
126	294
127	294
128	294
129	294
130	294
131	294
132	294
133	294
134	294
135	294
136	294
137	294
138	294
139	294
140	294
141	294
142	294
143	294
144	294
145	294
146	294
147	294
148	294
149	294
150	294
151	294
152	294
153	294
154	294
155	294
156	294
157	294
158	294
159	294
160	294
161	294
162	294
163	294
164	294
165	294
166	294
167	294
168	294
169	294
170	294
171	294
172	294
173	294
174	294
175	294
176	294
177	294
178	294
179	294
180	294
181	294
182	294
183	294
184	294
185	294
187	294
189	294
191	294
193	294
200	294
201	294
202	294
203	294
208	294
211	294
221	294
222	294
225	294
226	294
234	294
264	294
266	294
323	294
324	294
95	295
204	295
205	295
206	295
207	295
209	295
210	295
212	295
220	295
227	295
233	295
263	295
325	295
326	295
327	295
340	295
94	296
213	296
218	296
219	296
228	296
232	296
262	296
328	296
329	296
330	296
332	296
334	296
338	296
339	296
94	297
214	297
216	297
217	297
229	297
230	297
231	297
261	297
331	297
333	297
335	297
336	297
337	297
340	297
93	298
215	298
231	298
260	298
93	299
215	299
231	299
260	299
92	300
215	300
231	300
259	300
92	301
215	301
232	301
259	301
92	302
216	302
231	302
232	302
258	302
92	303
93	303
94	303
216	303
230	303
233	303
258	303
287	303
91	304
95	304
96	304
217	304
229	304
234	304
258	304
286	304
90	305
97	305
98	305
217	305
235	305
236	305
256	305
257	305
259	305
260	305
285	305
286	305
89	306
99	306
100	306
217	306
237	306
255	306
261	306
282	306
283	306
284	306
287	306
88	307
101	307
102	307
217	307
238	307
239	307
253	307
254	307
262	307
281	307
288	307
87	308
103	308
104	308
217	308
240	308
241	308
252	308
263	308
264	308
280	308
86	309
105	309
106	309
107	309
108	309
109	309
110	309
111	309
112	309
113	309
114	309
115	309
116	309
117	309
118	309
119	309
120	309
121	309
122	309
123	309
124	309
125	309
126	309
127	309
128	309
129	309
130	309
131	309
132	309
133	309
134	309
135	309
136	309
137	309
138	309
139	309
140	309
141	309
142	309
143	309
144	309
145	309
146	309
147	309
148	309
149	309
150	309
151	309
152	309
153	309
154	309
155	309
156	309
157	309
158	309
159	309
160	309
161	309
162	309
163	309
164	309
165	309
166	309
167	309
168	309
169	309
170	309
171	309
172	309
173	309
174	309
175	309
176	309
177	309
178	309
179	309
180	309
181	309
182	309
183	309
184	309
185	309
186	309
187	309
188	309
189	309
190	309
191	309
192	309
193	309
194	309
196	309
198	309
200	309
202	309
204	309
206	309
208	309
210	309
212	309
215	309
216	309
218	309
242	309
243	309
249	309
251	309
265	309
279	309
85	310
105	310
195	310
197	310
199	310
201	310
203	310
205	310
207	310
209	310
211	310
213	310
214	310
219	310
220	310
244	310
246	310
248	310
250	310
266	310
267	310
268	310
270	310
272	310
274	310
275	310
276	310
277	310
278	310
84	311
105	311
221	311
222	311
243	311
245	311
247	311
269	311
271	311
273	311
278	311
83	312
105	312
223	312
224	312
225	312
241	312
242	312
278	312
82	313
105	313
226	313
227	313
228	313
229	313
231	313
233	313
236	313
238	313
240	313
278	313
81	314
105	314
230	314
232	314
234	314
235	314
237	314
239	314
279	314
280	314
80	315
105	315
281	315
79	316
106	316
282	316
78	317
107	317
283	317
284	317
77	318
108	318
285	318
286	318
287	318
288	318
289	318
290	318
292	318
294	318
369	318
371	318
373	318
76	319
109	319
110	319
291	319
293	319
295	319
296	319
297	319
320	319
322	319
324	319
326	319
328	319
367	319
368	319
370	319
372	319
374	319
375	319
376	319
75	320
111	320
112	320
298	320
319	320
321	320
323	320
325	320
327	320
329	320
330	320
331	320
365	320
366	320
74	321
113	321
114	321
299	321
300	321
308	321
310	321
312	321
314	321
316	321
317	321
318	321
332	321
333	321
334	321
335	321
337	321
339	321
354	321
364	321
73	322
115	322
116	322
301	322
306	322
307	322
309	322
311	322
313	322
315	322
336	322
338	322
340	322
344	322
345	322
347	322
348	322
351	322
353	322
355	322
357	322
359	322
361	322
363	322
72	323
117	323
118	323
188	323
209	323
211	323
213	323
215	323
250	323
251	323
252	323
253	323
254	323
255	323
268	323
269	323
270	323
271	323
272	323
273	323
274	323
302	323
304	323
305	323
341	323
343	323
346	323
349	323
350	323
352	323
356	323
358	323
360	323
362	323
363	323
71	324
119	324
120	324
121	324
122	324
123	324
124	324
125	324
126	324
127	324
128	324
129	324
130	324
131	324
132	324
133	324
134	324
135	324
136	324
137	324
138	324
139	324
140	324
141	324
142	324
143	324
144	324
145	324
146	324
147	324
148	324
149	324
150	324
151	324
152	324
153	324
154	324
155	324
156	324
157	324
158	324
159	324
160	324
161	324
162	324
163	324
164	324
165	324
166	324
167	324
168	324
169	324
170	324
171	324
172	324
173	324
174	324
175	324
176	324
177	324
178	324
179	324
180	324
181	324
182	324
183	324
184	324
185	324
186	324
187	324
189	324
190	324
191	324
193	324
195	324
197	324
203	324
205	324
206	324
207	324
208	324
210	324
212	324
214	324
216	324
217	324
218	324
245	324
247	324
248	324
249	324
256	324
257	324
264	324
265	324
266	324
267	324
275	324
276	324
302	324
303	324
342	324
347	324
348	324
364	324
365	324
70	325
119	325
192	325
194	325
196	325
198	325
199	325
200	325
201	325
202	325
204	325
219	325
220	325
221	325
222	325
224	325
226	325
238	325
240	325
242	325
243	325
244	325
246	325
258	325
259	325
260	325
261	325
262	325
263	325
277	325
300	325
301	325
340	325
341	325
343	325
344	325
346	325
366	325
69	326
119	326
223	326
225	326
227	326
229	326
231	326
233	326
235	326
236	326
237	326
239	326
241	326
278	326
279	326
280	326
281	326
282	326
283	326
298	326
299	326
301	326
335	326
337	326
338	326
339	326
345	326
367	326
370	326
371	326
68	327
119	327
228	327
230	327
232	327
234	327
277	327
284	327
285	327
286	327
287	327
288	327
289	327
290	327
291	327
292	327
293	327
294	327
295	327
296	327
297	327
302	327
334	327
336	327
368	327
369	327
372	327
67	328
119	328
276	328
303	328
304	328
333	328
368	328
66	329
119	329
275	329
305	329
306	329
308	329
333	329
369	329
65	330
120	330
274	330
307	330
309	330
310	330
332	330
369	330
64	331
121	331
270	331
271	331
273	331
311	331
312	331
313	331
332	331
370	331
63	332
122	332
266	332
268	332
269	332
272	332
314	332
315	332
316	332
318	332
331	332
371	332
372	332
62	333
123	333
124	333
263	333
265	333
267	333
272	333
305	333
317	333
319	333
321	333
323	333
324	333
325	333
326	333
327	333
328	333
329	333
330	333
332	333
61	334
125	334
126	334
254	334
256	334
258	334
262	334
264	334
273	334
303	334
304	334
320	334
322	334
333	334
60	335
127	335
128	335
247	335
249	335
250	335
251	335
252	335
253	335
255	335
257	335
259	335
261	335
274	335
302	335
334	335
335	335
59	336
129	336
130	336
242	336
244	336
245	336
246	336
248	336
260	336
273	336
275	336
276	336
301	336
336	336
337	336
338	336
340	336
342	336
58	337
131	337
132	337
239	337
240	337
241	337
243	337
260	337
272	337
277	337
278	337
300	337
339	337
341	337
343	337
344	337
345	337
346	337
347	337
348	337
349	337
350	337
351	337
353	337
57	338
133	338
134	338
186	338
187	338
189	338
191	338
193	338
195	338
236	338
237	338
238	338
260	338
271	338
279	338
299	338
352	338
354	338
355	338
56	339
135	339
136	339
137	339
138	339
139	339
140	339
141	339
142	339
143	339
144	339
145	339
146	339
147	339
148	339
149	339
150	339
151	339
152	339
153	339
154	339
155	339
156	339
157	339
158	339
159	339
160	339
161	339
162	339
163	339
164	339
165	339
166	339
167	339
168	339
169	339
170	339
171	339
172	339
173	339
174	339
175	339
176	339
177	339
178	339
179	339
180	339
181	339
182	339
183	339
184	339
185	339
188	339
190	339
192	339
194	339
196	339
197	339
198	339
199	339
200	339
201	339
202	339
203	339
204	339
205	339
207	339
209	339
211	339
235	339
260	339
270	339
298	339
55	340
135	340
194	340
206	340
208	340
210	340
212	340
213	340
214	340
215	340
216	340
217	340
218	340
219	340
226	340
228	340
230	340
232	340
233	340
234	340
257	340
259	340
269	340
284	340
285	340
286	340
287	340
289	340
291	340
292	340
296	340
298	340
54	341
135	341
194	341
220	341
221	341
222	341
223	341
224	341
225	341
227	341
229	341
231	341
258	341
268	341
288	341
290	341
293	341
294	341
295	341
297	341
298	341
53	342
135	342
194	342
257	342
268	342
299	342
52	343
135	343
194	343
257	343
267	343
51	344
135	344
194	344
257	344
267	344
278	344
50	345
135	345
257	345
267	345
277	345
49	346
136	346
257	346
267	346
268	346
277	346
48	347
137	347
138	347
256	347
258	347
266	347
269	347
275	347
276	347
47	348
139	348
140	348
255	348
259	348
260	348
261	348
265	348
270	348
271	348
274	348
46	349
141	349
142	349
254	349
262	349
263	349
264	349
272	349
273	349
45	350
143	350
144	350
251	350
253	350
264	350
273	350
44	351
145	351
146	351
250	351
252	351
264	351
273	351
43	352
147	352
148	352
187	352
201	352
202	352
203	352
204	352
205	352
206	352
207	352
208	352
210	352
212	352
214	352
216	352
218	352
231	352
232	352
233	352
234	352
236	352
249	352
264	352
274	352
42	353
149	353
150	353
151	353
152	353
153	353
154	353
155	353
156	353
157	353
158	353
159	353
160	353
161	353
162	353
163	353
164	353
165	353
166	353
167	353
168	353
169	353
170	353
171	353
172	353
173	353
174	353
175	353
176	353
177	353
178	353
179	353
180	353
181	353
182	353
183	353
184	353
185	353
186	353
188	353
189	353
190	353
192	353
194	353
195	353
196	353
197	353
198	353
199	353
200	353
209	353
211	353
213	353
215	353
217	353
219	353
220	353
221	353
222	353
223	353
224	353
225	353
226	353
227	353
228	353
230	353
235	353
237	353
238	353
239	353
240	353
241	353
244	353
246	353
247	353
248	353
264	353
275	353
41	354
149	354
191	354
193	354
229	354
242	354
243	354
245	354
264	354
276	354
40	355
149	355
191	355
193	355
264	355
39	356
149	356
191	356
193	356
265	356
38	357
149	357
191	357
193	357
266	357
320	357
37	358
149	358
191	358
193	358
267	358
319	358
36	359
149	359
318	359
35	360
150	360
34	361
151	361
152	361
33	362
153	362
154	362
32	363
155	363
156	363
31	364
157	364
158	364
30	365
159	365
160	365
246	365
248	365
249	365
250	365
252	365
309	365
29	366
161	366
162	366
245	366
247	366
251	366
253	366
255	366
304	366
305	366
306	366
307	366
308	366
310	366
311	366
312	366
313	366
28	367
163	367
164	367
165	367
166	367
167	367
168	367
169	367
170	367
171	367
172	367
173	367
174	367
175	367
176	367
177	367
178	367
179	367
180	367
181	367
182	367
183	367
184	367
185	367
188	367
190	367
191	367
192	367
193	367
194	367
195	367
196	367
197	367
199	367
201	367
244	367
254	367
256	367
258	367
275	367
277	367
278	367
279	367
280	367
282	367
284	367
302	367
303	367
314	367
315	367
27	368
163	368
186	368
187	368
189	368
198	368
200	368
202	368
203	368
204	368
206	368
208	368
210	368
212	368
214	368
216	368
218	368
220	368
222	368
224	368
226	368
228	368
230	368
242	368
243	368
257	368
259	368
270	368
272	368
273	368
274	368
276	368
281	368
283	368
285	368
287	368
299	368
300	368
301	368
316	368
318	368
26	369
163	369
205	369
207	369
209	369
211	369
213	369
215	369
217	369
219	369
221	369
223	369
225	369
227	369
229	369
231	369
232	369
233	369
234	369
235	369
236	369
237	369
238	369
240	369
241	369
260	369
261	369
262	369
263	369
266	369
268	369
269	369
271	369
286	369
288	369
298	369
317	369
319	369
321	369
25	370
163	370
239	370
264	370
265	370
267	370
289	370
291	370
297	370
320	370
322	370
330	370
24	371
163	371
286	371
290	371
292	371
294	371
296	371
323	371
329	371
23	372
163	372
276	372
285	372
293	372
295	372
324	372
325	372
326	372
328	372
22	373
163	373
276	373
284	373
292	373
327	373
21	374
164	374
276	374
283	374
20	375
165	375
276	375
282	375
19	376
166	376
276	376
282	376
18	377
167	377
168	377
270	377
272	377
273	377
274	377
275	377
276	377
278	377
279	377
280	377
281	377
17	378
169	378
170	378
266	378
267	378
268	378
269	378
271	378
277	378
16	379
171	379
172	379
262	379
263	379
264	379
265	379
15	380
173	380
174	380
260	380
261	380
14	381
175	381
176	381
259	381
13	382
177	382
178	382
179	382
180	382
181	382
182	382
183	382
184	382
186	382
187	382
189	382
191	382
252	382
253	382
254	382
255	382
256	382
257	382
258	382
12	383
177	383
185	383
188	383
190	383
192	383
193	383
194	383
196	383
198	383
200	383
202	383
203	383
204	383
205	383
206	383
207	383
208	383
209	383
210	383
211	383
212	383
213	383
215	383
217	383
219	383
221	383
223	383
225	383
227	383
229	383
251	383
259	383
357	383
11	384
177	384
195	384
197	384
199	384
201	384
214	384
216	384
218	384
220	384
222	384
224	384
226	384
228	384
230	384
231	384
232	384
234	384
236	384
250	384
259	384
301	384
356	384
10	385
177	385
233	385
235	385
237	385
238	385
239	385
240	385
241	385
248	385
249	385
260	385
300	385
302	385
303	385
355	385
9	386
177	386
242	386
243	386
247	386
261	386
354	386
8	387
177	387
244	387
245	387
246	387
262	387
354	387
7	388
177	388
246	388
263	388
355	388
6	389
178	389
246	389
264	389
355	389
5	390
179	390
180	390
246	390
265	390
268	390
270	390
272	390
274	390
278	390
354	390
356	390
362	390
4	391
181	391
247	391
248	391
266	391
267	391
269	391
271	391
273	391
275	391
276	391
277	391
352	391
353	391
357	391
358	391
360	391
361	391
3	392
182	392
249	392
250	392
254	392
265	392
348	392
349	392
350	392
351	392
359	392
361	392
2	393
183	393
184	393
186	393
188	393
190	393
192	393
194	393
196	393
251	393
252	393
253	393
255	393
334	393
342	393
344	393
346	393
347	393
362	393
1	394
185	394
187	394
189	394
191	394
193	394
195	394
197	394
198	394
199	394
200	394
201	394
202	394
203	394
204	394
205	394
206	394
234	394
235	394
329	394
330	394
331	394
332	394
333	394
335	394
336	394
337	394
338	394
339	394
340	394
341	394
343	394
345	394
363	394
