158	106	3
159	106	3
160	106	3
161	106	3
162	106	3
163	106	3
164	106	3
165	106	3
166	106	3
167	106	3
168	106	3
169	106	3
170	106	3
171	106	3
172	106	3
173	106	3
174	106	3
175	106	3
176	106	3
177	106	3
178	106	3
179	106	3
180	106	3
181	106	3
182	106	3
183	106	3
184	106	3
185	106	3
186	106	3
187	106	3
188	106	3
189	106	3
190	106	3
191	106	3
192	106	3
193	106	3
194	106	3
195	106	3
196	106	3
197	106	3
198	106	3
199	106	3
200	106	3
201	106	3
202	106	3
203	106	3
204	106	3
205	106	3
206	106	3
207	106	3
208	106	3
209	106	3
210	106	3
211	106	3
212	106	3
213	106	3
214	106	3
215	106	3
216	106	3
217	106	3
218	106	3
219	106	3
220	106	3
221	106	3
222	106	3
223	106	3
224	106	3
225	106	3
226	106	3
227	106	3
228	106	3
229	106	3
230	106	3
231	106	3
232	106	3
233	106	3
234	106	3
235	106	3
236	106	3
237	106	3
238	106	3
239	106	3
240	106	3
241	106	3
242	106	3
243	106	3
244	106	3
245	106	3
246	106	3
247	106	3
248	106	3
249	106	3
250	106	3
251	106	3
252	106	3
253	106	3
254	106	3
255	106	3
256	106	3
257	106	3
258	106	3
259	106	3
260	106	3
261	106	3
157	106	3
132	176	3
133	176	3
134	176	3
135	176	3
136	176	3
137	176	3
138	176	3
139	176	3
140	176	3
141	176	3
142	176	3
143	176	3
144	176	3
145	176	3
146	176	3
147	176	3
148	176	3
149	176	3
150	176	3
151	176	3
152	176	3
153	176	3
154	176	3
155	176	3
156	176	3
157	176	3
158	176	3
159	176	3
160	176	3
161	176	3
162	176	3
163	176	3
164	176	3
165	176	3
166	176	3
167	176	3
168	176	3
169	176	3
170	176	3
171	176	3
172	176	3
173	176	3
174	176	3
175	176	3
176	176	3
177	176	3
178	176	3
179	176	3
180	176	3
181	176	3
182	176	3
183	176	3
184	176	3
185	176	3
186	176	3
187	176	3
188	176	3
189	176	3
190	176	3
191	176	3
192	176	3
193	176	3
194	176	3
195	176	3
196	176	3
197	176	3
198	176	3
199	176	3
200	176	3
201	176	3
202	176	3
203	176	3
204	176	3
205	176	3
206	176	3
207	176	3
208	176	3
209	176	3
210	176	3
211	176	3
212	176	3
213	176	3
214	176	3
215	176	3
216	176	3
217	176	3
218	176	3
219	176	3
220	176	3
221	176	3
222	176	3
223	176	3
224	176	3
225	176	3
226	176	3
227	176	3
228	176	3
229	176	3
230	176	3
231	176	3
232	176	3
233	176	3
234	176	3
235	176	3
236	176	3
237	176	3
238	176	3
239	176	3
240	176	3
241	176	3
242	176	3
243	176	3
244	176	3
245	176	3
246	176	3
247	176	3
248	176	3
249	176	3
250	176	3
251	176	3
252	176	3
253	176	3
254	176	3
255	176	3
256	176	3
257	176	3
258	176	3
259	176	3
260	176	3
131	176	3
132	266	1
133	267	1
133	268	1
134	269	1
135	270	1
135	271	1
136	272	1
137	273	1
138	274	1
139	275	1
140	275	1
141	276	1
142	277	1
143	278	1
144	278	1
145	279	1
146	280	1
147	281	1
148	282	1
149	283	1
149	284	1
149	285	1
150	286	1
151	287	1
152	288	1
153	289	1
154	289	1
155	290	1
156	291	1
157	292	1
158	292	1
159	293	1
160	294	1
161	295	1
162	296	1
163	297	1
163	298	1
164	299	1
165	300	1
165	301	1
166	302	1
167	303	1
168	304	1
169	305	1
170	305	1
171	306	1
172	306	1
173	307	1
174	308	1
175	309	1
176	310	1
177	311	1
177	312	1
178	313	1
179	314	1
179	315	1
180	316	1
181	317	1
182	318	1
183	319	1
184	319	1
185	320	1
186	321	1
187	322	1
188	322	1
189	323	1
190	324	1
191	325	1
191	326	1
192	327	1
193	328	1
193	329	1
194	330	1
195	331	1
196	331	1
197	332	1
198	333	1
199	334	1
200	335	1
201	336	1
202	336	1
203	337	1
204	338	1
205	339	1
205	340	1
206	341	1
207	342	1
208	343	1
209	344	1
209	345	1
210	346	1
211	347	1
212	347	1
213	348	1
214	349	1
215	350	1
216	350	1
217	351	1
218	352	1
219	353	1
219	354	1
220	355	1
221	356	1
221	357	1
222	358	1
223	359	1
224	360	1
225	361	1
226	361	1
227	362	1
228	363	1
229	364	1
230	364	1
231	365	1
232	366	1
233	367	1
234	368	1
235	369	1
235	370	1
236	371	1
237	372	1
237	373	1
238	374	1
239	375	1
240	376	1
241	377	1
242	377	1
243	378	1
244	378	1
245	379	1
246	380	1
247	381	1
248	382	1
249	383	1
249	384	1
250	385	1
251	386	1
252	387	1
253	388	1
253	389	1
254	390	1
255	391	1
256	391	1
257	392	1
258	393	1
259	394	1
131	265	1
130	177	1
130	178	1
130	179	1
130	180	1
130	181	1
129	182	1
130	183	1
129	184	1
130	185	1
130	186	1
130	187	1
130	188	1
131	189	1
130	190	1
131	191	1
130	192	1
131	193	1
130	194	1
130	195	1
129	196	1
130	197	1
129	198	1
130	199	1
129	200	1
130	201	1
130	202	1
131	203	1
130	204	1
131	205	1
130	206	1
131	207	1
130	208	1
130	209	1
129	210	1
130	211	1
129	212	1
130	213	1
129	214	1
130	215	1
129	216	1
130	217	1
130	218	1
131	219	1
130	220	1
131	221	1
130	222	1
131	223	1
130	224	1
130	225	1
129	226	1
130	227	1
129	228	1
130	229	1
129	230	1
130	231	1
130	232	1
131	233	1
130	234	1
131	235	1
130	236	1
131	237	1
130	238	1
130	239	1
130	240	1
130	241	1
129	242	1
130	243	1
129	244	1
130	245	1
129	246	1
130	247	1
130	248	1
131	249	1
130	250	1
131	251	1
130	252	1
131	253	1
130	254	1
130	255	1
129	256	1
130	257	1
129	258	1
130	259	1
129	260	1
130	261	1
130	262	1
131	263	1
131	176	1
130	264	1
200	61	1
201	61	1
199	62	1
198	63	1
196	64	1
197	64	1
194	65	1
195	65	1
192	66	1
193	66	1
191	67	1
190	68	1
189	69	1
188	70	1
188	71	1
188	72	1
188	73	1
188	74	1
187	75	1
186	76	1
184	77	1
185	77	1
183	78	1
182	79	1
180	80	1
181	80	1
178	81	1
179	81	1
176	82	1
177	82	1
175	83	1
174	84	1
174	85	1
173	86	1
172	87	1
172	88	1
172	89	1
172	90	1
171	91	1
170	92	1
168	93	1
169	93	1
166	94	1
167	94	1
164	95	1
165	95	1
163	96	1
162	97	1
161	98	1
160	99	1
159	100	1
158	101	1
158	102	1
158	103	1
157	104	1
202	60	1
156	105	1
2	2	1
3	3	1
4	4	1
5	5	1
6	6	1
7	7	1
8	8	1
9	9	1
10	10	1
11	11	1
12	12	1
13	13	1
14	14	1
15	15	1
16	16	1
17	17	1
18	18	1
19	19	1
20	20	1
21	21	1
22	22	1
23	23	1
24	24	1
25	25	1
26	26	1
27	27	1
28	28	1
29	29	1
30	30	1
31	31	1
32	32	1
33	33	1
34	34	1
35	35	1
36	36	1
37	37	1
38	38	1
39	39	1
40	40	1
41	41	1
42	42	1
43	43	1
44	44	1
45	45	1
46	46	1
47	47	1
48	48	1
49	49	1
50	50	1
51	51	1
52	52	1
53	53	1
54	54	1
55	55	1
56	56	1
57	57	1
58	58	1
59	59	1
60	60	1
61	61	1
62	62	1
63	63	1
64	64	1
65	65	1
66	66	1
67	67	1
68	68	1
69	69	1
70	70	1
71	71	1
72	72	1
73	73	1
74	74	1
75	75	1
76	76	1
77	77	1
78	78	1
79	79	1
80	80	1
81	81	1
82	82	1
83	83	1
84	84	1
85	85	1
86	86	1
87	87	1
88	88	1
89	89	1
90	90	1
91	91	1
92	92	1
93	93	1
94	94	1
95	95	1
96	96	1
97	97	1
98	98	1
99	99	1
100	100	1
101	101	1
102	102	1
103	103	1
104	104	1
105	105	1
106	106	1
107	107	1
108	108	1
109	109	1
110	110	1
111	111	1
112	112	1
113	113	1
114	114	1
115	115	1
116	116	1
117	117	1
118	118	1
119	119	1
120	120	1
121	121	1
122	122	1
123	123	1
124	124	1
125	125	1
126	126	1
127	127	1
128	128	1
129	129	1
129	266	1
128	267	1
127	268	1
126	269	1
125	270	1
124	271	1
123	272	1
122	273	1
121	274	1
120	275	1
119	276	1
118	277	1
117	278	1
116	279	1
115	280	1
114	281	1
113	282	1
112	283	1
111	284	1
110	285	1
109	286	1
108	287	1
107	288	1
106	289	1
105	290	1
104	291	1
103	292	1
102	293	1
101	294	1
100	295	1
99	296	1
98	297	1
97	298	1
96	299	1
95	300	1
94	301	1
93	302	1
92	303	1
91	304	1
90	305	1
89	306	1
88	307	1
87	308	1
86	309	1
85	310	1
84	311	1
83	312	1
82	313	1
81	314	1
80	315	1
79	316	1
78	317	1
77	318	1
76	319	1
75	320	1
74	321	1
73	322	1
72	323	1
71	324	1
70	325	1
69	326	1
68	327	1
67	328	1
66	329	1
65	330	1
64	331	1
63	332	1
62	333	1
61	334	1
60	335	1
59	336	1
58	337	1
57	338	1
56	339	1
55	340	1
54	341	1
53	342	1
52	343	1
51	344	1
50	345	1
49	346	1
48	347	1
47	348	1
46	349	1
45	350	1
44	351	1
43	352	1
42	353	1
41	354	1
40	355	1
39	356	1
38	357	1
37	358	1
36	359	1
35	360	1
34	361	1
33	362	1
32	363	1
31	364	1
30	365	1
29	366	1
28	367	1
27	368	1
26	369	1
25	370	1
24	371	1
23	372	1
22	373	1
21	374	1
20	375	1
19	376	1
18	377	1
17	378	1
16	379	1
15	380	1
14	381	1
13	382	1
12	383	1
11	384	1
10	385	1
9	386	1
8	387	1
7	388	1
6	389	1
5	390	1
4	391	1
3	392	1
2	393	1
1	394	1
130	265	1
260	57	3
259	58	3
258	59	3
204	60	3
205	60	3
206	60	3
207	60	3
208	60	3
209	60	3
210	60	3
211	60	3
212	60	3
213	60	3
214	60	3
215	60	3
216	60	3
217	60	3
218	60	3
219	60	3
220	60	3
221	60	3
222	60	3
223	60	3
224	60	3
225	60	3
226	60	3
227	60	3
228	60	3
229	60	3
230	60	3
231	60	3
232	60	3
233	60	3
234	60	3
235	60	3
236	60	3
237	60	3
238	60	3
239	60	3
240	60	3
241	60	3
242	60	3
243	60	3
244	60	3
245	60	3
246	60	3
247	60	3
248	60	3
249	60	3
250	60	3
251	60	3
252	60	3
253	60	3
254	60	3
255	60	3
256	60	3
257	60	3
203	60	3
154	107	1
155	107	1
153	108	1
152	109	1
150	110	1
151	110	1
148	111	1
149	111	1
147	112	1
146	113	1
145	114	1
144	115	1
143	116	1
142	117	1
142	118	1
142	119	1
141	120	1
140	121	1
139	122	1
138	123	1
136	124	1
137	124	1
135	125	1
134	126	1
132	127	1
133	127	1
131	128	1
156	106	1
130	129	1
258	2	1
257	3	1
256	4	1
254	5	1
255	5	1
253	6	1
252	7	1
251	8	1
250	9	1
250	10	1
249	11	1
248	12	1
248	13	1
247	14	1
246	15	1
245	16	1
244	17	1
242	18	1
243	18	1
240	19	1
241	19	1
239	20	1
238	21	1
237	22	1
236	23	1
235	24	1
234	25	1
234	26	1
234	27	1
233	28	1
232	29	1
231	30	1
230	31	1
229	32	1
228	33	1
226	34	1
227	34	1
224	35	1
225	35	1
222	36	1
223	36	1
221	37	1
220	38	1
220	39	1
219	40	1
218	41	1
218	42	1
218	43	1
217	44	1
216	45	1
216	46	1
214	47	1
215	47	1
212	48	1
213	48	1
210	49	1
211	49	1
209	50	1
208	51	1
206	52	1
207	52	1
205	53	1
204	54	1
204	55	1
203	56	1
202	57	1
202	58	1
202	59	1
130	131	1
129	132	1
130	133	1
130	134	1
131	135	1
130	136	1
131	137	1
130	138	1
131	139	1
130	140	1
130	141	1
130	142	1
130	143	1
129	144	1
130	145	1
130	146	1
130	147	1
130	148	1
130	149	1
130	150	1
131	151	1
130	152	1
130	153	1
130	154	1
130	155	1
130	156	1
130	157	1
130	158	1
130	159	1
130	160	1
130	161	1
130	162	1
130	163	1
130	164	1
130	165	1
130	166	1
130	167	1
130	168	1
130	169	1
130	170	1
130	171	1
130	172	1
130	173	1
130	174	1
130	175	1
129	130	1
131	176	1
