260	103	3
259	104	3
258	105	3
257	106	3
158	107	3
159	107	3
160	107	3
161	107	3
162	107	3
163	107	3
164	107	3
165	107	3
166	107	3
167	107	3
168	107	3
169	107	3
170	107	3
171	107	3
172	107	3
173	107	3
174	107	3
175	107	3
176	107	3
177	107	3
178	107	3
179	107	3
180	107	3
181	107	3
182	107	3
183	107	3
184	107	3
185	107	3
186	107	3
187	107	3
188	107	3
189	107	3
190	107	3
191	107	3
192	107	3
193	107	3
194	107	3
195	107	3
196	107	3
197	107	3
198	107	3
199	107	3
200	107	3
201	107	3
202	107	3
203	107	3
204	107	3
205	107	3
206	107	3
207	107	3
208	107	3
209	107	3
210	107	3
211	107	3
212	107	3
213	107	3
214	107	3
215	107	3
216	107	3
217	107	3
218	107	3
219	107	3
220	107	3
221	107	3
222	107	3
223	107	3
224	107	3
225	107	3
226	107	3
227	107	3
228	107	3
229	107	3
230	107	3
231	107	3
232	107	3
233	107	3
234	107	3
235	107	3
236	107	3
237	107	3
238	107	3
239	107	3
240	107	3
241	107	3
242	107	3
243	107	3
244	107	3
245	107	3
246	107	3
247	107	3
248	107	3
249	107	3
250	107	3
251	107	3
252	107	3
253	107	3
254	107	3
255	107	3
256	107	3
157	107	3
129	266	1
128	267	1
127	268	1
126	269	1
125	270	1
124	271	1
123	272	1
122	273	1
121	274	1
120	275	1
119	276	1
118	277	1
117	278	1
116	279	1
115	280	1
114	281	1
113	282	1
112	283	1
111	284	1
110	285	1
109	286	1
108	287	1
107	288	1
106	289	1
105	290	1
104	291	1
103	292	1
102	293	1
101	294	1
100	295	1
99	296	1
98	297	1
97	298	1
96	299	1
95	300	1
94	301	1
93	302	1
92	303	1
91	304	1
90	305	1
89	306	1
88	307	1
87	308	1
86	309	1
85	310	1
84	311	1
83	312	1
82	313	1
81	314	1
80	315	1
79	316	1
78	317	1
77	318	1
76	319	1
75	320	1
74	321	1
73	322	1
72	323	1
71	324	1
70	325	1
69	326	1
68	327	1
67	328	1
66	329	1
65	330	1
64	331	1
63	332	1
62	333	1
61	334	1
60	335	1
59	336	1
58	337	1
57	338	1
56	339	1
55	340	1
54	341	1
53	342	1
52	343	1
51	344	1
50	345	1
49	346	1
48	347	1
47	348	1
46	349	1
45	350	1
44	351	1
43	352	1
42	353	1
41	354	1
40	355	1
39	356	1
38	357	1
37	358	1
36	359	1
35	360	1
34	361	1
33	362	1
32	363	1
31	364	1
30	365	1
29	366	1
28	367	1
27	368	1
26	369	1
25	370	1
24	371	1
23	372	1
22	373	1
21	374	1
20	375	1
19	376	1
18	377	1
17	378	1
16	379	1
15	380	1
14	381	1
13	382	1
12	383	1
11	384	1
10	385	1
9	386	1
8	387	1
7	388	1
6	389	1
5	390	1
4	391	1
3	392	1
2	393	1
1	394	1
130	265	1
260	217	3
259	218	3
258	219	3
133	220	3
134	220	3
135	220	3
136	220	3
137	220	3
138	220	3
139	220	3
140	220	3
141	220	3
142	220	3
143	220	3
144	220	3
145	220	3
146	220	3
147	220	3
148	220	3
149	220	3
150	220	3
151	220	3
152	220	3
153	220	3
154	220	3
155	220	3
156	220	3
157	220	3
158	220	3
159	220	3
160	220	3
161	220	3
162	220	3
163	220	3
164	220	3
165	220	3
166	220	3
167	220	3
168	220	3
169	220	3
170	220	3
171	220	3
172	220	3
173	220	3
174	220	3
175	220	3
176	220	3
177	220	3
178	220	3
179	220	3
180	220	3
181	220	3
182	220	3
183	220	3
184	220	3
185	220	3
186	220	3
187	220	3
188	220	3
189	220	3
190	220	3
191	220	3
192	220	3
193	220	3
194	220	3
195	220	3
196	220	3
197	220	3
198	220	3
199	220	3
200	220	3
201	220	3
202	220	3
203	220	3
204	220	3
205	220	3
206	220	3
207	220	3
208	220	3
209	220	3
210	220	3
211	220	3
212	220	3
213	220	3
214	220	3
215	220	3
216	220	3
217	220	3
218	220	3
219	220	3
220	220	3
221	220	3
222	220	3
223	220	3
224	220	3
225	220	3
226	220	3
227	220	3
228	220	3
229	220	3
230	220	3
231	220	3
232	220	3
233	220	3
234	220	3
235	220	3
236	220	3
237	220	3
238	220	3
239	220	3
240	220	3
241	220	3
242	220	3
243	220	3
244	220	3
245	220	3
246	220	3
247	220	3
248	220	3
249	220	3
250	220	3
251	220	3
252	220	3
253	220	3
254	220	3
255	220	3
256	220	3
257	220	3
132	220	3
130	131	1
129	132	1
130	133	1
130	134	1
131	135	1
130	136	1
131	137	1
130	138	1
131	139	1
130	140	1
130	141	1
129	142	1
130	143	1
129	144	1
130	145	1
129	146	1
130	147	1
130	148	1
130	149	1
130	150	1
131	151	1
130	152	1
131	153	1
130	154	1
130	155	1
130	156	1
130	157	1
130	158	1
130	159	1
130	160	1
130	161	1
130	162	1
130	163	1
130	164	1
130	165	1
130	166	1
130	167	1
130	168	1
130	169	1
130	170	1
130	171	1
130	172	1
131	173	1
130	174	1
131	175	1
130	176	1
131	177	1
130	178	1
130	179	1
130	180	1
130	181	1
129	182	1
130	183	1
129	184	1
130	185	1
130	186	1
131	187	1
130	188	1
131	189	1
130	190	1
131	191	1
130	192	1
131	193	1
130	194	1
130	195	1
129	196	1
130	197	1
129	198	1
130	199	1
129	200	1
130	201	1
130	202	1
131	203	1
131	204	1
131	205	1
131	206	1
131	207	1
130	208	1
130	209	1
129	210	1
130	211	1
129	212	1
129	213	1
129	214	1
130	215	1
129	216	1
130	217	1
130	218	1
131	219	1
129	130	1
132	220	1
216	46	1
217	46	1
214	47	1
215	47	1
212	48	1
213	48	1
210	49	1
211	49	1
208	50	1
209	50	1
206	51	1
207	51	1
205	52	1
204	53	1
204	54	1
203	55	1
202	56	1
202	57	1
202	58	1
202	59	1
218	45	1
202	60	1
132	265	1
133	266	1
133	267	1
133	268	1
134	269	1
135	270	1
135	271	1
135	272	1
136	273	1
137	274	1
138	274	1
139	275	1
140	275	1
141	276	1
142	276	1
143	277	1
144	278	1
145	279	1
146	279	1
147	280	1
147	281	1
148	282	1
149	283	1
149	284	1
149	285	1
150	286	1
151	287	1
152	288	1
153	289	1
154	290	1
155	291	1
156	291	1
157	292	1
158	292	1
159	293	1
160	294	1
161	295	1
162	296	1
163	297	1
163	298	1
163	299	1
164	300	1
165	301	1
166	302	1
167	303	1
168	304	1
169	305	1
170	305	1
171	306	1
172	306	1
173	307	1
174	308	1
175	309	1
176	310	1
177	311	1
177	312	1
177	313	1
178	314	1
179	315	1
180	316	1
181	317	1
182	318	1
183	319	1
184	319	1
185	320	1
186	320	1
187	321	1
188	322	1
189	323	1
190	324	1
191	325	1
191	326	1
192	327	1
193	328	1
193	329	1
194	330	1
195	331	1
196	332	1
197	333	1
198	333	1
199	334	1
200	335	1
201	336	1
202	336	1
203	337	1
204	338	1
205	339	1
205	340	1
206	341	1
207	342	1
207	343	1
208	344	1
209	345	1
210	346	1
211	347	1
212	347	1
213	348	1
214	348	1
215	349	1
216	350	1
217	351	1
218	352	1
219	353	1
220	354	1
221	355	1
221	356	1
221	357	1
222	358	1
223	359	1
224	360	1
225	361	1
226	362	1
227	363	1
228	363	1
229	364	1
230	364	1
231	365	1
232	366	1
233	367	1
234	368	1
235	369	1
235	370	1
235	371	1
236	372	1
237	373	1
238	374	1
239	375	1
240	376	1
241	377	1
242	377	1
243	378	1
244	378	1
245	379	1
246	380	1
247	381	1
248	382	1
249	383	1
250	384	1
251	385	1
251	386	1
251	387	1
252	388	1
253	389	1
254	390	1
255	391	1
256	391	1
257	392	1
258	393	1
259	394	1
260	394	1
131	265	1
184	77	1
185	77	1
182	78	1
183	78	1
180	79	1
181	79	1
178	80	1
179	80	1
177	81	1
176	82	1
174	83	1
175	83	1
173	84	1
172	85	1
172	86	1
172	87	1
172	88	1
172	89	1
186	76	1
172	90	1
170	92	1
171	92	1
168	93	1
169	93	1
166	94	1
167	94	1
164	95	1
165	95	1
162	96	1
163	96	1
161	97	1
160	98	1
159	99	1
158	100	1
157	101	1
156	102	1
156	103	1
156	104	1
156	105	1
172	91	1
156	106	1
234	30	3
235	30	3
236	30	3
237	30	3
238	30	3
239	30	3
240	30	3
241	30	3
242	30	3
243	30	3
244	30	3
245	30	3
246	30	3
247	30	3
248	30	3
249	30	3
250	30	3
251	30	3
252	30	3
253	30	3
254	30	3
255	30	3
256	30	3
257	30	3
258	30	3
259	30	3
260	30	3
261	30	3
262	30	3
233	29	3
154	108	1
155	108	1
152	109	1
153	109	1
150	110	1
151	110	1
148	111	1
149	111	1
146	112	1
147	112	1
145	113	1
144	114	1
143	115	1
142	116	1
142	117	1
142	118	1
142	119	1
142	120	1
156	107	1
141	121	1
260	77	4
259	76	4
142	122	1
143	122	1
144	122	1
145	122	1
146	122	1
147	122	1
148	122	1
149	122	1
150	122	1
151	122	1
152	122	1
153	122	1
154	122	1
155	122	1
156	122	1
157	122	1
158	122	1
159	122	1
160	122	1
161	122	1
162	122	1
163	122	1
164	122	1
165	122	1
166	122	1
167	122	1
168	122	1
169	122	1
170	122	1
171	122	1
172	122	1
173	122	1
174	122	1
175	122	1
176	122	1
177	122	1
178	122	1
179	122	1
180	122	1
181	122	1
182	122	1
183	122	1
184	122	1
185	122	1
186	122	1
187	122	1
188	122	1
189	122	1
190	122	1
191	122	1
192	122	1
193	122	1
194	122	1
195	122	1
196	122	1
197	122	1
198	122	1
199	122	1
200	122	1
201	122	1
202	122	1
203	122	1
204	122	1
205	122	1
206	122	1
207	122	1
208	122	1
209	122	1
210	122	1
211	122	1
212	122	1
213	122	1
214	122	1
215	122	1
216	122	1
217	122	1
218	122	1
219	122	1
220	122	1
221	122	1
222	122	1
223	122	1
224	122	1
225	122	1
226	122	1
227	122	1
228	122	1
229	122	1
230	122	1
231	122	1
232	122	1
233	122	1
234	122	1
235	122	1
236	122	1
237	122	1
238	122	1
239	122	1
240	122	1
241	122	1
242	122	1
243	122	1
244	122	1
245	122	1
246	122	1
247	122	1
248	122	1
249	122	1
250	122	1
251	122	1
252	122	1
253	122	1
254	122	1
255	122	1
256	122	1
257	122	1
258	123	1
259	124	1
260	125	1
141	121	1
200	62	1
201	62	1
198	63	1
199	63	1
196	64	1
197	64	1
194	65	1
195	65	1
192	66	1
193	66	1
190	67	1
191	67	1
189	68	1
188	69	1
188	70	1
188	71	1
187	72	1
186	73	1
186	74	1
202	61	1
186	75	1
2	2	1
3	3	1
4	4	1
5	5	1
6	6	1
7	7	1
8	8	1
9	9	1
10	10	1
11	11	1
12	12	1
13	13	1
14	14	1
15	15	1
16	16	1
17	17	1
18	18	1
19	19	1
20	20	1
21	21	1
22	22	1
23	23	1
24	24	1
25	25	1
26	26	1
27	27	1
28	28	1
29	29	1
30	30	1
31	31	1
32	32	1
33	33	1
34	34	1
35	35	1
36	36	1
37	37	1
38	38	1
39	39	1
40	40	1
41	41	1
42	42	1
43	43	1
44	44	1
45	45	1
46	46	1
47	47	1
48	48	1
49	49	1
50	50	1
51	51	1
52	52	1
53	53	1
54	54	1
55	55	1
56	56	1
57	57	1
58	58	1
59	59	1
60	60	1
61	61	1
62	62	1
63	63	1
64	64	1
65	65	1
66	66	1
67	67	1
68	68	1
69	69	1
70	70	1
71	71	1
72	72	1
73	73	1
74	74	1
75	75	1
76	76	1
77	77	1
78	78	1
79	79	1
80	80	1
81	81	1
82	82	1
83	83	1
84	84	1
85	85	1
86	86	1
87	87	1
88	88	1
89	89	1
90	90	1
91	91	1
92	92	1
93	93	1
94	94	1
95	95	1
96	96	1
97	97	1
98	98	1
99	99	1
100	100	1
101	101	1
102	102	1
103	103	1
104	104	1
105	105	1
106	106	1
107	107	1
108	108	1
109	109	1
110	110	1
111	111	1
112	112	1
113	113	1
114	114	1
115	115	1
116	116	1
117	117	1
118	118	1
119	119	1
120	120	1
121	121	1
122	122	1
123	123	1
124	124	1
125	125	1
126	126	1
127	127	1
128	128	1
129	129	1
140	122	1
138	123	1
139	123	1
136	124	1
137	124	1
134	125	1
135	125	1
133	126	1
132	127	1
131	128	1
141	121	1
130	129	1
260	75	4
259	76	4
131	221	1
131	222	1
131	223	1
130	224	1
130	225	1
129	226	1
129	227	1
129	228	1
129	229	1
129	230	1
130	231	1
130	232	1
131	233	1
131	234	1
131	235	1
131	236	1
131	237	1
130	238	1
130	239	1
129	240	1
130	241	1
129	242	1
129	243	1
129	244	1
130	245	1
129	246	1
130	247	1
130	248	1
131	249	1
131	250	1
131	251	1
131	252	1
131	253	1
130	254	1
130	255	1
129	256	1
130	257	1
129	258	1
129	259	1
129	260	1
130	261	1
130	262	1
131	263	1
132	220	1
130	264	1
220	45	4
221	45	4
222	45	4
223	45	4
224	45	4
225	45	4
226	45	4
227	45	4
228	45	4
229	45	4
230	45	4
231	45	4
232	45	4
233	45	4
234	45	4
235	45	4
236	45	4
237	45	4
238	45	4
239	45	4
240	45	4
241	45	4
242	45	4
243	45	4
244	45	4
245	45	4
246	45	4
247	45	4
248	45	4
249	45	4
250	45	4
251	45	4
252	45	4
253	45	4
254	45	4
255	45	4
256	45	4
257	46	4
258	47	4
259	48	4
260	49	4
219	45	4
188	76	4
189	76	4
190	76	4
191	76	4
192	76	4
193	76	4
194	76	4
195	76	4
196	76	4
197	76	4
198	76	4
199	76	4
200	76	4
201	76	4
202	76	4
203	76	4
204	76	4
205	76	4
206	76	4
207	76	4
208	76	4
209	76	4
210	76	4
211	76	4
212	76	4
213	76	4
214	76	4
215	76	4
216	76	4
217	76	4
218	76	4
219	76	4
220	76	4
221	76	4
222	76	4
223	76	4
224	76	4
225	76	4
226	76	4
227	76	4
228	76	4
229	76	4
230	76	4
231	76	4
232	76	4
233	76	4
234	76	4
235	76	4
236	76	4
237	76	4
238	76	4
239	76	4
240	76	4
241	76	4
242	76	4
243	76	4
244	76	4
245	76	4
246	76	4
247	76	4
248	76	4
249	76	4
250	76	4
251	76	4
252	76	4
253	76	4
254	76	4
255	76	4
256	76	4
257	76	4
258	76	4
187	76	4
259	76	4
260	59	3
259	60	3
204	61	3
205	61	3
206	61	3
207	61	3
208	61	3
209	61	3
210	61	3
211	61	3
212	61	3
213	61	3
214	61	3
215	61	3
216	61	3
217	61	3
218	61	3
219	61	3
220	61	3
221	61	3
222	61	3
223	61	3
224	61	3
225	61	3
226	61	3
227	61	3
228	61	3
229	61	3
230	61	3
231	61	3
232	61	3
233	61	3
234	61	3
235	61	3
236	61	3
237	61	3
238	61	3
239	61	3
240	61	3
241	61	3
242	61	3
243	61	3
244	61	3
245	61	3
246	61	3
247	61	3
248	61	3
249	61	3
250	61	3
251	61	3
252	61	3
253	61	3
254	61	3
255	61	3
256	61	3
257	61	3
258	61	3
203	61	3
232	30	1
231	31	1
230	32	1
228	33	1
229	33	1
226	34	1
227	34	1
224	35	1
225	35	1
222	36	1
223	36	1
221	37	1
220	38	1
219	39	1
218	40	1
218	41	1
218	42	1
218	43	1
233	29	1
218	44	1
258	1	1
257	2	1
256	3	1
256	4	1
254	5	1
255	5	1
252	6	1
253	6	1
251	7	1
250	8	1
250	9	1
250	10	1
250	11	1
249	12	1
248	13	1
248	14	1
246	15	1
247	15	1
245	16	1
244	17	1
242	18	1
243	18	1
240	19	1
241	19	1
238	20	1
239	20	1
237	21	1
236	22	1
235	23	1
234	24	1
234	25	1
234	26	1
234	27	1
234	28	1
233	29	1
174	91	4
175	91	4
176	91	4
177	91	4
178	91	4
179	91	4
180	91	4
181	91	4
182	91	4
183	91	4
184	91	4
185	91	4
186	91	4
187	91	4
188	91	4
189	91	4
190	91	4
191	91	4
192	91	4
193	91	4
194	91	4
195	91	4
196	91	4
197	91	4
198	91	4
199	91	4
200	91	4
201	91	4
202	91	4
203	91	4
204	91	4
205	91	4
206	91	4
207	91	4
208	91	4
209	91	4
210	91	4
211	91	4
212	91	4
213	91	4
214	91	4
215	91	4
216	91	4
217	91	4
218	91	4
219	91	4
220	91	4
221	91	4
222	91	4
223	91	4
224	91	4
225	91	4
226	91	4
227	91	4
228	91	4
229	91	4
230	91	4
231	91	4
232	91	4
233	91	4
234	91	4
235	91	4
236	91	4
237	91	4
238	91	4
239	91	4
240	91	4
241	91	4
242	91	4
243	91	4
244	91	4
245	91	4
246	91	4
247	91	4
248	91	4
249	91	4
250	91	4
251	91	4
252	91	4
253	91	4
254	91	4
255	91	4
256	91	4
257	91	4
258	91	4
259	91	4
260	91	4
261	92	4
262	93	4
173	91	4
