265	236	11
265	237	11
264	238	11
287	110	11
286	109	11
288	109	11
262	72	4
261	73	4
269	202	9
271	202	9
273	202	9
270	203	9
272	203	9
274	203	9
275	203	9
276	203	9
277	204	9
268	201	9
250	1	1
248	2	1
249	2	1
247	3	1
246	4	1
258	237	6
259	237	6
260	238	6
262	238	6
261	239	6
263	239	6
257	236	6
264	238	6
258	73	4
259	73	4
260	73	4
257	74	4
256	75	4
261	73	4
255	76	4
267	173	10
266	174	10
265	175	10
280	111	11
281	112	11
280	110	11
190	62	1
191	62	1
188	63	1
189	63	1
186	64	1
187	64	1
184	65	1
185	65	1
182	66	1
183	66	1
180	67	1
181	67	1
179	68	1
178	69	1
177	70	1
176	71	1
176	72	1
176	73	1
176	74	1
192	61	1
176	75	1
272	279	9
268	280	9
269	280	9
270	280	9
271	280	9
273	280	9
267	279	9
262	74	4
261	73	4
265	154	11
266	155	11
264	153	11
141	280	1
142	280	1
143	280	1
144	280	1
145	280	1
146	280	1
147	280	1
148	280	1
149	280	1
150	280	1
151	280	1
152	280	1
153	280	1
154	280	1
155	280	1
156	280	1
157	280	1
158	280	1
159	280	1
160	280	1
161	280	1
162	280	1
163	280	1
164	280	1
165	280	1
166	280	1
167	280	1
168	280	1
169	280	1
170	280	1
171	280	1
172	280	1
173	280	1
174	280	1
175	280	1
176	280	1
177	280	1
178	280	1
179	280	1
180	280	1
181	280	1
182	280	1
183	280	1
184	280	1
185	280	1
186	280	1
187	280	1
188	280	1
189	280	1
190	280	1
191	280	1
192	280	1
193	280	1
194	280	1
195	280	1
196	280	1
197	280	1
198	280	1
199	280	1
200	280	1
201	280	1
202	280	1
203	280	1
204	280	1
205	280	1
206	280	1
207	280	1
208	280	1
209	280	1
210	280	1
211	280	1
212	280	1
213	280	1
214	280	1
215	280	1
216	280	1
217	280	1
218	280	1
219	280	1
220	280	1
221	280	1
222	280	1
223	280	1
224	280	1
225	280	1
226	280	1
227	280	1
228	280	1
229	280	1
230	280	1
231	280	1
232	280	1
233	280	1
234	280	1
235	280	1
236	280	1
237	280	1
238	280	1
239	280	1
240	280	1
241	280	1
242	280	1
243	280	1
244	280	1
245	280	1
246	280	1
247	280	1
248	280	1
249	280	1
250	280	1
251	280	1
252	280	1
253	280	1
255	280	1
257	280	1
259	280	1
261	280	1
254	281	1
256	281	1
258	281	1
260	281	1
262	281	1
140	280	1
263	281	1
248	5	1
249	5	1
250	6	1
251	6	1
252	6	1
253	6	1
254	6	1
255	6	1
247	5	1
128	153	1
127	154	1
127	155	1
126	156	1
126	157	1
126	158	1
127	159	1
127	160	1
128	161	1
128	162	1
129	152	1
129	163	1
261	162	10
260	163	10
263	247	5
261	248	5
262	248	5
260	249	5
259	250	5
268	117	8
266	118	8
267	118	8
265	119	8
266	385	10
267	386	10
266	384	10
144	108	1
145	108	1
142	109	1
143	109	1
140	110	1
141	110	1
138	111	1
139	111	1
136	112	1
137	112	1
135	113	1
134	114	1
133	115	1
132	116	1
132	117	1
132	118	1
132	119	1
132	120	1
146	107	1
132	121	1
264	282	7
279	282	7
265	283	7
270	283	7
272	283	7
274	283	7
276	283	7
277	283	7
278	283	7
266	284	7
267	284	7
268	284	7
269	284	7
271	284	7
273	284	7
275	284	7
263	281	7
271	6	8
271	7	8
270	8	8
269	9	8
270	10	8
269	11	8
268	12	8
278	8	10
278	9	10
277	10	10
277	11	10
276	12	10
286	11	11
285	12	11
267	335	8
266	336	8
265	337	8
265	338	8
264	280	7
265	280	7
266	279	7
263	281	7
263	121	6
264	121	6
265	120	6
262	122	6
267	121	8
268	121	8
269	121	8
270	121	8
266	120	8
271	121	8
244	6	1
245	6	1
242	7	1
243	7	1
240	8	1
241	8	1
239	9	1
238	10	1
238	11	1
238	12	1
238	13	1
246	5	1
238	14	1
261	12	1
263	12	1
258	13	1
259	13	1
260	13	1
262	13	1
250	14	1
255	14	1
256	14	1
257	14	1
240	15	1
241	15	1
242	15	1
243	15	1
244	15	1
245	15	1
246	15	1
247	15	1
248	15	1
249	15	1
251	15	1
252	15	1
253	15	1
254	15	1
264	13	1
239	15	1
265	12	8
266	12	8
267	13	8
268	12	8
264	13	8
260	354	6
261	355	6
262	356	6
263	356	6
264	356	6
259	353	6
265	152	9
266	152	9
267	152	9
268	153	9
264	153	9
269	13	8
270	13	8
272	13	8
273	13	8
274	13	8
275	13	8
271	14	8
268	12	8
276	12	8
268	339	8
269	339	8
270	339	8
272	339	8
274	339	8
271	340	8
273	340	8
275	340	8
267	339	8
139	282	1
139	283	1
139	284	1
139	285	1
140	286	1
141	287	1
142	288	1
143	289	1
144	289	1
145	290	1
146	290	1
147	291	1
148	291	1
149	292	1
150	292	1
151	293	1
152	293	1
153	294	1
154	294	1
139	281	1
155	295	1
264	291	6
262	292	6
263	292	6
261	293	6
261	294	6
260	295	6
257	204	1
259	204	1
251	205	1
253	205	1
255	205	1
256	205	1
258	205	1
260	205	1
261	205	1
262	205	1
129	206	1
130	206	1
131	206	1
132	206	1
133	206	1
134	206	1
135	206	1
136	206	1
137	206	1
138	206	1
139	206	1
140	206	1
141	206	1
142	206	1
143	206	1
144	206	1
145	206	1
146	206	1
147	206	1
148	206	1
149	206	1
150	206	1
151	206	1
152	206	1
153	206	1
154	206	1
155	206	1
156	206	1
157	206	1
158	206	1
159	206	1
160	206	1
161	206	1
162	206	1
163	206	1
164	206	1
165	206	1
166	206	1
167	206	1
168	206	1
169	206	1
170	206	1
171	206	1
172	206	1
173	206	1
174	206	1
175	206	1
176	206	1
177	206	1
178	206	1
179	206	1
180	206	1
181	206	1
182	206	1
183	206	1
184	206	1
185	206	1
186	206	1
187	206	1
188	206	1
189	206	1
190	206	1
191	206	1
192	206	1
193	206	1
194	206	1
195	206	1
196	206	1
197	206	1
198	206	1
199	206	1
200	206	1
201	206	1
202	206	1
203	206	1
204	206	1
205	206	1
206	206	1
207	206	1
208	206	1
209	206	1
210	206	1
211	206	1
212	206	1
213	206	1
214	206	1
215	206	1
216	206	1
217	206	1
218	206	1
219	206	1
220	206	1
221	206	1
222	206	1
223	206	1
224	206	1
225	206	1
226	206	1
227	206	1
228	206	1
229	206	1
230	206	1
231	206	1
232	206	1
233	206	1
234	206	1
235	206	1
236	206	1
237	206	1
238	206	1
239	206	1
240	206	1
241	206	1
242	206	1
243	206	1
244	206	1
245	206	1
246	206	1
247	206	1
248	206	1
249	206	1
250	206	1
252	206	1
254	206	1
263	205	1
128	206	1
266	341	8
267	342	8
266	340	8
266	104	6
267	104	6
265	105	6
268	103	6
264	106	6
284	12	10
277	13	10
282	13	10
283	13	10
278	14	10
279	14	10
280	14	10
281	14	10
276	12	10
285	12	10
286	13	11
288	13	11
287	14	11
285	12	11
268	349	9
267	350	9
270	253	10
271	254	10
270	252	10
270	265	10
271	266	10
272	266	10
273	266	10
275	266	10
276	266	10
274	267	10
269	264	10
248	75	1
249	75	1
178	76	1
179	76	1
180	76	1
181	76	1
182	76	1
183	76	1
184	76	1
185	76	1
186	76	1
187	76	1
188	76	1
189	76	1
190	76	1
191	76	1
192	76	1
193	76	1
194	76	1
195	76	1
196	76	1
197	76	1
198	76	1
199	76	1
200	76	1
201	76	1
202	76	1
203	76	1
204	76	1
205	76	1
206	76	1
207	76	1
208	76	1
209	76	1
210	76	1
211	76	1
212	76	1
213	76	1
214	76	1
215	76	1
216	76	1
217	76	1
218	76	1
219	76	1
220	76	1
221	76	1
222	76	1
223	76	1
224	76	1
225	76	1
226	76	1
227	76	1
228	76	1
229	76	1
230	76	1
231	76	1
232	76	1
233	76	1
234	76	1
235	76	1
236	76	1
237	76	1
238	76	1
239	76	1
240	76	1
241	76	1
242	76	1
243	76	1
244	76	1
245	76	1
246	76	1
247	76	1
250	76	1
251	76	1
252	76	1
253	76	1
254	76	1
177	76	1
255	76	1
269	76	6
270	76	6
268	77	6
264	14	9
264	15	9
264	16	9
264	13	9
271	350	11
270	351	11
269	352	11
197	339	1
197	340	1
197	341	1
198	342	1
199	343	1
199	344	1
200	345	1
201	346	1
202	347	1
203	348	1
204	348	1
205	349	1
206	349	1
207	350	1
208	350	1
209	351	1
210	351	1
211	352	1
212	352	1
197	338	1
213	353	1
264	350	6
262	351	6
263	351	6
265	351	6
260	352	6
261	352	6
266	351	6
259	353	6
268	352	9
267	351	9
269	352	9
278	74	8
277	75	8
279	75	8
280	75	8
282	75	8
284	75	8
276	76	8
281	76	8
283	76	8
285	76	8
286	76	8
287	76	8
288	76	8
289	76	8
290	76	8
291	76	8
276	77	8
292	77	8
276	78	8
277	79	8
278	80	8
267	24	8
267	25	8
266	26	8
256	77	4
257	77	4
266	77	4
267	77	4
258	78	4
260	78	4
262	78	4
263	78	4
264	78	4
265	78	4
259	79	4
261	79	4
255	76	4
268	77	4
127	237	1
126	238	1
126	239	1
125	240	1
125	241	1
124	242	1
124	243	1
124	244	1
125	245	1
125	246	1
126	247	1
126	248	1
127	249	1
128	236	1
128	250	1
281	78	9
282	78	9
283	78	9
284	78	9
279	79	9
280	79	9
278	80	9
127	267	1
126	268	1
126	269	1
125	270	1
128	266	1
124	271	1
275	27	8
276	27	8
277	27	8
268	28	8
269	28	8
271	28	8
272	28	8
273	28	8
274	28	8
270	29	8
267	27	8
278	27	8
265	206	7
266	207	7
267	207	7
268	208	7
264	205	7
272	77	6
269	78	6
271	78	6
270	79	6
268	77	6
236	16	1
237	16	1
234	17	1
235	17	1
232	18	1
233	18	1
230	19	1
231	19	1
228	20	1
229	20	1
227	21	1
226	22	1
225	23	1
224	24	1
224	25	1
224	26	1
224	27	1
224	28	1
238	15	1
224	29	1
280	249	11
279	250	11
278	251	11
130	163	1
131	163	1
132	163	1
133	163	1
134	163	1
135	163	1
136	163	1
137	163	1
138	163	1
139	163	1
140	163	1
141	163	1
142	163	1
143	163	1
144	163	1
145	163	1
146	163	1
147	163	1
148	163	1
149	163	1
150	163	1
151	163	1
152	163	1
153	163	1
154	163	1
155	163	1
156	163	1
157	163	1
158	163	1
159	163	1
160	163	1
161	163	1
162	163	1
163	163	1
164	163	1
165	163	1
166	163	1
167	163	1
168	163	1
169	163	1
170	163	1
171	163	1
172	163	1
173	163	1
174	163	1
175	163	1
176	163	1
177	163	1
178	163	1
179	163	1
180	163	1
181	163	1
182	163	1
183	163	1
184	163	1
185	163	1
186	163	1
187	163	1
188	163	1
189	163	1
190	163	1
191	163	1
192	163	1
193	163	1
194	163	1
195	163	1
196	163	1
197	163	1
198	163	1
199	163	1
200	163	1
201	163	1
202	163	1
203	163	1
204	163	1
205	163	1
206	163	1
207	163	1
208	163	1
209	163	1
210	163	1
211	163	1
212	163	1
213	163	1
214	163	1
215	163	1
216	163	1
217	163	1
218	163	1
219	163	1
220	163	1
221	163	1
222	163	1
223	163	1
224	163	1
225	163	1
226	163	1
227	163	1
228	163	1
229	163	1
230	163	1
231	163	1
232	163	1
233	163	1
234	163	1
235	163	1
236	163	1
237	163	1
238	163	1
239	163	1
240	163	1
241	163	1
242	163	1
243	163	1
244	163	1
245	163	1
246	163	1
247	163	1
248	163	1
249	163	1
250	163	1
251	163	1
252	163	1
253	163	1
254	163	1
255	163	1
256	163	1
257	163	1
258	163	1
259	163	1
129	163	1
260	163	1
169	311	1
169	312	1
169	313	1
169	314	1
170	315	1
171	316	1
172	317	1
173	318	1
174	318	1
175	319	1
176	319	1
177	320	1
178	320	1
179	321	1
180	321	1
181	322	1
182	322	1
169	310	1
183	323	1
261	164	9
260	163	9
129	250	1
130	250	1
131	250	1
132	250	1
133	250	1
134	250	1
135	250	1
136	250	1
137	250	1
138	250	1
139	250	1
140	250	1
141	250	1
142	250	1
143	250	1
144	250	1
145	250	1
146	250	1
147	250	1
148	250	1
149	250	1
150	250	1
151	250	1
152	250	1
153	250	1
154	250	1
155	250	1
156	250	1
157	250	1
158	250	1
159	250	1
160	250	1
161	250	1
162	250	1
163	250	1
164	250	1
165	250	1
166	250	1
167	250	1
168	250	1
169	250	1
170	250	1
171	250	1
172	250	1
173	250	1
174	250	1
175	250	1
176	250	1
177	250	1
178	250	1
179	250	1
180	250	1
181	250	1
182	250	1
183	250	1
184	250	1
185	250	1
186	250	1
187	250	1
188	250	1
189	250	1
190	250	1
191	250	1
192	250	1
193	250	1
194	250	1
195	250	1
196	250	1
197	250	1
198	250	1
199	250	1
200	250	1
201	250	1
202	250	1
203	250	1
204	250	1
205	250	1
206	250	1
207	250	1
208	250	1
209	250	1
210	250	1
211	250	1
212	250	1
213	250	1
214	250	1
215	250	1
216	250	1
217	250	1
218	250	1
219	250	1
220	250	1
221	250	1
222	250	1
223	250	1
224	250	1
225	250	1
226	250	1
227	250	1
228	250	1
229	250	1
230	250	1
231	250	1
232	250	1
233	250	1
234	250	1
235	250	1
236	250	1
237	250	1
238	250	1
239	250	1
240	250	1
241	250	1
242	250	1
243	250	1
244	250	1
245	250	1
246	250	1
247	250	1
248	250	1
249	250	1
250	250	1
258	250	1
251	251	1
252	251	1
253	251	1
254	251	1
255	251	1
256	251	1
257	251	1
128	250	1
259	250	1
266	216	6
267	216	6
265	217	6
264	218	6
264	219	6
271	216	9
272	216	9
270	217	9
269	218	9
269	219	9
127	207	1
126	208	1
126	209	1
125	210	1
125	211	1
124	212	1
124	213	1
124	214	1
125	215	1
125	216	1
126	217	1
126	218	1
127	219	1
128	206	1
128	220	1
265	28	6
264	29	6
266	27	6
263	30	6
213	355	1
213	356	1
213	357	1
213	358	1
214	359	1
215	360	1
216	361	1
217	362	1
218	362	1
219	363	1
220	363	1
221	364	1
222	364	1
223	365	1
224	365	1
225	366	1
226	366	1
213	354	1
227	367	1
273	250	9
271	251	9
272	251	9
274	251	9
275	251	9
276	251	9
277	251	9
278	251	9
270	252	9
128	164	1
128	165	1
127	166	1
127	167	1
126	168	1
126	169	1
126	170	1
127	171	1
126	172	1
127	173	1
127	174	1
128	175	1
129	163	1
129	176	1
277	218	9
274	219	9
275	219	9
276	219	9
278	219	9
271	220	9
272	220	9
273	220	9
270	220	9
270	353	11
272	353	11
271	354	11
269	352	11
250	121	1
251	121	1
252	121	1
254	121	1
256	121	1
258	121	1
260	121	1
261	121	1
134	122	1
135	122	1
136	122	1
137	122	1
138	122	1
139	122	1
140	122	1
141	122	1
142	122	1
143	122	1
144	122	1
145	122	1
146	122	1
147	122	1
148	122	1
149	122	1
150	122	1
151	122	1
152	122	1
153	122	1
154	122	1
155	122	1
156	122	1
157	122	1
158	122	1
159	122	1
160	122	1
161	122	1
162	122	1
163	122	1
164	122	1
165	122	1
166	122	1
167	122	1
168	122	1
169	122	1
170	122	1
171	122	1
172	122	1
173	122	1
174	122	1
175	122	1
176	122	1
177	122	1
178	122	1
179	122	1
180	122	1
181	122	1
182	122	1
183	122	1
184	122	1
185	122	1
186	122	1
187	122	1
188	122	1
189	122	1
190	122	1
191	122	1
192	122	1
193	122	1
194	122	1
195	122	1
196	122	1
197	122	1
198	122	1
199	122	1
200	122	1
201	122	1
202	122	1
203	122	1
204	122	1
205	122	1
206	122	1
207	122	1
208	122	1
209	122	1
210	122	1
211	122	1
212	122	1
213	122	1
214	122	1
215	122	1
216	122	1
217	122	1
218	122	1
219	122	1
220	122	1
221	122	1
222	122	1
223	122	1
224	122	1
225	122	1
226	122	1
227	122	1
228	122	1
229	122	1
230	122	1
231	122	1
232	122	1
233	122	1
234	122	1
235	122	1
236	122	1
237	122	1
238	122	1
239	122	1
240	122	1
241	122	1
242	122	1
243	122	1
244	122	1
245	122	1
246	122	1
247	122	1
248	122	1
249	122	1
253	122	1
255	122	1
257	122	1
259	122	1
133	122	1
262	122	1
266	176	10
267	176	10
268	177	10
265	175	10
252	294	1
157	295	1
158	295	1
159	295	1
160	295	1
161	295	1
162	295	1
163	295	1
164	295	1
165	295	1
166	295	1
167	295	1
168	295	1
169	295	1
170	295	1
171	295	1
172	295	1
173	295	1
174	295	1
175	295	1
176	295	1
177	295	1
178	295	1
179	295	1
180	295	1
181	295	1
182	295	1
183	295	1
184	295	1
185	295	1
186	295	1
187	295	1
188	295	1
189	295	1
190	295	1
191	295	1
192	295	1
193	295	1
194	295	1
195	295	1
196	295	1
197	295	1
198	295	1
199	295	1
200	295	1
201	295	1
202	295	1
203	295	1
204	295	1
205	295	1
206	295	1
207	295	1
208	295	1
209	295	1
210	295	1
211	295	1
212	295	1
213	295	1
214	295	1
215	295	1
216	295	1
217	295	1
218	295	1
219	295	1
220	295	1
221	295	1
222	295	1
223	295	1
224	295	1
225	295	1
226	295	1
227	295	1
228	295	1
229	295	1
230	295	1
231	295	1
232	295	1
233	295	1
234	295	1
235	295	1
236	295	1
237	295	1
238	295	1
239	295	1
240	295	1
241	295	1
242	295	1
243	295	1
244	295	1
245	295	1
246	295	1
247	295	1
248	295	1
249	295	1
250	295	1
251	295	1
253	295	1
254	295	1
255	295	1
256	295	1
257	295	1
258	295	1
259	295	1
156	295	1
260	295	1
279	252	11
281	252	11
282	252	11
283	252	11
280	253	11
278	251	11
260	251	5
268	251	5
269	251	5
261	252	5
262	252	5
264	252	5
266	252	5
267	252	5
263	253	5
265	253	5
259	250	5
270	252	5
262	88	4
264	88	4
266	88	4
268	88	4
269	88	4
270	88	4
271	88	4
260	89	4
261	89	4
263	89	4
265	89	4
267	89	4
259	90	4
257	91	4
258	91	4
256	92	4
127	221	1
126	222	1
126	223	1
125	224	1
125	225	1
124	226	1
124	227	1
124	228	1
124	229	1
124	230	1
125	231	1
125	232	1
126	233	1
126	234	1
127	235	1
128	220	1
128	236	1
174	77	1
175	77	1
172	78	1
173	78	1
170	79	1
171	79	1
168	80	1
169	80	1
166	81	1
167	81	1
165	82	1
164	83	1
163	84	1
162	85	1
162	86	1
162	87	1
162	88	1
162	89	1
176	76	1
162	90	1
2	2	1
3	3	1
4	4	1
5	5	1
6	6	1
7	7	1
8	8	1
9	9	1
10	10	1
11	11	1
12	12	1
13	13	1
14	14	1
15	15	1
16	16	1
17	17	1
18	18	1
19	19	1
20	20	1
21	21	1
22	22	1
23	23	1
24	24	1
25	25	1
26	26	1
27	27	1
28	28	1
29	29	1
30	30	1
31	31	1
32	32	1
33	33	1
34	34	1
35	35	1
36	36	1
37	37	1
38	38	1
39	39	1
40	40	1
41	41	1
42	42	1
43	43	1
44	44	1
45	45	1
46	46	1
47	47	1
48	48	1
49	49	1
50	50	1
51	51	1
52	52	1
53	53	1
54	54	1
55	55	1
56	56	1
57	57	1
58	58	1
59	59	1
60	60	1
61	61	1
62	62	1
63	63	1
64	64	1
65	65	1
66	66	1
67	67	1
68	68	1
69	69	1
70	70	1
71	71	1
72	72	1
73	73	1
74	74	1
75	75	1
76	76	1
77	77	1
78	78	1
79	79	1
80	80	1
81	81	1
82	82	1
83	83	1
84	84	1
85	85	1
86	86	1
87	87	1
88	88	1
89	89	1
90	90	1
91	91	1
92	92	1
93	93	1
94	94	1
95	95	1
96	96	1
97	97	1
98	98	1
99	99	1
100	100	1
101	101	1
102	102	1
103	103	1
104	104	1
105	105	1
106	106	1
107	107	1
108	108	1
109	109	1
110	110	1
111	111	1
112	112	1
113	113	1
114	114	1
115	115	1
116	116	1
117	117	1
118	118	1
119	119	1
120	120	1
121	121	1
122	122	1
123	123	1
124	124	1
125	125	1
272	122	9
273	123	9
274	123	9
275	124	9
271	121	9
261	296	6
262	297	6
263	297	6
265	297	6
266	297	6
267	297	6
268	297	6
269	297	6
264	298	6
260	295	6
130	123	1
131	123	1
128	124	1
129	124	1
127	125	1
132	122	1
126	125	1
226	30	1
227	30	1
228	30	1
229	30	1
230	30	1
231	30	1
232	30	1
233	30	1
234	30	1
235	30	1
236	30	1
237	30	1
238	30	1
239	30	1
240	30	1
241	30	1
242	30	1
243	30	1
244	30	1
245	30	1
246	30	1
247	30	1
248	30	1
249	30	1
250	30	1
251	30	1
252	30	1
253	30	1
254	30	1
225	30	1
255	31	1
259	28	4
261	28	4
257	29	4
258	29	4
260	29	4
262	29	4
256	30	4
263	30	4
255	31	4
271	262	10
272	262	10
273	262	10
274	262	10
275	262	10
276	262	10
277	262	10
270	263	10
269	264	10
252	151	1
253	151	1
254	151	1
256	151	1
257	151	1
258	151	1
259	151	1
130	152	1
131	152	1
132	152	1
133	152	1
134	152	1
135	152	1
136	152	1
137	152	1
138	152	1
139	152	1
140	152	1
141	152	1
142	152	1
143	152	1
144	152	1
145	152	1
146	152	1
147	152	1
148	152	1
149	152	1
150	152	1
151	152	1
152	152	1
153	152	1
154	152	1
155	152	1
156	152	1
157	152	1
158	152	1
159	152	1
160	152	1
161	152	1
162	152	1
163	152	1
164	152	1
165	152	1
166	152	1
167	152	1
168	152	1
169	152	1
170	152	1
171	152	1
172	152	1
173	152	1
174	152	1
175	152	1
176	152	1
177	152	1
178	152	1
179	152	1
180	152	1
181	152	1
182	152	1
183	152	1
184	152	1
185	152	1
186	152	1
187	152	1
188	152	1
189	152	1
190	152	1
191	152	1
192	152	1
193	152	1
194	152	1
195	152	1
196	152	1
197	152	1
198	152	1
199	152	1
200	152	1
201	152	1
202	152	1
203	152	1
204	152	1
205	152	1
206	152	1
207	152	1
208	152	1
209	152	1
210	152	1
211	152	1
212	152	1
213	152	1
214	152	1
215	152	1
216	152	1
217	152	1
218	152	1
219	152	1
220	152	1
221	152	1
222	152	1
223	152	1
224	152	1
225	152	1
226	152	1
227	152	1
228	152	1
229	152	1
230	152	1
231	152	1
232	152	1
233	152	1
234	152	1
235	152	1
236	152	1
237	152	1
238	152	1
239	152	1
240	152	1
241	152	1
242	152	1
243	152	1
244	152	1
245	152	1
246	152	1
247	152	1
248	152	1
249	152	1
250	152	1
251	152	1
255	152	1
260	152	1
261	152	1
262	152	1
263	152	1
129	152	1
264	153	1
263	123	6
264	124	6
265	125	6
266	126	6
267	126	6
268	126	6
269	127	6
270	127	6
271	128	6
272	128	6
262	122	6
266	263	6
267	263	6
268	263	6
265	264	6
264	265	6
269	264	6
263	266	6
267	362	8
266	363	8
268	363	8
265	364	8
265	365	8
265	366	8
127	251	1
126	252	1
126	253	1
125	254	1
125	255	1
124	256	1
124	257	1
124	258	1
124	259	1
124	260	1
125	261	1
125	262	1
126	263	1
126	264	1
127	265	1
128	250	1
128	266	1
125	127	1
124	128	1
124	129	1
124	130	1
125	131	1
125	132	1
126	133	1
126	134	1
127	135	1
127	136	1
125	126	1
128	137	1
274	365	10
272	366	10
273	366	10
271	367	10
128	191	1
127	192	1
127	193	1
126	194	1
126	195	1
125	196	1
125	197	1
124	198	1
125	199	1
125	200	1
125	201	1
125	202	1
126	203	1
126	204	1
127	205	1
129	190	1
128	206	1
251	265	1
254	265	1
256	265	1
257	265	1
258	265	1
259	265	1
260	265	1
261	265	1
262	265	1
129	266	1
130	266	1
131	266	1
132	266	1
133	266	1
134	266	1
135	266	1
136	266	1
137	266	1
138	266	1
139	266	1
140	266	1
141	266	1
142	266	1
143	266	1
144	266	1
145	266	1
146	266	1
147	266	1
148	266	1
149	266	1
150	266	1
151	266	1
152	266	1
153	266	1
154	266	1
155	266	1
156	266	1
157	266	1
158	266	1
159	266	1
160	266	1
161	266	1
162	266	1
163	266	1
164	266	1
165	266	1
166	266	1
167	266	1
168	266	1
169	266	1
170	266	1
171	266	1
172	266	1
173	266	1
174	266	1
175	266	1
176	266	1
177	266	1
178	266	1
179	266	1
180	266	1
181	266	1
182	266	1
183	266	1
184	266	1
185	266	1
186	266	1
187	266	1
188	266	1
189	266	1
190	266	1
191	266	1
192	266	1
193	266	1
194	266	1
195	266	1
196	266	1
197	266	1
198	266	1
199	266	1
200	266	1
201	266	1
202	266	1
203	266	1
204	266	1
205	266	1
206	266	1
207	266	1
208	266	1
209	266	1
210	266	1
211	266	1
212	266	1
213	266	1
214	266	1
215	266	1
216	266	1
217	266	1
218	266	1
219	266	1
220	266	1
221	266	1
222	266	1
223	266	1
224	266	1
225	266	1
226	266	1
227	266	1
228	266	1
229	266	1
230	266	1
231	266	1
232	266	1
233	266	1
234	266	1
235	266	1
236	266	1
237	266	1
238	266	1
239	266	1
240	266	1
241	266	1
242	266	1
243	266	1
244	266	1
245	266	1
246	266	1
247	266	1
248	266	1
249	266	1
250	266	1
252	266	1
253	266	1
255	266	1
128	266	1
263	266	1
255	32	6
256	33	6
257	34	6
255	31	6
155	297	1
155	298	1
155	299	1
155	300	1
155	301	1
156	302	1
157	303	1
158	303	1
159	304	1
160	304	1
161	305	1
162	305	1
163	306	1
164	306	1
165	307	1
166	307	1
167	308	1
168	308	1
155	296	1
169	309	1
269	40	8
270	40	8
268	41	8
268	42	8
222	31	1
223	31	1
220	32	1
221	32	1
218	33	1
219	33	1
216	34	1
217	34	1
214	35	1
215	35	1
212	36	1
213	36	1
210	37	1
211	37	1
209	38	1
208	39	1
208	40	1
208	41	1
208	42	1
208	43	1
224	30	1
208	44	1
255	366	1
229	367	1
230	367	1
231	367	1
232	367	1
233	367	1
234	367	1
235	367	1
236	367	1
237	367	1
238	367	1
239	367	1
240	367	1
241	367	1
242	367	1
243	367	1
244	367	1
245	367	1
246	367	1
247	367	1
248	367	1
249	367	1
250	367	1
251	367	1
253	367	1
254	367	1
256	367	1
257	367	1
258	367	1
259	367	1
260	367	1
262	367	1
263	367	1
264	367	1
252	368	1
261	368	1
265	366	1
228	367	1
270	43	8
271	44	8
269	43	8
272	45	8
279	44	11
280	44	11
278	45	11
273	368	10
274	368	10
275	368	10
272	368	10
266	367	8
267	368	8
268	368	8
269	369	8
265	366	8
270	368	8
272	370	10
273	370	10
274	371	10
271	369	10
250	90	1
164	91	1
165	91	1
166	91	1
167	91	1
168	91	1
169	91	1
170	91	1
171	91	1
172	91	1
173	91	1
174	91	1
175	91	1
176	91	1
177	91	1
178	91	1
179	91	1
180	91	1
181	91	1
182	91	1
183	91	1
184	91	1
185	91	1
186	91	1
187	91	1
188	91	1
189	91	1
190	91	1
191	91	1
192	91	1
193	91	1
194	91	1
195	91	1
196	91	1
197	91	1
198	91	1
199	91	1
200	91	1
201	91	1
202	91	1
203	91	1
204	91	1
205	91	1
206	91	1
207	91	1
208	91	1
209	91	1
210	91	1
211	91	1
212	91	1
213	91	1
214	91	1
215	91	1
216	91	1
217	91	1
218	91	1
219	91	1
220	91	1
221	91	1
222	91	1
223	91	1
224	91	1
225	91	1
226	91	1
227	91	1
228	91	1
229	91	1
230	91	1
231	91	1
232	91	1
233	91	1
234	91	1
235	91	1
236	91	1
237	91	1
238	91	1
239	91	1
240	91	1
241	91	1
242	91	1
243	91	1
244	91	1
245	91	1
246	91	1
247	91	1
248	91	1
249	91	1
251	91	1
252	91	1
253	91	1
254	91	1
255	91	1
163	91	1
256	92	1
266	189	8
267	189	8
268	190	8
265	188	8
269	189	8
254	175	1
258	175	1
260	175	1
262	175	1
264	175	1
130	176	1
131	176	1
132	176	1
133	176	1
134	176	1
135	176	1
136	176	1
137	176	1
138	176	1
139	176	1
140	176	1
141	176	1
142	176	1
143	176	1
144	176	1
145	176	1
146	176	1
147	176	1
148	176	1
149	176	1
150	176	1
151	176	1
152	176	1
153	176	1
154	176	1
155	176	1
156	176	1
157	176	1
158	176	1
159	176	1
160	176	1
161	176	1
162	176	1
163	176	1
164	176	1
165	176	1
166	176	1
167	176	1
168	176	1
169	176	1
170	176	1
171	176	1
172	176	1
173	176	1
174	176	1
175	176	1
176	176	1
177	176	1
178	176	1
179	176	1
180	176	1
181	176	1
182	176	1
183	176	1
184	176	1
185	176	1
186	176	1
187	176	1
188	176	1
189	176	1
190	176	1
191	176	1
192	176	1
193	176	1
194	176	1
195	176	1
196	176	1
197	176	1
198	176	1
199	176	1
200	176	1
201	176	1
202	176	1
203	176	1
204	176	1
205	176	1
206	176	1
207	176	1
208	176	1
209	176	1
210	176	1
211	176	1
212	176	1
213	176	1
214	176	1
215	176	1
216	176	1
217	176	1
218	176	1
219	176	1
220	176	1
221	176	1
222	176	1
223	176	1
224	176	1
225	176	1
226	176	1
227	176	1
228	176	1
229	176	1
230	176	1
231	176	1
232	176	1
233	176	1
234	176	1
235	176	1
236	176	1
237	176	1
238	176	1
239	176	1
240	176	1
241	176	1
242	176	1
243	176	1
244	176	1
245	176	1
246	176	1
247	176	1
248	176	1
249	176	1
250	176	1
251	176	1
252	176	1
253	176	1
255	176	1
256	176	1
257	176	1
259	176	1
261	176	1
263	176	1
265	175	1
129	176	1
227	369	1
227	370	1
227	371	1
227	372	1
227	373	1
228	374	1
229	375	1
230	375	1
231	376	1
232	376	1
233	377	1
234	377	1
235	378	1
236	378	1
237	379	1
238	379	1
239	380	1
240	380	1
227	368	1
241	381	1
258	377	6
257	378	6
256	379	6
255	380	6
255	381	6
266	220	6
265	220	6
267	221	6
265	45	6
266	44	6
264	46	6
269	307	9
270	307	9
268	308	9
267	309	9
266	310	9
129	220	1
130	220	1
131	220	1
132	220	1
133	220	1
134	220	1
135	220	1
136	220	1
137	220	1
138	220	1
139	220	1
140	220	1
141	220	1
142	220	1
143	220	1
144	220	1
145	220	1
146	220	1
147	220	1
148	220	1
149	220	1
150	220	1
151	220	1
152	220	1
153	220	1
154	220	1
155	220	1
156	220	1
157	220	1
158	220	1
159	220	1
160	220	1
161	220	1
162	220	1
163	220	1
164	220	1
165	220	1
166	220	1
167	220	1
168	220	1
169	220	1
170	220	1
171	220	1
172	220	1
173	220	1
174	220	1
175	220	1
176	220	1
177	220	1
178	220	1
179	220	1
180	220	1
181	220	1
182	220	1
183	220	1
184	220	1
185	220	1
186	220	1
187	220	1
188	220	1
189	220	1
190	220	1
191	220	1
192	220	1
193	220	1
194	220	1
195	220	1
196	220	1
197	220	1
198	220	1
199	220	1
200	220	1
201	220	1
202	220	1
203	220	1
204	220	1
205	220	1
206	220	1
207	220	1
208	220	1
209	220	1
210	220	1
211	220	1
212	220	1
213	220	1
214	220	1
215	220	1
216	220	1
217	220	1
218	220	1
219	220	1
220	220	1
221	220	1
222	220	1
223	220	1
224	220	1
225	220	1
226	220	1
227	220	1
228	220	1
229	220	1
230	220	1
231	220	1
232	220	1
233	220	1
234	220	1
235	220	1
236	220	1
237	220	1
238	220	1
239	220	1
240	220	1
241	220	1
242	220	1
243	220	1
244	220	1
245	220	1
246	220	1
247	220	1
248	220	1
249	220	1
250	220	1
252	220	1
254	220	1
255	220	1
256	220	1
257	220	1
258	220	1
259	220	1
261	220	1
262	220	1
251	221	1
253	221	1
260	221	1
263	221	1
128	220	1
264	220	1
264	31	8
265	31	8
266	32	8
267	33	8
267	34	8
263	30	8
257	93	6
258	93	6
259	94	6
260	94	6
266	94	6
268	94	6
261	95	6
262	95	6
263	95	6
264	95	6
265	95	6
267	95	6
269	95	6
270	95	6
271	96	6
256	92	6
267	186	8
266	187	8
265	188	8
210	45	1
211	45	1
212	45	1
213	45	1
214	45	1
215	45	1
216	45	1
217	45	1
218	45	1
219	45	1
220	45	1
221	45	1
222	45	1
223	45	1
224	45	1
225	45	1
226	45	1
227	45	1
228	45	1
229	45	1
230	45	1
231	45	1
232	45	1
233	45	1
234	45	1
235	45	1
236	45	1
237	45	1
238	45	1
239	45	1
240	45	1
241	45	1
242	45	1
243	45	1
244	45	1
245	45	1
246	45	1
247	45	1
248	45	1
249	45	1
251	45	1
252	45	1
253	45	1
254	45	1
256	45	1
258	45	1
260	45	1
263	45	1
250	46	1
255	46	1
257	46	1
259	46	1
261	46	1
262	46	1
209	45	1
264	46	1
270	187	9
269	188	9
269	189	9
279	222	9
269	223	9
270	223	9
272	223	9
273	223	9
274	223	9
275	223	9
276	223	9
277	223	9
278	223	9
280	223	9
271	224	9
268	222	9
128	177	1
127	178	1
127	179	1
126	180	1
126	181	1
125	182	1
125	183	1
125	184	1
126	185	1
126	186	1
127	187	1
127	188	1
128	189	1
129	176	1
129	190	1
279	46	11
280	46	11
281	46	11
282	46	11
278	45	11
268	102	8
268	103	8
274	119	9
272	120	9
273	120	9
275	120	9
277	120	9
278	120	9
276	121	9
271	121	9
276	311	11
275	310	11
268	46	6
269	46	6
270	47	6
267	45	6
271	46	6
272	47	10
271	46	10
273	46	10
276	45	10
277	45	10
275	46	10
274	47	10
278	45	10
273	46	10
280	232	11
280	233	11
268	382	10
269	382	10
271	382	10
270	383	10
272	383	10
272	384	10
267	383	10
269	104	8
270	104	8
271	104	8
272	104	8
273	104	8
268	103	8
274	103	8
276	103	11
275	104	11
274	103	11
199	337	1
200	337	1
201	337	1
202	337	1
203	337	1
204	337	1
205	337	1
206	337	1
207	337	1
208	337	1
209	337	1
210	337	1
211	337	1
212	337	1
213	337	1
214	337	1
215	337	1
216	337	1
217	337	1
218	337	1
219	337	1
220	337	1
221	337	1
222	337	1
223	337	1
224	337	1
225	337	1
226	337	1
227	337	1
228	337	1
229	337	1
230	337	1
231	337	1
232	337	1
233	337	1
234	337	1
235	337	1
236	337	1
237	337	1
238	337	1
239	337	1
240	337	1
241	337	1
242	337	1
243	337	1
244	337	1
245	337	1
246	337	1
247	337	1
248	337	1
249	337	1
250	337	1
251	337	1
254	337	1
256	337	1
258	337	1
252	338	1
253	338	1
255	338	1
257	338	1
259	338	1
261	338	1
263	338	1
260	339	1
262	339	1
264	339	1
198	337	1
265	338	1
160	92	1
161	92	1
158	93	1
159	93	1
156	94	1
157	94	1
154	95	1
155	95	1
152	96	1
153	96	1
150	97	1
151	97	1
149	98	1
148	99	1
147	100	1
146	101	1
146	102	1
146	103	1
146	104	1
146	105	1
162	91	1
146	106	1
264	47	6
264	48	6
265	49	6
266	49	6
267	50	6
264	46	6
270	138	9
271	138	9
272	138	9
273	138	9
274	138	9
275	138	9
268	139	9
269	139	9
267	140	9
252	136	1
255	136	1
129	137	1
130	137	1
131	137	1
132	137	1
133	137	1
134	137	1
135	137	1
136	137	1
137	137	1
138	137	1
139	137	1
140	137	1
141	137	1
142	137	1
143	137	1
144	137	1
145	137	1
146	137	1
147	137	1
148	137	1
149	137	1
150	137	1
151	137	1
152	137	1
153	137	1
154	137	1
155	137	1
156	137	1
157	137	1
158	137	1
159	137	1
160	137	1
161	137	1
162	137	1
163	137	1
164	137	1
165	137	1
166	137	1
167	137	1
168	137	1
169	137	1
170	137	1
171	137	1
172	137	1
173	137	1
174	137	1
175	137	1
176	137	1
177	137	1
178	137	1
179	137	1
180	137	1
181	137	1
182	137	1
183	137	1
184	137	1
185	137	1
186	137	1
187	137	1
188	137	1
189	137	1
190	137	1
191	137	1
192	137	1
193	137	1
194	137	1
195	137	1
196	137	1
197	137	1
198	137	1
199	137	1
200	137	1
201	137	1
202	137	1
203	137	1
204	137	1
205	137	1
206	137	1
207	137	1
208	137	1
209	137	1
210	137	1
211	137	1
212	137	1
213	137	1
214	137	1
215	137	1
216	137	1
217	137	1
218	137	1
219	137	1
220	137	1
221	137	1
222	137	1
223	137	1
224	137	1
225	137	1
226	137	1
227	137	1
228	137	1
229	137	1
230	137	1
231	137	1
232	137	1
233	137	1
234	137	1
235	137	1
236	137	1
237	137	1
238	137	1
239	137	1
240	137	1
241	137	1
242	137	1
243	137	1
244	137	1
245	137	1
246	137	1
247	137	1
248	137	1
249	137	1
250	137	1
251	137	1
253	137	1
254	137	1
256	137	1
257	137	1
258	137	1
259	137	1
260	138	1
261	138	1
262	139	1
128	137	1
263	140	1
265	138	9
264	139	9
266	139	9
263	140	9
267	140	9
264	267	8
265	268	8
266	268	8
263	266	8
267	269	8
268	268	9
267	269	9
287	108	11
286	109	11
288	109	11
262	232	6
261	233	6
263	233	6
264	233	6
265	233	6
266	233	6
268	233	6
269	233	6
259	234	6
260	234	6
267	234	6
258	235	6
270	234	6
257	236	6
273	232	9
275	232	9
271	233	9
272	233	9
274	233	9
276	233	9
278	233	9
277	234	9
279	234	9
280	233	9
270	234	9
268	270	9
269	270	9
270	271	9
267	269	9
263	141	10
263	142	10
263	140	10
281	234	11
282	234	11
283	234	11
280	233	11
277	56	9
278	56	9
279	56	9
280	56	9
275	57	9
276	57	9
274	58	9
268	141	10
269	142	10
271	142	10
270	143	10
267	140	10
289	108	11
290	108	11
288	109	11
123	272	1
122	273	1
121	274	1
120	275	1
119	276	1
118	277	1
117	278	1
116	279	1
115	280	1
114	281	1
113	282	1
112	283	1
111	284	1
110	285	1
109	286	1
108	287	1
107	288	1
106	289	1
105	290	1
104	291	1
103	292	1
102	293	1
101	294	1
100	295	1
99	296	1
98	297	1
97	298	1
96	299	1
95	300	1
94	301	1
93	302	1
92	303	1
91	304	1
90	305	1
89	306	1
88	307	1
87	308	1
86	309	1
85	310	1
84	311	1
83	312	1
82	313	1
81	314	1
80	315	1
79	316	1
78	317	1
77	318	1
76	319	1
75	320	1
74	321	1
73	322	1
72	323	1
71	324	1
70	325	1
69	326	1
68	327	1
67	328	1
66	329	1
65	330	1
64	331	1
63	332	1
62	333	1
61	334	1
60	335	1
59	336	1
58	337	1
57	338	1
56	339	1
55	340	1
54	341	1
53	342	1
52	343	1
51	344	1
50	345	1
49	346	1
48	347	1
47	348	1
46	349	1
45	350	1
44	351	1
43	352	1
42	353	1
41	354	1
40	355	1
39	356	1
38	357	1
37	358	1
36	359	1
35	360	1
34	361	1
33	362	1
32	363	1
31	364	1
30	365	1
29	366	1
28	367	1
27	368	1
26	369	1
25	370	1
24	371	1
23	372	1
22	373	1
21	374	1
20	375	1
19	376	1
18	377	1
17	378	1
16	379	1
15	380	1
14	381	1
13	382	1
12	383	1
11	384	1
10	385	1
9	386	1
8	387	1
7	388	1
6	389	1
5	390	1
4	391	1
3	392	1
2	393	1
1	394	1
124	271	1
241	383	1
241	384	1
241	385	1
241	386	1
242	387	1
243	388	1
244	389	1
245	390	1
246	390	1
247	391	1
248	391	1
249	392	1
250	392	1
251	393	1
252	393	1
253	394	1
254	394	1
255	394	1
241	382	1
127	138	1
127	139	1
126	140	1
126	141	1
125	142	1
125	143	1
125	144	1
125	145	1
125	146	1
126	147	1
126	148	1
127	149	1
127	150	1
128	151	1
128	137	1
129	152	1
206	46	1
207	46	1
204	47	1
205	47	1
202	48	1
203	48	1
200	49	1
201	49	1
198	50	1
199	50	1
196	51	1
197	51	1
195	52	1
194	53	1
193	54	1
192	55	1
192	56	1
192	57	1
192	58	1
192	59	1
208	45	1
192	60	1
262	393	8
264	393	8
266	393	8
268	393	8
258	394	8
259	394	8
260	394	8
261	394	8
263	394	8
265	394	8
267	394	8
269	394	8
269	276	9
267	277	9
268	277	9
266	278	9
261	58	3
258	59	3
259	59	3
260	59	3
262	59	3
263	59	3
256	60	3
257	60	3
264	60	3
255	61	3
266	379	11
265	380	11
265	381	11
265	382	11
270	58	8
272	58	8
267	59	8
268	59	8
269	59	8
271	59	8
273	59	8
266	60	8
274	58	8
265	60	8
125	272	1
126	273	1
127	274	1
128	274	1
129	275	1
130	275	1
131	276	1
132	276	1
133	277	1
134	277	1
135	278	1
136	278	1
137	279	1
138	279	1
124	271	1
139	280	1
276	309	11
275	310	11
243	381	1
244	381	1
245	381	1
246	381	1
247	381	1
248	381	1
249	381	1
250	381	1
253	381	1
251	382	1
252	382	1
254	382	1
242	381	1
255	381	1
265	239	8
266	240	8
264	238	8
275	59	9
283	59	9
284	59	9
285	59	9
286	59	9
276	60	9
277	60	9
278	60	9
279	60	9
280	60	9
281	60	9
282	60	9
287	60	9
288	60	9
274	58	9
260	188	5
261	188	5
262	188	5
263	188	5
258	189	5
259	189	5
264	189	5
256	190	5
257	190	5
265	188	5
255	191	5
274	322	9
275	322	9
267	323	9
268	323	9
269	323	9
270	323	9
271	323	9
272	323	9
273	323	9
276	323	9
266	324	9
265	325	9
171	309	1
172	309	1
173	309	1
174	309	1
175	309	1
176	309	1
177	309	1
178	309	1
179	309	1
180	309	1
181	309	1
182	309	1
183	309	1
184	309	1
185	309	1
186	309	1
187	309	1
188	309	1
189	309	1
190	309	1
191	309	1
192	309	1
193	309	1
194	309	1
195	309	1
196	309	1
197	309	1
198	309	1
199	309	1
200	309	1
201	309	1
202	309	1
203	309	1
204	309	1
205	309	1
206	309	1
207	309	1
208	309	1
209	309	1
210	309	1
211	309	1
212	309	1
213	309	1
214	309	1
215	309	1
216	309	1
217	309	1
218	309	1
219	309	1
220	309	1
221	309	1
222	309	1
223	309	1
224	309	1
225	309	1
226	309	1
227	309	1
228	309	1
229	309	1
230	309	1
231	309	1
232	309	1
233	309	1
234	309	1
235	309	1
236	309	1
237	309	1
238	309	1
239	309	1
240	309	1
241	309	1
242	309	1
243	309	1
244	309	1
245	309	1
246	309	1
247	309	1
248	309	1
249	309	1
250	309	1
251	309	1
252	309	1
253	309	1
254	309	1
256	309	1
257	309	1
258	309	1
255	310	1
259	310	1
263	310	1
265	310	1
260	311	1
261	311	1
262	311	1
264	311	1
170	309	1
266	310	1
185	323	1
186	323	1
187	323	1
188	323	1
189	323	1
190	323	1
191	323	1
192	323	1
193	323	1
194	323	1
195	323	1
196	323	1
197	323	1
198	323	1
199	323	1
200	323	1
201	323	1
202	323	1
203	323	1
204	323	1
205	323	1
206	323	1
207	323	1
208	323	1
209	323	1
210	323	1
211	323	1
212	323	1
213	323	1
214	323	1
215	323	1
216	323	1
217	323	1
218	323	1
219	323	1
220	323	1
221	323	1
222	323	1
223	323	1
224	323	1
225	323	1
226	323	1
227	323	1
228	323	1
229	323	1
230	323	1
231	323	1
232	323	1
233	323	1
234	323	1
235	323	1
236	323	1
237	323	1
238	323	1
239	323	1
240	323	1
241	323	1
242	323	1
243	323	1
244	323	1
245	323	1
246	323	1
247	323	1
248	323	1
249	323	1
250	323	1
253	323	1
254	323	1
255	323	1
256	323	1
251	324	1
252	324	1
257	324	1
258	324	1
261	324	1
263	324	1
264	324	1
259	325	1
260	325	1
262	325	1
184	323	1
265	325	1
282	108	10
283	108	10
281	109	10
284	109	10
285	109	10
286	109	10
280	110	10
130	190	1
131	190	1
132	190	1
133	190	1
134	190	1
135	190	1
136	190	1
137	190	1
138	190	1
139	190	1
140	190	1
141	190	1
142	190	1
143	190	1
144	190	1
145	190	1
146	190	1
147	190	1
148	190	1
149	190	1
150	190	1
151	190	1
152	190	1
153	190	1
154	190	1
155	190	1
156	190	1
157	190	1
158	190	1
159	190	1
160	190	1
161	190	1
162	190	1
163	190	1
164	190	1
165	190	1
166	190	1
167	190	1
168	190	1
169	190	1
170	190	1
171	190	1
172	190	1
173	190	1
174	190	1
175	190	1
176	190	1
177	190	1
178	190	1
179	190	1
180	190	1
181	190	1
182	190	1
183	190	1
184	190	1
185	190	1
186	190	1
187	190	1
188	190	1
189	190	1
190	190	1
191	190	1
192	190	1
193	190	1
194	190	1
195	190	1
196	190	1
197	190	1
198	190	1
199	190	1
200	190	1
201	190	1
202	190	1
203	190	1
204	190	1
205	190	1
206	190	1
207	190	1
208	190	1
209	190	1
210	190	1
211	190	1
212	190	1
213	190	1
214	190	1
215	190	1
216	190	1
217	190	1
218	190	1
219	190	1
220	190	1
221	190	1
222	190	1
223	190	1
224	190	1
225	190	1
226	190	1
227	190	1
228	190	1
229	190	1
230	190	1
231	190	1
232	190	1
233	190	1
234	190	1
235	190	1
236	190	1
237	190	1
238	190	1
239	190	1
240	190	1
241	190	1
242	190	1
243	190	1
244	190	1
245	190	1
246	190	1
247	190	1
248	190	1
249	190	1
250	190	1
251	190	1
252	190	1
253	190	1
254	190	1
129	190	1
255	191	1
266	326	9
267	327	9
267	328	9
265	325	9
249	106	1
250	106	1
252	106	1
253	106	1
255	106	1
256	106	1
257	106	1
258	106	1
259	106	1
261	106	1
148	107	1
149	107	1
150	107	1
151	107	1
152	107	1
153	107	1
154	107	1
155	107	1
156	107	1
157	107	1
158	107	1
159	107	1
160	107	1
161	107	1
162	107	1
163	107	1
164	107	1
165	107	1
166	107	1
167	107	1
168	107	1
169	107	1
170	107	1
171	107	1
172	107	1
173	107	1
174	107	1
175	107	1
176	107	1
177	107	1
178	107	1
179	107	1
180	107	1
181	107	1
182	107	1
183	107	1
184	107	1
185	107	1
186	107	1
187	107	1
188	107	1
189	107	1
190	107	1
191	107	1
192	107	1
193	107	1
194	107	1
195	107	1
196	107	1
197	107	1
198	107	1
199	107	1
200	107	1
201	107	1
202	107	1
203	107	1
204	107	1
205	107	1
206	107	1
207	107	1
208	107	1
209	107	1
210	107	1
211	107	1
212	107	1
213	107	1
214	107	1
215	107	1
216	107	1
217	107	1
218	107	1
219	107	1
220	107	1
221	107	1
222	107	1
223	107	1
224	107	1
225	107	1
226	107	1
227	107	1
228	107	1
229	107	1
230	107	1
231	107	1
232	107	1
233	107	1
234	107	1
235	107	1
236	107	1
237	107	1
238	107	1
239	107	1
240	107	1
241	107	1
242	107	1
243	107	1
244	107	1
245	107	1
246	107	1
247	107	1
248	107	1
251	107	1
254	107	1
260	107	1
262	107	1
263	106	1
147	107	1
250	60	1
252	60	1
254	60	1
194	61	1
195	61	1
196	61	1
197	61	1
198	61	1
199	61	1
200	61	1
201	61	1
202	61	1
203	61	1
204	61	1
205	61	1
206	61	1
207	61	1
208	61	1
209	61	1
210	61	1
211	61	1
212	61	1
213	61	1
214	61	1
215	61	1
216	61	1
217	61	1
218	61	1
219	61	1
220	61	1
221	61	1
222	61	1
223	61	1
224	61	1
225	61	1
226	61	1
227	61	1
228	61	1
229	61	1
230	61	1
231	61	1
232	61	1
233	61	1
234	61	1
235	61	1
236	61	1
237	61	1
238	61	1
239	61	1
240	61	1
241	61	1
242	61	1
243	61	1
244	61	1
245	61	1
246	61	1
247	61	1
248	61	1
249	61	1
251	61	1
253	61	1
193	61	1
255	61	1
277	188	9
279	188	9
272	189	9
273	189	9
275	189	9
276	189	9
278	189	9
280	189	9
270	190	9
271	190	9
274	190	9
269	189	9
251	352	1
252	352	1
254	352	1
255	352	1
215	353	1
216	353	1
217	353	1
218	353	1
219	353	1
220	353	1
221	353	1
222	353	1
223	353	1
224	353	1
225	353	1
226	353	1
227	353	1
228	353	1
229	353	1
230	353	1
231	353	1
232	353	1
233	353	1
234	353	1
235	353	1
236	353	1
237	353	1
238	353	1
239	353	1
240	353	1
241	353	1
242	353	1
243	353	1
244	353	1
245	353	1
246	353	1
247	353	1
248	353	1
249	353	1
250	353	1
253	353	1
256	353	1
257	353	1
258	353	1
214	353	1
259	353	1
274	102	11
274	103	11
256	192	8
257	193	8
258	194	8
259	194	8
260	194	8
261	194	8
255	191	8
256	62	7
257	63	7
255	61	7
279	81	10
280	82	10
281	82	10
282	83	10
278	80	10
264	62	8
264	63	8
265	64	8
264	61	8
268	200	9
268	201	9
183	325	1
183	326	1
183	327	1
183	328	1
184	329	1
185	330	1
186	331	1
187	332	1
188	332	1
189	333	1
190	333	1
191	334	1
192	334	1
193	335	1
194	335	1
195	336	1
196	336	1
183	324	1
197	337	1
280	25	10
279	26	10
281	26	10
281	27	10
279	28	10
281	28	10
280	29	10
278	27	10
278	27	10
251	235	1
254	235	1
129	236	1
130	236	1
131	236	1
132	236	1
133	236	1
134	236	1
135	236	1
136	236	1
137	236	1
138	236	1
139	236	1
140	236	1
141	236	1
142	236	1
143	236	1
144	236	1
145	236	1
146	236	1
147	236	1
148	236	1
149	236	1
150	236	1
151	236	1
152	236	1
153	236	1
154	236	1
155	236	1
156	236	1
157	236	1
158	236	1
159	236	1
160	236	1
161	236	1
162	236	1
163	236	1
164	236	1
165	236	1
166	236	1
167	236	1
168	236	1
169	236	1
170	236	1
171	236	1
172	236	1
173	236	1
174	236	1
175	236	1
176	236	1
177	236	1
178	236	1
179	236	1
180	236	1
181	236	1
182	236	1
183	236	1
184	236	1
185	236	1
186	236	1
187	236	1
188	236	1
189	236	1
190	236	1
191	236	1
192	236	1
193	236	1
194	236	1
195	236	1
196	236	1
197	236	1
198	236	1
199	236	1
200	236	1
201	236	1
202	236	1
203	236	1
204	236	1
205	236	1
206	236	1
207	236	1
208	236	1
209	236	1
210	236	1
211	236	1
212	236	1
213	236	1
214	236	1
215	236	1
216	236	1
217	236	1
218	236	1
219	236	1
220	236	1
221	236	1
222	236	1
223	236	1
224	236	1
225	236	1
226	236	1
227	236	1
228	236	1
229	236	1
230	236	1
231	236	1
232	236	1
233	236	1
234	236	1
235	236	1
236	236	1
237	236	1
238	236	1
239	236	1
240	236	1
241	236	1
242	236	1
243	236	1
244	236	1
245	236	1
246	236	1
247	236	1
248	236	1
249	236	1
250	236	1
252	236	1
253	236	1
255	236	1
256	236	1
128	236	1
257	236	1
256	382	6
257	382	6
263	382	6
258	383	6
259	383	6
260	383	6
261	383	6
262	383	6
264	383	6
255	381	6
265	382	6
266	202	7
267	202	7
265	203	7
268	201	7
264	204	7
271	235	9
272	235	9
273	236	9
274	236	9
275	236	9
270	234	9
265	108	6
266	108	6
271	108	6
267	109	6
268	109	6
269	109	6
270	109	6
272	109	6
274	109	6
276	109	6
278	109	6
279	109	6
273	110	6
275	110	6
277	110	6
264	107	6
280	110	6
274	310	9
267	311	9
268	311	9
270	311	9
272	311	9
273	311	9
269	312	9
271	312	9
266	310	9
275	310	9
