303	258	16
302	259	16
300	260	16
301	260	16
299	261	16
298	262	16
298	263	16
297	264	16
296	265	16
296	266	16
186	1	1
187	1	1
188	1	1
184	2	1
185	2	1
183	3	1
182	4	1
182	5	1
182	6	1
182	7	1
182	8	1
182	9	1
182	10	1
339	110	17
336	111	17
337	111	17
338	111	17
340	111	17
320	112	17
322	112	17
332	112	17
333	112	17
334	112	17
335	112	17
321	113	17
323	113	17
324	113	17
325	113	17
326	113	17
327	113	17
328	113	17
329	113	17
330	113	17
331	113	17
341	110	17
319	113	17
342	259	33
343	259	33
344	260	33
345	261	33
346	262	33
347	263	33
347	264	33
348	265	33
341	258	33
256	384	1
257	385	1
257	386	1
258	387	1
259	388	1
260	389	1
261	390	1
262	390	1
264	390	1
266	390	1
268	390	1
270	390	1
272	390	1
263	391	1
265	391	1
267	391	1
269	391	1
271	391	1
273	391	1
255	383	1
274	391	1
264	346	6
263	347	6
262	348	6
261	349	6
265	345	6
260	350	6
200	147	6
202	147	6
203	147	6
204	147	6
205	147	6
206	147	6
207	147	6
198	148	6
199	148	6
201	148	6
208	148	6
197	149	6
209	149	6
210	149	6
211	149	6
212	149	6
213	150	6
214	150	6
215	150	6
217	150	6
216	151	6
218	151	6
219	151	6
220	151	6
222	151	6
221	152	6
196	150	6
223	152	6
184	323	1
186	323	1
202	323	1
204	323	1
205	323	1
206	323	1
207	323	1
208	323	1
209	323	1
211	323	1
119	324	1
120	324	1
121	324	1
122	324	1
123	324	1
124	324	1
125	324	1
126	324	1
127	324	1
128	324	1
129	324	1
130	324	1
131	324	1
132	324	1
133	324	1
134	324	1
135	324	1
136	324	1
137	324	1
138	324	1
139	324	1
140	324	1
141	324	1
142	324	1
143	324	1
144	324	1
145	324	1
146	324	1
147	324	1
148	324	1
149	324	1
150	324	1
151	324	1
152	324	1
153	324	1
154	324	1
155	324	1
156	324	1
157	324	1
158	324	1
159	324	1
160	324	1
161	324	1
162	324	1
163	324	1
164	324	1
165	324	1
166	324	1
167	324	1
168	324	1
169	324	1
170	324	1
171	324	1
172	324	1
173	324	1
174	324	1
175	324	1
176	324	1
177	324	1
178	324	1
179	324	1
180	324	1
181	324	1
182	324	1
183	324	1
185	324	1
187	324	1
189	324	1
191	324	1
193	324	1
199	324	1
201	324	1
203	324	1
210	324	1
212	324	1
213	324	1
214	324	1
216	324	1
243	324	1
245	324	1
246	324	1
247	324	1
248	324	1
249	324	1
250	324	1
188	325	1
190	325	1
192	325	1
194	325	1
195	325	1
196	325	1
197	325	1
198	325	1
200	325	1
215	325	1
217	325	1
218	325	1
219	325	1
220	325	1
236	325	1
238	325	1
240	325	1
241	325	1
242	325	1
244	325	1
221	326	1
222	326	1
223	326	1
225	326	1
227	326	1
229	326	1
231	326	1
233	326	1
234	326	1
235	326	1
237	326	1
239	326	1
224	327	1
226	327	1
228	327	1
230	327	1
232	327	1
251	323	1
118	324	1
285	109	35
284	110	35
283	111	35
282	112	35
285	108	35
282	113	35
231	259	1
222	260	1
223	260	1
224	260	1
225	260	1
226	260	1
227	260	1
228	260	1
229	260	1
230	260	1
232	260	1
233	260	1
234	260	1
236	260	1
235	261	1
237	261	1
238	261	1
240	261	1
242	261	1
244	261	1
256	261	1
258	261	1
260	261	1
261	261	1
262	261	1
263	261	1
264	261	1
265	261	1
266	261	1
267	261	1
268	261	1
270	261	1
272	261	1
239	262	1
241	262	1
243	262	1
245	262	1
246	262	1
247	262	1
248	262	1
249	262	1
250	262	1
251	262	1
252	262	1
253	262	1
254	262	1
255	262	1
257	262	1
259	262	1
269	262	1
271	262	1
273	262	1
274	262	1
275	262	1
276	263	1
277	263	1
278	263	1
279	264	1
280	264	1
281	264	1
282	264	1
284	264	1
283	265	1
285	265	1
286	265	1
287	265	1
289	265	1
288	266	1
290	266	1
292	266	1
291	267	1
293	267	1
294	267	1
221	260	1
295	267	1
294	110	12
296	110	12
297	110	12
299	110	12
301	110	12
306	110	12
308	110	12
310	110	12
293	111	12
295	111	12
298	111	12
300	111	12
302	111	12
303	111	12
304	111	12
305	111	12
307	111	12
309	111	12
311	111	12
312	111	12
313	111	12
314	111	12
315	111	12
316	112	12
317	112	12
292	111	12
318	113	12
355	390	27
356	390	27
357	391	27
358	391	27
359	391	27
360	391	27
361	391	27
354	389	27
362	391	27
247	1	35
248	1	35
302	324	16
303	323	16
301	325	16
323	260	31
324	260	31
321	261	31
322	261	31
320	262	31
319	263	31
318	264	31
317	265	31
317	266	31
317	267	31
317	268	31
325	259	31
317	269	31
281	168	12
282	168	12
280	169	12
285	168	13
284	169	13
402	109	34
403	110	34
405	110	34
404	111	34
406	111	34
407	112	34
401	108	34
363	392	33
362	391	33
94	251	1
93	252	1
93	253	1
92	254	1
92	255	1
91	256	1
91	257	1
91	258	1
92	259	1
92	260	1
93	261	1
93	262	1
95	250	1
94	263	1
332	171	23
333	171	23
331	172	23
334	172	23
336	171	24
337	170	24
335	172	24
252	1	33
254	1	33
253	2	33
329	172	23
330	173	23
394	1	30
393	2	30
190	1	1
191	1	1
192	1	1
193	1	1
194	1	1
196	1	1
195	2	1
197	2	1
198	2	1
199	3	1
200	3	1
267	74	4
269	74	4
274	74	4
276	74	4
278	74	4
280	74	4
282	74	4
284	74	4
286	74	4
288	74	4
291	74	4
263	75	4
264	75	4
265	75	4
266	75	4
268	75	4
270	75	4
271	75	4
272	75	4
273	75	4
275	75	4
277	75	4
279	75	4
281	75	4
283	75	4
285	75	4
287	75	4
289	75	4
290	75	4
292	75	4
293	75	4
294	75	4
296	75	4
298	75	4
299	75	4
301	75	4
302	75	4
303	75	4
295	76	4
297	76	4
300	76	4
304	74	4
262	76	4
392	221	34
394	221	34
393	222	34
90	305	1
89	306	1
88	307	1
87	308	1
86	309	1
85	310	1
84	311	1
83	312	1
82	313	1
81	314	1
80	315	1
79	316	1
78	317	1
77	318	1
76	319	1
75	320	1
74	321	1
73	322	1
72	323	1
71	324	1
70	325	1
69	326	1
68	327	1
67	328	1
66	329	1
65	330	1
64	331	1
63	332	1
62	333	1
61	334	1
60	335	1
59	336	1
58	337	1
57	338	1
56	339	1
55	340	1
54	341	1
53	342	1
52	343	1
51	344	1
50	345	1
49	346	1
48	347	1
47	348	1
46	349	1
45	350	1
44	351	1
43	352	1
42	353	1
41	354	1
40	355	1
39	356	1
38	357	1
37	358	1
36	359	1
35	360	1
34	361	1
33	362	1
32	363	1
31	364	1
30	365	1
29	366	1
28	367	1
27	368	1
26	369	1
25	370	1
24	371	1
23	372	1
22	373	1
21	374	1
20	375	1
19	376	1
18	377	1
17	378	1
16	379	1
15	380	1
14	381	1
13	382	1
12	383	1
11	384	1
10	385	1
9	386	1
8	387	1
7	388	1
6	389	1
5	390	1
4	391	1
3	392	1
2	393	1
1	394	1
91	304	1
264	323	1
266	323	1
267	323	1
268	323	1
269	323	1
270	323	1
252	324	1
253	324	1
254	324	1
255	324	1
261	324	1
263	324	1
265	324	1
271	324	1
272	324	1
256	325	1
257	325	1
258	325	1
259	325	1
260	325	1
262	325	1
273	325	1
251	323	1
274	326	1
192	163	6
193	164	6
193	165	6
194	166	6
195	167	6
195	168	6
196	169	6
197	170	6
198	171	6
199	172	6
199	173	6
199	174	6
191	162	6
199	175	6
214	165	6
213	166	6
213	167	6
212	168	6
212	169	6
212	170	6
211	171	6
211	172	6
211	173	6
211	174	6
214	164	6
211	175	6
278	113	9
279	113	9
280	113	9
276	114	9
277	114	9
281	114	9
282	113	9
275	115	9
381	60	34
381	61	34
381	62	34
383	62	34
382	63	34
381	59	34
175	384	1
175	385	1
175	386	1
175	387	1
175	388	1
175	389	1
176	390	1
177	391	1
178	391	1
179	392	1
180	392	1
181	393	1
182	393	1
184	393	1
186	393	1
188	393	1
190	393	1
192	393	1
183	394	1
185	394	1
187	394	1
189	394	1
191	394	1
193	394	1
194	394	1
195	394	1
196	394	1
197	394	1
198	394	1
199	394	1
175	383	1
232	393	15
231	394	15
246	391	1
247	392	1
248	392	1
250	392	1
249	393	1
251	393	1
252	393	1
253	394	1
245	391	1
202	5	34
201	4	34
352	390	27
353	390	27
350	391	27
351	391	27
346	392	27
348	392	27
349	392	27
330	393	27
332	393	27
334	393	27
336	393	27
338	393	27
340	393	27
342	393	27
344	393	27
345	393	27
347	393	27
327	394	27
328	394	27
329	394	27
331	394	27
333	394	27
335	394	27
337	394	27
339	394	27
341	394	27
343	394	27
354	389	27
326	1	10
324	2	10
325	2	10
322	3	10
323	3	10
318	4	10
320	4	10
321	4	10
315	5	10
316	5	10
317	5	10
319	5	10
312	6	10
314	6	10
309	7	10
311	7	10
313	7	10
304	8	10
306	8	10
308	8	10
310	8	10
299	9	10
300	9	10
301	9	10
302	9	10
303	9	10
305	9	10
307	9	10
294	10	10
296	10	10
297	10	10
298	10	10
293	11	10
295	11	10
290	12	10
291	12	10
292	12	10
279	13	10
288	13	10
289	13	10
280	14	10
281	14	10
282	14	10
283	14	10
285	14	10
286	14	10
287	14	10
284	15	10
278	13	10
93	264	1
93	265	1
92	266	1
92	267	1
91	268	1
91	269	1
90	270	1
90	271	1
90	272	1
91	273	1
91	274	1
92	275	1
92	276	1
93	277	1
93	278	1
94	263	1
94	279	1
391	112	30
390	113	30
392	113	30
387	114	30
388	114	30
389	114	30
386	115	30
385	116	30
393	112	30
384	117	30
325	176	18
326	176	18
327	176	18
324	177	18
328	175	18
221	114	4
222	114	4
218	115	4
219	115	4
220	115	4
214	116	4
216	116	4
217	116	4
210	117	4
211	117	4
212	117	4
213	117	4
215	117	4
223	113	4
209	118	4
332	176	29
333	175	29
331	177	29
339	172	24
339	173	24
340	174	24
341	175	24
341	176	24
338	171	24
95	163	1
94	164	1
94	165	1
93	166	1
93	167	1
92	168	1
92	169	1
91	170	1
91	171	1
91	172	1
92	173	1
92	174	1
93	175	1
93	176	1
94	177	1
96	162	1
95	178	1
259	56	1
260	56	1
261	57	1
262	57	1
263	58	1
264	59	1
265	59	1
266	60	1
267	60	1
268	61	1
269	61	1
270	61	1
272	61	1
274	61	1
276	61	1
278	61	1
271	62	1
273	62	1
275	62	1
277	62	1
279	62	1
280	62	1
281	62	1
282	62	1
283	62	1
284	63	1
285	63	1
286	63	1
288	63	1
300	63	1
287	64	1
289	64	1
290	64	1
291	64	1
292	64	1
293	64	1
294	64	1
296	64	1
298	64	1
299	64	1
295	65	1
297	65	1
258	55	1
301	63	1
184	221	1
186	221	1
188	221	1
96	222	1
97	222	1
98	222	1
99	222	1
100	222	1
101	222	1
102	222	1
103	222	1
104	222	1
105	222	1
106	222	1
107	222	1
108	222	1
109	222	1
110	222	1
111	222	1
112	222	1
113	222	1
114	222	1
115	222	1
116	222	1
117	222	1
118	222	1
119	222	1
120	222	1
121	222	1
122	222	1
123	222	1
124	222	1
125	222	1
126	222	1
127	222	1
128	222	1
129	222	1
130	222	1
131	222	1
132	222	1
133	222	1
134	222	1
135	222	1
136	222	1
137	222	1
138	222	1
139	222	1
140	222	1
141	222	1
142	222	1
143	222	1
144	222	1
145	222	1
146	222	1
147	222	1
148	222	1
149	222	1
150	222	1
151	222	1
152	222	1
153	222	1
154	222	1
155	222	1
156	222	1
157	222	1
158	222	1
159	222	1
160	222	1
161	222	1
162	222	1
163	222	1
164	222	1
165	222	1
166	222	1
167	222	1
168	222	1
169	222	1
170	222	1
171	222	1
172	222	1
173	222	1
174	222	1
175	222	1
176	222	1
177	222	1
178	222	1
179	222	1
180	222	1
181	222	1
182	222	1
183	222	1
185	222	1
187	222	1
189	222	1
190	222	1
191	222	1
192	222	1
193	222	1
194	222	1
195	222	1
196	222	1
197	222	1
198	222	1
200	222	1
202	222	1
210	222	1
212	222	1
214	222	1
216	222	1
217	222	1
218	222	1
219	222	1
220	222	1
221	222	1
222	222	1
223	222	1
225	222	1
242	222	1
199	223	1
201	223	1
203	223	1
204	223	1
205	223	1
206	223	1
207	223	1
208	223	1
209	223	1
211	223	1
213	223	1
215	223	1
224	223	1
226	223	1
227	223	1
228	223	1
230	223	1
232	223	1
234	223	1
235	223	1
236	223	1
237	223	1
238	223	1
239	223	1
240	223	1
241	223	1
243	223	1
244	223	1
245	223	1
246	223	1
247	223	1
248	223	1
249	223	1
250	223	1
251	223	1
229	224	1
231	224	1
233	224	1
95	222	1
252	223	1
283	114	13
284	115	13
285	115	13
282	113	13
286	116	13
291	112	15
289	113	15
290	113	15
288	114	15
287	115	15
292	111	15
286	116	15
209	120	4
209	121	4
209	122	4
210	123	4
209	124	4
209	119	4
329	274	30
328	275	30
327	276	30
326	277	30
326	278	30
325	279	30
357	65	18
359	65	18
358	66	18
360	66	18
356	65	18
361	67	18
410	59	26
409	60	26
408	61	26
407	62	26
407	63	26
407	64	26
407	65	26
407	66	26
411	58	26
407	67	26
371	234	33
371	235	33
370	236	33
369	237	33
368	238	33
369	239	33
368	240	33
367	241	33
254	224	1
255	224	1
256	225	1
257	225	1
258	225	1
260	225	1
262	225	1
263	225	1
259	226	1
261	226	1
253	223	1
264	226	1
281	8	10
282	8	10
283	8	10
279	9	10
280	9	10
284	9	10
278	10	10
277	11	10
438	71	31
437	72	31
436	73	31
435	74	31
433	75	31
434	75	31
432	76	31
323	66	21
324	66	21
325	66	21
322	67	21
326	67	21
321	68	21
327	68	21
320	69	21
275	325	11
276	325	11
277	325	11
279	325	11
299	325	11
278	326	11
280	326	11
281	326	11
282	326	11
284	326	11
297	326	11
298	326	11
283	327	11
285	327	11
286	327	11
287	327	11
289	327	11
290	327	11
291	327	11
292	327	11
293	327	11
294	327	11
295	327	11
296	327	11
288	328	11
300	324	11
274	326	11
365	324	31
366	325	31
367	326	31
368	327	31
364	323	31
369	328	31
396	215	34
397	215	34
395	214	34
398	216	34
271	8	25
273	8	25
272	9	25
274	9	25
275	9	25
276	10	25
277	11	25
386	226	30
387	226	30
388	227	30
389	227	30
390	227	30
391	228	30
392	228	30
344	165	34
345	165	34
347	165	34
346	166	34
348	166	34
349	167	34
350	167	34
351	168	34
343	165	34
342	111	24
343	112	24
344	112	24
345	113	24
346	113	24
347	113	24
348	114	24
350	114	24
352	114	24
354	114	24
356	114	24
358	114	24
349	115	24
351	115	24
353	115	24
355	115	24
357	115	24
359	115	24
360	115	24
361	116	24
362	116	24
363	116	24
341	110	24
364	117	24
204	1	1
205	1	1
206	1	1
207	1	1
208	1	1
209	1	1
210	1	1
211	1	1
212	1	1
214	1	1
216	1	1
202	2	1
203	2	1
213	2	1
215	2	1
217	2	1
218	2	1
219	2	1
220	2	1
221	2	1
222	2	1
224	2	1
226	2	1
223	3	1
225	3	1
227	3	1
228	3	1
230	3	1
229	4	1
231	4	1
232	4	1
233	5	1
234	5	1
235	6	1
236	7	1
237	7	1
238	8	1
239	9	1
240	9	1
241	10	1
241	11	1
201	3	1
241	12	1
369	114	29
371	114	29
373	114	29
375	114	29
376	114	29
377	114	29
379	114	29
367	115	29
368	115	29
370	115	29
372	115	29
374	115	29
378	115	29
380	115	29
365	116	29
366	116	29
381	116	29
382	116	29
383	116	29
364	117	29
384	117	29
273	327	8
272	328	8
271	329	8
270	330	8
274	326	8
269	331	8
316	323	35
317	324	35
315	322	35
362	66	20
363	67	20
364	67	20
365	68	20
366	69	20
361	67	20
367	70	20
369	329	33
369	330	33
368	331	33
369	328	33
330	370	28
329	371	28
328	372	28
94	179	1
93	180	1
93	181	1
92	182	1
92	183	1
91	184	1
91	185	1
91	186	1
92	187	1
92	188	1
93	189	1
93	190	1
94	191	1
95	178	1
95	192	1
360	10	23
360	11	23
361	12	23
361	13	23
360	14	23
406	68	20
388	69	20
390	69	20
392	69	20
394	69	20
396	69	20
398	69	20
400	69	20
402	69	20
403	69	20
404	69	20
405	69	20
369	70	20
371	70	20
372	70	20
374	70	20
376	70	20
379	70	20
381	70	20
383	70	20
385	70	20
386	70	20
387	70	20
389	70	20
391	70	20
393	70	20
395	70	20
397	70	20
399	70	20
401	70	20
368	71	20
370	71	20
373	71	20
375	71	20
377	71	20
378	71	20
380	71	20
382	71	20
384	71	20
407	67	20
367	70	20
94	223	1
93	224	1
93	225	1
92	226	1
92	227	1
91	228	1
91	229	1
91	230	1
92	231	1
92	232	1
93	233	1
93	234	1
94	235	1
95	222	1
95	236	1
325	69	21
326	69	21
322	70	21
323	70	21
324	70	21
327	68	21
321	70	21
354	67	18
353	68	18
353	69	18
353	70	18
355	66	18
353	71	18
361	68	20
360	69	20
360	70	20
361	67	20
360	71	20
357	380	33
356	381	33
231	148	6
233	148	6
234	148	6
227	149	6
228	149	6
229	149	6
230	149	6
232	149	6
225	150	6
226	150	6
224	151	6
235	148	6
223	152	6
194	117	1
196	117	1
198	117	1
183	118	1
184	118	1
185	118	1
186	118	1
187	118	1
188	118	1
189	118	1
190	118	1
191	118	1
192	118	1
193	118	1
195	118	1
197	118	1
199	118	1
200	118	1
201	118	1
202	118	1
203	118	1
204	118	1
205	118	1
206	118	1
207	118	1
95	119	1
96	119	1
97	119	1
98	119	1
99	119	1
100	119	1
101	119	1
102	119	1
103	119	1
104	119	1
105	119	1
106	119	1
107	119	1
108	119	1
109	119	1
110	119	1
111	119	1
112	119	1
113	119	1
114	119	1
115	119	1
116	119	1
117	119	1
118	119	1
119	119	1
120	119	1
121	119	1
122	119	1
123	119	1
124	119	1
125	119	1
126	119	1
127	119	1
128	119	1
129	119	1
130	119	1
131	119	1
132	119	1
133	119	1
134	119	1
135	119	1
136	119	1
137	119	1
138	119	1
139	119	1
140	119	1
141	119	1
142	119	1
143	119	1
144	119	1
145	119	1
146	119	1
147	119	1
148	119	1
149	119	1
150	119	1
151	119	1
152	119	1
153	119	1
154	119	1
155	119	1
156	119	1
157	119	1
158	119	1
159	119	1
160	119	1
161	119	1
162	119	1
163	119	1
164	119	1
165	119	1
166	119	1
167	119	1
168	119	1
169	119	1
170	119	1
171	119	1
172	119	1
173	119	1
174	119	1
175	119	1
176	119	1
177	119	1
178	119	1
179	119	1
180	119	1
181	119	1
182	119	1
208	118	1
94	119	1
310	330	18
312	330	18
309	331	18
311	331	18
313	331	18
314	332	18
316	332	18
315	333	18
317	333	18
319	333	18
321	333	18
323	333	18
325	333	18
326	333	18
327	333	18
328	333	18
329	333	18
318	334	18
320	334	18
322	334	18
324	334	18
308	330	18
330	332	18
314	235	29
315	235	29
316	235	29
313	236	29
312	237	29
357	126	26
356	127	26
161	370	1
161	371	1
161	372	1
161	373	1
161	374	1
162	375	1
163	376	1
164	376	1
165	377	1
166	377	1
167	378	1
168	378	1
169	379	1
170	379	1
171	380	1
172	380	1
173	381	1
174	381	1
161	369	1
175	382	1
270	332	8
271	333	8
271	334	8
269	331	8
272	335	8
197	176	1
198	176	1
195	177	1
196	177	1
96	178	1
97	178	1
98	178	1
99	178	1
100	178	1
101	178	1
102	178	1
103	178	1
104	178	1
105	178	1
106	178	1
107	178	1
108	178	1
109	178	1
110	178	1
111	178	1
112	178	1
113	178	1
114	178	1
115	178	1
116	178	1
117	178	1
118	178	1
119	178	1
120	178	1
121	178	1
122	178	1
123	178	1
124	178	1
125	178	1
126	178	1
127	178	1
128	178	1
129	178	1
130	178	1
131	178	1
132	178	1
133	178	1
134	178	1
135	178	1
136	178	1
137	178	1
138	178	1
139	178	1
140	178	1
141	178	1
142	178	1
143	178	1
144	178	1
145	178	1
146	178	1
147	178	1
148	178	1
149	178	1
150	178	1
151	178	1
152	178	1
153	178	1
154	178	1
155	178	1
156	178	1
157	178	1
158	178	1
159	178	1
160	178	1
161	178	1
162	178	1
163	178	1
164	178	1
165	178	1
166	178	1
167	178	1
168	178	1
169	178	1
170	178	1
171	178	1
172	178	1
173	178	1
174	178	1
175	178	1
176	178	1
177	178	1
178	178	1
179	178	1
180	178	1
181	178	1
182	178	1
183	178	1
184	178	1
185	178	1
186	178	1
187	178	1
188	178	1
189	178	1
190	178	1
191	178	1
192	178	1
193	178	1
194	178	1
199	175	1
95	178	1
200	176	6
201	176	6
202	177	6
203	177	6
204	177	6
205	177	6
206	177	6
208	177	6
209	177	6
207	178	6
199	175	6
210	176	6
266	171	10
265	172	10
265	173	10
265	174	10
265	175	10
265	176	10
265	177	10
265	178	10
265	179	10
222	278	6
216	279	6
218	279	6
219	279	6
220	279	6
221	279	6
223	279	6
224	279	6
212	280	6
213	280	6
214	280	6
215	280	6
217	280	6
211	281	6
225	280	6
210	282	6
237	150	6
238	151	6
239	152	6
236	149	6
240	153	6
370	333	34
371	333	34
372	333	34
373	334	34
278	118	9
279	118	9
277	117	9
206	131	1
208	131	1
185	132	1
189	132	1
191	132	1
193	132	1
195	132	1
196	132	1
197	132	1
198	132	1
199	132	1
200	132	1
201	132	1
202	132	1
203	132	1
204	132	1
205	132	1
207	132	1
209	132	1
234	132	1
236	132	1
238	132	1
240	132	1
95	133	1
96	133	1
97	133	1
98	133	1
99	133	1
100	133	1
101	133	1
102	133	1
103	133	1
104	133	1
105	133	1
106	133	1
107	133	1
108	133	1
109	133	1
110	133	1
111	133	1
112	133	1
113	133	1
114	133	1
115	133	1
116	133	1
117	133	1
118	133	1
119	133	1
120	133	1
121	133	1
122	133	1
123	133	1
124	133	1
125	133	1
126	133	1
127	133	1
128	133	1
129	133	1
130	133	1
131	133	1
132	133	1
133	133	1
134	133	1
135	133	1
136	133	1
137	133	1
138	133	1
139	133	1
140	133	1
141	133	1
142	133	1
143	133	1
144	133	1
145	133	1
146	133	1
147	133	1
148	133	1
149	133	1
150	133	1
151	133	1
152	133	1
153	133	1
154	133	1
155	133	1
156	133	1
157	133	1
158	133	1
159	133	1
160	133	1
161	133	1
162	133	1
163	133	1
164	133	1
165	133	1
166	133	1
167	133	1
168	133	1
169	133	1
170	133	1
171	133	1
172	133	1
173	133	1
174	133	1
175	133	1
176	133	1
177	133	1
178	133	1
179	133	1
180	133	1
181	133	1
182	133	1
183	133	1
184	133	1
186	133	1
187	133	1
188	133	1
190	133	1
192	133	1
194	133	1
210	133	1
211	133	1
212	133	1
229	133	1
231	133	1
233	133	1
235	133	1
237	133	1
239	133	1
241	133	1
242	133	1
213	134	1
214	134	1
226	134	1
227	134	1
228	134	1
230	134	1
232	134	1
243	134	1
244	134	1
215	135	1
216	135	1
224	135	1
225	135	1
217	136	1
220	136	1
221	136	1
222	136	1
223	136	1
218	137	1
219	137	1
94	133	1
245	135	1
317	115	17
315	116	17
316	116	17
310	117	17
312	117	17
314	117	17
305	118	17
307	118	17
308	118	17
309	118	17
311	118	17
313	118	17
302	119	17
303	119	17
304	119	17
306	119	17
318	114	17
331	178	30
330	179	30
330	180	30
331	177	30
330	181	30
217	73	4
214	74	4
216	74	4
218	74	4
219	74	4
212	75	4
213	75	4
215	75	4
220	75	4
221	75	4
222	75	4
210	76	4
211	76	4
209	77	4
207	78	4
208	78	4
206	79	4
223	76	4
205	80	4
319	180	33
320	181	33
320	182	33
346	15	18
347	15	18
348	15	18
349	15	18
350	15	18
351	15	18
352	15	18
353	15	18
354	15	18
355	15	18
356	15	18
357	15	18
358	15	18
359	15	18
343	16	18
344	16	18
345	16	18
341	17	18
342	17	18
340	18	18
338	19	18
339	19	18
337	20	18
360	14	18
336	21	18
310	55	13
311	55	13
312	55	13
313	55	13
314	55	13
315	55	13
316	55	13
317	55	13
318	55	13
319	55	13
320	55	13
321	55	13
323	55	13
325	55	13
309	56	13
322	56	13
324	56	13
326	56	13
327	56	13
328	56	13
329	56	13
330	56	13
331	56	13
332	56	13
333	56	13
334	56	13
335	56	13
336	56	13
337	56	13
338	56	13
339	56	13
340	56	13
307	57	13
308	57	13
341	57	13
305	58	13
306	58	13
342	56	13
304	59	13
327	265	19
326	266	19
324	267	19
325	267	19
323	268	19
322	269	19
319	270	19
320	270	19
321	270	19
318	270	19
316	273	19
316	274	19
317	275	19
318	276	19
319	277	19
320	278	19
321	279	19
322	280	19
323	280	19
316	272	19
324	281	19
354	72	28
356	72	28
357	72	28
358	72	28
359	72	28
355	73	28
353	71	28
360	71	28
199	276	1
200	276	1
202	276	1
196	277	1
197	277	1
198	277	1
201	277	1
203	277	1
192	278	1
194	278	1
195	278	1
204	278	1
205	278	1
95	279	1
96	279	1
97	279	1
98	279	1
99	279	1
100	279	1
101	279	1
102	279	1
103	279	1
104	279	1
105	279	1
106	279	1
107	279	1
108	279	1
109	279	1
110	279	1
111	279	1
112	279	1
113	279	1
114	279	1
115	279	1
116	279	1
117	279	1
118	279	1
119	279	1
120	279	1
121	279	1
122	279	1
123	279	1
124	279	1
125	279	1
126	279	1
127	279	1
128	279	1
129	279	1
130	279	1
131	279	1
132	279	1
133	279	1
134	279	1
135	279	1
136	279	1
137	279	1
138	279	1
139	279	1
140	279	1
141	279	1
142	279	1
143	279	1
144	279	1
145	279	1
146	279	1
147	279	1
148	279	1
149	279	1
150	279	1
151	279	1
152	279	1
153	279	1
154	279	1
155	279	1
156	279	1
157	279	1
158	279	1
159	279	1
160	279	1
161	279	1
162	279	1
163	279	1
164	279	1
165	279	1
166	279	1
167	279	1
168	279	1
169	279	1
170	279	1
171	279	1
172	279	1
173	279	1
174	279	1
175	279	1
176	279	1
177	279	1
178	279	1
179	279	1
180	279	1
181	279	1
182	279	1
183	279	1
184	279	1
185	279	1
186	279	1
187	279	1
188	279	1
189	279	1
190	279	1
191	279	1
193	279	1
206	279	1
207	280	1
208	280	1
209	281	1
94	279	1
210	282	1
117	326	1
117	327	1
117	328	1
117	329	1
117	330	1
118	331	1
119	332	1
120	332	1
121	333	1
122	333	1
123	334	1
124	334	1
125	335	1
126	335	1
127	336	1
128	336	1
129	337	1
130	337	1
117	325	1
131	338	1
276	248	9
277	249	9
278	249	9
279	250	9
290	250	9
291	250	9
280	251	9
281	251	9
288	251	9
289	251	9
282	252	9
283	252	9
286	252	9
287	252	9
284	253	9
285	253	9
276	247	9
292	249	9
328	182	18
321	183	18
322	183	18
323	183	18
324	183	18
325	183	18
326	183	18
327	183	18
320	182	18
329	182	18
328	67	21
329	67	21
330	67	21
331	67	21
333	67	21
332	68	21
334	68	21
335	68	21
336	68	21
338	68	21
337	69	21
339	69	21
340	70	21
341	70	21
342	70	21
343	71	21
344	71	21
345	72	21
346	72	21
347	72	21
348	73	21
327	68	21
349	74	21
351	72	29
352	72	29
350	73	29
353	71	29
349	74	29
365	71	20
366	71	20
361	72	20
363	72	20
364	72	20
362	73	20
367	70	20
360	71	20
184	12	1
185	13	1
186	13	1
240	13	1
187	14	1
188	14	1
189	14	1
190	14	1
192	14	1
194	14	1
198	14	1
200	14	1
202	14	1
203	14	1
205	14	1
238	14	1
239	14	1
191	15	1
193	15	1
195	15	1
196	15	1
197	15	1
199	15	1
201	15	1
204	15	1
206	15	1
207	15	1
208	15	1
209	15	1
211	15	1
236	15	1
237	15	1
210	16	1
212	16	1
213	16	1
214	16	1
215	16	1
216	16	1
217	16	1
218	16	1
219	16	1
220	16	1
221	16	1
222	16	1
223	16	1
224	16	1
225	16	1
226	16	1
228	16	1
230	16	1
232	16	1
234	16	1
235	16	1
227	17	1
229	17	1
231	17	1
233	17	1
183	11	1
241	12	1
126	62	1
127	62	1
124	63	1
125	63	1
122	64	1
123	64	1
120	65	1
121	65	1
118	66	1
119	66	1
116	67	1
117	67	1
114	68	1
115	68	1
112	69	1
113	69	1
111	70	1
110	71	1
110	72	1
110	73	1
110	74	1
128	61	1
110	75	1
250	182	5
248	183	5
249	183	5
251	183	5
252	183	5
246	184	5
247	184	5
253	184	5
254	184	5
244	185	5
245	185	5
243	186	5
242	187	5
255	185	5
241	188	5
262	180	5
264	180	5
260	181	5
261	181	5
263	181	5
258	182	5
259	182	5
257	183	5
256	184	5
265	179	5
255	185	5
252	334	1
254	334	1
245	335	1
247	335	1
248	335	1
249	335	1
250	335	1
251	335	1
253	335	1
255	335	1
240	336	1
242	336	1
243	336	1
244	336	1
246	336	1
237	337	1
238	337	1
239	337	1
241	337	1
234	338	1
235	338	1
236	338	1
188	339	1
189	339	1
190	339	1
191	339	1
192	339	1
194	339	1
196	339	1
198	339	1
199	339	1
200	339	1
201	339	1
203	339	1
205	339	1
207	339	1
231	339	1
232	339	1
233	339	1
193	340	1
195	340	1
197	340	1
202	340	1
204	340	1
206	340	1
208	340	1
209	340	1
210	340	1
211	340	1
212	340	1
213	340	1
214	340	1
224	340	1
228	340	1
229	340	1
230	340	1
215	341	1
216	341	1
217	341	1
218	341	1
219	341	1
220	341	1
221	341	1
222	341	1
223	341	1
225	341	1
226	341	1
227	341	1
256	336	1
187	340	1
255	186	5
254	187	5
253	188	5
252	189	5
251	190	5
247	191	5
248	191	5
249	191	5
250	191	5
255	185	5
246	192	5
212	177	6
213	178	6
214	179	6
215	180	6
216	181	6
217	182	6
218	183	6
219	184	6
220	185	6
211	176	6
221	186	6
236	73	1
237	73	1
238	74	1
235	74	1
239	75	1
303	61	13
302	62	13
304	60	13
301	63	13
243	73	1
240	74	1
241	74	1
242	74	1
244	74	1
245	74	1
246	74	1
239	75	1
247	75	1
266	180	8
267	181	8
268	181	8
269	182	8
270	182	8
271	183	8
272	184	8
273	185	8
274	185	8
265	179	8
275	186	8
231	278	6
233	278	6
235	278	6
236	278	6
238	278	6
240	278	6
242	278	6
244	278	6
246	278	6
248	278	6
250	278	6
227	279	6
228	279	6
229	279	6
230	279	6
232	279	6
234	279	6
237	279	6
239	279	6
241	279	6
243	279	6
245	279	6
247	279	6
249	279	6
251	279	6
252	279	6
254	279	6
253	280	6
255	280	6
256	281	6
257	281	6
258	281	6
259	282	6
260	282	6
261	283	6
262	283	6
263	284	6
264	284	6
266	284	6
265	285	6
226	280	6
267	285	6
269	284	6
270	285	6
268	285	6
271	286	6
251	320	1
251	321	1
251	322	1
251	323	1
297	268	16
298	268	16
299	269	16
300	269	16
301	270	16
314	270	16
302	271	16
303	271	16
304	271	16
305	271	16
306	271	16
307	271	16
308	271	16
310	271	16
311	271	16
312	271	16
313	271	16
309	272	16
296	267	16
315	271	16
276	14	8
275	15	8
274	16	8
272	17	8
273	17	8
270	18	8
271	18	8
277	13	8
269	19	8
311	236	35
312	237	35
333	236	33
334	237	33
336	235	33
335	236	33
334	237	33
390	214	32
391	214	32
392	214	32
393	215	32
389	213	32
394	214	32
183	367	1
184	367	1
186	367	1
188	367	1
189	367	1
190	367	1
191	367	1
192	367	1
193	367	1
195	367	1
197	367	1
163	368	1
164	368	1
165	368	1
166	368	1
167	368	1
168	368	1
169	368	1
170	368	1
171	368	1
172	368	1
173	368	1
174	368	1
175	368	1
176	368	1
177	368	1
178	368	1
179	368	1
180	368	1
181	368	1
182	368	1
185	368	1
187	368	1
194	368	1
196	368	1
198	368	1
200	368	1
202	368	1
204	368	1
206	368	1
208	368	1
210	368	1
212	368	1
214	368	1
216	368	1
218	368	1
220	368	1
222	368	1
224	368	1
226	368	1
199	369	1
201	369	1
203	369	1
205	369	1
207	369	1
209	369	1
211	369	1
213	369	1
215	369	1
217	369	1
219	369	1
221	369	1
223	369	1
225	369	1
227	369	1
228	369	1
229	369	1
230	369	1
231	369	1
233	369	1
234	369	1
236	369	1
232	370	1
235	370	1
162	368	1
237	370	1
250	382	1
251	382	1
252	382	1
253	382	1
254	382	1
249	383	1
248	384	1
246	385	1
247	385	1
245	386	1
244	387	1
255	383	1
243	388	1
242	13	1
244	13	1
243	14	1
245	14	1
246	14	1
247	15	1
248	16	1
249	16	1
250	16	1
251	17	1
252	17	1
253	17	1
254	17	1
256	17	1
255	18	1
257	18	1
258	18	1
259	18	1
261	18	1
263	18	1
266	18	1
268	18	1
260	19	1
262	19	1
264	19	1
265	19	1
267	19	1
241	12	1
269	19	1
206	81	4
207	82	4
208	83	4
205	80	4
208	84	4
220	187	5
221	186	5
219	188	5
231	73	4
233	73	4
234	73	4
228	74	4
230	74	4
232	74	4
224	75	4
225	75	4
226	75	4
227	75	4
229	75	4
235	74	4
223	76	4
324	282	34
324	283	34
324	284	34
325	285	34
325	286	34
324	281	34
252	72	1
253	72	1
254	72	1
249	73	1
250	73	1
251	73	1
255	73	1
256	73	1
248	74	1
257	74	1
258	74	1
259	75	1
260	75	1
247	75	1
261	76	1
286	302	11
285	303	11
284	304	11
331	20	10
332	20	10
333	20	10
334	20	10
335	20	10
329	21	10
330	21	10
310	22	10
311	22	10
312	22	10
313	22	10
314	22	10
315	22	10
316	22	10
317	22	10
318	22	10
319	22	10
320	22	10
322	22	10
324	22	10
326	22	10
327	22	10
328	22	10
303	23	10
305	23	10
306	23	10
307	23	10
308	23	10
309	23	10
321	23	10
323	23	10
325	23	10
300	24	10
301	24	10
302	24	10
304	24	10
297	25	10
298	25	10
299	25	10
282	26	10
284	26	10
286	26	10
288	26	10
290	26	10
292	26	10
293	26	10
294	26	10
295	26	10
296	26	10
276	27	10
278	27	10
279	27	10
280	27	10
281	27	10
283	27	10
285	27	10
287	27	10
289	27	10
291	27	10
277	28	10
336	21	10
275	27	10
271	287	27
271	286	27
272	288	27
361	15	27
362	16	27
364	16	27
370	16	27
372	16	27
375	16	27
377	16	27
363	17	27
365	17	27
366	17	27
367	17	27
369	17	27
371	17	27
373	17	27
374	17	27
376	17	27
378	17	27
368	18	27
379	18	27
380	19	27
381	20	27
360	14	27
361	260	31
361	261	31
279	230	9
278	231	9
277	232	9
276	233	9
276	234	9
275	235	9
274	236	9
273	237	9
272	238	9
271	239	9
267	287	35
268	288	35
267	286	35
269	289	35
273	288	9
274	288	9
272	288	9
226	183	5
227	183	5
228	183	5
229	183	5
230	183	5
231	183	5
224	184	5
225	184	5
232	184	5
233	184	5
222	185	5
223	185	5
234	185	5
235	185	5
236	186	5
237	186	5
238	187	5
239	187	5
240	188	5
221	186	5
241	188	5
364	251	31
364	252	31
364	253	31
365	254	31
364	250	31
266	238	6
265	239	6
267	239	6
268	239	6
269	239	6
264	238	6
270	240	6
271	289	9
272	288	9
270	289	9
286	117	15
285	118	15
285	119	15
285	120	15
285	121	15
285	122	15
286	116	15
242	189	32
241	188	32
243	190	32
384	118	32
384	119	32
385	120	32
385	121	32
386	122	32
384	117	32
365	240	35
366	241	35
377	253	34
378	254	34
376	252	34
379	255	34
319	183	22
317	184	22
318	184	22
316	185	22
315	186	22
314	187	22
314	188	22
314	189	22
320	182	22
314	190	22
226	282	6
226	283	6
225	284	6
224	285	6
223	286	6
222	287	6
221	288	6
221	289	6
221	290	6
221	291	6
226	281	6
221	292	6
273	336	11
274	336	11
275	337	11
276	337	11
278	337	11
277	338	11
279	338	11
281	338	11
280	339	11
272	335	11
394	113	33
395	114	33
396	115	33
397	116	33
398	116	33
399	117	33
399	118	33
399	119	33
399	120	33
400	121	33
401	122	33
402	122	33
403	123	33
404	123	33
405	124	33
393	112	33
311	238	17
310	239	17
310	240	17
309	241	17
309	242	17
312	237	17
309	243	17
334	238	33
333	239	33
333	240	33
332	241	33
332	242	33
334	237	33
332	243	33
210	283	6
210	284	6
210	285	6
209	286	6
209	287	6
208	288	6
208	289	6
208	290	6
208	291	6
208	292	6
210	282	6
208	293	6
375	242	34
376	243	34
378	240	34
378	241	34
377	242	34
376	243	34
267	291	7
268	291	7
264	292	7
265	292	7
266	292	7
263	293	7
261	294	7
262	294	7
260	295	7
259	296	7
258	297	7
257	298	7
257	299	7
257	300	7
256	301	7
256	302	7
256	303	7
269	290	7
256	304	7
389	124	31
388	125	31
390	125	31
391	126	31
93	280	1
93	281	1
92	282	1
92	283	1
91	284	1
91	285	1
90	286	1
91	287	1
90	288	1
91	289	1
91	290	1
92	291	1
92	292	1
93	293	1
94	279	1
94	294	1
380	243	34
379	244	34
272	241	10
273	242	10
274	243	10
275	244	10
271	240	10
276	245	10
332	126	25
332	127	25
332	128	25
312	194	30
312	195	30
312	196	30
312	197	30
312	198	30
312	193	30
364	118	30
364	119	30
365	120	30
365	121	30
366	122	30
367	123	30
368	124	30
369	125	30
370	125	30
371	126	30
372	127	30
373	128	30
375	128	30
374	129	30
364	117	30
245	191	5
244	190	5
246	192	5
93	120	1
93	121	1
92	122	1
92	123	1
91	124	1
91	125	1
90	126	1
91	127	1
91	128	1
92	129	1
92	130	1
93	131	1
93	132	1
94	119	1
94	133	1
269	20	10
269	21	10
270	22	10
271	23	10
272	24	10
273	25	10
274	26	10
269	19	10
275	27	10
313	191	20
314	190	20
312	192	20
315	191	20
316	191	20
314	190	20
317	192	20
336	22	18
336	23	18
336	24	18
336	25	18
337	26	18
336	21	18
198	352	1
200	352	1
202	352	1
204	352	1
206	352	1
208	352	1
210	352	1
212	352	1
214	352	1
216	352	1
147	353	1
148	353	1
149	353	1
150	353	1
151	353	1
152	353	1
153	353	1
154	353	1
155	353	1
156	353	1
157	353	1
158	353	1
159	353	1
160	353	1
161	353	1
162	353	1
163	353	1
164	353	1
165	353	1
166	353	1
167	353	1
168	353	1
169	353	1
170	353	1
171	353	1
172	353	1
173	353	1
174	353	1
175	353	1
176	353	1
177	353	1
178	353	1
179	353	1
180	353	1
181	353	1
182	353	1
183	353	1
184	353	1
185	353	1
186	353	1
188	353	1
190	353	1
192	353	1
193	353	1
194	353	1
195	353	1
196	353	1
197	353	1
199	353	1
201	353	1
203	353	1
205	353	1
207	353	1
209	353	1
211	353	1
213	353	1
215	353	1
217	353	1
218	353	1
219	353	1
220	353	1
221	353	1
222	353	1
223	353	1
224	353	1
226	353	1
227	353	1
228	353	1
187	354	1
189	354	1
191	354	1
225	354	1
229	352	1
146	353	1
289	340	14
292	340	14
293	340	14
288	341	14
290	341	14
291	341	14
294	341	14
295	341	14
331	333	28
332	334	28
333	334	28
334	335	28
335	336	28
336	336	28
338	336	28
340	336	28
337	337	28
339	337	28
341	337	28
342	337	28
343	337	28
344	337	28
345	337	28
346	337	28
347	337	28
348	337	28
350	337	28
352	337	28
349	338	28
351	338	28
353	338	28
354	338	28
355	338	28
356	339	28
357	340	28
358	341	28
330	332	28
336	132	25
337	132	25
338	132	25
339	132	25
340	132	25
341	133	25
343	131	28
342	132	28
341	133	28
297	342	19
296	341	19
377	245	34
376	244	34
378	245	34
276	393	14
277	394	14
275	392	14
187	341	35
187	342	35
187	343	35
187	344	35
187	340	35
270	336	29
271	336	29
269	337	29
268	338	29
267	339	29
266	340	29
266	341	29
265	342	29
265	343	29
265	344	29
272	335	29
265	345	29
180	11	1
178	12	1
179	12	1
181	12	1
176	13	1
177	13	1
174	14	1
175	14	1
172	15	1
173	15	1
170	16	1
171	16	1
168	17	1
169	17	1
166	18	1
167	18	1
164	19	1
165	19	1
162	20	1
163	20	1
160	21	1
161	21	1
158	22	1
159	22	1
157	23	1
156	24	1
155	25	1
154	26	1
154	27	1
154	28	1
154	29	1
154	30	1
182	11	1
154	31	1
256	337	1
256	338	1
256	339	1
255	340	1
255	341	1
254	342	1
255	343	1
255	344	1
255	345	1
256	336	1
255	346	1
311	244	17
312	244	17
313	245	17
314	245	17
315	245	17
316	245	17
317	245	17
319	245	17
321	245	17
322	245	17
318	246	17
320	246	17
323	246	17
324	246	17
310	244	17
325	247	17
331	244	23
327	245	23
328	245	23
330	245	23
326	246	23
329	246	23
332	243	23
325	247	23
366	243	33
365	244	33
364	245	33
363	246	33
367	242	33
363	247	33
212	299	6
212	300	6
213	301	6
213	302	6
214	303	6
214	304	6
214	305	6
214	306	6
212	298	6
214	307	6
232	247	1
234	247	1
236	247	1
272	247	1
273	247	1
274	247	1
228	248	1
230	248	1
231	248	1
233	248	1
235	248	1
237	248	1
239	248	1
270	248	1
271	248	1
224	249	1
225	249	1
226	249	1
227	249	1
229	249	1
238	249	1
240	249	1
242	249	1
254	249	1
256	249	1
258	249	1
260	249	1
262	249	1
263	249	1
264	249	1
265	249	1
266	249	1
267	249	1
268	249	1
269	249	1
221	250	1
222	250	1
223	250	1
241	250	1
243	250	1
244	250	1
245	250	1
246	250	1
247	250	1
248	250	1
249	250	1
250	250	1
251	250	1
252	250	1
253	250	1
255	250	1
257	250	1
259	250	1
261	250	1
275	246	1
220	251	1
266	346	8
267	347	8
268	348	8
265	345	8
269	349	8
278	342	8
276	343	8
277	343	8
275	344	8
275	345	8
274	346	8
273	347	8
271	348	8
272	348	8
270	349	8
341	167	25
340	168	25
339	169	25
342	166	25
338	170	25
256	347	6
257	348	6
258	349	6
259	349	6
255	346	6
260	350	6
380	246	35
381	246	35
383	246	35
384	246	35
382	247	35
379	245	35
380	254	34
379	255	34
229	348	6
229	349	6
229	350	6
229	351	6
346	105	24
347	106	24
345	105	24
348	105	24
274	28	1
215	29	1
216	29	1
217	29	1
218	29	1
219	29	1
220	29	1
221	29	1
242	29	1
244	29	1
246	29	1
248	29	1
250	29	1
252	29	1
272	29	1
273	29	1
213	30	1
214	30	1
222	30	1
223	30	1
224	30	1
225	30	1
226	30	1
228	30	1
230	30	1
233	30	1
235	30	1
237	30	1
238	30	1
239	30	1
240	30	1
241	30	1
243	30	1
245	30	1
247	30	1
249	30	1
251	30	1
253	30	1
255	30	1
270	30	1
271	30	1
212	31	1
227	31	1
229	31	1
231	31	1
232	31	1
234	31	1
236	31	1
254	31	1
256	31	1
257	31	1
258	31	1
259	31	1
260	31	1
262	31	1
264	31	1
266	31	1
267	31	1
268	31	1
269	31	1
210	32	1
211	32	1
261	32	1
263	32	1
265	32	1
275	27	1
209	33	1
282	244	9
283	244	9
284	244	9
285	244	9
286	244	9
279	245	9
280	245	9
281	245	9
287	245	9
288	245	9
278	246	9
289	246	9
290	247	9
291	248	9
277	246	9
292	249	9
308	245	16
307	246	16
306	247	16
305	248	16
309	244	16
304	249	16
306	75	13
307	75	13
314	75	13
308	76	13
309	76	13
310	76	13
311	76	13
313	76	13
315	76	13
312	77	13
305	74	13
316	75	13
333	244	24
334	244	24
341	244	24
343	244	24
345	244	24
335	245	24
336	245	24
338	245	24
339	245	24
340	245	24
342	245	24
344	245	24
346	245	24
347	245	24
348	245	24
337	246	24
349	246	24
350	246	24
351	246	24
353	246	24
352	247	24
354	247	24
355	247	24
356	247	24
358	247	24
361	247	24
357	248	24
359	248	24
360	248	24
332	243	24
362	248	24
218	188	5
216	189	5
217	189	5
200	190	5
202	190	5
214	190	5
215	190	5
198	191	5
199	191	5
201	191	5
203	191	5
204	191	5
205	191	5
206	191	5
207	191	5
208	191	5
210	191	5
212	191	5
213	191	5
196	192	5
197	192	5
209	192	5
211	192	5
194	193	5
195	193	5
219	188	5
193	194	5
375	245	33
374	246	33
373	247	33
372	248	33
376	244	33
371	249	33
94	237	1
93	238	1
93	239	1
92	240	1
92	241	1
91	242	1
91	243	1
91	244	1
92	245	1
92	246	1
93	247	1
93	248	1
94	249	1
95	236	1
95	250	1
194	292	1
184	293	1
186	293	1
188	293	1
190	293	1
191	293	1
192	293	1
193	293	1
195	293	1
197	293	1
95	294	1
96	294	1
97	294	1
98	294	1
99	294	1
100	294	1
101	294	1
102	294	1
103	294	1
104	294	1
105	294	1
106	294	1
107	294	1
108	294	1
109	294	1
110	294	1
111	294	1
112	294	1
113	294	1
114	294	1
115	294	1
116	294	1
117	294	1
118	294	1
119	294	1
120	294	1
121	294	1
122	294	1
123	294	1
124	294	1
125	294	1
126	294	1
127	294	1
128	294	1
129	294	1
130	294	1
131	294	1
132	294	1
133	294	1
134	294	1
135	294	1
136	294	1
137	294	1
138	294	1
139	294	1
140	294	1
141	294	1
142	294	1
143	294	1
144	294	1
145	294	1
146	294	1
147	294	1
148	294	1
149	294	1
150	294	1
151	294	1
152	294	1
153	294	1
154	294	1
155	294	1
156	294	1
157	294	1
158	294	1
159	294	1
160	294	1
161	294	1
162	294	1
163	294	1
164	294	1
165	294	1
166	294	1
167	294	1
168	294	1
169	294	1
170	294	1
171	294	1
172	294	1
173	294	1
174	294	1
175	294	1
176	294	1
177	294	1
178	294	1
179	294	1
180	294	1
181	294	1
182	294	1
183	294	1
185	294	1
187	294	1
189	294	1
196	294	1
198	294	1
199	294	1
200	294	1
202	294	1
204	294	1
206	294	1
201	295	1
203	295	1
205	295	1
94	294	1
207	294	1
277	185	10
279	185	10
280	185	10
281	185	10
283	185	10
278	186	10
282	186	10
284	186	10
285	186	10
286	187	10
287	188	10
288	188	10
289	189	10
290	189	10
291	190	10
292	191	10
293	191	10
310	191	10
294	192	10
306	192	10
307	192	10
308	192	10
309	192	10
295	193	10
296	193	10
303	193	10
304	193	10
305	193	10
297	194	10
298	194	10
300	194	10
302	194	10
299	195	10
301	195	10
276	186	10
311	192	10
343	58	18
344	59	18
344	60	18
345	61	18
346	62	18
347	62	18
348	63	18
349	64	18
350	64	18
351	64	18
352	64	18
353	64	18
354	64	18
343	57	18
355	65	18
324	187	22
322	188	22
323	188	22
321	189	22
320	190	22
320	191	22
319	192	22
318	192	22
93	295	1
92	296	1
92	297	1
91	298	1
91	299	1
90	300	1
91	301	1
90	302	1
94	294	1
91	303	1
209	295	6
210	295	6
211	296	6
208	294	6
212	297	6
330	176	23
329	175	23
331	177	23
219	293	6
220	293	6
217	294	6
218	294	6
216	295	6
214	296	6
215	296	6
221	292	6
213	297	6
96	192	1
97	192	1
98	192	1
99	192	1
100	192	1
101	192	1
102	192	1
103	192	1
104	192	1
105	192	1
106	192	1
107	192	1
108	192	1
109	192	1
110	192	1
111	192	1
112	192	1
113	192	1
114	192	1
115	192	1
116	192	1
117	192	1
118	192	1
119	192	1
120	192	1
121	192	1
122	192	1
123	192	1
124	192	1
125	192	1
126	192	1
127	192	1
128	192	1
129	192	1
130	192	1
131	192	1
132	192	1
133	192	1
134	192	1
135	192	1
136	192	1
137	192	1
138	192	1
139	192	1
140	192	1
141	192	1
142	192	1
143	192	1
144	192	1
145	192	1
146	192	1
147	192	1
148	192	1
149	192	1
150	192	1
151	192	1
152	192	1
153	192	1
154	192	1
155	192	1
156	192	1
157	192	1
158	192	1
159	192	1
160	192	1
161	192	1
162	192	1
163	192	1
164	192	1
165	192	1
166	192	1
167	192	1
168	192	1
169	192	1
170	192	1
171	192	1
172	192	1
173	192	1
174	192	1
175	192	1
176	192	1
177	192	1
178	192	1
179	192	1
180	192	1
181	192	1
182	192	1
184	192	1
185	192	1
190	192	1
183	193	1
186	193	1
187	193	1
188	193	1
189	193	1
191	193	1
192	193	1
95	192	1
193	194	1
112	76	1
113	76	1
114	76	1
115	76	1
116	76	1
117	76	1
118	76	1
119	76	1
120	76	1
121	76	1
122	76	1
123	76	1
124	76	1
125	76	1
126	76	1
127	76	1
128	76	1
129	76	1
130	76	1
131	76	1
132	76	1
133	76	1
134	76	1
135	76	1
136	76	1
137	76	1
138	76	1
139	76	1
140	76	1
141	76	1
142	76	1
143	76	1
144	76	1
145	76	1
146	76	1
147	76	1
148	76	1
149	76	1
150	76	1
151	76	1
152	76	1
153	76	1
154	76	1
155	76	1
156	76	1
157	76	1
158	76	1
159	76	1
160	76	1
161	76	1
162	76	1
163	76	1
164	76	1
165	76	1
166	76	1
167	76	1
168	76	1
169	76	1
170	76	1
171	76	1
172	76	1
173	76	1
174	76	1
175	76	1
176	76	1
177	76	1
178	76	1
179	76	1
180	76	1
181	76	1
182	76	1
183	76	1
185	76	1
187	76	1
189	76	1
191	76	1
193	76	1
195	76	1
197	76	1
184	77	1
186	77	1
188	77	1
190	77	1
192	77	1
194	77	1
196	77	1
198	77	1
199	77	1
200	77	1
201	78	1
202	78	1
203	79	1
204	79	1
111	76	1
205	80	1
235	75	35
235	76	35
235	77	35
235	78	35
236	79	35
235	74	35
237	80	35
239	76	1
239	77	1
239	78	1
238	79	1
239	75	1
237	80	1
220	189	5
221	190	5
222	190	5
223	191	5
224	192	5
225	192	5
241	192	5
242	192	5
226	193	5
227	193	5
237	193	5
238	193	5
239	193	5
240	193	5
228	194	5
229	194	5
234	194	5
235	194	5
236	194	5
230	195	5
231	195	5
232	195	5
233	195	5
219	188	5
243	191	5
222	293	6
223	294	6
224	295	6
225	296	6
226	297	6
221	292	6
227	298	6
232	293	6
231	294	6
230	295	6
230	296	6
228	297	6
229	297	6
227	298	6
232	352	6
231	353	6
233	353	6
234	353	6
235	353	6
236	353	6
237	353	6
239	353	6
240	353	6
242	353	6
238	354	6
241	354	6
230	352	6
243	354	6
349	75	29
349	76	29
349	77	29
349	78	29
349	79	29
349	80	29
349	74	29
265	194	10
266	195	10
273	188	10
274	188	10
272	189	10
271	190	10
270	191	10
269	192	10
268	193	10
268	194	10
275	187	10
267	195	10
156	32	1
157	32	1
158	32	1
159	32	1
160	32	1
161	32	1
162	32	1
163	32	1
164	32	1
165	32	1
166	32	1
167	32	1
168	32	1
169	32	1
170	32	1
171	32	1
172	32	1
173	32	1
174	32	1
175	32	1
176	32	1
177	32	1
178	32	1
179	32	1
180	32	1
181	32	1
183	32	1
185	32	1
186	32	1
187	32	1
188	32	1
189	32	1
190	32	1
191	32	1
192	32	1
194	32	1
196	32	1
198	32	1
200	32	1
202	32	1
204	32	1
205	32	1
182	33	1
184	33	1
193	33	1
195	33	1
197	33	1
199	33	1
201	33	1
203	33	1
206	33	1
207	33	1
155	32	1
208	33	1
274	283	11
275	283	11
276	283	11
277	283	11
278	283	11
280	283	11
273	284	11
279	284	11
281	284	11
283	284	11
272	285	11
282	285	11
284	285	11
285	285	11
286	285	11
287	285	11
288	285	11
289	285	11
290	285	11
292	285	11
294	285	11
296	285	11
297	285	11
298	285	11
299	285	11
300	285	11
301	285	11
302	285	11
291	286	11
293	286	11
295	286	11
303	286	11
304	286	11
305	286	11
306	287	11
307	287	11
308	288	11
309	289	11
310	289	11
311	290	11
312	290	11
313	290	11
314	290	11
316	290	11
315	291	11
317	291	11
318	292	11
319	292	11
320	293	11
321	294	11
322	295	11
323	295	11
324	296	11
325	296	11
326	296	11
328	296	11
338	296	11
339	296	11
327	297	11
329	297	11
330	297	11
331	297	11
332	297	11
333	297	11
334	297	11
335	297	11
336	297	11
337	297	11
340	297	11
340	298	11
271	286	11
247	76	1
248	77	1
249	78	1
259	78	1
260	78	1
250	79	1
251	79	1
257	79	1
258	79	1
252	80	1
253	80	1
256	80	1
254	81	1
255	81	1
247	75	1
261	77	1
304	134	35
303	135	35
341	134	35
341	133	35
349	106	34
350	107	34
348	105	34
340	325	20
335	326	20
336	326	20
337	326	20
338	326	20
339	326	20
334	327	20
333	328	20
332	329	20
331	330	20
330	331	20
341	324	20
330	332	20
330	81	34
329	82	34
328	83	34
247	193	34
247	194	34
248	195	34
249	196	34
246	192	34
210	35	1
210	36	1
210	37	1
211	38	1
209	34	1
231	82	1
232	83	1
233	84	1
236	81	1
235	82	1
234	83	1
237	80	1
233	84	1
317	76	20
318	76	20
319	77	20
320	78	20
321	78	20
322	79	20
323	80	20
324	81	20
325	81	20
326	82	20
327	83	20
316	75	20
328	83	20
201	89	1
202	89	1
203	89	1
182	90	1
183	90	1
184	90	1
185	90	1
186	90	1
187	90	1
188	90	1
189	90	1
190	90	1
191	90	1
192	90	1
193	90	1
194	90	1
195	90	1
196	90	1
197	90	1
198	90	1
199	90	1
200	90	1
98	91	1
99	91	1
100	91	1
101	91	1
102	91	1
103	91	1
104	91	1
105	91	1
106	91	1
107	91	1
108	91	1
109	91	1
110	91	1
111	91	1
112	91	1
113	91	1
114	91	1
115	91	1
116	91	1
117	91	1
118	91	1
119	91	1
120	91	1
121	91	1
122	91	1
123	91	1
124	91	1
125	91	1
126	91	1
127	91	1
128	91	1
129	91	1
130	91	1
131	91	1
132	91	1
133	91	1
134	91	1
135	91	1
136	91	1
137	91	1
138	91	1
139	91	1
140	91	1
141	91	1
142	91	1
143	91	1
144	91	1
145	91	1
146	91	1
147	91	1
148	91	1
149	91	1
150	91	1
151	91	1
152	91	1
153	91	1
154	91	1
155	91	1
156	91	1
157	91	1
158	91	1
159	91	1
160	91	1
161	91	1
162	91	1
163	91	1
164	91	1
165	91	1
166	91	1
167	91	1
168	91	1
169	91	1
170	91	1
171	91	1
172	91	1
173	91	1
174	91	1
175	91	1
176	91	1
177	91	1
178	91	1
179	91	1
180	91	1
181	91	1
204	88	1
97	91	1
378	50	31
379	50	31
376	51	31
377	51	31
374	52	31
375	52	31
380	49	31
373	52	31
304	136	35
305	136	35
306	136	35
303	135	35
433	78	34
434	79	34
434	80	34
435	81	34
435	82	34
436	83	34
437	84	34
432	77	34
266	203	5
267	204	5
268	205	5
269	206	5
270	207	5
271	207	5
272	208	5
273	208	5
274	209	5
275	210	5
265	202	5
152	33	1
153	33	1
150	34	1
151	34	1
148	35	1
149	35	1
146	36	1
147	36	1
144	37	1
145	37	1
143	38	1
142	39	1
141	40	1
140	41	1
140	42	1
140	43	1
140	44	1
140	45	1
154	32	1
140	46	1
223	77	4
223	78	4
222	79	4
221	80	4
220	81	4
218	82	4
219	82	4
217	83	4
214	84	4
216	84	4
210	85	4
211	85	4
212	85	4
213	85	4
215	85	4
223	76	4
209	85	4
266	197	5
266	198	5
265	199	5
265	200	5
265	201	5
266	196	5
265	202	5
318	194	22
318	195	22
319	196	22
320	197	22
321	198	22
322	199	22
322	200	22
323	201	22
317	193	22
329	84	24
330	85	24
328	83	24
244	365	1
246	365	1
248	365	1
243	366	1
245	366	1
247	366	1
249	366	1
251	366	1
240	367	1
241	367	1
242	367	1
250	367	1
252	367	1
253	367	1
275	367	1
276	367	1
277	367	1
279	367	1
239	368	1
254	368	1
255	368	1
256	368	1
271	368	1
272	368	1
273	368	1
274	368	1
278	368	1
280	368	1
281	368	1
282	368	1
283	368	1
284	368	1
238	369	1
257	369	1
258	369	1
266	369	1
268	369	1
269	369	1
270	369	1
285	369	1
259	370	1
260	370	1
262	370	1
263	370	1
264	370	1
265	370	1
267	370	1
261	371	1
237	370	1
286	370	1
285	306	11
284	305	11
207	86	4
206	87	4
208	85	4
205	88	4
301	136	17
302	136	17
300	137	17
299	138	17
303	135	17
298	139	17
251	132	6
247	133	6
248	133	6
249	133	6
250	133	6
252	133	6
253	133	6
254	133	6
255	133	6
256	133	6
257	133	6
258	133	6
259	133	6
260	133	6
261	133	6
246	134	6
262	134	6
263	134	6
264	134	6
265	134	6
266	135	6
267	136	6
268	137	6
269	138	6
270	139	6
245	135	6
271	140	6
254	305	1
255	305	1
253	306	1
250	307	1
251	307	1
252	307	1
249	308	1
248	309	1
239	310	1
241	310	1
243	310	1
244	310	1
245	310	1
246	310	1
247	310	1
238	311	1
240	311	1
242	311	1
256	304	1
237	310	1
270	351	8
271	352	8
272	353	8
273	353	8
274	354	8
269	350	8
108	77	1
109	77	1
106	78	1
107	78	1
104	79	1
105	79	1
102	80	1
103	80	1
100	81	1
101	81	1
99	82	1
98	83	1
97	84	1
96	85	1
96	86	1
96	87	1
96	88	1
96	89	1
110	76	1
96	90	1
93	305	1
94	305	1
95	306	1
96	306	1
97	307	1
98	307	1
99	308	1
100	308	1
92	304	1
101	309	1
286	137	13
288	137	13
283	138	13
285	138	13
287	138	13
289	138	13
290	138	13
291	138	13
292	138	13
293	138	13
294	138	13
295	138	13
281	139	13
282	139	13
284	139	13
296	139	13
297	139	13
279	140	13
280	140	13
298	139	13
278	141	13
94	193	1
93	194	1
93	195	1
92	196	1
92	197	1
91	198	1
91	199	1
91	200	1
92	201	1
92	202	1
93	203	1
93	204	1
94	205	1
95	192	1
95	206	1
272	139	10
273	139	10
274	139	10
275	139	10
276	140	10
277	140	10
271	140	10
278	141	10
193	195	5
193	196	5
193	197	5
193	198	5
193	199	5
194	200	5
194	201	5
194	202	5
194	203	5
193	204	5
193	205	5
193	194	5
193	206	5
243	355	35
243	356	35
243	357	35
244	358	35
243	354	35
260	351	13
260	352	13
260	353	13
260	354	13
261	355	13
261	356	13
262	357	13
264	357	13
263	358	13
260	350	13
270	141	11
269	142	11
271	140	11
268	143	11
366	141	27
366	142	27
232	85	1
232	86	1
231	87	1
231	88	1
231	89	1
230	90	1
233	84	1
230	91	1
215	308	6
216	309	6
217	310	6
218	310	6
219	311	6
236	311	6
220	312	6
221	312	6
223	312	6
234	312	6
235	312	6
222	313	6
224	313	6
226	313	6
229	313	6
231	313	6
233	313	6
225	314	6
227	314	6
228	314	6
230	314	6
232	314	6
214	307	6
237	310	6
299	140	17
299	141	17
300	142	17
301	143	17
298	139	17
131	340	17
131	341	17
131	342	17
131	343	17
131	344	17
131	345	17
132	346	17
133	347	17
134	347	17
135	348	17
136	348	17
137	349	17
138	349	17
139	350	17
140	350	17
141	351	17
142	351	17
143	352	17
144	352	17
131	339	17
145	353	17
278	142	13
277	143	13
274	144	13
275	144	13
276	144	13
278	141	13
267	143	6
266	144	6
263	145	6
264	145	6
265	145	6
262	146	6
260	147	6
261	147	6
259	148	6
258	149	6
257	150	6
252	151	6
254	151	6
255	151	6
256	151	6
253	152	6
268	143	6
251	150	6
269	144	11
270	145	11
268	143	11
145	355	1
145	356	1
145	357	1
145	358	1
146	359	1
147	360	1
148	361	1
149	362	1
150	362	1
151	363	1
152	363	1
153	364	1
154	364	1
155	365	1
156	365	1
157	366	1
158	366	1
159	367	1
160	367	1
145	354	1
161	368	1
366	249	31
367	250	31
368	250	31
369	250	31
365	249	31
370	250	31
245	136	6
245	137	6
244	138	6
243	139	6
242	140	6
241	141	6
240	142	6
239	143	6
238	144	6
238	145	6
237	146	6
237	147	6
245	135	6
236	148	6
378	250	34
379	250	34
380	250	34
377	251	34
376	252	34
93	134	1
93	135	1
92	136	1
92	137	1
91	138	1
91	139	1
90	140	1
91	141	1
91	142	1
92	143	1
92	144	1
93	145	1
93	146	1
94	147	1
94	148	1
94	133	1
95	149	1
184	249	1
186	249	1
188	249	1
190	249	1
192	249	1
96	250	1
97	250	1
98	250	1
99	250	1
100	250	1
101	250	1
102	250	1
103	250	1
104	250	1
105	250	1
106	250	1
107	250	1
108	250	1
109	250	1
110	250	1
111	250	1
112	250	1
113	250	1
114	250	1
115	250	1
116	250	1
117	250	1
118	250	1
119	250	1
120	250	1
121	250	1
122	250	1
123	250	1
124	250	1
125	250	1
126	250	1
127	250	1
128	250	1
129	250	1
130	250	1
131	250	1
132	250	1
133	250	1
134	250	1
135	250	1
136	250	1
137	250	1
138	250	1
139	250	1
140	250	1
141	250	1
142	250	1
143	250	1
144	250	1
145	250	1
146	250	1
147	250	1
148	250	1
149	250	1
150	250	1
151	250	1
152	250	1
153	250	1
154	250	1
155	250	1
156	250	1
157	250	1
158	250	1
159	250	1
160	250	1
161	250	1
162	250	1
163	250	1
164	250	1
165	250	1
166	250	1
167	250	1
168	250	1
169	250	1
170	250	1
171	250	1
172	250	1
173	250	1
174	250	1
175	250	1
176	250	1
177	250	1
178	250	1
179	250	1
180	250	1
181	250	1
182	250	1
183	250	1
185	250	1
187	250	1
189	250	1
191	250	1
193	250	1
194	250	1
195	250	1
196	250	1
197	250	1
198	250	1
199	250	1
214	250	1
216	250	1
218	250	1
219	250	1
200	251	1
201	251	1
202	251	1
203	251	1
205	251	1
207	251	1
209	251	1
211	251	1
212	251	1
213	251	1
215	251	1
217	251	1
204	252	1
206	252	1
208	252	1
210	252	1
95	250	1
220	251	1
327	280	30
328	281	30
329	282	30
330	282	30
331	283	30
332	283	30
333	284	30
326	280	30
251	147	11
251	148	11
251	149	11
381	48	34
380	49	34
303	249	12
293	250	12
294	250	12
301	250	12
302	250	12
295	251	12
296	251	12
297	251	12
298	251	12
299	251	12
300	251	12
292	249	12
304	249	12
278	376	1
280	376	1
270	377	1
273	377	1
274	377	1
275	377	1
277	377	1
279	377	1
264	378	1
266	378	1
267	378	1
268	378	1
269	378	1
271	378	1
272	378	1
276	378	1
261	379	1
263	379	1
265	379	1
259	380	1
260	380	1
262	380	1
257	381	1
258	381	1
256	382	1
281	376	1
255	383	1
376	43	31
375	44	31
375	45	31
374	46	31
372	47	31
373	47	31
371	48	31
370	49	31
370	50	31
302	64	13
302	65	13
303	66	13
303	67	13
304	68	13
305	69	13
305	70	13
305	71	13
305	72	13
301	63	13
305	73	13
324	248	20
323	249	20
322	250	20
320	251	20
321	251	20
319	252	20
325	247	20
318	253	20
372	251	34
373	252	34
371	250	34
374	253	34
213	308	1
103	309	1
104	309	1
105	309	1
106	309	1
107	309	1
108	309	1
109	309	1
110	309	1
111	309	1
112	309	1
113	309	1
114	309	1
115	309	1
116	309	1
117	309	1
118	309	1
119	309	1
120	309	1
121	309	1
122	309	1
123	309	1
124	309	1
125	309	1
126	309	1
127	309	1
128	309	1
129	309	1
130	309	1
131	309	1
132	309	1
133	309	1
134	309	1
135	309	1
136	309	1
137	309	1
138	309	1
139	309	1
140	309	1
141	309	1
142	309	1
143	309	1
144	309	1
145	309	1
146	309	1
147	309	1
148	309	1
149	309	1
150	309	1
151	309	1
152	309	1
153	309	1
154	309	1
155	309	1
156	309	1
157	309	1
158	309	1
159	309	1
160	309	1
161	309	1
162	309	1
163	309	1
164	309	1
165	309	1
166	309	1
167	309	1
168	309	1
169	309	1
170	309	1
171	309	1
172	309	1
173	309	1
174	309	1
175	309	1
176	309	1
177	309	1
178	309	1
179	309	1
180	309	1
181	309	1
182	309	1
183	309	1
184	309	1
185	309	1
186	309	1
187	309	1
188	309	1
189	309	1
190	309	1
192	309	1
194	309	1
196	309	1
198	309	1
200	309	1
202	309	1
204	309	1
206	309	1
208	309	1
210	309	1
211	309	1
212	309	1
191	310	1
193	310	1
195	310	1
197	310	1
199	310	1
201	310	1
203	310	1
205	310	1
207	310	1
209	310	1
214	307	1
102	309	1
228	299	6
228	300	6
229	301	6
230	302	6
231	303	6
231	304	6
232	305	6
233	306	6
234	307	6
235	308	6
236	308	6
237	309	6
227	298	6
237	310	6
2	2	1
3	3	1
4	4	1
5	5	1
6	6	1
7	7	1
8	8	1
9	9	1
10	10	1
11	11	1
12	12	1
13	13	1
14	14	1
15	15	1
16	16	1
17	17	1
18	18	1
19	19	1
20	20	1
21	21	1
22	22	1
23	23	1
24	24	1
25	25	1
26	26	1
27	27	1
28	28	1
29	29	1
30	30	1
31	31	1
32	32	1
33	33	1
34	34	1
35	35	1
36	36	1
37	37	1
38	38	1
39	39	1
40	40	1
41	41	1
42	42	1
43	43	1
44	44	1
45	45	1
46	46	1
47	47	1
48	48	1
49	49	1
50	50	1
51	51	1
52	52	1
53	53	1
54	54	1
55	55	1
56	56	1
57	57	1
58	58	1
59	59	1
60	60	1
61	61	1
62	62	1
63	63	1
64	64	1
65	65	1
66	66	1
67	67	1
68	68	1
69	69	1
70	70	1
71	71	1
72	72	1
73	73	1
74	74	1
75	75	1
76	76	1
77	77	1
78	78	1
79	79	1
80	80	1
81	81	1
82	82	1
83	83	1
84	84	1
85	85	1
86	86	1
87	87	1
88	88	1
89	89	1
90	90	1
91	91	1
92	92	1
93	93	1
281	305	9
280	306	9
282	306	9
279	307	9
278	308	9
277	309	9
283	305	9
276	310	9
94	92	1
95	92	1
96	91	1
93	93	1
372	326	34
370	327	34
371	327	34
373	327	34
369	328	34
382	251	35
383	251	35
384	251	35
385	252	35
387	252	35
388	252	35
386	253	35
225	115	1
226	115	1
271	115	1
273	115	1
227	116	1
228	116	1
265	116	1
267	116	1
268	116	1
269	116	1
270	116	1
272	116	1
229	117	1
230	117	1
249	117	1
263	117	1
264	117	1
266	117	1
231	118	1
232	118	1
233	118	1
235	118	1
237	118	1
239	118	1
241	118	1
242	118	1
243	118	1
244	118	1
245	118	1
246	118	1
247	118	1
248	118	1
250	118	1
251	118	1
260	118	1
261	118	1
262	118	1
234	119	1
236	119	1
238	119	1
240	119	1
252	119	1
253	119	1
254	119	1
255	119	1
256	119	1
257	119	1
258	119	1
259	119	1
224	114	1
274	115	1
96	206	1
97	206	1
98	206	1
99	206	1
100	206	1
101	206	1
102	206	1
103	206	1
104	206	1
105	206	1
106	206	1
107	206	1
108	206	1
109	206	1
110	206	1
111	206	1
112	206	1
113	206	1
114	206	1
115	206	1
116	206	1
117	206	1
118	206	1
119	206	1
120	206	1
121	206	1
122	206	1
123	206	1
124	206	1
125	206	1
126	206	1
127	206	1
128	206	1
129	206	1
130	206	1
131	206	1
132	206	1
133	206	1
134	206	1
135	206	1
136	206	1
137	206	1
138	206	1
139	206	1
140	206	1
141	206	1
142	206	1
143	206	1
144	206	1
145	206	1
146	206	1
147	206	1
148	206	1
149	206	1
150	206	1
151	206	1
152	206	1
153	206	1
154	206	1
155	206	1
156	206	1
157	206	1
158	206	1
159	206	1
160	206	1
161	206	1
162	206	1
163	206	1
164	206	1
165	206	1
166	206	1
167	206	1
168	206	1
169	206	1
170	206	1
171	206	1
172	206	1
173	206	1
174	206	1
175	206	1
176	206	1
177	206	1
178	206	1
179	206	1
180	206	1
181	206	1
182	206	1
184	206	1
186	206	1
188	206	1
190	206	1
183	207	1
185	207	1
187	207	1
189	207	1
191	207	1
192	207	1
95	206	1
193	206	1
288	370	14
289	370	14
290	370	14
291	370	14
292	370	14
287	370	14
293	371	14
381	50	34
380	49	34
423	48	31
423	49	31
423	50	31
423	51	31
305	250	16
306	250	16
307	251	16
308	252	16
309	253	16
310	253	16
311	254	16
315	254	16
317	254	16
312	255	16
313	255	16
314	255	16
316	255	16
304	249	16
318	253	16
257	305	1
258	305	1
259	306	1
260	307	1
261	308	1
262	308	1
263	309	1
264	310	1
266	310	1
268	310	1
270	310	1
272	310	1
273	310	1
274	310	1
265	311	1
267	311	1
269	311	1
271	311	1
256	304	1
275	310	1
342	255	33
341	256	33
341	257	33
231	93	1
231	94	1
232	95	1
233	96	1
234	97	1
235	98	1
236	99	1
230	92	1
351	50	18
353	50	18
354	50	18
355	50	18
356	50	18
357	50	18
358	50	18
359	50	18
360	50	18
361	50	18
363	50	18
368	50	18
350	51	18
352	51	18
362	51	18
364	51	18
365	51	18
366	51	18
367	51	18
369	51	18
348	52	18
349	52	18
347	53	18
346	54	18
344	55	18
345	55	18
370	50	18
343	56	18
371	51	31
370	50	31
372	52	31
205	90	1
206	91	1
207	92	1
207	93	1
208	94	1
209	95	1
210	96	1
211	97	1
212	98	1
212	99	1
212	100	1
212	101	1
205	89	1
212	102	1
375	255	35
375	256	35
376	257	35
375	254	35
220	252	5
220	253	5
220	254	5
220	255	5
220	256	5
220	257	5
220	258	5
220	251	5
220	259	5
228	92	1
226	93	1
227	93	1
225	94	1
224	95	1
223	96	1
222	97	1
220	98	1
221	98	1
219	99	1
219	100	1
218	101	1
218	102	1
229	92	1
217	103	1
319	254	20
320	255	20
321	255	20
322	256	20
323	257	20
324	258	20
318	253	20
325	259	20
214	102	1
213	103	1
215	103	1
212	102	1
216	103	1
380	256	34
380	257	34
381	258	34
382	258	34
379	255	34
186	147	1
188	147	1
189	147	1
190	147	1
191	147	1
184	148	1
185	148	1
187	148	1
192	148	1
193	148	1
194	148	1
96	149	1
97	149	1
98	149	1
99	149	1
100	149	1
101	149	1
102	149	1
103	149	1
104	149	1
105	149	1
106	149	1
107	149	1
108	149	1
109	149	1
110	149	1
111	149	1
112	149	1
113	149	1
114	149	1
115	149	1
116	149	1
117	149	1
118	149	1
119	149	1
120	149	1
121	149	1
122	149	1
123	149	1
124	149	1
125	149	1
126	149	1
127	149	1
128	149	1
129	149	1
130	149	1
131	149	1
132	149	1
133	149	1
134	149	1
135	149	1
136	149	1
137	149	1
138	149	1
139	149	1
140	149	1
141	149	1
142	149	1
143	149	1
144	149	1
145	149	1
146	149	1
147	149	1
148	149	1
149	149	1
150	149	1
151	149	1
152	149	1
153	149	1
154	149	1
155	149	1
156	149	1
157	149	1
158	149	1
159	149	1
160	149	1
161	149	1
162	149	1
163	149	1
164	149	1
165	149	1
166	149	1
167	149	1
168	149	1
169	149	1
170	149	1
171	149	1
172	149	1
173	149	1
174	149	1
175	149	1
176	149	1
177	149	1
178	149	1
179	149	1
180	149	1
181	149	1
182	149	1
183	149	1
195	149	1
95	149	1
196	150	1
305	332	19
306	332	19
303	333	19
304	333	19
302	334	19
300	335	19
301	335	19
299	336	19
298	337	19
297	338	19
297	339	19
307	331	19
296	340	19
424	52	35
425	52	35
423	51	35
319	71	18
318	72	18
317	73	18
317	74	18
320	70	18
316	75	18
197	46	1
199	46	1
142	47	1
143	47	1
144	47	1
145	47	1
146	47	1
147	47	1
148	47	1
149	47	1
150	47	1
151	47	1
152	47	1
153	47	1
154	47	1
155	47	1
156	47	1
157	47	1
158	47	1
159	47	1
160	47	1
161	47	1
162	47	1
163	47	1
164	47	1
165	47	1
166	47	1
167	47	1
168	47	1
169	47	1
170	47	1
171	47	1
172	47	1
173	47	1
174	47	1
175	47	1
176	47	1
177	47	1
178	47	1
179	47	1
180	47	1
181	47	1
182	47	1
183	47	1
184	47	1
185	47	1
186	47	1
187	47	1
188	47	1
189	47	1
190	47	1
191	47	1
192	47	1
193	47	1
194	47	1
195	47	1
196	47	1
198	47	1
200	47	1
201	47	1
202	47	1
203	47	1
204	47	1
205	47	1
207	47	1
218	47	1
220	47	1
221	47	1
222	47	1
223	47	1
224	47	1
226	47	1
228	47	1
206	48	1
208	48	1
209	48	1
210	48	1
211	48	1
213	48	1
214	48	1
215	48	1
216	48	1
217	48	1
219	48	1
225	48	1
227	48	1
229	48	1
230	48	1
231	48	1
233	48	1
212	49	1
232	49	1
234	49	1
236	49	1
238	49	1
240	49	1
242	49	1
244	49	1
235	50	1
237	50	1
239	50	1
241	50	1
243	50	1
245	50	1
247	50	1
249	50	1
246	51	1
248	51	1
250	51	1
251	51	1
252	52	1
253	52	1
254	53	1
255	53	1
141	47	1
256	54	1
218	204	5
220	204	5
221	204	5
222	204	5
223	204	5
224	204	5
225	204	5
226	204	5
227	204	5
228	204	5
229	204	5
231	204	5
212	205	5
213	205	5
214	205	5
215	205	5
216	205	5
217	205	5
219	205	5
230	205	5
232	205	5
234	205	5
207	206	5
209	206	5
210	206	5
211	206	5
233	206	5
235	206	5
236	206	5
237	206	5
194	207	5
195	207	5
206	207	5
208	207	5
238	207	5
196	208	5
197	208	5
203	208	5
205	208	5
239	208	5
240	208	5
241	208	5
198	209	5
199	209	5
201	209	5
202	209	5
204	209	5
242	209	5
200	210	5
243	210	5
244	210	5
245	210	5
248	210	5
246	211	5
247	211	5
249	211	5
250	211	5
193	206	5
251	212	5
264	203	5
262	204	5
263	204	5
260	205	5
261	205	5
258	206	5
259	206	5
257	207	5
255	208	5
256	208	5
254	209	5
253	210	5
252	211	5
265	202	5
251	212	5
264	234	1
264	235	1
264	236	1
264	237	1
391	208	32
390	209	32
389	210	32
389	211	32
389	212	32
389	213	32
400	209	34
398	210	34
399	210	34
397	211	34
396	212	34
395	213	34
257	54	4
256	54	4
258	55	4
302	326	17
303	327	17
304	327	17
305	328	17
306	329	17
301	325	17
307	330	17
322	148	19
322	149	19
386	213	6
382	214	6
383	214	6
384	214	6
385	214	6
387	214	6
388	214	6
381	215	6
378	216	6
379	216	6
380	216	6
289	217	6
291	217	6
293	217	6
294	217	6
295	217	6
296	217	6
297	217	6
298	217	6
299	217	6
300	217	6
301	217	6
302	217	6
303	217	6
304	217	6
305	217	6
306	217	6
307	217	6
308	217	6
333	217	6
335	217	6
337	217	6
356	217	6
375	217	6
377	217	6
282	218	6
284	218	6
285	218	6
286	218	6
287	218	6
288	218	6
290	218	6
292	218	6
309	218	6
310	218	6
311	218	6
312	218	6
314	218	6
316	218	6
330	218	6
332	218	6
334	218	6
336	218	6
338	218	6
339	218	6
340	218	6
341	218	6
342	218	6
344	218	6
345	218	6
346	218	6
347	218	6
348	218	6
349	218	6
350	218	6
351	218	6
352	218	6
353	218	6
354	218	6
355	218	6
357	218	6
358	218	6
359	218	6
360	218	6
361	218	6
362	218	6
363	218	6
365	218	6
366	218	6
367	218	6
368	218	6
369	218	6
370	218	6
371	218	6
372	218	6
373	218	6
374	218	6
376	218	6
277	219	6
279	219	6
280	219	6
281	219	6
283	219	6
313	219	6
315	219	6
317	219	6
318	219	6
319	219	6
321	219	6
323	219	6
325	219	6
327	219	6
328	219	6
329	219	6
331	219	6
343	219	6
364	219	6
274	220	6
275	220	6
276	220	6
278	220	6
320	220	6
322	220	6
324	220	6
326	220	6
270	221	6
271	221	6
272	221	6
273	221	6
268	222	6
269	222	6
267	223	6
266	224	6
265	225	6
389	213	6
264	226	6
401	214	35
401	215	35
326	258	20
327	258	20
328	258	20
330	258	20
329	259	20
331	259	20
332	259	20
333	259	20
334	260	20
335	260	20
325	259	20
336	261	20
339	259	21
337	260	21
338	260	21
340	258	21
336	261	21
312	149	28
316	149	28
318	149	28
308	150	28
309	150	28
310	150	28
311	150	28
313	150	28
314	150	28
315	150	28
317	150	28
292	373	17
293	372	17
307	365	18
310	365	18
302	366	18
303	366	18
304	366	18
305	366	18
306	366	18
308	366	18
309	366	18
311	366	18
300	367	18
301	367	18
312	367	18
313	367	18
297	368	18
298	368	18
299	368	18
314	368	18
316	368	18
296	369	18
315	369	18
317	369	18
295	370	18
318	370	18
319	370	18
320	370	18
321	371	18
322	372	18
324	372	18
326	372	18
323	373	18
325	373	18
327	373	18
294	371	18
328	372	18
329	373	35
328	372	35
237	371	35
237	372	35
238	373	35
239	374	35
237	370	35
249	150	6
246	151	6
247	151	6
248	151	6
245	152	6
242	153	6
243	153	6
244	153	6
250	150	6
241	153	6
285	372	15
284	373	15
283	374	15
282	375	15
286	371	15
281	376	15
272	149	16
272	150	16
273	151	16
274	151	16
275	151	16
276	152	16
331	183	26
332	183	26
333	184	26
334	185	26
335	185	26
336	186	26
337	186	26
344	186	26
345	186	26
346	186	26
347	186	26
338	187	26
339	187	26
340	187	26
341	187	26
342	187	26
343	187	26
330	182	26
402	217	35
401	216	35
251	213	1
251	214	1
252	215	1
252	216	1
253	217	1
254	218	1
251	212	1
255	219	1
368	317	31
366	318	31
367	318	31
369	318	31
370	318	31
371	318	31
372	318	31
373	318	31
374	318	31
375	318	31
376	318	31
377	318	31
378	319	31
379	320	31
365	319	31
212	260	1
214	260	1
216	260	1
218	260	1
205	261	1
207	261	1
209	261	1
211	261	1
213	261	1
215	261	1
217	261	1
219	261	1
201	262	1
202	262	1
203	262	1
204	262	1
206	262	1
208	262	1
210	262	1
95	263	1
96	263	1
97	263	1
98	263	1
99	263	1
100	263	1
101	263	1
102	263	1
103	263	1
104	263	1
105	263	1
106	263	1
107	263	1
108	263	1
109	263	1
110	263	1
111	263	1
112	263	1
113	263	1
114	263	1
115	263	1
116	263	1
117	263	1
118	263	1
119	263	1
120	263	1
121	263	1
122	263	1
123	263	1
124	263	1
125	263	1
126	263	1
127	263	1
128	263	1
129	263	1
130	263	1
131	263	1
132	263	1
133	263	1
134	263	1
135	263	1
136	263	1
137	263	1
138	263	1
139	263	1
140	263	1
141	263	1
142	263	1
143	263	1
144	263	1
145	263	1
146	263	1
147	263	1
148	263	1
149	263	1
150	263	1
151	263	1
152	263	1
153	263	1
154	263	1
155	263	1
156	263	1
157	263	1
158	263	1
159	263	1
160	263	1
161	263	1
162	263	1
163	263	1
164	263	1
165	263	1
166	263	1
167	263	1
168	263	1
169	263	1
170	263	1
171	263	1
172	263	1
173	263	1
174	263	1
175	263	1
176	263	1
177	263	1
178	263	1
179	263	1
180	263	1
181	263	1
182	263	1
184	263	1
186	263	1
188	263	1
190	263	1
192	263	1
194	263	1
196	263	1
198	263	1
200	263	1
183	264	1
185	264	1
187	264	1
189	264	1
191	264	1
193	264	1
195	264	1
197	264	1
199	264	1
220	260	1
94	263	1
388	56	34
389	56	34
390	56	34
383	57	34
385	57	34
386	57	34
387	57	34
382	58	34
384	58	34
381	59	34
303	318	35
303	319	35
303	320	35
303	321	35
303	322	35
282	377	15
283	378	15
281	376	15
422	52	26
420	53	26
421	53	26
418	54	26
419	54	26
416	55	26
417	55	26
413	56	26
414	56	26
415	56	26
412	57	26
423	51	26
411	58	26
264	227	8
265	228	8
265	229	8
266	230	8
264	226	8
307	321	17
308	321	17
309	321	17
310	321	17
311	321	17
312	321	17
313	321	17
314	321	17
305	322	17
306	322	17
315	322	17
304	323	17
284	148	16
279	149	16
280	149	16
281	149	16
282	149	16
283	149	16
285	149	16
278	150	16
286	150	16
287	150	16
277	151	16
288	151	16
302	151	16
304	151	16
305	151	16
289	152	16
290	152	16
291	152	16
293	152	16
301	152	16
303	152	16
292	153	16
294	153	16
295	153	16
296	153	16
297	153	16
298	153	16
299	153	16
300	153	16
276	152	16
362	319	27
363	319	27
361	320	27
361	321	27
364	319	27
361	322	27
276	153	16
275	154	16
276	152	16
210	103	1
211	103	1
96	104	1
97	104	1
98	104	1
99	104	1
100	104	1
101	104	1
102	104	1
103	104	1
104	104	1
105	104	1
106	104	1
107	104	1
108	104	1
109	104	1
110	104	1
111	104	1
112	104	1
113	104	1
114	104	1
115	104	1
116	104	1
117	104	1
118	104	1
119	104	1
120	104	1
121	104	1
122	104	1
123	104	1
124	104	1
125	104	1
126	104	1
127	104	1
128	104	1
129	104	1
130	104	1
131	104	1
132	104	1
133	104	1
134	104	1
135	104	1
136	104	1
137	104	1
138	104	1
139	104	1
140	104	1
141	104	1
142	104	1
143	104	1
144	104	1
145	104	1
146	104	1
147	104	1
148	104	1
149	104	1
150	104	1
151	104	1
152	104	1
153	104	1
154	104	1
155	104	1
156	104	1
157	104	1
158	104	1
159	104	1
160	104	1
161	104	1
162	104	1
163	104	1
164	104	1
165	104	1
166	104	1
167	104	1
168	104	1
169	104	1
170	104	1
171	104	1
172	104	1
173	104	1
174	104	1
175	104	1
176	104	1
177	104	1
178	104	1
179	104	1
180	104	1
181	104	1
182	104	1
183	104	1
184	104	1
185	104	1
186	104	1
187	104	1
188	104	1
189	104	1
190	104	1
191	104	1
192	104	1
193	104	1
194	104	1
195	104	1
196	104	1
197	104	1
198	104	1
199	104	1
200	104	1
201	104	1
202	104	1
203	104	1
204	104	1
205	104	1
206	104	1
207	104	1
208	104	1
209	104	1
212	102	1
95	104	1
223	153	6
223	154	6
224	155	6
225	156	6
223	152	6
343	103	24
344	104	24
345	105	24
348	104	24
348	105	24
410	57	26
411	58	26
408	68	29
409	69	29
410	70	29
411	70	29
413	70	29
412	71	29
414	71	29
415	72	29
417	72	29
416	73	29
418	73	29
419	74	29
420	74	29
421	75	29
422	75	29
424	75	29
423	76	29
425	76	29
430	76	29
426	77	29
427	77	29
428	77	29
429	77	29
407	67	29
431	77	29
196	151	6
196	152	6
196	153	6
195	154	6
194	155	6
194	156	6
193	157	6
192	158	6
192	159	6
191	160	6
196	150	6
191	161	6
357	382	33
356	381	33
94	150	1
94	151	1
93	152	1
93	153	1
92	154	1
92	155	1
92	156	1
93	157	1
93	158	1
94	159	1
94	160	1
95	161	1
95	149	1
96	162	1
240	155	6
240	156	6
241	157	6
242	158	6
242	159	6
243	160	6
243	161	6
240	154	6
254	55	1
255	55	1
252	56	1
253	56	1
236	57	1
238	57	1
240	57	1
242	57	1
244	57	1
246	57	1
248	57	1
250	57	1
251	57	1
200	58	1
202	58	1
204	58	1
225	58	1
227	58	1
229	58	1
231	58	1
233	58	1
234	58	1
235	58	1
237	58	1
239	58	1
241	58	1
243	58	1
245	58	1
247	58	1
249	58	1
194	59	1
196	59	1
197	59	1
198	59	1
199	59	1
201	59	1
203	59	1
205	59	1
206	59	1
207	59	1
208	59	1
209	59	1
210	59	1
211	59	1
212	59	1
213	59	1
214	59	1
215	59	1
216	59	1
217	59	1
218	59	1
219	59	1
220	59	1
221	59	1
222	59	1
223	59	1
224	59	1
226	59	1
228	59	1
230	59	1
232	59	1
192	60	1
193	60	1
195	60	1
130	61	1
131	61	1
132	61	1
133	61	1
134	61	1
135	61	1
136	61	1
137	61	1
138	61	1
139	61	1
140	61	1
141	61	1
142	61	1
143	61	1
144	61	1
145	61	1
146	61	1
147	61	1
148	61	1
149	61	1
150	61	1
151	61	1
152	61	1
153	61	1
154	61	1
155	61	1
156	61	1
157	61	1
158	61	1
159	61	1
160	61	1
161	61	1
162	61	1
163	61	1
164	61	1
165	61	1
166	61	1
167	61	1
168	61	1
169	61	1
170	61	1
171	61	1
172	61	1
173	61	1
174	61	1
175	61	1
176	61	1
177	61	1
178	61	1
179	61	1
180	61	1
181	61	1
182	61	1
183	61	1
185	61	1
186	61	1
187	61	1
188	61	1
189	61	1
190	61	1
191	61	1
184	62	1
256	54	1
129	61	1
398	218	35
398	217	35
365	321	27
364	322	27
365	320	27
364	323	27
101	311	1
101	312	1
101	313	1
101	314	1
101	315	1
102	316	1
103	317	1
104	317	1
105	318	1
106	318	1
107	319	1
108	319	1
109	320	1
110	320	1
111	321	1
112	321	1
113	322	1
114	322	1
115	323	1
116	323	1
101	310	1
117	324	1
269	48	1
270	48	1
271	48	1
272	48	1
273	48	1
274	48	1
267	49	1
268	49	1
275	49	1
276	49	1
277	49	1
266	50	1
278	50	1
279	50	1
280	50	1
264	51	1
265	51	1
281	51	1
262	52	1
263	52	1
282	52	1
261	53	1
283	53	1
284	53	1
259	54	1
260	54	1
285	54	1
287	54	1
286	55	1
288	55	1
290	55	1
289	56	1
291	56	1
292	56	1
293	56	1
294	56	1
295	56	1
297	56	1
296	57	1
298	57	1
299	57	1
300	57	1
301	58	1
302	58	1
258	55	1
303	59	1
373	54	32
374	55	32
375	56	32
376	57	32
377	57	32
378	58	32
379	58	32
380	58	32
372	53	32
381	59	32
138	48	1
139	48	1
136	49	1
137	49	1
134	50	1
135	50	1
132	51	1
133	51	1
130	52	1
131	52	1
129	53	1
128	54	1
128	55	1
128	56	1
128	57	1
128	58	1
128	59	1
140	47	1
128	60	1
276	312	11
276	313	11
277	314	11
277	315	11
278	316	11
279	316	11
280	317	11
281	318	11
282	318	11
283	318	11
284	318	11
285	318	11
286	318	11
287	319	11
288	319	11
289	319	11
290	319	11
291	319	11
293	319	11
295	319	11
292	320	11
294	320	11
296	320	11
297	321	11
298	321	11
299	322	11
300	323	11
276	311	11
300	324	11
257	220	1
256	220	1
257	104	1
262	104	1
264	104	1
266	104	1
252	105	1
253	105	1
254	105	1
255	105	1
256	105	1
258	105	1
259	105	1
260	105	1
261	105	1
263	105	1
265	105	1
267	105	1
268	105	1
269	105	1
271	105	1
251	106	1
270	106	1
272	106	1
273	106	1
274	106	1
275	106	1
276	106	1
277	106	1
279	106	1
281	106	1
283	106	1
249	107	1
250	107	1
278	107	1
280	107	1
282	107	1
284	107	1
246	108	1
248	108	1
240	109	1
242	109	1
243	109	1
244	109	1
245	109	1
247	109	1
232	110	1
233	110	1
235	110	1
236	110	1
237	110	1
238	110	1
239	110	1
241	110	1
228	111	1
229	111	1
230	111	1
231	111	1
234	111	1
226	112	1
227	112	1
285	108	1
225	112	1
254	347	6
253	348	6
250	349	6
251	349	6
252	349	6
249	350	6
246	351	6
247	351	6
248	351	6
245	352	6
244	353	6
255	346	6
243	354	6
322	319	17
324	319	17
317	320	17
318	320	17
319	320	17
320	320	17
321	320	17
323	320	17
325	320	17
326	320	17
327	320	17
316	321	17
328	321	17
329	321	17
330	321	17
331	321	17
332	322	17
333	322	17
334	322	17
335	322	17
336	322	17
338	322	17
337	323	17
339	323	17
340	323	17
315	322	17
341	324	17
200	234	1
202	234	1
204	234	1
206	234	1
208	234	1
209	234	1
210	234	1
211	234	1
212	234	1
213	234	1
214	234	1
215	234	1
216	234	1
217	234	1
218	234	1
219	234	1
220	234	1
221	234	1
222	234	1
223	234	1
224	234	1
225	234	1
226	234	1
227	234	1
229	234	1
194	235	1
196	235	1
197	235	1
198	235	1
199	235	1
201	235	1
203	235	1
205	235	1
207	235	1
228	235	1
230	235	1
231	235	1
232	235	1
233	235	1
234	235	1
236	235	1
238	235	1
240	235	1
242	235	1
244	235	1
96	236	1
97	236	1
98	236	1
99	236	1
100	236	1
101	236	1
102	236	1
103	236	1
104	236	1
105	236	1
106	236	1
107	236	1
108	236	1
109	236	1
110	236	1
111	236	1
112	236	1
113	236	1
114	236	1
115	236	1
116	236	1
117	236	1
118	236	1
119	236	1
120	236	1
121	236	1
122	236	1
123	236	1
124	236	1
125	236	1
126	236	1
127	236	1
128	236	1
129	236	1
130	236	1
131	236	1
132	236	1
133	236	1
134	236	1
135	236	1
136	236	1
137	236	1
138	236	1
139	236	1
140	236	1
141	236	1
142	236	1
143	236	1
144	236	1
145	236	1
146	236	1
147	236	1
148	236	1
149	236	1
150	236	1
151	236	1
152	236	1
153	236	1
154	236	1
155	236	1
156	236	1
157	236	1
158	236	1
159	236	1
160	236	1
161	236	1
162	236	1
163	236	1
164	236	1
165	236	1
166	236	1
167	236	1
168	236	1
169	236	1
170	236	1
171	236	1
172	236	1
173	236	1
174	236	1
175	236	1
176	236	1
177	236	1
178	236	1
179	236	1
180	236	1
181	236	1
182	236	1
183	236	1
184	236	1
185	236	1
186	236	1
187	236	1
188	236	1
189	236	1
190	236	1
191	236	1
192	236	1
193	236	1
195	236	1
235	236	1
237	236	1
239	236	1
241	236	1
243	236	1
245	236	1
247	236	1
249	236	1
251	236	1
253	236	1
246	237	1
248	237	1
250	237	1
252	237	1
254	237	1
255	237	1
256	237	1
257	237	1
258	237	1
259	237	1
260	237	1
261	237	1
262	238	1
95	236	1
263	238	1
350	321	22
352	321	22
354	321	22
345	322	22
347	322	22
349	322	22
351	322	22
353	322	22
355	322	22
356	322	22
357	322	22
358	322	22
359	322	22
342	323	22
344	323	22
346	323	22
348	323	22
360	323	22
343	324	22
361	322	22
341	324	22
402	107	35
401	108	35
94	207	1
93	208	1
93	209	1
92	210	1
92	211	1
91	212	1
91	213	1
90	214	1
91	215	1
91	216	1
92	217	1
92	218	1
93	219	1
93	220	1
94	221	1
95	206	1
95	222	1
243	392	1
244	391	1
254	221	1
255	220	1
253	222	1
268	330	1
267	331	1
264	332	1
265	332	1
266	332	1
261	333	1
262	333	1
263	333	1
258	334	1
259	334	1
260	334	1
257	335	1
269	331	1
256	336	1
344	106	24
342	107	24
343	107	24
341	108	24
341	109	24
345	105	24
341	110	24
396	108	33
397	108	33
399	108	33
395	109	33
398	109	33
400	109	33
394	110	33
394	111	33
401	108	33
393	112	33
92	94	1
92	95	1
91	96	1
91	97	1
91	98	1
92	99	1
92	100	1
93	101	1
93	102	1
94	103	1
93	93	1
95	104	1
276	119	9
276	120	9
276	118	9
94	105	1
93	106	1
93	107	1
92	108	1
92	109	1
91	110	1
91	111	1
90	112	1
91	113	1
91	114	1
92	115	1
92	116	1
93	117	1
93	118	1
95	104	1
94	119	1
276	390	14
275	391	14
286	107	11
287	108	11
288	108	11
289	109	11
290	109	11
291	110	11
285	108	11
292	111	11
177	382	1
178	382	1
179	382	1
180	382	1
181	382	1
182	382	1
183	382	1
185	382	1
184	383	1
186	383	1
187	383	1
188	383	1
189	383	1
190	383	1
192	383	1
194	383	1
196	383	1
198	383	1
200	383	1
201	383	1
202	383	1
203	383	1
204	383	1
205	383	1
206	383	1
207	383	1
208	383	1
209	383	1
211	383	1
213	383	1
215	383	1
217	383	1
219	383	1
221	383	1
223	383	1
225	383	1
191	384	1
193	384	1
195	384	1
197	384	1
199	384	1
210	384	1
212	384	1
214	384	1
216	384	1
218	384	1
220	384	1
222	384	1
224	384	1
226	384	1
228	384	1
230	384	1
232	384	1
227	385	1
229	385	1
231	385	1
233	385	1
234	385	1
235	385	1
236	385	1
237	385	1
238	386	1
239	386	1
240	386	1
241	386	1
242	387	1
176	382	1
243	388	1
301	386	21
303	386	21
300	387	21
302	387	21
355	382	32
354	383	32
353	384	32
353	385	32
354	386	32
354	387	32
354	388	32
356	381	32
354	389	32
218	105	1
219	106	1
220	107	1
221	108	1
222	109	1
223	110	1
224	111	1
217	104	1
225	112	1
244	389	1
243	388	1
244	390	1
133	338	1
134	338	1
135	338	1
136	338	1
137	338	1
138	338	1
139	338	1
140	338	1
141	338	1
142	338	1
143	338	1
144	338	1
145	338	1
146	338	1
147	338	1
148	338	1
149	338	1
150	338	1
151	338	1
152	338	1
153	338	1
154	338	1
155	338	1
156	338	1
157	338	1
158	338	1
159	338	1
160	338	1
161	338	1
162	338	1
163	338	1
164	338	1
165	338	1
166	338	1
167	338	1
168	338	1
169	338	1
170	338	1
171	338	1
172	338	1
173	338	1
174	338	1
175	338	1
176	338	1
177	338	1
178	338	1
179	338	1
180	338	1
181	338	1
182	338	1
183	338	1
185	338	1
184	339	1
186	339	1
132	338	1
187	340	1
213	162	6
214	163	6
216	162	6
215	163	6
362	323	27
363	324	27
361	322	27
364	323	27
97	162	1
98	162	1
99	162	1
100	162	1
101	162	1
102	162	1
103	162	1
104	162	1
105	162	1
106	162	1
107	162	1
108	162	1
109	162	1
110	162	1
111	162	1
112	162	1
113	162	1
114	162	1
115	162	1
116	162	1
117	162	1
118	162	1
119	162	1
120	162	1
121	162	1
122	162	1
123	162	1
124	162	1
125	162	1
126	162	1
127	162	1
128	162	1
129	162	1
130	162	1
131	162	1
132	162	1
133	162	1
134	162	1
135	162	1
136	162	1
137	162	1
138	162	1
139	162	1
140	162	1
141	162	1
142	162	1
143	162	1
144	162	1
145	162	1
146	162	1
147	162	1
148	162	1
149	162	1
150	162	1
151	162	1
152	162	1
153	162	1
154	162	1
155	162	1
156	162	1
157	162	1
158	162	1
159	162	1
160	162	1
161	162	1
162	162	1
163	162	1
164	162	1
165	162	1
166	162	1
167	162	1
168	162	1
169	162	1
170	162	1
171	162	1
172	162	1
173	162	1
174	162	1
175	162	1
176	162	1
177	162	1
178	162	1
179	162	1
180	162	1
181	162	1
182	162	1
183	162	1
184	162	1
186	162	1
188	162	1
189	162	1
185	163	1
187	163	1
96	162	1
190	162	1
336	262	21
335	263	21
335	264	21
336	261	21
341	164	25
342	165	25
367	258	33
368	259	33
369	260	33
370	260	33
371	261	33
372	262	33
372	263	33
373	264	33
363	390	32
362	391	32
