222	132	1
222	133	1
223	134	1
223	135	1
223	136	1
224	137	1
225	138	1
225	139	1
225	140	1
226	141	1
227	142	1
227	143	1
228	144	1
229	145	1
230	146	1
231	146	1
232	147	1
233	148	1
234	149	1
235	149	1
236	149	1
238	149	1
237	150	1
239	150	1
240	150	1
241	150	1
242	150	1
244	150	1
245	150	1
246	150	1
243	151	1
247	151	1
222	131	1
248	151	1
174	160	12
175	160	12
172	161	12
173	161	12
171	162	12
170	163	12
490	45	53
487	46	53
488	46	53
489	46	53
483	47	53
484	47	53
485	47	53
486	47	53
475	48	53
477	48	53
479	48	53
480	48	53
481	48	53
482	48	53
473	49	53
474	49	53
476	49	53
478	49	53
472	50	53
470	51	53
471	51	53
469	52	53
469	53	53
468	54	53
468	55	53
603	104	61
604	105	61
604	106	61
605	107	61
605	108	61
130	235	1
130	236	1
130	237	1
130	238	1
130	239	1
130	240	1
130	241	1
130	242	1
131	243	1
131	244	1
131	245	1
131	246	1
131	247	1
131	248	1
131	249	1
130	234	1
131	250	1
340	219	25
341	220	25
342	221	25
343	222	25
343	223	25
344	224	25
345	225	25
340	218	25
548	151	64
549	152	64
551	152	64
550	153	64
552	153	64
186	9	67
185	10	67
187	8	67
138	276	1
140	276	1
141	276	1
142	276	1
144	276	1
136	277	1
137	277	1
139	277	1
143	277	1
145	277	1
146	277	1
147	277	1
148	277	1
149	277	1
134	278	1
135	278	1
150	278	1
152	278	1
154	278	1
132	279	1
133	279	1
151	279	1
153	279	1
155	279	1
156	279	1
194	279	1
196	279	1
197	279	1
198	279	1
199	279	1
200	279	1
201	279	1
202	279	1
203	279	1
130	280	1
131	280	1
157	280	1
158	280	1
159	280	1
160	280	1
188	280	1
189	280	1
190	280	1
191	280	1
192	280	1
193	280	1
195	280	1
129	281	1
161	281	1
162	281	1
163	281	1
164	281	1
182	281	1
183	281	1
184	281	1
185	281	1
186	281	1
187	281	1
127	282	1
128	282	1
165	282	1
166	282	1
167	282	1
168	282	1
169	282	1
170	282	1
171	282	1
172	282	1
173	282	1
174	282	1
175	282	1
176	282	1
177	282	1
178	282	1
179	282	1
180	282	1
181	282	1
125	283	1
126	283	1
124	284	1
123	285	1
122	286	1
121	287	1
120	288	1
120	289	1
120	290	1
120	291	1
120	292	1
120	293	1
120	294	1
120	295	1
120	296	1
120	297	1
120	298	1
204	279	1
120	299	1
300	2	58
299	3	58
325	136	16
324	137	16
324	138	16
323	139	16
323	140	16
322	141	16
321	142	16
320	143	16
320	144	16
319	145	16
318	146	16
317	147	16
316	148	16
315	149	16
314	150	16
313	151	16
312	152	16
311	153	16
310	154	16
326	135	16
309	155	16
557	150	66
558	151	66
559	152	66
560	153	66
561	154	66
556	149	66
539	96	62
538	97	62
535	98	62
536	98	62
537	98	62
534	99	62
533	100	62
532	101	62
532	102	62
531	103	62
531	104	62
236	279	6
235	278	6
236	280	6
326	1	50
325	2	50
324	3	50
637	98	60
635	99	60
636	99	60
146	368	1
147	369	1
148	369	1
149	370	1
150	371	1
151	371	1
152	372	1
153	373	1
154	374	1
155	375	1
156	376	1
157	377	1
145	367	1
158	378	1
247	154	66
246	155	66
245	156	66
248	153	66
251	156	6
250	155	6
251	157	6
188	1	1
187	2	1
186	3	1
185	4	1
288	1	63
289	1	63
290	1	63
292	1	63
294	1	63
291	2	63
293	2	63
295	2	63
296	2	63
298	2	63
297	3	63
299	3	63
563	154	67
564	155	67
565	156	67
314	2	50
315	2	50
316	2	50
317	2	50
318	2	50
319	2	50
320	2	50
322	2	50
313	3	50
321	3	50
323	3	50
312	4	50
311	5	50
324	3	50
310	6	50
2	2	1
3	3	1
4	4	1
5	5	1
6	6	1
7	7	1
8	8	1
9	9	1
10	10	1
11	11	1
12	12	1
13	13	1
14	14	1
15	15	1
16	16	1
17	17	1
18	18	1
19	19	1
20	20	1
21	21	1
22	22	1
23	23	1
24	24	1
25	25	1
26	26	1
27	27	1
28	28	1
29	29	1
30	30	1
31	31	1
32	32	1
33	33	1
34	34	1
35	35	1
36	36	1
37	37	1
38	38	1
39	39	1
40	40	1
41	41	1
42	42	1
43	43	1
44	44	1
45	45	1
46	46	1
47	47	1
48	48	1
49	49	1
50	50	1
51	51	1
52	52	1
64	46	1
65	46	1
62	47	1
63	47	1
60	48	1
61	48	1
58	49	1
59	49	1
56	50	1
57	50	1
54	51	1
55	51	1
66	45	1
53	52	1
249	156	66
248	157	66
247	158	66
250	155	66
357	41	28
355	42	28
356	42	28
354	43	28
353	44	28
352	45	28
351	46	28
351	47	28
351	48	28
350	49	28
350	50	28
349	51	28
349	52	28
258	14	4
258	15	4
258	16	4
258	17	4
257	18	4
256	19	4
256	20	4
256	21	4
256	22	4
256	23	4
256	24	4
256	25	4
256	26	4
256	27	4
258	13	4
256	28	4
529	150	64
529	151	64
530	152	64
529	153	64
530	154	64
531	155	64
532	156	64
533	157	64
534	158	64
535	158	64
529	149	64
304	226	67
304	227	67
304	228	67
304	229	67
304	230	67
516	51	58
517	51	58
518	51	58
519	51	58
515	52	58
370	6	44
371	7	44
372	8	44
373	9	44
374	9	44
375	10	44
369	5	44
376	11	44
210	340	1
210	341	1
210	342	1
210	343	1
210	344	1
210	345	1
210	346	1
211	347	1
212	348	1
210	339	1
355	1	65
356	1	65
358	1	65
357	2	65
359	2	65
360	2	65
362	2	65
361	3	65
363	3	65
364	3	65
365	4	65
366	4	65
367	4	65
368	4	65
432	1	47
431	2	47
431	3	47
431	4	47
431	5	47
253	159	6
254	160	6
252	158	6
489	2	59
488	3	59
485	4	59
486	4	59
487	4	59
482	5	59
483	5	59
484	5	59
480	6	59
481	6	59
479	7	59
478	8	59
478	9	59
477	10	59
477	11	59
477	12	59
477	13	59
476	14	59
474	15	59
475	15	59
473	16	59
472	17	59
470	18	59
471	18	59
469	19	59
310	157	16
310	158	16
310	159	16
310	160	16
309	156	16
310	161	16
454	224	37
453	225	37
452	226	37
450	227	37
451	227	37
449	228	37
448	229	37
447	230	37
446	231	37
51	54	1
51	55	1
50	56	1
50	57	1
49	58	1
49	59	1
48	60	1
48	61	1
47	62	1
47	63	1
46	64	1
46	65	1
45	66	1
45	67	1
44	68	1
44	69	1
44	70	1
44	71	1
44	72	1
45	73	1
45	74	1
46	75	1
46	76	1
47	77	1
47	78	1
48	79	1
48	80	1
49	81	1
49	82	1
50	83	1
50	84	1
51	85	1
51	86	1
52	87	1
52	88	1
53	89	1
53	90	1
54	91	1
54	92	1
55	93	1
55	94	1
56	95	1
56	96	1
57	97	1
57	98	1
58	99	1
58	100	1
59	101	1
59	102	1
60	103	1
60	104	1
52	53	1
61	105	1
172	1	63
174	1	63
173	2	63
175	2	63
176	2	63
178	2	63
177	3	63
179	3	63
180	3	63
181	4	63
182	4	63
183	5	63
184	4	63
245	287	1
266	287	1
246	288	1
248	288	1
260	288	1
262	288	1
263	288	1
264	288	1
265	288	1
247	289	1
249	289	1
250	289	1
251	289	1
252	289	1
254	289	1
256	289	1
257	289	1
258	289	1
259	289	1
261	289	1
253	290	1
255	290	1
244	287	1
267	287	1
168	162	60
169	163	60
300	4	58
301	4	58
308	4	58
302	5	58
303	5	58
304	5	58
305	5	58
306	5	58
307	5	58
309	5	58
299	3	58
310	6	58
358	160	48
357	161	48
357	162	48
357	163	48
55	225	1
56	225	1
57	225	1
58	225	1
59	225	1
60	225	1
61	225	1
62	225	1
63	225	1
64	225	1
65	225	1
66	225	1
67	225	1
68	225	1
69	225	1
70	225	1
71	225	1
72	225	1
73	225	1
74	225	1
75	225	1
76	225	1
77	225	1
78	225	1
79	225	1
80	225	1
81	225	1
82	225	1
83	225	1
84	225	1
85	225	1
86	225	1
87	225	1
88	225	1
89	225	1
90	225	1
91	225	1
92	225	1
93	226	1
94	226	1
95	226	1
96	227	1
97	228	1
98	228	1
100	228	1
102	228	1
104	228	1
99	229	1
101	229	1
103	229	1
105	229	1
106	229	1
107	229	1
109	229	1
111	229	1
113	229	1
114	229	1
115	229	1
116	229	1
118	229	1
120	229	1
121	229	1
108	230	1
110	230	1
112	230	1
117	230	1
119	230	1
122	230	1
123	230	1
124	230	1
125	231	1
126	231	1
127	232	1
128	232	1
54	225	1
129	233	1
144	222	1
145	222	1
142	223	1
143	223	1
141	224	1
140	225	1
139	226	1
138	227	1
137	228	1
136	229	1
134	230	1
135	230	1
133	231	1
131	232	1
132	232	1
146	221	1
130	233	1
150	223	1
151	224	1
152	225	1
153	226	1
154	227	1
155	228	1
156	229	1
157	230	1
158	231	1
159	232	1
149	223	1
160	233	1
189	214	1
189	215	1
188	216	1
186	217	1
187	217	1
184	218	1
185	218	1
182	219	1
183	219	1
181	220	1
178	221	1
180	221	1
176	222	1
177	222	1
179	222	1
174	223	1
175	223	1
173	224	1
172	225	1
170	226	1
171	226	1
168	227	1
169	227	1
166	228	1
167	228	1
165	229	1
163	230	1
164	230	1
162	231	1
161	232	1
189	213	1
160	233	1
216	282	1
217	282	1
218	282	1
219	282	1
232	282	1
233	282	1
234	282	1
220	283	1
221	283	1
222	283	1
229	283	1
230	283	1
231	283	1
223	284	1
224	284	1
226	284	1
227	284	1
228	284	1
225	285	1
235	281	1
215	282	1
639	65	60
640	65	60
638	66	60
638	67	60
638	68	60
638	69	60
638	70	60
186	6	66
185	5	66
187	7	66
392	271	40
393	272	40
394	272	40
395	273	40
427	273	40
429	273	40
430	273	40
396	274	40
425	274	40
426	274	40
428	274	40
431	274	40
432	274	40
433	274	40
397	275	40
398	275	40
399	275	40
400	275	40
401	275	40
423	275	40
424	275	40
434	275	40
435	275	40
436	275	40
402	276	40
403	276	40
404	276	40
405	276	40
406	276	40
407	276	40
409	276	40
416	276	40
418	276	40
420	276	40
421	276	40
422	276	40
437	276	40
408	277	40
410	277	40
411	277	40
412	277	40
413	277	40
414	277	40
415	277	40
417	277	40
419	277	40
438	277	40
439	277	40
440	277	40
441	278	40
442	278	40
443	279	40
444	280	40
445	280	40
446	281	40
447	281	40
448	282	40
391	270	40
312	164	59
311	163	59
430	6	47
431	5	47
354	164	48
355	164	48
356	164	48
357	163	48
358	164	48
357	163	48
423	15	45
422	14	45
424	16	45
248	3	1
247	4	1
247	5	1
247	6	1
247	7	1
247	8	1
325	4	50
326	5	50
327	5	50
328	6	50
329	6	50
330	7	50
324	3	50
331	7	50
276	163	67
277	164	67
278	165	67
279	166	67
280	167	67
308	163	16
307	164	16
306	165	16
305	166	16
309	162	16
431	11	47
432	11	47
433	11	47
434	11	47
435	11	47
429	12	47
430	12	47
428	13	47
427	14	47
426	15	47
436	10	47
425	16	47
250	154	6
249	153	6
250	155	6
311	7	50
312	8	50
310	6	50
313	9	50
437	235	30
438	235	30
439	235	30
434	236	30
436	236	30
433	237	30
435	237	30
432	238	30
388	239	30
429	239	30
430	239	30
431	239	30
389	240	30
390	240	30
391	240	30
393	240	30
426	240	30
428	240	30
392	241	30
394	241	30
395	241	30
396	241	30
397	241	30
398	241	30
399	241	30
400	241	30
401	241	30
402	241	30
403	241	30
404	241	30
406	241	30
425	241	30
427	241	30
405	242	30
407	242	30
408	242	30
409	242	30
422	242	30
423	242	30
424	242	30
410	243	30
411	243	30
412	243	30
413	243	30
414	243	30
415	243	30
417	243	30
419	243	30
421	243	30
416	244	30
418	244	30
420	244	30
440	235	30
387	240	30
432	6	48
433	6	48
434	7	48
435	8	48
431	5	48
436	9	48
53	344	1
54	344	1
55	345	1
56	345	1
57	346	1
58	346	1
59	347	1
60	347	1
52	343	1
61	348	1
425	43	26
426	44	26
427	45	26
428	45	26
429	46	26
430	47	26
431	48	26
432	48	26
433	48	26
434	49	26
435	49	26
436	49	26
437	50	26
438	50	26
439	50	26
440	51	26
441	51	26
442	51	26
444	51	26
443	52	26
445	52	26
446	52	26
447	52	26
448	53	26
449	53	26
450	54	26
451	54	26
452	54	26
454	54	26
453	55	26
455	55	26
456	55	26
457	55	26
458	55	26
459	55	26
460	55	26
462	55	26
466	55	26
461	56	26
463	56	26
464	56	26
465	56	26
424	42	26
467	56	26
479	234	67
478	235	67
478	236	67
63	348	1
64	348	1
65	348	1
66	348	1
67	348	1
68	348	1
69	348	1
70	348	1
71	348	1
72	348	1
73	348	1
74	348	1
75	348	1
76	348	1
77	348	1
78	348	1
79	348	1
80	348	1
81	348	1
82	348	1
83	348	1
84	348	1
85	348	1
86	348	1
87	348	1
88	348	1
89	348	1
90	348	1
91	348	1
92	348	1
93	348	1
94	348	1
95	348	1
97	348	1
96	349	1
98	349	1
99	349	1
100	349	1
101	349	1
102	349	1
103	349	1
104	349	1
105	350	1
106	350	1
107	351	1
108	351	1
109	352	1
110	352	1
111	353	1
112	353	1
113	353	1
62	348	1
114	354	1
116	353	66
117	352	66
115	354	66
321	273	21
319	274	21
320	274	21
318	275	21
317	276	21
316	277	21
316	278	21
315	279	21
314	280	21
312	281	21
313	281	21
311	282	21
310	283	21
309	284	21
309	285	21
237	282	1
238	283	1
239	284	1
240	284	1
241	285	1
242	286	1
236	281	1
243	287	1
417	32	26
418	33	26
419	33	26
420	34	26
421	35	26
416	31	26
422	36	26
161	340	1
161	341	1
161	342	1
161	343	1
161	344	1
161	345	1
161	346	1
161	347	1
161	348	1
160	349	1
159	350	1
158	351	1
157	352	1
156	353	1
155	354	1
161	339	1
154	355	1
169	165	12
169	166	12
169	167	12
169	168	12
169	169	12
169	170	12
169	171	12
169	172	12
169	173	12
169	174	12
169	164	12
169	175	12
279	168	13
278	169	13
277	170	13
276	171	13
275	172	13
274	173	13
273	174	13
280	167	13
272	175	13
166	101	1
167	102	1
168	103	1
169	104	1
170	105	1
171	106	1
172	107	1
302	232	11
303	232	11
300	233	11
301	233	11
298	234	11
299	234	11
297	235	11
296	236	11
294	237	11
295	237	11
304	231	11
293	238	11
469	236	59
471	236	59
473	236	59
470	237	59
472	237	59
474	237	59
475	236	66
476	236	66
477	237	66
478	236	66
474	237	66
479	237	67
478	236	67
104	158	1
104	159	1
103	160	1
103	161	1
103	162	1
102	163	1
102	164	1
102	165	1
101	166	1
101	167	1
101	168	1
101	169	1
101	170	1
101	171	1
101	172	1
101	173	1
101	174	1
101	175	1
101	176	1
101	177	1
101	178	1
231	100	1
232	100	1
233	100	1
234	100	1
235	100	1
236	100	1
226	101	1
227	101	1
228	101	1
229	101	1
230	101	1
237	101	1
238	101	1
218	102	1
220	102	1
221	102	1
222	102	1
223	102	1
224	102	1
225	102	1
239	102	1
240	102	1
241	102	1
213	103	1
215	103	1
216	103	1
217	103	1
219	103	1
242	103	1
243	103	1
206	104	1
208	104	1
210	104	1
211	104	1
212	104	1
214	104	1
244	104	1
245	104	1
178	105	1
180	105	1
181	105	1
183	105	1
190	105	1
192	105	1
194	105	1
196	105	1
198	105	1
200	105	1
201	105	1
202	105	1
203	105	1
204	105	1
205	105	1
207	105	1
209	105	1
246	105	1
247	105	1
176	106	1
177	106	1
179	106	1
182	106	1
184	106	1
185	106	1
186	106	1
187	106	1
188	106	1
189	106	1
191	106	1
193	106	1
195	106	1
197	106	1
199	106	1
248	106	1
174	107	1
175	107	1
249	107	1
173	108	1
205	281	66
205	282	66
205	283	66
205	284	66
205	285	66
205	286	66
206	287	66
207	288	66
208	289	66
205	280	66
209	290	66
306	231	16
307	231	16
308	232	16
309	233	16
310	233	16
311	233	16
312	234	16
313	235	16
314	235	16
315	235	16
316	235	16
317	236	16
318	236	16
319	237	16
320	237	16
321	238	16
305	231	16
322	239	16
474	238	67
474	237	67
332	9	66
333	10	66
334	11	66
332	8	66
263	178	5
264	178	5
265	178	5
266	178	5
267	178	5
268	178	5
257	179	5
259	179	5
260	179	5
261	179	5
262	179	5
254	180	5
256	180	5
258	180	5
251	181	5
252	181	5
253	181	5
255	181	5
249	182	5
250	182	5
246	183	5
248	183	5
245	184	5
247	184	5
243	185	5
244	185	5
242	186	5
240	187	5
241	187	5
238	188	5
239	188	5
237	189	5
236	190	5
269	179	5
235	191	5
271	177	10
270	178	10
272	176	10
269	179	10
523	113	36
525	113	36
520	114	36
521	114	36
522	114	36
524	114	36
506	115	36
508	115	36
510	115	36
517	115	36
518	115	36
519	115	36
497	116	36
499	116	36
501	116	36
502	116	36
503	116	36
504	116	36
505	116	36
507	116	36
509	116	36
511	116	36
512	116	36
513	116	36
514	116	36
515	116	36
516	116	36
496	117	36
498	117	36
500	117	36
495	118	36
494	119	36
492	120	36
493	120	36
491	121	36
490	122	36
489	123	36
526	113	36
488	124	36
290	239	1
291	239	1
292	239	1
287	240	1
288	240	1
289	240	1
284	241	1
286	241	1
283	242	1
285	242	1
280	243	1
282	243	1
279	244	1
281	244	1
277	245	1
278	245	1
275	246	1
276	246	1
270	247	1
272	247	1
274	247	1
268	248	1
269	248	1
271	248	1
273	248	1
293	238	1
267	249	1
302	155	15
304	155	15
305	155	15
306	155	15
307	155	15
300	156	15
301	156	15
303	156	15
296	157	15
298	157	15
299	157	15
294	158	15
295	158	15
297	158	15
291	159	15
292	159	15
293	159	15
288	160	15
290	160	15
287	161	15
289	161	15
286	162	15
285	163	15
284	164	15
282	165	15
283	165	15
281	166	15
308	155	15
280	167	15
532	105	64
535	105	64
533	106	64
534	106	64
531	104	64
379	238	29
380	238	29
381	238	29
382	238	29
384	238	29
377	239	29
378	239	29
383	239	29
385	239	29
386	239	29
376	240	29
374	241	29
375	241	29
373	242	29
387	240	29
372	243	29
169	342	1
169	343	1
169	344	1
169	345	1
169	346	1
169	347	1
169	348	1
169	349	1
170	350	1
171	351	1
171	352	1
172	353	1
173	354	1
174	355	1
174	356	1
175	357	1
176	358	1
177	359	1
178	360	1
179	361	1
169	341	1
180	362	1
291	274	13
291	275	13
291	276	13
292	277	13
292	278	13
292	279	13
293	280	13
293	281	13
293	282	13
294	283	13
294	284	13
295	285	13
295	286	13
295	287	13
296	288	13
297	289	13
298	290	13
300	290	13
303	290	13
299	291	13
301	291	13
302	291	13
291	273	13
469	57	43
470	57	43
471	58	43
483	58	43
472	59	43
473	59	43
481	59	43
482	59	43
474	60	43
475	60	43
479	60	43
480	60	43
476	61	43
477	61	43
478	61	43
468	56	43
152	357	1
151	358	1
150	359	1
149	360	1
148	361	1
148	362	1
153	356	1
147	363	1
115	356	63
115	357	63
115	358	63
115	359	63
115	360	63
115	361	63
115	362	63
115	363	63
115	355	63
114	364	63
249	9	1
250	9	1
252	9	1
251	10	1
253	10	1
254	11	1
256	11	1
255	12	1
257	12	1
248	9	1
258	13	1
59	132	1
59	133	1
58	134	1
58	135	1
57	136	1
57	137	1
56	138	1
56	139	1
55	140	1
55	141	1
54	142	1
54	143	1
53	144	1
53	145	1
52	146	1
52	147	1
51	148	1
51	149	1
50	150	1
50	151	1
49	152	1
49	153	1
48	154	1
48	155	1
47	156	1
47	157	1
47	158	1
47	159	1
47	160	1
48	161	1
48	162	1
49	163	1
49	164	1
50	165	1
50	166	1
51	167	1
51	168	1
52	169	1
52	170	1
53	171	1
53	172	1
54	173	1
54	174	1
55	175	1
55	176	1
56	177	1
56	178	1
57	179	1
57	180	1
58	181	1
60	131	1
59	182	1
375	12	44
376	11	44
350	54	22
351	55	22
352	56	22
353	57	22
353	58	22
354	59	22
355	60	22
355	61	22
356	62	22
349	53	22
356	63	22
423	10	37
422	11	37
421	12	37
421	13	37
277	293	11
278	293	11
279	293	11
280	293	11
282	293	11
283	293	11
284	293	11
281	294	11
285	294	11
276	293	11
322	363	36
321	364	36
323	362	36
463	238	59
462	239	59
462	240	59
461	241	59
142	330	1
143	330	1
144	330	1
145	330	1
140	331	1
141	331	1
138	332	1
139	332	1
136	333	1
137	333	1
135	334	1
146	329	1
134	334	1
395	343	60
396	344	60
397	344	60
398	344	60
399	344	60
400	345	60
401	346	60
402	347	60
394	342	60
578	87	50
579	87	50
580	87	50
577	87	50
581	87	50
274	177	11
275	178	11
276	179	11
277	180	11
278	181	11
273	176	11
243	289	1
243	290	1
243	291	1
243	292	1
243	293	1
243	294	1
243	295	1
243	296	1
243	288	1
321	241	66
322	240	66
320	242	66
308	294	21
309	295	21
310	296	21
310	297	21
363	254	29
363	255	29
363	256	29
364	257	29
365	258	29
366	259	29
367	260	29
368	261	29
369	261	29
370	262	29
371	263	29
372	263	29
373	264	29
374	265	29
376	265	29
375	266	29
377	266	29
378	267	29
379	267	29
380	267	29
381	268	29
382	268	29
383	268	29
384	269	29
386	269	29
388	269	29
385	270	29
387	270	29
389	270	29
390	271	29
362	253	29
391	270	29
147	364	1
146	365	1
146	366	1
147	363	1
145	367	1
179	364	67
178	365	67
177	366	67
180	363	67
643	107	61
643	108	61
329	366	36
330	366	36
331	366	36
328	366	36
129	251	1
130	251	1
127	252	1
128	252	1
125	253	1
126	253	1
123	254	1
124	254	1
106	255	1
108	255	1
110	255	1
112	255	1
114	255	1
116	255	1
117	255	1
119	255	1
121	255	1
122	255	1
101	256	1
103	256	1
105	256	1
107	256	1
109	256	1
111	256	1
113	256	1
115	256	1
118	256	1
120	256	1
98	257	1
99	257	1
100	257	1
102	257	1
104	257	1
96	258	1
97	258	1
55	259	1
56	259	1
57	259	1
58	259	1
59	259	1
60	259	1
61	259	1
62	259	1
63	259	1
64	259	1
65	259	1
66	259	1
67	259	1
68	259	1
69	259	1
70	259	1
71	259	1
72	259	1
73	259	1
74	259	1
75	259	1
76	259	1
77	259	1
78	259	1
79	259	1
80	259	1
81	259	1
82	259	1
83	259	1
84	259	1
85	259	1
86	259	1
87	259	1
88	259	1
89	259	1
90	259	1
91	259	1
92	259	1
93	259	1
94	259	1
95	259	1
131	250	1
54	259	1
314	297	21
313	298	21
312	299	21
311	298	21
53	260	1
53	261	1
52	262	1
52	263	1
51	264	1
51	265	1
50	266	1
50	267	1
49	268	1
49	269	1
49	270	1
49	271	1
48	272	1
49	273	1
48	274	1
49	275	1
49	276	1
50	277	1
50	278	1
51	279	1
51	280	1
52	281	1
52	282	1
53	283	1
53	284	1
54	285	1
54	286	1
55	287	1
55	288	1
56	289	1
56	290	1
57	291	1
57	292	1
58	293	1
58	294	1
59	295	1
59	296	1
60	297	1
60	298	1
61	299	1
61	300	1
54	259	1
62	301	1
192	392	1
194	392	1
195	392	1
196	392	1
197	392	1
198	392	1
190	393	1
191	393	1
193	393	1
199	393	1
188	394	1
189	394	1
457	12	55
456	13	55
458	11	55
455	14	55
68	45	1
69	45	1
70	45	1
71	45	1
72	45	1
73	45	1
74	45	1
75	45	1
76	45	1
77	45	1
78	45	1
79	45	1
80	45	1
81	45	1
82	45	1
83	45	1
84	45	1
85	45	1
86	45	1
87	45	1
88	45	1
89	45	1
90	46	1
91	46	1
92	47	1
93	47	1
94	48	1
95	48	1
96	49	1
97	49	1
98	50	1
99	51	1
100	51	1
101	52	1
102	52	1
103	53	1
104	53	1
105	54	1
106	54	1
107	55	1
108	55	1
109	56	1
110	56	1
111	57	1
112	57	1
113	58	1
114	58	1
115	59	1
116	59	1
117	60	1
118	60	1
119	61	1
120	61	1
121	62	1
122	62	1
123	63	1
124	63	1
125	64	1
126	64	1
127	65	1
128	65	1
67	45	1
129	66	1
460	10	55
462	10	55
464	10	55
459	11	55
461	11	55
463	11	55
465	11	55
466	11	55
467	11	55
468	11	55
469	12	55
470	12	55
471	13	55
472	13	55
458	11	55
100	180	1
98	181	1
99	181	1
60	182	1
61	182	1
62	182	1
63	182	1
64	182	1
65	182	1
66	182	1
67	182	1
68	182	1
69	182	1
70	182	1
71	182	1
72	182	1
73	182	1
74	182	1
75	182	1
76	182	1
77	182	1
78	182	1
79	182	1
80	182	1
81	182	1
82	182	1
83	182	1
84	182	1
85	182	1
86	182	1
87	182	1
88	182	1
89	182	1
90	182	1
91	182	1
92	182	1
93	182	1
94	182	1
95	182	1
96	182	1
97	182	1
101	179	1
59	182	1
441	237	37
441	238	37
441	239	37
441	240	37
442	241	37
443	242	37
441	236	37
328	368	36
329	369	36
327	367	36
447	232	59
448	233	59
448	234	59
448	235	59
449	236	59
450	237	59
450	238	59
451	239	59
452	240	59
453	240	59
454	240	59
455	241	59
456	242	59
457	242	59
458	242	59
459	242	59
460	242	59
446	231	59
461	241	59
438	11	50
440	11	50
439	12	50
441	12	50
442	12	50
443	13	50
444	13	50
445	13	50
446	13	50
447	13	50
448	13	50
449	13	50
450	13	50
451	13	50
452	13	50
454	13	50
453	14	50
437	10	50
455	14	50
114	3	1
116	3	1
112	4	1
113	4	1
115	4	1
117	4	1
118	4	1
110	5	1
111	5	1
119	5	1
120	5	1
108	6	1
109	6	1
121	6	1
122	6	1
106	7	1
107	7	1
123	7	1
124	7	1
105	8	1
125	8	1
104	9	1
126	9	1
104	10	1
126	10	1
104	11	1
126	11	1
104	12	1
126	12	1
104	13	1
126	13	1
104	14	1
126	14	1
104	15	1
126	15	1
104	16	1
104	17	1
104	18	1
104	19	1
126	16	1
104	20	1
257	248	6
257	249	6
257	250	6
257	251	6
257	252	6
257	253	6
256	254	6
256	255	6
255	256	6
257	247	6
254	257	6
144	58	1
145	58	1
146	58	1
147	58	1
148	58	1
149	58	1
150	58	1
151	58	1
153	58	1
142	59	1
143	59	1
152	59	1
154	59	1
155	59	1
156	59	1
157	59	1
140	60	1
141	60	1
158	60	1
159	60	1
160	60	1
162	60	1
138	61	1
139	61	1
161	61	1
163	61	1
164	61	1
165	61	1
166	61	1
167	61	1
168	61	1
169	61	1
170	61	1
171	61	1
173	61	1
136	62	1
137	62	1
172	62	1
174	62	1
175	62	1
176	62	1
177	62	1
178	62	1
179	62	1
181	62	1
134	63	1
135	63	1
180	63	1
182	63	1
183	63	1
184	63	1
185	63	1
186	63	1
187	63	1
188	63	1
189	63	1
132	64	1
133	64	1
190	64	1
191	64	1
246	64	1
308	64	1
310	64	1
312	64	1
313	64	1
130	65	1
131	65	1
192	65	1
193	65	1
194	65	1
195	65	1
197	65	1
235	65	1
237	65	1
239	65	1
241	65	1
243	65	1
244	65	1
245	65	1
247	65	1
248	65	1
249	65	1
250	65	1
251	65	1
252	65	1
253	65	1
254	65	1
255	65	1
256	65	1
257	65	1
258	65	1
259	65	1
260	65	1
261	65	1
262	65	1
264	65	1
266	65	1
268	65	1
270	65	1
272	65	1
274	65	1
276	65	1
298	65	1
300	65	1
302	65	1
304	65	1
305	65	1
306	65	1
307	65	1
309	65	1
311	65	1
196	66	1
198	66	1
199	66	1
200	66	1
201	66	1
203	66	1
222	66	1
224	66	1
226	66	1
228	66	1
229	66	1
230	66	1
231	66	1
232	66	1
233	66	1
234	66	1
236	66	1
238	66	1
240	66	1
242	66	1
263	66	1
265	66	1
267	66	1
269	66	1
271	66	1
273	66	1
275	66	1
277	66	1
278	66	1
279	66	1
280	66	1
281	66	1
283	66	1
285	66	1
286	66	1
288	66	1
290	66	1
291	66	1
292	66	1
293	66	1
294	66	1
295	66	1
296	66	1
297	66	1
299	66	1
301	66	1
303	66	1
202	67	1
204	67	1
205	67	1
206	67	1
207	67	1
208	67	1
209	67	1
210	67	1
211	67	1
212	67	1
213	67	1
214	67	1
215	67	1
216	67	1
217	67	1
218	67	1
219	67	1
220	67	1
221	67	1
223	67	1
225	67	1
227	67	1
282	67	1
284	67	1
287	67	1
289	67	1
314	64	1
129	66	1
208	292	1
208	293	1
207	294	1
206	295	1
206	296	1
205	297	1
204	298	1
204	299	1
203	300	1
203	301	1
209	291	1
202	302	1
294	239	11
295	240	11
296	240	11
297	241	11
298	241	11
299	241	11
300	242	11
301	242	11
315	242	11
302	243	11
303	243	11
305	243	11
307	243	11
308	243	11
309	243	11
310	243	11
311	243	11
312	243	11
313	243	11
314	243	11
316	243	11
317	243	11
318	243	11
304	244	11
306	244	11
293	238	11
319	243	11
122	300	1
123	300	1
124	300	1
125	300	1
126	300	1
127	300	1
128	300	1
129	300	1
130	301	1
131	301	1
132	302	1
121	300	1
133	303	1
171	176	5
172	176	5
173	177	5
174	177	5
175	178	5
176	178	5
178	178	5
177	179	5
179	179	5
180	179	5
181	180	5
182	180	5
183	180	5
184	180	5
185	180	5
186	180	5
188	180	5
190	180	5
187	181	5
189	181	5
191	181	5
192	181	5
193	181	5
194	181	5
196	181	5
198	181	5
195	182	5
197	182	5
199	182	5
200	182	5
201	183	5
202	184	5
203	184	5
170	176	5
204	185	5
575	89	50
575	90	50
575	91	50
576	88	50
575	92	50
115	365	1
116	366	1
117	366	1
118	367	1
119	367	1
144	367	1
120	368	1
121	368	1
142	368	1
143	368	1
122	369	1
140	369	1
141	369	1
123	370	1
124	370	1
138	370	1
139	370	1
125	371	1
126	371	1
128	371	1
136	371	1
137	371	1
127	372	1
129	372	1
130	372	1
131	372	1
132	372	1
133	372	1
134	372	1
135	372	1
114	364	1
145	367	1
182	363	1
183	364	1
184	364	1
185	365	1
186	366	1
187	367	1
188	368	1
189	369	1
190	370	1
191	371	1
192	372	1
181	363	1
192	373	1
148	225	1
148	226	1
148	227	1
148	228	1
148	229	1
148	230	1
148	231	1
148	232	1
148	233	1
148	234	1
148	235	1
148	236	1
148	237	1
148	238	1
148	239	1
148	240	1
149	241	1
149	242	1
149	243	1
149	244	1
148	224	1
149	245	1
160	234	1
161	235	1
162	236	1
163	237	1
164	238	1
165	239	1
166	240	1
166	241	1
166	242	1
166	243	1
166	244	1
160	233	1
166	245	1
420	15	37
421	14	37
419	16	37
63	301	1
64	301	1
65	301	1
66	301	1
67	301	1
68	301	1
69	301	1
70	301	1
71	301	1
72	301	1
73	301	1
74	301	1
75	301	1
76	301	1
77	301	1
78	301	1
79	301	1
80	301	1
81	301	1
82	301	1
83	301	1
84	301	1
85	301	1
86	301	1
87	301	1
88	301	1
89	301	1
90	301	1
91	301	1
92	301	1
93	301	1
94	301	1
95	301	1
96	302	1
97	302	1
110	302	1
98	303	1
99	303	1
100	303	1
101	303	1
102	303	1
104	303	1
105	303	1
106	303	1
107	303	1
108	303	1
109	303	1
111	303	1
112	303	1
113	303	1
114	303	1
103	304	1
62	301	1
115	304	1
118	301	1
119	301	1
117	302	1
116	303	1
120	300	1
115	304	1
332	242	23
333	242	23
334	242	23
335	242	23
336	243	23
337	243	23
338	243	23
339	244	23
331	243	23
340	245	23
116	9	1
117	10	1
118	11	1
119	12	1
120	13	1
121	14	1
122	15	1
123	16	1
124	17	1
199	302	1
200	302	1
194	303	1
195	303	1
196	303	1
197	303	1
198	303	1
201	303	1
191	304	1
192	304	1
193	304	1
188	305	1
189	305	1
190	305	1
187	306	1
185	307	1
186	307	1
184	308	1
182	309	1
183	309	1
180	310	1
181	310	1
202	302	1
179	311	1
369	244	29
370	244	29
371	244	29
368	245	29
367	246	29
372	243	29
366	247	29
387	241	30
387	242	30
386	243	30
385	244	30
387	240	30
642	109	61
643	108	61
275	295	11
275	296	11
275	297	11
275	298	11
275	299	11
275	300	11
275	301	11
275	302	11
276	303	11
275	304	11
275	294	11
308	105	1
310	105	1
312	105	1
313	105	1
314	105	1
315	105	1
317	105	1
319	105	1
320	105	1
322	105	1
324	105	1
326	105	1
250	106	1
251	106	1
252	106	1
253	106	1
254	106	1
256	106	1
258	106	1
259	106	1
261	106	1
304	106	1
306	106	1
307	106	1
309	106	1
311	106	1
316	106	1
318	106	1
321	106	1
323	106	1
325	106	1
327	106	1
328	106	1
329	106	1
330	106	1
332	106	1
334	106	1
255	107	1
257	107	1
260	107	1
262	107	1
263	107	1
264	107	1
265	107	1
266	107	1
267	107	1
269	107	1
270	107	1
271	107	1
273	107	1
275	107	1
277	107	1
279	107	1
281	107	1
282	107	1
284	107	1
286	107	1
288	107	1
290	107	1
291	107	1
293	107	1
295	107	1
296	107	1
297	107	1
298	107	1
299	107	1
300	107	1
301	107	1
302	107	1
303	107	1
305	107	1
331	107	1
333	107	1
335	107	1
336	107	1
337	107	1
338	107	1
339	107	1
340	107	1
342	107	1
344	107	1
346	107	1
268	108	1
272	108	1
274	108	1
276	108	1
278	108	1
280	108	1
283	108	1
285	108	1
287	108	1
289	108	1
292	108	1
294	108	1
341	108	1
343	108	1
345	108	1
347	108	1
348	108	1
349	108	1
351	108	1
353	108	1
354	108	1
356	108	1
358	108	1
360	108	1
362	108	1
363	108	1
364	108	1
365	108	1
366	108	1
367	108	1
368	108	1
369	108	1
371	108	1
373	108	1
375	108	1
377	108	1
379	108	1
381	108	1
350	109	1
352	109	1
355	109	1
357	109	1
359	109	1
361	109	1
370	109	1
372	109	1
374	109	1
376	109	1
378	109	1
380	109	1
382	109	1
383	109	1
384	109	1
385	109	1
386	109	1
387	109	1
388	109	1
390	109	1
395	109	1
389	110	1
391	110	1
392	110	1
393	110	1
394	110	1
396	110	1
249	107	1
397	111	1
346	181	26
348	181	26
342	182	26
344	182	26
345	182	26
347	182	26
349	182	26
350	182	26
351	182	26
352	182	26
353	182	26
354	182	26
355	182	26
356	182	26
357	182	26
358	182	26
359	182	26
360	182	26
339	183	26
340	183	26
341	183	26
343	183	26
361	183	26
362	183	26
338	184	26
363	184	26
336	185	26
337	185	26
364	185	26
365	186	26
335	186	26
456	391	61
457	392	61
458	393	61
455	390	61
329	244	19
328	245	19
330	243	19
328	246	19
125	17	1
126	16	1
124	17	1
377	10	44
378	11	44
379	11	44
380	11	44
381	11	44
383	11	44
385	11	44
387	11	44
389	11	44
382	12	44
384	12	44
386	12	44
388	12	44
390	12	44
391	13	44
392	13	44
393	13	44
394	13	44
396	13	44
395	14	44
397	14	44
398	14	44
399	14	44
400	15	44
401	15	44
402	15	44
403	15	44
404	15	44
405	15	44
406	15	44
407	15	44
408	15	44
409	15	44
411	15	44
410	16	44
412	16	44
413	16	44
414	16	44
415	16	44
376	11	44
416	17	44
417	16	65
418	16	65
416	17	65
167	386	1
167	387	1
168	388	1
169	389	1
170	390	1
171	391	1
172	392	1
173	393	1
174	393	1
175	394	1
167	385	1
269	180	10
269	181	10
269	182	10
269	183	10
269	184	10
269	185	10
269	186	10
318	186	10
319	186	10
320	186	10
321	186	10
322	186	10
323	186	10
324	186	10
325	186	10
326	186	10
327	186	10
328	186	10
329	186	10
330	186	10
331	186	10
332	186	10
270	187	10
315	187	10
316	187	10
317	187	10
333	187	10
270	188	10
299	188	10
301	188	10
310	188	10
312	188	10
313	188	10
314	188	10
271	189	10
288	189	10
290	189	10
292	189	10
294	189	10
295	189	10
296	189	10
298	189	10
300	189	10
302	189	10
303	189	10
304	189	10
305	189	10
306	189	10
307	189	10
308	189	10
309	189	10
311	189	10
272	190	10
273	190	10
285	190	10
286	190	10
287	190	10
289	190	10
291	190	10
293	190	10
297	190	10
274	191	10
276	191	10
278	191	10
280	191	10
281	191	10
282	191	10
283	191	10
284	191	10
275	192	10
277	192	10
279	192	10
269	179	10
334	186	10
61	350	1
61	351	1
61	352	1
61	353	1
61	354	1
61	355	1
61	356	1
61	357	1
61	358	1
61	359	1
61	360	1
61	361	1
61	362	1
62	363	1
63	364	1
64	364	1
65	365	1
66	365	1
67	366	1
68	366	1
69	367	1
70	367	1
71	368	1
72	368	1
73	369	1
74	369	1
75	370	1
76	370	1
77	371	1
78	371	1
79	372	1
80	372	1
81	373	1
82	373	1
83	374	1
84	374	1
85	375	1
86	375	1
87	376	1
88	376	1
61	349	1
89	377	1
113	365	1
111	366	1
112	366	1
109	367	1
110	367	1
108	368	1
106	369	1
107	369	1
105	370	1
104	371	1
103	372	1
101	373	1
102	373	1
99	374	1
100	374	1
98	375	1
95	376	1
96	376	1
97	376	1
91	377	1
92	377	1
93	377	1
94	377	1
114	364	1
90	377	1
547	106	67
546	107	67
546	108	67
546	109	67
545	110	67
544	111	67
644	109	61
645	110	61
643	108	61
312	10	14
311	11	14
310	12	14
310	13	14
310	14	14
310	15	14
310	16	14
310	17	14
313	9	14
310	18	14
150	246	1
151	246	1
152	246	1
153	246	1
154	246	1
155	246	1
156	246	1
157	246	1
158	246	1
159	246	1
160	246	1
161	246	1
162	246	1
163	246	1
164	246	1
149	245	1
165	246	1
472	108	27
471	109	27
473	109	27
468	110	27
469	110	27
470	110	27
474	110	27
475	110	27
476	110	27
467	111	27
477	111	27
478	111	27
466	112	27
466	113	27
465	114	27
464	115	27
463	116	27
206	278	6
207	279	6
208	279	6
209	280	6
210	280	6
211	281	6
212	281	6
205	279	6
213	282	6
170	308	1
168	309	1
169	309	1
171	309	1
172	309	1
166	310	1
167	310	1
173	310	1
174	310	1
175	310	1
176	310	1
177	310	1
164	311	1
165	311	1
161	312	1
162	312	1
163	312	1
159	313	1
160	313	1
156	314	1
157	314	1
158	314	1
154	315	1
155	315	1
153	316	1
178	311	1
152	317	1
253	246	1
254	246	1
255	246	1
256	246	1
252	247	1
257	247	1
251	248	1
164	373	1
163	374	1
162	375	1
161	376	1
160	377	1
159	378	1
309	299	21
310	298	21
383	24	29
384	24	29
385	24	29
386	24	29
387	24	29
388	24	29
389	24	29
390	24	29
391	24	29
381	25	29
382	25	29
392	25	29
394	25	29
379	26	29
380	26	29
393	26	29
395	26	29
396	26	29
397	26	29
377	27	29
378	27	29
398	27	29
399	27	29
400	27	29
401	27	29
376	28	29
402	28	29
404	28	29
405	28	29
407	28	29
375	29	29
403	29	29
406	29	29
408	29	29
410	29	29
409	30	29
411	30	29
412	30	29
414	30	29
413	31	29
374	30	29
415	31	29
341	244	25
343	244	25
345	244	25
347	244	25
349	244	25
342	245	25
344	245	25
346	245	25
348	245	25
350	245	25
351	245	25
352	246	25
353	246	25
340	245	25
354	247	25
358	244	28
359	244	28
356	245	28
357	245	28
360	245	28
361	245	28
362	245	28
355	246	28
363	246	28
364	246	28
365	246	28
354	247	28
366	247	28
373	244	29
374	244	29
375	245	29
376	246	29
372	243	29
191	374	1
189	375	1
190	375	1
187	376	1
188	376	1
180	377	1
185	377	1
186	377	1
179	378	1
181	378	1
182	378	1
183	378	1
184	378	1
175	379	1
176	379	1
177	379	1
178	379	1
174	380	1
173	381	1
171	382	1
172	382	1
170	383	1
168	384	1
169	384	1
192	373	1
167	385	1
103	180	1
104	181	1
105	182	1
106	183	1
107	184	1
108	185	1
109	186	1
110	187	1
111	188	1
112	189	1
113	190	1
114	190	1
102	179	1
115	191	1
265	370	1
265	371	1
265	372	1
265	373	1
265	374	1
265	375	1
265	376	1
265	377	1
265	378	1
266	379	1
268	377	9
267	378	9
266	379	9
329	247	19
330	248	19
331	248	19
332	249	19
333	250	19
334	250	19
335	251	19
336	251	19
337	251	19
328	246	19
338	250	19
541	112	64
542	112	64
536	113	64
537	113	64
538	113	64
539	113	64
540	113	64
530	114	64
531	114	64
534	114	64
535	114	64
532	115	64
533	115	64
543	112	64
529	114	64
545	113	67
544	112	67
258	246	1
259	246	1
260	246	1
261	247	1
262	247	1
257	247	1
263	248	1
246	10	1
244	11	1
245	11	1
243	12	1
241	13	1
242	13	1
240	14	1
238	15	1
239	15	1
237	16	1
237	17	1
237	18	1
237	19	1
247	9	1
237	20	1
61	302	1
61	303	1
60	304	1
60	305	1
59	306	1
59	307	1
58	308	1
58	309	1
57	310	1
57	311	1
56	312	1
56	313	1
55	314	1
55	315	1
54	316	1
54	317	1
53	318	1
53	319	1
52	320	1
52	321	1
51	322	1
51	323	1
50	324	1
50	325	1
49	326	1
49	327	1
48	328	1
48	329	1
47	330	1
47	331	1
47	332	1
47	333	1
47	334	1
48	335	1
48	336	1
49	337	1
49	338	1
50	339	1
50	340	1
51	341	1
51	342	1
62	301	1
52	343	1
259	12	1
260	13	1
261	14	1
262	14	1
263	14	1
264	14	1
265	14	1
266	14	1
268	14	1
288	14	1
290	14	1
295	14	1
297	14	1
299	14	1
267	15	1
269	15	1
270	15	1
271	15	1
282	15	1
284	15	1
286	15	1
287	15	1
289	15	1
291	15	1
292	15	1
293	15	1
294	15	1
296	15	1
298	15	1
300	15	1
272	16	1
273	16	1
274	16	1
275	16	1
276	16	1
277	16	1
278	16	1
279	16	1
281	16	1
283	16	1
285	16	1
301	16	1
302	16	1
280	17	1
303	17	1
304	17	1
305	18	1
306	18	1
307	19	1
308	19	1
258	13	1
309	20	1
394	391	51
395	392	51
396	393	51
397	394	51
398	394	51
393	390	51
323	245	19
324	245	19
325	246	19
326	247	19
327	247	19
322	244	19
328	246	19
419	18	45
419	19	45
419	17	45
420	20	45
455	15	55
456	16	55
457	17	55
458	18	55
459	18	55
461	18	55
463	18	55
465	18	55
467	18	55
460	19	55
462	19	55
464	19	55
466	19	55
468	19	55
455	14	55
469	19	55
455	247	40
456	247	40
352	67	67
352	68	67
352	69	67
352	70	67
353	66	67
352	71	67
121	88	1
121	89	1
122	90	1
123	91	1
124	92	1
124	93	1
124	94	1
125	95	1
126	96	1
127	97	1
128	97	1
129	98	1
129	99	1
130	100	1
131	101	1
132	101	1
133	102	1
133	103	1
134	104	1
135	105	1
136	105	1
137	106	1
138	106	1
139	107	1
140	108	1
141	108	1
142	109	1
143	110	1
144	111	1
145	112	1
146	113	1
147	114	1
148	115	1
120	87	1
149	116	1
641	68	60
641	69	60
640	70	60
639	71	60
250	159	67
249	160	67
251	158	67
135	303	1
136	304	1
137	305	1
138	306	1
139	307	1
140	308	1
141	309	1
142	310	1
143	311	1
144	312	1
145	313	1
146	314	1
147	315	1
148	315	1
149	316	1
150	316	1
134	303	1
151	317	1
267	250	1
267	251	1
267	252	1
267	253	1
267	254	1
267	255	1
267	256	1
266	257	1
265	258	1
267	249	1
206	184	5
207	184	5
208	184	5
209	184	5
210	185	5
211	185	5
213	185	5
212	186	5
214	186	5
215	187	5
216	187	5
218	187	5
217	188	5
219	188	5
221	188	5
220	189	5
222	189	5
223	189	5
224	189	5
226	189	5
228	189	5
225	190	5
227	190	5
229	190	5
230	190	5
231	190	5
232	190	5
234	190	5
233	191	5
205	185	5
235	191	5
312	20	17
311	19	17
313	19	17
264	247	1
265	247	1
266	248	1
263	248	1
267	249	1
425	18	45
424	19	45
422	20	45
423	20	45
424	17	45
421	20	45
470	20	59
469	19	59
335	188	63
336	189	63
335	190	63
336	191	63
335	187	63
219	373	1
221	373	1
223	373	1
224	373	1
226	373	1
193	374	1
194	374	1
196	374	1
214	374	1
216	374	1
218	374	1
220	374	1
222	374	1
225	374	1
227	374	1
195	375	1
197	375	1
198	375	1
200	375	1
202	375	1
204	375	1
210	375	1
211	375	1
212	375	1
213	375	1
215	375	1
217	375	1
228	375	1
229	375	1
230	375	1
199	376	1
201	376	1
203	376	1
205	376	1
206	376	1
207	376	1
208	376	1
209	376	1
231	376	1
232	376	1
233	376	1
234	377	1
235	377	1
236	377	1
237	378	1
238	379	1
239	379	1
240	379	1
242	379	1
241	380	1
243	380	1
244	380	1
245	380	1
254	380	1
256	380	1
262	380	1
264	380	1
246	381	1
247	381	1
248	381	1
249	381	1
250	381	1
251	381	1
252	381	1
253	381	1
255	381	1
257	381	1
258	381	1
259	381	1
260	381	1
261	381	1
263	381	1
192	373	1
265	380	1
397	112	67
397	113	67
397	114	67
397	115	67
397	116	67
397	111	67
417	108	27
419	108	27
421	108	27
422	108	27
423	108	27
424	108	27
425	108	27
426	108	27
427	108	27
428	108	27
429	108	27
430	108	27
431	108	27
432	108	27
433	108	27
434	108	27
435	108	27
436	108	27
438	108	27
412	109	27
414	109	27
416	109	27
418	109	27
420	109	27
437	109	27
439	109	27
398	110	27
400	110	27
401	110	27
402	110	27
403	110	27
404	110	27
406	110	27
408	110	27
409	110	27
410	110	27
411	110	27
413	110	27
415	110	27
440	110	27
441	110	27
442	110	27
399	111	27
405	111	27
407	111	27
443	111	27
444	111	27
445	111	27
446	111	27
447	112	27
448	113	27
449	113	27
450	113	27
452	113	27
451	114	27
453	114	27
454	114	27
455	114	27
456	114	27
457	115	27
458	115	27
460	115	27
462	115	27
459	116	27
461	116	27
397	111	27
463	116	27
261	333	17
262	334	17
263	335	17
263	336	17
264	337	17
265	338	17
266	339	17
267	340	17
268	340	17
269	341	17
270	341	17
271	342	17
272	343	17
273	343	17
275	343	17
274	344	17
276	344	17
277	344	17
278	344	17
280	344	17
282	344	17
284	344	17
286	344	17
279	345	17
281	345	17
283	345	17
285	345	17
287	345	17
288	345	17
289	345	17
291	345	17
290	346	17
292	346	17
293	346	17
294	346	17
296	346	17
295	347	17
297	347	17
298	347	17
299	347	17
300	348	17
301	348	17
302	348	17
303	349	17
304	349	17
306	349	17
305	350	17
307	350	17
308	350	17
310	350	17
309	351	17
311	351	17
312	351	17
313	351	17
314	352	17
315	352	17
261	332	17
316	352	17
160	380	1
161	381	1
162	382	1
159	379	1
163	383	1
353	72	18
354	73	18
356	73	18
357	73	18
358	73	18
355	74	18
352	71	18
359	72	18
230	21	1
232	21	1
233	21	1
234	21	1
235	21	1
236	21	1
226	22	1
228	22	1
229	22	1
231	22	1
220	23	1
221	23	1
222	23	1
223	23	1
224	23	1
225	23	1
227	23	1
200	24	1
201	24	1
202	24	1
203	24	1
204	24	1
206	24	1
208	24	1
210	24	1
212	24	1
213	24	1
214	24	1
215	24	1
216	24	1
217	24	1
218	24	1
219	24	1
205	25	1
207	25	1
209	25	1
211	25	1
237	20	1
199	23	1
456	9	67
457	10	67
458	11	67
340	246	21
339	247	21
338	248	21
338	249	21
340	245	21
338	250	21
168	177	1
167	178	1
165	179	1
166	179	1
164	180	1
163	181	1
162	182	1
161	183	1
159	184	1
160	184	1
158	185	1
157	186	1
155	187	1
156	187	1
154	188	1
153	189	1
151	190	1
152	190	1
150	191	1
149	192	1
148	193	1
147	194	1
169	176	1
146	195	1
168	246	1
169	247	1
170	247	1
171	247	1
172	247	1
173	247	1
250	247	1
174	248	1
175	248	1
176	248	1
178	248	1
246	248	1
248	248	1
249	248	1
177	249	1
179	249	1
180	249	1
181	249	1
242	249	1
243	249	1
244	249	1
245	249	1
247	249	1
182	250	1
183	250	1
184	250	1
186	250	1
240	250	1
241	250	1
185	251	1
187	251	1
188	251	1
189	251	1
190	251	1
192	251	1
194	251	1
238	251	1
239	251	1
191	252	1
193	252	1
195	252	1
196	252	1
197	252	1
234	252	1
236	252	1
237	252	1
198	253	1
199	253	1
200	253	1
232	253	1
233	253	1
235	253	1
201	254	1
202	254	1
204	254	1
224	254	1
225	254	1
226	254	1
227	254	1
228	254	1
229	254	1
230	254	1
231	254	1
203	255	1
205	255	1
206	255	1
208	255	1
217	255	1
219	255	1
220	255	1
221	255	1
222	255	1
223	255	1
207	256	1
209	256	1
210	256	1
211	256	1
212	256	1
213	256	1
214	256	1
215	256	1
216	256	1
218	256	1
167	246	1
251	248	1
343	194	36
344	194	36
345	194	36
122	18	1
123	18	1
120	19	1
121	19	1
119	20	1
106	21	1
107	21	1
108	21	1
109	21	1
110	21	1
111	21	1
112	21	1
117	21	1
118	21	1
113	22	1
114	22	1
115	22	1
116	22	1
124	17	1
105	21	1
189	9	1
190	10	1
191	10	1
192	11	1
193	12	1
194	12	1
195	13	1
196	13	1
197	14	1
198	15	1
199	16	1
199	17	1
199	18	1
199	19	1
199	20	1
199	21	1
199	22	1
188	8	1
199	23	1
164	384	1
166	384	1
165	385	1
163	383	1
167	385	1
116	190	1
117	191	1
118	191	1
119	191	1
120	191	1
121	191	1
122	191	1
123	191	1
124	191	1
125	191	1
127	191	1
129	191	1
131	191	1
126	192	1
128	192	1
130	192	1
132	192	1
133	192	1
134	192	1
135	192	1
136	192	1
137	192	1
138	193	1
139	193	1
140	194	1
141	194	1
142	195	1
143	195	1
144	196	1
115	191	1
145	196	1
324	363	36
324	364	36
325	365	36
326	365	36
323	362	36
327	366	36
354	248	36
353	249	36
353	250	36
354	247	36
353	251	36
351	196	37
352	196	37
360	73	18
372	73	18
374	73	18
375	73	18
361	74	18
362	74	18
363	74	18
364	74	18
365	74	18
367	74	18
368	74	18
369	74	18
370	74	18
371	74	18
373	74	18
376	74	18
366	75	18
359	72	18
377	73	18
324	239	20
325	239	20
326	239	20
327	240	20
328	240	20
329	241	20
323	240	20
330	242	20
148	246	1
147	247	1
146	248	1
144	249	1
145	249	1
142	250	1
143	250	1
134	251	1
135	251	1
136	251	1
137	251	1
138	251	1
139	251	1
140	251	1
141	251	1
149	245	1
133	251	1
171	109	1
170	110	1
169	111	1
168	112	1
167	113	1
166	114	1
164	115	1
165	115	1
163	116	1
163	117	1
162	118	1
161	119	1
161	120	1
160	121	1
172	108	1
159	122	1
464	117	36
465	117	36
466	118	36
467	119	36
468	119	36
469	120	36
470	121	36
472	121	36
471	122	36
473	122	36
474	122	36
475	122	36
477	122	36
476	123	36
478	123	36
480	123	36
481	123	36
483	123	36
484	123	36
485	123	36
486	123	36
487	123	36
479	124	36
482	124	36
463	116	36
488	124	36
147	197	66
148	198	66
146	196	66
149	199	66
657	74	67
657	75	67
658	76	67
659	74	67
659	75	67
658	76	67
143	384	29
143	385	29
143	386	29
143	387	29
143	388	29
333	53	13
335	53	13
336	53	13
337	53	13
338	53	13
340	53	13
342	53	13
343	53	13
344	53	13
345	53	13
346	53	13
347	53	13
320	54	13
322	54	13
324	54	13
326	54	13
328	54	13
330	54	13
331	54	13
332	54	13
334	54	13
339	54	13
341	54	13
319	55	13
321	55	13
323	55	13
325	55	13
327	55	13
329	55	13
318	56	13
316	57	13
317	57	13
315	58	13
315	59	13
315	60	13
315	61	13
315	62	13
348	53	13
315	63	13
640	72	67
641	73	67
641	74	67
642	75	67
643	75	67
644	76	67
639	71	67
528	116	64
528	117	64
528	118	64
528	119	64
528	120	64
528	121	64
527	122	64
528	115	64
477	251	67
476	252	67
151	118	1
152	119	1
153	120	1
154	121	1
155	121	1
156	122	1
157	123	1
150	117	1
158	123	1
393	62	22
390	63	22
391	63	22
392	63	22
394	63	22
395	63	22
389	64	22
396	64	22
387	65	22
388	65	22
397	65	22
385	66	22
386	66	22
398	66	22
383	67	22
384	67	22
399	67	22
382	68	22
400	68	22
380	69	22
381	69	22
401	69	22
402	69	22
379	70	22
403	70	22
378	71	22
404	71	22
405	71	22
377	72	22
406	72	22
407	72	22
408	72	22
410	72	22
413	72	22
415	72	22
417	72	22
409	73	22
411	73	22
412	73	22
414	73	22
416	73	22
418	73	22
419	73	22
420	73	22
421	73	22
422	73	22
424	73	22
423	74	22
425	74	22
426	74	22
427	75	22
428	75	22
430	75	22
432	75	22
429	76	22
431	76	22
433	76	22
434	76	22
435	77	22
377	73	22
286	311	17
287	311	17
288	312	17
289	313	17
290	313	17
291	314	17
292	315	17
293	316	17
294	316	17
295	316	17
296	317	17
298	317	17
297	318	17
299	318	17
301	318	17
300	319	17
302	319	17
303	319	17
304	320	17
305	320	17
306	320	17
307	320	17
308	321	17
309	321	17
310	322	17
311	322	17
312	323	17
313	324	17
313	325	17
313	326	17
637	71	58
636	72	58
635	73	58
634	74	58
632	75	58
633	75	58
631	76	58
630	77	58
638	70	58
629	78	58
658	77	67
658	76	67
658	78	67
251	249	1
251	250	1
251	251	1
251	252	1
251	248	1
252	253	1
151	319	1
151	320	1
151	321	1
151	322	1
151	323	1
151	324	1
151	325	1
151	326	1
151	318	1
151	327	1
115	192	1
115	193	1
115	194	1
115	195	1
115	196	1
114	197	1
113	198	1
111	199	1
112	199	1
109	200	1
110	200	1
108	201	1
55	202	1
56	202	1
57	202	1
58	202	1
59	202	1
60	202	1
61	202	1
62	202	1
63	202	1
64	202	1
65	202	1
66	202	1
67	202	1
68	202	1
69	202	1
70	202	1
71	202	1
72	202	1
73	202	1
74	202	1
75	202	1
76	202	1
77	202	1
78	202	1
79	202	1
80	202	1
81	202	1
82	202	1
83	202	1
84	202	1
85	202	1
86	202	1
87	202	1
88	202	1
89	202	1
90	202	1
91	202	1
92	202	1
93	202	1
94	202	1
95	202	1
96	202	1
97	202	1
98	202	1
106	202	1
107	202	1
99	203	1
100	203	1
104	203	1
105	203	1
101	204	1
102	204	1
103	204	1
115	191	1
54	202	1
58	183	1
57	184	1
57	185	1
56	186	1
56	187	1
55	188	1
55	189	1
54	190	1
54	191	1
53	192	1
53	193	1
52	194	1
52	195	1
51	196	1
51	197	1
51	198	1
52	199	1
52	200	1
53	201	1
59	182	1
54	202	1
366	248	29
366	249	29
365	250	29
364	251	29
363	252	29
366	247	29
362	253	29
462	242	59
463	243	59
464	244	59
465	245	59
466	245	59
468	245	59
467	246	59
469	246	59
470	247	59
470	248	59
471	249	59
472	250	59
473	251	59
474	252	59
461	241	59
475	252	59
439	78	31
441	78	31
442	78	31
440	79	31
443	79	31
444	79	31
162	384	1
160	385	1
161	385	1
158	386	1
159	386	1
156	387	1
157	387	1
154	388	1
155	388	1
144	389	1
146	389	1
148	389	1
149	389	1
150	389	1
151	389	1
152	389	1
153	389	1
145	390	1
147	390	1
163	383	1
143	388	1
127	338	1
126	339	1
125	340	1
124	341	1
123	342	1
122	343	1
121	344	1
120	345	1
119	346	1
118	347	1
118	348	1
117	349	1
117	350	1
128	337	1
117	351	1
160	124	1
161	125	1
161	126	1
161	127	1
159	123	1
161	128	1
393	387	51
394	388	51
393	389	51
393	390	51
478	41	67
477	42	67
336	125	25
335	126	25
332	127	25
333	127	25
334	127	25
331	128	25
331	129	25
330	130	25
329	131	25
328	132	25
328	133	25
327	134	25
326	135	25
90	379	1
91	380	1
92	380	1
93	381	1
94	381	1
95	382	1
96	382	1
97	383	1
98	383	1
99	384	1
100	384	1
101	385	1
102	385	1
103	385	1
104	386	1
105	386	1
107	386	1
108	386	1
109	386	1
110	386	1
111	386	1
112	386	1
114	386	1
116	386	1
118	386	1
106	387	1
113	387	1
115	387	1
117	387	1
119	387	1
120	387	1
121	387	1
122	387	1
124	387	1
126	387	1
128	387	1
130	387	1
132	387	1
123	388	1
125	388	1
127	388	1
129	388	1
131	388	1
133	388	1
134	388	1
136	388	1
138	388	1
135	389	1
137	389	1
139	389	1
140	389	1
142	389	1
141	390	1
89	378	1
143	388	1
630	79	61
653	79	61
654	79	61
655	79	61
656	79	61
631	80	61
651	80	61
652	80	61
632	81	61
648	81	61
649	81	61
650	81	61
633	82	61
634	82	61
645	82	61
646	82	61
647	82	61
635	83	61
636	83	61
637	83	61
639	83	61
641	83	61
642	83	61
643	83	61
644	83	61
638	84	61
640	84	61
629	78	61
657	79	61
467	377	67
466	378	67
129	67	1
129	68	1
129	69	1
128	70	1
127	71	1
126	72	1
125	73	1
124	74	1
123	75	1
123	76	1
123	77	1
123	78	1
123	79	1
123	80	1
129	66	1
123	81	1
339	251	21
340	252	21
342	252	21
344	252	21
346	252	21
348	252	21
351	252	21
352	252	21
341	253	21
343	253	21
345	253	21
347	253	21
349	253	21
350	253	21
338	250	21
353	251	21
60	106	1
60	107	1
59	108	1
59	109	1
58	110	1
58	111	1
57	112	1
57	113	1
56	114	1
56	115	1
55	116	1
55	117	1
54	118	1
54	119	1
54	120	1
55	121	1
55	122	1
56	123	1
56	124	1
57	125	1
57	126	1
58	127	1
58	128	1
59	129	1
59	130	1
61	105	1
60	131	1
387	389	27
388	389	27
389	389	27
390	389	27
391	390	27
392	391	27
393	390	27
659	80	67
658	79	67
249	108	1
248	109	1
247	110	1
246	111	1
244	112	1
245	112	1
243	113	1
241	114	1
242	114	1
240	115	1
239	116	1
238	117	1
237	118	1
236	119	1
235	120	1
234	121	1
233	122	1
231	123	1
232	123	1
230	124	1
229	125	1
227	126	1
228	126	1
226	127	1
225	128	1
224	129	1
223	130	1
249	107	1
222	131	1
251	254	6
252	253	6
252	255	6
606	79	57
607	79	57
608	79	57
605	80	57
609	80	57
610	80	57
604	81	57
611	81	57
604	82	57
612	82	57
314	10	14
315	11	14
314	12	14
314	13	14
313	14	14
313	15	14
313	16	14
313	17	14
313	18	14
313	9	14
313	19	14
354	252	31
355	253	31
356	253	31
357	254	31
359	254	31
360	254	31
361	254	31
358	255	31
353	251	31
362	253	31
203	303	1
203	304	1
204	305	1
204	306	1
205	307	1
206	308	1
206	309	1
207	310	1
208	311	1
209	312	1
210	313	1
210	314	1
211	315	1
212	316	1
213	317	1
214	318	1
215	319	1
216	320	1
217	321	1
218	322	1
218	323	1
218	324	1
218	325	1
218	326	1
218	327	1
218	328	1
218	329	1
202	302	1
218	330	1
545	142	64
546	142	64
547	142	64
548	143	64
549	143	64
550	143	64
551	143	64
552	144	64
553	145	64
554	145	64
544	141	64
555	146	64
128	16	1
130	16	1
132	16	1
127	17	1
129	17	1
131	17	1
133	17	1
134	17	1
135	17	1
136	17	1
137	17	1
138	17	1
139	17	1
140	17	1
142	17	1
144	17	1
146	17	1
141	18	1
143	18	1
145	18	1
147	18	1
148	18	1
149	18	1
150	18	1
151	18	1
152	19	1
153	19	1
154	20	1
155	20	1
156	20	1
157	21	1
158	21	1
159	21	1
160	21	1
162	21	1
161	22	1
163	22	1
164	22	1
165	22	1
166	23	1
167	23	1
168	23	1
169	23	1
171	23	1
170	24	1
172	24	1
173	24	1
174	24	1
175	24	1
177	24	1
198	24	1
176	25	1
178	25	1
179	25	1
180	25	1
181	25	1
182	25	1
183	25	1
184	25	1
186	25	1
188	25	1
196	25	1
197	25	1
185	26	1
187	26	1
189	26	1
190	26	1
191	26	1
192	26	1
194	26	1
195	26	1
193	27	1
126	16	1
199	23	1
370	3	44
369	4	44
148	79	1
147	80	1
146	81	1
125	82	1
126	82	1
127	82	1
128	82	1
129	82	1
130	82	1
131	82	1
132	82	1
133	82	1
134	82	1
135	82	1
136	82	1
137	82	1
138	82	1
139	82	1
140	82	1
141	82	1
142	82	1
143	82	1
144	82	1
145	82	1
124	82	1
314	20	18
315	20	18
316	21	18
317	22	18
318	22	18
319	23	18
320	23	18
321	24	18
322	24	18
323	25	18
324	25	18
325	26	18
327	26	18
326	27	18
328	27	18
329	27	18
330	27	18
331	27	18
313	19	18
332	28	18
454	391	58
450	392	58
452	392	58
453	392	58
446	393	58
448	393	58
449	393	58
451	393	58
441	394	58
442	394	58
443	394	58
444	394	58
445	394	58
447	394	58
455	390	58
235	192	5
235	193	5
235	194	5
235	195	5
235	196	5
236	197	5
236	198	5
236	199	5
237	200	5
237	201	5
237	202	5
238	203	5
238	204	5
235	191	5
355	197	29
356	197	29
358	197	29
360	197	29
362	197	29
364	197	29
365	197	29
366	197	29
367	197	29
369	197	29
370	197	29
371	197	29
372	197	29
374	197	29
357	198	29
359	198	29
361	198	29
363	198	29
368	198	29
373	198	29
375	198	29
376	198	29
377	198	29
378	199	29
379	199	29
380	200	29
381	201	29
382	201	29
383	201	29
384	202	29
386	202	29
385	203	29
387	203	29
388	203	29
389	204	29
263	249	1
263	250	1
263	251	1
263	252	1
263	253	1
262	254	1
261	255	1
263	248	1
627	79	58
628	79	58
626	80	58
625	81	58
624	82	58
629	78	58
623	83	58
416	18	67
416	19	67
415	20	67
416	17	67
380	205	24
374	206	24
376	206	24
377	206	24
378	206	24
379	206	24
372	207	24
373	207	24
375	207	24
368	208	24
370	208	24
371	208	24
365	209	24
367	209	24
369	209	24
356	210	24
357	210	24
358	210	24
359	210	24
361	210	24
362	210	24
363	210	24
364	210	24
366	210	24
351	211	24
353	211	24
354	211	24
355	211	24
360	211	24
348	212	24
349	212	24
350	212	24
352	212	24
347	213	24
345	214	24
346	214	24
344	215	24
342	216	24
343	216	24
341	217	24
340	218	24
334	4	59
333	5	59
333	6	59
332	7	59
179	313	1
179	314	1
179	315	1
179	316	1
179	317	1
180	318	1
180	319	1
180	320	1
180	321	1
180	322	1
180	323	1
180	324	1
180	325	1
180	326	1
180	327	1
180	328	1
180	329	1
180	330	1
179	312	1
180	331	1
163	130	1
164	130	1
219	130	1
221	130	1
165	131	1
166	131	1
167	131	1
218	131	1
220	131	1
168	132	1
169	132	1
170	132	1
212	132	1
214	132	1
215	132	1
216	132	1
217	132	1
171	133	1
172	133	1
173	133	1
209	133	1
210	133	1
211	133	1
213	133	1
174	134	1
175	134	1
176	134	1
206	134	1
208	134	1
177	135	1
178	135	1
179	135	1
180	135	1
182	135	1
184	135	1
185	135	1
187	135	1
189	135	1
191	135	1
193	135	1
194	135	1
195	135	1
197	135	1
198	135	1
199	135	1
200	135	1
201	135	1
202	135	1
204	135	1
205	135	1
207	135	1
181	136	1
183	136	1
186	136	1
188	136	1
190	136	1
192	136	1
196	136	1
203	136	1
162	129	1
222	131	1
542	77	44
543	77	44
544	77	44
545	77	44
546	77	44
548	77	44
547	78	44
549	78	44
551	78	44
553	78	44
550	79	44
552	79	44
554	79	44
555	80	44
556	80	44
557	80	44
558	81	44
559	81	44
560	81	44
561	81	44
562	82	44
563	82	44
564	83	44
565	83	44
566	84	44
464	379	59
463	380	59
462	381	59
461	382	59
460	383	59
459	384	59
459	385	59
459	386	59
458	387	59
457	388	59
456	389	59
465	379	59
455	390	59
601	83	54
602	83	54
603	83	54
597	84	54
599	84	54
600	84	54
596	85	54
598	85	54
594	86	54
595	86	54
591	87	54
592	87	54
593	87	54
604	82	54
590	88	54
274	325	1
272	326	1
273	326	1
275	326	1
276	326	1
277	326	1
278	326	1
279	326	1
280	326	1
281	326	1
282	326	1
283	326	1
284	326	1
270	327	1
271	327	1
285	327	1
286	327	1
287	327	1
288	327	1
312	327	1
268	328	1
269	328	1
289	328	1
290	328	1
291	328	1
292	328	1
310	328	1
311	328	1
266	329	1
267	329	1
293	329	1
294	329	1
295	329	1
296	329	1
297	329	1
298	329	1
307	329	1
309	329	1
264	330	1
265	330	1
299	330	1
300	330	1
301	330	1
302	330	1
303	330	1
304	330	1
305	330	1
306	330	1
308	330	1
262	331	1
263	331	1
313	326	1
261	332	1
204	187	1
204	188	1
204	189	1
204	190	1
204	191	1
204	192	1
204	193	1
203	194	1
202	195	1
201	196	1
200	197	1
199	198	1
198	199	1
198	200	1
197	201	1
197	202	1
197	203	1
197	204	1
196	205	1
196	206	1
196	207	1
196	208	1
196	209	1
204	186	1
195	210	1
551	132	64
550	133	64
549	134	64
613	132	54
615	132	54
612	133	54
614	133	54
51	344	1
50	345	1
49	346	1
48	347	1
47	348	1
46	349	1
45	350	1
44	351	1
43	352	1
42	353	1
41	354	1
40	355	1
39	356	1
38	357	1
37	358	1
36	359	1
35	360	1
34	361	1
33	362	1
32	363	1
31	364	1
30	365	1
29	366	1
28	367	1
27	368	1
26	369	1
25	370	1
24	371	1
23	372	1
22	373	1
21	374	1
20	375	1
19	376	1
18	377	1
17	378	1
16	379	1
15	380	1
14	381	1
13	382	1
12	383	1
11	384	1
10	385	1
9	386	1
8	387	1
7	388	1
6	389	1
5	390	1
4	391	1
3	392	1
2	393	1
1	394	1
52	343	1
614	82	58
616	82	58
618	82	58
621	82	58
622	82	58
613	83	58
615	83	58
617	83	58
619	83	58
620	83	58
612	82	58
623	83	58
238	21	1
239	22	1
240	22	1
241	23	1
242	23	1
243	24	1
244	25	1
245	25	1
246	26	1
247	27	1
248	27	1
249	28	1
250	28	1
251	28	1
252	29	1
253	29	1
254	29	1
237	20	1
255	29	1
53	226	1
53	227	1
52	228	1
52	229	1
51	230	1
51	231	1
50	232	1
50	233	1
49	234	1
49	235	1
48	236	1
48	237	1
47	238	1
47	239	1
46	240	1
46	241	1
46	242	1
46	243	1
46	244	1
47	245	1
47	246	1
48	247	1
48	248	1
49	249	1
49	250	1
50	251	1
50	252	1
51	253	1
51	254	1
52	255	1
52	256	1
53	257	1
53	258	1
54	225	1
54	259	1
233	328	1
235	328	1
237	328	1
239	328	1
241	328	1
246	328	1
248	328	1
225	329	1
227	329	1
228	329	1
230	329	1
231	329	1
232	329	1
234	329	1
236	329	1
238	329	1
240	329	1
242	329	1
243	329	1
244	329	1
245	329	1
247	329	1
249	329	1
250	329	1
251	329	1
252	329	1
254	329	1
222	330	1
223	330	1
224	330	1
226	330	1
229	330	1
253	330	1
255	330	1
256	330	1
258	330	1
220	331	1
221	331	1
257	331	1
259	331	1
260	331	1
219	331	1
261	332	1
266	381	9
267	382	9
268	382	9
269	383	9
270	384	9
271	385	9
272	385	9
273	386	9
274	386	9
275	387	9
276	387	9
277	388	9
278	388	9
279	389	9
280	389	9
281	390	9
282	390	9
283	391	9
284	391	9
285	391	9
286	391	9
288	391	9
290	391	9
287	392	9
289	392	9
291	392	9
292	392	9
293	392	9
294	392	9
295	392	9
296	392	9
297	392	9
298	392	9
299	392	9
300	392	9
301	392	9
302	392	9
303	392	9
304	392	9
305	392	9
306	392	9
307	392	9
308	392	9
309	392	9
310	392	9
311	392	9
312	392	9
314	392	9
316	392	9
318	392	9
320	392	9
322	392	9
324	392	9
326	392	9
328	392	9
330	392	9
332	392	9
334	392	9
336	392	9
338	392	9
340	392	9
342	392	9
344	392	9
346	392	9
348	392	9
313	393	9
315	393	9
317	393	9
319	393	9
321	393	9
323	393	9
325	393	9
327	393	9
329	393	9
331	393	9
333	393	9
335	393	9
337	393	9
339	393	9
341	393	9
343	393	9
345	393	9
347	393	9
349	393	9
350	393	9
352	393	9
354	393	9
356	393	9
351	394	9
353	394	9
355	394	9
357	394	9
358	394	9
359	394	9
360	394	9
361	394	9
265	380	9
364	337	32
366	337	32
365	338	32
367	338	32
368	338	32
369	338	32
370	338	32
372	338	32
371	339	32
373	339	32
374	340	32
375	340	32
376	340	32
377	340	32
378	340	32
379	340	32
380	340	32
381	340	32
382	341	32
384	341	32
386	341	32
388	341	32
383	342	32
385	342	32
387	342	32
389	342	32
390	342	32
391	342	32
392	342	32
393	342	32
363	336	32
394	342	32
349	26	18
351	26	18
353	26	18
354	26	18
355	26	18
356	26	18
357	26	18
358	26	18
360	26	18
362	26	18
337	27	18
339	27	18
341	27	18
342	27	18
343	27	18
344	27	18
345	27	18
346	27	18
347	27	18
348	27	18
350	27	18
352	27	18
359	27	18
361	27	18
363	27	18
364	27	18
366	27	18
335	28	18
336	28	18
338	28	18
340	28	18
365	28	18
367	28	18
368	28	18
370	28	18
369	29	18
371	29	18
372	29	18
373	29	18
334	29	18
374	30	18
133	305	1
133	306	1
133	307	1
133	308	1
133	309	1
133	310	1
133	311	1
133	312	1
133	313	1
133	314	1
133	315	1
133	316	1
133	317	1
133	318	1
133	319	1
133	320	1
133	321	1
133	322	1
133	323	1
133	324	1
133	325	1
133	326	1
133	327	1
133	328	1
133	329	1
133	330	1
133	331	1
133	332	1
133	304	1
133	333	1
536	133	58
535	134	58
537	134	58
538	134	58
539	134	58
151	199	1
152	199	1
153	199	1
154	199	1
155	199	1
156	199	1
157	199	1
158	199	1
159	199	1
160	199	1
161	199	1
162	199	1
163	199	1
164	200	1
165	201	1
166	201	1
167	202	1
168	203	1
169	204	1
170	204	1
171	205	1
172	206	1
173	207	1
174	207	1
175	207	1
176	207	1
178	207	1
177	208	1
179	208	1
180	208	1
181	209	1
182	209	1
183	210	1
184	210	1
185	211	1
186	211	1
187	211	1
150	199	1
188	212	1
419	22	45
417	23	45
418	23	45
416	24	45
416	25	45
416	26	45
416	27	45
416	28	45
416	29	45
420	21	45
416	30	45
588	89	50
589	89	50
587	90	50
585	91	50
586	91	50
584	92	50
590	88	50
583	91	50
605	83	57
606	83	57
610	83	57
611	83	57
607	84	57
608	84	57
609	84	57
604	82	57
612	82	57
194	210	1
190	211	1
192	211	1
193	211	1
191	212	1
195	210	1
189	212	1
422	43	49
421	44	49
423	42	49
548	135	64
549	134	64
550	135	64
549	134	64
476	44	67
476	43	67
333	321	17
335	321	17
337	321	17
339	321	17
341	321	17
342	321	17
330	322	17
332	322	17
334	322	17
336	322	17
338	322	17
340	322	17
343	322	17
344	322	17
346	322	17
327	323	17
328	323	17
329	323	17
331	323	17
345	323	17
347	323	17
323	324	17
324	324	17
325	324	17
326	324	17
348	324	17
318	325	17
320	325	17
321	325	17
322	325	17
349	325	17
350	325	17
315	326	17
317	326	17
319	326	17
351	326	17
314	327	17
316	327	17
352	327	17
353	328	17
354	328	17
355	329	17
356	329	17
357	330	17
358	331	17
359	332	17
360	332	17
361	333	17
362	334	17
313	326	17
363	335	17
445	231	37
444	232	37
443	233	37
442	234	37
446	231	37
441	235	37
115	305	1
115	306	1
115	307	1
115	308	1
115	309	1
115	310	1
115	311	1
115	312	1
115	313	1
115	314	1
115	315	1
115	316	1
115	317	1
115	318	1
115	319	1
115	320	1
116	321	1
117	322	1
118	323	1
119	324	1
120	325	1
121	326	1
122	327	1
123	328	1
124	329	1
125	330	1
126	331	1
127	332	1
128	333	1
128	334	1
128	335	1
115	304	1
128	336	1
332	30	67
332	31	67
332	32	67
332	29	67
334	30	67
334	31	67
334	32	67
334	29	67
122	83	1
122	84	1
121	85	1
121	86	1
123	82	1
120	87	1
327	136	25
328	136	25
329	136	25
330	136	25
331	136	25
332	136	25
333	136	25
334	136	25
335	136	25
336	136	25
326	135	25
148	328	1
149	328	1
150	328	1
147	329	1
318	353	18
318	354	18
319	355	18
320	356	18
320	357	18
321	358	18
321	359	18
322	360	18
323	361	18
317	352	18
323	362	18
214	284	1
214	285	1
214	286	1
213	287	1
212	288	1
211	289	1
214	283	1
210	290	1
488	125	53
488	126	53
488	127	53
488	128	53
488	129	53
488	130	53
488	131	53
488	132	53
488	133	53
489	134	53
490	135	53
491	136	53
492	137	53
488	124	53
166	248	1
166	249	1
166	250	1
166	251	1
166	252	1
132	253	1
166	253	1
132	254	1
165	254	1
132	255	1
164	255	1
133	256	1
134	256	1
162	256	1
163	256	1
135	257	1
136	257	1
160	257	1
161	257	1
137	258	1
138	258	1
158	258	1
159	258	1
139	259	1
140	259	1
156	259	1
157	259	1
141	260	1
142	260	1
154	260	1
155	260	1
143	261	1
144	261	1
152	261	1
153	261	1
145	262	1
146	262	1
148	262	1
150	262	1
151	262	1
147	263	1
149	263	1
166	247	1
132	252	1
132	335	1
130	336	1
131	336	1
133	334	1
129	337	1
568	84	50
569	84	50
570	85	50
572	85	50
571	86	50
573	86	50
574	86	50
575	86	50
567	84	50
576	87	50
148	118	67
147	119	67
146	120	67
145	121	67
144	122	67
143	123	67
142	124	67
141	125	67
140	126	67
140	127	67
140	128	67
140	129	67
140	130	67
140	131	67
140	132	67
140	133	67
140	134	67
140	135	67
140	136	67
140	137	67
140	138	67
149	117	67
140	139	67
530	105	60
529	106	60
528	107	60
527	108	60
527	109	60
527	110	60
527	111	60
531	104	60
527	112	60
309	21	14
308	22	14
307	23	14
306	24	14
305	25	14
304	26	14
303	27	14
302	28	14
301	29	14
299	30	14
300	30	14
298	31	14
298	32	14
297	33	14
296	34	14
309	20	14
295	35	14
533	147	66
534	147	66
531	148	66
532	148	66
535	148	66
530	148	66
152	329	1
153	330	1
154	331	1
155	332	1
156	333	1
157	334	1
158	335	1
159	336	1
160	337	1
151	328	1
161	338	1
182	332	1
183	332	1
184	333	1
185	333	1
187	333	1
186	334	1
188	334	1
189	334	1
190	334	1
191	334	1
192	334	1
193	334	1
195	334	1
194	335	1
196	335	1
197	335	1
198	335	1
199	335	1
200	335	1
201	335	1
202	335	1
203	336	1
204	336	1
205	336	1
206	337	1
207	337	1
208	337	1
209	337	1
181	332	1
210	338	1
217	332	1
216	333	1
215	334	1
214	335	1
213	336	1
212	337	1
218	331	1
211	338	1
61	131	1
62	131	1
63	131	1
64	131	1
65	131	1
66	131	1
67	131	1
68	131	1
69	131	1
70	131	1
71	131	1
72	131	1
73	131	1
74	131	1
75	131	1
76	131	1
77	131	1
78	131	1
79	131	1
80	131	1
81	131	1
82	131	1
83	131	1
84	131	1
85	131	1
86	131	1
87	131	1
88	131	1
89	131	1
90	131	1
91	131	1
92	131	1
93	131	1
94	131	1
95	131	1
96	131	1
97	132	1
98	132	1
99	132	1
100	133	1
101	133	1
102	134	1
103	134	1
104	135	1
105	135	1
106	136	1
107	136	1
108	136	1
110	136	1
109	137	1
111	137	1
112	137	1
113	137	1
114	137	1
115	137	1
116	137	1
118	137	1
120	137	1
122	137	1
117	138	1
119	138	1
121	138	1
123	138	1
125	138	1
127	138	1
124	139	1
126	139	1
128	139	1
129	139	1
130	139	1
132	139	1
134	139	1
136	139	1
138	139	1
131	140	1
133	140	1
135	140	1
137	140	1
139	140	1
60	131	1
140	139	1
196	211	1
197	212	1
198	212	1
299	212	1
301	212	1
303	212	1
199	213	1
200	213	1
292	213	1
294	213	1
295	213	1
296	213	1
297	213	1
298	213	1
300	213	1
302	213	1
304	213	1
305	213	1
306	213	1
308	213	1
310	213	1
312	213	1
314	213	1
201	214	1
202	214	1
287	214	1
288	214	1
289	214	1
290	214	1
291	214	1
293	214	1
307	214	1
309	214	1
311	214	1
313	214	1
315	214	1
316	214	1
317	214	1
319	214	1
203	215	1
285	215	1
286	215	1
318	215	1
320	215	1
322	215	1
324	215	1
204	216	1
205	216	1
284	216	1
321	216	1
323	216	1
325	216	1
326	216	1
327	216	1
329	216	1
331	216	1
206	217	1
207	217	1
281	217	1
282	217	1
283	217	1
328	217	1
330	217	1
332	217	1
333	217	1
334	217	1
335	217	1
336	217	1
338	217	1
339	217	1
208	218	1
280	218	1
337	218	1
209	219	1
210	219	1
278	219	1
279	219	1
211	220	1
212	220	1
213	220	1
214	220	1
216	220	1
218	220	1
220	220	1
222	220	1
224	220	1
226	220	1
228	220	1
230	220	1
232	220	1
234	220	1
235	220	1
236	220	1
237	220	1
238	220	1
239	220	1
240	220	1
241	220	1
242	220	1
243	220	1
244	220	1
277	220	1
215	221	1
217	221	1
219	221	1
221	221	1
223	221	1
225	221	1
227	221	1
229	221	1
231	221	1
233	221	1
245	221	1
246	221	1
247	221	1
248	221	1
249	221	1
250	221	1
251	221	1
252	221	1
253	221	1
254	221	1
255	221	1
274	221	1
275	221	1
276	221	1
256	222	1
257	222	1
258	222	1
259	222	1
260	222	1
261	222	1
262	222	1
263	222	1
264	222	1
265	222	1
267	222	1
269	222	1
271	222	1
273	222	1
266	223	1
268	223	1
270	223	1
272	223	1
195	210	1
340	218	1
393	268	43
392	269	43
391	270	43
378	74	22
379	74	22
380	75	22
381	76	22
382	76	22
383	77	22
384	77	22
385	78	22
386	79	22
387	79	22
388	80	22
390	80	22
389	81	22
391	81	22
392	81	22
394	81	22
393	82	22
395	82	22
396	82	22
397	82	22
398	83	22
399	83	22
400	83	22
401	83	22
403	83	22
538	83	22
540	83	22
541	83	22
542	83	22
543	83	22
544	83	22
545	83	22
546	83	22
547	83	22
548	83	22
549	83	22
550	83	22
402	84	22
404	84	22
406	84	22
408	84	22
537	84	22
539	84	22
551	84	22
552	84	22
553	84	22
405	85	22
407	85	22
409	85	22
410	85	22
411	85	22
412	85	22
413	85	22
414	85	22
415	85	22
444	85	22
446	85	22
448	85	22
449	85	22
450	85	22
451	85	22
452	85	22
454	85	22
534	85	22
535	85	22
536	85	22
554	85	22
555	85	22
556	85	22
557	85	22
416	86	22
417	86	22
418	86	22
419	86	22
420	86	22
422	86	22
424	86	22
437	86	22
439	86	22
440	86	22
441	86	22
442	86	22
443	86	22
445	86	22
447	86	22
453	86	22
455	86	22
456	86	22
457	86	22
458	86	22
459	86	22
461	86	22
533	86	22
558	86	22
559	86	22
560	86	22
421	87	22
423	87	22
425	87	22
426	87	22
427	87	22
428	87	22
429	87	22
430	87	22
431	87	22
432	87	22
434	87	22
435	87	22
436	87	22
438	87	22
460	87	22
462	87	22
463	87	22
464	87	22
465	87	22
466	87	22
467	87	22
468	87	22
469	87	22
471	87	22
531	87	22
532	87	22
561	87	22
562	87	22
563	87	22
433	88	22
470	88	22
472	88	22
473	88	22
474	88	22
529	88	22
530	88	22
475	89	22
476	89	22
477	89	22
527	89	22
528	89	22
478	90	22
479	90	22
480	90	22
482	90	22
525	90	22
526	90	22
481	91	22
483	91	22
521	91	22
522	91	22
523	91	22
524	91	22
484	92	22
485	92	22
518	92	22
520	92	22
486	93	22
487	93	22
488	93	22
515	93	22
517	93	22
519	93	22
489	94	22
512	94	22
514	94	22
516	94	22
490	95	22
492	95	22
509	95	22
511	95	22
513	95	22
491	96	22
493	96	22
494	96	22
495	96	22
496	96	22
504	96	22
506	96	22
507	96	22
508	96	22
510	96	22
497	97	22
498	97	22
499	97	22
500	97	22
501	97	22
502	97	22
503	97	22
505	97	22
377	73	22
564	88	22
568	87	50
567	88	50
326	335	18
327	335	18
328	335	18
329	335	18
330	335	18
331	335	18
332	335	18
333	335	18
334	335	18
335	335	18
336	335	18
337	335	18
338	335	18
339	335	18
340	335	18
341	335	18
342	335	18
343	335	18
345	335	18
324	336	18
325	336	18
344	336	18
346	336	18
347	336	18
348	336	18
349	336	18
350	336	18
360	336	18
361	336	18
323	337	18
351	337	18
352	337	18
353	337	18
354	337	18
356	337	18
357	337	18
358	337	18
359	337	18
322	338	18
355	338	18
320	339	18
321	339	18
319	340	18
318	341	18
318	342	18
318	343	18
318	344	18
318	345	18
318	346	18
318	347	18
317	348	18
317	349	18
317	350	18
362	336	18
317	351	18
257	30	1
258	30	1
259	30	1
260	30	1
262	30	1
261	31	1
263	31	1
264	31	1
265	31	1
266	31	1
267	32	1
268	32	1
269	32	1
270	32	1
271	32	1
272	32	1
273	32	1
274	32	1
276	32	1
278	32	1
275	33	1
277	33	1
279	33	1
280	33	1
281	33	1
282	33	1
284	33	1
283	34	1
285	34	1
287	34	1
286	35	1
288	35	1
289	35	1
290	35	1
292	35	1
293	35	1
291	36	1
294	36	1
256	29	1
295	35	1
149	201	1
149	202	1
149	203	1
149	204	1
149	205	1
149	206	1
149	207	1
149	208	1
149	209	1
149	210	1
149	211	1
148	212	1
147	213	1
147	214	1
146	215	1
146	216	1
146	217	1
146	218	1
146	219	1
146	220	1
149	200	1
146	221	1
320	246	13
319	247	13
318	248	13
317	249	13
316	250	13
315	251	13
313	252	13
314	252	13
312	253	13
311	254	13
309	255	13
310	255	13
308	256	13
307	257	13
306	258	13
304	259	13
305	259	13
303	260	13
302	261	13
301	262	13
301	263	13
300	264	13
298	265	13
299	265	13
297	266	13
296	267	13
295	268	13
294	269	13
293	270	13
292	271	13
321	245	13
291	272	13
583	85	50
584	85	50
585	85	50
582	86	50
586	86	50
587	86	50
588	86	50
589	87	50
581	87	50
590	88	50
310	164	59
310	165	59
310	166	59
309	167	59
307	168	59
308	168	59
311	163	59
544	140	64
544	141	64
159	130	1
160	130	1
158	131	1
156	132	1
157	132	1
154	133	1
155	133	1
153	134	1
151	135	1
152	135	1
150	136	1
148	137	1
149	137	1
146	138	1
147	138	1
144	139	1
145	139	1
141	140	1
143	140	1
142	141	1
161	129	1
140	139	1
467	380	66
466	379	66
288	272	11
289	272	11
284	273	11
285	273	11
286	273	11
287	273	11
281	274	11
282	274	11
283	274	11
280	275	11
279	276	11
278	277	11
276	278	11
277	278	11
275	279	11
274	280	11
273	281	11
272	282	11
270	283	11
271	283	11
269	284	11
268	285	11
290	272	11
268	286	11
118	88	1
119	88	1
115	89	1
116	89	1
117	89	1
113	90	1
114	90	1
112	91	1
110	92	1
111	92	1
109	93	1
108	94	1
106	95	1
107	95	1
104	96	1
105	96	1
102	97	1
103	97	1
101	98	1
99	99	1
100	99	1
98	100	1
96	101	1
97	101	1
94	102	1
95	102	1
92	103	1
93	103	1
91	104	1
62	105	1
63	105	1
64	105	1
65	105	1
66	105	1
67	105	1
68	105	1
69	105	1
70	105	1
71	105	1
72	105	1
73	105	1
74	105	1
75	105	1
76	105	1
77	105	1
78	105	1
79	105	1
80	105	1
81	105	1
82	105	1
83	105	1
84	105	1
85	105	1
86	105	1
87	105	1
88	105	1
89	105	1
90	105	1
120	87	1
61	105	1
436	32	36
438	32	36
429	33	36
431	33	36
432	33	36
433	33	36
434	33	36
435	33	36
437	33	36
439	33	36
440	33	36
442	33	36
427	34	36
428	34	36
430	34	36
441	34	36
443	34	36
425	35	36
426	35	36
444	35	36
445	35	36
446	35	36
424	36	36
447	36	36
448	36	36
449	37	36
452	37	36
450	38	36
451	38	36
423	36	36
453	38	36
532	141	47
534	141	47
536	141	47
538	141	47
540	141	47
531	142	47
533	142	47
535	142	47
537	142	47
539	142	47
541	142	47
542	142	47
543	142	47
529	143	47
530	143	47
528	144	47
544	141	47
527	145	47
582	88	50
582	89	50
581	87	50
582	90	50
163	338	1
164	338	1
165	339	1
166	339	1
167	340	1
168	340	1
162	338	1
169	341	1
179	333	1
178	334	1
177	335	1
176	336	1
174	337	1
175	337	1
173	338	1
171	339	1
172	339	1
170	340	1
180	332	1
169	341	1
357	64	22
358	65	22
359	66	22
359	67	22
359	68	22
359	69	22
359	70	22
359	71	22
356	63	22
359	72	22
253	254	67
252	253	67
252	255	67
374	31	29
374	32	29
375	33	29
375	34	29
376	35	29
376	36	29
377	37	29
378	37	29
379	38	29
387	38	29
380	39	29
382	39	29
386	39	29
381	40	29
383	40	29
384	40	29
385	40	29
374	30	29
422	38	26
422	39	26
423	40	26
422	37	26
423	41	26
507	36	40
506	37	40
508	37	40
509	38	40
509	39	40
509	40	40
623	84	58
623	85	58
623	86	58
623	87	58
623	88	58
622	89	58
622	90	58
623	83	58
296	36	14
297	37	14
298	38	14
298	39	14
299	40	14
300	41	14
295	35	14
147	222	1
146	221	1
148	223	1
269	288	11
270	288	11
271	289	11
272	290	11
273	291	11
274	292	11
268	287	11
275	293	11
399	338	49
398	339	49
396	340	49
397	340	49
395	341	49
394	342	49
495	138	55
496	138	55
497	138	55
499	138	55
498	139	55
500	139	55
502	139	55
504	139	55
506	139	55
501	140	55
503	140	55
505	140	55
507	140	55
508	140	55
509	140	55
510	140	55
511	140	55
512	140	55
514	140	55
513	141	55
515	141	55
517	141	55
516	142	55
518	142	55
519	142	55
520	142	55
521	143	55
522	143	55
523	144	55
524	145	55
525	145	55
526	146	55
252	258	6
251	259	6
249	260	6
250	260	6
247	261	6
248	261	6
246	262	6
245	263	6
244	264	6
243	265	6
242	266	6
242	267	6
241	268	6
240	269	6
240	270	6
239	271	6
238	272	6
238	273	6
237	274	6
236	275	6
236	276	6
253	257	6
235	277	6
463	32	58
464	32	58
460	33	58
461	33	58
462	33	58
465	33	58
466	33	58
458	34	58
459	34	58
467	34	58
457	35	58
468	35	58
456	36	58
469	36	58
470	36	58
454	37	58
455	37	58
471	37	58
472	38	58
473	39	58
472	40	58
473	41	58
474	42	58
475	42	58
453	38	58
476	43	58
556	145	65
555	146	65
102	22	1
103	22	1
100	23	1
101	23	1
98	24	1
99	24	1
96	25	1
97	25	1
94	26	1
95	26	1
92	27	1
93	27	1
90	28	1
91	28	1
88	29	1
89	29	1
86	30	1
87	30	1
84	31	1
85	31	1
82	32	1
83	32	1
80	33	1
81	33	1
78	34	1
79	34	1
76	35	1
77	35	1
74	36	1
75	36	1
72	37	1
73	37	1
70	38	1
71	38	1
69	39	1
68	40	1
67	41	1
66	42	1
66	43	1
104	21	1
66	44	1
478	43	53
477	42	53
532	42	62
531	43	62
531	44	62
259	143	6
261	143	6
263	143	6
258	144	6
260	144	6
262	144	6
264	144	6
256	145	6
257	145	6
265	145	6
255	146	6
266	146	6
254	147	6
267	147	6
252	148	6
253	148	6
251	149	6
250	150	6
249	151	6
528	147	63
527	146	63
529	148	63
565	86	67
566	85	67
565	87	67
53	203	1
52	204	1
52	205	1
51	206	1
51	207	1
50	208	1
50	209	1
49	210	1
49	211	1
48	212	1
48	213	1
48	214	1
49	215	1
49	216	1
50	217	1
50	218	1
51	219	1
51	220	1
52	221	1
52	222	1
53	223	1
53	224	1
54	202	1
54	225	1
119	352	1
120	352	1
121	352	1
122	352	1
123	352	1
124	352	1
125	352	1
126	352	1
127	352	1
128	352	1
129	353	1
130	353	1
131	354	1
132	355	1
133	355	1
134	356	1
135	356	1
136	357	1
137	358	1
138	358	1
139	359	1
140	360	1
141	360	1
142	361	1
143	361	1
144	361	1
145	362	1
146	362	1
118	352	1
147	363	1
568	90	50
569	91	50
570	91	50
572	91	50
571	92	50
573	92	50
574	93	50
567	89	50
575	92	50
316	65	18
317	65	18
318	66	18
319	66	18
320	67	18
321	67	18
322	67	18
324	67	18
326	67	18
328	67	18
330	67	18
323	68	18
325	68	18
327	68	18
329	68	18
331	68	18
332	68	18
333	68	18
334	68	18
335	68	18
336	68	18
338	68	18
340	68	18
337	69	18
339	69	18
341	69	18
342	69	18
343	69	18
344	70	18
345	70	18
346	70	18
348	70	18
347	71	18
349	71	18
350	72	18
351	72	18
315	64	18
352	71	18
224	274	6
225	274	6
226	274	6
223	275	6
227	275	6
228	275	6
221	276	6
222	276	6
229	276	6
230	276	6
219	277	6
220	277	6
231	277	6
232	277	6
233	277	6
217	278	6
218	278	6
215	279	6
216	279	6
214	280	6
234	278	6
214	281	6
556	147	66
556	148	66
555	146	66
556	149	66
528	43	62
529	44	62
530	45	62
531	44	62
147	331	1
147	332	1
147	333	1
147	334	1
147	335	1
147	336	1
147	337	1
147	338	1
147	339	1
147	340	1
147	341	1
147	342	1
147	343	1
147	344	1
147	345	1
147	346	1
147	347	1
147	348	1
147	349	1
148	350	1
149	351	1
150	352	1
151	353	1
152	354	1
147	330	1
153	355	1
581	92	52
576	93	52
577	93	52
580	93	52
578	94	52
579	94	52
582	91	52
575	92	52
477	254	67
476	253	67
556	95	59
557	95	59
558	95	59
559	95	59
453	39	65
453	40	65
453	41	65
454	42	65
455	43	65
455	44	65
456	45	65
453	38	65
555	150	66
556	149	66
532	45	67
533	45	67
531	44	67
