680	76	70
681	77	70
682	78	70
683	78	70
679	75	70
684	79	70
395	194	78
395	195	78
395	196	78
395	197	78
169	304	6
170	304	6
171	305	6
171	306	6
172	307	6
172	308	6
173	309	6
173	310	6
174	311	6
175	312	6
175	313	6
176	314	6
177	315	6
178	316	6
179	317	6
180	318	6
181	319	6
182	320	6
183	321	6
183	322	6
183	323	6
183	324	6
183	325	6
183	326	6
183	327	6
183	328	6
183	329	6
168	303	6
183	330	6
47	302	1
48	302	1
49	302	1
50	302	1
51	302	1
52	302	1
53	302	1
54	302	1
55	302	1
56	302	1
57	302	1
58	302	1
59	302	1
60	302	1
61	302	1
62	302	1
63	303	1
64	303	1
65	303	1
66	303	1
67	303	1
68	304	1
69	304	1
70	304	1
71	305	1
72	305	1
73	305	1
74	306	1
75	306	1
76	306	1
77	307	1
78	307	1
79	307	1
80	308	1
46	302	1
81	308	1
196	329	1
198	329	1
199	329	1
200	329	1
201	329	1
202	329	1
203	329	1
204	329	1
205	329	1
206	329	1
207	329	1
208	329	1
209	329	1
210	329	1
212	329	1
214	329	1
190	330	1
191	330	1
193	330	1
194	330	1
195	330	1
197	330	1
211	330	1
213	330	1
215	330	1
216	330	1
217	330	1
218	330	1
220	330	1
185	331	1
186	331	1
187	331	1
188	331	1
189	331	1
192	331	1
219	331	1
221	331	1
222	331	1
223	331	1
224	332	1
225	332	1
226	332	1
227	332	1
228	332	1
229	332	1
231	332	1
230	333	1
232	333	1
234	333	1
233	334	1
235	334	1
236	334	1
237	334	1
238	334	1
184	331	1
239	335	1
63	186	1
64	186	1
65	187	1
66	187	1
67	188	1
68	188	1
69	189	1
70	189	1
71	190	1
72	190	1
74	190	1
73	191	1
75	191	1
76	191	1
78	191	1
80	191	1
82	191	1
84	191	1
77	192	1
79	192	1
81	192	1
83	192	1
85	192	1
86	192	1
87	192	1
88	192	1
89	192	1
90	192	1
92	192	1
94	192	1
91	193	1
93	193	1
95	193	1
96	193	1
97	194	1
98	194	1
99	195	1
100	195	1
101	196	1
102	196	1
103	197	1
104	197	1
105	198	1
106	198	1
107	198	1
62	186	1
108	199	1
160	195	77
161	196	77
162	197	77
163	198	77
164	199	77
169	185	5
169	186	5
169	187	5
169	188	5
169	189	5
169	190	5
169	191	5
169	192	5
169	193	5
168	194	5
167	195	5
166	196	5
165	197	5
165	198	5
169	184	5
164	199	5
296	369	72
295	368	72
297	370	72
37	227	1
36	228	1
36	229	1
35	230	1
35	231	1
34	232	1
34	233	1
33	234	1
33	235	1
32	236	1
32	237	1
31	238	1
31	239	1
30	240	1
30	241	1
29	242	1
30	243	1
30	244	1
31	245	1
31	246	1
32	247	1
32	248	1
33	249	1
33	250	1
34	251	1
34	252	1
35	253	1
35	254	1
36	255	1
36	256	1
37	257	1
38	226	1
38	258	1
346	188	71
346	189	71
347	190	71
347	191	71
348	192	71
348	193	71
349	194	71
349	195	71
350	196	71
351	197	71
352	197	71
353	198	71
354	198	71
355	198	71
345	187	71
127	334	25
128	334	25
129	334	25
130	335	25
131	335	25
126	333	25
132	336	25
559	40	76
558	41	76
557	42	76
556	43	76
556	44	76
555	45	76
555	46	76
560	39	76
555	47	76
608	79	73
609	79	73
607	80	73
610	78	73
606	79	73
734	80	77
735	80	77
736	80	77
470	257	74
471	257	74
340	333	73
341	334	73
342	335	73
339	334	73
343	336	73
359	116	78
358	115	78
602	80	75
603	80	75
605	80	75
604	81	75
601	79	75
606	79	75
390	198	66
392	198	66
394	198	66
387	199	66
388	199	66
389	199	66
391	199	66
393	199	66
384	200	66
385	200	66
386	200	66
380	201	66
381	201	66
382	201	66
383	201	66
378	202	66
379	202	66
377	203	66
395	197	66
376	202	66
451	38	59
452	39	59
453	40	59
454	40	59
455	41	59
456	41	59
457	42	59
459	42	59
458	43	59
460	43	59
461	44	59
462	44	59
463	44	59
464	44	59
465	45	59
466	45	59
467	45	59
468	45	59
470	45	59
472	45	59
474	45	59
476	45	59
478	45	59
480	45	59
469	46	59
471	46	59
473	46	59
475	46	59
477	46	59
479	46	59
481	46	59
482	46	59
483	46	59
492	46	59
484	47	59
485	47	59
486	47	59
487	47	59
488	47	59
489	47	59
490	47	59
491	47	59
493	47	59
494	47	59
495	47	59
496	47	59
497	47	59
450	37	59
498	46	59
132	177	1
131	178	1
130	179	1
129	180	1
128	181	1
127	182	1
125	183	1
126	183	1
124	184	1
122	185	1
123	185	1
121	186	1
120	187	1
118	188	1
119	188	1
117	189	1
115	190	1
116	190	1
114	191	1
113	192	1
112	193	1
111	194	1
111	195	1
110	196	1
109	197	1
133	176	1
109	198	1
146	332	11
147	332	11
145	333	11
144	334	11
142	335	11
143	335	11
134	336	11
135	336	11
136	336	11
137	336	11
138	336	11
139	336	11
140	336	11
141	336	11
148	331	11
133	336	11
701	42	74
701	43	74
700	44	74
699	45	74
698	46	74
694	47	74
695	47	74
696	47	74
697	47	74
693	48	74
692	49	74
702	41	74
322	116	32
324	116	32
326	116	32
327	116	32
328	116	32
329	116	32
330	116	32
319	117	32
320	117	32
321	117	32
323	117	32
325	117	32
331	117	32
318	118	32
316	119	32
317	119	32
314	120	32
315	120	32
313	121	32
312	122	32
311	123	32
310	124	32
309	125	32
308	126	32
308	127	32
308	128	32
307	129	32
307	130	32
306	131	32
306	132	32
305	133	32
304	134	32
303	135	32
302	136	32
332	116	32
302	137	32
168	1	75
170	1	75
178	1	75
169	2	75
171	2	75
172	2	75
174	2	75
176	2	75
177	2	75
173	3	75
175	3	75
598	81	49
599	81	49
593	82	49
595	82	49
596	82	49
597	82	49
590	83	49
591	83	49
592	83	49
594	83	49
587	84	49
588	84	49
589	84	49
585	85	49
586	85	49
582	86	49
584	86	49
581	87	49
583	87	49
578	88	49
579	88	49
580	88	49
573	89	49
574	89	49
575	89	49
576	89	49
577	89	49
570	90	49
571	90	49
572	90	49
568	91	49
569	91	49
567	92	49
564	93	49
565	93	49
566	93	49
562	94	49
563	94	49
561	95	49
560	96	49
600	80	49
559	97	49
391	64	48
390	65	48
389	66	48
388	67	48
387	68	48
386	69	48
153	374	26
151	375	26
152	375	26
149	376	26
150	376	26
147	377	26
148	377	26
144	378	26
146	378	26
143	379	26
145	379	26
142	380	26
140	381	26
141	381	26
138	382	26
139	382	26
136	383	26
137	383	26
154	373	26
135	384	26
562	47	76
557	48	76
558	48	76
559	48	76
560	48	76
561	48	76
556	48	76
553	118	62
555	118	62
556	118	62
557	118	62
548	119	62
550	119	62
552	119	62
554	119	62
544	120	62
545	120	62
546	120	62
547	120	62
549	120	62
551	120	62
536	121	62
538	121	62
540	121	62
541	121	62
542	121	62
543	121	62
530	122	62
532	122	62
533	122	62
534	122	62
535	122	62
537	122	62
539	122	62
526	123	62
528	123	62
529	123	62
531	123	62
520	124	62
522	124	62
524	124	62
525	124	62
527	124	62
513	125	62
515	125	62
516	125	62
517	125	62
518	125	62
519	125	62
521	125	62
523	125	62
514	126	62
558	119	62
512	124	62
135	1	75
136	1	75
138	1	75
137	2	75
139	2	75
140	2	75
142	2	75
141	3	75
143	3	75
144	3	75
146	3	75
145	4	75
147	4	75
148	4	75
149	5	75
156	1	33
154	2	33
155	2	33
152	3	33
153	3	33
151	4	33
150	5	33
150	332	1
151	332	1
152	333	1
153	334	1
154	334	1
156	334	1
158	334	1
155	335	1
157	335	1
159	335	1
160	335	1
162	335	1
164	335	1
161	336	1
163	336	1
165	336	1
166	336	1
167	336	1
168	336	1
169	336	1
170	337	1
171	337	1
173	337	1
172	338	1
174	338	1
175	338	1
149	331	1
176	337	1
337	344	78
338	344	78
339	344	78
416	39	77
416	40	77
416	41	77
416	42	77
416	43	77
416	44	77
416	38	77
344	335	64
345	335	64
346	336	64
347	337	64
348	337	64
349	338	64
343	336	64
350	339	64
436	75	36
437	75	36
438	75	36
439	76	36
440	76	36
441	77	36
442	78	36
443	78	36
444	79	36
444	80	36
444	81	36
444	82	36
444	83	36
444	84	36
435	76	36
444	85	36
713	46	78
714	46	78
712	47	78
711	48	78
710	49	78
711	50	78
711	51	78
326	6	66
325	7	66
324	8	66
323	9	66
323	10	66
322	11	66
321	12	66
201	190	30
201	191	30
201	192	30
201	193	30
201	194	30
201	195	30
201	196	30
201	197	30
202	198	30
202	199	30
202	200	30
203	201	30
203	202	30
204	203	30
201	189	30
725	82	75
724	83	75
726	83	75
722	84	75
723	84	75
727	84	75
721	85	75
372	203	23
373	203	23
374	203	23
375	203	23
370	204	23
371	204	23
367	205	23
368	205	23
369	205	23
362	206	23
364	206	23
365	206	23
366	206	23
361	207	23
363	207	23
332	208	23
334	208	23
336	208	23
354	208	23
356	208	23
358	208	23
359	208	23
360	208	23
329	209	23
330	209	23
331	209	23
333	209	23
335	209	23
337	209	23
338	209	23
339	209	23
340	209	23
341	209	23
342	209	23
343	209	23
344	209	23
345	209	23
346	209	23
347	209	23
348	209	23
349	209	23
350	209	23
351	209	23
352	209	23
353	209	23
355	209	23
357	209	23
324	210	23
326	210	23
327	210	23
328	210	23
323	211	23
325	211	23
376	202	23
322	212	23
729	84	76
730	84	76
728	85	76
250	1	67
251	1	67
252	1	67
254	1	67
256	1	67
253	2	67
255	2	67
257	2	67
258	2	67
259	2	67
260	2	67
262	2	67
264	2	67
261	3	67
263	3	67
265	3	67
266	3	67
267	3	67
268	3	67
269	3	67
270	3	67
272	3	67
274	3	67
276	3	67
278	3	67
280	3	67
271	4	67
273	4	67
275	4	67
277	4	67
279	4	67
281	4	67
282	4	67
283	5	67
284	5	67
285	5	67
286	5	67
287	5	67
288	5	67
402	339	78
401	340	78
298	1	57
300	1	57
302	1	57
294	2	57
296	2	57
297	2	57
299	2	57
301	2	57
303	2	57
304	2	57
305	2	57
306	2	57
292	3	57
293	3	57
295	3	57
307	3	57
308	3	57
290	4	57
291	4	57
309	4	57
310	4	57
311	5	57
289	5	57
312	6	57
318	2	56
319	2	56
316	3	56
317	3	56
314	4	56
315	4	56
313	5	56
312	6	56
477	52	68
478	53	68
499	47	70
500	48	70
501	48	70
502	49	70
503	50	70
504	50	70
505	51	70
506	52	70
498	46	70
507	53	70
435	77	77
435	78	77
434	79	77
434	80	77
434	81	77
434	82	77
434	83	77
434	84	77
434	85	77
435	76	77
434	86	77
409	5	68
410	5	68
411	5	68
412	5	68
413	5	68
466	1	59
465	2	59
463	3	59
464	3	59
462	4	59
462	5	59
461	6	59
199	112	76
199	113	76
200	114	76
200	115	76
200	116	76
200	117	76
200	118	76
200	119	76
200	120	76
200	121	76
200	122	76
566	51	78
565	52	78
564	53	78
333	1	72
334	1	72
335	2	72
336	2	72
337	3	72
338	3	72
339	4	72
340	4	72
342	4	72
341	5	72
343	5	72
344	5	72
345	6	72
346	6	72
485	264	74
487	264	74
486	265	74
488	265	74
713	52	78
712	52	78
294	7	69
293	8	69
397	197	70
399	197	70
396	198	70
398	198	70
400	198	70
401	198	70
402	198	70
403	198	70
404	198	70
405	199	70
406	199	70
407	199	70
408	199	70
409	200	70
410	200	70
411	201	70
412	201	70
430	201	70
413	202	70
414	202	70
429	202	70
415	203	70
416	203	70
428	203	70
417	204	70
418	204	70
426	204	70
427	204	70
419	205	70
420	205	70
421	205	70
422	205	70
423	205	70
424	205	70
425	205	70
395	197	70
112	241	5
113	241	5
114	241	5
115	241	5
116	241	5
117	241	5
118	241	5
119	241	5
120	241	5
121	241	5
122	241	5
123	241	5
124	242	5
125	243	5
126	243	5
127	244	5
128	244	5
129	245	5
130	245	5
131	246	5
132	246	5
133	247	5
134	247	5
135	247	5
136	247	5
137	247	5
138	247	5
139	248	5
140	248	5
141	248	5
142	249	5
143	249	5
144	250	5
145	250	5
147	250	5
146	251	5
148	251	5
150	251	5
152	251	5
149	252	5
151	252	5
153	252	5
154	252	5
155	252	5
156	252	5
158	252	5
157	253	5
159	253	5
160	253	5
161	253	5
162	254	5
163	254	5
164	254	5
165	255	5
166	256	5
167	257	5
168	257	5
169	258	5
170	259	5
171	259	5
172	260	5
173	261	5
174	261	5
175	262	5
176	262	5
177	263	5
178	264	5
179	264	5
180	265	5
181	265	5
182	266	5
183	266	5
184	266	5
111	241	5
185	267	5
577	114	74
578	115	74
579	116	74
580	117	74
581	118	74
582	119	74
583	120	74
584	121	74
576	113	74
585	122	74
290	7	77
291	7	77
292	8	77
289	6	77
293	8	77
84	84	1
85	84	1
82	85	1
83	85	1
79	86	1
80	86	1
81	86	1
78	87	1
76	88	1
77	88	1
75	89	1
74	90	1
73	91	1
72	92	1
71	93	1
70	94	1
69	95	1
68	96	1
67	97	1
66	98	1
65	99	1
63	100	1
64	100	1
62	101	1
60	102	1
61	102	1
58	103	1
59	103	1
56	104	1
57	104	1
45	105	1
46	105	1
47	105	1
48	105	1
49	105	1
50	105	1
51	105	1
52	105	1
53	105	1
54	105	1
55	105	1
86	83	1
44	105	1
215	108	6
215	109	6
215	110	6
214	111	6
213	112	6
212	113	6
211	114	6
209	115	6
210	115	6
208	116	6
207	117	6
206	118	6
205	119	6
204	120	6
203	121	6
202	122	6
215	107	6
201	123	6
347	7	76
347	8	76
346	6	76
348	9	76
387	324	65
389	324	65
386	325	65
388	325	65
385	326	65
384	327	65
383	328	65
383	329	65
382	330	65
381	331	65
380	332	65
380	333	65
380	334	65
380	335	65
380	336	65
380	337	65
380	338	65
380	339	65
380	340	65
380	341	65
380	342	65
380	343	65
462	7	59
463	8	59
461	6	59
147	312	55
147	313	55
147	314	55
147	315	55
147	316	55
147	317	55
147	318	55
148	319	55
148	320	55
148	321	55
148	322	55
148	323	55
148	324	55
148	325	55
148	326	55
148	327	55
148	328	55
148	329	55
147	311	55
148	330	55
164	200	75
164	201	75
164	202	75
163	203	75
163	204	75
163	205	75
163	206	75
163	207	75
164	199	75
163	208	75
508	52	71
510	52	71
509	53	71
511	53	71
512	53	71
513	53	71
514	53	71
515	53	71
507	53	71
516	54	71
452	76	38
452	77	38
452	78	38
452	79	38
452	80	38
452	81	38
452	82	38
452	83	38
452	84	38
452	85	38
452	86	38
452	87	38
556	50	77
557	50	77
558	50	77
559	51	77
560	52	77
561	52	77
562	53	77
555	50	77
563	53	77
558	120	78
558	121	78
559	122	78
558	119	78
294	9	74
294	10	74
293	8	74
517	64	72
518	65	72
519	66	72
519	67	72
519	68	72
520	69	72
521	70	72
522	71	72
523	72	72
524	73	72
526	73	72
525	74	72
527	74	72
528	75	72
529	75	72
530	75	72
531	76	72
532	76	72
533	76	72
534	77	72
535	78	72
536	79	72
537	80	72
538	81	72
539	82	72
540	82	72
541	83	72
542	84	72
543	85	72
544	85	72
545	85	72
546	86	72
547	86	72
548	86	72
549	86	72
550	86	72
551	86	72
516	63	72
354	9	73
353	10	73
352	11	73
394	331	71
393	332	71
393	333	71
392	334	71
392	335	71
392	336	71
392	337	71
392	338	71
392	339	71
392	340	71
392	341	71
392	342	71
392	343	71
392	344	71
707	84	72
709	84	72
704	85	72
705	85	72
706	85	72
708	85	72
710	85	72
711	85	72
712	85	72
713	85	72
714	85	72
716	85	72
702	86	72
703	86	72
715	86	72
717	86	72
718	86	72
701	87	72
700	88	72
700	89	72
719	87	72
700	90	72
720	86	76
721	85	76
719	87	76
505	118	64
507	118	64
506	119	64
508	119	64
509	119	64
510	119	64
511	120	64
512	121	64
512	122	64
512	123	64
512	124	64
303	268	40
302	269	40
304	269	40
305	269	40
301	270	40
320	11	77
321	12	77
39	226	1
40	226	1
41	226	1
42	226	1
43	226	1
44	226	1
45	226	1
46	226	1
47	226	1
48	226	1
49	226	1
50	226	1
51	226	1
52	226	1
53	226	1
54	226	1
55	226	1
56	226	1
57	226	1
58	226	1
59	226	1
60	226	1
61	227	1
62	227	1
63	228	1
64	228	1
65	229	1
66	229	1
67	229	1
68	230	1
69	230	1
70	231	1
71	231	1
72	232	1
73	232	1
74	233	1
75	233	1
76	234	1
77	234	1
78	235	1
79	235	1
80	235	1
81	236	1
82	236	1
83	237	1
84	237	1
85	237	1
86	238	1
87	238	1
88	239	1
89	239	1
90	239	1
91	240	1
92	240	1
93	240	1
94	241	1
95	241	1
96	241	1
97	241	1
98	241	1
99	241	1
100	241	1
101	241	1
102	241	1
103	241	1
104	241	1
105	241	1
106	241	1
38	226	1
107	242	1
349	340	68
348	341	68
347	342	68
346	343	68
345	344	68
350	339	68
349	10	76
350	11	76
348	9	76
351	12	76
382	74	27
383	75	27
384	75	27
385	76	27
386	76	27
387	77	27
388	78	27
389	79	27
390	79	27
391	80	27
392	80	27
393	81	27
394	82	27
395	82	27
396	82	27
397	82	27
398	82	27
400	82	27
402	82	27
399	83	27
401	83	27
403	83	27
404	83	27
405	83	27
406	83	27
408	83	27
410	83	27
412	83	27
407	84	27
409	84	27
411	84	27
413	84	27
414	84	27
415	84	27
417	84	27
416	85	27
418	85	27
419	85	27
420	85	27
421	85	27
422	85	27
423	85	27
424	85	27
425	86	27
426	86	27
427	86	27
428	86	27
430	86	27
429	87	27
431	87	27
432	87	27
433	87	27
382	73	27
434	86	27
335	122	78
334	123	78
333	124	78
336	121	78
384	269	72
383	270	72
383	271	72
359	342	32
360	342	32
361	343	32
362	343	32
363	343	32
365	343	32
375	343	32
364	344	32
366	344	32
367	344	32
368	344	32
369	344	32
370	344	32
371	344	32
372	344	32
373	344	32
374	344	32
376	344	32
377	344	32
378	344	32
379	344	32
358	343	32
380	343	32
347	10	76
346	11	76
345	12	76
348	9	76
722	86	76
723	86	76
724	87	76
721	85	76
725	86	76
400	341	64
400	342	64
399	343	64
396	344	64
397	344	64
398	344	64
394	345	64
395	345	64
401	340	64
393	345	64
426	10	45
428	10	45
429	10	45
431	10	45
424	11	45
425	11	45
427	11	45
430	11	45
432	11	45
433	11	45
434	11	45
422	12	45
423	12	45
435	12	45
436	12	45
353	13	45
421	13	45
354	14	45
356	14	45
418	14	45
420	14	45
355	15	45
357	15	45
358	15	45
359	15	45
416	15	45
417	15	45
419	15	45
360	16	45
361	16	45
362	16	45
364	16	45
413	16	45
415	16	45
363	17	45
365	17	45
366	17	45
367	17	45
368	17	45
369	17	45
371	17	45
410	17	45
412	17	45
414	17	45
370	18	45
372	18	45
373	18	45
374	18	45
375	18	45
376	18	45
377	18	45
378	18	45
379	18	45
380	18	45
382	18	45
384	18	45
386	18	45
388	18	45
389	18	45
390	18	45
391	18	45
392	18	45
393	18	45
394	18	45
395	18	45
396	18	45
398	18	45
400	18	45
402	18	45
403	18	45
404	18	45
405	18	45
406	18	45
407	18	45
408	18	45
409	18	45
411	18	45
381	19	45
383	19	45
385	19	45
387	19	45
397	19	45
399	19	45
401	19	45
352	12	45
437	13	45
460	7	56
459	8	56
457	9	56
458	9	56
456	10	56
455	11	56
454	12	56
461	6	56
453	13	56
475	55	64
476	56	64
442	86	37
443	86	37
435	87	37
437	87	37
440	87	37
441	87	37
436	88	37
438	88	37
439	88	37
444	85	37
434	86	37
445	86	38
446	86	38
447	87	38
448	87	38
449	87	38
450	87	38
451	88	38
444	85	38
452	87	38
337	121	71
338	122	71
339	123	71
340	123	71
341	124	71
342	124	71
343	124	71
344	124	71
345	124	71
346	124	71
347	125	71
336	121	71
718	88	78
719	87	78
717	89	78
726	88	77
726	87	77
711	54	78
712	55	78
711	53	78
312	7	67
312	8	67
312	9	67
312	10	67
313	11	67
314	12	67
315	13	67
316	13	67
317	14	67
318	14	67
312	6	67
319	15	67
321	13	76
320	14	76
321	12	76
319	15	76
318	53	17
319	53	17
320	53	17
322	53	17
324	53	17
326	53	17
329	53	17
317	54	17
321	54	17
323	54	17
325	54	17
327	54	17
328	54	17
330	54	17
331	54	17
332	54	17
316	55	17
333	55	17
334	55	17
315	56	17
335	56	17
315	57	17
315	58	17
315	59	17
335	57	17
315	60	17
455	55	63
456	55	63
457	56	63
458	56	63
507	54	78
506	55	78
505	56	78
507	53	78
565	55	78
566	55	78
568	55	78
567	56	78
564	54	78
448	55	44
449	55	44
450	55	44
451	55	44
691	56	78
691	57	78
372	105	78
371	106	78
370	107	78
369	108	78
373	104	78
436	15	76
437	14	76
114	202	58
115	202	58
116	202	58
117	202	58
118	202	58
119	202	58
120	202	58
121	202	58
122	202	58
123	202	58
124	202	58
125	202	58
126	202	58
127	202	58
128	202	58
129	202	58
130	202	58
131	202	58
132	202	58
133	203	58
134	203	58
135	204	58
136	204	58
137	205	58
138	205	58
139	205	58
140	206	58
141	206	58
142	206	58
143	206	58
144	207	58
145	207	58
146	208	58
147	208	58
148	209	58
149	209	58
150	210	58
151	210	58
152	210	58
153	211	58
154	211	58
113	202	58
155	212	58
158	210	5
160	210	5
161	210	5
156	211	5
157	211	5
159	211	5
162	209	5
155	212	5
182	332	58
181	333	58
180	334	58
179	335	58
178	336	58
183	331	58
177	337	58
439	14	54
440	14	54
448	14	54
450	14	54
451	14	54
441	15	54
442	15	54
443	15	54
444	15	54
445	15	54
446	15	54
447	15	54
449	15	54
452	13	54
438	14	54
586	123	76
586	124	76
585	122	76
586	125	76
477	55	78
478	54	78
476	56	78
311	345	67
310	346	67
309	347	67
309	348	67
308	349	67
718	91	78
717	90	78
185	268	6
185	269	6
185	270	6
185	271	6
184	272	6
183	273	6
182	274	6
181	275	6
180	276	6
185	267	6
179	277	6
264	270	22
264	271	22
264	272	22
264	273	22
264	274	22
264	275	22
263	276	22
264	269	22
688	57	73
689	58	73
684	80	71
684	81	71
684	82	71
684	83	71
685	84	71
686	84	71
687	85	71
688	86	71
689	87	71
690	88	71
691	89	71
692	90	71
693	90	71
694	90	71
695	90	71
696	91	71
697	91	71
698	91	71
699	92	71
684	79	71
700	91	71
114	53	1
112	54	1
113	54	1
115	54	1
116	54	1
111	55	1
117	55	1
118	55	1
109	56	1
110	56	1
119	56	1
120	56	1
107	57	1
108	57	1
121	57	1
122	57	1
105	58	1
106	58	1
123	58	1
103	59	1
104	59	1
102	60	1
100	61	1
101	61	1
98	62	1
99	62	1
96	63	1
97	63	1
95	64	1
93	65	1
94	65	1
91	66	1
92	66	1
90	67	1
90	68	1
124	59	1
90	69	1
280	208	5
282	208	5
284	208	5
285	208	5
286	208	5
288	208	5
290	208	5
292	208	5
294	208	5
274	209	5
276	209	5
277	209	5
278	209	5
279	209	5
281	209	5
283	209	5
287	209	5
289	209	5
291	209	5
293	209	5
295	209	5
296	209	5
297	209	5
298	209	5
300	209	5
164	210	5
271	210	5
272	210	5
273	210	5
275	210	5
299	210	5
301	210	5
302	210	5
303	210	5
305	210	5
307	210	5
165	211	5
266	211	5
268	211	5
269	211	5
270	211	5
304	211	5
306	211	5
308	211	5
309	211	5
310	211	5
311	211	5
312	211	5
313	211	5
314	211	5
315	211	5
316	211	5
317	211	5
319	211	5
321	211	5
166	212	5
167	212	5
263	212	5
265	212	5
267	212	5
318	212	5
320	212	5
168	213	5
169	213	5
262	213	5
264	213	5
170	214	5
259	214	5
260	214	5
261	214	5
171	215	5
172	215	5
257	215	5
258	215	5
173	216	5
256	216	5
174	217	5
175	217	5
255	217	5
176	218	5
177	218	5
252	218	5
254	218	5
178	219	5
180	219	5
206	219	5
251	219	5
253	219	5
179	220	5
181	220	5
182	220	5
198	220	5
199	220	5
200	220	5
201	220	5
202	220	5
203	220	5
204	220	5
205	220	5
207	220	5
209	220	5
211	220	5
213	220	5
250	220	5
183	221	5
184	221	5
185	221	5
187	221	5
189	221	5
191	221	5
192	221	5
193	221	5
194	221	5
195	221	5
196	221	5
197	221	5
208	221	5
210	221	5
212	221	5
214	221	5
215	221	5
216	221	5
217	221	5
218	221	5
219	221	5
220	221	5
221	221	5
222	221	5
223	221	5
224	221	5
225	221	5
226	221	5
227	221	5
228	221	5
229	221	5
230	221	5
231	221	5
232	221	5
233	221	5
234	221	5
235	221	5
237	221	5
239	221	5
246	221	5
247	221	5
248	221	5
249	221	5
186	222	5
188	222	5
190	222	5
236	222	5
238	222	5
240	222	5
241	222	5
242	222	5
243	222	5
244	222	5
245	222	5
163	209	5
322	212	5
110	243	1
110	244	1
110	245	1
110	246	1
110	247	1
110	248	1
110	249	1
110	250	1
110	251	1
110	252	1
110	253	1
110	254	1
110	255	1
110	256	1
110	257	1
110	258	1
110	259	1
110	260	1
110	261	1
110	262	1
110	263	1
110	264	1
110	265	1
110	266	1
110	267	1
110	268	1
110	269	1
110	270	1
111	271	1
112	272	1
113	273	1
114	274	1
115	274	1
116	275	1
117	276	1
118	276	1
119	277	1
120	277	1
169	277	1
170	277	1
171	277	1
172	277	1
173	277	1
174	277	1
175	277	1
176	277	1
177	277	1
121	278	1
167	278	1
168	278	1
122	279	1
124	279	1
163	279	1
165	279	1
166	279	1
123	280	1
125	280	1
126	280	1
156	280	1
157	280	1
158	280	1
159	280	1
160	280	1
161	280	1
162	280	1
164	280	1
127	281	1
128	281	1
129	281	1
148	281	1
150	281	1
152	281	1
153	281	1
154	281	1
155	281	1
130	282	1
132	282	1
134	282	1
136	282	1
138	282	1
140	282	1
142	282	1
144	282	1
145	282	1
146	282	1
147	282	1
149	282	1
151	282	1
131	283	1
133	283	1
135	283	1
137	283	1
139	283	1
141	283	1
143	283	1
110	242	1
178	277	1
702	92	74
703	93	74
704	93	74
705	93	74
706	93	74
701	91	74
707	94	74
715	88	77
713	89	77
714	89	77
711	90	77
712	90	77
710	91	77
709	92	77
708	93	77
716	89	77
707	94	77
90	78	26
89	79	26
89	80	26
88	81	26
87	82	26
91	77	26
86	83	26
463	56	64
465	56	64
462	57	64
464	57	64
466	57	64
468	57	64
469	57	64
470	57	64
471	57	64
467	58	64
472	58	64
473	59	64
475	57	75
474	58	75
476	56	75
473	59	75
393	69	35
394	69	35
395	69	35
388	70	35
389	70	35
390	70	35
391	70	35
392	70	35
396	70	35
397	70	35
398	70	35
399	71	35
400	71	35
402	71	35
404	71	35
406	71	35
407	71	35
408	71	35
409	71	35
410	71	35
411	71	35
412	71	35
413	71	35
414	71	35
415	71	35
416	71	35
417	71	35
418	71	35
419	71	35
420	71	35
422	71	35
424	71	35
401	72	35
403	72	35
405	72	35
421	72	35
423	72	35
425	72	35
427	72	35
426	73	35
428	73	35
429	73	35
430	73	35
431	74	35
432	74	35
433	74	35
434	75	35
387	70	35
435	76	35
690	58	73
691	57	73
689	58	73
296	11	59
297	11	59
295	12	59
295	13	59
295	14	59
295	15	59
295	16	59
295	17	59
295	18	59
43	106	1
43	107	1
42	108	1
42	109	1
41	110	1
41	111	1
40	112	1
40	113	1
39	114	1
39	115	1
38	116	1
38	117	1
37	118	1
38	119	1
37	120	1
38	121	1
38	122	1
39	123	1
39	124	1
40	125	1
40	126	1
41	127	1
41	128	1
42	129	1
44	105	1
43	130	1
434	231	29
430	232	29
432	232	29
433	232	29
427	233	29
428	233	29
429	233	29
431	233	29
425	234	29
426	234	29
423	235	29
424	235	29
421	236	29
422	236	29
419	237	29
420	237	29
417	238	29
418	238	29
415	239	29
416	239	29
412	240	29
413	240	29
414	240	29
367	241	29
369	241	29
370	241	29
371	241	29
372	241	29
373	241	29
374	241	29
375	241	29
376	241	29
377	241	29
378	241	29
379	241	29
380	241	29
381	241	29
383	241	29
407	241	29
409	241	29
410	241	29
411	241	29
363	242	29
364	242	29
365	242	29
366	242	29
368	242	29
382	242	29
384	242	29
385	242	29
386	242	29
387	242	29
389	242	29
390	242	29
391	242	29
392	242	29
393	242	29
394	242	29
395	242	29
396	242	29
397	242	29
398	242	29
399	242	29
400	242	29
401	242	29
402	242	29
404	242	29
405	242	29
406	242	29
408	242	29
361	243	29
362	243	29
388	243	29
403	243	29
359	244	29
360	244	29
357	245	29
358	245	29
355	246	29
356	246	29
353	247	29
354	247	29
351	248	29
352	248	29
350	249	29
349	250	29
435	232	29
348	251	29
309	350	70
310	351	70
308	349	70
357	344	56
341	345	56
356	345	56
342	346	56
343	346	56
351	346	56
352	346	56
353	346	56
354	346	56
355	346	56
344	347	56
345	347	56
348	347	56
349	347	56
350	347	56
346	348	56
347	348	56
358	343	56
340	344	56
45	303	1
44	304	1
44	305	1
43	306	1
43	307	1
42	308	1
42	309	1
41	310	1
41	311	1
40	312	1
40	313	1
39	314	1
39	315	1
38	316	1
38	317	1
37	318	1
37	319	1
36	320	1
36	321	1
35	322	1
35	323	1
34	324	1
34	325	1
33	326	1
33	327	1
32	328	1
32	329	1
31	330	1
31	331	1
30	332	1
31	333	1
31	334	1
32	335	1
32	336	1
33	337	1
33	338	1
34	339	1
34	340	1
35	341	1
35	342	1
36	343	1
36	344	1
37	345	1
37	346	1
38	347	1
38	348	1
39	349	1
39	350	1
40	351	1
40	352	1
46	302	1
41	353	1
322	213	77
322	214	77
322	215	77
323	216	77
322	212	77
296	371	76
295	372	76
294	373	76
293	374	76
297	370	76
131	56	22
126	57	22
127	57	22
128	57	22
129	57	22
130	57	22
132	57	22
134	57	22
125	58	22
133	58	22
135	58	22
136	58	22
137	59	22
138	60	22
124	59	22
139	61	22
707	95	78
708	96	78
707	94	78
707	52	74
709	52	74
706	53	74
708	53	74
705	54	74
702	55	74
703	55	74
704	55	74
699	56	74
701	56	74
694	57	74
696	57	74
698	57	74
700	57	74
692	58	74
693	58	74
695	58	74
697	58	74
710	52	74
691	57	74
262	268	57
263	268	57
261	269	57
259	270	57
260	270	57
258	271	57
255	272	57
256	272	57
257	272	57
253	273	57
254	273	57
252	274	57
250	275	57
251	275	57
249	276	57
248	277	57
247	278	57
245	279	57
246	279	57
244	280	57
244	281	57
243	282	57
242	283	57
241	284	57
241	285	57
241	286	57
264	269	57
241	287	57
346	95	24
342	96	24
343	96	24
344	96	24
345	96	24
347	96	24
348	96	24
349	96	24
337	97	24
338	97	24
339	97	24
340	97	24
341	97	24
350	97	24
336	98	24
334	99	24
335	99	24
351	98	24
333	100	24
199	124	8
198	125	8
196	126	8
197	126	8
195	127	8
195	128	8
193	129	8
194	129	8
192	130	8
200	123	8
191	131	8
553	53	76
554	54	76
555	55	76
556	56	76
557	57	76
558	58	76
559	59	76
560	60	76
553	52	76
561	61	76
562	60	78
561	61	78
384	273	51
385	273	51
386	274	51
387	275	51
388	275	51
389	276	51
391	276	51
390	277	51
392	277	51
394	277	51
393	278	51
395	278	51
396	278	51
397	278	51
398	278	51
399	278	51
400	278	51
401	278	51
402	278	51
403	278	51
404	278	51
406	278	51
407	278	51
408	278	51
410	278	51
411	278	51
412	278	51
413	278	51
414	278	51
415	278	51
417	278	51
419	278	51
405	279	51
409	279	51
416	279	51
418	279	51
420	279	51
421	279	51
422	279	51
423	279	51
424	279	51
425	279	51
383	272	51
686	59	72
688	59	72
684	60	72
685	60	72
687	60	72
689	58	72
177	339	5
177	340	5
177	341	5
177	342	5
177	343	5
177	344	5
177	345	5
177	346	5
177	347	5
177	348	5
177	349	5
178	350	5
178	351	5
179	352	5
179	353	5
180	354	5
181	355	5
177	338	5
354	96	41
352	97	41
353	97	41
355	97	41
356	98	41
357	98	41
351	98	41
358	99	41
133	127	6
134	127	6
135	127	6
136	128	6
137	128	6
138	128	6
139	129	6
140	129	6
141	129	6
142	130	6
143	130	6
190	130	6
144	131	6
145	131	6
146	131	6
184	131	6
186	131	6
187	131	6
188	131	6
189	131	6
147	132	6
148	132	6
181	132	6
182	132	6
183	132	6
185	132	6
149	133	6
150	133	6
151	133	6
152	133	6
153	133	6
154	133	6
156	133	6
158	133	6
160	133	6
162	133	6
164	133	6
166	133	6
168	133	6
169	133	6
170	133	6
171	133	6
173	133	6
175	133	6
176	133	6
177	133	6
178	133	6
179	133	6
180	133	6
155	134	6
157	134	6
159	134	6
161	134	6
163	134	6
165	134	6
167	134	6
172	134	6
174	134	6
132	126	6
191	131	6
557	98	71
558	97	71
556	99	71
94	322	17
94	323	17
94	324	17
94	325	17
94	326	17
94	327	17
94	328	17
94	329	17
94	330	17
94	331	17
94	332	17
94	333	17
93	334	17
92	335	17
91	336	17
90	337	17
89	338	17
88	339	17
87	340	17
86	341	17
85	342	17
84	343	17
83	344	17
82	345	17
81	346	17
80	347	17
80	348	17
80	349	17
80	350	17
80	351	17
80	352	17
80	353	17
80	354	17
80	355	17
80	356	17
80	357	17
94	321	17
80	358	17
239	336	21
239	337	21
239	338	21
240	339	21
241	340	21
242	341	21
243	342	21
244	343	21
245	343	21
246	344	21
247	345	21
248	345	21
249	346	21
250	347	21
251	347	21
252	347	21
253	347	21
254	348	21
255	348	21
256	348	21
258	348	21
257	349	21
259	349	21
260	349	21
261	349	21
262	349	21
263	349	21
264	349	21
265	350	21
266	350	21
267	350	21
268	351	21
269	351	21
270	351	21
271	352	21
272	352	21
273	352	21
274	353	21
275	353	21
276	354	21
278	354	21
277	355	21
279	355	21
280	355	21
281	356	21
282	356	21
284	356	21
285	356	21
283	357	21
286	357	21
287	357	21
288	357	21
289	357	21
239	335	21
290	358	21
305	349	24
307	349	24
304	350	24
306	350	24
302	351	24
303	351	24
300	352	24
301	352	24
299	353	24
297	354	24
298	354	24
295	355	24
296	355	24
293	356	24
294	356	24
291	357	24
292	357	24
308	349	24
290	358	24
648	97	75
650	97	75
652	97	75
642	98	75
643	98	75
644	98	75
645	98	75
646	98	75
647	98	75
649	98	75
651	98	75
653	98	75
654	98	75
655	98	75
640	99	75
641	99	75
638	100	75
639	100	75
634	101	75
636	101	75
637	101	75
631	102	75
633	102	75
635	102	75
624	103	75
626	103	75
627	103	75
628	103	75
629	103	75
630	103	75
632	103	75
623	104	75
625	104	75
622	104	75
566	131	65
567	132	65
568	132	65
453	15	57
454	16	57
455	17	57
455	18	57
453	14	57
479	18	68
480	18	68
481	18	68
476	19	68
477	19	68
478	19	68
475	20	68
474	21	68
322	99	3
326	99	3
327	99	3
328	99	3
329	99	3
330	99	3
331	99	3
332	99	3
312	100	3
314	100	3
316	100	3
317	100	3
318	100	3
319	100	3
320	100	3
321	100	3
323	100	3
324	100	3
325	100	3
304	101	3
306	101	3
308	101	3
309	101	3
310	101	3
311	101	3
313	101	3
315	101	3
298	102	3
300	102	3
301	102	3
302	102	3
303	102	3
305	102	3
307	102	3
294	103	3
295	103	3
296	103	3
297	103	3
299	103	3
288	104	3
289	104	3
290	104	3
291	104	3
292	104	3
293	104	3
222	105	3
224	105	3
226	105	3
228	105	3
229	105	3
230	105	3
231	105	3
233	105	3
235	105	3
237	105	3
238	105	3
240	105	3
242	105	3
244	105	3
282	105	3
283	105	3
284	105	3
285	105	3
286	105	3
287	105	3
216	106	3
217	106	3
218	106	3
219	106	3
220	106	3
221	106	3
223	106	3
225	106	3
227	106	3
232	106	3
234	106	3
236	106	3
239	106	3
241	106	3
243	106	3
245	106	3
246	106	3
247	106	3
249	106	3
251	106	3
253	106	3
255	106	3
275	106	3
276	106	3
277	106	3
278	106	3
279	106	3
280	106	3
281	106	3
248	107	3
250	107	3
252	107	3
254	107	3
256	107	3
257	107	3
258	107	3
260	107	3
262	107	3
264	107	3
266	107	3
268	107	3
270	107	3
271	107	3
272	107	3
273	107	3
274	107	3
259	108	3
261	108	3
263	108	3
265	108	3
267	108	3
269	108	3
333	100	3
215	107	3
110	200	77
111	201	77
109	199	77
112	202	77
508	59	61
506	60	61
507	60	61
509	60	61
510	60	61
511	60	61
512	60	61
505	61	61
513	61	61
514	61	61
504	62	61
515	62	61
503	63	61
503	64	61
516	63	61
503	65	61
516	55	72
516	56	72
517	57	72
517	58	72
518	59	72
517	60	72
517	61	72
517	62	72
516	54	72
516	63	72
562	62	78
561	61	78
435	282	63
436	282	63
437	283	63
297	19	42
298	19	42
296	19	42
299	20	42
302	17	78
301	18	78
300	19	78
299	20	78
81	359	75
82	359	75
83	360	75
84	360	75
80	358	75
85	361	75
453	88	35
454	88	35
455	89	35
456	89	35
457	90	35
458	90	35
459	90	35
461	90	35
460	91	35
462	91	35
463	92	35
464	92	35
465	92	35
466	93	35
467	93	35
469	93	35
468	94	35
470	94	35
471	95	35
472	95	35
473	95	35
474	95	35
475	96	35
476	96	35
477	96	35
478	97	35
480	97	35
479	98	35
481	98	35
482	98	35
554	98	35
483	99	35
484	99	35
485	99	35
548	99	35
550	99	35
551	99	35
552	99	35
553	99	35
486	100	35
488	100	35
545	100	35
546	100	35
547	100	35
549	100	35
487	101	35
489	101	35
490	101	35
491	101	35
492	101	35
527	101	35
529	101	35
531	101	35
532	101	35
534	101	35
536	101	35
538	101	35
540	101	35
541	101	35
542	101	35
543	101	35
544	101	35
493	102	35
494	102	35
495	102	35
497	102	35
516	102	35
518	102	35
519	102	35
520	102	35
521	102	35
522	102	35
523	102	35
524	102	35
525	102	35
526	102	35
528	102	35
530	102	35
533	102	35
535	102	35
537	102	35
539	102	35
496	103	35
498	103	35
499	103	35
500	103	35
501	103	35
502	103	35
503	103	35
505	103	35
507	103	35
509	103	35
510	103	35
511	103	35
512	103	35
513	103	35
514	103	35
515	103	35
517	103	35
504	104	35
506	104	35
508	104	35
452	87	35
555	99	35
376	198	76
376	199	76
376	200	76
376	201	76
376	202	76
140	60	1
142	60	1
141	61	1
143	61	1
313	61	1
314	61	1
144	62	1
145	62	1
146	62	1
147	62	1
148	62	1
149	62	1
151	62	1
311	62	1
312	62	1
150	63	1
152	63	1
153	63	1
154	63	1
220	63	1
222	63	1
224	63	1
226	63	1
228	63	1
307	63	1
308	63	1
309	63	1
310	63	1
155	64	1
156	64	1
158	64	1
206	64	1
208	64	1
210	64	1
212	64	1
214	64	1
215	64	1
216	64	1
217	64	1
218	64	1
219	64	1
221	64	1
223	64	1
225	64	1
227	64	1
229	64	1
230	64	1
231	64	1
232	64	1
233	64	1
234	64	1
235	64	1
236	64	1
237	64	1
238	64	1
239	64	1
241	64	1
243	64	1
245	64	1
247	64	1
249	64	1
251	64	1
305	64	1
306	64	1
157	65	1
159	65	1
160	65	1
162	65	1
201	65	1
203	65	1
204	65	1
205	65	1
207	65	1
209	65	1
211	65	1
213	65	1
240	65	1
242	65	1
244	65	1
246	65	1
248	65	1
250	65	1
252	65	1
253	65	1
254	65	1
255	65	1
256	65	1
257	65	1
258	65	1
259	65	1
260	65	1
261	65	1
262	65	1
263	65	1
264	65	1
265	65	1
266	65	1
267	65	1
269	65	1
270	65	1
302	65	1
304	65	1
161	66	1
163	66	1
164	66	1
166	66	1
168	66	1
192	66	1
194	66	1
195	66	1
196	66	1
197	66	1
198	66	1
199	66	1
200	66	1
202	66	1
268	66	1
271	66	1
272	66	1
273	66	1
274	66	1
276	66	1
300	66	1
301	66	1
303	66	1
165	67	1
167	67	1
169	67	1
170	67	1
171	67	1
172	67	1
174	67	1
176	67	1
178	67	1
180	67	1
182	67	1
184	67	1
185	67	1
186	67	1
187	67	1
188	67	1
189	67	1
190	67	1
191	67	1
193	67	1
275	67	1
277	67	1
278	67	1
279	67	1
280	67	1
282	67	1
299	67	1
173	68	1
175	68	1
177	68	1
179	68	1
181	68	1
183	68	1
281	68	1
283	68	1
284	68	1
285	68	1
286	68	1
288	68	1
289	68	1
291	68	1
293	68	1
294	68	1
296	68	1
297	68	1
298	68	1
287	69	1
290	69	1
292	69	1
295	69	1
315	60	1
139	61	1
435	284	76
436	284	76
437	283	76
238	149	78
237	150	78
236	151	78
235	152	78
239	148	78
683	62	71
681	63	71
682	63	71
438	284	66
439	284	66
440	284	66
441	284	66
442	285	66
437	283	66
443	286	66
450	284	72
449	285	72
448	286	72
244	175	6
245	175	6
240	176	6
242	176	6
243	176	6
233	177	6
235	177	6
236	177	6
237	177	6
238	177	6
239	177	6
241	177	6
225	178	6
227	178	6
229	178	6
230	178	6
231	178	6
232	178	6
234	178	6
220	179	6
222	179	6
224	179	6
226	179	6
228	179	6
219	180	6
221	180	6
223	180	6
215	181	6
216	181	6
217	181	6
218	181	6
212	182	6
214	182	6
210	183	6
211	183	6
213	183	6
209	184	6
207	185	6
208	185	6
205	186	6
206	186	6
204	187	6
202	188	6
203	188	6
246	175	6
201	189	6
560	99	78
561	100	78
559	98	78
112	204	5
112	205	5
112	206	5
112	207	5
112	208	5
112	209	5
112	210	5
112	211	5
112	212	5
112	213	5
112	214	5
112	215	5
112	216	5
112	217	5
112	218	5
112	219	5
112	220	5
112	221	5
112	222	5
112	223	5
112	224	5
112	203	5
112	225	5
444	285	68
445	286	68
443	286	68
446	287	68
43	189	1
42	190	1
42	191	1
41	192	1
41	193	1
40	194	1
40	195	1
39	196	1
39	197	1
38	198	1
38	199	1
37	200	1
37	201	1
36	202	1
36	203	1
35	204	1
35	205	1
34	206	1
34	207	1
33	208	1
33	209	1
32	210	1
32	211	1
31	212	1
32	213	1
31	214	1
32	215	1
32	216	1
33	217	1
33	218	1
34	219	1
34	220	1
35	221	1
35	222	1
36	223	1
36	224	1
37	225	1
44	188	1
38	226	1
450	215	59
448	216	59
449	216	59
447	217	59
446	218	59
445	219	59
446	220	59
445	221	59
445	222	59
444	223	59
444	224	59
444	225	59
444	226	59
268	15	11
270	15	11
272	15	11
274	15	11
267	16	11
269	16	11
271	16	11
273	16	11
275	16	11
276	16	11
277	17	11
278	17	11
279	18	11
280	18	11
281	19	11
282	19	11
283	20	11
284	20	11
285	21	11
286	21	11
266	17	11
287	22	11
125	335	28
125	336	28
125	337	28
125	338	28
125	339	28
125	340	28
125	341	28
125	342	28
125	343	28
125	344	28
125	345	28
125	346	28
125	347	28
124	348	28
123	349	28
122	350	28
121	351	28
120	352	28
119	353	28
118	354	28
117	355	28
116	356	28
115	357	28
114	358	28
113	359	28
112	360	28
111	361	28
110	362	28
108	363	28
109	363	28
125	334	28
107	364	28
659	52	71
660	53	71
659	54	71
660	55	71
660	56	71
43	355	48
44	355	48
45	356	48
46	356	48
47	357	48
48	357	48
49	358	48
50	358	48
51	359	48
52	359	48
78	359	48
79	359	48
53	360	48
54	360	48
76	360	48
77	360	48
55	361	48
56	361	48
74	361	48
75	361	48
57	362	48
58	362	48
72	362	48
73	362	48
59	363	48
60	363	48
70	363	48
71	363	48
61	364	48
62	364	48
64	364	48
66	364	48
67	364	48
68	364	48
69	364	48
63	365	48
65	365	48
42	354	48
80	358	48
87	84	1
87	85	1
88	86	1
88	87	1
88	88	1
89	89	1
90	90	1
90	91	1
90	92	1
91	93	1
91	94	1
92	95	1
93	96	1
93	97	1
94	98	1
95	99	1
96	100	1
97	101	1
98	102	1
99	103	1
100	104	1
101	105	1
102	106	1
103	107	1
104	108	1
105	109	1
106	110	1
107	111	1
108	112	1
109	113	1
110	114	1
111	115	1
112	116	1
113	117	1
114	118	1
115	119	1
116	120	1
116	121	1
116	122	1
116	123	1
116	124	1
116	125	1
86	83	1
116	126	1
274	39	62
275	40	62
276	40	62
277	41	62
277	42	62
278	43	62
278	44	62
279	45	62
279	46	62
280	47	62
281	47	62
282	48	62
283	49	62
283	50	62
284	51	62
285	52	62
286	53	62
286	54	62
287	55	62
288	55	62
289	56	62
290	57	62
291	58	62
292	58	62
293	59	62
294	60	62
294	61	62
295	62	62
296	63	62
297	64	62
274	38	62
358	101	77
358	102	77
358	103	77
358	104	77
358	105	77
357	106	77
356	107	77
355	108	77
354	109	77
352	110	77
353	110	77
358	100	77
351	110	77
115	127	21
114	128	21
112	129	21
113	129	21
44	130	21
45	130	21
46	130	21
47	130	21
48	130	21
49	130	21
50	130	21
51	130	21
52	130	21
53	130	21
54	130	21
55	130	21
56	130	21
57	130	21
58	130	21
59	130	21
60	130	21
61	130	21
110	130	21
111	130	21
62	131	21
63	131	21
108	131	21
109	131	21
64	132	21
65	132	21
66	132	21
106	132	21
107	132	21
67	133	21
68	133	21
104	133	21
105	133	21
69	134	21
70	134	21
102	134	21
103	134	21
71	135	21
72	135	21
100	135	21
101	135	21
73	136	21
74	136	21
76	136	21
82	136	21
84	136	21
98	136	21
99	136	21
75	137	21
77	137	21
78	137	21
79	137	21
80	137	21
81	137	21
83	137	21
85	137	21
86	137	21
87	137	21
88	137	21
89	137	21
90	137	21
92	137	21
94	137	21
96	137	21
97	137	21
91	138	21
93	138	21
95	138	21
116	126	21
43	130	21
195	268	6
195	269	6
195	270	6
196	271	6
197	272	6
197	273	6
197	274	6
198	275	6
199	276	6
200	277	6
200	278	6
201	279	6
202	280	6
203	281	6
204	281	6
205	282	6
206	283	6
207	284	6
208	284	6
209	285	6
210	286	6
211	286	6
212	287	6
213	287	6
214	288	6
237	288	6
238	288	6
215	289	6
216	289	6
235	289	6
236	289	6
239	289	6
217	290	6
218	290	6
220	290	6
222	290	6
224	290	6
229	290	6
231	290	6
232	290	6
233	290	6
234	290	6
219	291	6
221	291	6
223	291	6
225	291	6
226	291	6
227	291	6
228	291	6
230	291	6
195	267	6
240	288	6
375	103	31
376	104	31
378	104	31
377	105	31
379	105	31
380	105	31
381	105	31
382	105	31
383	105	31
384	105	31
385	105	31
386	106	31
387	106	31
388	106	31
390	106	31
395	106	31
397	106	31
399	106	31
401	106	31
403	106	31
405	106	31
407	106	31
409	106	31
411	106	31
389	107	31
391	107	31
392	107	31
393	107	31
394	107	31
396	107	31
398	107	31
400	107	31
402	107	31
404	107	31
406	107	31
408	107	31
410	107	31
412	107	31
413	107	31
414	107	31
416	107	31
418	107	31
420	107	31
415	108	31
417	108	31
419	108	31
421	108	31
423	108	31
422	109	31
424	109	31
426	109	31
428	109	31
425	110	31
427	110	31
429	110	31
431	110	31
430	111	31
432	111	31
433	111	31
434	111	31
435	112	31
437	112	31
436	113	31
438	113	31
440	113	31
439	114	31
441	114	31
443	114	31
442	115	31
444	115	31
445	116	31
446	116	31
447	117	31
448	117	31
449	117	31
450	118	31
451	119	31
452	119	31
453	119	31
454	120	31
455	121	31
456	121	31
458	121	31
457	122	31
459	122	31
461	122	31
460	123	31
462	123	31
464	123	31
466	123	31
463	124	31
465	124	31
467	124	31
469	124	31
471	124	31
468	125	31
470	125	31
472	125	31
474	125	31
476	125	31
478	125	31
480	125	31
482	125	31
484	125	31
486	125	31
488	125	31
490	125	31
491	125	31
492	125	31
493	125	31
494	125	31
495	125	31
496	125	31
497	125	31
498	125	31
499	125	31
500	125	31
501	125	31
502	125	31
503	125	31
504	125	31
506	125	31
509	125	31
510	125	31
511	125	31
473	126	31
475	126	31
477	126	31
479	126	31
481	126	31
483	126	31
485	126	31
487	126	31
489	126	31
505	126	31
507	126	31
508	126	31
374	103	31
512	124	31
337	57	27
338	57	27
339	58	27
340	59	27
341	60	27
342	61	27
342	62	27
342	63	27
342	64	27
336	58	27
342	65	27
290	131	78
291	132	78
292	133	78
293	134	78
294	135	78
295	136	78
296	137	78
297	138	78
298	139	78
266	18	78
266	19	78
266	20	78
266	21	78
266	22	78
266	17	78
580	101	71
581	102	71
293	20	19
294	20	19
291	21	19
292	21	19
289	22	19
290	22	19
295	19	19
288	23	19
300	21	76
301	22	76
299	20	76
302	23	76
304	22	73
303	23	73
300	139	62
299	140	62
301	138	62
298	139	62
154	213	1
152	214	1
153	214	1
150	215	1
151	215	1
148	216	1
149	216	1
146	217	1
147	217	1
144	218	1
145	218	1
143	219	1
142	220	1
140	221	1
141	221	1
139	222	1
137	223	1
138	223	1
135	224	1
136	224	1
133	225	1
134	225	1
114	226	1
115	226	1
116	226	1
117	226	1
118	226	1
119	226	1
120	226	1
121	226	1
122	226	1
123	226	1
124	226	1
125	226	1
126	226	1
127	226	1
128	226	1
129	226	1
130	226	1
131	226	1
132	226	1
155	212	1
113	226	1
226	139	77
227	140	77
228	141	77
229	142	77
701	40	78
702	41	78
348	252	37
348	253	37
348	254	37
348	255	37
348	256	37
349	257	37
349	258	37
350	259	37
350	260	37
351	261	37
352	262	37
353	263	37
353	264	37
354	265	37
354	266	37
355	267	37
356	268	37
357	269	37
358	269	37
359	270	37
360	270	37
361	270	37
363	270	37
362	271	37
364	271	37
365	271	37
366	271	37
368	271	37
370	271	37
372	271	37
373	271	37
367	272	37
369	272	37
371	272	37
374	272	37
375	272	37
376	272	37
377	272	37
378	272	37
380	272	37
381	272	37
379	273	37
348	251	37
382	272	37
445	288	77
444	289	77
443	290	77
446	287	77
593	100	72
594	100	72
595	100	72
597	100	72
599	100	72
601	100	72
583	101	72
585	101	72
586	101	72
587	101	72
588	101	72
589	101	72
590	101	72
591	101	72
592	101	72
596	101	72
598	101	72
600	101	72
602	101	72
604	101	72
605	101	72
606	101	72
607	101	72
608	101	72
609	101	72
610	101	72
582	102	72
584	102	72
603	102	72
581	102	72
611	102	72
612	101	78
613	101	78
611	102	78
614	102	78
231	142	9
232	142	9
234	142	9
230	143	9
233	143	9
235	143	9
229	142	9
236	144	9
467	361	67
465	362	67
466	362	67
464	363	67
464	364	67
463	365	67
462	366	67
461	367	67
459	368	67
460	368	67
458	369	67
237	143	59
236	144	59
132	338	22
132	339	22
132	340	22
132	341	22
132	342	22
132	343	22
132	344	22
132	345	22
132	346	22
132	347	22
132	348	22
132	349	22
133	350	22
134	351	22
135	352	22
136	353	22
136	354	22
137	355	22
138	355	22
139	356	22
140	357	22
141	358	22
142	359	22
143	360	22
144	361	22
145	362	22
146	362	22
147	363	22
148	364	22
149	365	22
150	366	22
151	367	22
152	368	22
153	368	22
154	369	22
154	370	22
154	371	22
154	372	22
132	337	22
154	373	22
293	368	78
292	369	78
291	370	78
290	371	78
289	372	78
294	368	78
336	59	78
335	60	78
335	61	78
335	62	78
335	63	78
335	64	78
335	65	78
336	58	78
335	66	78
237	145	76
238	146	76
239	147	76
236	144	76
239	148	76
442	227	53
443	227	53
440	228	53
441	228	53
438	229	53
439	229	53
437	230	53
436	231	53
444	226	53
435	232	53
277	284	13
277	285	13
276	286	13
276	287	13
275	288	13
275	289	13
275	290	13
274	291	13
273	292	13
273	293	13
447	289	77
447	290	77
446	291	77
445	292	77
447	288	77
381	344	46
382	344	46
383	345	46
384	345	46
385	346	46
386	346	46
388	346	46
390	346	46
387	347	46
389	347	46
380	343	46
391	346	46
475	258	76
477	258	76
479	258	76
476	259	76
478	259	76
480	259	76
481	260	76
286	24	78
287	23	78
285	25	78
191	132	44
192	133	44
193	134	44
193	135	44
193	136	44
193	137	44
194	138	44
194	139	44
194	140	44
195	141	44
195	142	44
196	143	44
197	144	44
198	145	44
199	146	44
200	147	44
201	148	44
202	148	44
214	148	44
203	149	44
204	149	44
205	149	44
206	149	44
207	149	44
208	149	44
210	149	44
212	149	44
213	149	44
215	149	44
216	149	44
217	149	44
209	150	44
211	150	44
191	131	44
218	150	44
227	143	53
228	143	53
225	144	53
226	144	53
224	145	53
222	146	53
223	146	53
221	147	53
220	148	53
219	149	53
229	142	53
218	150	53
240	149	78
239	148	78
241	150	78
82	17	1
84	17	1
86	17	1
88	17	1
90	17	1
92	17	1
94	17	1
96	17	1
98	17	1
100	17	1
102	17	1
104	17	1
106	17	1
108	17	1
110	17	1
112	17	1
78	18	1
79	18	1
80	18	1
81	18	1
83	18	1
85	18	1
87	18	1
89	18	1
91	18	1
93	18	1
95	18	1
97	18	1
99	18	1
101	18	1
103	18	1
105	18	1
107	18	1
109	18	1
111	18	1
113	18	1
114	18	1
115	18	1
76	19	1
77	19	1
116	19	1
117	19	1
74	20	1
75	20	1
118	20	1
119	20	1
120	20	1
121	20	1
123	20	1
125	20	1
72	21	1
73	21	1
122	21	1
124	21	1
126	21	1
127	21	1
128	21	1
129	21	1
130	21	1
132	21	1
70	22	1
71	22	1
131	22	1
133	22	1
134	22	1
135	22	1
136	22	1
138	22	1
140	22	1
68	23	1
69	23	1
137	23	1
139	23	1
141	23	1
142	23	1
143	23	1
144	23	1
146	23	1
154	23	1
155	23	1
66	24	1
67	24	1
145	24	1
147	24	1
148	24	1
149	24	1
150	24	1
152	24	1
153	24	1
64	25	1
65	25	1
151	25	1
62	26	1
63	26	1
60	27	1
61	27	1
58	28	1
59	28	1
56	29	1
57	29	1
54	30	1
55	30	1
52	31	1
53	31	1
50	32	1
51	32	1
48	33	1
49	33	1
46	34	1
47	34	1
44	35	1
45	35	1
42	36	1
43	36	1
40	37	1
41	37	1
156	22	1
39	38	1
445	227	69
446	228	69
447	229	69
448	229	69
449	230	69
450	231	69
452	231	69
451	232	69
453	232	69
454	233	69
455	233	69
456	233	69
457	234	69
444	226	69
458	235	69
297	140	26
296	141	26
295	142	26
294	143	26
293	144	26
292	145	26
291	146	26
290	147	26
289	148	26
288	149	26
287	150	26
285	151	26
286	151	26
298	139	26
284	152	26
587	126	76
587	127	76
587	128	76
587	129	76
586	130	76
587	131	76
588	132	76
589	133	76
590	133	76
591	134	76
586	125	76
340	66	28
341	66	28
342	65	28
339	67	28
298	371	68
299	372	68
300	372	68
301	373	68
302	374	68
303	375	68
304	375	68
297	370	68
305	376	68
280	152	8
281	152	8
282	152	8
278	153	8
279	153	8
273	154	8
275	154	8
276	154	8
277	154	8
271	155	8
272	155	8
274	155	8
270	156	8
266	157	8
268	157	8
269	157	8
265	158	8
267	158	8
264	159	8
262	160	8
263	160	8
261	161	8
260	162	8
259	163	8
258	164	8
256	165	8
257	165	8
255	166	8
254	167	8
253	168	8
252	169	8
250	170	8
251	170	8
249	171	8
248	172	8
248	173	8
247	174	8
283	152	8
246	175	8
309	373	49
308	374	49
306	375	49
307	375	49
305	376	49
37	259	1
36	260	1
36	261	1
35	262	1
35	263	1
34	264	1
34	265	1
33	266	1
33	267	1
32	268	1
32	269	1
31	270	1
31	271	1
30	272	1
31	273	1
31	274	1
32	275	1
32	276	1
33	277	1
33	278	1
34	279	1
34	280	1
35	281	1
35	282	1
36	283	1
36	284	1
37	285	1
37	286	1
38	287	1
38	288	1
39	289	1
39	290	1
40	291	1
40	292	1
41	293	1
41	294	1
42	295	1
42	296	1
43	297	1
43	298	1
44	299	1
44	300	1
45	301	1
38	258	1
46	302	1
240	151	78
239	152	78
238	153	78
237	154	78
241	150	78
335	119	77
335	120	77
335	118	77
336	121	77
339	335	78
339	336	78
339	337	78
339	338	78
339	339	78
339	340	78
339	334	78
265	16	8
263	17	8
264	17	8
261	18	8
262	18	8
259	19	8
260	19	8
258	20	8
256	21	8
257	21	8
254	22	8
255	22	8
253	23	8
252	24	8
252	25	8
252	26	8
266	17	8
252	27	8
242	150	52
243	151	52
244	152	52
245	153	52
246	154	52
247	155	52
248	156	52
241	150	52
306	377	77
307	378	77
305	376	77
611	103	78
611	102	78
612	104	78
613	103	78
614	102	78
612	104	78
616	101	75
618	101	75
615	102	75
617	102	75
619	102	75
620	102	75
621	103	75
614	102	75
622	104	75
333	66	46
334	67	46
332	65	46
335	66	46
336	67	27
337	67	27
335	66	27
338	67	27
164	302	1
162	303	1
163	303	1
165	303	1
166	303	1
167	303	1
158	304	1
159	304	1
160	304	1
161	304	1
155	305	1
157	305	1
154	306	1
156	306	1
152	307	1
153	307	1
150	308	1
151	308	1
149	309	1
148	310	1
168	303	1
147	311	1
291	359	66
291	360	66
291	361	66
292	362	66
292	363	66
293	364	66
294	365	66
294	366	66
290	358	66
295	367	66
107	365	36
108	366	36
109	366	36
110	367	36
110	368	36
111	369	36
112	369	36
113	370	36
114	371	36
115	372	36
116	373	36
117	374	36
118	375	36
119	376	36
120	377	36
121	378	36
122	379	36
123	380	36
124	381	36
107	364	36
124	382	36
138	158	29
139	158	29
137	159	29
140	159	29
136	160	29
136	161	29
135	162	29
134	163	29
134	164	29
133	165	29
133	166	29
133	167	29
133	168	29
133	169	29
133	170	29
133	171	29
133	172	29
133	173	29
133	174	29
133	175	29
391	36	65
391	37	65
390	38	65
389	39	65
387	40	65
388	40	65
371	41	65
373	41	65
374	41	65
375	41	65
376	41	65
377	41	65
378	41	65
379	41	65
381	41	65
382	41	65
383	41	65
384	41	65
385	41	65
386	41	65
370	42	65
372	42	65
380	42	65
391	35	65
369	41	65
301	25	51
287	26	51
288	26	51
289	26	51
290	26	51
291	26	51
292	26	51
293	26	51
300	26	51
294	27	51
295	27	51
296	27	51
297	27	51
298	27	51
299	27	51
302	24	51
286	26	51
151	7	59
152	8	59
153	9	59
154	10	59
155	11	59
156	12	59
156	13	59
156	14	59
156	15	59
156	16	59
156	17	59
156	18	59
156	19	59
156	20	59
156	21	59
150	6	59
156	22	59
207	21	1
210	21	1
212	21	1
214	21	1
215	21	1
216	21	1
203	22	1
205	22	1
206	22	1
208	22	1
209	22	1
211	22	1
213	22	1
217	22	1
218	22	1
219	22	1
221	22	1
157	23	1
158	23	1
192	23	1
194	23	1
196	23	1
197	23	1
198	23	1
199	23	1
200	23	1
201	23	1
202	23	1
204	23	1
220	23	1
222	23	1
224	23	1
226	23	1
228	23	1
159	24	1
160	24	1
162	24	1
164	24	1
187	24	1
189	24	1
190	24	1
191	24	1
193	24	1
195	24	1
223	24	1
225	24	1
227	24	1
229	24	1
230	24	1
231	24	1
233	24	1
161	25	1
163	25	1
165	25	1
166	25	1
167	25	1
168	25	1
169	25	1
170	25	1
172	25	1
174	25	1
176	25	1
178	25	1
179	25	1
180	25	1
181	25	1
182	25	1
183	25	1
184	25	1
185	25	1
186	25	1
188	25	1
232	25	1
234	25	1
235	25	1
236	25	1
237	25	1
238	25	1
240	25	1
242	25	1
171	26	1
173	26	1
175	26	1
177	26	1
239	26	1
241	26	1
243	26	1
244	26	1
245	26	1
247	26	1
249	26	1
246	27	1
248	27	1
250	27	1
251	28	1
156	22	1
252	27	1
274	294	13
275	294	13
276	295	13
277	295	13
278	296	13
279	296	13
280	297	13
281	298	13
282	299	13
283	300	13
284	301	13
285	301	13
286	302	13
287	303	13
287	304	13
273	293	13
288	305	13
676	76	70
677	76	70
675	75	70
678	75	70
218	151	56
218	152	56
218	153	56
219	154	56
219	155	56
220	156	56
220	157	56
220	158	56
221	159	56
221	160	56
222	161	56
218	150	56
474	60	67
475	61	67
476	62	67
477	63	67
478	64	67
479	65	67
480	65	67
501	65	67
481	66	67
496	66	67
499	66	67
500	66	67
482	67	67
483	67	67
484	67	67
485	67	67
486	67	67
487	67	67
488	67	67
489	67	67
490	67	67
491	67	67
492	67	67
493	67	67
494	67	67
495	67	67
497	67	67
498	67	67
473	59	67
502	66	67
435	233	54
435	234	54
435	235	54
435	236	54
435	237	54
435	238	54
435	232	54
244	289	13
245	289	13
246	289	13
247	290	13
248	290	13
262	290	13
249	291	13
250	291	13
251	291	13
257	291	13
260	291	13
261	291	13
263	291	13
265	291	13
252	292	13
253	292	13
254	292	13
255	292	13
256	292	13
258	292	13
259	292	13
264	292	13
266	292	13
267	292	13
268	293	13
269	293	13
270	293	13
271	294	13
272	294	13
243	289	13
273	293	13
346	24	44
346	25	44
346	26	44
346	27	44
346	28	44
346	29	44
346	30	44
179	279	6
179	280	6
179	281	6
179	282	6
179	283	6
179	284	6
179	285	6
179	286	6
179	287	6
179	288	6
178	289	6
177	290	6
176	291	6
175	292	6
174	293	6
173	294	6
173	295	6
172	296	6
172	297	6
171	298	6
171	299	6
170	300	6
169	301	6
169	302	6
179	278	6
168	303	6
111	227	1
111	228	1
110	229	1
109	230	1
109	231	1
109	232	1
109	233	1
109	234	1
109	235	1
109	236	1
109	237	1
109	238	1
109	239	1
112	226	1
109	240	1
101	248	1
101	249	1
101	250	1
101	251	1
101	252	1
101	253	1
101	254	1
101	255	1
101	256	1
101	257	1
101	258	1
101	259	1
101	260	1
101	261	1
101	262	1
101	263	1
101	264	1
101	265	1
101	266	1
101	267	1
101	268	1
100	269	1
99	270	1
98	271	1
97	272	1
96	273	1
95	274	1
94	275	1
93	276	1
92	277	1
91	278	1
90	279	1
89	280	1
88	281	1
87	282	1
85	283	1
86	283	1
84	284	1
84	285	1
83	286	1
82	287	1
82	288	1
82	289	1
82	290	1
82	291	1
82	292	1
82	293	1
82	294	1
82	295	1
82	296	1
82	297	1
82	298	1
82	299	1
82	300	1
82	301	1
82	302	1
82	303	1
82	304	1
82	305	1
82	306	1
101	247	1
82	307	1
242	291	64
242	292	64
242	293	64
242	294	64
242	295	64
242	296	64
242	297	64
242	298	64
242	299	64
242	300	64
242	301	64
241	302	64
242	290	64
278	235	5
279	235	5
280	235	5
281	235	5
282	235	5
283	235	5
284	235	5
285	235	5
286	235	5
287	235	5
275	236	5
277	236	5
288	236	5
272	237	5
273	237	5
274	237	5
276	237	5
289	237	5
290	237	5
291	237	5
268	238	5
269	238	5
270	238	5
271	238	5
292	238	5
293	238	5
265	239	5
267	239	5
294	239	5
263	240	5
264	240	5
266	240	5
260	241	5
261	241	5
262	241	5
258	242	5
259	242	5
256	243	5
257	243	5
252	244	5
253	244	5
254	244	5
255	244	5
251	245	5
247	246	5
249	246	5
250	246	5
245	247	5
246	247	5
248	247	5
233	248	5
235	248	5
239	248	5
240	248	5
241	248	5
242	248	5
243	248	5
244	248	5
232	249	5
234	249	5
236	249	5
237	249	5
238	249	5
295	240	5
231	248	5
556	101	77
557	102	77
558	103	77
559	104	77
556	100	77
580	103	71
579	104	71
581	102	71
578	105	71
286	307	78
287	306	78
343	31	25
344	31	25
345	31	25
346	30	25
342	32	25
125	383	1
126	383	1
127	383	1
128	383	1
130	383	1
132	383	1
134	383	1
129	384	1
131	384	1
133	384	1
124	382	1
135	384	1
288	307	78
288	308	78
287	306	78
155	104	4
157	104	4
159	104	4
161	104	4
149	105	4
150	105	4
151	105	4
152	105	4
153	105	4
154	105	4
156	105	4
158	105	4
160	105	4
147	106	4
148	106	4
146	107	4
144	108	4
145	108	4
142	109	4
143	109	4
141	110	4
139	111	4
140	111	4
138	112	4
137	113	4
136	114	4
135	115	4
134	116	4
134	117	4
133	118	4
132	119	4
132	120	4
132	121	4
132	122	4
132	123	4
132	124	4
132	125	4
162	105	4
132	126	4
400	336	78
400	337	78
400	338	78
400	339	78
401	340	78
87	361	37
88	361	37
89	361	37
90	361	37
91	361	37
92	361	37
93	361	37
94	361	37
95	361	37
96	361	37
97	361	37
98	361	37
99	361	37
100	361	37
101	361	37
102	361	37
103	362	37
104	362	37
105	363	37
106	363	37
86	361	37
107	364	37
289	305	48
290	306	48
291	306	48
292	307	48
293	308	48
292	309	48
288	305	48
284	154	29
284	155	29
284	156	29
284	157	29
284	158	29
284	159	29
284	160	29
284	161	29
284	162	29
285	163	29
285	164	29
285	165	29
284	166	29
284	167	29
284	168	29
284	169	29
284	170	29
284	153	29
284	171	29
41	46	1
42	46	1
43	46	1
44	46	1
45	46	1
46	46	1
47	46	1
48	46	1
49	46	1
50	46	1
51	46	1
52	46	1
53	46	1
54	46	1
55	47	1
56	48	1
57	48	1
58	49	1
59	49	1
60	50	1
61	51	1
62	51	1
63	52	1
64	52	1
65	53	1
66	54	1
67	55	1
68	56	1
69	57	1
70	58	1
71	59	1
72	60	1
73	61	1
74	62	1
75	63	1
76	64	1
77	65	1
78	66	1
79	66	1
80	67	1
81	67	1
82	67	1
83	68	1
84	68	1
85	68	1
86	68	1
87	69	1
88	69	1
40	46	1
89	70	1
140	309	1
141	309	1
142	309	1
143	309	1
144	309	1
145	309	1
138	310	1
139	310	1
146	310	1
137	311	1
135	312	1
136	312	1
133	313	1
134	313	1
131	314	1
132	314	1
128	315	1
129	315	1
130	315	1
126	316	1
127	316	1
124	317	1
125	317	1
120	318	1
121	318	1
122	318	1
123	318	1
118	319	1
119	319	1
117	320	1
116	321	1
116	322	1
147	311	1
116	323	1
283	172	78
284	171	78
285	172	48
284	171	48
108	241	78
109	240	78
107	242	78
39	47	1
38	48	1
38	49	1
37	50	1
37	51	1
36	52	1
36	53	1
35	54	1
35	55	1
34	56	1
34	57	1
33	58	1
33	59	1
32	60	1
32	61	1
31	62	1
31	63	1
30	64	1
30	65	1
29	66	1
29	67	1
28	68	1
28	69	1
27	70	1
28	71	1
27	72	1
28	73	1
28	74	1
29	75	1
29	76	1
30	77	1
30	78	1
31	79	1
31	80	1
32	81	1
32	82	1
33	83	1
33	84	1
34	85	1
34	86	1
35	87	1
35	88	1
36	89	1
36	90	1
37	91	1
37	92	1
38	93	1
38	94	1
39	95	1
39	96	1
40	97	1
40	98	1
41	99	1
41	100	1
42	101	1
42	102	1
43	103	1
43	104	1
40	46	1
44	105	1
304	25	21
305	26	21
306	27	21
307	28	21
307	29	21
308	30	21
309	31	21
340	31	21
341	31	21
310	32	21
335	32	21
336	32	21
337	32	21
338	32	21
339	32	21
311	33	21
312	33	21
333	33	21
334	33	21
313	34	21
314	34	21
328	34	21
330	34	21
331	34	21
332	34	21
315	35	21
316	35	21
317	35	21
325	35	21
327	35	21
329	35	21
318	36	21
319	36	21
320	36	21
321	36	21
322	36	21
323	36	21
324	36	21
326	36	21
303	24	21
342	32	21
349	30	25
356	30	25
358	30	25
360	30	25
362	30	25
347	31	25
348	31	25
350	31	25
351	31	25
352	31	25
353	31	25
354	31	25
355	31	25
357	31	25
359	31	25
361	31	25
363	31	25
364	31	25
365	32	25
346	30	25
366	33	25
506	68	78
507	68	78
510	68	78
508	69	78
509	69	78
505	67	78
381	62	75
381	63	75
381	64	75
381	65	75
381	66	75
381	67	75
381	68	75
381	69	75
381	70	75
381	71	75
85	363	41
85	364	41
85	365	41
85	366	41
85	367	41
85	368	41
85	369	41
85	370	41
85	371	41
85	372	41
85	373	41
85	374	41
85	375	41
85	376	41
85	377	41
85	378	41
85	379	41
86	380	41
87	381	41
88	381	41
89	382	41
90	382	41
91	383	41
92	383	41
122	383	41
123	383	41
93	384	41
94	384	41
120	384	41
121	384	41
95	385	41
96	385	41
118	385	41
119	385	41
97	386	41
98	386	41
116	386	41
117	386	41
99	387	41
100	387	41
102	387	41
114	387	41
115	387	41
101	388	41
103	388	41
104	388	41
105	388	41
106	388	41
108	388	41
110	388	41
111	388	41
112	388	41
113	388	41
107	389	41
109	389	41
85	362	41
124	382	41
577	104	70
576	105	70
578	105	70
577	106	70
458	236	73
459	237	73
460	238	73
461	239	73
462	239	73
463	240	73
464	241	73
458	235	73
465	242	73
83	309	27
84	310	27
85	311	27
86	312	27
87	313	27
88	314	27
89	315	27
90	316	27
91	317	27
92	318	27
93	319	27
82	308	27
94	320	27
350	1	65
349	2	65
348	3	65
348	4	65
347	5	65
346	6	65
198	101	4
200	101	4
201	101	4
202	101	4
203	101	4
193	102	4
195	102	4
196	102	4
197	102	4
199	102	4
204	102	4
205	102	4
186	103	4
187	103	4
188	103	4
189	103	4
190	103	4
191	103	4
192	103	4
194	103	4
206	103	4
207	103	4
208	103	4
163	104	4
172	104	4
174	104	4
176	104	4
178	104	4
179	104	4
180	104	4
181	104	4
182	104	4
183	104	4
184	104	4
185	104	4
209	104	4
210	104	4
164	105	4
165	105	4
166	105	4
167	105	4
168	105	4
169	105	4
170	105	4
171	105	4
173	105	4
175	105	4
177	105	4
211	105	4
212	105	4
213	106	4
214	106	4
162	105	4
215	107	4
369	31	29
370	31	29
371	31	29
372	31	29
373	31	29
374	31	29
375	31	29
376	31	29
377	31	29
379	31	29
381	31	29
383	31	29
385	31	29
367	32	29
368	32	29
378	32	29
380	32	29
382	32	29
384	32	29
386	32	29
387	33	29
388	33	29
389	34	29
390	34	29
366	33	29
391	35	29
442	287	78
441	288	78
443	286	78
472	236	68
473	236	68
474	236	68
475	236	68
476	236	68
477	236	68
478	236	68
479	236	68
480	236	68
481	236	68
482	236	68
485	236	68
471	237	68
483	237	68
484	237	68
470	238	68
469	239	68
468	240	68
466	241	68
467	241	68
465	242	68
506	33	70
505	34	70
507	34	70
505	35	70
507	35	70
510	32	71
511	33	71
511	34	71
511	35	71
351	339	31
352	339	31
353	340	31
354	340	31
355	341	31
356	341	31
357	342	31
350	339	31
358	343	31
117	127	1
130	127	1
131	127	1
118	128	1
119	128	1
120	128	1
122	128	1
125	128	1
127	128	1
128	128	1
129	128	1
121	129	1
123	129	1
124	129	1
126	129	1
116	126	1
132	126	1
449	287	75
450	288	75
448	286	75
358	177	45
360	177	45
355	178	45
357	178	45
359	178	45
361	178	45
354	179	45
356	179	45
362	179	45
353	180	45
351	181	45
352	181	45
350	182	45
349	183	45
348	184	45
347	185	45
346	186	45
345	187	45
595	174	68
596	175	68
596	176	68
595	177	68
595	178	68
594	179	68
105	319	1
106	319	1
96	320	1
97	320	1
98	320	1
99	320	1
100	320	1
101	320	1
102	320	1
103	320	1
104	320	1
107	320	1
108	320	1
110	320	1
109	321	1
111	321	1
112	322	1
113	322	1
114	323	1
95	320	1
115	324	1
695	68	74
695	69	74
695	70	74
695	71	74
695	72	74
708	67	77
707	68	77
706	69	77
706	70	77
704	71	77
705	71	77
703	72	77
466	243	60
465	242	60
284	27	18
283	28	18
282	29	18
281	30	18
280	31	18
279	32	18
278	33	18
277	34	18
276	35	18
275	36	18
285	26	18
274	37	18
597	105	73
598	105	73
599	105	73
600	105	73
601	105	73
602	105	73
603	105	73
592	106	73
594	106	73
595	106	73
596	106	73
604	106	73
605	106	73
606	106	73
588	107	73
589	107	73
590	107	73
591	107	73
593	107	73
585	108	73
586	108	73
587	108	73
584	109	73
582	110	73
583	110	73
580	111	73
581	111	73
578	112	73
579	112	73
607	107	73
577	112	73
610	105	77
608	106	77
609	106	77
611	105	77
607	107	77
384	71	78
385	71	78
383	72	78
386	70	78
382	73	78
620	105	74
621	105	74
613	106	74
614	106	74
615	106	74
616	106	74
617	106	74
618	106	74
619	106	74
622	104	74
612	105	74
247	176	8
247	177	8
248	178	8
249	179	8
250	180	8
251	181	8
246	175	8
585	126	76
584	127	76
583	128	76
586	125	76
452	33	78
451	34	78
450	35	78
450	36	78
450	37	78
504	69	76
504	70	76
504	71	76
503	72	76
504	68	76
506	36	74
505	35	74
507	35	74
483	392	73
490	392	73
492	392	73
494	392	73
479	393	73
480	393	73
481	393	73
482	393	73
484	393	73
485	393	73
486	393	73
487	393	73
488	393	73
489	393	73
491	393	73
493	393	73
495	393	73
508	36	71
509	36	71
510	36	71
507	35	71
511	35	71
40	355	1
39	356	1
38	357	1
37	358	1
36	359	1
35	360	1
34	361	1
33	362	1
32	363	1
31	364	1
30	365	1
29	366	1
28	367	1
27	368	1
26	369	1
25	370	1
24	371	1
23	372	1
22	373	1
21	374	1
20	375	1
19	376	1
18	377	1
17	378	1
16	379	1
15	380	1
14	381	1
13	382	1
12	383	1
11	384	1
10	385	1
9	386	1
8	387	1
7	388	1
6	389	1
5	390	1
4	391	1
3	392	1
2	393	1
1	394	1
41	354	1
135	385	1
135	386	1
135	387	1
135	388	1
136	389	1
137	390	1
138	391	1
139	392	1
140	393	1
141	394	1
142	394	1
135	384	1
730	92	78
730	93	78
731	94	78
732	94	78
2	2	1
3	3	1
4	4	1
5	5	1
6	6	1
7	7	1
8	8	1
9	9	1
10	10	1
11	11	1
12	12	1
13	13	1
14	14	1
15	15	1
16	16	1
17	17	1
18	18	1
19	19	1
20	20	1
21	21	1
22	22	1
23	23	1
24	24	1
25	25	1
26	26	1
27	27	1
28	28	1
29	29	1
30	30	1
31	31	1
32	32	1
33	33	1
34	34	1
35	35	1
36	36	1
37	37	1
38	38	1
334	58	78
333	59	78
332	60	78
332	61	78
332	62	78
332	63	78
332	64	78
335	57	78
332	65	78
698	71	75
699	71	75
700	71	75
701	71	75
697	72	75
702	72	75
703	72	75
696	73	75
135	176	5
136	176	5
137	176	5
138	176	5
139	177	5
140	177	5
141	177	5
142	177	5
143	178	5
144	178	5
145	178	5
146	178	5
147	178	5
148	179	5
149	179	5
150	179	5
152	179	5
154	179	5
151	180	5
153	180	5
155	180	5
156	180	5
157	180	5
158	180	5
160	180	5
162	180	5
159	181	5
161	181	5
163	181	5
164	181	5
165	182	5
166	182	5
167	183	5
168	183	5
134	176	5
169	184	5
253	28	9
254	28	9
255	29	9
256	30	9
257	30	9
258	31	9
259	32	9
260	32	9
261	33	9
262	33	9
263	34	9
265	34	9
264	35	9
266	35	9
267	36	9
268	36	9
270	36	9
269	37	9
271	37	9
272	37	9
252	27	9
273	37	9
87	246	60
88	246	60
89	246	60
90	246	60
91	246	60
92	246	60
93	246	60
94	246	60
95	246	60
96	246	60
97	246	60
98	246	60
99	246	60
85	247	60
86	247	60
83	248	60
84	248	60
81	249	60
82	249	60
78	250	60
79	250	60
80	250	60
77	251	60
75	252	60
76	252	60
72	253	60
73	253	60
74	253	60
70	254	60
71	254	60
65	255	60
67	255	60
69	255	60
64	256	60
66	256	60
68	256	60
62	257	60
63	257	60
39	258	60
40	258	60
41	258	60
42	258	60
43	258	60
44	258	60
45	258	60
46	258	60
47	258	60
48	258	60
49	258	60
50	258	60
51	258	60
52	258	60
53	258	60
54	258	60
55	258	60
56	258	60
57	258	60
58	258	60
59	258	60
60	258	60
61	258	60
100	246	60
38	258	60
394	33	43
396	33	43
398	33	43
400	33	43
402	33	43
404	33	43
392	34	43
393	34	43
395	34	43
397	34	43
399	34	43
401	34	43
403	34	43
405	34	43
406	34	43
407	34	43
408	35	43
409	35	43
410	35	43
411	36	43
412	36	43
413	36	43
414	37	43
415	37	43
391	35	43
416	38	43
343	66	20
344	66	20
346	66	20
345	67	20
347	67	20
348	67	20
349	67	20
350	68	20
351	68	20
352	68	20
353	68	20
354	69	20
355	69	20
356	69	20
358	69	20
357	70	20
359	70	20
360	70	20
361	70	20
362	71	20
363	71	20
364	71	20
365	71	20
366	71	20
367	71	20
368	72	20
369	72	20
370	72	20
372	72	20
374	72	20
378	72	20
371	73	20
373	73	20
375	73	20
376	73	20
377	73	20
379	73	20
342	65	20
380	72	20
66	154	6
66	155	6
65	156	6
65	157	6
65	158	6
65	159	6
65	160	6
64	161	6
64	162	6
63	163	6
63	164	6
63	165	6
62	166	6
61	167	6
61	168	6
61	169	6
61	170	6
61	171	6
61	172	6
61	173	6
61	174	6
61	175	6
61	176	6
61	177	6
61	178	6
61	179	6
61	180	6
61	181	6
61	182	6
61	183	6
61	184	6
61	185	6
155	374	1
156	374	1
158	374	1
159	374	1
160	374	1
161	374	1
162	374	1
163	374	1
164	374	1
165	374	1
166	374	1
167	374	1
168	374	1
170	374	1
172	374	1
174	374	1
176	374	1
157	375	1
169	375	1
171	375	1
173	375	1
175	375	1
177	375	1
178	375	1
179	375	1
181	375	1
183	375	1
185	375	1
180	376	1
182	376	1
184	376	1
186	376	1
187	376	1
188	376	1
189	376	1
190	376	1
191	377	1
192	377	1
194	377	1
193	378	1
195	378	1
197	378	1
196	379	1
198	379	1
200	379	1
199	380	1
201	380	1
202	381	1
203	381	1
204	381	1
205	381	1
206	382	1
207	382	1
208	382	1
210	382	1
209	383	1
211	383	1
212	383	1
213	383	1
214	383	1
216	383	1
218	383	1
220	383	1
222	383	1
224	383	1
226	383	1
227	383	1
229	383	1
231	383	1
215	384	1
217	384	1
219	384	1
221	384	1
223	384	1
225	384	1
228	384	1
230	384	1
232	384	1
233	384	1
234	384	1
235	384	1
236	384	1
237	385	1
238	385	1
239	386	1
240	386	1
241	387	1
242	387	1
243	388	1
244	388	1
245	389	1
246	389	1
247	390	1
248	390	1
249	391	1
250	391	1
251	391	1
252	391	1
254	391	1
253	392	1
255	392	1
256	392	1
257	392	1
258	392	1
260	392	1
262	392	1
264	392	1
259	393	1
261	393	1
263	393	1
265	393	1
266	393	1
267	393	1
268	393	1
269	393	1
270	393	1
271	393	1
272	393	1
273	393	1
274	393	1
275	393	1
276	393	1
278	393	1
280	393	1
282	393	1
284	393	1
286	393	1
288	393	1
277	394	1
279	394	1
281	394	1
283	394	1
285	394	1
287	394	1
289	394	1
290	394	1
291	394	1
292	394	1
293	394	1
294	394	1
295	394	1
296	394	1
297	394	1
298	394	1
154	373	1
303	139	31
304	140	31
305	141	31
302	138	31
679	68	71
680	69	71
679	70	71
679	71	71
679	72	71
679	73	71
679	74	71
322	393	48
315	394	48
316	394	48
317	394	48
318	394	48
319	394	48
320	394	48
321	394	48
323	394	48
324	394	48
325	394	48
326	394	48
327	394	48
328	394	48
360	391	60
357	392	60
358	392	60
359	392	60
361	392	60
363	392	60
356	393	60
362	393	60
364	393	60
366	393	60
355	394	60
365	394	60
139	62	78
139	63	78
139	64	78
139	65	78
139	66	78
139	67	78
139	68	78
139	69	78
139	70	78
138	71	78
137	72	78
136	73	78
135	74	78
139	61	78
231	236	78
231	237	78
231	238	78
231	239	78
231	240	78
231	241	78
231	242	78
231	243	78
231	244	78
231	245	78
231	246	78
231	247	78
231	248	78
392	347	71
393	348	71
394	348	71
395	349	71
396	350	71
397	351	71
391	346	71
342	33	78
342	34	78
342	35	78
342	36	78
342	37	78
342	38	78
342	32	78
106	243	66
104	244	66
105	244	66
102	245	66
103	245	66
107	242	66
101	246	66
351	99	76
351	100	76
351	101	76
351	102	76
351	103	76
351	104	76
351	105	76
350	106	76
350	107	76
350	108	76
351	98	76
350	109	76
674	71	78
675	72	78
675	73	78
675	74	78
675	75	78
339	69	78
339	70	78
339	71	78
339	72	78
339	73	78
339	74	78
339	68	78
91	71	70
91	72	70
91	73	70
91	74	70
91	75	70
90	70	70
91	76	70
417	37	41
419	37	41
421	37	41
423	37	41
425	37	41
427	37	41
429	37	41
431	37	41
433	37	41
435	37	41
436	37	41
437	37	41
438	37	41
439	37	41
440	37	41
441	37	41
442	37	41
443	37	41
444	37	41
446	37	41
448	37	41
418	38	41
420	38	41
422	38	41
424	38	41
426	38	41
428	38	41
430	38	41
432	38	41
434	38	41
445	38	41
447	38	41
449	38	41
450	37	41
416	38	41
312	185	35
314	185	35
315	185	35
313	186	35
640	70	59
642	70	59
644	70	59
637	71	59
638	71	59
639	71	59
641	71	59
643	71	59
645	71	59
646	71	59
632	72	59
633	72	59
634	72	59
635	72	59
636	72	59
647	72	59
648	72	59
630	73	59
631	73	59
649	73	59
650	73	59
651	73	59
653	73	59
629	74	59
652	74	59
654	74	59
655	74	59
656	74	59
657	74	59
626	75	59
627	75	59
628	75	59
658	75	59
659	75	59
660	75	59
661	75	59
662	75	59
663	75	59
665	75	59
667	75	59
669	75	59
618	76	59
620	76	59
622	76	59
623	76	59
624	76	59
625	76	59
664	76	59
666	76	59
668	76	59
670	76	59
672	76	59
674	76	59
613	77	59
615	77	59
617	77	59
619	77	59
621	77	59
671	77	59
673	77	59
612	78	59
614	78	59
616	78	59
611	79	59
675	75	59
610	78	59
335	184	32
336	184	32
337	184	32
338	185	32
339	185	32
340	185	32
342	185	32
343	185	32
341	186	32
344	186	32
345	187	32
42	131	1
41	132	1
41	133	1
40	134	1
40	135	1
39	136	1
39	137	1
38	138	1
38	139	1
37	140	1
37	141	1
36	142	1
36	143	1
35	144	1
35	145	1
34	146	1
34	147	1
33	148	1
33	149	1
32	150	1
32	151	1
31	152	1
31	153	1
30	154	1
30	155	1
29	156	1
29	157	1
28	158	1
29	159	1
29	160	1
30	161	1
30	162	1
31	163	1
31	164	1
32	165	1
32	166	1
33	167	1
33	168	1
34	169	1
34	170	1
35	171	1
35	172	1
36	173	1
36	174	1
37	175	1
37	176	1
38	177	1
38	178	1
39	179	1
39	180	1
40	181	1
40	182	1
41	183	1
41	184	1
42	185	1
42	186	1
43	187	1
43	130	1
44	188	1
366	34	52
366	35	52
366	36	52
366	37	52
367	38	52
367	39	52
366	33	52
368	40	52
343	337	77
343	338	77
343	339	77
343	340	77
342	341	77
341	342	77
343	336	77
340	343	77
193	265	5
186	266	5
187	266	5
188	266	5
189	266	5
190	266	5
191	266	5
192	266	5
194	266	5
185	267	5
195	267	5
691	74	72
694	74	72
690	75	72
692	75	72
693	75	72
689	76	72
687	77	72
688	77	72
685	78	72
686	78	72
695	73	72
684	79	72
704	73	77
704	74	77
705	75	77
703	72	77
362	110	78
361	111	78
318	16	72
319	17	72
319	18	72
320	19	72
320	20	72
320	21	72
321	22	72
322	22	72
319	15	72
562	40	77
561	39	77
60	187	1
45	188	1
46	188	1
47	188	1
48	188	1
49	188	1
50	188	1
51	188	1
52	188	1
53	188	1
54	188	1
55	188	1
56	188	1
57	188	1
58	188	1
59	188	1
61	186	1
44	188	1
703	40	78
702	41	78
334	117	69
333	116	69
335	118	69
359	38	59
359	39	59
355	40	59
357	40	59
358	40	59
352	41	59
353	41	59
354	41	59
356	41	59
173	182	6
174	182	6
176	182	6
170	183	6
171	183	6
172	183	6
175	183	6
177	183	6
178	183	6
179	183	6
180	183	6
181	184	6
182	184	6
183	184	6
184	184	6
185	185	6
186	185	6
187	185	6
188	186	6
189	186	6
190	186	6
191	187	6
192	187	6
193	187	6
194	187	6
196	187	6
198	187	6
195	188	6
197	188	6
199	188	6
200	188	6
169	184	6
201	189	6
481	52	76
480	53	76
479	53	76
228	249	5
230	249	5
225	250	5
226	250	5
227	250	5
229	250	5
221	251	5
223	251	5
224	251	5
220	252	5
222	252	5
218	253	5
219	253	5
216	254	5
217	254	5
214	255	5
215	255	5
213	256	5
211	257	5
212	257	5
209	258	5
210	258	5
208	259	5
206	260	5
207	260	5
204	261	5
205	261	5
202	262	5
203	262	5
200	263	5
201	263	5
199	264	5
197	265	5
198	265	5
196	266	5
231	248	5
195	267	5
530	44	72
532	44	72
529	45	72
531	45	72
533	45	72
534	45	72
536	45	72
526	46	72
527	46	72
528	46	72
535	46	72
537	46	72
525	47	72
538	47	72
523	48	72
524	48	72
539	48	72
541	48	72
522	49	72
540	49	72
542	49	72
521	50	72
543	50	72
544	50	72
545	50	72
546	50	72
519	51	72
520	51	72
547	51	72
548	51	72
549	51	72
550	51	72
518	52	72
551	52	72
517	53	72
552	51	72
516	54	72
576	107	70
576	108	70
576	109	70
576	110	70
576	111	70
577	106	70
577	112	70
568	34	78
569	34	78
567	35	78
564	36	78
565	36	78
566	36	78
562	37	78
563	37	78
561	38	78
504	36	69
503	37	69
502	38	69
501	39	69
500	40	69
499	41	69
499	42	69
498	43	69
498	44	69
498	45	69
505	35	69
498	46	69
302	238	16
296	239	16
298	239	16
299	239	16
300	239	16
301	239	16
303	239	16
304	239	16
306	239	16
297	240	16
305	240	16
307	240	16
309	240	16
308	241	16
310	241	16
311	242	16
312	242	16
313	243	16
314	243	16
315	244	16
316	245	16
317	245	16
318	246	16
319	246	16
320	247	16
322	247	16
324	247	16
321	248	16
323	248	16
325	248	16
327	248	16
326	249	16
328	249	16
329	249	16
330	249	16
331	249	16
333	249	16
335	249	16
336	249	16
338	249	16
339	249	16
342	249	16
332	250	16
334	250	16
337	250	16
340	250	16
341	250	16
343	250	16
344	250	16
345	250	16
346	250	16
347	250	16
295	240	16
348	251	16
605	108	75
606	108	75
604	109	75
600	110	75
602	110	75
603	110	75
597	111	75
598	111	75
599	111	75
601	111	75
596	112	75
594	113	75
595	113	75
593	114	75
592	115	75
591	116	75
590	117	75
588	118	75
589	118	75
587	119	75
587	120	75
586	121	75
607	107	75
585	122	75
367	42	78
368	41	78
466	226	73
467	226	73
468	226	73
465	227	73
465	228	73
464	229	73
463	230	73
461	231	73
462	231	73
460	232	73
460	233	73
459	234	73
458	235	73
162	106	65
162	107	65
162	108	65
162	109	65
162	110	65
162	111	65
162	112	65
162	105	65
162	391	1
164	391	1
166	391	1
160	392	1
161	392	1
163	392	1
165	392	1
167	392	1
168	392	1
170	392	1
156	393	1
157	393	1
158	393	1
159	393	1
169	393	1
171	393	1
172	393	1
154	394	1
155	394	1
173	394	1
174	394	1
360	98	27
361	98	27
362	98	27
363	98	27
364	98	27
365	99	27
366	99	27
367	99	27
368	100	27
369	100	27
370	101	27
371	102	27
372	102	27
359	99	27
373	103	27
512	36	71
513	36	71
514	36	71
515	37	71
516	37	71
517	38	71
518	39	71
519	39	71
520	39	71
521	40	71
522	41	71
523	42	71
524	43	71
511	35	71
124	60	1
124	61	1
124	62	1
124	63	1
124	64	1
124	65	1
124	66	1
124	67	1
123	68	1
122	69	1
121	70	1
120	71	1
119	72	1
118	73	1
117	74	1
116	75	1
115	76	1
93	77	1
94	77	1
95	77	1
96	77	1
97	77	1
98	77	1
99	77	1
100	77	1
101	77	1
102	77	1
103	77	1
104	77	1
105	77	1
106	77	1
107	77	1
108	77	1
109	77	1
110	77	1
111	77	1
112	77	1
113	77	1
114	77	1
124	59	1
92	77	1
713	110	76
714	111	76
715	112	76
716	112	76
717	112	76
604	75	68
603	76	68
602	77	68
605	76	68
601	78	68
606	75	78
607	75	78
608	75	78
609	76	78
610	77	78
605	76	78
610	78	78
488	251	69
487	252	69
345	111	70
347	111	70
348	111	70
344	112	70
346	112	70
341	113	70
342	113	70
343	113	70
340	114	70
338	115	70
339	115	70
337	116	70
336	117	70
349	110	70
335	118	70
38	40	1
38	41	1
38	42	1
38	43	1
38	44	1
39	45	1
38	39	1
40	46	1
360	112	78
359	113	78
361	111	78
358	114	78
362	112	78
363	112	78
364	113	78
361	111	78
573	113	66
574	113	66
575	113	66
570	114	66
571	114	66
572	114	66
564	115	66
566	115	66
567	115	66
568	115	66
569	115	66
563	116	66
565	116	66
560	117	66
561	117	66
562	117	66
559	118	66
576	113	66
558	119	66
316	61	15
317	62	15
318	62	15
319	63	15
320	63	15
321	63	15
322	63	15
324	63	15
323	64	15
325	64	15
326	65	15
327	65	15
328	65	15
330	65	15
329	66	15
331	66	15
315	60	15
332	65	15
295	241	14
295	242	14
295	243	14
295	244	14
295	245	14
295	246	14
294	247	14
293	248	14
291	249	14
292	249	14
290	250	14
288	251	14
289	251	14
287	252	14
284	253	14
285	253	14
286	253	14
283	254	14
281	255	14
282	255	14
280	256	14
279	257	14
278	258	14
276	259	14
277	259	14
275	260	14
274	261	14
273	262	14
271	263	14
272	263	14
270	264	14
269	265	14
268	266	14
266	267	14
267	267	14
265	268	14
295	240	14
264	269	14
598	77	57
599	78	57
600	79	57
606	77	75
606	78	75
605	76	75
606	79	75
333	101	71
333	102	71
333	103	71
333	104	71
333	105	71
333	106	71
333	107	71
333	108	71
333	109	71
333	110	71
333	111	71
333	112	71
333	113	71
333	114	71
333	100	71
333	115	71
117	325	23
118	326	23
119	327	23
120	328	23
121	329	23
122	330	23
123	331	23
124	332	23
116	324	23
125	333	23
310	324	6
312	324	6
313	324	6
314	324	6
315	324	6
316	324	6
317	324	6
318	324	6
319	324	6
321	324	6
303	325	6
305	325	6
306	325	6
307	325	6
308	325	6
309	325	6
311	325	6
320	325	6
322	325	6
323	325	6
324	325	6
296	326	6
298	326	6
299	326	6
300	326	6
301	326	6
302	326	6
304	326	6
325	326	6
295	327	6
297	327	6
326	327	6
328	327	6
292	328	6
293	328	6
294	328	6
327	328	6
329	328	6
252	329	6
290	329	6
291	329	6
330	329	6
250	330	6
251	330	6
253	330	6
254	330	6
255	330	6
256	330	6
257	330	6
288	330	6
289	330	6
331	330	6
332	330	6
333	330	6
247	331	6
248	331	6
249	331	6
258	331	6
259	331	6
260	331	6
261	331	6
262	331	6
263	331	6
264	331	6
265	331	6
283	331	6
285	331	6
286	331	6
287	331	6
334	331	6
245	332	6
246	332	6
266	332	6
267	332	6
268	332	6
269	332	6
270	332	6
271	332	6
272	332	6
273	332	6
274	332	6
275	332	6
276	332	6
277	332	6
278	332	6
279	332	6
280	332	6
281	332	6
282	332	6
284	332	6
335	332	6
336	332	6
337	332	6
242	333	6
243	333	6
244	333	6
338	333	6
240	334	6
241	334	6
339	334	6
239	335	6
351	112	76
352	112	76
353	113	76
354	113	76
355	114	76
356	114	76
350	111	76
357	115	76
