1	394	1
2	2	1
2	393	1
3	3	1
3	392	1
4	4	1
4	391	1
5	5	1
5	390	1
6	6	1
6	389	1
7	7	1
7	388	1
8	8	1
8	387	1
9	9	1
9	386	1
10	10	1
10	385	1
11	11	1
11	384	1
12	12	1
12	383	1
13	13	1
13	382	1
14	14	1
14	381	1
15	15	1
15	380	1
16	16	1
16	379	1
17	17	1
17	378	1
18	18	1
18	377	1
19	19	1
19	376	1
20	20	1
20	375	1
21	21	1
21	374	1
22	22	1
22	373	1
23	23	1
23	372	1
24	24	1
24	371	1
25	25	1
25	370	1
26	26	1
26	369	1
27	27	1
27	368	1
28	28	1
28	367	1
29	29	1
29	366	1
30	30	1
30	365	1
31	31	1
31	364	1
32	32	1
32	363	1
33	33	1
33	362	1
34	34	1
34	361	1
35	35	1
35	360	1
36	36	1
36	359	1
37	37	1
37	358	1
38	38	1
38	357	1
39	39	1
39	356	1
40	40	1
40	355	1
41	41	1
41	354	1
42	42	1
42	353	1
43	43	1
43	352	1
44	44	1
44	351	1
45	45	1
45	350	1
46	46	1
46	349	1
47	47	1
47	348	1
48	48	1
48	347	1
49	49	1
49	346	1
50	50	1
50	345	1
51	51	1
51	344	1
52	52	1
52	343	1
53	53	1
53	342	1
54	54	1
54	341	1
55	55	1
55	340	1
56	56	1
56	339	1
57	57	1
57	338	1
58	58	1
58	337	1
59	59	1
59	336	1
60	60	1
60	335	1
61	61	1
61	334	1
62	62	1
62	333	1
63	63	1
63	332	1
64	64	1
64	331	1
65	65	1
65	330	1
66	66	1
66	329	1
67	67	1
67	328	1
68	68	1
68	327	1
69	69	1
69	326	1
70	70	1
70	325	1
71	71	1
71	324	1
72	72	1
72	323	1
73	73	1
73	322	1
74	74	1
74	321	1
75	75	1
75	320	1
76	76	1
76	319	1
77	77	1
77	318	1
78	78	1
78	317	1
79	79	1
79	316	1
80	80	1
80	315	1
81	81	1
81	314	1
82	82	1
82	313	1
83	83	1
83	312	1
84	84	1
84	311	1
85	85	1
85	310	1
86	86	1
86	309	1
87	87	1
87	308	1
88	88	1
88	307	1
89	89	1
89	306	1
90	90	1
90	305	1
91	91	1
91	304	1
92	92	1
92	303	1
93	93	1
93	302	1
94	94	1
94	301	1
95	95	1
95	300	1
96	96	1
96	299	1
97	97	1
97	298	1
98	98	1
98	297	1
99	99	1
99	296	1
100	100	1
100	295	1
101	101	1
101	294	1
102	102	1
102	293	1
103	103	1
103	292	1
104	104	1
104	291	1
105	105	1
105	290	1
106	106	1
106	289	1
107	107	1
107	288	1
108	108	1
108	287	1
109	109	1
109	286	1
110	110	1
110	285	1
111	111	1
111	284	1
112	112	1
112	283	1
113	113	1
113	282	1
114	114	1
114	281	1
115	115	1
115	280	1
116	116	1
116	279	1
117	117	1
117	278	1
118	118	1
118	277	1
119	119	1
119	276	1
120	120	1
120	275	1
121	121	1
121	274	1
122	122	1
122	273	1
123	123	1
123	272	1
124	124	1
124	128	1
124	129	1
124	130	1
124	198	1
124	212	1
124	213	1
124	214	1
124	226	1
124	227	1
124	228	1
124	229	1
124	230	1
124	242	1
124	243	1
124	244	1
124	256	1
124	257	1
124	258	1
124	259	1
124	260	1
124	271	1
125	125	1
125	126	1
125	127	1
125	131	1
125	132	1
125	142	1
125	143	1
125	144	1
125	145	1
125	146	1
125	182	1
125	183	1
125	184	1
125	196	1
125	197	1
125	199	1
125	200	1
125	201	1
125	202	1
125	210	1
125	211	1
125	215	1
125	216	1
125	224	1
125	225	1
125	231	1
125	232	1
125	240	1
125	241	1
125	245	1
125	246	1
125	254	1
125	255	1
125	261	1
125	262	1
125	270	1
125	272	11
126	125	1
126	133	1
126	134	1
126	140	1
126	141	1
126	147	1
126	148	1
126	156	1
126	157	1
126	158	1
126	168	1
126	169	1
126	170	1
126	172	1
126	180	1
126	181	1
126	185	1
126	186	1
126	194	1
126	195	1
126	203	1
126	204	1
126	208	1
126	209	1
126	217	1
126	218	1
126	222	1
126	223	1
126	233	1
126	234	1
126	238	1
126	239	1
126	247	1
126	248	1
126	252	1
126	253	1
126	263	1
126	264	1
126	268	1
126	269	1
126	273	1
127	125	1
127	135	1
127	136	1
127	138	1
127	139	1
127	149	1
127	150	1
127	154	1
127	155	1
127	159	1
127	160	1
127	166	1
127	167	1
127	171	1
127	173	1
127	174	1
127	178	1
127	179	1
127	187	1
127	188	1
127	192	1
127	193	1
127	205	1
127	207	1
127	219	1
127	221	1
127	235	1
127	237	1
127	249	1
127	251	1
127	265	1
127	267	1
127	274	1
128	124	1
128	137	1
128	151	1
128	153	1
128	161	1
128	162	1
128	164	1
128	165	1
128	175	1
128	177	1
128	189	1
128	191	1
128	206	1
128	220	1
128	236	1
128	250	1
128	266	1
128	274	1
129	124	1
129	137	1
129	152	1
129	163	1
129	176	1
129	190	1
129	206	1
129	220	1
129	236	1
129	250	1
129	266	1
129	275	1
130	123	1
130	137	1
130	152	1
130	163	1
130	176	1
130	190	1
130	206	1
130	220	1
130	236	1
130	250	1
130	266	1
130	275	1
131	123	1
131	137	1
131	152	1
131	163	1
131	176	1
131	190	1
131	206	1
131	220	1
131	236	1
131	250	1
131	266	1
131	276	1
132	116	1
132	117	1
132	118	1
132	119	1
132	120	1
132	121	1
132	122	1
132	137	6
132	152	1
132	163	8
132	176	1
132	190	1
132	206	5
132	220	1
132	236	5
132	250	5
132	266	1
132	276	1
133	115	1
133	122	1
133	137	6
133	152	1
133	163	8
133	176	1
133	190	1
133	206	5
133	220	1
133	236	5
133	250	5
133	266	1
133	277	1
134	114	1
134	122	1
134	137	6
134	152	1
134	163	8
134	176	1
134	190	1
134	206	5
134	220	1
134	236	5
134	250	5
134	266	1
134	277	1
135	113	1
135	122	1
135	137	6
135	152	1
135	163	8
135	176	1
135	190	1
135	206	5
135	220	1
135	236	5
135	250	5
135	266	5
135	278	1
136	112	1
136	122	1
136	137	6
136	152	1
136	163	8
136	176	1
136	190	1
136	206	5
136	220	1
136	236	5
136	250	5
136	266	5
136	278	1
137	112	1
137	122	1
137	137	6
137	152	1
137	163	8
137	176	1
137	190	1
137	206	5
137	220	1
137	236	5
137	250	5
137	266	5
137	279	1
138	111	1
138	122	1
138	137	6
138	152	1
138	163	8
138	176	1
138	190	1
138	206	5
138	220	1
138	236	5
138	250	5
138	266	5
138	279	1
139	111	1
139	122	1
139	137	6
139	152	1
139	163	8
139	176	1
139	190	1
139	206	5
139	220	1
139	236	5
139	250	5
139	266	5
139	280	1
139	281	1
139	282	10
139	283	1
139	284	1
139	285	1
140	110	1
140	122	1
140	137	6
140	152	1
140	163	8
140	176	1
140	190	1
140	206	5
140	220	1
140	236	5
140	250	5
140	266	5
140	280	1
140	286	1
141	110	1
141	122	1
141	137	6
141	152	1
141	163	8
141	176	1
141	190	1
141	206	5
141	220	1
141	236	5
141	250	5
141	266	5
141	280	1
141	287	1
142	109	1
142	122	1
142	137	6
142	152	1
142	163	8
142	176	1
142	190	1
142	206	5
142	220	1
142	236	5
142	250	5
142	266	5
142	280	1
142	288	1
143	109	1
143	122	1
143	137	6
143	152	1
143	163	8
143	176	1
143	190	1
143	206	5
143	220	1
143	236	5
143	250	5
143	266	5
143	280	1
143	289	1
144	108	1
144	122	1
144	137	6
144	152	1
144	163	8
144	176	1
144	190	1
144	206	5
144	220	1
144	236	5
144	250	5
144	266	5
144	280	1
144	289	1
145	108	1
145	122	1
145	137	6
145	152	1
145	163	8
145	176	6
145	190	1
145	206	5
145	220	1
145	236	5
145	250	5
145	266	5
145	280	1
145	290	1
146	101	7
146	102	1
146	103	1
146	104	1
146	105	1
146	106	1
146	107	1
146	122	1
146	137	6
146	152	1
146	163	8
146	176	6
146	190	1
146	206	5
146	220	1
146	236	5
146	250	5
146	266	5
146	280	1
146	290	1
147	100	7
147	107	1
147	122	1
147	137	6
147	152	1
147	163	8
147	176	6
147	190	1
147	206	5
147	220	1
147	236	5
147	250	5
147	266	5
147	280	1
147	291	1
148	99	7
148	107	1
148	122	1
148	137	6
148	152	1
148	163	8
148	176	6
148	190	1
148	206	5
148	220	1
148	236	5
148	250	5
148	266	5
148	280	1
148	291	1
149	98	7
149	107	1
149	122	1
149	137	6
149	152	1
149	163	8
149	176	6
149	190	1
149	206	5
149	220	1
149	236	5
149	250	5
149	266	5
149	280	1
149	292	1
150	97	1
150	107	1
150	122	1
150	137	6
150	152	1
150	163	8
150	176	6
150	190	1
150	206	5
150	220	1
150	236	5
150	250	5
150	266	5
150	280	6
150	292	1
151	97	1
151	107	1
151	122	1
151	137	6
151	152	1
151	163	8
151	176	6
151	190	1
151	206	5
151	220	1
151	236	5
151	250	5
151	266	5
151	280	6
151	293	1
152	96	1
152	107	1
152	122	1
152	137	6
152	152	1
152	163	8
152	176	6
152	190	1
152	206	5
152	220	1
152	236	5
152	250	5
152	266	5
152	280	6
152	293	1
153	96	1
153	107	1
153	122	1
153	137	6
153	152	1
153	163	8
153	176	6
153	190	1
153	206	5
153	220	1
153	236	5
153	250	5
153	266	5
153	280	6
153	294	1
154	95	1
154	107	1
154	122	1
154	137	6
154	152	1
154	163	8
154	176	6
154	190	1
154	206	5
154	220	1
154	236	5
154	250	5
154	266	5
154	280	6
154	294	1
155	95	1
155	107	1
155	122	4
155	137	6
155	152	1
155	163	8
155	176	6
155	190	1
155	206	5
155	220	1
155	236	5
155	250	5
155	266	5
155	280	6
155	295	1
155	296	1
155	297	1
155	298	1
155	299	1
155	300	1
155	301	11
156	94	1
156	107	1
156	122	4
156	137	6
156	152	1
156	163	8
156	176	6
156	190	1
156	206	5
156	220	1
156	236	5
156	250	5
156	266	5
156	280	6
156	295	1
156	302	1
157	94	1
157	107	1
157	122	4
157	137	6
157	152	1
157	163	8
157	176	6
157	190	1
157	206	5
157	220	1
157	236	5
157	250	5
157	266	5
157	280	6
157	295	1
157	303	1
158	93	1
158	107	1
158	122	4
158	137	6
158	152	1
158	163	8
158	176	6
158	190	1
158	206	5
158	220	1
158	236	5
158	250	5
158	266	5
158	280	6
158	295	1
158	303	1
159	93	1
159	107	1
159	122	4
159	137	6
159	152	1
159	163	8
159	176	6
159	190	1
159	206	5
159	220	1
159	236	5
159	250	5
159	266	5
159	280	6
159	295	1
159	304	1
160	92	1
160	107	1
160	122	4
160	137	6
160	152	1
160	163	8
160	176	6
160	190	1
160	206	5
160	220	1
160	236	5
160	250	5
160	266	5
160	280	6
160	295	1
160	304	1
161	92	1
161	107	1
161	122	4
161	137	6
161	152	1
161	163	8
161	176	6
161	190	5
161	206	5
161	220	1
161	236	5
161	250	5
161	266	5
161	280	6
161	295	1
161	305	1
162	85	1
162	86	9
162	87	6
162	88	1
162	89	1
162	90	1
162	91	1
162	107	1
162	122	4
162	137	6
162	152	6
162	163	8
162	176	6
162	190	5
162	206	5
162	220	1
162	236	5
162	250	5
162	266	1
162	280	6
162	295	1
162	305	1
163	84	1
163	91	1
163	107	1
163	122	4
163	137	6
163	152	6
163	163	8
163	176	6
163	190	5
163	206	5
163	220	1
163	236	5
163	250	5
163	266	1
163	280	6
163	295	1
163	306	1
164	83	1
164	91	1
164	107	1
164	122	4
164	137	6
164	152	6
164	163	8
164	176	6
164	190	5
164	206	5
164	220	1
164	236	5
164	250	5
164	266	1
164	280	6
164	295	1
164	306	1
165	82	1
165	91	1
165	107	1
165	122	4
165	137	6
165	152	6
165	163	8
165	176	6
165	190	5
165	206	5
165	220	1
165	236	5
165	250	5
165	266	1
165	280	6
165	295	6
165	307	1
166	81	1
166	91	1
166	107	1
166	122	4
166	137	6
166	152	6
166	163	8
166	176	6
166	190	5
166	206	5
166	220	1
166	236	5
166	250	5
166	266	1
166	280	6
166	295	6
166	307	1
167	81	1
167	91	1
167	107	3
167	122	4
167	137	6
167	152	6
167	163	8
167	176	6
167	190	5
167	206	5
167	220	1
167	236	5
167	250	5
167	266	1
167	280	6
167	295	6
167	308	1
168	80	1
168	91	1
168	107	3
168	122	4
168	137	6
168	152	6
168	163	8
168	176	6
168	190	5
168	206	5
168	220	1
168	236	5
168	250	5
168	266	1
168	280	6
168	295	6
168	308	1
169	80	1
169	91	1
169	107	3
169	122	4
169	137	6
169	152	6
169	163	8
169	176	6
169	190	5
169	206	5
169	220	1
169	236	5
169	250	5
169	266	1
169	280	6
169	295	6
169	309	1
169	310	1
169	311	11
169	312	1
169	313	1
169	314	1
170	79	1
170	91	1
170	107	3
170	122	4
170	137	6
170	152	6
170	163	8
170	176	6
170	190	5
170	206	5
170	220	1
170	236	5
170	250	5
170	266	1
170	280	6
170	295	6
170	309	1
170	315	1
171	79	1
171	91	1
171	107	3
171	122	4
171	137	6
171	152	6
171	163	8
171	176	6
171	190	5
171	206	5
171	220	1
171	236	5
171	250	5
171	266	1
171	280	6
171	295	6
171	309	1
171	316	1
172	78	1
172	91	1
172	107	3
172	122	4
172	137	6
172	152	6
172	163	8
172	176	6
172	190	5
172	206	5
172	220	1
172	236	5
172	250	5
172	266	1
172	280	6
172	295	6
172	309	1
172	317	1
173	78	1
173	91	1
173	107	3
173	122	4
173	137	6
173	152	6
173	163	8
173	176	6
173	190	5
173	206	5
173	220	1
173	236	5
173	250	5
173	266	5
173	280	6
173	295	6
173	309	1
173	318	1
174	77	1
174	91	1
174	107	3
174	122	4
174	137	6
174	152	6
174	163	8
174	176	6
174	190	5
174	206	5
174	220	1
174	236	5
174	250	5
174	266	5
174	280	6
174	295	1
174	309	1
174	318	1
175	77	1
175	91	1
175	107	3
175	122	4
175	137	6
175	152	6
175	163	8
175	176	6
175	190	5
175	206	5
175	220	3
175	236	5
175	250	5
175	266	5
175	280	6
175	295	1
175	309	1
175	319	1
176	71	1
176	72	1
176	73	1
176	74	1
176	75	1
176	76	1
176	91	1
176	107	3
176	122	4
176	137	6
176	152	6
176	163	8
176	176	6
176	190	5
176	206	5
176	220	3
176	236	5
176	250	5
176	266	5
176	280	6
176	295	1
176	309	1
176	319	1
177	70	1
177	76	1
177	91	1
177	107	3
177	122	4
177	137	6
177	152	6
177	163	8
177	176	6
177	190	5
177	206	5
177	220	3
177	236	5
177	250	5
177	266	5
177	280	6
177	295	1
177	309	1
177	320	1
178	69	1
178	76	1
178	91	1
178	107	3
178	122	4
178	137	6
178	152	6
178	163	8
178	176	6
178	190	5
178	206	5
178	220	3
178	236	5
178	250	5
178	266	5
178	280	6
178	295	1
178	309	1
178	320	1
179	68	1
179	76	1
179	91	1
179	107	3
179	122	4
179	137	6
179	152	6
179	163	8
179	176	6
179	190	5
179	206	5
179	220	3
179	236	5
179	250	5
179	266	5
179	280	6
179	295	1
179	309	6
179	321	1
180	67	1
180	76	1
180	91	1
180	107	3
180	122	4
180	137	6
180	152	6
180	163	8
180	176	6
180	190	5
180	206	5
180	220	3
180	236	5
180	250	5
180	266	5
180	280	6
180	295	1
180	309	6
180	321	1
181	67	1
181	76	1
181	91	1
181	107	3
181	122	4
181	137	6
181	152	6
181	163	8
181	176	6
181	190	5
181	206	5
181	220	3
181	236	5
181	250	5
181	266	5
181	280	6
181	295	1
181	309	6
181	322	1
182	66	1
182	76	1
182	91	1
182	107	3
182	122	4
182	137	6
182	152	6
182	163	8
182	176	6
182	190	5
182	206	5
182	220	3
182	236	5
182	250	5
182	266	5
182	280	6
182	295	1
182	309	6
182	322	1
183	66	1
183	76	1
183	91	4
183	107	3
183	122	4
183	137	6
183	152	6
183	163	8
183	176	6
183	190	5
183	206	5
183	220	3
183	236	5
183	250	5
183	266	5
183	280	6
183	295	1
183	309	6
183	323	1
183	324	1
183	325	10
183	326	1
183	327	1
183	328	1
184	65	1
184	76	1
184	91	4
184	107	1
184	122	4
184	137	6
184	152	6
184	163	8
184	176	6
184	190	5
184	206	5
184	220	3
184	236	5
184	250	5
184	266	5
184	280	6
184	295	1
184	309	6
184	323	1
184	329	1
185	65	1
185	76	1
185	91	4
185	107	1
185	122	4
185	137	6
185	152	6
185	163	8
185	176	6
185	190	5
185	206	5
185	220	3
185	236	5
185	250	5
185	266	5
185	280	6
185	295	1
185	309	6
185	323	1
185	330	1
186	64	1
186	76	1
186	91	4
186	107	1
186	122	4
186	137	6
186	152	6
186	163	8
186	176	6
186	190	5
186	206	5
186	220	3
186	236	5
186	250	5
186	266	5
186	280	6
186	295	1
186	309	6
186	323	1
186	331	1
187	64	1
187	76	1
187	91	4
187	107	1
187	122	4
187	137	6
187	152	6
187	163	8
187	176	6
187	190	5
187	206	5
187	220	3
187	236	5
187	250	5
187	266	1
187	280	6
187	295	1
187	309	6
187	323	1
187	332	1
188	63	1
188	76	1
188	91	4
188	107	1
188	122	4
188	137	6
188	152	6
188	163	8
188	176	6
188	190	5
188	206	5
188	220	3
188	236	5
188	250	5
188	266	1
188	280	6
188	295	6
188	309	1
188	323	1
188	332	1
189	63	1
189	76	4
189	91	4
189	107	1
189	122	4
189	137	6
189	152	6
189	163	8
189	176	6
189	190	5
189	206	5
189	220	3
189	236	5
189	250	5
189	266	1
189	280	6
189	295	6
189	309	1
189	323	1
189	333	1
190	62	1
190	76	4
190	91	4
190	107	1
190	122	4
190	137	6
190	152	6
190	163	8
190	176	6
190	190	5
190	206	5
190	220	3
190	236	5
190	250	5
190	266	1
190	280	6
190	295	6
190	309	1
190	323	1
190	333	1
191	62	1
191	76	4
191	91	4
191	107	1
191	122	4
191	137	6
191	152	6
191	163	8
191	176	6
191	190	5
191	206	5
191	220	3
191	236	5
191	250	5
191	266	1
191	280	6
191	295	6
191	309	1
191	323	1
191	334	1
192	55	8
192	56	1
192	57	1
192	58	1
192	59	1
192	60	1
192	61	1
192	76	4
192	91	4
192	107	1
192	122	4
192	137	6
192	152	6
192	163	8
192	176	6
192	190	5
192	206	5
192	220	3
192	236	5
192	250	5
192	266	1
192	280	6
192	295	6
192	309	1
192	323	1
192	334	1
193	54	8
193	61	1
193	76	4
193	91	4
193	107	1
193	122	4
193	137	6
193	152	6
193	163	8
193	176	6
193	190	5
193	206	5
193	220	3
193	236	5
193	250	5
193	266	5
193	280	6
193	295	6
193	309	1
193	323	6
193	335	1
194	53	8
194	61	1
194	76	4
194	91	4
194	107	1
194	122	4
194	137	6
194	152	6
194	163	8
194	176	6
194	190	5
194	206	5
194	220	3
194	236	5
194	250	5
194	266	5
194	280	6
194	295	6
194	309	1
194	323	6
194	335	1
195	52	1
195	61	1
195	76	4
195	91	4
195	107	1
195	122	4
195	137	6
195	152	6
195	163	8
195	176	6
195	190	5
195	206	5
195	220	3
195	236	5
195	250	5
195	266	5
195	280	6
195	295	6
195	309	1
195	323	6
195	336	1
196	51	1
196	61	1
196	76	4
196	91	4
196	107	1
196	122	4
196	137	6
196	152	6
196	163	8
196	176	6
196	190	5
196	206	5
196	220	3
196	236	5
196	250	5
196	266	5
196	280	6
196	295	6
196	309	1
196	323	6
196	336	1
197	51	1
197	61	1
197	76	4
197	91	4
197	107	1
197	122	4
197	137	6
197	152	6
197	163	8
197	176	6
197	190	5
197	206	5
197	220	3
197	236	5
197	250	5
197	266	5
197	280	6
197	295	6
197	309	6
197	323	6
197	337	1
197	338	1
197	339	10
197	340	1
197	341	1
198	50	1
198	61	1
198	76	4
198	91	4
198	107	1
198	122	4
198	137	6
198	152	6
198	163	8
198	176	6
198	190	5
198	206	5
198	220	3
198	236	5
198	250	5
198	266	5
198	280	6
198	295	6
198	309	6
198	323	6
198	337	1
198	342	1
199	50	1
199	61	1
199	76	4
199	91	4
199	107	1
199	122	4
199	137	6
199	152	6
199	163	8
199	176	6
199	190	5
199	206	5
199	220	3
199	236	5
199	250	5
199	266	5
199	280	6
199	295	6
199	309	6
199	323	6
199	337	1
199	343	1
199	344	1
200	49	1
200	61	1
200	76	4
200	91	4
200	107	3
200	122	4
200	137	6
200	152	6
200	163	8
200	176	6
200	190	5
200	206	5
200	220	3
200	236	5
200	250	5
200	266	5
200	280	6
200	295	6
200	309	6
200	323	6
200	337	1
200	345	1
201	49	1
201	61	1
201	76	4
201	91	4
201	107	1
201	122	4
201	137	6
201	152	6
201	163	8
201	176	6
201	190	5
201	206	5
201	220	3
201	236	5
201	250	5
201	266	5
201	280	6
201	295	6
201	309	6
201	323	6
201	337	1
201	346	1
202	48	1
202	61	1
202	76	4
202	91	4
202	107	1
202	122	4
202	137	6
202	152	6
202	163	8
202	176	6
202	190	5
202	206	5
202	220	3
202	236	5
202	250	5
202	266	5
202	280	6
202	295	6
202	309	6
202	323	1
202	337	1
202	347	1
203	48	1
203	61	1
203	76	4
203	91	4
203	107	1
203	122	4
203	137	6
203	152	6
203	163	8
203	176	6
203	190	5
203	206	5
203	220	3
203	236	5
203	250	5
203	266	5
203	280	6
203	295	6
203	309	6
203	323	1
203	337	1
203	348	1
204	47	1
204	61	1
204	76	4
204	91	4
204	107	1
204	122	4
204	137	6
204	152	6
204	163	8
204	176	6
204	190	5
204	206	5
204	220	3
204	236	5
204	250	5
204	266	5
204	280	6
204	295	6
204	309	6
204	323	1
204	337	1
204	348	1
205	47	1
205	61	1
205	76	4
205	91	4
205	107	1
205	122	4
205	137	6
205	152	6
205	163	8
205	176	6
205	190	5
205	206	5
205	220	3
205	236	5
205	250	5
205	266	5
205	280	6
205	295	6
205	309	6
205	323	1
205	337	1
205	349	1
206	46	1
206	61	1
206	76	4
206	91	4
206	107	1
206	122	4
206	137	6
206	152	6
206	163	8
206	176	6
206	190	5
206	206	5
206	220	3
206	236	5
206	250	5
206	266	5
206	280	6
206	295	6
206	309	6
206	323	1
206	337	1
206	349	1
207	46	1
207	61	1
207	76	4
207	91	4
207	107	1
207	122	4
207	137	6
207	152	6
207	163	8
207	176	6
207	190	5
207	206	5
207	220	3
207	236	5
207	250	5
207	266	5
207	280	6
207	295	6
207	309	6
207	323	1
207	337	5
207	350	1
208	39	1
208	40	1
208	41	1
208	42	1
208	43	1
208	44	1
208	45	1
208	61	1
208	76	4
208	91	4
208	107	1
208	122	4
208	137	6
208	152	6
208	163	8
208	176	6
208	190	5
208	206	5
208	220	3
208	236	5
208	250	5
208	266	5
208	280	6
208	295	6
208	309	6
208	323	1
208	337	5
208	350	1
209	38	1
209	45	1
209	61	1
209	76	4
209	91	4
209	107	1
209	122	4
209	137	6
209	152	6
209	163	8
209	176	6
209	190	5
209	206	5
209	220	3
209	236	5
209	250	5
209	266	5
209	280	6
209	295	6
209	309	6
209	323	1
209	337	5
209	351	1
210	37	1
210	45	1
210	61	1
210	76	4
210	91	4
210	107	1
210	122	4
210	137	6
210	152	6
210	163	8
210	176	6
210	190	5
210	206	5
210	220	3
210	236	5
210	250	5
210	266	5
210	280	6
210	295	6
210	309	6
210	323	6
210	337	1
210	351	1
211	37	1
211	45	1
211	61	1
211	76	4
211	91	4
211	107	1
211	122	4
211	137	6
211	152	6
211	163	8
211	176	6
211	190	5
211	206	5
211	220	3
211	236	5
211	250	5
211	266	5
211	280	6
211	295	6
211	309	6
211	323	6
211	337	5
211	352	1
212	36	1
212	45	1
212	61	1
212	76	4
212	91	4
212	107	3
212	122	4
212	137	6
212	152	6
212	163	8
212	176	6
212	190	5
212	206	5
212	220	3
212	236	5
212	250	5
212	266	5
212	280	6
212	295	6
212	309	6
212	323	6
212	337	5
212	352	1
213	36	1
213	45	1
213	61	1
213	76	4
213	91	4
213	107	3
213	122	4
213	137	6
213	152	6
213	163	8
213	176	6
213	190	5
213	206	5
213	220	3
213	236	5
213	250	5
213	266	5
213	280	6
213	295	6
213	309	6
213	323	6
213	337	5
213	353	1
213	354	1
213	355	1
213	356	1
213	357	1
213	358	1
214	35	1
214	45	1
214	61	1
214	76	4
214	91	4
214	107	3
214	122	4
214	137	6
214	152	6
214	163	8
214	176	6
214	190	5
214	206	5
214	220	3
214	236	5
214	250	5
214	266	5
214	280	6
214	295	6
214	309	6
214	323	6
214	337	5
214	353	1
214	359	1
215	35	1
215	45	1
215	61	1
215	76	4
215	91	4
215	107	3
215	122	4
215	137	6
215	152	6
215	163	8
215	176	6
215	190	5
215	206	5
215	220	3
215	236	5
215	250	5
215	266	5
215	280	6
215	295	6
215	309	6
215	323	6
215	337	5
215	353	1
215	360	1
216	34	1
216	45	1
216	61	3
216	76	4
216	91	4
216	107	1
216	122	4
216	137	6
216	152	6
216	163	8
216	176	6
216	190	5
216	206	5
216	220	3
216	236	5
216	250	5
216	266	5
216	280	6
216	295	6
216	309	6
216	323	6
216	337	5
216	353	1
216	361	1
217	34	1
217	45	1
217	61	3
217	76	4
217	91	4
217	107	1
217	122	4
217	137	6
217	152	6
217	163	8
217	176	6
217	190	5
217	206	5
217	220	3
217	236	5
217	250	5
217	266	5
217	280	6
217	295	6
217	309	6
217	323	6
217	337	1
217	353	1
217	362	1
218	33	1
218	45	1
218	61	3
218	76	4
218	91	4
218	107	1
218	122	4
218	137	6
218	152	6
218	163	8
218	176	6
218	190	5
218	206	5
218	220	3
218	236	5
218	250	5
218	266	5
218	280	6
218	295	6
218	309	6
218	323	6
218	337	1
218	353	1
218	362	1
219	33	1
219	45	1
219	61	3
219	76	4
219	91	4
219	107	1
219	122	4
219	137	6
219	152	6
219	163	8
219	176	6
219	190	5
219	206	5
219	220	3
219	236	5
219	250	5
219	266	5
219	280	6
219	295	6
219	309	6
219	323	6
219	337	1
219	353	1
219	363	1
220	32	1
220	45	1
220	61	3
220	76	4
220	91	4
220	107	1
220	122	4
220	137	6
220	152	6
220	163	8
220	176	6
220	190	5
220	206	5
220	220	3
220	236	5
220	250	5
220	266	5
220	280	6
220	295	6
220	309	6
220	323	6
220	337	1
220	353	1
220	363	1
221	32	1
221	45	1
221	61	3
221	76	4
221	91	4
221	107	1
221	122	4
221	137	6
221	152	6
221	163	8
221	176	6
221	190	5
221	206	5
221	220	3
221	236	5
221	250	5
221	266	5
221	280	6
221	295	6
221	309	6
221	323	6
221	337	1
221	353	5
221	364	1
222	31	1
222	45	1
222	61	3
222	76	4
222	91	4
222	107	1
222	122	4
222	137	6
222	152	6
222	163	8
222	176	6
222	190	5
222	206	5
222	220	3
222	236	5
222	250	5
222	266	5
222	280	6
222	295	6
222	309	6
222	323	6
222	337	1
222	353	1
222	364	1
223	31	1
223	45	1
223	61	3
223	76	4
223	91	4
223	107	1
223	122	4
223	137	6
223	152	6
223	163	8
223	176	6
223	190	5
223	206	5
223	220	3
223	236	5
223	250	5
223	266	5
223	280	6
223	295	6
223	309	6
223	323	6
223	337	1
223	353	6
223	365	1
224	24	1
224	25	1
224	26	1
224	27	1
224	28	1
224	29	1
224	30	1
224	45	1
224	61	3
224	76	4
224	91	4
224	107	1
224	122	4
224	137	6
224	152	6
224	163	8
224	176	6
224	190	5
224	206	5
224	220	3
224	236	5
224	250	5
224	266	5
224	280	6
224	295	6
224	309	6
224	323	6
224	337	1
224	353	6
224	365	1
225	23	1
225	30	1
225	45	1
225	61	3
225	76	4
225	91	4
225	107	1
225	122	4
225	137	6
225	152	6
225	163	8
225	176	6
225	190	5
225	206	5
225	220	3
225	236	5
225	250	5
225	266	5
225	280	6
225	295	6
225	309	6
225	323	6
225	337	1
225	353	6
225	366	1
226	22	1
226	30	1
226	45	1
226	61	3
226	76	4
226	91	4
226	107	1
226	122	4
226	137	6
226	152	6
226	163	8
226	176	6
226	190	5
226	206	5
226	220	3
226	236	5
226	250	5
226	266	5
226	280	6
226	295	6
226	309	6
226	323	6
226	337	5
226	353	6
226	366	1
227	21	1
227	30	1
227	45	1
227	61	3
227	76	4
227	91	4
227	107	1
227	122	4
227	137	6
227	152	6
227	163	8
227	176	6
227	190	5
227	206	5
227	220	3
227	236	5
227	250	5
227	266	5
227	280	6
227	295	6
227	309	6
227	323	6
227	337	5
227	353	6
227	367	1
227	368	1
227	369	1
227	370	1
227	371	1
227	372	1
227	373	11
228	20	1
228	30	1
228	45	1
228	61	3
228	76	4
228	91	4
228	107	1
228	122	4
228	137	6
228	152	6
228	163	8
228	176	6
228	190	5
228	206	5
228	220	3
228	236	5
228	250	5
228	266	5
228	280	6
228	295	6
228	309	6
228	323	6
228	337	5
228	353	6
228	367	1
228	374	10
229	20	1
229	30	1
229	45	4
229	61	3
229	76	4
229	91	4
229	107	1
229	122	4
229	137	6
229	152	6
229	163	8
229	176	6
229	190	5
229	206	5
229	220	3
229	236	5
229	250	5
229	266	5
229	280	6
229	295	6
229	309	6
229	323	6
229	337	5
229	353	6
229	367	1
229	375	1
230	19	1
230	30	1
230	45	4
230	61	1
230	76	4
230	91	4
230	107	3
230	122	4
230	137	6
230	152	6
230	163	8
230	176	6
230	190	5
230	206	5
230	220	3
230	236	5
230	250	5
230	266	5
230	280	6
230	295	6
230	309	6
230	323	6
230	337	1
230	353	6
230	367	1
230	375	1
231	19	1
231	30	1
231	45	4
231	61	1
231	76	4
231	91	4
231	107	3
231	122	4
231	137	6
231	152	6
231	163	8
231	176	6
231	190	5
231	206	5
231	220	3
231	236	5
231	250	5
231	266	5
231	280	6
231	295	6
231	309	6
231	323	6
231	337	1
231	353	6
231	367	1
231	376	1
232	18	1
232	30	1
232	45	4
232	61	3
232	76	4
232	91	4
232	107	3
232	122	4
232	137	6
232	152	6
232	163	8
232	176	6
232	190	5
232	206	5
232	220	3
232	236	5
232	250	5
232	266	5
232	280	6
232	295	6
232	309	6
232	323	6
232	337	1
232	353	6
232	367	1
232	376	1
233	18	1
233	30	1
233	45	4
233	61	3
233	76	4
233	91	4
233	107	3
233	122	4
233	137	6
233	152	6
233	163	8
233	176	6
233	190	5
233	206	5
233	220	3
233	236	5
233	250	5
233	266	5
233	280	6
233	295	6
233	309	6
233	323	6
233	337	1
233	353	6
233	367	1
233	377	1
234	17	1
234	30	1
234	45	4
234	61	3
234	76	4
234	91	4
234	107	3
234	122	4
234	137	6
234	152	6
234	163	8
234	176	6
234	190	5
234	206	5
234	220	3
234	236	5
234	250	5
234	266	5
234	280	6
234	295	6
234	309	6
234	323	6
234	337	1
234	353	6
234	367	1
234	377	1
235	17	1
235	30	1
235	45	4
235	61	3
235	76	4
235	91	4
235	107	3
235	122	4
235	137	6
235	152	6
235	163	8
235	176	6
235	190	5
235	206	5
235	220	3
235	236	5
235	250	5
235	266	5
235	280	6
235	295	6
235	309	6
235	323	6
235	337	1
235	353	6
235	367	1
235	378	1
236	16	1
236	30	1
236	45	4
236	61	3
236	76	4
236	91	4
236	107	3
236	122	4
236	137	6
236	152	6
236	163	8
236	176	6
236	190	5
236	206	5
236	220	3
236	236	5
236	250	5
236	266	5
236	280	6
236	295	6
236	309	6
236	323	6
236	337	5
236	353	6
236	367	1
236	378	1
237	16	1
237	30	1
237	45	4
237	61	3
237	76	4
237	91	4
237	107	3
237	122	4
237	137	6
237	152	6
237	163	8
237	176	6
237	190	5
237	206	5
237	220	3
237	236	5
237	250	5
237	266	5
237	280	6
237	295	6
237	309	6
237	323	6
237	337	5
237	353	6
237	367	6
237	379	1
238	10	11
238	11	1
238	12	1
238	13	1
238	14	1
238	15	1
238	30	1
238	45	4
238	61	3
238	76	4
238	91	4
238	107	3
238	122	4
238	137	6
238	152	6
238	163	8
238	176	6
238	190	5
238	206	5
238	220	3
238	236	5
238	250	5
238	266	5
238	280	6
238	295	6
238	309	6
238	323	6
238	337	5
238	353	6
238	367	6
238	379	1
239	9	1
239	15	1
239	30	1
239	45	4
239	61	3
239	76	4
239	91	4
239	107	3
239	122	4
239	137	6
239	152	6
239	163	8
239	176	6
239	190	5
239	206	5
239	220	3
239	236	5
239	250	5
239	266	5
239	280	6
239	295	6
239	309	6
239	323	6
239	337	5
239	353	6
239	367	6
239	380	1
240	8	1
240	15	1
240	30	1
240	45	4
240	61	3
240	76	4
240	91	4
240	107	3
240	122	4
240	137	6
240	152	6
240	163	8
240	176	6
240	190	5
240	206	5
240	220	3
240	236	5
240	250	5
240	266	5
240	280	6
240	295	6
240	309	6
240	323	6
240	337	5
240	353	6
240	367	6
240	380	1
241	8	1
241	15	1
241	30	1
241	45	4
241	61	3
241	76	4
241	91	4
241	107	3
241	122	4
241	137	6
241	152	6
241	163	8
241	176	6
241	190	5
241	206	5
241	220	3
241	236	5
241	250	5
241	266	5
241	280	6
241	295	6
241	309	6
241	323	6
241	337	5
241	353	6
241	367	6
241	381	1
241	382	1
241	383	11
241	384	1
241	385	1
241	386	1
242	7	1
242	15	1
242	30	1
242	45	4
242	61	3
242	76	4
242	91	4
242	107	3
242	122	4
242	137	6
242	152	6
242	163	8
242	176	6
242	190	5
242	206	5
242	220	3
242	236	5
242	250	5
242	266	5
242	280	6
242	295	6
242	309	6
242	323	6
242	337	5
242	353	6
242	367	6
242	381	1
242	387	1
243	7	1
243	15	1
243	30	1
243	45	4
243	61	3
243	76	4
243	91	4
243	107	3
243	122	4
243	137	6
243	152	6
243	163	8
243	176	6
243	190	5
243	206	5
243	220	3
243	236	5
243	250	5
243	266	5
243	280	6
243	295	6
243	309	6
243	323	6
243	337	5
243	353	6
243	367	6
243	381	1
243	388	1
244	6	1
244	15	1
244	30	1
244	45	4
244	61	3
244	76	4
244	91	4
244	107	3
244	122	4
244	137	6
244	152	6
244	163	8
244	176	6
244	190	5
244	206	5
244	220	3
244	236	5
244	250	5
244	266	5
244	280	6
244	295	6
244	309	6
244	323	6
244	337	5
244	353	6
244	367	6
244	381	1
244	389	1
245	6	1
245	15	1
245	30	1
245	45	4
245	61	3
245	76	4
245	91	4
245	107	3
245	122	4
245	137	6
245	152	6
245	163	8
245	176	6
245	190	5
245	206	5
245	220	3
245	236	5
245	250	5
245	266	5
245	280	6
245	295	6
245	309	6
245	323	6
245	337	5
245	353	6
245	367	1
245	381	1
245	390	1
246	4	1
246	5	1
246	15	1
246	30	1
246	45	4
246	61	3
246	76	4
246	91	4
246	107	3
246	122	4
246	137	6
246	152	6
246	163	8
246	176	6
246	190	5
246	206	5
246	220	3
246	236	5
246	250	5
246	266	5
246	280	6
246	295	6
246	309	6
246	323	6
246	337	5
246	353	6
246	367	1
246	381	1
246	390	1
247	3	11
247	5	1
247	15	1
247	30	4
247	45	4
247	61	1
247	76	4
247	91	4
247	107	3
247	122	4
247	137	6
247	152	6
247	163	8
247	176	6
247	190	5
247	206	5
247	220	3
247	236	5
247	250	5
247	266	5
247	280	6
247	295	6
247	309	6
247	323	6
247	337	5
247	353	6
247	367	1
247	381	1
247	391	1
248	2	1
248	5	1
248	15	1
248	30	4
248	45	4
248	61	1
248	75	4
248	91	4
248	107	1
248	122	4
248	137	6
248	152	6
248	163	8
248	176	6
248	190	5
248	206	5
248	220	3
248	236	5
248	250	5
248	266	5
248	280	6
248	295	6
248	309	6
248	323	6
248	337	5
248	353	6
248	367	1
248	381	1
248	391	1
249	2	1
249	5	1
249	15	1
249	30	4
249	45	4
249	61	1
249	75	4
249	91	4
249	106	1
249	122	4
249	137	6
249	152	6
249	163	8
249	176	6
249	190	5
249	206	5
249	220	3
249	236	5
249	250	5
249	266	5
249	280	6
249	295	6
249	309	6
249	323	6
249	337	5
249	353	6
249	367	1
249	381	1
249	392	1
250	1	1
250	6	1
250	14	5
250	30	4
250	46	4
250	60	1
250	76	4
250	90	4
250	106	1
250	121	4
250	137	6
250	152	6
250	163	8
250	176	6
250	190	5
250	206	5
250	220	3
250	236	5
250	250	5
250	266	5
250	280	6
250	295	6
250	309	6
250	323	6
250	337	5
250	353	6
250	367	1
250	381	1
250	392	1
251	6	1
251	15	1
251	30	4
251	45	4
251	61	1
251	76	4
251	91	4
251	107	1
251	121	4
251	137	6
251	152	6
251	163	8
251	176	6
251	190	5
251	205	5
251	221	3
251	235	5
251	251	5
251	265	5
251	280	6
251	295	6
251	309	6
251	324	6
251	337	5
251	352	6
251	367	1
251	382	6
251	393	1
252	6	10
252	15	5
252	30	4
252	45	4
252	60	1
252	76	4
252	91	4
252	106	1
252	121	4
252	136	6
252	151	6
252	163	8
252	176	6
252	190	5
252	206	5
252	220	3
252	236	5
252	251	5
252	266	5
252	280	6
252	294	6
252	309	6
252	324	6
252	338	5
252	352	6
252	368	1
252	382	1
252	393	1
253	6	1
253	15	5
253	30	4
253	45	4
253	61	1
253	76	4
253	91	4
253	106	1
253	122	4
253	137	6
253	151	6
253	163	8
253	176	6
253	190	5
253	205	5
253	221	1
253	236	5
253	251	5
253	266	5
253	280	6
253	295	6
253	309	6
253	323	6
253	338	5
253	353	6
253	367	1
253	381	1
253	394	1
254	6	1
254	15	5
254	30	4
254	45	4
254	60	1
254	76	4
254	91	4
254	107	1
254	121	4
254	137	6
254	151	6
254	163	8
254	175	6
254	190	5
254	206	5
254	220	1
254	235	5
254	251	5
254	265	5
254	281	6
254	295	6
254	309	6
254	323	6
254	337	5
254	352	6
254	367	1
254	382	6
254	394	1
255	6	1
255	14	5
255	31	4
255	32	4
255	46	4
255	61	1
255	76	4
255	91	4
255	106	1
255	122	4
255	136	6
255	152	6
255	163	8
255	176	6
255	191	5
255	205	5
255	220	1
255	236	5
255	251	5
255	266	5
255	280	6
255	295	6
255	310	6
255	323	1
255	338	5
255	352	6
255	366	1
255	380	1
255	381	6
255	394	1
256	14	5
256	30	4
256	33	4
256	45	4
256	60	1
256	62	1
256	75	4
256	77	11
256	92	4
256	106	1
256	121	4
256	137	6
256	151	6
256	163	8
256	176	6
256	190	5
256	192	5
256	205	5
256	220	1
256	236	5
256	251	5
256	265	1
256	281	6
256	295	6
256	309	1
256	323	1
256	337	5
256	353	6
256	367	8
256	379	1
256	382	6
257	14	5
257	29	4
257	34	4
257	46	4
257	60	1
257	63	7
257	74	4
257	77	4
257	91	1
257	93	1
257	106	1
257	122	1
257	137	6
257	151	6
257	163	8
257	176	6
257	190	5
257	193	5
257	204	5
257	220	1
257	236	1
257	251	1
257	265	1
257	280	6
257	295	6
257	309	1
257	324	10
257	338	1
257	353	6
257	367	6
257	378	1
257	382	1
258	13	5
258	29	4
258	45	4
258	59	1
258	73	4
258	78	4
258	91	1
258	93	1
258	106	1
258	121	1
258	137	6
258	151	6
258	163	8
258	175	6
258	189	5
258	194	11
258	205	5
258	220	1
258	235	1
258	237	11
258	250	1
258	265	1
258	281	6
258	295	6
258	309	1
258	324	1
258	337	1
258	353	6
258	367	6
258	377	1
258	383	1
258	394	1
259	13	5
259	28	10
259	46	4
259	59	1
259	73	4
259	79	11
259	90	1
259	94	1
259	106	1
259	122	1
259	137	6
259	151	6
259	163	8
259	176	6
259	189	5
259	194	5
259	204	5
259	220	1
259	234	10
259	237	1
259	250	1
259	265	1
259	280	6
259	295	6
259	310	1
259	325	8
259	338	1
259	353	6
259	367	6
259	383	1
259	394	11
260	13	1
260	29	4
260	45	4
260	59	1
260	73	4
260	78	4
260	89	1
260	94	4
260	107	1
260	121	1
260	138	6
260	152	6
260	163	8
260	175	6
260	188	5
260	194	5
260	205	5
260	221	1
260	234	1
260	238	1
260	249	1
260	251	1
260	265	1
260	281	6
260	295	6
260	311	1
260	325	1
260	339	1
260	352	6
260	354	6
260	367	6
260	383	10
260	394	10
261	12	1
261	28	9
261	46	4
261	58	3
261	73	4
261	79	9
261	89	1
261	95	4
261	106	4
261	121	1
261	138	6
261	152	8
261	162	10
261	164	9
261	176	6
261	188	7
261	194	8
261	205	5
261	220	1
261	233	1
261	239	1
261	248	1
261	252	9
261	265	1
261	280	6
261	293	6
261	294	6
261	296	6
261	311	1
261	324	1
261	338	6
261	352	6
261	355	8
261	368	6
261	383	1
261	394	9
262	13	6
262	29	4
262	46	4
262	59	3
262	72	4
262	74	4
262	78	4
262	88	10
262	95	4
262	107	5
262	122	6
262	139	6
262	152	8
262	175	6
262	188	5
262	205	5
262	220	6
262	232	1
262	238	6
262	248	1
262	252	7
262	265	1
262	281	6
262	292	6
262	297	6
262	311	7
262	325	1
262	339	6
262	351	6
262	356	8
262	367	6
262	383	7
262	393	9
263	12	6
263	30	5
263	45	4
263	59	5
263	78	6
263	89	4
263	95	4
263	106	5
263	121	6
263	123	6
263	140	6
263	141	10
263	142	10
263	152	8
263	176	8
263	188	7
263	205	5
263	221	9
263	233	1
263	239	7
263	247	1
263	253	7
263	266	1
263	281	7
263	292	6
263	297	7
263	310	7
263	324	1
263	338	6
263	351	6
263	356	8
263	367	6
263	382	7
263	394	8
264	13	6
264	14	10
264	15	10
264	16	10
264	29	5
264	31	5
264	46	5
264	47	6
264	48	5
264	60	5
264	61	5
264	62	7
264	63	11
264	78	6
264	88	9
264	95	6
264	106	5
264	107	5
264	121	6
264	124	6
264	139	8
264	153	10
264	175	8
264	189	8
264	204	5
264	205	5
264	218	10
264	219	6
264	220	6
264	233	7
264	238	7
264	252	7
264	265	1
264	267	7
264	280	7
264	282	11
264	291	9
264	298	8
264	311	7
264	324	7
264	339	8
264	350	6
264	356	9
264	367	6
264	383	8
264	393	8
265	12	6
265	28	6
265	31	6
265	45	6
265	49	6
265	60	5
265	64	8
265	78	9
265	89	6
265	95	6
265	105	5
265	108	5
265	119	6
265	120	6
265	125	8
265	138	8
265	152	9
265	154	11
265	175	8
265	188	8
265	203	8
265	206	8
265	217	10
265	220	6
265	233	6
265	236	11
265	237	11
265	239	7
265	253	7
265	264	7
265	268	7
265	280	6
265	283	9
265	297	8
265	310	7
265	325	7
265	337	8
265	338	8
265	351	8
265	364	9
265	365	6
265	366	6
265	380	11
265	381	11
265	382	8
265	394	8
266	12	7
266	26	8
266	27	8
266	32	6
266	44	6
266	49	6
266	60	5
266	77	6
266	88	6
266	94	7
266	104	5
266	108	8
266	118	9
266	120	6
266	126	11
266	139	8
266	152	9
266	155	11
266	174	10
266	176	10
266	187	8
266	189	8
266	202	8
266	207	8
266	216	7
266	220	7
266	233	7
266	240	10
266	252	7
266	263	7
266	268	8
266	278	6
266	279	6
266	284	11
266	297	9
266	310	8
266	324	7
266	326	7
266	336	10
266	339	8
266	340	8
266	341	8
266	351	8
266	363	9
266	367	9
266	379	11
266	383	8
266	384	8
266	385	10
266	393	9
267	13	7
267	24	10
267	25	9
267	27	8
267	33	9
267	34	9
267	44	6
267	45	6
267	50	8
267	59	6
267	77	6
267	89	6
267	95	7
267	104	5
267	109	10
267	118	9
267	121	6
267	126	8
267	140	8
267	152	9
267	173	11
267	176	10
267	186	8
267	189	9
267	202	8
267	207	10
267	216	7
267	221	7
267	234	7
267	252	10
267	263	7
267	269	9
267	277	8
267	279	6
267	284	9
267	297	9
267	309	9
267	311	10
267	323	9
267	327	9
267	328	10
267	335	9
267	339	8
267	342	8
267	350	8
267	351	8
267	362	11
267	368	9
267	383	8
267	386	10
267	394	9
268	12	7
268	28	8
268	41	6
268	42	6
268	43	6
268	46	6
268	59	6
268	77	6
268	88	9
268	94	8
268	102	5
268	103	5
268	109	8
268	117	9
268	121	8
268	126	8
268	139	9
268	141	10
268	153	11
268	177	10
268	190	9
268	200	8
268	201	8
268	208	10
268	221	7
268	222	7
268	233	8
268	251	8
268	263	7
268	268	9
268	270	11
268	277	8
268	280	6
268	284	10
268	297	9
268	308	10
268	311	9
268	323	9
268	339	8
268	349	10
268	352	10
268	363	10
268	368	6
268	382	8
268	393	10
269	9	8
269	11	9
269	13	8
269	28	8
269	40	6
269	43	6
269	46	8
269	59	6
269	76	7
269	78	7
269	88	9
269	95	8
269	104	5
269	109	8
269	121	9
269	127	10
269	139	9
269	142	10
269	188	8
269	189	8
269	202	8
269	218	7
269	219	7
269	220	7
269	223	9
269	233	8
269	251	9
269	264	7
269	270	9
269	276	10
269	280	6
269	284	10
269	297	9
269	307	10
269	312	9
269	323	9
269	339	10
269	352	10
269	369	10
269	382	10
269	394	10
270	8	8
270	10	10
270	13	9
270	29	9
270	40	6
270	43	9
270	47	8
270	58	8
270	76	7
270	79	8
270	88	10
270	95	9
270	104	8
270	109	8
270	121	9
270	127	9
270	138	9
270	143	11
270	187	8
270	190	10
270	203	8
270	217	10
270	220	7
270	223	9
270	234	9
270	252	9
270	253	10
270	263	10
270	265	7
270	271	10
270	280	10
270	283	9
270	307	10
270	311	9
270	323	10
270	339	10
270	351	11
270	353	10
270	368	10
270	383	10
271	6	8
271	7	8
271	14	9
271	28	9
271	44	9
271	46	8
271	59	8
271	78	8
271	88	10
271	96	11
271	104	8
271	108	8
271	121	9
271	128	11
271	138	10
271	142	11
271	190	10
271	202	10
271	216	7
271	220	10
271	224	9
271	233	9
271	235	9
271	251	9
271	254	10
271	262	10
271	266	10
271	280	10
271	284	10
271	312	9
271	323	10
271	340	10
271	350	10
271	354	11
271	367	10
271	368	10
271	369	10
271	382	11
272	13	9
272	28	9
272	45	8
272	47	10
272	58	8
272	77	7
272	104	8
272	109	8
272	120	9
272	122	10
272	128	11
272	138	11
272	189	10
272	203	10
272	216	10
272	220	10
272	223	9
272	233	9
272	235	9
272	251	9
272	262	10
272	266	10
272	279	10
272	283	10
272	311	9
272	323	11
272	339	11
272	353	11
272	366	10
272	368	10
272	370	11
272	383	11
272	384	11
273	13	9
273	28	9
273	46	8
273	59	9
273	79	7
273	104	8
273	110	8
273	120	9
273	123	11
273	138	11
273	189	10
273	202	10
273	220	10
273	223	10
273	232	10
273	236	10
273	250	9
273	262	10
273	266	10
273	280	11
273	284	10
273	311	11
273	323	11
273	340	11
273	366	10
273	368	11
273	370	11
274	13	9
274	28	9
274	47	10
274	58	9
274	102	11
274	103	8
274	109	9
274	119	10
274	123	11
274	138	11
274	190	11
274	203	10
274	219	10
274	223	10
274	233	10
274	236	10
274	251	9
274	262	10
274	267	10
274	283	10
274	310	9
274	322	11
274	339	11
274	365	10
274	368	11
274	371	11
275	13	9
275	27	10
275	46	9
275	57	9
275	59	10
275	104	11
275	110	9
275	120	11
275	124	11
275	138	11
275	189	11
275	203	11
275	219	11
275	223	10
275	232	10
275	236	11
275	251	9
275	262	11
275	266	11
275	284	11
275	310	11
275	322	11
275	340	11
275	368	11
276	12	9
276	27	10
276	45	10
276	57	9
276	60	10
276	76	7
276	77	8
276	78	9
276	103	11
276	109	9
276	121	11
276	189	11
276	203	11
276	219	11
276	223	10
276	233	10
276	251	9
276	262	11
276	266	11
276	283	11
276	309	11
276	311	11
276	323	11
277	10	9
277	11	9
277	13	10
277	27	10
277	45	10
277	56	9
277	60	10
277	75	7
277	79	9
277	110	9
277	120	11
277	188	11
277	204	11
277	218	11
277	223	11
277	234	10
277	251	9
277	262	11
277	283	11
278	8	9
278	9	9
278	14	10
278	27	10
278	45	11
278	56	9
278	60	9
278	74	7
278	80	9
278	109	10
278	120	11
278	189	11
278	219	11
278	223	11
278	233	10
278	251	11
278	283	11
279	14	10
279	26	10
279	28	10
279	44	11
279	46	11
279	56	9
279	60	9
279	75	7
279	79	9
279	81	10
279	109	10
279	188	11
279	222	11
279	234	11
279	250	11
279	252	11
279	282	11
280	14	10
280	25	10
280	29	10
280	44	11
280	46	11
280	56	11
280	60	9
280	75	7
280	79	9
280	82	11
280	110	10
280	111	11
280	189	11
280	223	11
280	232	11
280	233	11
280	249	11
280	253	11
281	14	10
281	26	10
281	27	10
281	28	10
281	46	11
281	60	9
281	76	10
281	78	9
281	82	10
281	109	10
281	112	11
281	234	11
281	252	11
282	13	10
282	46	11
282	60	11
282	75	10
282	78	11
282	83	11
282	108	10
282	234	11
282	252	11
283	13	11
283	59	9
283	76	10
283	78	11
283	108	10
283	234	11
283	252	11
284	12	11
284	59	11
284	75	10
284	78	11
284	109	10
285	12	11
285	59	11
285	76	10
285	109	11
286	11	11
286	13	11
286	59	11
286	76	10
286	109	11
287	14	11
287	60	11
287	76	10
287	108	11
287	110	11
288	13	11
288	60	11
288	76	10
288	109	11
289	76	11
289	108	11
290	76	11
290	108	11
291	76	11
292	77	11
