1	394	1
2	2	1
2	393	1
3	3	1
3	392	1
4	4	1
4	391	1
5	5	1
5	390	1
6	6	1
6	389	1
7	7	1
7	388	1
8	8	1
8	387	1
9	9	1
9	386	1
10	10	1
10	385	1
11	11	1
11	384	1
12	12	1
12	383	1
13	13	1
13	382	1
14	14	1
14	381	1
15	15	1
15	380	1
16	16	1
16	379	1
17	17	1
17	378	1
18	18	1
18	377	1
19	19	1
19	376	1
20	20	1
20	375	1
21	21	1
21	374	1
22	22	1
22	373	1
23	23	1
23	372	1
24	24	1
24	371	1
25	25	1
25	370	1
26	26	1
26	369	1
27	27	1
27	368	1
28	28	1
28	367	1
29	29	1
29	366	1
30	30	1
30	365	1
31	31	1
31	364	1
32	32	1
32	363	1
33	33	1
33	362	1
34	34	1
34	361	1
35	35	1
35	360	1
36	36	1
36	359	1
37	37	1
37	358	1
38	38	1
38	357	1
39	39	1
39	356	1
40	40	1
40	355	1
41	41	1
41	354	1
42	42	1
42	353	1
43	43	1
43	352	1
44	44	1
44	351	1
45	45	1
45	350	1
46	46	1
46	349	1
47	47	1
47	348	1
48	48	1
48	347	1
49	49	1
49	346	1
50	50	1
50	345	1
51	51	1
51	344	1
52	52	1
52	343	1
53	53	1
53	342	1
54	54	1
54	341	1
55	55	1
55	340	1
56	56	1
56	339	1
57	57	1
57	338	1
58	58	1
58	337	1
59	59	1
59	336	1
60	60	1
60	335	1
61	61	1
61	334	1
62	62	1
62	333	1
63	63	1
63	332	1
64	64	1
64	331	1
65	65	1
65	330	1
66	66	1
66	329	1
67	67	1
67	328	1
68	68	1
68	327	1
69	69	1
69	326	1
70	70	1
70	325	1
71	71	1
71	324	1
72	72	1
72	323	1
73	73	1
73	322	1
74	74	1
74	321	1
75	75	1
75	320	1
76	76	1
76	319	1
77	77	1
77	318	1
78	78	1
78	317	1
79	79	1
79	316	1
80	80	1
80	315	1
81	81	1
81	314	1
82	82	1
82	313	1
83	83	1
83	312	1
84	84	1
84	311	1
85	85	1
85	310	1
86	86	1
86	309	1
87	87	1
87	308	1
88	88	1
88	307	1
89	89	1
89	306	1
90	90	1
90	305	1
91	91	1
91	304	1
92	92	1
92	303	1
93	93	1
93	302	1
94	94	1
94	301	1
95	95	1
95	300	1
96	96	1
96	299	1
97	97	1
97	298	1
98	98	1
98	297	1
99	99	1
99	296	1
100	100	1
100	295	1
101	101	1
101	294	1
102	102	1
102	293	1
103	103	1
103	292	1
104	104	1
104	291	1
105	105	1
105	290	1
106	106	1
106	289	1
107	107	1
107	288	1
108	108	1
108	287	1
109	109	1
109	286	1
110	110	1
110	114	1
110	242	1
110	258	1
110	285	1
111	111	1
111	112	1
111	113	1
111	115	1
111	116	1
111	126	1
111	127	1
111	128	1
111	129	1
111	130	1
111	142	1
111	184	1
111	186	1
111	198	1
111	199	1
111	200	1
111	212	1
111	213	1
111	214	1
111	215	1
111	216	1
111	226	1
111	227	1
111	228	1
111	229	1
111	230	1
111	240	1
111	241	1
111	243	1
111	244	1
111	245	1
111	246	1
111	256	1
111	257	1
111	259	1
111	260	1
111	270	1
111	271	1
111	272	1
111	273	1
111	274	1
111	284	1
112	111	1
112	117	1
112	118	1
112	124	22
112	125	1
112	131	1
112	132	1
112	140	1
112	141	1
112	143	1
112	144	1
112	154	1
112	155	1
112	156	1
112	157	1
112	158	1
112	170	1
112	171	1
112	172	1
112	182	1
112	183	1
112	185	1
112	187	1
112	188	1
112	196	1
112	197	1
112	201	1
112	202	1
112	210	1
112	211	1
112	217	1
112	218	1
112	224	22
112	225	1
112	231	1
112	232	1
112	238	22
112	239	1
112	247	1
112	248	1
112	254	22
112	255	1
112	261	1
112	262	1
112	268	22
112	269	1
112	275	1
112	276	1
112	282	1
112	283	1
112	285	22
113	111	1
113	119	1
113	120	1
113	122	19
113	123	20
113	133	1
113	134	22
113	138	21
113	139	1
113	145	1
113	146	1
113	152	22
113	153	1
113	159	1
113	160	1
113	168	1
113	169	1
113	173	1
113	174	1
113	180	1
113	181	1
113	189	1
113	190	22
113	194	21
113	195	1
113	203	1
113	204	1
113	208	20
113	209	1
113	219	1
113	220	1
113	222	1
113	223	1
113	233	1
113	234	21
113	236	22
113	237	20
113	249	1
113	250	1
113	252	1
113	253	1
113	263	1
113	264	19
113	266	21
113	267	21
113	277	1
113	278	1
113	280	1
113	281	1
113	286	21
114	110	1
114	121	1
114	135	20
114	137	21
114	147	1
114	148	21
114	150	22
114	151	21
114	161	1
114	162	22
114	166	21
114	167	1
114	175	1
114	176	1
114	178	19
114	179	1
114	191	1
114	193	21
114	205	1
114	207	20
114	221	1
114	235	22
114	251	1
114	265	19
114	279	1
114	287	21
115	110	1
115	121	1
115	136	20
115	149	22
115	163	20
115	165	21
115	177	19
115	192	1
115	206	1
115	221	1
115	235	17
115	251	1
115	265	19
115	279	1
115	288	1
116	109	1
116	121	19
116	136	21
116	149	1
116	164	19
116	177	19
116	192	1
116	206	20
116	221	1
116	235	19
116	251	1
116	265	21
116	279	1
116	288	1
117	109	1
117	121	1
117	136	1
117	149	1
117	164	21
117	177	1
117	192	1
117	206	18
117	221	1
117	235	17
117	251	1
117	265	17
117	279	1
117	289	1
118	108	1
118	121	1
118	136	1
118	149	1
118	164	1
118	177	19
118	192	1
118	206	1
118	221	1
118	235	17
118	251	1
118	265	17
118	279	1
118	289	1
119	108	1
119	121	19
119	136	1
119	149	1
119	164	1
119	177	1
119	192	1
119	206	1
119	221	1
119	235	19
119	251	1
119	265	19
119	279	1
119	290	1
120	101	15
120	102	1
120	103	1
120	104	1
120	105	1
120	106	1
120	107	1
120	121	1
120	136	1
120	149	1
120	164	1
120	177	1
120	192	1
120	206	1
120	221	1
120	235	1
120	251	1
120	265	1
120	279	1
120	290	1
121	100	1
121	107	1
121	121	1
121	136	1
121	149	1
121	164	1
121	177	1
121	192	1
121	206	1
121	221	1
121	235	1
121	251	1
121	265	1
121	279	1
121	291	1
122	99	1
122	107	1
122	121	1
122	136	1
122	149	1
122	164	1
122	177	1
122	192	1
122	206	1
122	221	1
122	235	17
122	251	1
122	265	17
122	279	1
122	291	1
123	98	1
123	107	1
123	121	1
123	136	1
123	149	1
123	164	1
123	177	1
123	192	1
123	206	1
123	221	1
123	235	1
123	251	1
123	265	1
123	279	1
123	292	1
124	97	1
124	107	1
124	121	1
124	136	1
124	149	1
124	164	1
124	177	1
124	192	1
124	206	1
124	221	1
124	235	1
124	251	1
124	265	1
124	279	1
124	292	1
125	97	1
125	107	1
125	121	1
125	136	1
125	149	1
125	164	1
125	177	1
125	192	1
125	206	1
125	221	1
125	235	1
125	251	1
125	265	1
125	279	1
125	293	1
126	96	1
126	107	1
126	121	1
126	136	1
126	149	1
126	164	1
126	177	1
126	192	1
126	206	1
126	221	1
126	235	1
126	251	1
126	265	1
126	279	1
126	293	1
127	96	1
127	107	1
127	121	1
127	136	1
127	149	1
127	164	1
127	177	1
127	192	1
127	206	1
127	221	1
127	235	1
127	251	1
127	265	1
127	279	1
127	294	1
127	295	1
127	296	22
127	297	22
127	298	1
127	299	1
127	300	21
128	95	1
128	107	1
128	121	1
128	136	1
128	149	1
128	164	1
128	177	1
128	192	1
128	206	1
128	221	1
128	235	1
128	251	1
128	265	1
128	279	1
128	294	1
128	301	1
129	95	1
129	107	1
129	121	1
129	136	1
129	149	1
129	164	1
129	177	1
129	192	1
129	206	1
129	221	1
129	235	1
129	251	1
129	265	1
129	279	1
129	294	1
129	302	1
130	94	1
130	107	1
130	121	1
130	136	1
130	149	1
130	164	1
130	177	1
130	192	1
130	206	1
130	221	1
130	235	1
130	251	1
130	265	1
130	279	1
130	294	1
130	303	1
131	94	1
131	107	1
131	121	1
131	136	1
131	149	1
131	164	1
131	177	1
131	192	1
131	206	1
131	221	1
131	235	1
131	251	1
131	265	1
131	279	1
131	294	1
131	304	1
132	93	1
132	107	1
132	121	1
132	136	6
132	149	1
132	164	8
132	177	1
132	192	1
132	206	5
132	221	1
132	235	5
132	251	5
132	265	1
132	279	1
132	294	1
132	304	1
133	93	1
133	107	1
133	121	1
133	136	6
133	149	1
133	164	8
133	177	1
133	192	1
133	206	5
133	221	1
133	235	5
133	251	5
133	265	1
133	279	1
133	294	1
133	305	1
134	92	1
134	107	1
134	121	1
134	136	6
134	149	1
134	164	8
134	177	1
134	192	1
134	206	5
134	221	1
134	235	5
134	251	5
134	265	1
134	279	1
134	294	1
134	305	1
135	92	1
135	107	1
135	121	1
135	136	6
135	149	1
135	164	8
135	177	1
135	192	1
135	206	5
135	221	1
135	235	5
135	251	5
135	265	5
135	279	1
135	294	1
135	306	1
136	84	22
136	85	20
136	86	9
136	87	6
136	88	1
136	89	7
136	90	1
136	91	1
136	107	1
136	121	1
136	136	6
136	149	1
136	164	8
136	177	1
136	192	1
136	206	5
136	221	1
136	235	5
136	251	5
136	265	5
136	279	1
136	294	1
136	306	1
137	83	9
137	91	1
137	107	1
137	121	1
137	136	6
137	149	1
137	164	8
137	177	1
137	192	1
137	206	5
137	221	1
137	235	5
137	251	5
137	265	5
137	279	1
137	294	1
137	307	1
138	82	9
138	91	1
138	107	1
138	121	1
138	136	6
138	149	1
138	164	8
138	177	1
138	192	1
138	206	5
138	221	1
138	235	5
138	251	5
138	265	5
138	279	1
138	294	1
138	307	1
139	82	9
139	91	1
139	107	1
139	121	1
139	136	6
139	149	1
139	164	8
139	177	1
139	192	1
139	206	5
139	221	1
139	235	5
139	251	5
139	265	5
139	279	1
139	294	1
139	308	1
140	81	9
140	91	7
140	107	1
140	121	1
140	136	6
140	149	1
140	164	8
140	177	1
140	192	1
140	206	5
140	221	1
140	235	5
140	251	5
140	265	5
140	279	1
140	294	1
140	308	1
141	81	9
141	91	7
141	107	1
141	121	1
141	136	6
141	149	1
141	164	8
141	177	1
141	192	1
141	206	5
141	221	1
141	235	5
141	251	5
141	265	5
141	279	1
141	294	1
141	309	1
142	80	6
142	91	1
142	107	1
142	121	1
142	136	6
142	149	1
142	164	8
142	177	1
142	192	1
142	206	5
142	221	1
142	235	5
142	251	5
142	265	5
142	279	1
142	294	1
142	309	1
143	80	6
143	91	7
143	107	1
143	121	1
143	136	6
143	149	1
143	164	8
143	177	1
143	192	1
143	206	5
143	221	1
143	235	5
143	251	5
143	265	5
143	279	1
143	294	1
143	310	1
143	311	1
143	312	1
143	313	1
143	314	1
143	315	1
144	79	6
144	91	7
144	107	1
144	121	1
144	136	6
144	149	1
144	164	8
144	177	1
144	192	1
144	206	5
144	221	1
144	235	5
144	251	5
144	265	5
144	279	1
144	294	1
144	310	1
144	316	1
145	79	6
145	91	7
145	107	1
145	121	1
145	136	6
145	149	1
145	164	8
145	177	6
145	192	1
145	206	5
145	221	1
145	235	5
145	251	5
145	265	5
145	279	1
145	294	1
145	310	1
145	317	1
146	78	6
146	91	7
146	107	1
146	121	1
146	136	6
146	149	1
146	164	8
146	177	6
146	192	1
146	206	5
146	221	1
146	235	5
146	251	5
146	265	5
146	279	1
146	294	1
146	310	1
146	318	1
147	78	6
147	91	7
147	107	1
147	121	1
147	136	6
147	149	1
147	164	8
147	177	6
147	192	1
147	206	5
147	221	1
147	235	5
147	251	5
147	265	5
147	279	1
147	294	1
147	310	1
147	319	21
148	77	6
148	91	1
148	107	1
148	121	1
148	136	6
148	149	1
148	164	8
148	177	6
148	192	1
148	206	5
148	221	1
148	235	5
148	251	5
148	265	5
148	279	1
148	294	1
148	310	1
148	319	1
149	77	6
149	91	1
149	107	1
149	121	1
149	136	6
149	149	1
149	164	8
149	177	6
149	192	1
149	206	5
149	221	1
149	235	5
149	251	5
149	265	5
149	279	1
149	294	1
149	310	1
149	320	1
150	70	21
150	71	1
150	72	1
150	73	6
150	74	6
150	75	6
150	76	6
150	91	1
150	107	1
150	121	1
150	136	6
150	149	1
150	164	8
150	177	6
150	192	1
150	206	5
150	221	1
150	235	5
150	251	5
150	265	5
150	279	6
150	294	1
150	310	1
150	320	1
151	69	1
151	76	6
151	91	1
151	107	1
151	121	1
151	136	6
151	149	1
151	164	8
151	177	6
151	192	1
151	206	5
151	221	1
151	235	5
151	251	5
151	265	5
151	279	6
151	294	1
151	310	1
151	321	1
152	68	1
152	76	6
152	91	1
152	107	1
152	121	1
152	136	6
152	149	1
152	164	8
152	177	6
152	192	1
152	206	5
152	221	1
152	235	5
152	251	5
152	265	5
152	279	6
152	294	1
152	310	1
152	321	1
153	67	1
153	76	6
153	91	1
153	107	1
153	121	1
153	136	6
153	149	1
153	164	8
153	177	6
153	192	1
153	206	5
153	221	1
153	235	5
153	251	5
153	265	5
153	279	6
153	294	1
153	310	1
153	322	1
154	66	1
154	76	6
154	91	1
154	107	1
154	121	1
154	136	6
154	149	1
154	164	8
154	177	6
154	192	1
154	206	5
154	221	1
154	235	5
154	251	5
154	265	5
154	279	6
154	294	1
154	310	1
154	322	1
155	66	1
155	76	6
155	91	1
155	107	1
155	121	4
155	136	6
155	149	1
155	164	8
155	177	6
155	192	1
155	206	5
155	221	1
155	235	5
155	251	5
155	265	5
155	279	6
155	294	1
155	310	1
155	323	1
156	65	1
156	76	6
156	91	1
156	107	1
156	121	4
156	136	6
156	149	1
156	164	8
156	177	6
156	192	1
156	206	5
156	221	1
156	235	5
156	251	5
156	265	5
156	279	6
156	294	1
156	310	1
156	323	1
157	65	1
157	76	6
157	91	1
157	107	1
157	121	4
157	136	6
157	149	1
157	164	8
157	177	6
157	192	1
157	206	5
157	221	1
157	235	5
157	251	5
157	265	5
157	279	6
157	294	1
157	310	1
157	324	1
157	325	1
157	326	1
157	327	1
157	328	1
157	329	21
158	64	1
158	76	9
158	91	1
158	107	1
158	121	4
158	136	6
158	149	1
158	164	8
158	177	6
158	192	1
158	206	5
158	221	1
158	235	5
158	251	5
158	265	5
158	279	6
158	294	1
158	310	1
158	324	1
158	330	1
159	64	1
159	76	1
159	91	1
159	107	1
159	121	4
159	136	6
159	149	1
159	164	8
159	177	6
159	192	1
159	206	5
159	221	1
159	235	5
159	251	5
159	265	5
159	279	6
159	294	1
159	310	1
159	324	1
159	331	1
160	63	1
160	76	1
160	91	1
160	107	1
160	121	4
160	136	6
160	149	1
160	164	8
160	177	6
160	192	1
160	206	5
160	221	1
160	235	5
160	251	5
160	265	5
160	279	6
160	294	1
160	310	1
160	324	1
160	332	1
161	63	1
161	76	1
161	91	1
161	107	1
161	121	4
161	136	6
161	149	1
161	164	8
161	177	6
161	192	5
161	206	5
161	221	1
161	235	5
161	251	5
161	265	5
161	279	6
161	294	1
161	310	1
161	324	1
161	333	1
162	62	1
162	76	1
162	91	1
162	107	1
162	121	4
162	136	6
162	149	6
162	164	8
162	177	6
162	192	5
162	206	5
162	221	1
162	235	5
162	251	5
162	265	1
162	279	6
162	294	1
162	310	1
162	324	1
162	333	1
163	62	1
163	76	1
163	91	1
163	107	1
163	121	4
163	136	6
163	149	6
163	164	8
163	177	6
163	192	5
163	206	5
163	221	1
163	235	5
163	251	5
163	265	1
163	279	6
163	294	1
163	310	1
163	324	1
163	334	1
164	61	1
164	76	1
164	91	1
164	107	1
164	121	4
164	136	6
164	149	6
164	164	8
164	177	6
164	192	5
164	206	5
164	221	1
164	235	5
164	251	5
164	265	1
164	279	6
164	294	1
164	310	1
164	324	1
164	334	1
165	61	1
165	76	1
165	91	1
165	107	1
165	121	4
165	136	6
165	149	6
165	164	8
165	177	6
165	192	5
165	206	5
165	221	1
165	235	5
165	251	5
165	265	1
165	279	6
165	294	6
165	310	1
165	324	1
165	335	1
166	55	16
166	56	1
166	57	1
166	58	1
166	59	1
166	60	1
166	76	1
166	91	1
166	107	1
166	121	4
166	136	6
166	149	6
166	164	8
166	177	6
166	192	5
166	206	5
166	221	1
166	235	5
166	251	5
166	265	1
166	279	6
166	294	6
166	310	1
166	324	1
166	335	1
167	54	1
167	60	1
167	76	1
167	91	1
167	107	3
167	121	4
167	136	6
167	149	6
167	164	8
167	177	6
167	192	5
167	206	5
167	221	1
167	235	5
167	251	5
167	265	1
167	279	6
167	294	6
167	310	1
167	324	1
167	336	1
168	53	1
168	60	1
168	76	1
168	91	1
168	107	3
168	121	4
168	136	6
168	149	6
168	164	8
168	177	6
168	192	5
168	206	5
168	221	1
168	235	5
168	251	5
168	265	1
168	279	6
168	294	6
168	310	1
168	324	1
168	336	1
169	52	1
169	60	1
169	76	1
169	91	1
169	107	3
169	121	4
169	136	6
169	149	6
169	164	8
169	177	6
169	192	5
169	206	5
169	221	1
169	235	5
169	251	5
169	265	1
169	279	6
169	294	6
169	310	1
169	324	1
169	337	1
170	51	1
170	60	1
170	76	1
170	91	1
170	107	3
170	121	4
170	136	6
170	149	6
170	164	8
170	177	6
170	192	5
170	206	5
170	221	1
170	235	5
170	251	5
170	265	1
170	279	6
170	294	6
170	310	1
170	324	1
170	337	1
171	51	1
171	60	1
171	76	1
171	91	1
171	107	3
171	121	4
171	136	6
171	149	6
171	164	8
171	177	6
171	192	5
171	206	5
171	221	1
171	235	5
171	251	5
171	265	1
171	279	6
171	294	6
171	310	1
171	324	1
171	338	1
171	339	1
171	340	1
171	341	1
171	342	17
171	343	19
172	50	1
172	60	1
172	76	1
172	91	1
172	107	3
172	121	4
172	136	6
172	149	6
172	164	8
172	177	6
172	192	5
172	206	5
172	221	1
172	235	5
172	251	5
172	265	1
172	279	6
172	294	6
172	310	1
172	324	1
172	338	1
172	344	17
173	50	1
173	60	1
173	76	1
173	91	1
173	107	3
173	121	4
173	136	6
173	149	6
173	164	8
173	177	6
173	192	5
173	206	5
173	221	1
173	235	5
173	251	5
173	265	5
173	279	6
173	294	6
173	310	1
173	324	1
173	338	1
173	345	17
174	49	1
174	60	1
174	76	1
174	91	1
174	107	3
174	121	4
174	136	6
174	149	6
174	164	8
174	177	6
174	192	5
174	206	5
174	221	1
174	235	5
174	251	5
174	265	5
174	279	6
174	294	1
174	310	1
174	324	1
174	338	1
174	346	17
175	49	1
175	60	1
175	76	1
175	91	1
175	107	3
175	121	4
175	136	6
175	149	6
175	164	8
175	177	6
175	192	5
175	206	5
175	221	3
175	235	5
175	251	5
175	265	5
175	279	6
175	294	1
175	310	1
175	324	1
175	338	1
175	347	21
176	48	1
176	60	1
176	76	1
176	91	1
176	107	3
176	121	4
176	136	6
176	149	6
176	164	8
176	177	6
176	192	5
176	206	5
176	221	3
176	235	5
176	251	5
176	265	5
176	279	6
176	294	1
176	310	1
176	324	1
176	338	1
176	347	17
177	48	1
177	60	1
177	76	1
177	91	1
177	107	3
177	121	4
177	136	6
177	149	6
177	164	8
177	177	6
177	192	5
177	206	5
177	221	3
177	235	5
177	251	5
177	265	5
177	279	6
177	294	1
177	310	1
177	324	1
177	338	1
177	348	17
178	47	1
178	60	1
178	76	1
178	91	1
178	107	3
178	121	4
178	136	6
178	149	6
178	164	8
178	177	6
178	192	5
178	206	5
178	221	3
178	235	5
178	251	5
178	265	5
178	279	6
178	294	1
178	310	1
178	324	1
178	338	1
178	348	1
179	47	1
179	60	1
179	76	1
179	91	1
179	107	3
179	121	4
179	136	6
179	149	6
179	164	8
179	177	6
179	192	5
179	206	5
179	221	3
179	235	5
179	251	5
179	265	5
179	279	6
179	294	1
179	310	6
179	324	1
179	338	1
179	349	1
180	46	1
180	60	1
180	76	1
180	91	1
180	107	3
180	121	4
180	136	6
180	149	6
180	164	8
180	177	6
180	192	5
180	206	5
180	221	3
180	235	5
180	251	5
180	265	5
180	279	6
180	294	1
180	310	6
180	324	1
180	338	1
180	349	1
181	46	1
181	60	1
181	76	1
181	91	1
181	107	3
181	121	4
181	136	6
181	149	6
181	164	8
181	177	6
181	192	5
181	206	5
181	221	3
181	235	5
181	251	5
181	265	5
181	279	6
181	294	1
181	310	6
181	324	1
181	338	1
181	350	1
182	39	22
182	40	18
182	41	1
182	42	1
182	43	1
182	44	1
182	45	1
182	60	1
182	76	1
182	91	1
182	107	3
182	121	4
182	136	6
182	149	6
182	164	8
182	177	6
182	192	5
182	206	5
182	221	3
182	235	5
182	251	5
182	265	5
182	279	6
182	294	1
182	310	6
182	324	1
182	338	1
182	350	1
183	38	1
183	45	1
183	60	1
183	76	1
183	91	4
183	107	3
183	121	4
183	136	6
183	149	6
183	164	8
183	177	6
183	192	5
183	206	5
183	221	3
183	235	5
183	251	5
183	265	5
183	279	6
183	294	1
183	310	6
183	324	1
183	338	1
183	351	1
184	37	1
184	45	1
184	60	1
184	76	1
184	91	4
184	107	1
184	121	4
184	136	6
184	149	6
184	164	8
184	177	6
184	192	5
184	206	5
184	221	3
184	235	5
184	251	5
184	265	5
184	279	6
184	294	1
184	310	6
184	324	1
184	338	1
184	351	1
185	37	1
185	45	1
185	60	1
185	76	1
185	91	4
185	107	1
185	121	4
185	136	6
185	149	6
185	164	8
185	177	6
185	192	5
185	206	5
185	221	3
185	235	5
185	251	5
185	265	5
185	279	6
185	294	1
185	310	6
185	324	1
185	338	1
185	352	1
185	353	1
185	354	1
185	355	19
185	356	1
185	357	1
186	36	1
186	45	1
186	60	1
186	76	1
186	91	4
186	107	1
186	121	4
186	136	6
186	149	6
186	164	8
186	177	6
186	192	5
186	206	5
186	221	3
186	235	5
186	251	5
186	265	5
186	279	6
186	294	1
186	310	6
186	324	1
186	338	1
186	352	1
186	358	1
187	36	1
187	45	1
187	60	1
187	76	1
187	91	4
187	107	1
187	121	4
187	136	6
187	149	6
187	164	8
187	177	6
187	192	5
187	206	5
187	221	3
187	235	5
187	251	5
187	265	1
187	279	6
187	294	1
187	310	6
187	324	1
187	338	1
187	352	1
187	359	1
188	35	1
188	45	1
188	60	1
188	76	1
188	91	4
188	107	1
188	121	4
188	136	6
188	149	6
188	164	8
188	177	6
188	192	5
188	206	5
188	221	3
188	235	5
188	251	5
188	265	1
188	279	6
188	294	6
188	310	1
188	324	1
188	338	1
188	352	1
188	360	1
189	35	1
189	45	1
189	60	1
189	76	4
189	91	4
189	107	1
189	121	4
189	136	6
189	149	6
189	164	8
189	177	6
189	192	5
189	206	5
189	221	3
189	235	5
189	251	5
189	265	1
189	279	6
189	294	6
189	310	1
189	324	1
189	338	1
189	352	1
189	361	1
190	34	1
190	45	1
190	60	1
190	76	4
190	91	4
190	107	1
190	121	4
190	136	6
190	149	6
190	164	8
190	177	6
190	192	5
190	206	5
190	221	3
190	235	5
190	251	5
190	265	1
190	279	6
190	294	6
190	310	1
190	324	1
190	338	1
190	352	1
190	361	1
191	34	1
191	45	1
191	60	1
191	76	4
191	91	4
191	107	1
191	121	4
191	136	6
191	149	6
191	164	8
191	177	6
191	192	5
191	206	5
191	221	3
191	235	5
191	251	5
191	265	1
191	279	6
191	294	6
191	310	1
191	324	1
191	338	1
191	352	1
191	362	1
192	33	1
192	45	1
192	60	1
192	76	4
192	91	4
192	107	1
192	121	4
192	136	6
192	149	6
192	164	8
192	177	6
192	192	5
192	206	5
192	221	3
192	235	5
192	251	5
192	265	1
192	279	6
192	294	6
192	310	1
192	324	1
192	338	1
192	352	1
192	362	1
193	33	1
193	45	1
193	60	1
193	76	4
193	91	4
193	107	1
193	121	4
193	136	6
193	149	6
193	164	8
193	177	6
193	192	5
193	206	5
193	221	3
193	235	5
193	251	5
193	265	5
193	279	6
193	294	6
193	310	1
193	324	6
193	338	1
193	352	1
193	363	1
194	32	1
194	45	1
194	60	1
194	76	4
194	91	4
194	107	1
194	121	4
194	136	6
194	149	6
194	164	8
194	177	6
194	192	5
194	206	5
194	221	3
194	235	5
194	251	5
194	265	5
194	279	6
194	294	6
194	310	1
194	324	6
194	338	1
194	352	1
194	363	1
195	32	1
195	45	1
195	60	1
195	76	4
195	91	4
195	107	1
195	121	4
195	136	6
195	149	6
195	164	8
195	177	6
195	192	5
195	206	5
195	221	3
195	235	5
195	251	5
195	265	5
195	279	6
195	294	6
195	310	1
195	324	6
195	338	1
195	352	1
195	364	1
196	25	1
196	26	1
196	27	1
196	28	1
196	29	1
196	30	1
196	31	1
196	45	1
196	60	1
196	76	4
196	91	4
196	107	1
196	121	4
196	136	6
196	149	6
196	164	8
196	177	6
196	192	5
196	206	5
196	221	3
196	235	5
196	251	5
196	265	5
196	279	6
196	294	6
196	310	1
196	324	6
196	338	1
196	352	1
196	364	1
197	24	1
197	31	1
197	45	1
197	60	1
197	76	4
197	91	4
197	107	1
197	121	4
197	136	6
197	149	6
197	164	8
197	177	6
197	192	5
197	206	5
197	221	3
197	235	5
197	251	5
197	265	5
197	279	6
197	294	6
197	310	6
197	324	6
197	338	1
197	352	1
197	365	1
198	23	1
198	31	1
198	45	1
198	60	1
198	76	4
198	91	4
198	107	1
198	121	4
198	136	6
198	149	6
198	164	8
198	177	6
198	192	5
198	206	5
198	221	3
198	235	5
198	251	5
198	265	5
198	279	6
198	294	6
198	310	6
198	324	6
198	338	1
198	352	1
198	365	1
199	22	1
199	31	1
199	45	1
199	60	1
199	76	4
199	91	4
199	107	1
199	121	4
199	136	6
199	149	6
199	164	8
199	177	6
199	192	5
199	206	5
199	221	3
199	235	5
199	251	5
199	265	5
199	279	6
199	294	6
199	310	6
199	324	6
199	338	1
199	352	1
199	366	1
200	21	1
200	31	1
200	45	1
200	60	1
200	76	4
200	91	4
200	107	3
200	121	4
200	136	6
200	149	6
200	164	8
200	177	6
200	192	5
200	206	5
200	221	3
200	235	5
200	251	5
200	265	5
200	279	6
200	294	6
200	310	6
200	324	6
200	338	1
200	352	1
200	366	1
201	21	1
201	31	1
201	45	1
201	60	1
201	76	4
201	91	4
201	107	1
201	121	4
201	136	6
201	149	6
201	164	8
201	177	6
201	192	5
201	206	5
201	221	3
201	235	5
201	251	5
201	265	5
201	279	6
201	294	6
201	310	6
201	324	6
201	338	1
201	352	1
201	367	1
201	368	1
201	369	1
201	370	1
201	371	1
201	372	1
201	373	1
202	20	1
202	31	1
202	45	1
202	60	1
202	76	4
202	91	4
202	107	1
202	121	4
202	136	6
202	149	6
202	164	8
202	177	6
202	192	5
202	206	5
202	221	3
202	235	5
202	251	5
202	265	5
202	279	6
202	294	6
202	310	6
202	324	1
202	338	1
202	352	1
202	367	1
202	374	1
203	20	1
203	31	1
203	45	1
203	60	1
203	76	4
203	91	4
203	107	1
203	121	4
203	136	6
203	149	6
203	164	8
203	177	6
203	192	5
203	206	5
203	221	3
203	235	5
203	251	5
203	265	5
203	279	6
203	294	6
203	310	6
203	324	1
203	338	1
203	352	1
203	367	1
203	375	1
204	19	1
204	31	1
204	45	1
204	60	1
204	76	4
204	91	4
204	107	1
204	121	4
204	136	6
204	149	6
204	164	8
204	177	6
204	192	5
204	206	5
204	221	3
204	235	5
204	251	5
204	265	5
204	279	6
204	294	6
204	310	6
204	324	1
204	338	1
204	352	1
204	367	1
204	376	1
205	19	1
205	31	1
205	45	1
205	60	1
205	76	4
205	91	4
205	107	1
205	121	4
205	136	6
205	149	6
205	164	8
205	177	6
205	192	5
205	206	5
205	221	3
205	235	5
205	251	5
205	265	5
205	279	6
205	294	6
205	310	6
205	324	1
205	338	1
205	352	1
205	367	1
205	377	1
206	18	1
206	31	1
206	45	1
206	60	1
206	76	4
206	91	4
206	107	1
206	121	4
206	136	6
206	149	6
206	164	8
206	177	6
206	192	5
206	206	5
206	221	3
206	235	5
206	251	5
206	265	5
206	279	6
206	294	6
206	310	6
206	324	1
206	338	1
206	352	1
206	367	1
206	377	1
207	18	1
207	31	1
207	45	1
207	60	1
207	76	4
207	91	4
207	107	1
207	121	4
207	136	6
207	149	6
207	164	8
207	177	6
207	192	5
207	206	5
207	221	3
207	235	5
207	251	5
207	265	5
207	279	6
207	294	6
207	310	6
207	324	1
207	338	5
207	352	1
207	367	1
207	378	1
208	17	1
208	31	1
208	45	1
208	60	1
208	76	4
208	91	4
208	107	1
208	121	4
208	136	6
208	149	6
208	164	8
208	177	6
208	192	5
208	206	5
208	221	3
208	235	5
208	251	5
208	265	5
208	279	6
208	294	6
208	310	6
208	324	1
208	338	5
208	352	1
208	367	1
208	378	1
209	17	1
209	31	1
209	45	1
209	60	1
209	76	4
209	91	4
209	107	1
209	121	4
209	136	6
209	149	6
209	164	8
209	177	6
209	192	5
209	206	5
209	221	3
209	235	5
209	251	5
209	265	5
209	279	6
209	294	6
209	310	6
209	324	1
209	338	5
209	352	1
209	367	1
209	379	1
210	16	1
210	31	1
210	45	1
210	60	1
210	76	4
210	91	4
210	107	1
210	121	4
210	136	6
210	149	6
210	164	8
210	177	6
210	192	5
210	206	5
210	221	3
210	235	5
210	251	5
210	265	5
210	279	6
210	294	6
210	310	6
210	324	6
210	338	1
210	352	1
210	367	1
210	379	1
211	16	1
211	31	1
211	45	1
211	60	1
211	76	4
211	91	4
211	107	1
211	121	4
211	136	6
211	149	6
211	164	8
211	177	6
211	192	5
211	206	5
211	221	3
211	235	5
211	251	5
211	265	5
211	279	6
211	294	6
211	310	6
211	324	6
211	338	5
211	352	1
211	367	1
211	380	1
212	13	1
212	14	1
212	15	1
212	31	1
212	45	1
212	60	1
212	76	4
212	91	4
212	107	3
212	121	4
212	136	6
212	149	6
212	164	8
212	177	6
212	192	5
212	206	5
212	221	3
212	235	5
212	251	5
212	265	5
212	279	6
212	294	6
212	310	6
212	324	6
212	338	5
212	352	1
212	367	1
212	380	1
213	12	22
213	15	1
213	31	1
213	45	1
213	60	1
213	76	4
213	91	4
213	107	3
213	121	4
213	136	6
213	149	6
213	164	8
213	177	6
213	192	5
213	206	5
213	221	3
213	235	5
213	251	5
213	265	5
213	279	6
213	294	6
213	310	6
213	324	6
213	338	5
213	352	1
213	367	1
213	381	1
214	11	22
214	15	1
214	31	1
214	45	1
214	60	1
214	76	4
214	91	4
214	107	3
214	121	4
214	136	6
214	149	6
214	164	8
214	177	6
214	192	5
214	206	5
214	221	3
214	235	5
214	251	5
214	265	5
214	279	6
214	294	6
214	310	6
214	324	6
214	338	5
214	352	1
214	367	1
214	381	1
215	11	21
215	15	1
215	31	1
215	45	1
215	60	1
215	76	4
215	91	4
215	107	3
215	121	4
215	136	6
215	149	6
215	164	8
215	177	6
215	192	5
215	206	5
215	221	3
215	235	5
215	251	5
215	265	5
215	279	6
215	294	6
215	310	6
215	324	6
215	338	5
215	352	1
215	367	1
215	382	1
215	383	1
215	384	1
215	385	1
215	386	1
215	387	1
215	388	1
216	10	20
216	15	1
216	31	1
216	45	1
216	60	3
216	76	4
216	91	4
216	107	1
216	121	4
216	136	6
216	149	6
216	164	8
216	177	6
216	192	5
216	206	5
216	221	3
216	235	5
216	251	5
216	265	5
216	279	6
216	294	6
216	310	6
216	324	6
216	338	5
216	352	1
216	367	1
216	382	1
216	389	1
217	10	20
217	15	1
217	31	1
217	45	1
217	60	3
217	76	4
217	91	4
217	107	1
217	121	4
217	136	6
217	149	6
217	164	8
217	177	6
217	192	5
217	206	5
217	221	3
217	235	5
217	251	5
217	265	5
217	279	6
217	294	6
217	310	6
217	324	6
217	338	1
217	352	1
217	367	1
217	382	1
217	390	1
218	9	1
218	15	1
218	31	1
218	45	1
218	60	3
218	76	4
218	91	4
218	107	1
218	121	4
218	136	6
218	149	6
218	164	8
218	177	6
218	192	5
218	206	5
218	221	3
218	235	5
218	251	5
218	265	5
218	279	6
218	294	6
218	310	6
218	324	6
218	338	1
218	352	1
218	367	1
218	382	15
218	390	1
219	9	1
219	15	1
219	31	1
219	45	1
219	60	3
219	76	4
219	91	4
219	107	1
219	121	4
219	136	6
219	149	6
219	164	8
219	177	6
219	192	5
219	206	5
219	221	3
219	235	5
219	251	5
219	265	5
219	279	6
219	294	6
219	310	6
219	324	6
219	338	1
219	352	1
219	367	1
219	382	1
219	391	1
220	8	1
220	15	1
220	31	1
220	45	1
220	60	3
220	76	4
220	91	4
220	107	1
220	121	4
220	136	6
220	149	6
220	164	8
220	177	6
220	192	5
220	206	5
220	221	3
220	235	5
220	251	5
220	265	5
220	279	6
220	294	6
220	310	6
220	324	6
220	338	1
220	352	1
220	367	1
220	382	1
220	391	1
221	8	1
221	15	1
221	31	1
221	45	1
221	60	3
221	76	4
221	91	4
221	107	1
221	121	4
221	136	6
221	149	6
221	164	8
221	177	6
221	192	5
221	206	5
221	221	3
221	235	5
221	251	5
221	265	5
221	279	6
221	294	6
221	310	6
221	324	6
221	338	1
221	352	5
221	367	1
221	382	1
221	392	1
222	3	22
222	4	21
222	5	1
222	6	1
222	7	1
222	15	1
222	31	1
222	45	1
222	61	3
222	75	4
222	91	4
222	106	1
222	121	4
222	136	6
222	149	6
222	164	8
222	177	6
222	192	5
222	206	5
222	221	3
222	235	5
222	251	5
222	265	5
222	279	6
222	294	6
222	310	6
222	324	6
222	338	1
222	352	1
222	367	1
222	382	1
222	392	1
223	2	20
223	7	1
223	16	1
223	31	1
223	45	1
223	60	3
223	75	4
223	91	4
223	106	1
223	121	4
223	136	6
223	149	6
223	164	8
223	177	6
223	192	5
223	206	5
223	221	3
223	236	5
223	250	5
223	265	5
223	280	6
223	294	6
223	310	6
223	324	6
223	338	1
223	352	6
223	367	1
223	382	1
223	393	1
224	1	1
224	7	1
224	16	1
224	31	1
224	46	1
224	60	3
224	75	4
224	91	4
224	106	1
224	120	4
224	135	6
224	149	6
224	164	8
224	177	6
224	191	5
224	207	5
224	221	3
224	236	5
224	251	5
224	265	5
224	280	6
224	295	6
224	309	6
224	323	6
224	337	1
224	353	6
224	367	1
224	381	1
224	393	1
225	7	1
225	17	1
225	31	1
225	45	1
225	60	3
225	75	4
225	91	4
225	106	1
225	121	4
225	135	6
225	149	6
225	164	8
225	177	6
225	192	5
225	207	5
225	221	3
225	235	5
225	251	5
225	265	5
225	279	6
225	295	6
225	309	6
225	323	6
225	337	1
225	353	6
225	367	1
225	382	1
225	394	1
226	8	1
226	16	1
226	31	1
226	46	1
226	60	3
226	75	4
226	91	4
226	106	1
226	120	4
226	135	6
226	150	6
226	163	8
226	178	6
226	192	5
226	206	5
226	220	3
226	236	5
226	250	5
226	265	5
226	280	6
226	294	6
226	310	6
226	324	6
226	338	5
226	352	6
226	366	1
226	381	1
226	393	1
227	8	1
227	17	1
227	31	1
227	45	1
227	60	3
227	75	4
227	91	4
227	105	1
227	121	4
227	135	6
227	149	6
227	163	8
227	177	6
227	192	5
227	207	5
227	221	3
227	235	5
227	251	5
227	265	5
227	279	6
227	295	6
227	309	6
227	323	6
227	337	5
227	353	6
227	367	1
227	381	1
227	394	1
228	8	1
228	16	1
228	31	1
228	46	1
228	60	3
228	75	4
228	91	4
228	106	1
228	121	4
228	135	6
228	149	6
228	162	8
228	177	6
228	192	5
228	206	5
228	220	3
228	236	5
228	250	5
228	265	5
228	280	6
228	294	6
228	310	6
228	324	6
228	338	5
228	352	6
228	366	1
228	381	1
228	393	1
229	9	1
229	15	1
229	31	1
229	46	4
229	59	3
229	76	4
229	91	4
229	106	1
229	121	4
229	135	6
229	149	6
229	163	8
229	178	6
229	192	5
229	207	5
229	221	3
229	235	5
229	251	5
229	265	5
229	279	6
229	295	6
229	309	6
229	324	6
229	338	1
229	353	6
229	367	1
229	382	1
229	394	1
230	9	1
230	15	1
230	31	1
230	46	4
230	59	1
230	75	4
230	91	4
230	106	3
230	121	4
230	136	6
230	149	6
230	163	8
230	177	6
230	193	5
230	206	5
230	220	3
230	236	5
230	250	5
230	265	5
230	280	6
230	294	6
230	310	6
230	324	6
230	338	1
230	352	6
230	367	1
230	381	1
230	394	1
231	10	1
231	14	1
231	31	1
231	46	4
231	59	1
231	75	4
231	92	4
231	106	3
231	121	4
231	135	6
231	149	6
231	163	8
231	178	6
231	192	5
231	206	5
231	221	3
231	235	5
231	250	5
231	265	5
231	279	6
231	295	6
231	309	6
231	324	6
231	338	1
231	353	6
231	366	1
231	382	1
231	394	1
232	11	1
232	14	1
232	30	1
232	45	4
232	58	22
232	75	4
232	91	4
232	106	3
232	121	4
232	136	6
232	149	6
232	163	8
232	177	6
232	192	5
232	207	5
232	220	3
232	236	5
232	251	5
232	265	5
232	280	6
232	295	6
232	310	6
232	324	6
232	338	1
232	353	6
232	367	1
232	381	1
232	394	1
233	12	1
233	13	1
233	31	1
233	46	4
233	59	3
233	75	4
233	92	4
233	107	3
233	121	4
233	135	6
233	150	6
233	163	8
233	178	6
233	193	22
233	194	22
233	206	5
233	221	3
233	235	5
233	250	5
233	265	5
233	279	6
233	294	6
233	311	6
233	324	6
233	338	1
233	353	6
233	366	1
233	382	1
233	394	1
234	14	1
234	30	1
234	45	4
234	58	3
234	74	4
234	91	4
234	106	3
234	121	4
234	136	6
234	146	22
234	147	22
234	148	22
234	149	6
234	162	8
234	177	6
234	192	5
234	195	21
234	196	5
234	197	5
234	207	5
234	220	3
234	235	5
234	250	5
234	265	5
234	279	6
234	294	6
234	310	6
234	324	6
234	338	1
234	353	6
234	367	1
234	382	1
234	394	1
235	14	1
235	31	1
235	46	4
235	59	3
235	75	4
235	92	4
235	107	3
235	121	4
235	137	6
235	150	6
235	162	8
235	163	8
235	164	8
235	178	6
235	192	5
235	198	5
235	199	5
235	208	22
235	209	22
235	210	22
235	221	3
235	235	5
235	250	5
235	265	5
235	279	6
235	292	6
235	293	6
235	311	6
235	324	6
235	338	1
235	354	6
235	366	1
235	382	1
235	394	1
236	15	22
236	30	1
236	45	4
236	58	3
236	74	4
236	92	4
236	106	3
236	121	4
236	136	6
236	149	6
236	159	8
236	160	8
236	161	8
236	165	8
236	166	8
236	177	6
236	191	5
236	207	5
236	220	3
236	235	5
236	250	5
236	265	5
236	279	6
236	289	6
236	290	6
236	291	6
236	294	6
236	311	6
236	325	6
236	338	5
236	353	6
236	367	1
236	382	1
236	394	1
237	15	22
237	30	1
237	46	4
237	57	3
237	68	4
237	69	4
237	70	4
237	71	4
237	72	4
237	73	4
237	92	4
237	107	3
237	121	4
237	137	6
237	149	6
237	157	22
237	158	8
237	167	8
237	168	8
237	177	6
237	190	5
237	207	5
237	220	3
237	235	5
237	251	5
237	265	5
237	279	6
237	287	6
237	288	6
237	295	6
237	311	6
237	324	6
237	338	5
237	353	6
237	367	6
237	383	1
237	394	1
238	1	22
238	14	1
238	30	1
238	45	4
238	58	3
238	74	4
238	91	4
238	93	22
238	106	3
238	120	4
238	137	6
238	149	6
238	156	22
238	177	6
238	190	5
238	207	5
238	220	3
238	235	5
238	250	5
238	265	5
238	278	6
238	295	6
238	311	6
238	324	6
238	338	5
238	353	6
238	367	6
238	383	1
238	394	1
239	2	22
239	15	1
239	31	1
239	46	4
239	57	3
239	75	4
239	90	4
239	94	4
239	107	3
239	121	4
239	137	6
239	150	6
239	177	6
239	189	5
239	207	5
239	220	3
239	235	5
239	251	5
239	265	5
239	279	6
239	296	6
239	311	6
239	324	6
239	337	5
239	352	6
239	367	6
239	383	1
239	394	1
240	2	22
240	14	1
240	30	1
240	45	4
240	58	3
240	75	4
240	90	4
240	94	4
240	106	3
240	121	4
240	137	6
240	149	6
240	177	6
240	189	5
240	207	5
240	220	3
240	235	5
240	251	5
240	265	5
240	278	6
240	297	6
240	311	6
240	324	6
240	338	5
240	352	6
240	367	6
240	383	1
240	394	1
241	3	20
241	14	1
241	30	1
241	46	4
241	58	3
241	76	4
241	89	4
241	95	4
241	107	3
241	121	4
241	138	6
241	150	6
241	176	6
241	189	5
241	207	5
241	220	3
241	234	5
241	252	5
241	265	5
241	279	6
241	297	6
241	311	6
241	324	6
241	337	5
241	351	6
241	367	6
241	383	1
241	394	1
242	3	20
242	4	20
242	14	1
242	31	1
242	45	4
242	58	3
242	76	4
242	88	4
242	95	4
242	107	3
242	121	4
242	137	6
242	150	6
242	177	6
242	189	5
242	206	5
242	220	3
242	235	5
242	252	5
242	265	5
242	278	6
242	298	6
242	311	6
242	324	6
242	337	5
242	352	6
242	367	6
242	383	1
242	393	1
243	2	20
243	5	20
243	14	20
243	31	1
243	46	4
243	58	3
243	77	4
243	88	4
243	96	4
243	107	3
243	121	4
243	138	6
243	150	6
243	177	6
243	190	5
243	207	5
243	220	3
243	236	5
243	237	5
243	253	5
243	265	5
243	279	6
243	297	6
243	312	20
243	324	6
243	337	5
243	351	6
243	367	6
243	383	1
243	394	1
244	1	13
244	6	18
244	13	1
244	30	1
244	45	4
244	58	3
244	77	4
244	87	4
244	96	1
244	107	3
244	122	4
244	138	6
244	151	6
244	176	6
244	190	5
244	206	5
244	220	3
244	235	5
244	238	22
244	252	5
244	266	5
244	279	6
244	298	21
244	311	6
244	323	6
244	337	5
244	351	6
244	367	1
244	383	1
244	393	1
245	7	13
245	8	13
245	14	1
245	30	1
245	31	1
245	46	4
245	58	1
245	77	4
245	87	4
245	97	1
245	107	3
245	123	4
245	138	6
245	152	6
245	175	6
245	177	22
245	190	5
245	206	5
245	220	3
245	234	5
245	239	1
245	253	5
245	265	5
245	279	6
245	298	6
245	312	6
245	324	6
245	338	5
245	352	6
245	368	1
245	382	1
245	394	1
246	13	1
246	29	1
246	32	22
246	45	4
246	57	1
246	76	4
246	86	1
246	97	1
246	107	1
246	122	4
246	139	6
246	151	6
246	174	6
246	177	6
246	190	5
246	206	5
246	220	3
246	233	5
246	253	5
246	266	5
246	280	6
246	297	6
246	311	6
246	323	6
246	337	5
246	351	6
246	368	1
246	383	1
246	394	1
247	14	1
247	29	4
247	33	4
247	46	4
247	58	1
247	77	4
247	86	1
247	97	1
247	108	1
247	123	4
247	138	6
247	152	6
247	174	6
247	178	6
247	190	5
247	205	5
247	220	1
247	233	5
247	252	5
247	266	5
247	280	6
247	293	22
247	294	6
247	295	6
247	296	6
247	312	6
247	323	6
247	338	5
247	352	6
247	368	1
247	382	1
247	394	1
248	13	1
248	28	4
248	34	4
248	45	4
248	57	1
248	76	4
248	87	4
248	94	22
248	95	22
248	96	1
248	97	1
248	107	1
248	124	4
248	125	1
248	126	1
248	127	22
248	139	6
248	151	6
248	173	6
248	179	6
248	191	5
248	206	5
248	221	1
248	232	5
248	252	5
248	265	5
248	280	6
248	291	6
248	292	6
248	297	6
248	311	1
248	323	6
248	337	1
248	351	6
248	369	1
248	383	1
248	394	1
249	14	1
249	28	4
249	46	4
249	58	1
249	76	4
249	87	1
249	98	22
249	108	1
249	123	1
249	128	22
249	138	6
249	152	6
249	172	6
249	179	6
249	191	5
249	205	5
249	220	1
249	233	5
249	252	1
249	266	5
249	280	6
249	290	6
249	298	6
249	312	1
249	323	6
249	338	1
249	352	6
249	368	1
249	382	1
250	13	1
250	27	4
250	45	4
250	57	1
250	75	4
250	87	1
250	97	1
250	107	1
250	122	1
250	128	1
250	139	6
250	151	6
250	172	6
250	180	6
250	191	5
250	204	5
250	221	1
250	232	5
250	252	1
250	265	5
250	281	6
250	289	6
250	299	6
250	312	1
250	323	6
250	339	1
250	352	6
250	369	1
250	383	1
251	14	1
251	27	4
251	46	4
251	58	1
251	75	4
251	87	1
251	98	1
251	108	1
251	122	1
251	129	1
251	139	6
251	152	6
251	171	6
251	181	6
251	191	5
251	204	5
251	220	1
251	233	1
251	252	1
251	265	1
251	280	6
251	288	6
251	300	22
251	312	1
251	323	6
251	339	1
251	352	6
251	368	1
251	383	17
252	13	1
252	26	4
252	45	4
252	58	1
252	75	4
252	86	1
252	97	1
252	108	1
252	121	1
252	130	1
252	139	6
252	152	6
252	171	6
252	172	6
252	180	6
252	191	5
252	203	5
252	221	1
252	232	1
252	251	1
252	265	1
252	281	6
252	287	22
252	299	21
252	301	22
252	313	1
252	323	1
252	340	1
252	353	6
252	369	20
252	383	1
253	14	5
253	27	4
253	45	4
253	58	1
253	74	4
253	86	1
253	98	1
253	108	1
253	121	1
253	130	1
253	138	6
253	152	6
253	170	6
253	173	6
253	181	6
253	191	5
253	204	5
253	220	1
253	233	1
253	252	1
253	263	1
253	264	1
253	280	6
253	287	6
253	298	6
253	302	9
253	306	9
253	313	1
253	323	1
253	340	1
253	353	6
253	368	1
253	383	1
254	1	21
254	14	5
254	26	4
254	45	4
254	59	1
254	75	4
254	86	1
254	98	1
254	108	1
254	120	1
254	139	6
254	153	6
254	169	6
254	174	21
254	181	6
254	191	5
254	203	5
254	221	1
254	232	1
254	251	1
254	262	1
254	264	1
254	280	6
254	286	6
254	297	6
254	303	9
254	305	9
254	312	1
254	322	1
254	340	1
254	353	6
254	368	1
254	383	6
255	2	21
255	14	5
255	27	4
255	45	4
255	58	1
255	75	4
255	85	1
255	99	1
255	109	1
255	120	1
255	138	6
255	154	6
255	181	6
255	191	5
255	203	5
255	220	1
255	233	1
255	250	1
255	262	1
255	264	22
255	280	6
255	285	6
255	296	6
255	304	9
255	313	1
255	323	1
255	340	1
255	353	6
255	367	1
255	383	6
256	2	21
256	14	5
256	27	4
256	45	4
256	59	1
256	75	4
256	85	1
256	99	1
256	109	1
256	119	1
256	138	6
256	153	6
256	181	20
256	191	5
256	203	5
256	221	1
256	232	1
256	251	1
256	261	1
256	264	1
256	280	6
256	286	6
256	295	6
256	305	9
256	312	1
256	322	1
256	340	1
256	353	6
256	368	1
256	383	6
257	3	22
257	4	22
257	15	5
257	27	4
257	44	4
257	58	1
257	75	4
257	84	1
257	100	4
257	110	1
257	120	1
257	138	6
257	154	6
257	181	6
257	192	5
257	203	5
257	220	1
257	233	1
257	250	1
257	261	1
257	264	1
257	280	6
257	285	6
257	294	6
257	306	9
257	313	1
257	323	1
257	340	1
257	353	6
257	367	1
257	383	1
258	2	20
258	5	21
258	14	1
258	28	4
258	45	4
258	59	1
258	75	4
258	83	22
258	99	4
258	110	1
258	119	1
258	138	6
258	154	6
258	155	6
258	182	6
258	183	6
258	184	10
258	185	10
258	191	5
258	203	5
258	221	1
258	232	1
258	251	1
258	261	1
258	263	1
258	281	6
258	284	6
258	295	6
258	307	9
258	313	1
258	323	1
258	340	17
258	353	6
258	368	6
258	382	1
259	2	20
259	15	1
259	27	4
259	45	4
259	58	1
259	75	4
259	84	1
259	98	22
259	100	4
259	111	1
259	119	1
259	137	6
259	153	6
259	156	21
259	157	22
259	176	20
259	182	6
259	186	10
259	191	5
259	203	5
259	220	1
259	233	1
259	250	1
259	262	1
259	282	21
259	283	6
259	295	6
259	308	21
259	313	1
259	323	1
259	340	1
259	353	18
259	368	6
259	382	1
260	1	20
260	16	1
260	28	4
260	44	4
260	59	1
260	75	4
260	83	1
260	98	4
260	101	4
260	110	4
260	119	1
260	137	6
260	153	6
260	158	21
260	176	8
260	181	6
260	191	5
260	203	5
260	221	1
260	233	1
260	250	1
260	262	1
260	281	6
260	293	6
260	294	6
260	295	6
260	309	21
260	312	1
260	324	1
260	340	16
260	353	6
260	368	6
260	382	1
261	1	20
261	15	1
261	27	4
261	44	4
261	59	1
261	74	4
261	82	4
261	97	4
261	102	4
261	111	18
261	119	1
261	136	6
261	137	6
261	152	8
261	159	9
261	181	6
261	191	5
261	203	5
261	220	1
261	233	1
261	250	1
261	261	1
261	282	6
261	292	6
261	296	20
261	310	21
261	312	1
261	323	1
261	339	6
261	353	6
261	368	6
261	382	1
262	1	19
262	16	6
262	28	4
262	43	4
262	59	3
262	75	4
262	83	4
262	96	22
262	102	4
262	111	18
262	119	1
262	135	8
262	138	6
262	152	9
262	160	19
262	180	6
262	192	5
262	202	5
262	215	10
262	221	1
262	233	1
262	250	7
262	261	1
262	281	6
262	291	6
262	297	6
262	311	7
262	324	1
262	340	15
262	353	6
262	368	6
262	381	1
263	2	19
263	15	6
263	27	4
263	43	4
263	60	5
263	74	4
263	82	4
263	96	6
263	103	4
263	111	5
263	119	1
263	134	8
263	138	8
263	152	8
263	160	19
263	181	8
263	191	7
263	201	22
263	214	10
263	221	1
263	233	1
263	250	7
263	261	1
263	281	6
263	312	7
263	323	1
263	339	6
263	353	6
263	369	6
263	382	1
264	1	18
264	16	6
264	28	4
264	41	22
264	42	4
264	59	5
264	74	6
264	82	4
264	96	6
264	104	7
264	112	5
264	119	1
264	134	8
264	139	21
264	151	22
264	161	14
264	180	8
264	190	8
264	202	8
264	222	6
264	234	1
264	250	18
264	261	1
264	282	6
264	312	7
264	324	1
264	340	6
264	353	8
264	368	6
264	381	1
265	2	18
265	16	6
265	27	5
265	40	6
265	43	6
265	60	5
265	74	6
265	82	4
265	95	6
265	105	7
265	111	5
265	119	6
265	133	22
265	139	8
265	152	9
265	160	14
265	180	8
265	191	8
265	201	5
265	221	6
265	234	6
265	251	7
265	261	1
265	282	6
265	311	7
265	324	7
265	339	8
265	354	8
265	355	22
265	356	22
265	357	21
265	369	6
265	382	7
266	2	16
266	16	6
266	27	5
266	36	22
266	37	22
266	39	20
266	44	6
266	60	5
266	74	6
266	82	4
266	106	7
266	112	5
266	120	6
266	134	8
266	139	10
266	152	9
266	180	8
266	190	8
266	201	5
266	222	7
266	234	7
266	250	7
266	262	1
266	282	6
266	312	8
266	324	7
266	339	8
266	353	8
266	358	13
266	368	6
266	382	7
267	3	16
267	16	21
267	27	8
267	38	6
267	45	6
267	60	5
267	74	6
267	82	6
267	107	21
267	111	10
267	119	6
267	133	8
267	139	8
267	152	9
267	181	10
267	182	21
267	183	22
267	191	8
267	201	5
267	221	7
267	235	17
267	251	8
267	262	1
267	282	6
267	312	8
267	324	7
267	339	8
267	352	8
267	359	13
267	360	13
267	368	6
267	382	7
268	3	16
268	16	21
268	26	8
268	37	6
268	45	6
268	60	6
268	73	6
268	81	6
268	108	5
268	110	5
268	120	8
268	134	8
268	138	8
268	152	11
268	180	10
268	184	20
268	190	8
268	202	8
268	222	7
268	235	8
268	251	8
268	263	1
268	283	6
268	284	10
268	285	11
268	286	20
268	311	8
268	324	9
268	338	8
268	349	22
268	350	8
268	351	8
268	361	13
268	368	6
268	383	7
269	4	16
269	5	16
269	16	8
269	26	8
269	46	6
269	61	6
269	74	6
269	82	9
269	109	5
269	119	9
269	133	19
269	138	9
269	151	11
269	179	16
269	185	16
269	191	8
269	201	8
269	221	7
269	235	8
269	251	9
269	263	10
269	282	6
269	311	8
269	325	10
269	338	8
269	347	21
269	348	21
269	351	8
269	368	10
269	382	9
270	3	16
270	6	22
270	15	8
270	26	9
270	47	8
270	60	8
270	73	21
270	79	9
270	80	21
270	81	9
270	109	5
270	120	9
270	134	8
270	138	9
270	150	12
270	152	12
270	178	22
270	185	16
270	190	10
270	202	8
270	222	7
270	236	8
270	252	9
270	263	10
270	281	6
270	310	8
270	324	10
270	337	8
270	344	13
270	345	13
270	346	13
270	352	8
270	368	10
270	383	9
271	3	16
271	7	20
271	15	9
271	26	9
271	47	9
271	61	8
271	74	7
271	78	7
271	82	7
271	109	5
271	119	9
271	135	10
271	137	9
271	150	12
271	153	12
271	178	10
271	186	19
271	191	10
271	201	10
271	221	9
271	235	9
271	251	9
271	264	22
271	281	10
271	310	9
271	325	10
271	337	10
271	343	17
271	352	8
271	369	10
271	383	9
272	2	16
272	8	21
272	14	9
272	26	9
272	48	8
272	60	8
272	75	7
272	76	7
272	77	7
272	83	7
272	110	5
272	120	9
272	136	10
272	149	12
272	154	12
272	179	16
272	187	19
272	190	10
272	202	10
272	222	10
272	236	9
272	252	9
272	264	10
272	280	22
272	310	9
272	324	10
272	338	10
272	339	10
272	342	17
272	353	10
272	368	10
272	383	9
273	3	16
273	9	22
273	14	9
273	25	9
273	49	8
273	61	9
273	74	7
273	84	22
273	109	5
273	121	9
273	136	10
273	148	14
273	155	14
273	180	16
273	188	10
273	190	10
273	201	10
273	221	10
273	236	9
273	253	9
273	264	21
273	281	11
273	288	20
273	309	9
273	325	11
273	337	10
273	340	11
273	341	11
273	353	10
273	368	10
273	383	10
274	2	16
274	9	19
274	14	9
274	25	9
274	48	9
274	60	9
274	73	7
274	84	9
274	109	9
274	120	9
274	136	10
274	148	14
274	155	14
274	180	16
274	189	10
274	201	10
274	222	10
274	236	9
274	252	9
274	264	10
274	281	11
274	287	11
274	309	9
274	324	11
274	336	10
274	338	10
274	341	11
274	353	12
274	368	10
274	384	12
275	3	20
275	10	19
275	14	9
275	25	10
275	49	9
275	61	9
275	74	7
275	84	9
275	108	8
275	121	9
275	136	11
275	147	14
275	156	20
275	179	16
275	181	21
275	190	10
275	201	10
275	221	10
275	236	9
275	253	9
275	265	11
275	281	11
275	286	11
275	308	22
275	325	11
275	335	10
275	339	11
275	340	11
275	354	13
275	368	11
275	385	14
276	3	19
276	11	22
276	14	9
276	24	10
276	49	9
276	60	9
276	73	7
276	83	9
276	108	9
276	120	11
276	136	11
276	154	14
276	155	20
276	190	11
276	200	12
276	202	12
276	221	10
276	236	10
276	252	9
276	264	11
276	281	11
276	309	9
276	324	12
276	336	11
276	339	11
276	353	21
276	369	13
276	370	21
276	371	13
276	372	13
276	384	14
277	3	19
277	10	20
277	14	9
277	25	10
277	49	9
277	61	15
277	74	7
277	83	20
277	108	9
277	121	11
277	137	11
277	153	22
277	189	11
277	199	12
277	203	12
277	204	12
277	221	10
277	236	10
277	237	10
277	238	11
277	239	11
277	253	9
277	265	11
277	281	11
277	308	9
277	325	12
277	336	11
277	340	21
277	353	13
277	368	12
277	385	22
277	386	22
277	387	14
277	390	22
278	2	16
278	4	22
278	11	20
278	14	12
278	24	10
278	50	11
278	60	9
278	74	7
278	82	20
278	108	9
278	122	11
278	136	13
278	153	14
278	189	11
278	198	12
278	205	13
278	220	10
278	235	10
278	240	11
278	252	9
278	265	12
278	281	11
278	308	11
278	326	12
278	337	12
278	339	12
278	354	13
278	367	12
278	384	14
278	388	15
278	389	15
279	5	22
279	12	10
279	13	10
279	25	10
279	50	11
279	61	9
279	73	7
279	82	20
279	108	9
279	121	12
279	137	13
279	189	11
279	197	12
279	206	13
279	221	10
279	235	11
279	253	9
279	265	12
279	282	11
279	309	11
279	325	12
279	336	12
279	338	12
279	354	13
279	355	13
279	356	22
279	367	12
279	384	14
279	389	15
280	12	10
280	24	10
280	50	11
280	60	9
280	74	7
280	80	22
280	81	20
280	108	9
280	122	12
280	137	13
280	188	11
280	196	12
280	206	13
280	220	10
280	234	11
280	252	11
280	265	12
280	283	11
280	309	11
280	326	12
280	335	12
280	339	21
280	353	19
280	357	21
280	367	13
280	383	14
280	390	15
281	13	21
281	25	10
281	50	11
281	61	9
281	74	7
281	79	21
281	108	10
281	123	13
281	138	13
281	187	11
281	195	12
281	207	13
281	220	11
281	233	11
281	253	11
281	265	12
281	283	11
281	308	11
281	309	11
281	325	12
281	335	13
281	338	12
281	352	14
281	357	21
281	367	13
281	382	15
281	389	19
281	391	22
282	12	10
282	25	10
282	42	18
282	43	18
282	44	19
282	45	19
282	46	19
282	47	12
282	48	12
282	49	11
282	50	11
282	51	11
282	52	21
282	61	9
282	74	9
282	108	10
282	122	13
282	138	13
282	186	12
282	194	12
282	206	13
282	220	11
282	233	11
282	252	11
282	265	13
282	284	12
282	307	11
282	310	11
282	326	12
282	336	22
282	337	13
282	349	17
282	350	14
282	351	14
282	358	21
282	366	13
282	381	22
282	389	19
282	392	20
283	13	10
283	25	10
283	50	11
283	53	22
283	61	9
283	75	10
283	108	10
283	123	13
283	139	13
283	185	12
283	193	13
283	207	13
283	219	11
283	232	22
283	252	11
283	266	13
283	285	12
283	306	11
283	311	11
283	312	11
283	313	13
283	314	17
283	315	19
283	316	22
283	326	12
283	335	13
283	348	17
283	351	14
283	359	21
283	367	13
283	382	15
283	388	19
283	393	19
284	12	11
284	24	10
284	50	12
284	53	13
284	61	11
284	75	10
284	108	14
284	123	13
284	139	13
284	184	22
284	192	13
284	206	20
284	219	11
284	233	12
284	252	11
284	265	13
284	284	12
284	305	21
284	311	11
284	317	21
284	326	12
284	335	13
284	347	17
284	351	14
284	366	13
284	381	15
284	389	20
284	393	19
285	12	11
285	25	10
285	50	12
285	54	13
285	61	11
285	75	10
285	108	11
285	123	14
285	139	14
285	185	12
285	191	13
285	206	15
285	220	20
285	232	12
285	251	11
285	265	14
285	285	13
285	305	13
285	311	13
285	318	21
285	326	12
285	336	14
285	352	14
285	365	13
285	382	15
285	388	18
285	394	19
286	12	11
286	24	10
286	49	12
286	55	13
286	56	13
286	62	11
286	76	10
286	107	11
286	123	14
286	140	14
286	184	12
286	190	13
286	205	19
286	219	13
286	233	13
286	251	11
286	266	14
286	284	13
286	304	13
286	311	11
286	319	19
286	326	12
286	336	14
286	351	17
286	353	22
286	365	14
286	381	19
286	389	18
286	393	19
287	13	11
287	24	10
287	48	12
287	54	13
287	57	13
287	61	15
287	76	10
287	107	11
287	124	18
287	140	15
287	183	13
287	189	13
287	204	15
287	219	13
287	234	13
287	251	12
287	264	14
287	265	14
287	267	15
287	285	13
287	304	13
287	311	11
287	312	11
287	320	22
287	326	14
287	336	14
287	351	17
287	364	14
287	365	14
287	382	19
287	388	18
287	394	22
288	12	11
288	24	13
288	48	12
288	53	13
288	58	19
288	61	12
288	77	10
288	107	11
288	123	15
288	140	16
288	184	13
288	185	22
288	188	13
288	204	15
288	218	13
288	235	13
288	251	12
288	263	15
288	268	15
288	285	14
288	304	13
288	310	17
288	313	17
288	319	19
288	326	14
288	337	14
288	350	17
288	363	14
288	366	14
288	394	22
289	11	12
289	24	14
289	47	12
289	48	12
289	59	21
289	60	21
289	77	11
289	107	11
289	124	15
289	140	16
289	183	22
289	186	13
289	187	13
289	202	22
289	203	15
289	218	13
289	236	14
289	238	22
289	251	12
289	262	15
289	269	15
289	285	15
289	305	13
289	309	22
289	314	17
289	326	14
289	337	16
289	367	14
290	12	17
290	25	14
290	41	22
290	43	22
290	44	22
290	45	13
290	46	13
290	49	13
290	61	12
290	78	11
290	106	11
290	124	15
290	125	15
290	140	16
290	182	22
290	187	13
290	201	15
290	218	13
290	219	13
290	220	13
290	221	14
290	222	14
290	237	15
290	251	12
290	262	15
290	270	22
290	286	15
290	304	22
290	308	22
290	326	14
290	337	16
290	367	14
291	11	12
291	24	14
291	42	21
291	46	13
291	50	18
291	61	12
291	77	11
291	79	11
291	107	12
291	123	15
291	126	16
291	127	17
291	141	16
291	183	13
291	186	13
291	217	18
291	223	15
291	238	15
291	250	12
291	261	15
291	270	22
291	286	15
291	303	21
291	305	13
291	306	13
291	307	13
291	326	15
291	337	16
291	368	17
292	10	12
292	25	14
292	46	18
292	51	18
292	52	18
292	62	12
292	77	11
292	80	12
292	106	12
292	122	16
292	128	17
292	141	16
292	182	13
292	184	22
292	185	13
292	214	16
292	215	16
292	216	16
292	218	16
292	223	15
292	238	15
292	251	12
292	261	15
292	269	17
292	271	17
292	272	17
292	287	20
292	302	21
292	307	13
292	326	15
292	337	16
292	368	17
293	10	12
293	25	14
293	26	14
293	27	17
293	45	18
293	53	18
293	62	12
293	76	11
293	81	12
293	82	12
293	83	13
293	106	12
293	122	16
293	129	18
293	130	18
293	141	16
293	186	13
293	213	16
293	218	16
293	224	15
293	238	16
293	250	12
293	261	15
293	269	17
293	273	21
293	287	15
293	301	19
293	308	17
293	326	15
293	337	16
293	360	17
293	362	18
293	369	17
294	10	12
294	24	15
294	28	17
294	45	18
294	54	18
294	61	12
294	75	11
294	81	12
294	84	13
294	85	22
294	106	12
294	121	16
294	131	18
294	132	22
294	142	17
294	177	13
294	187	13
294	219	16
294	224	21
294	237	16
294	251	14
294	260	15
294	268	17
294	274	21
294	286	15
294	308	19
294	326	15
294	336	16
294	361	18
294	369	17
295	10	12
295	23	15
295	29	17
295	45	18
295	55	18
295	62	12
295	75	11
295	81	12
295	86	13
295	106	12
295	120	17
295	133	18
295	142	17
295	176	13
295	186	13
295	220	16
295	223	16
295	237	16
295	250	14
295	261	15
295	267	17
295	287	17
295	309	19
295	326	15
295	336	16
295	342	18
295	369	18
296	10	12
296	22	17
296	29	17
296	44	19
296	55	18
296	56	18
296	62	13
296	74	18
296	80	12
296	87	22
296	105	12
296	120	17
296	134	20
296	142	17
296	143	17
296	144	17
296	175	13
296	186	13
296	221	21
296	223	16
296	237	16
296	251	15
296	261	16
296	266	17
296	286	17
296	309	19
296	310	19
296	311	20
296	326	16
296	336	16
296	342	18
296	369	18
297	10	12
297	19	22
297	20	17
297	21	17
297	30	17
297	42	19
297	43	22
297	49	19
297	54	18
297	57	13
297	61	13
297	74	18
297	80	13
297	87	21
297	106	12
297	119	21
297	141	17
297	145	18
297	174	13
297	186	13
297	222	16
297	223	16
297	236	16
297	238	16
297	239	16
297	251	15
297	261	17
297	266	17
297	285	17
297	287	18
297	308	20
297	312	21
297	325	16
297	335	17
297	342	17
297	369	18
298	11	12
298	18	17
298	22	17
298	29	17
298	44	19
298	53	18
298	58	13
298	61	13
298	74	18
298	80	13
298	87	19
298	101	22
298	106	12
298	120	17
298	140	17
298	146	18
298	186	13
298	222	16
298	224	16
298	235	16
298	240	21
298	251	15
298	262	17
298	284	17
298	288	18
298	307	22
298	313	21
298	325	16
298	335	17
298	342	17
298	368	18
299	1	12
299	10	12
299	16	22
299	17	17
299	22	17
299	45	19
299	59	13
299	60	13
299	75	22
299	76	22
299	80	13
299	87	17
299	100	21
299	102	20
299	103	19
299	104	12
299	105	12
299	120	17
299	140	17
299	147	18
299	173	13
299	187	13
299	221	16
299	225	16
299	241	22
299	251	15
299	262	17
299	283	17
299	289	18
299	307	20
299	314	22
299	325	16
299	335	17
299	369	18
300	1	12
300	10	14
300	15	19
300	23	17
300	45	19
300	60	13
300	74	18
300	79	13
300	106	12
300	107	12
300	108	21
300	109	21
300	110	21
300	119	17
300	139	17
300	148	18
300	173	13
300	187	15
300	221	16
300	226	18
300	251	16
300	263	20
300	283	17
300	289	18
300	307	20
300	308	20
300	325	16
300	334	17
300	369	18
301	10	14
301	14	19
301	24	17
301	25	17
301	46	19
301	60	13
301	75	21
301	79	13
301	98	15
301	106	12
301	120	17
301	140	17
301	149	19
301	172	13
301	187	15
301	221	18
301	226	18
301	251	16
301	264	20
301	282	17
301	289	18
301	306	22
301	309	22
301	310	22
301	325	17
301	334	17
301	369	19
302	9	14
302	14	19
302	26	17
302	60	13
302	74	21
302	79	19
302	98	15
302	107	12
302	120	18
302	139	17
302	150	22
302	172	13
302	188	15
302	220	18
302	226	18
302	250	17
302	264	20
302	282	17
302	289	18
302	324	17
302	333	17
302	369	19
303	9	14
303	14	19
303	26	17
303	59	13
303	75	21
303	78	13
303	98	15
303	106	13
303	121	18
303	140	17
303	149	20
303	171	13
303	188	15
303	219	17
303	227	18
303	228	22
303	251	17
303	264	17
303	282	17
303	289	19
303	324	17
303	333	19
303	369	19
304	9	14
304	13	19
304	27	17
304	58	13
304	60	14
304	75	22
304	79	13
304	107	13
304	120	18
304	121	18
304	139	18
304	149	20
304	170	13
304	188	16
304	211	18
304	219	18
304	226	18
304	229	19
304	251	17
304	265	18
304	282	17
304	290	18
304	324	17
304	333	19
304	369	19
305	9	14
305	12	19
305	26	17
305	57	13
305	61	14
305	76	18
305	78	18
305	107	14
305	119	18
305	122	18
305	140	18
305	148	20
305	169	19
305	188	16
305	210	18
305	219	20
305	225	19
305	226	18
305	252	17
305	265	18
305	282	17
305	290	18
305	323	17
305	333	19
305	369	19
306	10	14
306	12	19
306	26	17
306	57	15
306	61	14
306	75	18
306	77	18
306	97	15
306	107	14
306	115	22
306	116	21
306	117	19
306	118	19
306	123	19
306	140	18
306	169	19
306	187	16
306	188	16
306	209	22
306	219	18
306	223	21
306	224	21
306	227	19
306	250	17
306	251	22
306	265	21
306	282	17
306	291	19
306	292	21
306	293	21
306	294	21
306	324	17
306	332	19
306	369	19
307	11	14
307	27	17
307	56	15
307	60	14
307	74	22
307	76	18
307	97	15
307	108	22
307	109	22
307	110	22
307	114	15
307	118	19
307	124	21
307	140	18
307	169	19
307	185	16
307	186	16
307	189	16
307	210	18
307	219	18
307	222	22
307	249	17
307	252	18
307	265	21
307	282	17
307	290	22
307	323	17
307	325	17
307	326	20
307	331	19
307	370	19
308	10	14
308	26	19
308	56	15
308	60	15
308	77	18
308	97	15
308	107	15
308	113	22
308	118	19
308	125	21
308	141	18
308	168	19
308	184	16
308	189	21
308	220	18
308	221	18
308	248	18
308	253	18
308	265	18
308	283	17
308	290	22
308	322	17
308	327	17
308	331	19
308	341	19
308	342	20
308	370	19
309	11	14
309	27	19
309	57	15
309	59	15
309	76	18
309	97	18
309	108	18
309	117	22
309	125	21
309	140	19
309	167	20
309	183	16
309	190	16
309	220	18
309	247	18
309	253	18
309	266	18
309	282	17
309	290	22
309	321	17
309	327	18
309	330	21
309	340	20
309	370	19
310	11	15
310	26	19
310	57	15
310	59	15
310	76	18
310	97	18
310	107	18
310	117	22
310	125	21
310	140	18
310	166	22
310	182	16
310	191	16
310	220	19
310	246	18
310	254	18
310	265	18
310	267	18
310	283	17
310	320	17
310	328	18
310	330	21
310	341	22
310	370	19
311	11	16
311	26	19
311	58	15
311	75	18
311	96	18
311	108	21
311	117	19
311	124	22
311	141	19
311	166	20
311	181	18
311	192	19
311	219	19
311	242	18
311	243	18
311	244	18
311	245	18
311	255	19
311	282	17
311	320	17
311	329	21
311	330	21
311	340	22
311	370	19
311	371	19
312	10	16
312	26	19
312	27	19
312	54	21
312	55	21
312	56	15
312	57	15
312	75	18
312	109	22
312	110	19
312	111	16
312	112	16
312	116	19
312	123	22
312	142	19
312	167	22
312	180	21
312	192	19
312	219	19
312	241	21
312	246	18
312	254	19
312	283	20
312	319	17
312	329	21
312	331	22
312	369	19
312	372	21
313	10	16
313	22	22
313	23	21
313	24	20
313	25	20
313	28	20
313	53	21
313	58	15
313	59	15
313	71	18
313	74	18
313	75	18
313	107	18
313	108	22
313	115	19
313	136	19
313	137	19
313	143	19
313	179	21
313	192	19
313	219	20
313	240	21
313	246	18
313	247	18
313	248	22
313	255	19
313	282	20
313	319	17
313	324	18
313	328	18
313	369	19
313	373	21
314	10	16
314	20	22
314	21	21
314	25	20
314	28	20
314	53	21
314	58	15
314	60	16
314	72	18
314	73	22
314	76	20
314	106	18
314	109	22
314	115	19
314	144	20
314	179	18
314	193	20
314	219	20
314	241	21
314	245	18
314	249	22
314	255	19
314	283	20
314	318	21
314	320	17
314	321	17
314	322	22
314	323	22
314	329	18
314	368	21
314	374	22
315	9	16
315	19	22
315	25	20
315	29	20
315	52	21
315	58	15
315	61	16
315	71	18
315	77	20
315	109	22
315	145	20
315	148	22
315	178	18
315	194	21
315	219	21
315	240	22
315	255	19
315	283	20
315	317	22
315	320	17
315	328	18
315	367	19
315	374	22
316	8	16
316	19	21
316	24	22
316	30	21
316	51	15
316	57	15
316	61	16
316	70	18
316	77	20
316	110	17
316	146	21
316	147	21
316	178	18
316	195	21
316	220	21
316	241	22
316	255	19
316	281	20
316	282	20
316	320	22
316	329	18
316	368	19
316	375	22
317	7	16
317	25	20
317	31	21
317	52	17
317	57	15
317	58	15
317	62	16
317	69	18
317	77	21
317	111	17
317	146	21
317	148	21
317	178	19
317	194	22
317	220	21
317	240	22
317	256	20
317	280	20
317	283	20
317	321	22
317	328	18
317	369	22
317	370	22
318	8	16
318	23	22
318	24	21
318	32	21
318	53	17
318	56	21
318	59	22
318	63	22
318	69	18
318	77	20
318	111	17
318	115	21
318	146	22
318	149	22
318	178	19
318	193	22
318	216	21
318	217	21
318	218	21
318	219	21
318	220	21
318	255	20
318	279	20
318	284	20
318	327	19
318	371	22
319	7	16
319	21	22
319	22	22
319	25	21
319	54	22
319	55	22
319	60	17
319	62	17
319	77	21
319	112	17
319	115	17
319	146	22
319	150	22
319	178	19
319	221	21
319	256	20
319	279	20
319	285	21
319	286	21
319	327	19
320	7	16
320	25	21
320	61	17
320	78	21
320	113	17
320	146	22
320	176	22
320	177	19
320	178	19
320	220	21
320	222	22
320	256	20
320	279	20
320	285	21
320	287	21
320	288	21
320	326	19
321	7	16
321	25	21
321	26	21
321	62	17
321	77	21
321	114	17
321	146	22
321	179	20
321	219	21
321	223	22
321	224	22
321	256	21
321	279	20
321	284	21
321	326	19
322	8	16
322	24	22
322	27	22
322	55	22
322	63	17
322	76	21
322	113	17
322	178	20
322	218	21
322	219	21
322	225	22
322	255	21
322	284	21
322	325	19
323	7	16
323	24	22
323	28	22
323	54	22
323	63	17
323	75	21
323	76	21
323	112	17
323	179	21
323	217	21
323	220	21
323	256	21
323	268	19
323	284	21
323	324	19
324	5	21
324	6	21
324	8	16
324	23	22
324	28	22
324	55	22
324	63	17
324	74	21
324	77	21
324	112	20
324	179	21
324	217	21
324	221	22
324	255	21
324	268	19
324	285	21
324	325	20
325	4	21
325	9	16
325	22	22
325	24	22
325	56	22
325	63	17
325	74	21
325	78	21
325	112	20
325	179	22
325	218	21
325	220	21
325	254	20
325	284	21
325	326	20
326	4	22
326	10	16
326	25	22
326	63	17
326	75	21
326	111	20
326	178	22
326	179	22
326	221	22
326	285	21
326	320	20
326	327	20
327	10	16
327	63	18
327	74	21
327	112	20
327	177	22
327	180	22
327	220	21
327	285	22
327	320	20
327	326	20
328	11	18
328	63	18
328	75	21
328	112	21
328	220	21
328	284	21
328	327	20
329	10	18
329	64	18
329	113	21
329	284	22
329	328	20
330	10	18
330	63	18
330	112	21
330	283	22
330	285	22
330	327	21
331	9	18
331	64	18
331	113	21
331	282	22
331	286	22
331	328	21
332	10	18
332	63	18
332	113	22
332	283	22
332	287	22
332	327	21
333	6	18
333	8	18
333	9	18
333	10	18
333	64	18
333	113	22
333	283	22
333	327	21
334	5	18
334	7	18
334	11	18
334	63	18
334	112	22
334	114	22
334	283	22
334	327	21
335	4	18
335	12	19
335	64	18
335	326	21
336	4	18
336	13	21
336	63	18
336	325	21
337	4	18
337	14	20
337	64	18
337	324	21
337	329	22
338	3	18
338	13	20
338	64	18
338	324	21
338	329	22
339	3	18
339	14	20
339	64	18
339	324	22
339	330	22
340	2	18
340	14	20
340	64	18
341	3	18
341	15	21
341	64	18
342	2	18
342	15	21
342	64	18
343	16	21
343	64	18
344	17	22
344	64	18
345	17	22
345	65	18
346	16	22
346	65	18
347	16	22
347	64	18
348	64	18
348	65	18
349	63	18
349	66	18
350	63	18
350	67	20
351	62	18
351	66	20
351	68	20
352	63	18
352	65	20
352	69	20
353	64	22
353	70	20
354	65	20
354	69	20
355	66	20
355	67	20
355	69	20
355	70	20
355	71	20
355	72	21
355	74	21
356	68	20
356	73	21
356	75	22
357	54	20
357	67	20
357	69	22
357	76	22
358	55	20
358	67	20
358	69	22
358	77	22
359	54	20
359	66	20
359	70	22
359	76	22
360	65	20
360	69	20
361	66	20
361	68	20
362	65	22
362	69	22
363	66	20
363	68	22
364	67	20
365	66	20
366	66	22
367	66	22
368	66	22
369	66	22
370	64	22
370	65	22
370	67	22
371	68	22
