1	394	1
2	2	1
2	393	1
3	3	1
3	392	1
4	4	1
4	391	1
5	5	1
5	390	1
6	6	1
6	389	1
7	7	1
7	388	1
8	8	1
8	387	1
9	9	1
9	386	1
10	10	1
10	385	1
11	11	1
11	384	1
12	12	1
12	383	1
13	13	1
13	382	1
14	14	1
14	381	1
15	15	1
15	380	1
16	16	1
16	379	1
17	17	1
17	378	1
18	18	1
18	377	1
19	19	1
19	376	1
20	20	1
20	375	1
21	21	1
21	374	1
22	22	1
22	373	1
23	23	1
23	372	1
24	24	1
24	371	1
25	25	1
25	370	1
26	26	1
26	369	1
27	27	1
27	368	1
28	28	1
28	367	1
29	29	1
29	366	1
30	30	1
30	365	1
31	31	1
31	364	1
32	32	1
32	363	1
33	33	1
33	362	1
34	34	1
34	70	1
34	361	1
35	35	1
35	68	1
35	69	1
35	71	1
35	72	1
35	360	1
36	36	1
36	66	1
36	67	1
36	73	1
36	74	1
36	242	1
36	359	1
37	37	1
37	64	1
37	65	1
37	75	1
37	76	1
37	156	1
37	157	1
37	158	1
37	159	1
37	160	1
37	240	44
37	241	1
37	243	1
37	244	1
37	358	1
38	38	1
38	62	1
38	63	1
38	77	1
38	78	1
38	154	47
38	155	1
38	161	1
38	162	1
38	238	1
38	239	44
38	245	1
38	246	1
38	272	1
38	330	1
38	331	1
38	332	1
38	333	1
38	334	1
38	357	1
39	39	1
39	60	1
39	61	1
39	79	1
39	80	1
39	152	1
39	153	47
39	163	1
39	164	1
39	212	1
39	213	1
39	214	1
39	215	1
39	216	1
39	236	1
39	237	1
39	247	1
39	248	1
39	270	1
39	271	1
39	273	1
39	274	1
39	328	1
39	329	1
39	335	1
39	336	1
39	356	1
40	40	1
40	58	1
40	59	1
40	81	1
40	82	1
40	150	1
40	151	1
40	165	1
40	166	1
40	210	1
40	211	1
40	217	1
40	218	1
40	234	48
40	235	1
40	249	1
40	250	41
40	268	22
40	269	1
40	275	1
40	276	1
40	326	1
40	327	1
40	337	1
40	338	1
40	355	1
41	41	1
41	56	1
41	57	1
41	83	1
41	84	1
41	148	49
41	149	1
41	167	1
41	168	1
41	208	56
41	209	1
41	219	1
41	220	1
41	232	50
41	233	48
41	251	41
41	252	1
41	266	1
41	267	22
41	277	1
41	278	38
41	324	1
41	325	1
41	339	1
41	340	1
41	354	1
42	42	1
42	54	1
42	55	1
42	85	1
42	86	1
42	146	56
42	147	49
42	169	1
42	170	1
42	206	62
42	207	56
42	221	1
42	222	1
42	230	1
42	231	50
42	253	1
42	254	1
42	264	55
42	265	1
42	279	38
42	280	1
42	322	1
42	323	1
42	341	1
42	342	1
42	353	1
43	43	1
43	52	1
43	53	1
43	87	1
43	88	1
43	144	58
43	145	56
43	171	1
43	172	1
43	204	64
43	205	62
43	223	1
43	224	73
43	228	73
43	229	1
43	255	1
43	256	1
43	262	72
43	263	55
43	281	1
43	282	1
43	320	55
43	321	1
43	343	1
43	344	1
43	352	1
43	354	28
43	355	40
43	356	52
43	357	52
43	358	28
43	359	36
43	360	46
43	361	46
44	44	1
44	50	1
44	51	1
44	89	1
44	90	1
44	142	1
44	143	58
44	173	1
44	174	1
44	202	68
44	203	64
44	225	67
44	227	71
44	257	1
44	258	67
44	260	69
44	261	70
44	283	1
44	284	1
44	318	1
44	319	55
44	345	1
44	346	1
44	350	1
44	351	1
44	362	46
45	45	1
45	48	1
45	49	1
45	91	1
45	92	1
45	116	1
45	117	1
45	118	1
45	119	1
45	120	1
45	140	1
45	141	1
45	175	1
45	176	1
45	200	1
45	201	68
45	226	67
45	259	69
45	285	1
45	286	1
45	316	1
45	317	1
45	347	1
45	349	1
45	363	46
46	45	1
46	47	1
46	93	1
46	94	1
46	114	1
46	115	1
46	121	1
46	122	1
46	138	1
46	139	1
46	177	1
46	178	58
46	198	1
46	199	1
46	226	67
46	259	67
46	287	1
46	288	1
46	314	1
46	315	1
46	348	1
46	363	46
47	44	1
47	46	1
47	95	1
47	96	1
47	112	1
47	113	1
47	123	1
47	124	1
47	136	1
47	137	1
47	179	58
47	180	1
47	196	1
47	197	1
47	226	69
47	259	67
47	289	1
47	290	1
47	312	1
47	313	1
47	348	1
47	364	71
48	42	73
48	43	72
48	46	1
48	97	1
48	98	1
48	110	1
48	111	1
48	125	1
48	126	1
48	134	65
48	135	1
48	181	1
48	182	1
48	194	1
48	195	1
48	226	67
48	259	69
48	291	1
48	292	1
48	310	1
48	311	1
48	348	1
48	364	46
49	41	71
49	46	1
49	99	1
49	100	1
49	108	70
49	109	1
49	127	1
49	128	73
49	132	73
49	133	65
49	183	1
49	184	1
49	192	1
49	193	1
49	226	67
49	259	67
49	293	1
49	294	1
49	308	56
49	309	1
49	348	1
49	365	46
50	40	71
50	46	1
50	101	1
50	102	1
50	106	67
50	107	70
50	129	1
50	131	59
50	185	1
50	186	73
50	190	72
50	191	1
50	226	67
50	259	67
50	295	1
50	296	1
50	306	1
50	307	56
50	348	1
50	365	46
51	40	71
51	46	1
51	103	1
51	105	67
51	130	1
51	187	71
51	189	72
51	226	66
51	259	69
51	297	1
51	298	1
51	304	73
51	305	1
51	348	1
51	366	46
52	39	71
52	46	1
52	104	65
52	130	1
52	188	1
52	226	66
52	259	66
52	299	1
52	300	72
52	302	73
52	303	71
52	348	1
52	366	46
53	38	1
53	46	1
53	104	65
53	130	59
53	188	72
53	226	66
53	259	66
53	301	73
53	348	1
53	367	46
54	37	1
54	46	1
54	104	65
54	130	1
54	188	1
54	226	67
54	259	67
54	301	69
54	348	1
54	367	46
55	37	1
55	46	1
55	104	67
55	130	1
55	188	1
55	226	63
55	259	1
55	301	69
55	348	1
55	368	46
56	36	1
56	46	1
56	104	65
56	130	1
56	188	1
56	226	63
56	259	1
56	301	71
56	348	1
56	368	46
57	36	1
57	46	1
57	104	65
57	130	59
57	188	1
57	226	63
57	259	1
57	301	1
57	348	1
57	369	46
58	35	1
58	46	1
58	104	67
58	130	59
58	188	64
58	226	62
58	259	1
58	301	61
58	348	1
58	369	46
59	35	1
59	46	1
59	104	65
59	130	1
59	188	64
59	226	64
59	259	63
59	301	1
59	348	1
59	370	46
60	34	1
60	46	1
60	104	65
60	130	1
60	188	1
60	226	60
60	259	54
60	301	1
60	348	1
60	370	46
61	34	1
61	46	1
61	104	67
61	130	1
61	188	61
61	226	60
61	259	1
61	301	61
61	348	1
61	371	46
62	33	1
62	46	1
62	104	62
62	130	59
62	188	1
62	226	62
62	259	1
62	301	1
62	348	1
62	371	46
63	33	1
63	46	1
63	104	64
63	130	1
63	188	1
63	226	57
63	259	1
63	301	1
63	348	1
63	372	46
64	32	1
64	46	1
64	104	62
64	130	1
64	188	58
64	226	59
64	259	54
64	301	61
64	348	1
64	372	46
65	32	1
65	46	1
65	104	62
65	130	1
65	188	57
65	226	57
65	259	54
65	301	1
65	348	1
65	373	46
66	31	1
66	46	1
66	104	64
66	130	1
66	188	58
66	226	57
66	259	1
66	301	1
66	348	1
66	373	46
67	31	1
67	46	1
67	104	60
67	130	59
67	188	1
67	226	59
67	259	54
67	301	61
67	348	1
67	374	46
68	30	1
68	46	1
68	104	60
68	130	1
68	188	1
68	226	55
68	259	54
68	301	61
68	348	40
68	374	46
69	30	1
69	46	1
69	104	62
69	130	1
69	188	51
69	226	55
69	259	1
69	301	1
69	348	40
69	375	46
70	29	1
70	46	1
70	104	1
70	130	59
70	188	37
70	226	57
70	259	1
70	301	61
70	348	41
70	375	58
71	29	1
71	47	1
71	104	59
71	130	1
71	188	1
71	226	1
71	259	1
71	301	59
71	348	26
71	376	58
72	28	1
72	47	1
72	103	60
72	130	1
72	188	1
72	226	1
72	259	54
72	301	1
72	348	26
72	376	46
73	28	1
73	48	1
73	103	1
73	130	59
73	188	39
73	226	1
73	259	1
73	301	1
73	348	26
73	377	46
74	27	1
74	48	1
74	102	1
74	130	59
74	188	1
74	227	1
74	259	1
74	301	1
74	348	26
74	377	46
75	27	1
75	49	1
75	102	1
75	130	59
75	188	1
75	227	1
75	259	1
75	301	1
75	348	26
75	378	46
76	26	1
76	49	1
76	101	1
76	130	1
76	188	1
76	227	53
76	259	1
76	301	1
76	348	26
76	378	46
77	26	1
77	50	1
77	101	1
77	131	49
77	187	1
77	228	53
77	258	1
77	302	1
77	348	26
77	379	46
78	25	1
78	50	1
78	100	1
78	131	1
78	187	1
78	228	1
78	258	1
78	302	57
78	348	26
78	378	46
79	25	1
79	51	1
79	100	1
79	131	49
79	168	6
79	169	6
79	170	6
79	171	57
79	172	57
79	173	6
79	174	1
79	175	1
79	176	1
79	177	1
79	178	68
79	179	69
79	180	32
79	181	30
79	182	32
79	183	71
79	184	1
79	185	1
79	186	1
79	229	1
79	257	1
79	303	57
79	349	26
79	378	46
80	24	1
80	52	1
80	99	1
80	132	49
80	165	6
80	166	6
80	167	6
80	186	1
80	228	1
80	256	73
80	303	1
80	349	26
80	377	1
80	379	1
81	24	1
81	52	1
81	98	1
81	132	1
81	162	6
81	163	6
81	164	6
81	187	1
81	229	48
81	256	48
81	304	73
81	350	26
81	376	1
81	380	1
82	23	1
82	53	1
82	97	1
82	133	1
82	158	6
82	159	6
82	160	6
82	161	6
82	187	1
82	228	1
82	256	36
82	303	1
82	350	26
82	375	1
82	380	1
83	23	1
83	54	1
83	96	1
83	133	49
83	156	6
83	157	6
83	188	1
83	229	1
83	256	34
83	304	72
83	351	26
83	374	1
83	381	1
84	22	1
84	55	1
84	95	1
84	133	1
84	188	1
84	230	1
84	255	34
84	303	1
84	351	26
84	373	1
84	381	1
85	22	62
85	56	1
85	94	1
85	134	1
85	189	1
85	229	36
85	256	34
85	303	1
85	352	26
85	372	1
85	382	1
86	21	62
86	57	1
86	93	1
86	134	1
86	189	1
86	230	36
86	255	35
86	303	1
86	352	26
86	371	1
86	382	1
87	21	1
87	58	1
87	92	1
87	135	1
87	190	1
87	229	28
87	255	35
87	303	1
87	352	17
87	370	1
87	383	1
88	20	1
88	59	1
88	91	1
88	135	1
88	190	1
88	230	28
88	255	34
88	303	1
88	353	17
88	369	1
88	383	65
89	20	1
89	60	1
89	90	1
89	136	1
89	190	1
89	229	28
89	255	34
89	303	1
89	353	17
89	368	1
89	384	65
90	9	73
90	10	64
90	11	1
90	12	1
90	13	1
90	14	1
90	15	1
90	16	1
90	17	1
90	18	1
90	19	1
90	61	1
90	89	1
90	136	1
90	190	1
90	230	28
90	255	34
90	303	1
90	354	17
90	367	1
90	384	65
91	8	64
91	19	1
91	62	1
91	89	1
91	137	1
91	191	1
91	230	28
91	255	34
91	303	1
91	354	17
91	366	1
91	385	65
92	7	64
92	19	1
92	63	1
92	88	1
92	137	1
92	191	1
92	230	27
92	255	32
92	304	1
92	354	17
92	365	1
92	385	65
93	7	64
93	20	1
93	63	1
93	87	73
93	137	1
93	192	1
93	230	27
93	255	32
93	304	1
93	354	17
93	364	1
93	386	65
94	6	64
94	20	1
94	64	1
94	87	1
94	137	1
94	191	1
94	231	27
94	254	1
94	304	1
94	354	17
94	363	1
94	386	42
95	6	64
95	20	1
95	64	1
95	86	1
95	137	1
95	191	1
95	231	27
95	254	1
95	305	1
95	354	17
95	355	17
95	356	17
95	357	17
95	358	63
95	359	63
95	360	35
95	361	35
95	362	1
95	363	1
95	387	42
96	5	64
96	20	1
96	64	1
96	86	1
96	137	1
96	191	1
96	231	27
96	254	1
96	305	1
96	353	17
96	364	1
96	387	42
97	5	64
97	21	1
97	65	1
97	86	1
97	137	1
97	191	1
97	232	27
97	253	1
97	306	1
97	348	71
97	349	70
97	350	70
97	351	17
97	352	17
97	365	1
97	387	72
98	4	64
98	21	1
98	65	1
98	85	73
98	137	1
98	191	1
98	232	24
98	253	1
98	306	1
98	347	71
98	352	17
98	366	1
98	386	72
99	4	64
99	21	1
99	66	1
99	85	1
99	137	1
99	191	1
99	233	24
99	252	1
99	288	72
99	289	72
99	290	1
99	291	1
99	292	1
99	293	1
99	294	1
99	295	1
99	296	1
99	297	1
99	298	66
99	299	1
99	300	1
99	301	1
99	302	1
99	303	1
99	304	1
99	305	1
99	306	1
99	346	71
99	352	1
99	367	1
99	386	42
100	4	64
100	21	1
100	66	1
100	84	1
100	137	1
100	191	1
100	233	24
100	251	73
100	287	72
100	307	1
100	345	71
100	352	1
100	368	1
100	385	42
101	4	67
101	21	1
101	66	1
101	84	1
101	85	1
101	137	1
101	191	1
101	233	24
101	251	1
101	286	72
101	308	1
101	344	71
101	352	1
101	369	1
101	385	42
102	4	65
102	21	1
102	67	73
102	82	1
102	83	1
102	86	1
102	87	1
102	138	1
102	191	1
102	234	1
102	251	1
102	285	1
102	309	1
102	343	71
102	352	1
102	370	1
102	384	42
103	5	65
103	20	1
103	68	73
103	69	73
103	71	66
103	72	66
103	73	71
103	74	66
103	75	66
103	76	66
103	77	65
103	78	64
103	79	1
103	80	1
103	81	1
103	88	1
103	137	1
103	192	1
103	234	1
103	250	1
103	284	1
103	310	1
103	342	70
103	352	1
103	371	1
103	384	42
104	5	65
104	20	1
104	67	73
104	70	66
104	81	1
104	89	1
104	90	1
104	138	1
104	191	1
104	235	1
104	250	1
104	283	1
104	311	1
104	341	70
104	352	1
104	372	1
104	380	42
104	381	42
104	382	42
104	383	42
105	6	1
105	19	1
105	66	1
105	81	1
105	91	1
105	137	21
105	192	1
105	235	1
105	249	1
105	283	1
105	312	1
105	340	68
105	352	1
105	373	1
105	374	1
105	375	1
105	376	1
105	377	1
105	378	42
105	379	69
105	384	42
106	6	1
106	19	1
106	65	1
106	81	1
106	92	1
106	93	1
106	94	1
106	138	21
106	191	1
106	235	1
106	249	1
106	282	1
106	313	1
106	339	68
106	352	1
106	373	1
106	384	35
107	7	69
107	18	1
107	65	66
107	81	1
107	95	1
107	137	21
107	192	1
107	236	1
107	248	1
107	281	1
107	314	1
107	338	68
107	352	1
107	373	36
107	385	35
108	7	1
108	18	1
108	64	1
108	81	1
108	96	1
108	138	21
108	191	1
108	236	1
108	248	1
108	281	1
108	315	1
108	337	68
108	352	1
108	373	36
108	385	35
109	8	1
109	17	1
109	64	1
109	81	1
109	97	1
109	98	1
109	138	21
109	192	1
109	236	1
109	247	1
109	280	1
109	316	1
109	336	1
109	352	1
109	373	36
109	386	35
110	9	1
110	10	1
110	11	1
110	12	65
110	13	1
110	14	1
110	15	1
110	16	73
110	63	1
110	81	1
110	99	1
110	138	21
110	191	1
110	237	73
110	247	1
110	279	1
110	317	1
110	335	1
110	352	1
110	373	36
110	386	35
111	17	1
111	63	1
111	81	1
111	99	1
111	138	21
111	192	1
111	237	1
111	246	1
111	279	1
111	318	1
111	334	1
111	352	1
111	373	36
111	387	35
112	17	72
112	62	1
112	81	1
112	100	1
112	101	1
112	138	1
112	191	1
112	237	1
112	246	1
112	278	1
112	319	1
112	320	1
112	321	72
112	322	72
112	323	1
112	324	1
112	325	1
112	326	1
112	327	1
112	328	1
112	329	1
112	330	1
112	331	1
112	332	1
112	333	1
112	353	1
112	372	35
112	387	35
113	17	1
113	62	1
113	81	1
113	102	1
113	139	1
113	192	1
113	238	73
113	246	1
113	277	1
113	319	1
113	354	1
113	371	35
113	388	35
114	17	1
114	61	1
114	81	70
114	102	1
114	138	1
114	193	1
114	238	1
114	246	1
114	276	1
114	319	1
114	355	1
114	370	35
114	387	35
115	17	1
115	61	1
115	81	1
115	103	1
115	139	1
115	193	1
115	238	1
115	246	1
115	275	1
115	319	1
115	356	72
115	370	35
115	388	35
116	17	1
116	60	1
116	81	1
116	104	1
116	138	1
116	194	1
116	238	1
116	246	1
116	247	1
116	248	1
116	249	1
116	250	1
116	251	1
116	252	69
116	253	69
116	254	71
116	255	1
116	274	1
116	319	1
116	357	1
116	369	73
116	387	35
117	17	1
117	59	73
117	81	1
117	104	1
117	139	1
117	194	1
117	238	1
117	245	1
117	256	1
117	273	1
117	319	72
117	358	1
117	369	73
117	388	35
118	17	1
118	59	1
118	81	1
118	105	1
118	123	1
118	124	1
118	125	1
118	126	1
118	127	1
118	128	1
118	129	1
118	130	1
118	131	1
118	132	1
118	133	1
118	134	1
118	135	73
118	136	73
118	137	73
118	138	1
118	194	1
118	238	1
118	244	1
118	257	1
118	272	1
118	319	1
118	359	1
118	368	73
118	388	35
119	17	1
119	58	1
119	81	1
119	106	1
119	107	1
119	108	1
119	109	1
119	110	1
119	111	1
119	112	1
119	113	1
119	114	73
119	115	73
119	116	73
119	117	73
119	118	1
119	119	1
119	120	1
119	121	1
119	122	1
119	139	1
119	195	1
119	238	1
119	239	1
119	240	1
119	241	1
119	242	1
119	243	1
119	258	1
119	271	1
119	319	72
119	360	1
119	368	73
119	389	35
120	17	1
120	58	1
120	81	1
120	106	1
120	139	1
120	195	1
120	237	1
120	259	1
120	271	1
120	319	1
120	361	1
120	367	73
120	388	35
121	17	1
121	57	1
121	81	68
121	107	1
121	139	1
121	196	1
121	236	1
121	260	67
121	270	73
121	320	1
121	361	72
121	367	73
121	389	35
122	17	1
122	57	1
122	81	1
122	108	1
122	138	1
122	196	1
122	235	1
122	261	67
122	270	73
122	320	1
122	361	73
122	366	73
122	388	35
123	18	1
123	56	1
123	81	1
123	109	1
123	138	1
123	197	1
123	234	1
123	262	1
123	269	68
123	271	1
123	320	1
123	362	72
123	366	73
123	389	35
124	17	1
124	56	1
124	81	1
124	110	73
124	137	1
124	197	1
124	233	1
124	263	1
124	264	1
124	265	1
124	266	68
124	267	68
124	268	68
124	272	71
124	320	1
124	362	28
124	365	36
124	388	35
125	18	1
125	55	1
125	81	1
125	111	1
125	137	1
125	198	1
125	232	1
125	263	1
125	272	1
125	321	1
125	363	28
125	364	28
125	366	28
125	389	35
126	17	1
126	55	1
126	81	1
126	111	1
126	112	1
126	136	1
126	196	1
126	197	1
126	198	1
126	230	1
126	231	1
126	263	1
126	273	1
126	322	73
126	362	73
126	367	28
126	368	28
126	388	35
127	18	1
127	55	1
127	79	1
127	80	1
127	110	1
127	113	1
127	136	1
127	195	1
127	199	1
127	215	1
127	216	1
127	217	1
127	218	1
127	219	1
127	220	1
127	221	1
127	222	1
127	223	1
127	224	1
127	225	1
127	226	1
127	227	1
127	228	1
127	229	1
127	231	1
127	263	1
127	274	1
127	321	72
127	323	1
127	324	1
127	325	1
127	326	1
127	327	1
127	328	1
127	329	1
127	330	1
127	331	1
127	332	1
127	333	71
127	334	71
127	335	71
127	336	71
127	337	71
127	338	71
127	339	71
127	340	71
127	341	71
127	342	71
127	343	71
127	344	71
127	345	1
127	346	1
127	347	1
127	348	1
127	349	1
127	350	1
127	351	1
127	352	1
127	353	72
127	354	72
127	355	72
127	356	72
127	357	1
127	358	1
127	359	1
127	360	1
127	361	1
127	369	1
127	389	35
128	17	1
128	55	1
128	78	1
128	109	1
128	114	1
128	135	1
128	194	1
128	200	1
128	213	1
128	214	1
128	229	1
128	231	1
128	263	1
128	274	1
128	320	72
128	323	1
128	361	1
128	369	1
128	388	35
129	18	1
129	54	1
129	78	1
129	108	1
129	115	1
129	135	1
129	192	1
129	193	1
129	201	1
129	202	1
129	203	56
129	204	5
129	205	5
129	206	56
129	207	5
129	208	5
129	209	56
129	210	56
129	211	1
129	212	1
129	229	1
129	231	1
129	263	71
129	275	1
129	320	73
129	324	1
129	360	1
129	370	1
129	389	35
130	17	1
130	55	1
130	77	1
130	107	1
130	116	1
130	134	1
130	191	1
130	201	1
130	229	1
130	231	1
130	263	67
130	276	1
130	320	1
130	325	1
130	359	1
130	371	1
130	388	35
131	18	1
131	54	1
131	75	1
131	76	1
131	106	1
131	117	1
131	133	1
131	191	1
131	201	72
131	229	1
131	231	1
131	263	67
131	277	1
131	319	1
131	326	1
131	358	1
131	372	1
131	388	35
132	19	1
132	54	1
132	74	1
132	105	1
132	118	1
132	133	1
132	190	1
132	201	1
132	229	1
132	231	1
132	263	1
132	277	1
132	319	1
132	327	1
132	357	1
132	373	1
132	387	1
133	19	1
133	55	1
133	74	1
133	104	1
133	119	1
133	132	1
133	189	1
133	201	1
133	229	1
133	231	1
133	263	1
133	278	1
133	318	1
133	328	1
133	356	1
133	374	1
133	387	1
134	20	73
134	54	1
134	72	73
134	73	1
134	103	1
134	120	1
134	132	1
134	189	1
134	201	1
134	229	1
134	231	1
134	263	1
134	278	1
134	318	1
134	329	1
134	355	1
134	375	1
134	386	1
135	20	1
135	55	1
135	71	73
135	121	1
135	131	1
135	188	1
135	201	1
135	229	1
135	232	72
135	263	1
135	279	1
135	318	1
135	330	1
135	354	1
135	376	1
135	386	1
136	20	1
136	54	1
136	70	73
136	121	1
136	130	1
136	187	1
136	201	1
136	229	1
136	233	1
136	262	1
136	279	1
136	317	1
136	331	1
136	353	1
136	377	1
136	385	1
137	20	1
137	55	1
137	68	73
137	69	73
137	122	1
137	130	1
137	187	1
137	201	1
137	229	1
137	234	1
137	261	1
137	280	1
137	317	1
137	332	1
137	352	1
137	378	1
137	385	1
138	21	1
138	56	1
138	57	73
138	58	73
138	59	73
138	60	73
138	61	73
138	62	73
138	63	73
138	64	73
138	65	73
138	66	73
138	67	73
138	123	1
138	124	1
138	125	71
138	126	70
138	127	73
138	128	1
138	129	1
138	186	1
138	201	56
138	229	1
138	235	1
138	261	1
138	279	1
138	316	1
138	333	1
138	351	1
138	379	1
138	384	1
139	20	1
139	55	1
139	130	1
139	185	1
139	201	70
139	229	1
139	236	1
139	260	1
139	280	1
139	316	1
139	334	68
139	350	1
139	380	1
139	384	1
140	21	1
140	55	1
140	129	1
140	184	73
140	201	1
140	229	70
140	237	1
140	260	1
140	280	1
140	316	1
140	335	1
140	349	1
140	381	1
140	383	1
141	22	1
141	56	1
141	70	73
141	129	1
141	184	1
141	201	1
141	229	70
141	238	1
141	259	1
141	281	1
141	315	1
141	336	1
141	337	1
141	338	1
141	339	1
141	340	1
141	341	1
141	342	1
141	343	67
141	344	1
141	345	1
141	346	1
141	347	1
141	348	1
141	382	1
142	21	1
142	56	1
142	69	73
142	129	1
142	183	1
142	201	5
142	229	1
142	239	1
142	259	1
142	280	1
142	315	1
142	336	1
142	383	1
143	22	1
143	57	1
143	68	73
143	72	73
143	128	1
143	182	1
143	201	5
143	229	1
143	240	1
143	258	1
143	281	1
143	314	1
143	337	1
143	383	1
144	21	1
144	57	1
144	67	73
144	71	73
144	128	1
144	181	73
144	201	68
144	229	70
144	241	1
144	258	1
144	281	1
144	314	1
144	337	1
144	383	1
145	22	72
145	58	1
145	66	73
145	70	73
145	119	73
145	120	72
145	121	1
145	122	1
145	123	1
145	124	1
145	125	1
145	126	1
145	127	1
145	181	1
145	201	5
145	228	1
145	242	1
145	258	1
145	281	1
145	313	1
145	337	1
145	384	1
146	22	1
146	59	1
146	65	73
146	69	73
146	117	73
146	118	72
146	128	1
146	180	1
146	201	66
146	227	1
146	243	1
146	257	1
146	282	1
146	313	64
146	338	1
146	383	1
147	22	1
147	59	1
147	64	1
147	68	73
147	116	73
147	128	1
147	179	1
147	202	66
147	227	1
147	244	1
147	257	1
147	282	1
147	312	1
147	338	1
147	384	1
148	22	1
148	60	73
148	61	73
148	62	73
148	63	73
148	65	73
148	66	73
148	67	73
148	116	69
148	129	1
148	162	60
148	178	5
148	202	1
148	226	1
148	245	1
148	256	1
148	282	1
148	312	1
148	339	1
148	340	1
148	341	1
148	342	1
148	343	67
148	344	1
148	345	1
148	346	1
148	347	1
148	348	1
148	384	1
149	23	1
149	59	1
149	115	1
149	129	1
149	163	60
149	177	5
149	203	1
149	226	1
149	246	1
149	255	1
149	282	68
149	311	1
149	339	1
149	349	1
149	385	73
149	386	73
149	387	73
150	22	1
150	60	59
150	114	1
150	129	1
150	164	73
150	165	73
150	166	63
150	167	60
150	168	49
150	169	49
150	170	49
150	171	54
150	172	54
150	173	12
150	174	12
150	175	5
150	176	5
150	203	1
150	225	1
150	247	1
150	248	1
150	249	1
150	250	1
150	251	66
150	252	5
150	253	1
150	254	1
150	282	1
150	311	1
150	339	1
150	350	1
150	351	1
150	384	1
150	388	72
151	23	1
151	60	1
151	113	1
151	130	1
151	162	60
151	163	60
151	176	5
151	204	1
151	225	1
151	247	1
151	283	1
151	310	1
151	339	1
151	352	70
151	383	1
151	389	1
151	390	1
152	1	70
152	22	1
152	60	1
152	112	1
152	130	1
152	161	73
152	176	5
152	204	5
152	224	1
152	247	1
152	282	1
152	310	1
152	339	1
152	353	1
152	383	1
152	391	1
153	2	70
153	23	1
153	61	71
153	111	1
153	130	1
153	160	73
153	176	5
153	205	5
153	224	1
153	247	1
153	283	71
153	309	1
153	338	1
153	354	1
153	382	1
153	392	69
154	1	70
154	24	1
154	60	1
154	110	1
154	130	1
154	160	60
154	176	5
154	205	5
154	223	1
154	248	73
154	282	6
154	309	1
154	338	1
154	355	1
154	382	1
154	392	69
155	2	70
155	23	1
155	61	1
155	109	1
155	131	1
155	159	12
155	177	5
155	206	73
155	222	1
155	248	1
155	282	6
155	309	1
155	337	1
155	356	1
155	381	1
155	393	69
156	2	70
156	23	1
156	62	1
156	108	1
156	131	1
156	177	5
156	206	5
156	221	1
156	248	1
156	282	6
156	309	1
156	336	1
156	357	1
156	380	1
156	393	69
157	3	70
157	24	1
157	61	1
157	108	1
157	132	71
157	178	5
157	206	5
157	221	1
157	249	1
157	282	6
157	309	1
157	335	1
157	358	1
157	380	1
157	394	1
158	2	70
158	23	1
158	62	1
158	107	1
158	132	1
158	178	5
158	207	5
158	220	1
158	249	1
158	283	6
158	309	1
158	334	1
158	359	1
158	379	1
159	3	70
159	24	1
159	62	1
159	107	1
159	133	1
159	179	5
159	208	5
159	219	1
159	250	1
159	282	6
159	310	1
159	333	1
159	360	1
159	379	1
160	3	70
160	23	1
160	62	1
160	106	1
160	133	1
160	178	5
160	208	5
160	219	1
160	249	1
160	281	6
160	310	1
160	332	1
160	360	1
160	379	1
161	4	70
161	24	1
161	62	1
161	106	1
161	133	1
161	179	5
161	209	70
161	218	1
161	250	1
161	282	6
161	311	1
161	312	1
161	313	1
161	314	6
161	315	6
161	316	69
161	331	73
161	361	1
161	378	1
162	3	70
162	24	1
162	62	1
162	105	1
162	134	1
162	178	5
162	209	70
162	218	1
162	250	1
162	281	6
162	310	1
162	317	6
162	318	1
162	319	69
162	320	1
162	321	1
162	322	1
162	323	1
162	324	1
162	325	1
162	326	1
162	327	1
162	328	1
162	329	1
162	330	73
162	362	1
162	378	1
163	4	70
163	25	1
163	62	1
163	105	1
163	134	1
163	179	72
163	210	70
163	217	1
163	251	1
163	282	6
163	310	1
163	331	1
163	363	1
163	377	1
164	4	68
164	24	1
164	63	1
164	106	1
164	134	1
164	178	5
164	210	5
164	216	70
164	250	1
164	281	6
164	309	1
164	331	1
164	364	1
164	377	1
165	5	68
165	25	1
165	62	1
165	105	1
165	134	1
165	179	5
165	210	5
165	216	70
165	251	1
165	282	6
165	308	1
165	331	1
165	365	1
165	376	1
166	5	68
166	6	68
166	24	1
166	63	1
166	106	1
166	135	1
166	180	5
166	211	5
166	215	70
166	251	1
166	281	6
166	308	1
166	332	1
166	366	1
166	375	1
167	4	68
167	7	73
167	25	1
167	62	1
167	105	1
167	134	1
167	180	5
167	211	5
167	215	1
167	252	72
167	281	6
167	307	1
167	332	1
167	367	1
167	368	1
167	375	1
168	3	68
168	8	66
168	25	1
168	63	1
168	106	1
168	135	1
168	180	5
168	211	5
168	214	1
168	251	1
168	281	6
168	306	1
168	333	1
168	369	1
168	374	73
169	2	66
169	9	65
169	25	1
169	63	1
169	106	1
169	134	1
169	180	5
169	212	1
169	213	1
169	252	1
169	281	6
169	306	1
169	334	1
169	370	1
169	374	1
169	394	73
170	1	1
170	9	65
170	25	1
170	63	1
170	105	1
170	135	1
170	180	5
170	211	1
170	251	1
170	280	6
170	305	1
170	334	1
170	371	1
170	372	1
170	373	1
170	394	73
171	10	65
171	25	1
171	63	1
171	106	1
171	134	1
171	180	12
171	211	5
171	252	1
171	280	6
171	305	1
171	335	73
171	373	1
171	394	73
172	11	65
172	25	1
172	64	1
172	105	1
172	135	6
172	180	12
172	211	1
172	252	1
172	280	6
172	305	1
172	334	1
172	374	1
172	393	72
173	12	65
173	24	1
173	64	1
173	106	1
173	135	6
173	180	5
173	211	1
173	252	1
173	280	6
173	304	1
173	335	1
173	374	1
173	393	72
174	13	65
174	24	1
174	65	1
174	105	1
174	134	6
174	179	5
174	210	5
174	252	1
174	280	6
174	304	1
174	334	1
174	374	1
174	392	72
175	14	1
175	24	1
175	64	1
175	106	1
175	135	6
175	180	5
175	210	1
175	253	1
175	280	6
175	304	1
175	335	1
175	374	1
175	392	71
176	15	1
176	16	1
176	17	72
176	18	1
176	19	1
176	20	1
176	21	1
176	22	1
176	23	1
176	65	65
176	105	1
176	134	1
176	179	68
176	209	1
176	252	1
176	280	6
176	304	1
176	335	1
176	374	1
176	392	70
177	24	1
177	65	1
177	106	1
177	135	67
177	180	5
177	208	1
177	210	1
177	253	1
177	279	6
177	303	1
177	335	1
177	375	1
177	392	70
178	24	1
178	65	1
178	105	1
178	134	1
178	180	5
178	193	1
178	203	73
178	204	73
178	205	72
178	206	72
178	207	3
178	210	3
178	253	1
178	280	5
178	303	1
178	335	1
178	374	1
178	391	70
179	24	1
179	66	1
179	105	1
179	135	1
179	180	5
179	194	1
179	200	73
179	201	72
179	202	1
179	211	3
179	254	1
179	279	5
179	304	1
179	335	1
179	375	1
179	392	70
180	24	1
180	66	1
180	105	1
180	134	1
180	179	5
180	195	1
180	198	73
180	199	71
180	211	3
180	253	1
180	279	5
180	291	73
180	303	1
180	335	1
180	375	1
180	391	70
181	25	1
181	67	1
181	105	1
181	135	1
181	180	5
181	196	1
181	197	1
181	212	5
181	254	1
181	279	5
181	292	1
181	303	69
181	335	1
181	374	1
181	392	68
182	24	1
182	66	1
182	105	1
182	135	1
182	181	5
182	196	1
182	213	1
182	254	1
182	278	5
182	293	1
182	302	1
182	336	1
182	375	1
182	392	68
183	25	1
183	67	1
183	105	1
183	134	1
183	181	5
183	195	1
183	213	1
183	254	1
183	279	5
183	294	1
183	295	1
183	296	1
183	297	1
183	298	1
183	299	1
183	300	1
183	301	1
183	302	1
183	336	1
183	375	1
183	393	68
184	24	1
184	67	1
184	104	1
184	135	1
184	182	5
184	194	1
184	214	1
184	255	1
184	278	5
184	303	1
184	336	1
184	375	1
184	393	67
185	25	1
185	67	1
185	105	1
185	134	1
185	183	5
185	193	1
185	214	1
185	256	1
185	278	5
185	301	1
185	302	1
185	304	1
185	336	1
185	375	1
185	394	1
186	24	1
186	67	1
186	104	1
186	135	1
186	183	5
186	192	1
186	215	1
186	257	1
186	277	5
186	299	73
186	300	1
186	305	1
186	336	1
186	375	1
186	394	1
187	25	1
187	67	63
187	105	1
187	134	1
187	184	73
187	185	5
187	186	5
187	187	67
187	188	67
187	189	58
187	190	5
187	191	1
187	216	1
187	257	1
187	277	5
187	297	1
187	298	1
187	306	1
187	307	1
187	337	1
187	375	1
188	24	1
188	67	1
188	104	1
188	135	1
188	183	5
188	216	1
188	258	1
188	277	5
188	295	73
188	296	1
188	308	1
188	309	1
188	336	1
188	375	1
189	25	1
189	68	1
189	105	1
189	134	1
189	183	5
189	217	1
189	259	1
189	277	5
189	294	1
189	310	1
189	337	1
189	375	1
190	24	1
190	67	1
190	104	1
190	134	1
190	183	5
190	217	1
190	259	1
190	277	5
190	293	1
190	311	1
190	312	1
190	338	1
190	375	1
191	25	1
191	68	1
191	105	1
191	134	1
191	183	5
191	218	1
191	260	1
191	277	5
191	292	1
191	313	1
191	338	1
191	339	1
191	340	68
191	341	68
191	342	62
191	343	65
191	344	71
191	345	62
191	375	1
192	24	1
192	67	1
192	104	1
192	134	1
192	183	5
192	218	1
192	261	71
192	277	5
192	291	1
192	314	1
192	315	1
192	337	1
192	346	71
192	376	1
193	24	1
193	68	1
193	104	1
193	133	1
193	184	5
193	219	1
193	261	1
193	277	5
193	290	1
193	316	1
193	336	1
193	347	62
193	348	62
193	349	73
193	350	73
193	375	1
194	24	1
194	67	1
194	104	1
194	132	73
194	184	5
194	220	73
194	262	71
194	277	5
194	289	1
194	317	1
194	335	1
194	351	62
194	376	1
195	24	63
195	68	1
195	104	1
195	133	1
195	184	5
195	220	1
195	262	5
195	277	1
195	288	1
195	318	1
195	334	1
195	352	1
195	375	1
196	24	1
196	67	1
196	103	1
196	132	69
196	184	5
196	220	1
196	263	5
196	277	1
196	278	1
196	279	6
196	280	1
196	281	1
196	282	1
196	283	6
196	284	69
196	285	1
196	286	1
196	287	1
196	319	1
196	333	1
196	353	1
196	375	1
197	24	1
197	68	1
197	104	1
197	133	1
197	185	5
197	220	1
197	263	5
197	276	6
197	320	1
197	332	1
197	354	1
197	375	1
198	24	1
198	67	1
198	103	1
198	132	1
198	185	5
198	221	1
198	264	73
198	275	6
198	321	1
198	322	1
198	323	1
198	324	1
198	325	1
198	326	70
198	327	70
198	328	70
198	329	70
198	330	1
198	331	1
198	375	1
199	24	63
199	68	1
199	104	1
199	131	1
199	186	67
199	222	1
199	264	73
199	274	6
199	331	1
199	375	1
200	24	1
200	67	1
200	103	1
200	131	4
200	186	67
200	221	1
200	264	5
200	273	6
200	331	1
200	375	1
201	24	1
201	67	1
201	103	1
201	131	4
201	186	5
201	222	1
201	265	5
201	272	1
201	331	1
201	375	1
202	23	1
202	67	1
202	103	1
202	131	4
202	187	5
202	221	1
202	265	5
202	271	1
202	331	1
202	375	1
203	24	1
203	66	1
203	103	1
203	130	4
203	187	5
203	222	1
203	266	69
203	270	1
203	331	1
203	375	1
204	23	1
204	67	63
204	103	1
204	131	1
204	187	5
204	221	1
204	265	69
204	267	69
204	268	69
204	269	1
204	330	1
204	375	1
205	24	1
205	66	1
205	102	1
205	130	1
205	132	72
205	133	1
205	134	1
205	188	5
205	221	1
205	265	69
205	267	69
205	330	1
205	376	6
206	23	1
206	67	1
206	102	1
206	129	1
206	135	72
206	187	5
206	221	1
206	264	1
206	267	69
206	331	1
206	375	1
207	23	1
207	66	1
207	102	1
207	128	1
207	136	1
207	137	1
207	138	1
207	188	5
207	220	1
207	263	1
207	268	69
207	330	1
207	376	1
208	23	1
208	67	63
208	102	1
208	127	1
208	139	1
208	140	73
208	141	73
208	188	5
208	221	1
208	263	1
208	269	73
208	330	1
208	375	1
209	23	1
209	66	1
209	102	1
209	127	1
209	142	72
209	188	5
209	220	1
209	262	1
209	269	73
209	330	1
209	376	1
210	23	1
210	66	1
210	101	1
210	126	1
210	143	1
210	188	5
210	221	1
210	262	1
210	270	1
210	271	1
210	330	1
210	377	1
211	23	1
211	66	1
211	101	1
211	125	1
211	144	1
211	189	5
211	220	1
211	261	1
211	270	1
211	272	1
211	273	1
211	329	1
211	376	1
212	22	1
212	65	1
212	101	1
212	124	1
212	145	1
212	189	5
212	220	1
212	261	73
212	270	1
212	274	1
212	330	1
212	377	1
213	23	1
213	66	1
213	101	1
213	124	1
213	146	6
213	189	5
213	220	1
213	260	69
213	270	1
213	275	1
213	276	1
213	329	1
213	378	73
214	22	1
214	65	1
214	101	1
214	123	1
214	147	6
214	189	5
214	220	1
214	259	66
214	270	1
214	277	1
214	328	1
214	378	72
215	22	1
215	66	1
215	100	1
215	122	1
215	148	6
215	190	5
215	220	1
215	259	66
215	270	1
215	277	6
215	329	1
215	378	1
216	22	1
216	65	1
216	101	1
216	121	1
216	148	6
216	189	5
216	220	1
216	258	1
216	270	1
216	278	1
216	279	1
216	328	1
216	379	71
217	22	1
217	66	1
217	101	1
217	120	1
217	149	6
217	190	5
217	191	5
217	192	5
217	193	5
217	194	62
217	195	62
217	196	62
217	197	68
217	198	72
217	220	1
217	258	1
217	270	73
217	280	1
217	329	1
217	380	1
218	22	1
218	65	1
218	101	1
218	119	1
218	149	6
218	189	5
218	199	5
218	200	62
218	201	5
218	202	73
218	203	73
218	220	1
218	257	1
218	270	73
218	281	1
218	328	1
218	379	1
219	21	1
219	66	1
219	102	1
219	118	6
219	149	6
219	188	5
219	204	5
219	220	65
219	257	1
219	270	73
219	281	1
219	329	1
219	380	1
220	22	1
220	65	1
220	102	1
220	117	6
220	149	72
220	187	5
220	204	5
220	220	1
220	256	1
220	270	73
220	282	1
220	328	1
220	380	1
221	21	1
221	64	1
221	103	1
221	116	6
221	149	6
221	187	5
221	220	1
221	256	69
221	270	73
221	283	1
221	329	1
221	381	1
222	21	1
222	65	1
222	103	1
222	115	6
222	149	6
222	186	5
222	220	1
222	255	1
222	270	1
222	284	1
222	328	1
222	381	1
223	22	1
223	64	1
223	104	1
223	114	6
223	150	6
223	186	5
223	220	1
223	254	1
223	270	6
223	284	1
223	329	1
223	381	1
224	21	1
224	65	1
224	104	1
224	114	6
224	149	6
224	185	5
224	220	1
224	254	1
224	270	1
224	285	1
224	329	1
224	382	1
225	21	1
225	64	1
225	104	1
225	113	6
225	150	6
225	184	5
225	221	1
225	253	71
225	270	1
225	286	1
225	329	1
225	381	1
226	21	1
226	65	1
226	105	1
226	112	6
226	150	6
226	184	5
226	220	1
226	253	1
226	270	1
226	286	1
226	329	1
226	382	1
227	21	1
227	64	1
227	105	1
227	111	6
227	149	6
227	183	5
227	221	1
227	253	1
227	269	6
227	287	1
227	329	1
227	383	70
228	20	1
228	65	1
228	106	73
228	111	6
228	150	6
228	182	5
228	220	1
228	254	1
228	267	6
228	268	6
228	287	1
228	329	1
228	382	70
229	19	1
229	20	1
229	64	1
229	107	73
229	108	6
229	109	6
229	110	6
229	150	6
229	183	5
229	221	1
229	254	1
229	255	1
229	256	72
229	257	71
229	258	71
229	259	6
229	260	6
229	261	6
229	262	6
229	263	6
229	264	6
229	265	6
229	266	6
229	288	1
229	329	1
229	383	70
230	18	72
230	21	1
230	64	1
230	106	3
230	149	6
230	156	73
230	182	5
230	220	1
230	253	1
230	289	1
230	329	1
230	382	1
231	18	56
231	21	1
231	64	1
231	106	1
231	149	6
231	156	73
231	182	5
231	221	1
231	253	1
231	289	1
231	330	1
231	383	1
232	18	56
232	22	1
232	64	1
232	106	1
232	149	6
232	156	72
232	181	5
232	220	1
232	252	1
232	290	1
232	330	1
232	382	1
233	18	56
233	23	1
233	64	1
233	105	1
233	150	6
233	151	6
233	152	72
233	153	72
233	154	6
233	156	72
233	181	5
233	221	60
233	253	6
233	289	1
233	330	1
233	383	72
234	18	56
234	23	1
234	64	1
234	106	6
234	149	6
234	155	6
234	157	73
234	181	5
234	221	1
234	252	1
234	290	1
234	329	1
234	382	1
235	18	56
235	24	1
235	65	1
235	105	1
235	148	6
235	158	6
235	159	6
235	180	5
235	221	1
235	252	6
235	291	1
235	330	1
235	382	1
236	17	1
236	24	1
236	64	1
236	106	1
236	147	6
236	160	6
236	161	6
236	180	5
236	222	1
236	251	1
236	290	1
236	330	1
236	382	1
237	17	56
237	25	1
237	65	1
237	105	1
237	146	6
237	162	6
237	180	5
237	221	1
237	250	1
237	291	1
237	331	1
237	382	71
238	16	1
238	25	1
238	64	1
238	105	6
238	146	6
238	179	5
238	222	1
238	250	1
238	290	1
238	331	1
238	382	1
239	16	56
239	26	1
239	65	1
239	105	1
239	145	6
239	180	5
239	221	1
239	250	70
239	291	1
239	331	1
239	382	1
240	16	56
240	27	1
240	64	1
240	105	1
240	137	73
240	144	6
240	179	5
240	222	1
240	250	1
240	290	1
240	332	1
240	381	1
241	15	56
241	27	1
241	65	1
241	105	1
241	138	73
241	144	6
241	179	5
241	221	1
241	249	1
241	290	1
241	331	1
241	382	1
242	15	56
242	28	1
242	64	1
242	105	1
242	139	73
242	143	6
242	179	5
242	222	1
242	249	1
242	290	1
242	332	1
242	382	1
243	15	60
243	28	1
243	64	1
243	106	1
243	140	73
243	141	73
243	142	73
243	178	5
243	221	1
243	249	1
243	290	1
243	332	1
243	382	62
244	14	60
244	29	1
244	64	1
244	105	1
244	143	6
244	179	5
244	222	1
244	248	1
244	289	1
244	332	1
244	382	1
245	14	1
245	30	1
245	64	1
245	106	1
245	142	72
245	178	5
245	221	1
245	249	1
245	290	1
245	333	1
245	383	1
246	14	1
246	30	1
246	64	1
246	105	1
246	143	6
246	178	5
246	222	1
246	248	1
246	289	1
246	333	1
246	382	1
247	14	1
247	30	1
247	64	1
247	106	1
247	143	6
247	178	5
247	221	1
247	249	1
247	289	6
247	333	1
247	383	1
248	15	1
248	29	1
248	64	1
248	106	1
248	144	73
248	178	5
248	222	1
248	248	1
248	288	6
248	333	1
248	383	1
249	15	1
249	20	64
249	21	66
249	22	66
249	23	66
249	24	66
249	25	66
249	26	66
249	27	4
249	28	1
249	64	1
249	106	1
249	144	73
249	177	5
249	222	1
249	248	1
249	289	6
249	334	1
249	335	71
249	336	73
249	372	73
249	373	73
249	374	73
249	375	73
249	376	73
249	377	73
249	378	73
249	380	73
249	381	1
249	382	1
250	16	70
250	17	70
250	18	64
250	19	72
250	29	1
250	65	1
250	106	1
250	143	6
250	145	6
250	178	5
250	222	1
250	248	1
250	288	6
250	333	1
250	337	72
250	379	1
250	383	1
250	384	1
251	16	70
251	30	1
251	65	1
251	105	1
251	146	6
251	178	5
251	223	1
251	248	1
251	288	6
251	333	1
251	338	67
251	339	67
251	378	1
251	385	1
252	15	1
252	30	1
252	65	1
252	106	1
252	147	6
252	148	6
252	177	5
252	222	1
252	248	1
252	287	6
252	332	1
252	340	67
252	377	1
252	385	1
253	15	1
253	31	1
253	65	1
253	106	1
253	149	6
253	177	5
253	188	15
253	222	1
253	248	6
253	285	73
253	286	6
253	287	6
253	332	1
253	340	67
253	376	1
253	386	1
254	15	1
254	32	1
254	65	1
254	106	1
254	150	6
254	178	5
254	179	5
254	180	10
254	181	13
254	182	15
254	183	62
254	184	62
254	185	62
254	186	62
254	187	15
254	222	1
254	247	6
254	284	72
254	288	6
254	331	67
254	341	56
254	375	73
254	386	1
255	15	1
255	32	1
255	65	1
255	106	1
255	151	6
255	177	5
255	222	1
255	248	6
255	282	9
255	283	9
255	289	6
255	331	1
255	342	56
255	387	1
256	16	72
256	32	1
256	65	1
256	106	1
256	176	5
256	222	1
256	247	1
256	281	9
256	290	6
256	330	1
256	342	56
256	387	1
257	16	1
257	32	1
257	65	1
257	107	1
257	175	73
257	222	1
257	248	73
257	249	73
257	250	73
257	251	73
257	252	73
257	253	73
257	254	73
257	255	73
257	256	73
257	280	9
257	291	6
257	292	6
257	293	9
257	294	11
257	295	11
257	296	15
257	297	65
257	298	64
257	299	64
257	300	64
257	301	71
257	302	64
257	304	64
257	330	1
257	343	56
257	388	1
258	16	1
258	32	1
258	65	1
258	106	1
258	175	73
258	222	1
258	247	1
258	257	73
258	279	9
258	291	6
258	303	64
258	305	64
258	306	64
258	307	64
258	308	64
258	329	1
258	343	56
258	388	1
259	16	1
259	33	4
259	65	1
259	107	1
259	174	10
259	176	5
259	222	1
259	247	70
259	258	73
259	279	9
259	291	6
259	329	1
259	344	56
259	389	1
260	16	65
260	32	4
260	65	1
260	106	1
260	173	10
260	177	10
260	221	1
260	246	1
260	278	9
260	291	9
260	328	1
260	344	56
260	389	1
261	16	1
261	33	4
261	65	1
261	107	9
261	171	73
261	172	10
261	178	10
261	221	1
261	246	1
261	277	9
261	291	9
261	328	1
261	345	56
261	390	1
262	17	1
262	32	4
262	65	1
262	106	1
262	170	72
262	179	10
262	220	1
262	246	1
262	277	9
262	291	9
262	327	1
262	346	17
262	389	1
263	17	1
263	32	4
263	66	3
263	107	5
263	169	10
263	180	10
263	220	1
263	245	1
263	276	9
263	292	9
263	328	1
263	345	17
263	390	1
264	18	1
264	32	4
264	65	1
264	106	9
264	169	10
264	219	1
264	245	1
264	275	9
264	292	9
264	328	1
264	346	17
264	390	9
265	18	1
265	31	4
265	66	1
265	107	5
265	168	10
265	218	7
265	245	1
265	274	73
265	292	9
265	328	1
265	346	17
265	391	9
266	19	1
266	31	5
266	65	4
266	106	5
266	167	13
266	218	7
266	244	1
266	274	9
266	293	11
266	328	1
266	346	17
266	391	9
267	20	73
267	21	73
267	31	5
267	66	5
267	107	5
267	166	13
267	217	7
267	244	1
267	274	9
267	292	11
267	328	1
267	346	17
267	391	9
268	1	71
268	19	73
268	22	69
268	23	69
268	24	69
268	25	69
268	26	69
268	27	69
268	28	69
268	29	5
268	30	5
268	65	5
268	106	5
268	165	13
268	217	7
268	243	1
268	273	9
268	292	11
268	328	1
268	346	17
268	391	9
269	1	71
269	18	8
269	31	5
269	66	5
269	107	5
269	165	13
269	216	7
269	242	73
269	272	73
269	292	11
269	328	1
269	347	17
269	392	9
270	1	71
270	17	8
270	32	5
270	66	5
270	106	5
270	164	13
270	215	7
270	243	1
270	272	72
270	291	11
270	329	1
270	346	17
270	391	9
271	2	71
271	17	8
271	32	9
271	65	7
271	107	5
271	163	13
271	215	7
271	242	9
271	272	11
271	292	11
271	329	1
271	347	17
271	392	9
272	1	71
272	16	8
272	33	69
272	66	7
272	106	5
272	162	13
272	214	7
272	241	9
272	272	11
272	291	11
272	329	1
272	346	17
272	392	9
273	2	71
273	16	58
273	34	9
273	66	7
273	107	5
273	161	13
273	214	7
273	242	9
273	271	11
273	291	11
273	330	1
273	347	17
273	392	9
274	1	71
274	15	58
274	34	9
274	66	7
274	107	5
274	160	13
274	213	73
274	241	9
274	271	11
274	292	11
274	329	1
274	347	17
274	392	9
275	2	71
275	16	58
275	35	10
275	66	7
275	107	5
275	160	13
275	213	70
275	240	9
275	270	73
275	291	11
275	330	8
275	347	17
275	393	9
276	2	71
276	15	9
276	36	10
276	66	7
276	107	5
276	160	13
276	213	7
276	240	9
276	270	11
276	292	11
276	329	8
276	347	17
276	392	13
277	2	71
277	16	9
277	37	10
277	66	7
277	107	5
277	159	13
277	213	7
277	239	9
277	270	11
277	291	11
277	330	10
277	348	17
277	393	13
278	2	67
278	15	9
278	36	10
278	66	7
278	107	5
278	159	13
278	212	11
278	240	9
278	270	11
278	271	11
278	272	11
278	273	11
278	274	73
278	275	73
278	280	72
278	292	15
278	329	10
278	347	17
278	392	13
279	3	67
279	15	9
279	36	10
279	66	7
279	107	5
279	158	13
279	212	11
279	239	9
279	269	11
279	276	11
279	277	13
279	278	15
279	279	15
279	281	15
279	282	15
279	283	15
279	292	15
279	330	10
279	348	17
279	393	13
280	2	67
280	15	9
280	37	10
280	66	7
280	107	9
280	157	73
280	212	11
280	238	9
280	268	11
280	293	15
280	329	10
280	349	17
280	392	13
281	3	67
281	15	9
281	37	10
281	66	9
281	107	11
281	158	15
281	212	11
281	238	9
281	267	11
281	292	15
281	330	11
281	348	17
281	393	13
282	2	67
282	15	9
282	37	10
282	66	9
282	107	5
282	157	15
282	212	11
282	237	9
282	266	11
282	293	15
282	331	11
282	349	17
282	392	13
283	3	67
283	14	9
283	37	10
283	66	10
283	106	5
283	157	15
283	211	11
283	238	9
283	265	11
283	292	15
283	330	11
283	350	17
283	393	64
284	2	67
284	15	9
284	36	10
284	38	14
284	39	10
284	67	10
284	107	5
284	156	15
284	212	11
284	237	9
284	264	13
284	291	15
284	331	11
284	349	17
284	392	18
285	3	67
285	16	9
285	17	9
285	18	9
285	19	9
285	20	9
285	34	10
285	35	10
285	40	14
285	66	10
285	106	11
285	156	15
285	211	11
285	237	11
285	263	13
285	320	17
285	330	11
285	350	17
285	393	18
286	3	67
286	15	10
286	21	10
286	31	73
286	32	73
286	33	10
286	41	14
286	66	10
286	107	11
286	155	15
286	210	11
286	237	11
286	262	13
286	331	11
286	351	17
286	392	18
287	3	67
287	16	10
287	22	10
287	30	10
287	42	14
287	43	14
287	66	10
287	106	11
287	156	15
287	211	11
287	236	11
287	262	13
287	330	11
287	350	17
287	393	18
288	3	67
288	16	10
288	23	14
288	28	10
288	29	10
288	44	14
288	45	14
288	66	10
288	106	11
288	155	15
288	210	11
288	236	11
288	261	13
288	291	19
288	331	11
288	351	17
288	392	18
289	4	67
289	17	10
289	24	14
289	27	14
289	46	17
289	67	10
289	106	11
289	155	16
289	211	13
289	236	11
289	260	17
289	292	19
289	330	15
289	351	17
289	393	18
290	3	64
290	17	10
290	25	14
290	26	14
290	47	17
290	66	10
290	106	11
290	154	16
290	210	13
290	236	11
290	259	17
290	292	19
290	330	15
290	352	71
290	392	18
291	4	67
291	18	10
291	25	14
291	48	17
291	67	11
291	105	11
291	154	16
291	211	13
291	236	11
291	258	17
291	291	19
291	293	19
291	294	73
291	295	73
291	330	15
291	353	71
291	393	18
292	4	64
292	18	11
292	24	14
292	49	68
292	66	11
292	106	11
292	154	16
292	210	13
292	237	11
292	258	17
292	296	19
292	330	15
292	352	17
292	392	18
293	4	64
293	19	11
293	23	14
293	50	68
293	67	11
293	105	12
293	154	16
293	211	15
293	236	11
293	238	11
293	257	17
293	297	19
293	330	15
293	353	18
293	393	18
294	3	64
294	5	64
294	19	12
294	22	14
294	66	11
294	104	12
294	154	16
294	210	15
294	235	11
294	239	11
294	256	17
294	298	19
294	330	15
294	353	18
294	392	19
295	3	64
295	6	64
295	20	12
295	21	12
295	67	11
295	105	17
295	154	16
295	211	15
295	235	11
295	239	11
295	255	17
295	299	19
295	330	15
295	354	18
295	393	19
296	2	64
296	6	64
296	20	12
296	66	11
296	104	12
296	154	16
296	155	16
296	156	16
296	157	16
296	158	16
296	159	70
296	160	71
296	161	72
296	162	72
296	163	73
296	210	15
296	234	11
296	239	12
296	255	17
296	299	19
296	329	15
296	353	18
296	392	19
297	2	64
297	6	62
297	20	14
297	67	11
297	105	12
297	153	16
297	164	16
297	165	59
297	166	59
297	167	73
297	211	15
297	234	11
297	240	12
297	254	17
297	329	15
297	353	18
297	393	19
298	1	63
298	6	62
298	19	12
298	66	11
298	104	12
298	152	16
298	168	16
298	169	16
298	170	16
298	171	16
298	210	15
298	234	16
298	241	12
298	253	17
298	328	15
298	354	18
298	393	19
299	2	63
299	5	62
299	19	14
299	66	11
299	104	17
299	151	16
299	172	16
299	211	15
299	233	16
299	242	12
299	252	17
299	304	73
299	329	15
299	354	18
299	393	19
300	1	58
300	5	58
300	19	12
300	66	11
300	104	17
300	150	16
300	187	15
300	210	15
300	233	16
300	243	14
300	251	17
300	303	73
300	329	15
300	354	18
300	393	19
301	2	50
301	4	58
301	19	14
301	66	11
301	104	17
301	149	16
301	187	16
301	211	15
301	233	16
301	244	14
301	251	17
301	302	21
301	328	15
301	354	18
301	393	19
302	3	50
302	14	67
302	15	14
302	16	14
302	17	14
302	18	14
302	65	12
302	104	54
302	148	16
302	187	16
302	210	15
302	232	16
302	245	14
302	250	17
302	301	21
302	303	21
302	327	16
302	341	73
302	342	73
302	343	28
302	354	18
302	393	19
303	2	50
303	10	50
303	11	50
303	12	50
303	13	67
303	19	14
303	65	12
303	104	12
303	147	16
303	187	16
303	211	16
303	232	16
303	246	14
303	249	17
303	300	21
303	304	21
303	328	16
303	340	28
303	344	28
303	345	28
303	346	24
303	347	24
303	348	24
303	349	19
303	350	18
303	351	18
303	352	18
303	353	18
303	354	18
303	393	19
304	1	50
304	9	50
304	20	14
304	65	13
304	103	12
304	146	16
304	187	16
304	211	16
304	232	16
304	246	14
304	248	17
304	275	21
304	327	16
304	355	18
304	393	22
305	2	50
305	21	14
305	65	13
305	104	12
305	145	16
305	186	16
305	211	17
305	233	16
305	246	14
305	247	14
305	274	21
305	326	16
305	356	18
305	357	18
305	358	26
305	359	26
305	394	22
306	1	50
306	21	14
306	65	62
306	103	13
306	145	16
306	186	16
306	211	17
306	233	16
306	245	17
306	273	21
306	327	16
306	356	18
306	360	26
306	361	26
306	393	22
307	1	50
307	22	14
307	64	13
307	104	13
307	144	16
307	186	16
307	212	17
307	234	16
307	244	18
307	272	21
307	326	16
307	356	18
307	362	26
307	364	31
307	394	22
308	1	50
308	23	14
308	64	13
308	103	13
308	143	16
308	186	16
308	211	18
308	235	16
308	244	18
308	271	73
308	326	17
308	355	18
308	363	26
308	365	31
308	393	48
309	2	50
309	24	14
309	64	13
309	103	13
309	142	16
309	186	18
309	212	18
309	235	16
309	243	18
309	271	21
309	326	17
309	354	18
309	366	31
309	394	48
310	1	50
310	23	14
310	64	13
310	103	13
310	141	16
310	186	18
310	212	18
310	236	16
310	243	18
310	270	73
310	325	17
310	354	18
310	367	71
310	393	48
311	2	50
311	24	18
311	63	13
311	103	13
311	139	16
311	140	16
311	186	18
311	212	18
311	237	16
311	242	18
311	271	70
311	325	17
311	354	18
311	368	71
311	394	50
312	2	50
312	25	18
312	63	13
312	103	13
312	137	71
312	138	71
312	140	16
312	186	18
312	213	18
312	237	16
312	241	18
312	270	28
312	325	17
312	353	18
312	368	31
312	393	50
313	3	50
313	26	18
313	62	13
313	103	13
313	136	16
313	140	16
313	186	18
313	212	18
313	238	20
313	239	20
313	240	18
313	269	28
313	325	17
313	352	18
313	369	31
313	370	31
313	394	50
314	2	50
314	27	18
314	63	13
314	102	13
314	134	23
314	135	16
314	141	16
314	186	18
314	213	19
314	241	18
314	324	17
314	351	73
314	371	36
314	393	50
315	3	55
315	28	18
315	63	13
315	103	16
315	131	73
315	132	23
315	133	23
315	142	16
315	186	18
315	213	19
315	242	18
315	325	17
315	351	18
315	372	36
315	394	52
316	3	50
316	28	18
316	62	13
316	103	16
316	130	72
316	143	16
316	186	18
316	213	19
316	241	19
316	324	17
316	350	18
316	373	36
316	393	52
317	3	50
317	4	50
317	5	50
317	29	18
317	55	15
317	56	71
317	57	18
317	58	18
317	59	13
317	60	13
317	61	13
317	103	16
317	129	71
317	144	16
317	186	18
317	214	21
317	242	19
317	324	17
317	349	73
317	394	52
318	2	50
318	6	50
318	30	18
318	54	15
318	62	18
318	103	16
318	127	25
318	128	25
318	186	18
318	213	21
318	243	19
318	324	17
318	393	54
319	2	50
319	7	50
319	31	71
319	54	15
319	63	18
319	102	17
319	126	25
319	186	18
319	214	21
319	243	19
319	324	19
319	393	54
320	1	50
320	8	50
320	30	71
320	53	15
320	64	18
320	102	17
320	125	25
320	186	18
320	213	21
320	243	19
320	323	19
320	393	54
321	9	50
321	31	71
321	54	15
321	64	18
321	103	17
321	124	25
321	186	26
321	214	21
321	244	19
321	324	19
321	393	54
322	9	50
322	31	18
322	53	15
322	64	18
322	102	17
322	124	25
322	186	26
322	213	21
322	244	19
322	323	19
322	393	56
323	10	56
323	32	69
323	54	15
323	64	18
323	102	17
323	123	25
323	186	26
323	214	21
323	245	19
323	324	19
323	393	56
324	10	56
324	31	69
324	53	15
324	65	18
324	102	17
324	122	25
324	186	26
324	214	21
324	245	19
324	323	19
324	393	56
325	11	72
325	32	69
325	53	15
325	66	18
325	102	17
325	121	25
325	186	26
325	213	21
325	246	19
325	323	19
325	393	58
326	10	69
326	12	59
326	13	69
326	14	59
326	32	18
326	53	21
326	65	21
326	101	20
326	120	25
326	185	26
326	214	21
326	246	19
326	323	19
326	335	28
326	392	58
327	8	58
327	9	56
327	15	69
327	16	69
327	32	18
327	53	23
327	66	21
327	102	20
327	120	25
327	184	26
327	213	21
327	246	19
327	324	19
327	393	59
328	3	73
328	6	59
328	7	58
328	32	18
328	53	23
328	65	21
328	102	20
328	119	25
328	184	26
328	214	21
328	247	19
328	323	19
328	336	31
328	392	60
329	4	59
329	5	59
329	32	18
329	53	23
329	66	24
329	102	21
329	118	73
329	183	26
329	214	21
329	247	20
329	324	19
329	336	31
329	393	60
330	32	18
330	54	18
330	66	24
330	102	21
330	118	25
330	183	26
330	214	23
330	247	19
330	323	19
330	336	31
330	392	59
331	32	18
331	53	17
331	67	24
331	101	21
331	118	25
331	183	26
331	214	23
331	215	23
331	216	73
331	217	21
331	248	21
331	324	19
331	337	31
331	393	59
332	32	18
332	53	17
332	66	24
332	102	21
332	117	25
332	183	26
332	213	23
332	218	23
332	219	25
332	248	21
332	323	19
332	337	36
332	393	61
333	32	18
333	53	17
333	67	24
333	101	21
333	117	25
333	183	26
333	213	23
333	220	25
333	221	25
333	222	25
333	248	21
333	324	72
333	337	36
333	393	61
334	31	18
334	53	17
334	66	24
334	101	21
334	117	25
334	118	25
334	119	69
334	120	69
334	121	69
334	122	69
334	123	69
334	124	70
334	183	26
334	212	23
334	248	23
334	324	19
334	337	36
334	393	59
335	31	18
335	53	17
335	67	18
335	101	21
335	116	25
335	183	26
335	213	23
335	249	70
335	325	72
335	338	36
335	394	59
336	31	18
336	52	17
336	67	18
336	101	22
336	114	70
336	115	70
336	116	25
336	183	26
336	212	23
336	224	25
336	249	21
336	325	20
336	339	36
336	393	59
337	31	18
337	53	18
337	67	18
337	100	22
337	113	70
337	117	70
337	182	30
337	211	73
337	224	25
337	249	21
337	326	20
337	338	36
337	394	60
338	30	18
338	52	18
338	68	18
338	101	22
338	111	72
338	112	70
338	118	70
338	119	70
338	183	30
338	212	24
338	225	25
338	249	21
338	326	20
338	339	36
338	394	60
339	31	18
339	52	18
339	68	18
339	100	72
339	110	72
339	120	70
339	183	30
339	211	24
339	224	25
339	250	21
339	327	20
339	339	36
339	394	60
340	30	18
340	48	28
340	49	28
340	50	18
340	51	18
340	53	18
340	68	18
340	100	72
340	109	72
340	121	70
340	183	30
340	211	24
340	225	60
340	249	21
340	328	22
340	339	32
340	394	60
341	29	18
341	46	73
341	47	28
341	54	18
341	69	18
341	101	22
341	108	72
341	122	71
341	183	30
341	211	24
341	250	21
341	329	73
341	340	73
342	1	68
342	30	18
342	45	28
342	54	18
342	69	18
342	101	24
342	107	72
342	122	71
342	182	34
342	210	24
342	249	21
342	328	27
342	340	32
343	1	68
343	29	18
343	44	29
343	55	18
343	69	18
343	102	24
343	107	72
343	123	73
343	182	34
343	211	24
343	250	25
343	329	27
343	340	32
344	1	68
344	29	18
344	43	29
344	55	18
344	69	27
344	102	24
344	106	24
344	124	73
344	161	48
344	183	34
344	210	24
344	249	25
344	330	27
344	341	32
345	2	68
345	29	18
345	42	29
345	56	18
345	69	27
345	103	73
345	104	73
345	105	24
345	106	24
345	158	48
345	159	48
345	160	48
345	183	34
345	211	24
345	250	25
345	331	73
345	341	32
346	2	68
346	28	21
346	41	73
346	57	18
346	68	73
346	102	24
346	107	72
346	157	48
346	183	34
346	210	24
346	250	25
346	330	27
346	342	32
347	3	68
347	29	21
347	42	29
347	58	18
347	68	27
347	102	24
347	108	72
347	156	48
347	184	34
347	211	24
347	251	73
347	252	73
347	253	73
347	254	73
347	255	73
347	256	73
347	257	73
347	258	73
347	259	73
347	260	73
347	331	27
347	342	32
348	3	68
348	28	21
348	41	29
348	58	22
348	68	18
348	101	24
348	156	48
348	184	34
348	210	25
348	250	27
348	332	27
348	342	32
349	3	68
349	28	21
349	40	29
349	59	22
349	60	22
349	61	22
349	62	70
349	63	70
349	64	22
349	65	22
349	66	22
349	67	18
349	101	24
349	184	34
349	210	25
349	250	27
349	333	27
349	342	71
350	3	68
350	28	21
350	41	29
350	68	18
350	101	72
350	185	34
350	210	25
350	250	27
350	333	27
350	342	71
351	4	68
351	28	22
351	40	29
351	69	18
351	101	73
351	186	34
351	210	25
351	250	28
351	334	27
351	342	32
352	4	68
352	28	22
352	40	29
352	69	18
352	101	73
352	185	34
352	210	25
352	250	28
352	335	27
352	341	32
353	5	68
353	28	22
353	40	29
353	70	18
353	102	24
353	186	36
353	210	42
353	251	31
353	335	27
353	341	32
354	5	67
354	28	23
354	40	29
354	70	18
354	103	24
354	187	73
354	210	26
354	250	28
354	336	27
354	340	32
355	6	68
355	27	23
355	40	29
355	69	22
355	71	18
355	103	24
355	187	37
355	210	26
355	250	28
355	336	27
355	340	68
356	5	67
356	28	23
356	40	29
356	69	22
356	72	69
356	104	24
356	187	37
356	188	37
356	189	73
356	190	37
356	210	26
356	251	28
356	252	28
356	253	29
356	254	29
356	255	29
356	256	31
356	257	31
356	337	27
356	340	32
357	6	67
357	27	23
357	39	29
357	69	73
357	72	69
357	103	24
357	186	37
357	191	37
357	210	62
357	250	28
357	258	29
357	259	31
357	338	33
357	340	73
358	4	65
358	5	65
358	7	73
358	28	23
358	39	73
358	68	22
358	73	18
358	104	27
358	185	37
358	192	37
358	210	43
358	249	29
358	260	31
358	261	31
358	338	27
358	340	33
359	3	65
359	8	66
359	29	23
359	38	73
359	40	73
359	68	22
359	73	18
359	104	27
359	185	37
359	193	37
359	210	27
359	249	29
359	262	31
359	339	27
360	2	44
360	9	65
360	28	23
360	68	73
360	74	18
360	104	27
360	184	37
360	209	27
360	248	29
360	262	31
360	339	32
361	10	65
361	29	23
361	67	22
361	75	18
361	105	43
361	183	37
361	210	61
361	247	29
361	263	31
361	340	72
361	394	73
362	10	65
362	28	23
362	67	71
362	75	18
362	105	26
362	182	37
362	209	27
362	246	29
362	264	31
362	339	68
362	393	72
363	11	66
363	29	27
363	67	71
363	76	18
363	105	26
363	181	54
363	208	27
363	246	29
363	265	31
363	340	68
363	393	71
364	12	44
364	29	27
364	66	71
364	76	18
364	105	26
364	208	27
364	245	29
364	265	31
364	340	32
364	392	51
365	12	44
365	30	27
365	66	72
365	77	18
365	106	26
365	207	27
365	245	29
365	266	31
365	341	32
365	391	51
366	13	72
366	30	27
366	67	72
366	77	20
366	105	26
366	207	27
366	244	29
366	267	31
366	340	32
366	391	51
367	13	44
367	31	28
367	67	72
367	76	20
367	106	26
367	207	55
367	244	29
367	268	73
367	341	32
367	390	51
368	13	44
368	32	29
368	33	29
368	34	29
368	68	72
368	76	20
368	105	26
368	206	55
368	243	29
368	267	31
368	341	32
368	390	51
369	13	44
369	31	29
369	35	29
369	69	72
369	75	20
369	106	26
369	205	37
369	243	29
369	268	31
369	341	65
369	390	27
370	14	44
370	30	29
370	36	29
370	70	72
370	75	20
370	106	26
370	206	37
370	242	29
370	269	31
370	341	32
370	391	71
371	14	70
371	30	29
371	37	29
371	42	71
371	71	72
371	75	20
371	106	26
371	205	51
371	242	29
371	268	31
371	342	32
371	390	72
372	14	44
372	29	29
372	38	29
372	41	29
372	72	72
372	74	20
372	107	26
372	205	58
372	242	29
372	269	31
372	342	32
373	14	44
373	29	29
373	39	29
373	40	29
373	73	59
373	106	26
373	205	57
373	242	29
373	270	31
373	342	32
374	14	44
374	28	29
374	40	29
374	73	59
374	107	26
374	205	67
374	241	29
374	269	31
374	342	32
375	15	44
375	28	29
375	41	70
375	74	59
375	107	26
375	205	71
375	242	29
375	270	31
375	342	32
376	14	44
376	27	29
376	41	70
376	74	22
376	107	26
376	205	58
376	241	29
376	270	31
376	343	32
377	15	44
377	28	29
377	41	42
377	74	22
377	107	27
377	204	58
377	241	29
377	270	31
377	343	32
378	14	44
378	27	29
378	41	42
378	72	22
378	73	22
378	74	22
378	107	27
378	205	58
378	241	30
378	270	31
378	343	32
379	15	44
379	28	29
379	41	42
379	71	22
379	75	22
379	107	30
379	204	58
379	241	30
379	270	31
379	343	32
380	14	44
380	27	29
380	41	42
380	70	22
380	75	22
380	107	30
380	204	58
380	241	30
380	271	31
380	343	32
381	15	44
381	28	29
381	40	66
381	69	22
381	76	22
381	108	30
381	204	58
381	241	30
381	271	31
381	343	32
382	16	44
382	27	29
382	40	42
382	68	22
382	76	22
382	107	30
382	204	58
382	241	30
382	271	36
382	343	32
383	16	44
383	28	29
383	40	42
383	68	22
383	77	23
383	108	30
383	204	68
383	241	69
383	271	36
383	344	73
383	345	73
383	346	73
383	347	73
383	348	73
383	349	73
383	350	73
383	351	73
383	352	73
383	353	73
383	354	73
383	355	73
383	356	73
384	16	44
384	27	30
384	39	42
384	67	22
384	77	23
384	108	30
384	203	68
384	241	30
384	272	36
384	343	32
385	17	73
385	28	30
385	40	42
385	67	52
385	78	23
385	108	30
385	204	29
385	241	30
385	271	36
385	343	32
386	16	44
386	28	30
386	39	42
386	66	52
386	79	23
386	108	30
386	203	29
386	241	30
386	272	36
386	343	32
387	16	44
387	28	30
387	39	68
387	65	52
387	79	23
387	108	30
387	203	29
387	242	70
387	272	36
387	343	44
388	16	44
388	28	30
388	39	42
388	65	34
388	80	23
388	109	30
388	203	29
388	241	30
388	271	36
388	272	36
388	344	44
389	16	44
389	28	37
389	39	42
389	64	34
389	80	23
389	109	32
389	202	29
389	242	70
389	268	72
389	269	43
389	270	36
389	273	43
389	343	44
390	17	44
390	28	37
390	38	70
390	63	34
390	80	23
390	109	32
390	202	29
390	241	30
390	267	43
390	274	43
390	343	44
391	16	44
391	29	37
391	38	70
391	64	26
391	81	23
391	109	32
391	201	29
391	242	70
391	274	43
391	336	73
391	337	33
391	338	33
391	339	71
391	340	49
391	341	49
391	342	44
392	17	44
392	28	37
392	37	70
392	61	26
392	62	26
392	63	26
392	64	26
392	81	26
392	109	32
392	202	29
392	242	34
392	275	43
392	335	72
392	343	44
393	16	58
393	28	37
393	36	42
393	60	26
393	65	48
393	82	62
393	110	32
393	201	29
393	242	40
393	276	73
393	333	73
393	334	33
393	344	44
394	17	58
394	28	37
394	36	70
394	59	26
394	66	48
394	81	26
394	109	32
394	201	29
394	242	71
394	275	43
394	332	33
394	344	49
395	16	58
395	28	37
395	36	73
395	67	48
395	82	26
395	110	32
395	201	69
395	242	38
395	276	43
395	331	33
395	345	49
396	17	58
396	28	37
396	35	70
396	67	48
396	82	26
396	109	32
396	200	69
396	242	38
396	276	43
396	330	73
396	344	49
396	345	49
397	17	58
397	28	37
397	35	72
397	68	48
397	82	26
397	109	33
397	199	69
397	243	38
397	277	43
397	330	33
397	343	49
397	346	67
398	17	58
398	28	37
398	34	37
398	69	48
398	83	26
398	109	33
398	199	69
398	242	38
398	277	43
398	329	33
398	343	33
398	347	71
399	18	58
399	29	37
399	34	72
399	70	48
399	82	26
399	109	72
399	199	70
399	243	38
399	277	43
399	340	71
399	341	33
399	342	33
400	17	61
400	29	37
400	33	72
400	70	50
400	83	26
400	109	27
400	198	70
400	242	38
400	278	43
400	337	71
400	338	71
400	339	71
401	18	61
401	30	73
401	32	72
401	71	50
401	83	26
401	109	27
401	199	70
401	242	38
401	277	43
401	336	71
402	17	61
402	31	71
402	70	50
402	83	26
402	108	27
402	199	71
402	242	38
402	277	43
402	335	71
403	18	61
403	30	37
403	71	50
403	84	26
403	109	27
403	199	71
403	242	38
403	278	71
404	3	68
404	17	62
404	30	37
404	70	50
404	83	26
404	108	27
404	198	72
404	242	38
404	277	43
405	3	68
405	18	62
405	30	37
405	71	50
405	84	26
405	109	27
405	198	71
405	242	38
405	278	53
406	3	68
406	17	62
406	30	37
406	71	50
406	83	26
406	108	27
406	198	72
406	243	38
406	277	53
407	3	69
407	17	62
407	30	37
407	71	52
407	84	26
407	109	33
407	198	72
407	243	45
407	278	53
408	4	69
408	30	37
408	71	52
408	85	26
408	108	35
408	199	72
408	243	45
408	277	53
409	3	70
409	30	37
409	71	52
409	84	26
409	109	35
409	198	72
409	243	45
409	278	53
410	4	73
410	5	73
410	6	72
410	30	45
410	71	52
410	85	26
410	108	35
410	198	73
410	243	46
410	277	53
411	3	71
411	30	45
411	70	52
411	85	26
411	109	35
411	199	73
411	243	45
411	278	53
412	4	72
412	17	63
412	18	63
412	30	45
412	71	52
412	85	26
412	108	35
412	243	45
412	277	40
413	5	72
413	16	64
413	31	26
413	38	73
413	70	52
413	85	29
413	108	35
413	243	45
413	278	40
414	27	48
414	28	48
414	29	48
414	30	26
414	31	26
414	37	73
414	71	52
414	85	31
414	108	35
414	243	46
414	277	40
415	25	48
415	26	48
415	32	26
415	36	73
415	40	73
415	70	55
415	85	31
415	108	35
415	243	46
415	277	40
416	15	64
416	23	48
416	24	48
416	33	26
416	35	73
416	39	73
416	71	55
416	85	31
416	108	35
416	242	46
416	277	54
417	14	37
417	22	45
417	32	73
417	34	26
417	38	73
417	70	55
417	86	31
417	108	35
417	242	46
417	276	54
418	14	37
418	31	73
418	35	26
418	37	73
418	71	56
418	85	31
418	108	35
418	242	46
418	277	54
419	13	37
419	30	73
419	36	26
419	70	56
419	86	31
419	108	36
419	241	46
419	276	54
420	13	37
420	29	73
420	37	26
420	38	26
420	39	26
420	40	26
420	41	26
420	42	26
420	43	26
420	71	56
420	86	55
420	108	36
420	240	73
420	277	56
421	13	37
421	37	26
421	44	26
421	71	56
421	86	56
421	108	36
421	240	46
421	276	56
422	12	37
422	36	26
422	71	56
422	86	31
422	109	38
422	240	46
422	276	40
423	11	37
423	36	26
423	47	26
423	71	56
423	86	31
423	109	38
423	240	46
424	10	37
424	36	36
424	71	56
424	86	31
424	109	38
424	239	46
424	276	40
425	9	37
425	36	36
425	48	72
425	71	56
425	87	31
425	109	38
425	238	46
426	10	37
426	36	36
426	48	26
426	72	31
426	86	31
426	109	38
426	237	46
426	276	40
427	9	37
427	36	36
427	48	26
427	72	31
427	87	31
427	109	38
427	237	50
427	276	40
428	10	70
428	36	36
428	49	26
428	72	31
428	87	31
428	109	38
428	236	50
428	277	40
429	10	72
429	36	36
429	48	26
429	73	31
429	87	31
429	110	38
429	235	50
429	276	40
430	10	37
430	36	36
430	49	26
430	72	31
430	87	31
430	109	38
430	235	50
430	277	61
430	279	73
431	10	52
431	35	36
431	49	26
431	73	31
431	87	31
431	110	38
431	234	50
431	278	73
432	11	52
432	35	36
432	49	26
432	73	31
432	87	31
432	109	38
432	233	73
432	278	61
433	12	52
433	35	62
433	50	36
433	74	31
433	88	31
433	110	38
433	234	50
433	279	61
434	12	49
434	35	55
434	49	36
434	74	31
434	87	31
434	111	38
434	233	50
434	279	71
435	13	49
435	35	55
435	50	36
435	75	31
435	88	31
435	110	38
435	233	50
435	279	61
436	14	49
436	35	55
436	50	36
436	75	31
436	88	31
436	111	38
436	233	50
436	280	64
437	14	69
437	35	55
437	50	36
437	75	31
437	88	31
437	112	38
437	233	50
437	280	72
438	14	50
438	35	64
438	50	36
438	76	31
438	88	31
438	111	42
438	232	37
438	280	64
439	14	50
439	35	64
439	50	36
439	76	31
439	88	31
439	112	42
439	232	37
439	233	37
439	234	37
439	235	37
439	281	64
439	284	65
440	14	50
440	35	64
440	50	36
440	77	31
440	89	35
440	113	42
440	231	37
440	236	37
440	281	65
440	283	65
441	13	50
441	35	64
441	50	36
441	77	36
441	89	35
441	112	44
441	230	37
441	237	64
441	282	66
442	14	50
442	35	64
442	51	36
442	77	36
442	89	73
442	113	44
442	229	37
442	238	57
442	239	73
442	282	66
443	13	52
443	35	57
443	51	36
443	78	36
443	82	71
443	83	71
443	84	71
443	85	71
443	86	71
443	87	71
443	88	36
443	114	44
443	229	37
443	240	57
443	283	66
444	13	54
444	35	57
444	52	36
444	79	36
444	80	36
444	81	71
444	89	36
444	113	44
444	228	37
444	241	57
444	283	66
445	14	54
445	36	57
445	52	36
445	78	69
445	90	36
445	114	27
445	227	37
445	242	57
445	284	66
446	13	54
446	35	57
446	52	36
446	79	69
446	83	73
446	84	73
446	85	73
446	86	36
446	87	36
446	88	36
446	89	36
446	115	27
446	226	37
446	243	73
446	285	66
447	14	55
447	36	57
447	53	36
447	80	69
447	82	73
447	90	37
447	115	27
447	226	37
447	243	57
447	284	67
447	386	58
447	387	58
447	388	58
448	13	55
448	36	58
448	53	36
448	81	31
448	90	31
448	115	27
448	225	37
448	243	57
448	285	68
449	14	55
449	37	58
449	53	44
449	81	31
449	89	31
449	116	27
449	225	37
449	244	57
449	283	72
449	284	68
449	286	72
449	287	72
449	288	72
449	289	73
449	290	73
450	13	55
450	36	58
450	54	44
450	82	31
450	89	36
450	116	27
450	224	37
450	225	37
450	244	40
450	282	72
450	383	58
451	14	55
451	15	55
451	37	58
451	54	44
451	82	31
451	89	73
451	116	43
451	222	37
451	223	37
451	226	73
451	244	40
451	281	72
451	381	58
451	382	58
452	13	55
452	16	55
452	36	58
452	54	44
452	83	31
452	84	71
452	85	36
452	86	36
452	87	36
452	88	36
452	117	43
452	221	37
452	226	37
452	245	40
452	379	73
452	380	59
453	13	55
453	17	55
453	18	55
453	36	58
453	54	44
453	89	31
453	117	43
453	220	70
453	227	37
453	244	40
453	378	72
454	12	55
454	36	58
454	54	44
454	88	31
454	117	43
454	219	70
454	228	37
454	245	40
454	377	59
455	11	55
455	36	58
455	55	46
455	89	31
455	117	27
455	229	37
455	244	40
455	376	61
456	12	55
456	36	58
456	55	46
456	89	31
456	118	27
456	229	71
456	245	40
456	376	61
457	11	55
457	35	58
457	56	46
457	89	31
457	118	27
457	228	73
457	230	71
457	244	59
457	375	61
458	10	55
458	34	58
458	36	58
458	56	46
458	89	31
458	118	27
458	227	73
458	231	71
458	245	59
458	374	73
459	11	55
459	31	58
459	32	58
459	33	58
459	37	71
459	56	65
459	90	31
459	119	27
459	232	71
459	244	59
459	374	65
460	10	55
460	29	58
460	30	58
460	38	58
460	56	63
460	89	31
460	119	27
460	233	73
460	245	59
460	374	66
461	9	55
461	27	58
461	28	58
461	39	61
461	57	63
461	86	31
461	87	31
461	88	31
461	90	38
461	119	27
461	234	73
461	245	59
461	371	65
461	373	65
462	10	55
462	26	58
462	39	61
462	56	63
462	85	31
462	88	31
462	91	72
462	120	27
462	235	73
462	245	59
462	372	65
463	9	55
463	25	58
463	40	61
463	56	63
463	84	31
463	88	39
463	91	38
463	120	27
463	236	73
463	246	59
463	368	73
463	371	65
464	9	55
464	24	58
464	41	73
464	56	63
464	83	73
464	87	72
464	92	38
464	120	27
464	245	59
464	369	73
464	371	65
465	9	55
465	24	58
465	41	61
465	53	63
465	54	63
465	55	63
465	86	72
465	88	39
465	92	39
465	120	47
465	246	59
465	248	73
465	370	71
466	8	55
466	23	58
466	41	61
466	56	63
466	85	72
466	88	39
466	93	39
466	120	36
466	247	63
466	369	71
467	9	55
467	22	58
467	42	66
467	57	66
467	88	39
467	93	39
467	120	36
467	247	63
467	367	71
467	368	71
467	370	65
468	8	55
468	23	58
468	43	66
468	57	66
468	87	73
468	94	39
468	121	36
468	247	63
468	251	66
468	366	71
468	371	73
469	7	59
469	22	58
469	43	66
469	57	66
469	88	40
469	93	40
469	121	36
469	246	63
469	248	68
469	249	64
469	250	40
470	6	71
470	22	58
470	43	66
470	57	66
470	58	66
470	89	40
470	93	73
470	121	36
470	244	63
470	245	63
471	5	61
471	22	58
471	44	66
471	56	66
471	59	66
471	90	40
471	91	40
471	92	40
471	122	36
471	242	72
471	243	63
472	4	61
472	22	58
472	44	66
472	54	63
472	55	63
472	60	43
472	93	40
472	121	36
472	240	72
472	241	63
473	3	61
473	21	59
473	44	66
473	52	53
473	53	53
473	60	43
473	92	40
473	121	36
474	2	61
474	44	67
474	61	43
474	93	40
474	115	60
474	116	27
474	117	36
474	118	36
474	119	72
474	120	36
474	121	36
475	2	61
475	44	67
475	62	67
475	93	40
475	114	60
475	122	36
475	256	66
476	1	61
476	45	67
476	52	70
476	63	67
476	93	40
476	123	36
476	256	66
477	2	61
477	45	53
477	52	53
477	63	67
477	93	40
477	124	36
477	256	67
478	1	61
478	45	53
478	63	67
478	93	40
478	123	36
478	255	67
479	45	53
479	64	67
479	94	40
479	124	36
479	132	73
479	256	67
480	46	53
480	64	67
480	94	40
480	125	36
480	131	73
480	253	69
480	256	67
481	47	53
481	65	67
481	95	40
481	126	36
481	127	73
481	128	73
481	129	73
481	130	73
481	254	69
481	256	69
482	47	53
482	66	67
482	94	40
482	125	36
482	255	69
482	256	69
483	48	67
483	65	67
483	95	72
483	126	36
483	253	69
483	254	69
483	257	73
484	47	67
484	66	67
484	95	40
484	125	36
484	252	69
484	258	73
484	259	73
484	260	73
485	48	67
485	67	67
485	96	40
485	112	68
485	126	36
486	47	67
486	66	67
486	96	40
486	112	69
486	126	36
486	394	71
487	47	67
487	67	67
487	97	40
487	112	69
487	125	36
487	394	71
488	47	67
488	66	68
488	97	40
488	113	70
488	125	36
488	237	59
488	238	59
488	393	71
489	47	67
489	67	68
489	97	40
489	112	70
489	125	36
489	390	73
489	391	72
489	392	73
490	47	67
490	66	68
490	97	40
490	113	36
490	125	36
490	393	71
491	47	67
491	67	68
491	98	40
491	113	36
491	124	36
491	394	72
492	46	67
492	66	68
492	98	40
492	113	36
492	124	53
493	46	67
493	66	68
493	98	40
493	113	36
493	124	53
494	45	67
494	66	68
494	98	40
494	114	71
494	123	53
495	46	68
495	66	68
495	99	40
495	113	71
495	123	53
496	45	68
496	67	68
496	98	42
496	114	71
496	122	36
497	45	68
497	66	69
497	99	42
497	114	71
497	123	36
498	44	68
498	45	68
498	66	69
498	99	40
498	114	71
498	122	36
499	42	40
499	43	69
499	46	69
499	67	69
499	99	40
499	114	71
499	122	36
500	40	69
500	41	40
500	47	70
500	66	68
500	99	40
500	114	71
500	122	36
501	37	69
501	38	69
501	39	69
501	48	70
501	65	68
501	66	68
501	67	68
501	99	40
501	115	36
501	122	36
502	36	69
502	49	70
502	64	68
502	66	68
502	68	72
502	99	40
502	115	72
502	122	36
503	35	70
503	50	70
503	64	70
503	66	68
503	69	73
503	99	40
503	116	72
503	121	36
504	34	70
504	50	70
504	63	53
504	66	68
504	70	73
504	100	40
504	116	57
504	121	36
505	34	72
505	51	70
505	62	53
505	66	73
505	100	40
505	117	36
505	118	36
505	119	36
505	120	36
506	34	70
506	52	70
506	61	53
506	66	53
506	100	40
506	117	36
506	121	57
507	34	40
507	52	70
507	61	53
507	100	40
507	116	57
507	122	57
508	34	40
508	52	53
508	60	70
508	100	40
508	116	57
508	122	71
509	35	40
509	52	71
509	60	53
509	100	40
509	117	73
509	122	72
510	35	71
510	53	71
510	60	71
510	100	40
510	117	73
510	121	57
511	36	71
511	37	71
511	38	71
511	39	58
511	40	58
511	53	71
511	60	71
511	101	40
511	118	57
511	120	57
512	35	71
512	53	71
512	60	71
512	100	69
512	119	57
512	121	57
513	34	71
513	53	72
513	60	71
513	101	70
513	118	61
513	122	61
514	33	73
514	52	71
514	61	71
514	101	71
514	117	73
514	123	73
515	53	71
515	61	71
515	101	40
515	123	69
516	52	72
516	61	71
516	101	40
516	123	61
517	52	72
517	61	71
517	101	44
517	123	61
518	52	72
518	53	72
518	62	71
518	101	44
518	117	61
518	123	61
519	50	72
519	51	72
519	54	73
519	63	73
519	100	44
519	118	73
519	123	73
520	49	72
520	55	71
520	63	72
520	101	44
520	119	61
520	120	61
520	121	61
520	122	61
521	48	72
521	56	72
521	61	72
521	62	72
521	63	72
521	100	44
521	123	61
521	124	73
521	125	73
521	126	73
521	127	73
521	128	73
522	47	72
522	64	72
522	100	71
522	122	62
523	47	72
523	65	73
523	100	44
523	122	62
524	46	72
524	66	73
524	67	73
524	100	44
524	121	62
525	45	72
525	68	73
525	101	44
525	121	62
526	44	72
526	68	73
526	100	70
526	121	63
527	45	72
527	69	73
527	100	73
527	120	63
528	44	72
528	69	73
528	99	44
528	120	63
529	45	72
529	70	73
529	99	44
529	120	63
530	69	73
530	90	44
530	91	44
530	99	44
530	119	63
531	99	70
531	120	63
532	89	44
532	99	73
532	119	63
532	150	47
533	90	44
533	98	44
533	119	72
533	150	66
534	98	70
534	118	63
534	150	66
534	164	65
535	99	70
535	119	63
535	150	68
535	164	65
535	166	73
536	98	70
536	118	63
536	151	47
536	165	70
537	99	73
537	100	73
537	101	73
537	102	73
537	117	60
537	151	47
537	164	73
537	166	73
538	85	44
538	98	60
538	103	73
538	118	60
538	151	47
539	85	44
539	98	73
539	104	73
539	117	64
539	152	47
540	97	60
540	118	64
540	152	47
541	96	60
541	117	64
541	152	47
542	95	60
542	116	64
542	153	47
543	84	44
543	95	71
543	117	64
543	152	47
544	95	71
544	116	67
544	153	70
545	94	68
545	117	73
545	154	70
546	83	44
546	94	68
546	111	67
546	116	73
546	155	70
547	82	44
547	93	68
547	112	67
547	115	67
547	154	70
548	50	62
548	51	68
548	82	44
548	93	68
548	113	67
548	115	67
548	155	70
549	82	44
549	93	68
549	114	67
549	156	71
550	81	44
550	92	68
550	114	67
550	157	73
551	82	49
551	91	68
551	114	68
551	157	71
552	81	49
552	91	71
552	107	64
552	114	68
552	157	71
553	80	50
553	91	69
553	108	64
553	113	68
553	158	71
554	81	50
554	90	69
554	109	64
554	113	68
554	114	68
554	158	64
555	80	49
555	90	72
555	110	68
555	111	68
555	112	68
555	115	68
555	158	72
556	81	49
556	90	72
556	112	68
556	115	68
556	159	72
557	80	50
557	90	71
557	111	70
557	116	68
557	159	72
558	80	50
558	90	69
558	110	67
558	117	70
558	160	67
558	161	67
559	80	50
559	90	72
559	110	67
559	117	70
559	162	73
560	80	50
560	89	72
560	110	67
560	118	71
560	119	71
560	120	71
560	163	73
561	80	50
561	89	72
561	110	69
561	118	71
561	121	72
561	122	72
561	123	72
561	164	73
562	80	50
562	89	72
562	109	69
562	118	71
562	124	72
562	149	64
562	164	73
563	79	50
563	89	72
563	105	69
563	109	69
563	117	71
563	124	72
563	148	66
563	165	73
564	80	50
564	89	72
564	106	70
564	108	70
564	110	69
564	118	71
564	125	73
564	165	73
565	79	50
565	89	72
565	107	72
565	111	69
565	117	71
565	124	72
565	126	73
565	164	73
566	80	50
566	89	72
566	107	70
566	116	71
566	126	73
567	79	50
567	89	72
567	107	73
567	116	72
568	80	50
568	89	70
568	103	70
568	106	70
568	113	70
568	114	71
568	115	71
569	80	50
569	89	71
569	104	70
569	105	70
569	112	70
569	116	72
570	80	50
570	89	73
570	105	70
570	111	73
570	116	72
571	80	50
571	88	73
571	104	70
571	111	73
571	116	73
572	81	50
572	89	73
572	104	70
572	111	73
572	117	73
573	80	50
573	88	73
573	104	70
573	112	73
573	117	73
574	81	50
574	89	73
574	104	70
574	111	73
575	81	72
575	88	73
575	104	70
575	112	73
576	81	50
576	89	73
576	104	70
576	112	73
577	81	50
577	89	73
577	104	70
577	112	73
578	81	50
578	88	50
578	104	70
578	113	73
579	81	50
579	88	50
579	104	70
579	112	73
580	81	50
580	87	50
580	105	70
581	82	50
581	88	50
581	105	70
581	168	68
581	171	72
582	81	50
582	87	50
582	105	70
582	172	72
583	82	50
583	105	70
583	172	72
584	81	73
584	105	70
584	172	71
585	82	73
585	105	70
585	170	71
585	172	71
586	82	50
586	105	70
586	171	71
587	83	50
587	105	70
588	83	50
588	105	70
589	83	50
589	106	70
590	83	50
590	105	70
591	83	54
591	105	70
592	83	71
592	106	72
593	83	54
593	106	72
594	83	54
594	106	72
595	83	54
595	107	73
596	82	54
596	105	73
596	106	73
597	83	54
597	104	73
597	107	73
598	82	54
598	87	54
598	108	73
599	83	57
599	87	54
599	107	73
600	82	57
600	87	54
600	108	73
601	81	57
601	86	57
601	107	73
602	82	57
602	86	57
602	107	73
603	81	73
603	86	57
603	107	73
604	82	57
604	86	73
604	106	73
605	81	73
605	86	73
605	107	73
606	82	70
606	83	70
606	85	73
607	81	57
607	84	73
608	80	73
608	85	73
609	81	73
609	84	58
610	81	58
610	83	58
611	82	58
612	81	58
613	81	58
614	81	58
615	82	58
616	81	58
617	82	58
618	81	58
619	81	58
620	80	58
621	81	58
622	80	58
623	80	58
623	106	54
624	80	58
625	79	58
626	79	58
627	78	58
628	79	58
629	78	58
630	78	58
631	78	61
632	77	58
633	78	61
634	77	58
635	71	73
635	77	61
636	72	73
636	76	60
637	73	60
637	76	60
638	74	60
638	75	60
639	69	72
639	70	72
639	71	72
639	72	60
639	73	60
639	75	60
640	65	60
640	68	60
640	75	65
641	66	60
641	67	60
641	76	65
642	69	60
642	70	60
642	71	60
642	72	60
642	73	60
642	74	72
642	75	60
643	68	60
643	76	60
644	61	60
644	77	60
645	60	60
645	77	60
646	59	60
646	77	60
647	56	73
647	59	71
647	77	60
648	56	72
648	58	71
648	77	63
649	57	72
649	77	63
650	56	73
650	58	73
650	77	66
651	54	73
651	55	73
651	77	66
652	78	63
653	78	63
654	78	63
655	78	63
656	78	66
657	78	67
658	79	67
659	78	67
660	79	68
660	80	68
660	81	68
660	82	67
661	78	67
661	83	68
662	78	67
662	84	68
663	77	67
663	84	68
664	77	67
664	85	61
665	77	69
665	84	61
666	77	68
666	85	61
667	77	69
667	84	68
668	77	69
668	84	73
669	78	69
669	79	69
669	80	69
669	83	73
670	77	69
670	81	69
670	82	69
671	76	72
671	81	69
672	75	69
672	82	69
673	75	73
673	82	70
674	73	70
674	74	70
674	83	70
675	71	70
675	72	70
675	74	70
675	84	70
676	70	70
676	74	70
676	83	71
677	69	70
677	75	70
677	83	71
678	69	70
678	76	70
678	83	73
679	68	71
679	77	70
679	78	70
679	83	73
680	63	71
680	67	71
680	77	70
680	79	71
680	80	71
680	81	71
680	82	71
681	64	73
681	66	71
681	77	71
681	83	71
682	65	73
682	76	71
682	83	71
683	65	72
683	76	71
683	84	71
684	64	72
684	75	72
684	84	72
685	63	73
685	75	72
685	85	72
686	63	72
686	75	72
686	84	72
687	63	73
687	74	72
687	85	72
688	59	73
688	60	73
688	61	73
688	62	73
688	74	72
688	85	72
689	58	73
689	63	73
689	74	72
689	85	72
690	63	73
690	73	73
690	84	72
690	86	72
691	63	73
691	72	73
691	83	72
691	87	73
691	88	73
691	89	73
691	90	73
692	72	73
692	82	72
692	87	73
692	91	73
693	79	73
693	80	73
693	81	73
693	87	73
694	81	73
694	87	73
695	82	73
695	88	73
696	82	73
696	89	73
697	83	73
697	90	73
698	83	73
699	83	73
700	84	73
701	84	73
702	83	73
