1	394	1
2	2	1
2	393	1
3	3	1
3	392	1
4	4	1
4	391	1
5	5	1
5	390	1
6	6	1
6	389	1
7	7	1
7	388	1
8	8	1
8	387	1
9	9	1
9	386	1
10	10	1
10	385	1
11	11	1
11	384	1
12	12	1
12	383	1
13	13	1
13	382	1
14	14	1
14	381	1
15	15	1
15	380	1
16	16	1
16	379	1
17	17	1
17	378	1
18	18	1
18	377	1
19	19	1
19	70	84
19	71	1
19	72	1
19	156	84
19	158	84
19	376	1
20	20	1
20	68	84
20	69	1
20	73	1
20	74	1
20	154	84
20	155	1
20	157	1
20	159	1
20	160	84
20	375	1
21	21	1
21	66	84
21	67	53
21	75	1
21	76	1
21	152	84
21	153	47
21	161	1
21	162	84
21	242	84
21	244	84
21	270	84
21	271	1
21	272	1
21	273	1
21	274	84
21	374	1
22	22	1
22	64	84
22	65	55
22	77	1
22	78	1
22	150	84
22	151	1
22	163	1
22	164	84
22	212	84
22	214	84
22	240	84
22	241	1
22	243	1
22	245	1
22	246	84
22	268	84
22	269	1
22	275	1
22	276	84
22	330	84
22	331	1
22	332	1
22	373	1
23	23	1
23	62	84
23	63	57
23	79	1
23	80	1
23	148	84
23	149	1
23	165	48
23	166	84
23	210	84
23	211	1
23	213	1
23	215	1
23	216	1
23	238	84
23	239	46
23	247	47
23	248	84
23	266	84
23	267	24
23	277	1
23	278	84
23	328	84
23	329	1
23	333	1
23	334	1
23	372	1
24	24	1
24	60	84
24	61	59
24	81	1
24	82	1
24	146	84
24	147	54
24	167	49
24	168	84
24	208	84
24	209	1
24	217	1
24	218	1
24	236	84
24	237	1
24	249	41
24	250	84
24	264	84
24	265	41
24	279	42
24	280	84
24	326	84
24	327	1
24	335	1
24	336	1
24	371	1
25	25	1
25	58	84
25	59	61
25	83	1
25	84	1
25	144	84
25	145	58
25	169	48
25	170	84
25	206	84
25	207	58
25	219	1
25	220	40
25	234	84
25	235	1
25	251	43
25	252	84
25	262	84
25	263	57
25	281	1
25	282	84
25	324	84
25	325	1
25	337	1
25	338	1
25	370	1
26	26	1
26	56	84
26	57	1
26	85	1
26	86	1
26	142	84
26	143	58
26	171	1
26	172	84
26	204	84
26	205	64
26	221	40
26	222	44
26	232	84
26	233	50
26	253	52
26	254	84
26	260	84
26	261	74
26	283	1
26	284	84
26	322	84
26	323	1
26	339	1
26	340	1
26	369	1
27	27	1
27	54	84
27	55	1
27	87	1
27	88	47
27	140	84
27	141	1
27	173	1
27	174	84
27	202	84
27	203	68
27	223	44
27	224	73
27	230	84
27	231	51
27	255	49
27	256	84
27	258	84
27	259	84
27	285	1
27	286	84
27	320	84
27	321	1
27	341	1
27	342	1
27	368	1
28	28	1
28	38	84
28	40	84
28	41	1
28	42	84
28	52	84
28	53	1
28	89	47
28	90	47
28	138	84
28	139	1
28	175	1
28	176	84
28	200	84
28	201	68
28	225	73
28	226	83
28	228	84
28	229	83
28	257	84
28	287	39
28	288	84
28	318	84
28	319	55
28	343	1
28	344	1
28	367	1
29	29	1
29	36	84
29	37	1
29	39	1
29	43	1
29	44	1
29	50	84
29	51	1
29	91	47
29	92	1
29	118	84
29	119	1
29	120	59
29	136	84
29	137	1
29	177	51
29	178	84
29	198	84
29	199	1
29	227	83
29	257	82
29	289	36
29	290	84
29	316	84
29	317	44
29	345	1
29	346	1
29	366	1
30	30	1
30	34	84
30	35	1
30	45	1
30	46	84
30	48	84
30	49	84
30	93	1
30	94	54
30	116	84
30	117	1
30	121	59
30	122	1
30	134	84
30	135	1
30	179	61
30	180	84
30	196	84
30	197	1
30	227	83
30	257	82
30	291	1
30	292	84
30	314	84
30	315	1
30	347	1
30	348	1
30	365	1
31	31	1
31	32	1
31	33	83
31	47	84
31	95	54
31	96	57
31	114	84
31	115	1
31	123	1
31	124	1
31	132	84
31	133	70
31	181	65
31	182	84
31	194	84
31	195	1
31	227	1
31	257	82
31	293	1
31	294	84
31	312	84
31	313	1
31	349	1
31	350	1
31	364	1
32	31	1
32	47	81
32	97	57
32	98	1
32	112	84
32	113	1
32	125	1
32	126	1
32	130	84
32	131	82
32	183	69
32	184	84
32	192	84
32	193	1
32	227	81
32	257	80
32	295	1
32	296	84
32	310	84
32	311	1
32	351	1
32	352	1
32	363	1
33	31	1
33	47	81
33	99	1
33	100	34
33	110	84
33	111	1
33	127	1
33	129	83
33	185	1
33	186	84
33	190	84
33	191	1
33	227	80
33	257	80
33	297	1
33	298	84
33	308	84
33	309	56
33	353	1
33	354	1
33	362	1
34	30	84
34	47	81
34	101	34
34	102	34
34	108	84
34	109	1
34	128	82
34	187	84
34	189	84
34	227	79
34	257	80
34	299	61
34	300	84
34	306	84
34	307	56
34	355	1
34	356	1
34	361	1
35	30	1
35	47	81
35	103	34
35	104	83
35	106	84
35	107	72
35	128	82
35	188	84
35	227	78
35	257	79
35	301	79
35	302	84
35	304	84
35	305	84
35	357	1
35	358	1
35	360	1
36	29	84
36	47	76
36	105	83
36	128	82
36	188	82
36	227	78
36	257	79
36	303	84
36	359	1
37	29	1
37	47	79
37	105	82
37	128	80
37	188	82
37	227	77
37	257	1
37	303	56
37	360	84
38	28	84
38	47	78
38	105	81
38	128	80
38	188	82
38	227	76
38	257	76
38	303	82
38	360	1
39	28	1
39	48	77
39	105	80
39	128	80
39	188	80
39	227	76
39	257	75
39	303	81
39	361	84
40	27	84
40	48	1
40	104	80
40	128	79
40	165	84
40	166	84
40	167	54
40	168	50
40	169	6
40	170	6
40	171	69
40	172	83
40	173	83
40	174	83
40	175	83
40	176	83
40	177	84
40	178	84
40	179	84
40	180	84
40	181	84
40	182	84
40	183	84
40	184	84
40	185	84
40	186	80
40	187	80
40	227	75
40	257	75
40	303	80
40	361	1
41	27	76
41	49	1
41	104	83
41	128	79
41	164	84
41	187	80
41	227	74
41	257	74
41	303	79
41	362	84
42	26	84
42	50	1
42	103	78
42	129	77
42	157	84
42	162	84
42	163	6
42	187	78
42	227	74
42	257	74
42	303	79
42	362	1
43	26	75
43	51	1
43	102	75
43	129	77
43	158	80
43	160	84
43	161	76
43	187	78
43	227	71
43	257	74
43	303	79
43	363	84
44	25	84
44	52	1
44	101	81
44	129	76
44	155	84
44	158	80
44	159	80
44	187	78
44	228	71
44	256	72
44	302	79
44	363	75
45	25	73
45	53	1
45	100	73
45	130	84
45	156	84
45	157	77
45	187	76
45	229	67
45	256	72
45	303	77
45	364	84
46	24	84
46	54	1
46	99	72
46	130	74
46	154	82
46	155	36
46	188	76
46	230	84
46	255	84
46	303	77
46	363	1
47	24	73
47	55	1
47	98	70
47	131	84
47	188	32
47	231	84
47	254	84
47	303	77
47	363	1
48	23	84
48	56	1
48	97	70
48	131	73
48	188	74
48	231	67
48	254	69
48	303	75
48	362	84
49	23	73
49	57	1
49	96	78
49	131	59
49	189	84
49	232	84
49	253	84
49	304	84
49	362	1
50	22	84
50	58	1
50	95	68
50	132	84
50	189	72
50	233	84
50	253	81
50	304	73
50	361	84
51	22	71
51	59	1
51	94	67
51	132	59
51	190	84
51	233	64
51	252	84
51	305	84
51	361	1
52	21	84
52	60	1
52	93	65
52	133	84
52	190	72
52	234	84
52	252	67
52	305	71
52	360	84
53	21	70
53	61	1
53	92	65
53	133	67
53	191	84
53	234	83
53	251	84
53	305	83
53	360	1
54	20	84
54	62	1
54	91	65
54	134	84
54	190	1
54	235	84
54	251	63
54	305	69
54	359	84
55	20	70
55	63	28
55	90	62
55	134	65
55	191	83
55	235	62
55	250	84
55	306	84
55	359	1
56	19	84
56	64	28
56	89	62
56	135	65
56	191	70
56	236	84
56	250	63
56	306	83
56	358	84
57	19	69
57	65	28
57	88	59
57	136	84
57	192	84
57	236	62
57	249	84
57	307	84
57	358	1
58	18	84
58	66	83
58	87	59
58	136	65
58	191	65
58	237	84
58	249	63
58	307	67
58	357	84
59	19	69
59	67	84
59	86	59
59	137	84
59	192	84
59	237	59
59	248	84
59	307	83
59	357	1
60	18	69
60	68	84
60	85	84
60	137	62
60	192	64
60	237	59
60	248	69
60	307	1
60	356	84
61	18	69
61	68	28
61	85	59
61	137	83
61	192	83
61	238	84
61	248	69
61	249	69
61	250	69
61	251	84
61	252	84
61	253	84
61	254	84
61	255	84
61	256	84
61	257	84
61	258	84
61	259	84
61	260	84
61	261	84
61	262	84
61	263	84
61	264	84
61	265	84
61	266	84
61	267	84
61	268	84
61	308	84
61	356	49
62	18	67
62	69	84
62	84	59
62	136	83
62	192	1
62	238	59
62	247	84
62	308	1
62	355	84
63	18	67
63	69	82
63	84	59
63	137	62
63	192	82
63	239	84
63	246	84
63	284	84
63	285	84
63	286	84
63	287	83
63	288	81
63	289	81
63	290	77
63	291	66
63	292	69
63	293	64
63	294	1
63	295	1
63	296	1
63	297	66
63	298	66
63	299	71
63	300	71
63	301	69
63	302	20
63	303	1
63	304	1
63	305	1
63	306	1
63	307	1
63	308	1
63	355	49
64	18	67
64	70	84
64	83	83
64	137	62
64	192	1
64	239	1
64	246	69
64	283	84
64	309	1
64	354	84
65	18	69
65	71	84
65	83	59
65	137	62
65	193	84
65	240	84
65	246	69
65	281	84
65	282	78
65	310	83
65	354	50
66	18	69
66	71	31
66	83	1
66	137	59
66	192	56
66	240	82
66	246	69
66	280	84
66	311	1
66	353	84
67	18	66
67	72	35
67	82	1
67	83	1
67	137	82
67	193	84
67	240	1
67	246	69
67	279	83
67	312	1
67	353	66
68	18	66
68	73	78
68	74	82
68	75	82
68	76	82
68	77	82
68	78	84
68	79	84
68	80	1
68	81	1
68	84	50
68	85	84
68	86	84
68	137	81
68	192	56
68	241	84
68	246	82
68	278	78
68	313	1
68	352	32
69	18	66
69	81	1
69	87	1
69	88	84
69	89	84
69	137	80
69	193	83
69	241	48
69	246	82
69	277	80
69	314	1
69	352	32
69	353	32
69	354	32
69	355	32
69	356	32
69	357	80
69	358	60
69	359	61
69	360	75
69	361	75
69	362	80
69	363	79
69	364	79
69	365	79
69	366	75
69	367	52
69	368	52
69	369	74
69	370	52
69	371	52
69	372	74
69	373	52
69	374	52
69	375	52
69	376	41
69	377	81
69	378	84
69	379	84
70	18	66
70	79	84
70	80	1
70	90	1
70	137	83
70	193	39
70	242	84
70	246	69
70	276	84
70	315	1
70	351	84
70	380	84
71	19	84
71	78	84
71	91	1
71	92	1
71	93	84
71	94	84
71	137	84
71	194	84
71	242	48
71	246	69
71	275	78
71	316	1
71	350	83
71	381	84
72	18	64
72	78	1
72	95	82
72	96	84
72	136	78
72	194	39
72	242	48
72	246	69
72	274	79
72	317	1
72	349	82
72	381	82
73	19	84
73	77	1
73	97	1
73	98	84
73	136	59
73	195	84
73	242	48
73	246	82
73	273	74
73	318	1
73	348	43
73	382	84
74	18	64
74	76	84
74	99	1
74	100	84
74	135	84
74	195	49
74	242	48
74	246	69
74	272	74
74	319	84
74	347	40
74	382	82
75	19	83
75	76	1
75	101	84
75	135	74
75	196	84
75	242	75
75	246	69
75	271	74
75	320	84
75	346	40
75	383	84
76	18	63
76	75	1
76	102	82
76	134	84
76	196	74
76	242	82
76	246	69
76	270	74
76	321	84
76	345	40
76	383	81
77	19	83
77	74	83
77	103	1
77	134	60
77	197	84
77	242	82
77	246	69
77	269	74
77	322	84
77	344	40
77	384	84
78	18	63
78	74	1
78	104	1
78	134	60
78	197	45
78	242	82
78	246	69
78	247	69
78	248	80
78	249	78
78	250	78
78	251	80
78	252	80
78	253	80
78	254	78
78	255	78
78	256	80
78	257	80
78	258	80
78	259	80
78	260	80
78	261	80
78	262	80
78	263	80
78	264	80
78	265	74
78	266	75
78	267	66
78	268	66
78	323	84
78	343	40
78	384	79
79	19	83
79	73	83
79	105	1
79	133	84
79	198	84
79	242	36
79	245	69
79	324	84
79	342	40
79	385	84
80	18	63
80	73	79
80	106	1
80	133	60
80	198	45
80	242	36
80	244	84
80	325	84
80	341	40
80	385	80
81	19	83
81	72	83
81	107	1
81	132	84
81	199	84
81	242	36
81	244	60
81	326	84
81	340	40
81	386	84
82	18	62
82	72	1
82	108	1
82	132	60
82	199	25
82	242	36
82	243	36
82	327	84
82	339	40
82	386	79
83	19	83
83	71	1
83	109	1
83	131	84
83	200	84
83	241	36
83	328	84
83	338	40
83	387	84
84	18	62
84	70	83
84	110	1
84	131	60
84	200	25
84	241	36
84	329	1
84	337	84
84	387	71
85	19	83
85	70	1
85	111	1
85	130	84
85	200	25
85	240	36
85	330	84
85	336	84
85	388	84
86	18	34
86	69	83
86	112	1
86	130	60
86	201	84
86	240	36
86	330	1
86	335	40
86	387	78
87	19	83
87	69	1
87	113	1
87	129	84
87	201	84
87	240	36
87	331	1
87	332	84
87	333	84
87	334	40
87	335	40
87	336	40
87	337	40
87	338	40
87	339	40
87	340	40
87	341	81
87	342	81
87	343	81
87	344	81
87	345	81
87	346	81
87	347	81
87	348	81
87	349	81
87	350	81
87	351	81
87	352	81
87	353	81
87	354	81
87	355	22
87	356	68
87	357	68
87	358	77
87	359	77
87	360	83
87	361	22
87	362	22
87	363	84
87	364	84
87	388	84
88	18	34
88	68	84
88	114	1
88	129	60
88	201	70
88	239	34
88	335	40
88	365	22
88	387	77
89	19	83
89	68	1
89	115	1
89	128	84
89	202	25
89	230	84
89	231	84
89	232	83
89	233	81
89	234	80
89	235	1
89	236	80
89	237	83
89	238	84
89	334	84
89	366	22
89	388	82
90	18	57
90	67	84
90	116	1
90	128	60
90	197	84
90	198	84
90	199	82
90	200	25
90	201	25
90	202	25
90	228	84
90	229	82
90	239	34
90	334	82
90	367	32
90	387	76
91	19	83
91	67	1
91	117	1
91	127	84
91	196	84
91	203	25
91	204	25
91	205	84
91	206	84
91	207	60
91	208	60
91	209	59
91	210	56
91	211	82
91	212	84
91	213	84
91	227	84
91	240	34
91	334	82
91	368	23
91	369	84
91	387	82
92	18	57
92	66	84
92	118	1
92	127	60
92	194	84
92	195	82
92	203	25
92	214	83
92	226	82
92	241	84
92	333	82
92	370	23
92	386	75
93	19	82
93	66	1
93	119	1
93	120	1
93	121	1
93	122	1
93	123	74
93	124	84
93	125	84
93	126	84
93	193	84
93	203	84
93	215	5
93	216	76
93	217	66
93	218	5
93	219	66
93	220	69
93	221	66
93	222	1
93	223	83
93	224	80
93	225	80
93	241	1
93	333	40
93	371	23
93	386	81
94	3	84
94	4	84
94	5	84
94	6	84
94	7	84
94	8	84
94	9	84
94	10	84
94	11	84
94	12	84
94	13	84
94	14	84
94	15	84
94	16	84
94	17	84
94	18	84
94	65	84
94	126	84
94	191	84
94	192	1
94	203	25
94	225	80
94	242	1
94	243	1
94	244	84
94	245	83
94	246	81
94	247	81
94	248	81
94	249	81
94	250	81
94	251	81
94	252	81
94	253	81
94	254	81
94	255	81
94	256	78
94	257	78
94	258	75
94	259	75
94	260	80
94	261	80
94	262	80
94	263	80
94	264	80
94	265	74
94	266	75
94	267	80
94	268	83
94	269	84
94	270	84
94	295	84
94	296	84
94	297	84
94	298	84
94	299	84
94	300	84
94	301	84
94	302	84
94	303	84
94	304	84
94	305	84
94	306	84
94	307	84
94	308	84
94	309	84
94	310	84
94	311	84
94	312	84
94	313	84
94	314	84
94	315	84
94	316	84
94	317	84
94	318	84
94	319	84
94	320	84
94	321	84
94	322	84
94	323	84
94	324	84
94	325	84
94	326	84
94	327	84
94	328	84
94	329	84
94	330	84
94	331	1
94	332	1
94	372	23
94	385	65
95	2	84
95	19	82
95	64	84
95	127	60
95	190	84
95	203	81
95	225	80
95	242	1
95	271	84
95	294	84
95	332	1
95	373	23
95	385	66
96	1	84
96	19	45
96	64	74
96	127	60
96	189	84
96	203	81
96	225	80
96	242	1
96	271	82
96	293	84
96	332	81
96	374	23
96	384	66
97	20	84
97	63	84
97	128	84
97	189	82
97	203	81
97	225	80
97	242	1
97	272	84
97	332	81
97	375	23
97	384	71
98	19	31
98	63	71
98	128	80
98	188	84
98	203	81
98	225	80
98	242	1
98	273	84
98	331	81
98	376	23
98	383	71
99	20	84
99	62	84
99	129	84
99	188	80
99	203	79
99	225	82
99	242	82
99	273	66
99	331	81
99	377	23
99	383	52
100	20	31
100	62	1
100	129	60
100	187	80
100	203	79
100	225	82
100	242	82
100	274	84
100	331	81
100	378	23
100	382	52
101	21	84
101	61	84
101	129	60
101	186	1
101	203	79
101	225	80
101	242	81
101	275	84
101	330	81
101	379	23
101	382	52
102	20	13
102	61	64
102	129	60
102	185	84
102	203	79
102	225	80
102	242	81
102	275	66
102	330	81
102	380	23
102	381	23
103	21	84
103	60	84
103	129	84
103	185	81
103	203	79
103	225	81
103	242	81
103	276	84
103	330	81
103	382	51
104	21	13
104	60	1
104	128	81
104	184	1
104	203	79
104	225	77
104	242	81
104	277	84
104	329	81
104	382	23
105	21	83
105	59	84
105	129	59
105	183	1
105	203	60
105	225	77
105	242	81
105	277	84
105	329	81
105	382	23
106	21	43
106	58	84
106	129	82
106	182	84
106	203	80
106	225	80
106	242	1
106	278	84
106	329	81
106	382	23
107	21	82
107	58	1
107	129	83
107	182	1
107	203	1
107	225	77
107	242	1
107	278	1
107	330	84
107	383	84
108	21	72
108	58	1
108	128	80
108	181	84
108	203	1
108	225	76
108	242	5
108	270	84
108	271	84
108	272	84
108	273	84
108	274	84
108	275	68
108	276	68
108	277	1
108	278	1
108	329	81
108	383	23
109	22	84
109	58	1
109	128	82
109	181	1
109	203	1
109	225	1
109	242	5
109	279	84
109	329	82
109	383	83
110	21	43
110	57	1
110	127	84
110	180	63
110	203	79
110	225	79
110	243	5
110	279	1
110	329	81
110	383	23
111	22	84
111	57	1
111	128	71
111	179	6
111	203	66
111	225	76
111	244	84
111	280	1
111	330	83
111	383	83
112	21	43
112	57	1
112	127	84
112	178	6
112	203	78
112	225	1
112	244	5
112	281	84
112	329	82
112	383	66
113	22	83
113	57	1
113	127	81
113	177	6
113	203	78
113	225	76
113	245	84
113	281	68
113	330	1
113	331	84
113	332	83
113	333	83
113	334	17
113	335	17
113	336	17
113	337	79
113	338	79
113	339	75
113	340	75
113	341	75
113	342	71
113	343	71
113	344	1
113	345	1
113	346	19
113	347	83
113	348	19
113	349	84
113	383	82
114	21	37
114	57	1
114	126	1
114	176	6
114	203	77
114	225	76
114	245	5
114	282	71
114	321	84
114	322	84
114	323	83
114	324	80
114	325	81
114	326	83
114	327	83
114	328	1
114	329	1
114	350	19
114	383	66
115	22	82
115	57	1
115	119	84
115	120	84
115	121	80
115	122	79
115	123	84
115	124	84
115	125	84
115	163	84
115	164	84
115	165	82
115	166	78
115	167	74
115	168	60
115	169	59
115	170	57
115	171	54
115	172	54
115	173	84
115	174	6
115	175	6
115	203	77
115	225	1
115	246	84
115	283	84
115	320	84
115	329	1
115	351	19
115	352	84
115	383	50
116	1	84
116	22	84
116	58	84
116	117	84
116	118	82
116	126	1
116	161	84
116	162	83
116	175	6
116	203	1
116	224	84
116	246	10
116	282	82
116	319	83
116	329	1
116	353	19
116	383	23
117	2	84
117	21	37
117	57	1
117	116	82
117	126	82
117	160	83
117	175	6
117	204	84
117	224	1
117	246	81
117	283	84
117	318	81
117	329	1
117	354	84
117	383	82
118	1	84
118	22	84
118	58	1
118	115	82
118	126	1
118	159	84
118	176	84
118	204	1
118	212	84
118	223	84
118	247	84
118	282	71
118	317	84
118	329	17
118	354	19
118	383	46
119	2	84
119	21	81
119	59	84
119	114	81
119	127	84
119	159	80
119	176	83
119	204	1
119	212	84
119	223	1
119	247	83
119	283	83
119	317	81
119	329	17
119	355	19
119	384	84
119	385	83
119	386	80
119	387	80
119	388	83
119	389	1
119	390	84
120	2	83
120	22	83
120	59	84
120	113	84
120	127	83
120	158	84
120	176	6
120	205	84
120	212	84
120	222	75
120	248	84
120	282	83
120	316	83
120	329	17
120	356	19
120	383	23
120	391	1
121	3	84
121	22	37
121	59	1
121	113	80
121	127	1
121	158	29
121	177	84
121	206	84
121	212	84
121	221	1
121	248	75
121	283	82
121	315	84
121	329	17
121	357	19
121	382	23
121	392	1
122	2	82
122	22	82
122	60	77
122	112	1
122	128	84
122	177	6
122	206	75
122	212	84
122	220	1
122	248	83
122	282	1
122	315	1
122	329	80
122	358	84
122	381	84
122	393	84
123	3	84
123	22	76
123	61	84
123	111	84
123	128	82
123	177	6
123	207	84
123	212	84
123	219	1
123	249	84
123	283	82
123	314	84
123	329	80
123	359	84
123	381	23
123	394	84
124	3	82
124	22	81
124	60	24
124	110	84
124	129	84
124	177	5
124	207	71
124	212	84
124	218	1
124	249	75
124	282	1
124	314	1
124	329	17
124	359	19
124	380	23
124	394	1
125	4	84
125	22	37
125	61	24
125	110	1
125	129	1
125	178	84
125	208	84
125	212	84
125	217	1
125	250	84
125	282	81
125	313	1
125	329	17
125	360	19
125	379	84
126	3	81
126	22	81
126	62	84
126	109	84
126	129	1
126	177	5
126	208	71
126	212	84
126	216	84
126	250	80
126	282	80
126	312	84
126	329	80
126	361	19
126	379	1
127	4	84
127	22	80
127	61	83
127	109	83
127	130	84
127	178	6
127	209	84
127	212	84
127	216	1
127	251	84
127	282	80
127	312	1
127	329	80
127	362	19
127	378	84
128	4	80
128	22	74
128	62	84
128	108	83
128	130	1
128	179	84
128	209	72
128	212	84
128	215	1
128	250	81
128	282	79
128	311	84
128	329	80
128	363	1
128	378	1
129	5	84
129	21	71
129	62	1
129	108	1
129	131	84
129	178	6
129	210	84
129	212	1
129	214	1
129	251	5
129	282	79
129	311	1
129	329	80
129	364	1
129	377	1
130	5	80
130	21	82
130	62	83
130	107	1
130	131	78
130	179	84
130	210	70
130	212	1
130	213	1
130	252	84
130	281	78
130	310	1
130	330	84
130	365	1
130	376	84
131	5	80
131	6	80
131	7	84
131	20	82
131	62	1
131	107	76
131	132	84
131	179	80
131	211	84
131	251	5
131	282	78
131	309	84
131	330	17
131	366	1
131	376	1
132	4	79
132	8	83
132	9	82
132	10	68
132	11	68
132	12	68
132	13	68
132	14	68
132	15	1
132	16	1
132	17	83
132	18	83
132	19	83
132	62	82
132	106	76
132	132	84
132	179	83
132	211	84
132	252	84
132	281	72
132	309	1
132	331	84
132	367	1
132	376	1
133	4	79
133	20	84
133	63	84
133	106	76
133	131	6
133	179	6
133	211	84
133	252	74
133	282	78
133	308	84
133	331	17
133	368	1
133	375	84
134	3	84
134	21	33
134	63	80
134	105	76
134	132	84
134	179	83
134	211	5
134	252	5
134	281	71
134	308	1
134	332	17
134	369	1
134	370	1
134	371	84
134	372	84
134	373	84
134	374	84
135	3	78
135	21	33
135	64	84
135	105	74
135	132	83
135	179	5
135	210	5
135	253	84
135	281	78
135	307	1
135	333	84
135	375	1
136	2	84
136	22	33
136	63	79
136	105	74
136	132	79
136	180	84
136	210	70
136	252	81
136	280	58
136	306	84
136	333	1
136	374	1
137	2	77
137	22	31
137	64	83
137	104	74
137	132	82
137	179	5
137	210	83
137	253	83
137	281	77
137	306	1
137	334	84
137	375	1
138	1	84
138	23	81
138	64	1
138	104	72
138	132	74
138	180	84
138	210	6
138	252	5
138	280	1
138	305	64
138	334	83
138	375	1
138	394	84
139	1	81
139	24	84
139	65	1
139	104	72
139	132	82
139	180	5
139	210	5
139	253	5
139	281	76
139	304	84
139	335	84
139	375	1
139	394	84
140	1	81
140	24	79
140	66	84
140	104	83
140	132	4
140	180	82
140	210	5
140	254	84
140	280	1
140	304	84
140	335	1
140	375	83
140	393	84
141	1	76
141	25	84
141	65	1
141	104	72
141	132	81
141	180	5
141	209	5
141	253	5
141	280	75
141	304	1
141	335	1
141	375	23
141	393	83
142	1	1
142	24	29
142	66	84
142	104	72
142	132	82
142	180	82
142	209	5
142	254	84
142	280	1
142	303	84
142	335	1
142	375	83
142	393	83
143	25	84
143	66	84
143	104	4
143	132	6
143	180	5
143	210	5
143	254	5
143	279	1
143	304	84
143	336	84
143	374	83
143	393	83
144	1	84
144	25	29
144	66	83
144	104	4
144	132	6
144	181	84
144	209	6
144	255	5
144	279	74
144	291	83
144	303	83
144	335	81
144	374	23
144	392	82
145	1	84
145	25	83
145	66	73
145	104	80
145	132	79
145	181	5
145	205	84
145	206	84
145	207	84
145	208	6
145	256	84
145	278	84
145	292	84
145	303	1
145	336	84
145	375	82
145	392	82
146	1	84
146	25	71
146	67	84
146	104	4
146	132	6
146	182	84
146	198	84
146	199	84
146	200	84
146	201	83
146	202	75
146	203	75
146	204	75
146	209	5
146	257	84
146	278	68
146	293	84
146	302	1
146	336	1
146	374	83
146	392	82
147	2	84
147	26	84
147	67	47
147	104	4
147	133	84
147	182	75
147	196	84
147	197	81
147	210	84
147	257	5
147	277	71
147	294	82
147	295	84
147	296	84
147	297	84
147	298	84
147	299	84
147	300	84
147	301	1
147	302	1
147	336	83
147	374	73
147	392	81
148	2	84
148	25	24
148	67	83
148	104	4
148	132	74
148	183	75
148	195	81
148	211	84
148	258	84
148	276	83
148	303	1
148	336	1
148	373	81
148	392	81
149	2	83
149	26	83
149	67	1
149	104	4
149	132	6
149	184	84
149	185	84
149	186	83
149	187	77
149	188	70
149	189	67
149	190	67
149	191	5
149	192	5
149	193	5
149	194	5
149	211	5
149	259	84
149	276	83
149	303	1
149	337	84
149	374	1
149	392	80
150	2	83
150	26	20
150	68	84
150	104	4
150	132	6
150	183	84
150	212	84
150	259	5
150	276	6
150	301	84
150	302	1
150	303	1
150	337	1
150	373	35
150	392	80
151	3	84
151	26	83
151	67	1
151	104	4
151	132	82
151	183	6
151	212	5
151	260	84
151	276	6
151	299	84
151	300	1
151	304	1
151	305	84
151	337	84
151	374	82
151	393	84
152	3	82
152	26	77
152	68	84
152	104	4
152	132	4
152	182	84
152	213	5
152	261	84
152	276	6
152	297	83
152	298	1
152	306	1
152	307	84
152	336	1
152	374	19
152	393	79
153	4	84
153	27	84
153	68	53
153	104	4
153	132	4
153	182	6
153	214	84
153	261	5
153	276	83
153	296	1
153	308	84
153	337	84
153	374	81
153	393	83
154	3	82
154	26	20
154	68	1
154	103	4
154	132	4
154	181	84
154	214	5
154	262	84
154	276	6
154	294	84
154	295	1
154	309	1
154	310	84
154	337	83
154	374	80
154	393	78
155	4	84
155	27	84
155	69	84
155	104	4
155	132	77
155	182	82
155	215	5
155	263	84
155	276	6
155	293	81
155	311	1
155	312	84
155	337	82
155	374	79
155	394	84
156	4	81
156	27	76
156	68	1
156	103	4
156	131	4
156	181	82
156	216	84
156	263	5
156	276	6
156	292	6
156	313	84
156	337	1
156	374	19
156	394	78
157	5	84
157	27	83
157	69	84
157	104	4
157	132	76
157	181	6
157	216	5
157	264	84
157	276	6
157	291	6
157	314	78
157	337	1
157	338	1
157	339	82
157	340	70
157	341	68
157	342	70
157	343	77
157	344	77
157	345	77
157	346	81
157	347	84
157	348	84
157	374	83
157	394	1
158	5	81
158	27	75
158	68	1
158	103	4
158	131	75
158	182	84
158	217	5
158	264	83
158	276	6
158	290	6
158	315	6
158	336	82
158	349	82
158	374	19
159	5	83
159	27	83
159	69	84
159	104	4
159	132	75
159	181	83
159	218	84
159	265	84
159	276	6
159	289	6
159	316	6
159	335	68
159	350	82
159	351	84
159	352	84
159	375	82
160	5	80
160	27	58
160	68	81
160	103	78
160	131	6
160	182	6
160	218	5
160	265	82
160	276	6
160	277	6
160	278	6
160	279	82
160	280	6
160	281	6
160	282	6
160	283	6
160	284	6
160	285	68
160	286	68
160	287	6
160	288	6
160	317	6
160	334	1
160	353	5
160	354	84
160	375	19
161	6	84
161	27	83
161	68	1
161	104	4
161	132	6
161	182	80
161	219	5
161	266	84
161	275	6
161	318	6
161	333	68
161	355	5
161	356	84
161	375	82
162	5	80
162	27	17
162	68	81
162	103	4
162	131	72
162	182	5
162	220	84
162	266	80
162	274	6
162	319	6
162	332	68
162	357	5
162	375	19
163	6	84
163	28	84
163	68	1
163	103	4
163	131	72
163	183	84
163	220	84
163	267	84
163	273	6
163	320	6
163	321	6
163	322	6
163	323	7
163	324	7
163	325	70
163	326	70
163	327	75
163	328	84
163	329	84
163	330	84
163	331	84
163	358	5
163	375	81
164	6	79
164	27	74
164	68	80
164	103	4
164	131	6
164	183	5
164	220	5
164	267	5
164	271	84
164	272	6
164	331	84
164	375	1
165	6	84
165	28	84
165	68	1
165	103	74
165	131	6
165	184	84
165	220	5
165	268	84
165	269	84
165	270	6
165	331	1
165	375	19
166	5	75
166	7	84
166	27	76
166	68	80
166	102	78
166	130	6
166	183	84
166	221	5
166	267	5
166	331	1
166	376	84
167	7	84
167	28	84
167	67	78
167	103	72
167	131	6
167	184	6
167	222	84
167	267	83
167	331	1
167	376	79
168	8	84
168	27	17
168	68	1
168	102	83
168	130	6
168	185	84
168	221	5
168	266	84
168	331	68
168	376	73
169	9	84
169	28	84
169	67	79
169	103	83
169	130	67
169	184	6
169	222	84
169	266	83
169	331	68
169	376	1
170	27	17
170	68	1
170	102	4
170	130	6
170	185	5
170	221	5
170	266	6
170	331	82
170	376	1
171	27	82
171	67	1
171	103	4
171	130	6
171	186	84
171	222	83
171	266	6
171	331	1
171	377	84
172	27	69
172	67	1
172	102	82
172	129	6
172	185	5
172	221	5
172	266	83
172	330	1
172	376	1
173	27	84
173	67	78
173	103	4
173	130	4
173	186	83
173	222	83
173	266	81
173	330	1
173	377	83
174	26	17
174	66	1
174	102	4
174	113	84
174	129	4
174	130	4
174	186	74
174	221	81
174	266	5
174	330	1
174	377	1
175	27	84
175	67	78
175	102	4
175	114	84
175	128	84
175	131	4
175	132	84
175	133	84
175	187	84
175	222	82
175	266	81
175	330	1
175	378	84
176	26	80
176	66	65
176	102	4
176	115	84
176	116	84
176	117	84
176	118	84
176	119	84
176	120	84
176	121	84
176	122	84
176	123	84
176	124	84
176	125	84
176	126	4
176	127	4
176	134	4
176	135	84
176	136	84
176	186	74
176	221	80
176	266	5
176	329	1
176	378	1
177	25	18
177	67	77
177	101	4
177	127	4
177	137	63
177	138	84
177	139	84
177	187	84
177	222	82
177	266	80
177	330	80
177	379	84
178	25	81
178	66	1
178	101	81
178	111	84
178	126	84
178	140	4
178	187	80
178	221	5
178	266	80
178	329	70
178	379	1
179	25	77
179	67	76
179	101	82
179	112	84
179	125	84
179	141	4
179	142	84
179	187	83
179	220	84
179	267	82
179	268	82
179	269	82
179	270	82
179	271	83
179	272	84
179	273	84
179	274	84
179	330	70
179	380	84
180	25	73
180	66	1
180	102	6
180	103	84
180	104	84
180	105	82
180	106	82
180	107	84
180	108	84
180	113	84
180	114	84
180	115	84
180	116	84
180	117	84
180	118	84
180	119	84
180	120	84
180	121	84
180	122	84
180	123	4
180	124	4
180	143	4
180	144	84
180	187	5
180	221	79
180	266	6
180	275	80
180	276	84
180	329	1
180	379	1
181	24	65
181	66	76
181	101	6
181	109	82
181	124	4
181	145	82
181	188	84
181	220	5
181	265	84
181	277	80
181	330	1
181	380	1
182	24	65
182	66	60
182	100	6
182	110	82
182	123	84
182	146	84
182	187	74
182	221	80
182	265	6
182	278	6
182	329	1
182	381	84
183	24	1
183	65	75
183	101	83
183	111	82
183	112	82
183	113	82
183	114	84
183	115	84
183	116	84
183	117	84
183	118	84
183	119	84
183	120	84
183	121	79
183	122	79
183	147	84
183	188	84
183	189	83
183	190	83
183	191	78
183	192	74
183	193	74
183	194	71
183	195	74
183	196	83
183	197	84
183	198	84
183	199	84
183	220	76
183	264	6
183	279	6
183	330	1
183	381	1
184	24	1
184	66	1
184	100	6
184	122	79
184	147	70
184	187	5
184	200	21
184	220	5
184	264	5
184	280	6
184	329	1
184	381	1
185	23	65
185	65	64
185	101	6
185	121	4
185	148	84
185	186	84
185	221	84
185	263	5
185	281	6
185	330	1
185	382	84
186	23	1
186	65	64
186	101	84
186	120	4
186	149	84
186	186	5
186	220	72
186	262	84
186	282	84
186	329	1
186	382	84
187	24	84
187	65	1
187	101	84
187	119	4
187	149	81
187	185	84
187	221	84
187	262	5
187	283	84
187	330	1
187	382	82
188	23	1
188	65	1
188	102	4
188	118	4
188	149	61
188	185	5
188	220	5
188	261	5
188	283	6
188	329	1
188	382	1
189	24	84
189	65	1
189	102	84
189	117	4
189	150	84
189	184	5
189	221	83
189	261	58
189	284	83
189	330	83
189	383	1
190	9	84
190	23	63
190	64	1
190	103	4
190	116	4
190	149	84
190	183	84
190	220	78
190	260	58
190	285	84
190	329	1
190	384	84
191	10	84
191	23	83
191	65	63
191	103	84
191	115	4
191	150	83
191	183	5
191	221	75
191	260	58
191	285	6
191	330	83
191	384	1
192	11	83
192	12	83
192	13	83
192	14	84
192	15	84
192	16	84
192	17	84
192	18	84
192	19	84
192	20	84
192	21	84
192	22	84
192	64	63
192	103	84
192	114	4
192	149	82
192	182	84
192	220	75
192	259	5
192	286	6
192	329	75
192	384	1
193	23	63
193	65	4
193	104	79
193	113	4
193	149	83
193	182	80
193	221	74
193	258	84
193	287	84
193	330	82
193	384	1
194	22	84
194	64	4
194	104	84
194	112	4
194	149	61
194	182	6
194	220	73
194	258	5
194	287	6
194	330	1
194	384	83
195	22	84
195	64	4
195	105	4
195	111	84
195	149	82
195	181	84
195	221	74
195	257	5
195	288	6
195	330	82
195	384	80
196	21	69
196	64	4
196	105	4
196	111	4
196	148	61
196	181	73
196	220	5
196	257	5
196	289	84
196	330	1
196	384	80
197	22	82
197	64	4
197	106	83
197	110	4
197	148	82
197	180	84
197	221	82
197	256	5
197	289	6
197	330	81
197	384	1
198	9	84
198	10	84
198	11	84
198	12	84
198	13	84
198	14	84
198	15	84
198	16	84
198	17	84
198	18	84
198	19	84
198	20	84
198	21	84
198	64	1
198	106	84
198	109	4
198	148	80
198	179	84
198	221	5
198	256	5
198	290	84
198	330	73
198	385	84
199	8	84
199	22	1
199	63	1
199	107	83
199	108	83
199	148	81
199	180	6
199	221	82
199	255	5
199	290	83
199	331	84
199	385	76
200	7	84
200	23	84
200	64	67
200	106	4
200	147	78
200	179	84
200	221	5
200	254	5
200	291	84
200	330	1
200	385	83
201	23	81
201	63	67
201	106	4
201	148	79
201	179	84
201	221	82
201	254	69
201	290	6
201	331	84
201	385	84
202	23	78
202	64	58
202	106	4
202	148	79
202	149	79
202	150	79
202	151	83
202	152	84
202	153	84
202	155	84
202	179	55
202	221	5
202	253	69
202	291	6
202	331	1
202	384	78
203	23	1
203	63	82
203	106	81
203	147	80
203	154	35
203	156	83
203	179	55
203	221	81
203	253	74
203	292	84
203	331	83
203	384	81
204	23	83
204	64	46
204	105	82
204	146	61
204	159	35
204	160	35
204	178	83
204	221	5
204	252	74
204	291	83
204	331	6
204	384	1
205	23	1
205	63	3
205	106	81
205	146	61
205	179	6
205	221	81
205	252	5
205	292	84
205	332	84
205	385	84
206	24	84
206	63	3
206	105	4
206	145	61
206	178	83
206	221	79
206	252	5
206	291	6
206	332	6
206	384	77
207	24	1
207	63	3
207	106	80
207	144	84
207	179	82
207	221	5
207	251	5
207	292	84
207	332	83
207	385	84
208	24	75
208	63	3
208	105	4
208	143	84
208	178	81
208	221	78
208	252	5
208	291	81
208	332	6
208	384	1
209	24	83
209	63	1
209	106	79
209	144	74
209	177	84
209	221	5
209	251	5
209	292	83
209	332	65
209	385	84
210	24	1
210	63	1
210	105	4
210	143	84
210	178	6
210	221	78
210	250	84
210	291	6
210	333	84
210	384	77
211	25	84
211	63	83
211	105	79
211	143	79
211	177	6
211	221	66
211	251	5
211	292	83
211	332	6
211	385	83
212	24	1
212	63	1
212	105	4
212	143	79
212	178	6
212	221	5
212	250	83
212	291	6
212	333	83
212	384	1
213	25	83
213	64	1
213	105	4
213	143	83
213	177	6
213	222	84
213	250	83
213	291	83
213	333	6
213	385	83
214	24	49
214	64	1
214	106	84
214	143	79
214	177	6
214	221	67
214	250	82
214	290	6
214	333	80
214	384	76
215	25	83
215	64	1
215	105	4
215	142	79
215	177	6
215	222	84
215	249	82
215	291	80
215	334	84
215	385	83
216	24	49
216	64	77
216	105	83
216	142	6
216	176	6
216	221	5
216	250	5
216	290	6
216	334	6
216	384	54
217	25	1
217	64	4
217	105	4
217	143	84
217	176	78
217	222	80
217	249	5
217	291	79
217	334	83
217	385	82
218	26	84
218	64	4
218	105	4
218	142	6
218	177	84
218	221	5
218	250	5
218	290	77
218	334	6
218	385	75
219	25	1
219	64	4
219	106	84
219	142	6
219	152	84
219	176	78
219	222	79
219	249	5
219	290	78
219	335	84
219	385	82
220	26	84
220	64	4
220	105	4
220	142	6
220	143	6
220	151	84
220	176	5
220	221	64
220	250	5
220	290	6
220	334	5
220	385	1
221	25	1
221	64	4
221	106	84
221	141	84
221	144	83
221	145	84
221	150	84
221	176	5
221	222	80
221	249	6
221	290	82
221	335	84
221	386	84
222	26	84
222	64	4
222	105	4
222	140	6
222	146	84
222	149	84
222	176	5
222	221	60
222	250	84
222	289	71
222	335	5
222	386	77
223	25	1
223	64	4
223	106	83
223	147	9
223	148	9
223	176	5
223	221	79
223	249	5
223	289	80
223	335	5
223	387	84
224	26	83
224	64	76
224	105	4
224	147	9
224	175	5
224	221	5
224	250	5
224	288	77
224	336	84
224	387	79
225	26	1
225	64	4
225	106	82
225	148	9
225	149	84
225	156	84
225	175	5
225	221	5
225	251	84
225	252	84
225	253	84
225	254	84
225	255	84
225	256	84
225	257	84
225	258	84
225	259	84
225	260	84
225	261	84
225	262	84
225	263	84
225	264	84
225	289	76
225	336	5
225	388	84
226	26	83
226	64	4
226	105	70
226	150	9
226	155	84
226	174	83
226	222	84
226	250	84
226	288	6
226	336	5
226	388	80
227	26	1
227	65	84
227	106	81
227	151	75
227	154	84
227	175	76
227	221	5
227	249	5
227	287	6
227	337	84
227	338	84
227	339	83
227	340	84
227	389	84
228	26	82
228	64	4
228	106	3
228	152	84
228	153	84
228	174	74
228	222	83
228	249	83
228	282	84
228	283	83
228	284	81
228	285	83
228	286	84
228	336	75
228	341	84
228	389	83
229	1	84
229	26	80
229	65	84
229	106	81
229	153	84
229	173	84
229	221	5
229	248	5
229	281	84
229	287	84
229	336	83
229	342	79
229	343	84
229	390	84
230	1	84
230	26	1
230	64	4
230	106	3
230	153	75
230	174	5
230	220	84
230	248	82
230	279	84
230	280	81
230	287	80
230	335	79
230	344	84
230	390	72
231	1	84
231	26	82
231	65	83
231	106	80
231	154	84
231	173	5
231	174	5
231	221	5
231	247	78
231	278	84
231	288	84
231	335	5
231	345	84
231	391	84
232	1	84
232	26	1
232	64	4
232	106	3
232	154	75
232	172	84
232	175	5
232	176	84
232	220	81
232	247	76
232	277	84
232	288	6
232	334	78
232	345	74
232	391	81
233	2	84
233	26	77
233	65	82
233	107	84
233	155	84
233	172	5
233	177	83
233	221	59
233	246	76
233	277	81
233	289	84
233	334	81
233	346	84
233	391	83
234	1	83
234	27	84
234	64	4
234	106	3
234	155	75
234	171	59
234	178	82
234	220	5
234	246	5
234	276	81
234	289	6
234	333	78
234	346	69
234	391	1
235	2	83
235	26	1
235	65	82
235	107	84
235	155	14
235	170	84
235	179	8
235	219	84
235	246	5
235	275	79
235	290	84
235	333	82
235	347	69
235	392	84
236	2	82
236	27	84
236	64	3
236	106	3
236	156	84
236	170	5
236	219	5
236	245	5
236	274	77
236	290	72
236	333	5
236	348	83
236	391	71
237	2	83
237	26	1
237	65	81
237	107	82
237	156	82
237	169	84
237	218	5
237	245	5
237	273	77
237	291	84
237	332	82
237	349	84
237	392	83
238	2	82
238	27	83
238	64	3
238	107	3
238	157	84
238	168	84
238	218	83
238	245	5
238	272	84
238	291	7
238	332	5
238	349	69
238	392	1
239	3	84
239	27	1
239	65	81
239	107	82
239	156	14
239	168	5
239	218	5
239	245	5
239	272	77
239	292	84
239	332	5
239	350	84
239	392	83
240	2	81
240	27	1
240	64	3
240	107	3
240	157	83
240	167	84
240	217	5
240	244	5
240	272	12
240	291	79
240	332	84
240	349	84
240	392	1
241	3	83
241	28	84
241	65	81
241	107	75
241	156	79
241	167	8
241	216	84
241	243	84
241	271	12
241	292	83
241	331	5
241	350	57
241	393	84
242	2	81
242	27	76
242	64	3
242	108	84
242	157	81
242	166	8
242	216	13
242	244	84
242	270	84
242	291	7
242	332	83
242	351	84
242	392	6
243	3	83
243	28	83
243	65	80
243	107	3
243	157	14
243	165	8
243	215	84
243	243	83
243	270	82
243	292	82
243	332	5
243	351	83
243	393	83
244	3	80
244	27	78
244	64	3
244	108	83
244	158	82
244	164	79
244	215	13
244	242	84
244	269	12
244	292	84
244	332	5
244	351	81
244	393	6
245	3	82
245	28	82
245	65	80
245	107	79
245	159	84
245	163	79
245	214	84
245	242	82
245	268	84
245	291	12
245	333	84
245	352	84
245	393	83
246	3	80
246	24	84
246	25	83
246	26	83
246	27	83
246	64	78
246	108	83
246	159	14
246	162	84
246	214	13
246	242	82
246	267	84
246	292	84
246	332	5
246	351	79
246	393	6
247	4	84
247	23	83
247	28	80
247	65	3
247	107	3
247	160	84
247	162	73
247	213	13
247	241	5
247	267	12
247	293	84
247	333	84
247	352	84
247	393	82
248	3	79
248	22	83
248	29	83
248	64	3
248	108	9
248	161	73
248	213	6
248	241	5
248	261	84
248	267	12
248	284	84
248	285	84
248	286	84
248	287	84
248	288	84
248	289	84
248	290	84
248	291	12
248	292	84
248	332	6
248	352	79
248	393	6
249	4	84
249	22	78
249	29	78
249	64	3
249	109	84
249	160	83
249	212	6
249	241	5
249	262	84
249	266	12
249	293	84
249	333	83
249	352	57
249	394	84
250	3	78
250	21	78
250	30	8
250	65	78
250	108	4
250	160	72
250	212	6
250	240	5
250	263	84
250	265	84
250	293	12
250	333	6
250	353	84
250	393	6
251	4	83
251	21	78
251	31	84
251	64	3
251	109	83
251	159	71
251	211	84
251	241	5
251	264	84
251	266	12
251	293	83
251	333	83
251	353	83
251	394	84
252	4	78
252	20	78
252	31	83
252	65	3
252	108	4
252	160	71
252	211	6
252	240	5
252	263	82
252	267	84
252	293	77
252	333	6
252	353	57
252	393	6
253	4	83
253	20	78
253	32	61
253	64	4
253	109	83
253	159	71
253	211	6
253	239	84
253	262	82
253	268	84
253	294	84
253	334	84
253	354	84
253	394	83
254	4	77
254	19	8
254	33	84
254	65	4
254	108	79
254	158	14
254	210	75
254	239	5
254	261	84
254	294	12
254	333	67
254	354	82
254	393	71
255	5	84
255	18	84
255	33	83
255	65	83
255	109	83
255	151	84
255	157	84
255	210	75
255	239	5
255	262	12
255	294	84
255	334	84
255	355	84
255	394	83
256	4	77
256	18	8
256	34	8
256	65	4
256	108	5
256	151	84
256	157	14
256	209	6
256	238	8
256	261	13
256	290	84
256	291	84
256	292	83
256	293	12
256	295	84
256	334	6
256	355	57
256	393	7
257	5	84
257	17	84
257	35	84
257	65	4
257	108	79
257	151	84
257	156	14
257	209	6
257	238	8
257	260	12
257	287	84
257	288	84
257	289	12
257	296	84
257	334	76
257	356	84
257	394	82
258	4	76
258	17	69
258	35	83
258	66	84
258	108	73
258	151	84
258	155	14
258	208	84
258	237	8
258	259	12
258	285	84
258	286	78
258	296	12
258	335	84
258	356	57
258	393	71
259	5	83
259	18	84
259	36	83
259	65	4
259	107	78
259	145	84
259	151	84
259	154	14
259	209	84
259	238	8
259	258	84
259	283	84
259	284	76
259	297	12
259	334	9
259	357	84
259	394	82
260	4	76
260	17	69
260	36	79
260	66	84
260	108	11
260	146	84
260	151	84
260	153	84
260	208	83
260	237	6
260	259	12
260	280	84
260	281	84
260	282	76
260	298	12
260	335	84
260	357	57
260	393	69
261	5	83
261	18	84
261	37	82
261	66	68
261	108	78
261	147	84
261	151	84
261	153	76
261	207	84
261	236	84
261	258	12
261	279	84
261	299	84
261	334	9
261	357	57
261	394	81
262	4	75
262	17	8
262	37	82
262	38	82
262	39	84
262	66	4
262	108	5
262	148	84
262	152	76
262	208	82
262	237	6
262	257	12
262	277	84
262	278	78
262	299	82
262	335	84
262	358	84
262	393	60
263	5	83
263	18	84
263	36	8
263	40	82
263	66	82
263	107	78
263	149	84
263	151	17
263	207	11
263	236	6
263	256	84
263	276	84
263	300	83
263	334	72
263	359	84
263	394	80
264	5	74
264	18	8
264	35	78
264	41	80
264	66	6
264	108	81
264	150	84
264	207	11
264	236	6
264	256	12
264	301	84
264	335	83
264	358	18
264	394	69
265	5	82
265	19	84
265	34	78
265	42	80
265	43	84
265	66	7
265	107	9
265	150	84
265	207	11
265	236	6
265	255	12
265	302	84
265	335	10
265	359	84
265	394	80
266	5	74
266	19	10
266	33	57
266	44	14
266	67	10
266	108	83
266	150	17
266	206	11
266	235	10
266	255	12
266	301	12
266	335	83
266	359	18
266	394	60
267	6	84
267	20	84
267	32	57
267	45	14
267	46	84
267	68	84
267	69	84
267	70	84
267	71	84
267	72	84
267	73	84
267	74	84
267	75	84
267	76	84
267	107	77
267	150	17
267	206	11
267	235	10
267	254	12
267	302	83
267	335	74
267	360	84
267	394	79
268	5	73
268	20	10
268	31	44
268	47	84
268	67	83
268	107	9
268	150	17
268	162	84
268	163	84
268	164	17
268	165	17
268	166	17
268	167	83
268	168	84
268	169	84
268	207	84
268	208	84
268	209	84
268	210	84
268	211	84
268	212	84
268	235	10
268	253	84
268	303	63
268	336	84
268	337	84
268	338	82
268	339	82
268	340	84
268	341	84
268	359	18
268	394	68
269	6	84
269	21	84
269	30	44
269	48	20
269	67	8
269	107	77
269	150	17
269	151	17
269	152	17
269	153	17
269	154	17
269	155	77
269	156	80
269	157	64
269	158	64
269	159	64
269	160	71
269	161	17
269	206	33
269	235	10
269	253	13
269	304	84
269	335	82
269	342	82
269	343	84
269	344	84
269	360	84
269	394	79
270	5	73
270	21	58
270	29	44
270	49	20
270	68	84
270	107	61
270	149	84
270	206	79
270	234	80
270	253	13
270	305	84
270	334	10
270	345	82
270	360	18
270	394	32
271	6	84
271	22	84
271	28	44
271	50	20
271	68	8
271	107	77
271	148	17
271	206	70
271	235	57
271	253	83
271	305	63
271	334	83
271	361	84
272	5	72
272	22	72
272	27	14
272	51	20
272	68	83
272	106	69
272	147	83
272	206	70
272	234	57
272	252	13
272	306	84
272	334	69
272	361	18
273	6	83
273	23	84
273	26	14
273	52	20
273	68	82
273	107	10
273	147	17
273	206	82
273	235	57
273	252	13
273	307	83
273	333	12
273	362	84
273	374	84
274	6	72
274	23	14
274	25	14
274	53	84
274	68	76
274	106	10
274	146	17
274	207	80
274	235	70
274	251	13
274	307	83
274	332	12
274	361	84
274	363	84
274	373	84
275	7	83
275	23	14
275	24	14
275	53	20
275	68	81
275	107	83
275	145	17
275	206	82
275	236	84
275	250	84
275	306	83
275	307	83
275	332	82
275	360	18
275	364	83
275	365	84
275	372	84
276	7	71
276	22	10
276	54	20
276	68	8
276	106	16
276	144	17
276	207	13
276	236	70
276	250	72
276	305	83
276	308	83
276	331	13
276	360	83
276	366	66
276	371	83
277	8	83
277	15	83
277	16	83
277	17	79
277	18	83
277	19	83
277	20	14
277	21	10
277	55	20
277	68	79
277	106	10
277	143	17
277	206	13
277	237	84
277	249	17
277	304	59
277	309	84
277	331	81
277	359	18
277	367	66
277	368	83
277	370	84
278	8	70
278	13	83
278	14	79
278	22	84
278	56	20
278	69	83
278	106	10
278	142	84
278	207	13
278	237	69
278	248	84
278	303	59
278	310	84
278	330	13
278	358	81
278	369	66
279	9	83
279	10	79
279	11	79
279	12	79
279	22	10
279	57	84
279	68	11
279	105	10
279	142	17
279	206	13
279	238	84
279	248	17
279	310	76
279	331	79
279	357	84
279	370	66
280	8	83
280	22	14
280	57	68
280	69	83
280	106	16
280	141	17
280	206	13
280	238	84
280	239	84
280	240	84
280	241	81
280	242	81
280	243	79
280	244	79
280	245	81
280	246	17
280	247	17
280	311	80
280	312	84
280	330	13
280	357	18
280	371	66
281	7	81
281	23	84
281	58	68
281	68	81
281	105	10
281	140	84
281	206	70
281	237	67
281	313	80
281	330	83
281	356	18
281	372	66
281	378	84
282	6	83
282	23	14
282	59	74
282	67	11
282	106	84
282	140	17
282	206	15
282	238	18
282	314	84
282	329	78
282	355	18
282	373	66
282	377	84
283	6	79
283	24	84
283	60	84
283	67	11
283	105	10
283	139	17
283	207	15
283	237	84
283	315	84
283	330	83
283	354	18
283	374	66
283	376	84
283	384	84
284	5	68
284	24	11
284	60	74
284	66	84
284	104	12
284	138	84
284	206	69
284	238	18
284	315	82
284	329	16
284	353	84
284	375	84
284	383	84
285	5	80
285	25	11
285	61	74
285	66	80
285	105	12
285	138	83
285	207	69
285	237	82
285	316	84
285	329	16
285	353	18
285	376	66
285	382	84
286	4	80
286	26	84
286	62	79
286	63	84
286	64	84
286	65	84
286	104	12
286	137	17
286	206	69
286	237	18
286	317	84
286	329	16
286	352	18
286	377	72
286	381	84
287	4	59
287	25	11
287	65	84
287	104	12
287	137	17
287	207	15
287	237	81
287	329	84
287	351	18
287	378	84
287	380	84
288	3	67
288	26	84
288	66	12
288	103	12
288	136	17
288	207	15
288	237	18
288	328	16
288	350	83
288	379	84
289	3	59
289	27	84
289	65	12
289	104	81
289	135	17
289	207	15
289	237	81
289	328	16
289	349	84
289	379	84
290	2	59
290	26	19
290	65	12
290	103	12
290	134	17
290	207	15
290	237	15
290	328	84
290	348	84
290	379	72
291	3	74
291	27	84
291	65	79
291	102	12
291	133	84
291	208	15
291	237	15
291	327	16
291	348	23
291	380	84
292	2	71
292	27	84
292	65	14
292	103	47
292	133	17
292	207	16
292	237	78
292	327	78
292	348	23
292	379	84
292	381	84
292	382	84
292	383	84
293	3	83
293	27	84
293	65	14
293	102	47
293	132	81
293	208	16
293	238	15
293	269	84
293	327	80
293	348	23
293	379	81
293	384	81
294	2	69
294	24	84
294	25	82
294	26	82
294	28	84
294	65	82
294	102	79
294	130	84
294	131	17
294	208	82
294	233	84
294	234	83
294	235	81
294	236	83
294	237	78
294	269	31
294	327	17
294	347	83
294	378	82
294	385	81
294	386	84
295	3	84
295	23	83
295	29	81
295	64	78
295	102	47
295	129	84
295	208	16
295	232	84
295	238	15
295	327	83
295	347	23
295	378	34
295	387	84
296	2	68
296	22	83
296	30	82
296	65	14
296	101	43
296	129	17
296	208	16
296	230	84
296	231	81
296	239	78
296	326	17
296	347	23
296	377	34
296	388	84
297	3	83
297	31	84
297	64	14
297	101	43
297	128	17
297	208	16
297	229	84
297	240	84
297	326	17
297	346	23
297	376	81
298	3	66
298	31	20
298	63	14
298	101	43
298	126	84
298	127	17
298	208	17
298	228	83
298	240	15
298	326	63
298	346	23
298	375	34
299	3	83
299	32	20
299	64	76
299	101	43
299	125	84
299	208	17
299	241	84
299	326	75
299	345	23
299	347	84
299	374	84
300	3	57
300	33	20
300	63	13
300	100	54
300	124	80
300	208	17
300	241	16
300	325	74
300	345	23
300	348	82
300	373	84
301	4	83
301	34	20
301	64	13
301	100	54
301	123	75
301	208	17
301	242	16
301	326	76
301	344	82
301	349	82
302	4	57
302	35	84
302	63	79
302	100	15
302	122	75
302	208	17
302	243	84
302	325	59
302	343	23
303	4	82
303	35	20
303	64	78
303	99	15
303	122	75
303	208	17
303	243	18
303	326	84
303	342	23
304	4	57
304	10	84
304	36	84
304	63	79
304	99	15
304	111	84
304	120	84
304	121	77
304	208	18
304	244	84
304	325	59
304	341	23
305	5	83
305	10	58
305	36	84
305	64	84
305	99	15
305	112	84
305	118	84
305	119	32
305	209	18
305	244	16
305	321	84
305	322	84
305	323	84
305	324	84
305	340	84
306	5	57
306	9	58
306	36	20
306	63	79
306	99	15
306	113	83
306	114	84
306	115	84
306	117	83
306	208	19
306	245	16
306	320	84
306	325	52
306	340	23
307	6	83
307	7	75
307	8	58
307	37	83
307	63	83
307	98	15
307	116	32
307	209	19
307	246	84
307	319	84
307	326	84
307	339	23
308	5	57
308	17	83
308	38	84
308	62	19
308	99	15
308	115	32
308	208	19
308	246	19
308	319	84
308	325	84
308	338	23
309	6	57
309	16	72
309	37	82
309	62	19
309	98	15
309	114	77
309	209	19
309	247	84
309	320	84
309	321	84
309	322	84
309	323	84
309	324	29
310	5	57
310	6	57
310	38	83
310	62	80
310	97	84
310	113	84
310	208	20
310	247	19
310	325	29
311	4	57
311	7	84
311	15	58
311	38	80
311	62	80
311	98	48
311	113	32
311	204	84
311	205	84
311	206	84
311	207	84
311	247	19
311	326	84
312	3	57
312	7	81
312	38	83
312	61	21
312	97	48
312	112	32
312	208	83
312	248	84
312	326	83
313	3	57
313	8	81
313	38	76
313	62	14
313	98	19
313	112	32
313	209	20
313	248	78
313	326	80
314	2	74
314	9	84
314	38	82
314	63	84
314	97	19
314	111	32
314	208	20
314	248	81
314	327	84
315	2	74
315	9	83
315	38	78
315	62	14
315	97	19
315	111	82
315	207	84
315	249	84
315	327	21
316	1	57
316	9	84
316	38	81
316	63	84
316	97	19
316	111	84
316	208	22
316	248	19
316	328	21
317	2	57
317	8	84
317	10	84
317	38	20
317	57	14
317	58	14
317	59	81
317	60	14
317	61	14
317	62	14
317	97	19
317	111	84
317	207	22
317	249	83
317	329	84
318	1	82
318	10	84
318	37	81
318	55	14
318	56	14
318	63	21
318	97	19
318	112	32
318	207	22
318	248	19
318	329	84
319	2	84
319	38	72
319	54	84
319	56	14
319	64	83
319	96	19
319	112	32
319	207	22
319	249	83
319	329	21
320	1	82
320	37	81
320	55	14
320	64	79
320	97	19
320	113	78
320	207	23
320	249	78
320	330	21
321	2	83
321	37	79
321	55	15
321	65	83
321	96	19
321	113	78
321	207	78
321	249	82
321	331	83
322	1	82
322	11	84
322	37	84
322	55	82
322	65	21
322	96	19
322	113	32
322	206	78
322	249	77
322	331	82
323	2	83
323	10	74
323	36	20
323	55	81
323	65	83
323	96	19
323	113	32
323	207	23
323	250	84
323	331	21
324	2	82
324	9	58
324	36	66
324	55	81
324	58	84
324	59	82
324	60	82
324	61	82
324	62	82
324	63	21
324	64	21
324	96	19
324	113	32
324	206	23
324	249	23
324	332	83
325	2	83
325	8	58
325	35	78
325	56	23
325	57	23
325	65	23
325	96	19
325	114	84
325	206	23
325	249	23
325	333	84
325	340	84
326	2	81
326	8	58
326	35	78
326	56	23
326	66	81
326	97	84
326	98	83
326	99	81
326	100	81
326	101	81
326	102	81
326	103	81
326	104	81
326	105	81
326	113	32
326	207	23
326	250	84
326	333	21
326	339	84
327	2	82
327	8	84
327	35	24
327	56	17
327	67	84
327	96	19
327	106	84
327	107	81
327	108	81
327	109	81
327	110	81
327	111	81
327	112	32
327	113	32
327	206	79
327	249	82
327	334	21
327	335	21
327	336	84
327	337	84
327	338	81
328	2	81
328	9	84
328	34	81
328	57	84
328	58	84
328	59	84
328	60	84
328	61	84
328	62	84
328	63	84
328	64	84
328	65	84
328	66	84
328	95	80
328	114	32
328	207	79
328	250	83
328	334	21
329	3	84
329	35	77
329	56	17
329	67	84
329	95	80
329	115	32
329	206	23
329	250	22
329	335	21
329	342	84
330	3	80
330	34	24
330	57	17
330	66	84
330	95	22
330	116	83
330	117	67
330	118	83
330	119	83
330	207	23
330	250	22
330	335	21
330	341	84
331	4	84
331	34	79
331	58	18
331	66	84
331	94	23
331	115	67
331	120	70
331	182	84
331	206	23
331	251	84
331	336	84
331	340	84
332	4	79
332	34	76
332	59	84
332	60	24
332	61	84
332	62	84
332	63	52
332	64	52
332	65	46
332	95	23
332	114	81
332	121	84
332	183	84
332	186	84
332	187	73
332	188	73
332	207	24
332	250	25
332	336	79
332	339	84
333	5	84
333	34	82
333	66	84
333	94	23
333	114	71
333	121	70
333	179	84
333	183	84
333	184	84
333	185	82
333	208	84
333	250	25
333	337	79
333	338	79
334	5	84
334	33	24
334	65	81
334	95	76
334	113	71
334	122	70
334	179	84
334	182	30
334	207	24
334	251	81
334	338	79
334	349	84
335	4	78
335	6	83
335	7	84
335	34	82
335	66	84
335	94	24
335	112	70
335	123	83
335	180	30
335	181	30
335	208	24
335	251	81
335	252	81
335	253	31
335	254	81
335	255	31
335	256	83
335	257	84
335	337	30
335	348	80
336	3	84
336	8	73
336	14	84
336	33	74
336	65	27
336	95	83
336	111	70
336	123	80
336	180	30
336	207	24
336	250	28
336	258	83
336	259	84
336	338	84
336	348	80
337	3	73
337	9	76
337	10	76
337	11	84
337	13	83
337	33	81
337	66	84
337	94	24
337	111	70
337	124	82
337	179	65
337	208	24
337	249	84
337	260	31
337	338	30
337	348	82
338	2	65
338	12	80
338	33	82
338	66	27
338	95	84
338	96	84
338	97	84
338	98	84
338	99	84
338	100	84
338	101	84
338	102	84
338	103	84
338	110	70
338	123	76
338	179	83
338	207	24
338	249	75
338	261	83
338	339	83
338	348	82
339	13	80
339	32	24
339	67	84
339	94	25
339	104	84
339	109	70
339	123	80
339	179	34
339	208	24
339	248	75
339	262	31
339	270	84
339	339	82
339	348	82
340	14	84
340	33	82
340	66	78
340	95	25
340	105	84
340	108	70
340	122	71
340	178	73
340	207	24
340	247	84
340	263	31
340	269	84
340	340	30
340	347	81
341	15	84
341	32	25
341	67	84
341	95	82
341	106	70
341	107	70
341	121	84
341	177	84
341	208	24
341	247	31
341	264	83
341	268	84
341	340	30
341	347	83
342	15	76
342	33	82
342	67	84
342	96	25
342	106	70
342	121	77
342	177	84
342	207	82
342	246	31
342	265	31
342	267	84
342	341	30
342	347	77
343	16	73
343	17	73
343	18	84
343	19	84
343	20	84
343	33	77
343	68	84
343	96	82
343	106	84
343	120	75
343	177	37
343	208	24
343	246	28
343	266	84
343	342	84
343	347	52
344	16	73
344	33	82
344	60	84
344	61	84
344	62	84
344	63	84
344	64	84
344	65	84
344	66	20
344	67	84
344	96	25
344	105	74
344	118	84
344	119	75
344	176	84
344	207	82
344	245	28
344	266	31
344	342	30
344	347	83
345	17	84
345	33	79
345	68	84
345	97	25
345	104	74
345	117	79
345	176	84
345	208	25
345	244	84
345	267	31
345	343	83
345	347	83
346	17	84
346	33	44
346	67	77
346	98	84
346	99	82
346	100	82
346	101	83
346	102	83
346	103	74
346	116	82
346	176	37
346	207	25
346	244	31
346	268	31
346	343	30
346	346	83
347	17	83
347	33	79
347	68	84
347	97	41
347	114	83
347	115	81
347	176	37
347	207	25
347	243	84
347	269	84
347	344	30
347	345	30
348	18	84
348	33	25
348	67	20
348	97	41
348	113	83
348	175	83
348	206	84
348	243	29
348	269	31
348	344	30
349	18	82
349	33	79
349	68	84
349	98	83
349	112	83
349	176	37
349	207	84
349	242	29
349	270	84
349	345	84
350	18	81
350	33	76
350	68	83
350	98	41
350	111	83
350	175	71
350	206	25
350	242	29
350	270	31
350	344	30
351	18	79
351	34	84
351	68	20
351	99	84
351	100	83
351	101	83
351	102	83
351	103	83
351	104	83
351	105	83
351	106	83
351	107	81
351	108	74
351	109	74
351	110	83
351	175	71
351	207	25
351	242	29
351	270	31
351	345	84
352	19	84
352	33	34
352	68	20
352	98	83
352	175	45
352	206	47
352	241	29
352	271	84
352	345	77
353	19	72
353	34	83
353	69	83
353	98	82
353	175	45
353	176	45
353	206	47
353	241	29
353	270	84
353	272	84
353	345	83
354	19	78
354	33	42
354	68	20
354	98	76
354	174	45
354	177	45
354	205	47
354	241	82
354	269	84
354	272	81
354	345	30
355	20	84
355	34	83
355	69	83
355	98	76
355	173	77
355	178	84
355	205	47
355	241	31
355	273	84
355	344	32
356	19	66
356	33	42
356	68	30
356	97	82
356	205	47
356	240	84
356	273	31
356	345	82
357	20	84
357	34	31
357	69	78
357	97	77
357	204	84
357	241	30
357	274	84
357	345	76
358	1	84
358	20	66
358	33	28
358	69	74
358	98	77
358	204	84
358	240	30
358	273	81
358	345	82
359	1	84
359	20	66
359	34	83
359	69	32
359	98	74
359	204	47
359	240	30
359	274	83
359	345	62
360	1	81
360	21	84
360	33	70
360	69	81
360	99	74
360	203	47
360	240	30
360	274	78
360	345	82
361	21	81
361	34	84
361	69	68
361	99	26
361	203	47
361	240	30
361	274	83
361	345	68
362	21	84
362	34	83
362	70	84
362	100	83
362	202	27
362	240	30
362	273	72
362	344	79
363	20	70
363	33	32
363	69	23
363	99	26
363	202	27
363	240	79
363	274	83
363	345	32
364	21	84
364	34	83
364	69	23
364	100	26
364	201	84
364	241	77
364	273	72
364	345	84
365	20	80
365	33	81
365	69	83
365	100	28
365	201	79
365	240	30
365	274	84
365	330	84
365	331	84
365	332	82
365	333	81
365	334	76
365	335	71
365	336	74
365	337	74
365	338	60
365	339	71
365	340	62
365	341	76
365	342	81
365	343	84
365	344	32
366	21	83
366	33	43
366	70	23
366	100	28
366	200	84
366	241	30
366	273	80
366	328	84
366	329	78
366	345	32
367	21	80
367	33	43
367	70	79
367	101	80
367	201	84
367	240	30
367	273	71
367	326	84
367	327	82
367	346	84
368	21	54
368	33	73
368	41	84
368	70	23
368	100	81
368	200	65
368	240	30
368	273	80
368	323	84
368	325	83
368	346	32
369	21	81
369	33	43
369	40	84
369	70	23
369	101	84
369	102	84
369	103	84
369	104	80
369	105	80
369	106	81
369	107	81
369	108	77
369	200	65
369	241	71
369	273	82
369	324	83
369	347	84
370	21	67
370	34	84
370	35	84
370	36	84
370	37	84
370	38	84
370	39	84
370	70	72
370	100	80
370	109	79
370	200	65
370	240	30
370	273	67
370	323	78
370	347	47
371	21	82
371	33	43
371	71	84
371	72	84
371	73	84
371	74	84
371	75	84
371	76	84
371	100	84
371	110	82
371	199	65
371	241	30
371	273	82
371	322	78
371	348	84
372	21	76
372	34	84
372	70	73
372	99	28
372	110	78
372	199	65
372	241	30
372	273	61
372	321	84
372	348	84
373	21	54
373	33	29
373	71	73
373	99	84
373	111	83
373	199	58
373	242	84
373	273	81
373	321	68
373	348	83
374	21	83
374	34	84
374	42	43
374	70	59
374	98	78
374	111	80
374	199	58
374	241	33
374	273	73
374	348	83
375	21	54
375	33	83
375	42	68
375	71	59
375	98	78
375	112	84
375	199	58
375	242	82
375	274	84
375	348	47
376	22	54
376	34	29
376	43	83
376	70	54
376	97	79
376	112	83
376	198	58
376	242	33
376	267	84
376	273	82
376	349	84
376	350	84
377	22	83
377	34	37
377	42	81
377	71	54
377	98	79
377	99	79
377	100	84
377	101	84
377	102	84
377	103	84
377	104	84
377	105	84
377	106	84
377	107	84
377	108	84
377	111	84
377	198	58
377	241	79
377	268	84
377	269	84
377	270	84
377	271	84
377	272	48
377	348	83
377	351	83
378	22	54
378	35	84
378	42	83
378	70	54
378	98	79
378	109	80
378	111	84
378	198	58
378	242	80
378	273	48
378	347	46
378	352	83
378	353	84
379	22	83
379	35	44
379	41	65
379	71	82
379	99	79
379	100	84
379	101	84
379	102	84
379	103	84
379	104	84
379	105	84
379	106	84
379	107	84
379	108	84
379	110	80
379	198	58
379	241	30
379	274	48
379	347	83
379	354	84
380	22	74
380	36	82
380	40	78
380	64	84
380	65	84
380	66	84
380	67	84
380	68	84
380	69	84
380	70	84
380	98	80
380	111	84
380	198	58
380	242	79
380	275	48
380	347	55
380	354	84
381	22	84
381	37	84
381	38	84
381	39	67
381	71	84
381	98	83
381	111	83
381	197	68
381	241	30
381	276	84
381	346	55
381	354	82
382	22	84
382	36	70
382	72	82
382	98	83
382	110	80
382	198	33
382	242	77
382	276	48
382	346	55
382	355	84
383	21	54
383	37	61
383	72	24
383	98	84
383	111	84
383	197	80
383	241	34
383	277	84
383	345	55
383	355	80
384	21	74
384	36	79
384	66	84
384	67	84
384	68	84
384	69	84
384	70	84
384	71	24
384	72	24
384	99	28
384	110	81
384	197	80
384	242	81
384	276	48
384	345	55
384	356	84
385	21	83
385	37	82
385	73	84
385	100	31
385	110	84
385	197	79
385	241	70
385	277	83
385	344	55
385	356	84
386	21	57
386	36	81
386	72	24
386	100	84
386	109	83
386	197	79
386	242	81
386	277	48
386	343	84
386	356	79
387	21	83
387	37	82
387	73	83
387	101	32
387	108	32
387	197	70
387	241	36
387	278	84
387	343	55
387	357	83
388	21	58
388	37	44
388	74	27
388	102	32
388	107	32
388	197	70
388	241	36
388	278	77
388	342	55
388	358	84
389	21	83
389	37	83
389	74	37
389	103	84
389	104	84
389	105	84
389	106	84
389	197	81
389	241	36
389	278	82
389	341	84
389	358	80
390	20	81
390	37	84
390	74	83
390	102	33
390	198	68
390	241	71
390	278	65
390	336	84
390	337	84
390	338	84
390	339	60
390	340	60
390	359	84
391	20	58
391	36	43
391	74	37
391	103	84
391	197	80
391	241	71
391	278	72
391	335	84
391	340	60
391	360	84
392	20	82
392	37	84
392	75	48
392	102	33
392	198	68
392	241	68
392	279	83
392	334	83
392	340	60
392	360	71
393	20	79
393	36	45
393	74	48
393	103	33
393	198	80
393	241	68
393	278	70
393	333	78
393	341	84
393	361	84
394	20	71
394	37	84
394	75	48
394	103	33
394	198	68
394	241	67
394	279	83
394	332	78
394	341	76
394	362	84
395	20	83
395	36	78
395	75	48
395	103	33
395	198	78
395	241	67
395	278	77
395	331	78
395	342	84
395	362	79
396	20	58
396	37	84
396	76	48
396	103	33
396	198	75
396	241	39
396	279	83
396	342	60
396	362	79
397	20	84
397	37	82
397	76	50
397	103	57
397	199	84
397	240	39
397	278	48
397	343	60
397	363	83
397	364	83
398	19	61
398	37	43
398	76	27
398	103	28
398	198	70
398	240	39
398	279	83
398	344	84
398	363	83
398	365	84
399	20	83
399	37	82
399	77	27
399	103	28
399	199	82
399	240	45
399	279	82
399	344	80
399	363	83
399	366	84
400	19	62
400	37	72
400	76	50
400	103	28
400	199	70
400	239	84
400	279	60
400	345	84
401	19	78
401	37	65
401	77	84
401	104	28
401	200	83
401	240	45
401	279	81
401	345	84
402	19	71
402	37	43
402	76	84
402	78	58
402	103	28
402	200	71
402	239	59
402	279	71
402	345	83
403	19	82
403	38	84
403	76	84
403	79	58
403	104	36
403	200	72
403	239	59
403	279	48
403	344	82
403	346	82
403	347	82
404	19	81
404	38	80
404	75	78
404	79	84
404	103	36
404	201	83
404	239	59
404	280	83
404	348	82
404	349	84
405	18	63
405	39	84
405	75	84
405	80	80
405	104	36
405	200	72
405	239	59
405	279	70
405	350	84
406	18	81
406	39	38
406	74	53
406	81	79
406	105	84
406	201	81
406	238	45
406	280	82
406	351	84
407	18	81
407	39	38
407	74	84
407	81	84
407	104	39
407	202	83
407	238	45
407	280	55
408	18	74
408	40	84
408	73	53
408	82	41
408	105	39
408	202	74
408	238	45
408	280	54
409	18	77
409	39	79
409	73	80
409	81	84
409	83	33
409	105	39
409	202	76
409	237	45
409	281	84
410	18	74
410	40	83
410	72	53
410	80	84
410	83	33
410	105	39
410	202	83
410	236	84
410	280	79
411	18	77
411	40	38
411	72	81
411	79	84
411	84	83
411	106	39
411	203	82
411	237	84
411	281	84
412	18	63
412	40	83
412	73	54
412	78	84
412	84	82
412	105	39
412	203	80
412	236	83
412	280	76
413	18	82
413	40	80
413	73	55
413	77	84
413	79	84
413	85	81
413	106	52
413	203	74
413	235	84
413	281	84
414	17	72
414	40	82
414	74	56
414	76	83
414	79	84
414	85	33
414	106	39
414	203	83
414	235	46
414	280	78
415	18	83
415	40	77
415	75	83
415	77	84
415	78	83
415	80	84
415	81	84
415	82	84
415	83	84
415	84	81
415	106	39
415	203	80
415	234	46
415	281	83
416	17	81
416	40	82
416	74	56
416	85	55
416	107	84
416	204	77
416	233	84
416	280	78
417	18	84
417	40	36
417	75	56
417	81	84
417	82	84
417	83	84
417	84	81
417	107	39
417	203	80
417	233	47
417	281	78
418	17	83
418	40	82
418	76	84
418	77	83
418	78	83
418	79	83
418	80	83
418	85	83
418	107	38
418	203	75
418	233	47
418	282	84
419	17	65
419	40	38
419	75	83
419	86	81
419	108	84
419	203	78
419	232	83
419	281	78
420	17	84
420	40	79
420	74	80
420	86	32
420	107	69
420	203	76
420	233	47
420	282	84
421	16	81
421	41	84
421	75	83
421	86	32
421	108	82
421	202	76
421	232	47
421	281	78
422	16	84
422	40	50
422	75	56
422	87	83
422	107	77
422	201	84
422	232	50
422	282	81
423	15	76
423	41	84
423	76	83
423	87	64
423	108	38
423	201	84
423	232	50
423	283	84
424	14	76
424	40	50
424	76	65
424	87	64
424	109	84
424	201	76
424	231	50
424	282	81
425	14	83
425	41	84
425	76	83
425	88	84
425	108	41
425	200	76
425	232	50
425	283	84
426	14	44
426	40	50
426	76	81
426	87	55
426	109	76
426	199	76
426	231	50
426	283	82
427	14	84
427	41	84
427	76	76
427	88	84
427	110	84
427	198	76
427	230	50
427	283	83
428	13	50
428	40	71
428	76	82
428	87	60
428	109	41
428	197	84
428	231	84
428	232	84
428	233	84
428	234	84
428	235	84
428	236	84
428	284	84
429	14	84
429	41	84
429	76	34
429	88	83
429	110	82
429	197	78
429	230	50
429	283	83
430	14	83
430	40	63
430	76	80
430	88	78
430	109	78
430	196	81
430	230	50
430	283	83
431	14	50
431	41	84
431	77	83
431	88	83
431	110	44
431	195	84
431	230	50
431	282	83
432	14	80
432	40	78
432	76	34
432	88	84
432	111	84
432	195	81
432	230	51
433	15	80
433	41	83
433	77	83
433	84	84
433	85	84
433	86	84
433	87	63
433	111	44
433	195	81
433	230	37
434	16	84
434	40	83
434	77	34
434	82	84
434	83	84
434	88	82
434	111	79
434	194	84
434	230	83
435	15	50
435	41	83
435	78	83
435	81	84
435	89	84
435	111	44
435	194	81
435	230	37
436	16	83
436	40	64
436	79	84
436	80	84
436	82	84
436	83	84
436	84	84
436	85	84
436	86	84
436	87	37
436	88	37
436	112	83
436	194	81
436	230	82
437	16	81
437	41	83
437	78	34
437	89	84
437	111	79
437	193	84
437	230	37
438	16	82
438	41	82
438	79	80
438	89	84
438	112	66
438	193	81
438	230	37
438	285	63
439	16	81
439	41	82
439	78	84
439	89	37
439	112	45
439	193	83
439	231	84
439	284	75
440	16	82
440	41	58
440	79	68
440	89	83
440	113	84
440	193	83
440	231	80
440	285	83
440	287	83
441	16	83
441	41	58
441	79	70
441	89	37
441	113	46
441	192	83
441	231	37
441	285	68
441	286	68
442	15	55
442	42	83
442	79	84
442	89	83
442	113	46
442	215	84
442	216	84
442	232	59
442	284	68
442	286	68
443	15	82
443	43	84
443	79	84
443	89	37
443	114	83
443	214	83
443	233	84
443	284	84
443	287	68
443	289	84
444	15	82
444	42	75
444	80	70
444	89	84
444	113	43
444	215	59
444	232	84
444	283	84
444	288	84
444	292	80
445	14	83
445	43	84
445	79	84
445	89	84
445	114	43
445	233	83
445	283	84
445	288	71
445	292	84
446	14	83
446	43	59
446	80	84
446	89	84
446	115	83
446	232	79
446	283	84
446	288	71
446	291	84
447	14	83
447	44	84
447	81	71
447	88	71
447	116	43
447	233	82
447	284	84
447	289	72
447	290	84
448	14	83
448	44	59
448	81	84
448	88	84
448	116	70
448	233	80
448	285	72
448	286	72
448	287	72
448	288	72
449	14	83
449	44	59
449	82	84
449	88	84
449	117	70
449	233	81
449	289	82
450	13	56
450	45	59
450	83	84
450	87	34
450	118	39
450	233	71
451	12	84
451	14	56
451	46	84
451	84	84
451	87	83
451	118	39
451	234	84
452	7	84
452	11	84
452	14	56
452	45	84
452	85	84
452	86	84
452	119	82
452	233	77
453	3	56
453	4	56
453	5	83
453	6	56
453	8	56
453	10	84
453	14	56
453	46	82
453	87	75
453	120	39
453	234	81
454	1	56
454	9	84
454	15	84
454	47	84
454	88	34
454	120	81
454	234	83
455	8	56
455	10	84
455	14	67
455	16	84
455	46	63
455	89	84
455	121	76
455	234	83
455	235	83
455	236	73
455	237	83
455	238	74
455	239	74
456	11	83
456	14	84
456	16	84
456	19	84
456	47	84
456	88	34
456	121	78
456	233	73
456	240	83
457	11	84
457	13	84
457	15	84
457	16	84
457	18	84
457	47	82
457	89	39
457	121	78
457	233	73
457	241	74
458	12	84
458	17	84
458	47	44
458	90	84
458	122	39
458	229	84
458	230	83
458	231	73
458	232	73
458	242	76
458	360	84
458	361	84
459	48	84
459	89	40
459	123	51
459	228	83
459	232	73
459	243	83
460	47	73
460	90	40
460	122	51
460	226	84
460	227	73
460	233	83
460	244	84
461	48	84
461	91	81
461	123	83
461	225	75
461	234	84
461	243	79
461	358	84
462	48	65
462	92	84
462	123	78
462	224	75
462	234	81
462	242	83
462	359	84
462	361	83
463	48	83
463	92	40
463	123	82
463	223	84
463	235	81
463	242	79
463	360	84
464	48	73
464	92	40
464	123	38
464	223	75
464	236	84
464	241	79
464	359	83
465	48	83
465	93	83
465	124	80
465	222	75
465	235	84
465	240	60
465	358	66
466	48	66
466	93	76
466	124	72
466	222	77
466	236	82
466	241	81
467	48	82
467	94	50
467	124	78
467	221	84
467	237	82
467	240	77
468	48	73
468	94	81
468	124	78
468	221	84
468	238	82
468	239	82
469	48	82
469	95	84
469	124	38
469	221	77
469	237	83
469	240	84
470	48	78
470	59	84
470	95	60
470	124	81
470	221	77
470	237	83
470	240	84
471	48	82
471	58	60
471	96	82
471	124	38
471	220	77
471	237	82
471	240	84
472	47	67
472	96	80
472	125	80
472	220	77
472	237	82
472	240	84
473	48	83
473	96	41
473	124	38
473	219	84
473	221	82
473	237	84
474	47	70
474	56	84
474	97	82
474	125	80
474	237	84
475	48	83
475	56	84
475	97	73
475	124	75
475	237	84
475	392	84
476	47	67
476	98	84
476	125	75
476	237	84
476	392	84
477	48	83
477	97	82
477	124	38
477	237	84
477	392	83
478	48	60
478	98	78
478	125	38
478	237	84
479	48	83
479	99	83
479	124	84
480	19	84
480	48	60
480	98	75
480	125	76
481	48	60
481	99	78
481	125	76
481	391	84
482	49	83
482	100	83
482	125	54
483	48	67
483	99	80
483	126	83
484	49	83
484	100	41
484	125	54
484	235	78
485	48	82
485	100	82
485	126	84
485	234	78
486	48	67
486	100	61
486	125	54
486	235	79
487	48	82
487	101	81
487	126	78
487	234	79
488	48	80
488	101	78
488	125	54
488	234	79
488	391	84
489	48	68
489	101	57
489	126	84
489	233	80
489	268	74
489	269	83
489	390	84
490	48	68
490	101	57
490	125	54
490	234	80
490	391	74
491	49	84
491	102	84
491	126	79
491	233	81
491	390	74
492	48	82
492	102	44
492	125	56
492	233	81
492	388	84
492	390	74
493	48	73
493	102	82
493	126	79
493	233	81
493	389	75
494	49	84
494	102	79
494	125	76
494	233	82
494	386	84
494	387	84
494	388	81
494	390	83
494	391	83
495	49	81
495	102	79
495	126	82
495	233	82
495	392	83
496	49	82
496	103	44
496	126	52
497	49	82
497	103	44
497	126	52
498	39	69
498	48	83
498	103	82
498	126	83
499	40	69
499	41	77
499	42	69
499	43	76
499	44	69
499	45	69
499	46	69
499	47	69
499	70	67
499	103	79
499	126	71
500	48	83
500	70	83
500	103	79
500	127	71
501	48	82
501	70	70
501	103	68
501	127	83
502	48	70
502	70	82
502	103	79
502	127	71
503	49	71
503	70	72
503	104	44
503	127	83
504	50	83
504	71	84
504	103	44
504	127	57
505	50	72
505	70	82
505	104	44
505	127	57
506	51	84
506	71	83
506	104	81
506	128	84
507	51	71
507	72	84
507	104	82
507	127	57
508	50	84
508	70	84
508	71	79
508	104	77
508	128	83
509	51	84
509	52	71
509	53	71
509	54	80
509	55	72
509	56	72
509	57	61
509	58	61
509	72	83
509	104	80
509	128	57
510	50	71
510	73	84
510	104	44
510	128	83
511	50	71
511	73	79
511	104	80
511	128	62
512	36	69
512	50	71
512	74	84
512	104	70
512	128	83
513	36	79
513	49	84
513	72	73
513	73	80
513	104	80
513	128	62
514	36	79
514	50	72
514	71	71
514	74	81
514	104	56
514	128	62
515	36	75
515	49	72
515	71	71
515	75	84
515	103	61
515	129	84
516	37	76
516	48	84
516	71	81
516	75	84
516	104	61
516	128	73
517	36	80
517	48	72
517	70	73
517	75	84
517	105	84
517	129	84
518	37	77
518	48	72
518	75	84
518	104	72
518	128	81
519	36	78
519	48	72
519	74	81
519	76	84
519	105	84
519	129	84
520	36	78
520	47	78
520	73	84
520	76	81
520	104	80
520	128	81
521	36	78
521	48	72
521	77	84
521	105	84
521	128	81
522	36	78
522	47	72
522	78	84
522	104	70
522	127	62
523	36	79
523	48	82
523	78	84
523	104	82
523	128	82
524	35	80
524	47	81
524	75	84
524	78	83
524	104	73
524	127	83
525	33	84
525	34	79
525	36	79
525	46	79
525	79	84
525	104	82
525	127	63
526	32	84
526	37	79
526	47	83
526	79	74
526	104	79
526	127	82
527	31	82
527	37	83
527	42	84
527	43	84
527	44	84
527	45	84
527	46	84
527	79	79
527	103	60
527	127	83
528	29	84
528	30	82
528	38	79
528	39	79
528	41	84
528	47	83
528	80	84
528	104	82
528	127	84
529	28	84
529	40	79
529	47	82
529	80	82
529	103	60
529	126	81
530	28	84
530	41	82
530	47	84
530	80	75
530	104	84
530	105	84
530	106	84
530	107	84
530	108	84
530	109	84
530	110	84
530	111	84
530	112	84
530	126	83
531	42	79
531	43	79
531	44	73
531	45	73
531	46	74
531	81	84
531	103	75
531	126	84
532	47	74
532	81	81
532	104	83
532	125	64
533	48	84
533	81	76
533	103	75
533	125	82
534	48	74
534	82	84
534	103	82
534	125	73
535	49	84
535	82	80
535	103	73
535	125	83
536	49	75
536	82	82
536	103	82
536	124	80
537	49	82
537	83	84
537	103	77
537	125	83
538	49	75
538	82	77
538	102	83
538	124	82
539	50	84
539	83	77
539	102	73
539	124	83
540	50	82
540	84	84
540	101	82
540	123	75
541	50	75
541	84	77
541	102	62
541	124	83
542	50	82
542	84	77
542	101	80
542	123	82
543	50	75
543	85	84
543	102	84
543	123	84
544	51	84
544	84	78
544	101	74
544	122	67
545	50	75
545	85	78
545	101	82
545	122	79
546	51	83
546	86	84
546	101	74
546	122	82
547	51	84
547	86	78
547	101	82
547	122	67
548	50	75
548	86	78
548	101	79
548	122	82
549	51	75
549	86	80
549	101	68
549	122	77
550	51	84
550	86	78
550	100	80
550	122	82
551	50	75
551	86	79
551	101	76
551	122	67
552	51	76
552	87	84
552	100	80
552	122	83
553	51	76
553	86	79
553	101	82
553	122	84
554	42	84
554	50	76
554	87	79
554	100	68
554	121	68
555	41	77
555	43	78
555	44	78
555	45	76
555	46	76
555	47	76
555	48	76
555	49	76
555	87	79
555	101	82
555	122	83
556	39	84
556	40	78
556	50	83
556	87	79
556	100	68
556	122	78
557	38	83
557	51	84
557	65	77
557	66	79
557	87	79
557	101	83
557	123	84
558	37	77
558	51	76
558	87	80
558	100	68
558	122	65
559	36	77
559	52	84
559	69	79
559	87	80
559	101	83
559	123	84
559	124	82
560	35	81
560	52	83
560	70	84
560	87	80
560	100	68
560	122	65
560	125	82
560	126	83
561	34	81
561	52	77
561	70	79
561	88	84
561	101	82
561	121	65
561	127	83
562	33	81
562	52	78
562	71	81
562	87	80
562	100	79
562	121	83
562	128	84
563	32	81
563	53	84
563	72	84
563	88	81
563	101	82
563	120	66
564	27	84
564	30	84
564	31	78
564	52	81
564	72	81
564	88	81
564	100	72
564	120	83
565	24	84
565	25	79
565	26	79
565	28	83
565	29	83
565	53	84
565	73	81
565	88	81
565	101	82
565	119	79
566	23	83
566	29	83
566	53	78
566	74	82
566	88	81
566	100	72
566	119	83
567	22	83
567	30	83
567	53	78
567	75	84
567	88	82
567	100	79
567	118	69
568	21	79
568	31	83
568	53	82
568	75	84
568	89	84
568	100	78
568	118	82
569	20	84
569	32	79
569	53	83
569	76	84
569	88	82
569	100	82
569	118	69
570	21	79
570	32	79
570	54	84
570	55	79
570	56	79
570	57	79
570	58	80
570	89	84
570	100	78
570	118	73
571	20	79
571	32	84
571	53	79
571	59	80
571	60	83
571	61	83
571	64	84
571	88	82
571	100	82
571	118	69
572	19	84
572	31	81
572	52	79
572	62	80
572	63	80
572	89	84
572	100	82
572	119	84
573	18	84
573	52	79
573	62	80
573	88	83
573	100	72
573	118	73
574	18	79
574	51	83
574	63	84
574	89	84
574	100	82
574	119	84
575	18	79
575	30	84
575	51	81
575	62	81
575	89	83
575	100	83
575	119	73
576	17	79
576	31	81
576	51	84
576	63	84
576	64	82
576	88	83
576	99	49
576	119	82
577	15	84
577	16	79
577	50	81
577	89	83
577	100	84
577	120	84
578	14	84
578	50	80
578	88	83
578	99	82
578	119	73
579	13	84
579	49	80
579	89	50
579	100	84
579	120	84
580	14	81
580	49	80
580	88	50
580	99	83
580	120	73
581	13	81
581	49	82
581	87	50
581	100	84
581	121	84
582	10	84
582	12	81
582	48	82
582	88	81
582	99	82
582	120	76
583	11	81
583	48	82
583	87	84
583	99	83
583	121	76
583	126	84
584	10	81
584	48	84
584	88	84
584	99	82
584	121	76
584	122	76
584	125	84
585	8	84
585	9	84
585	46	83
585	47	83
585	88	84
585	99	84
585	120	76
585	123	76
585	124	76
586	7	84
586	45	83
586	48	83
586	87	83
586	98	82
586	119	75
586	124	76
587	45	83
587	48	83
587	88	50
587	97	82
587	119	84
587	125	77
588	44	83
588	49	83
588	89	83
588	96	82
588	98	84
588	99	83
588	115	73
588	118	73
588	126	77
589	43	84
589	50	83
589	90	79
589	94	80
589	95	84
589	100	83
589	116	84
589	117	84
589	127	79
589	132	83
590	43	84
590	51	84
590	91	80
590	92	80
590	93	84
590	101	84
590	116	84
590	128	81
590	131	83
591	43	84
591	51	84
591	91	80
591	102	84
591	115	82
591	129	78
591	130	78
592	43	84
592	44	84
592	52	84
592	83	83
592	90	84
592	103	84
592	104	84
592	114	76
592	129	78
593	42	84
593	45	84
593	84	50
593	88	83
593	89	84
593	105	84
593	113	74
593	130	78
593	131	82
593	132	82
593	133	82
593	134	82
593	135	83
593	136	83
593	137	84
594	41	84
594	45	84
594	85	82
594	87	84
594	106	84
594	113	84
594	129	83
594	138	82
595	46	84
595	80	84
595	86	84
595	106	84
595	112	75
595	124	84
595	125	83
595	126	79
595	127	79
595	128	79
595	139	84
596	46	84
596	81	84
596	85	84
596	107	84
596	111	69
596	123	79
596	128	79
596	139	79
597	44	84
597	45	84
597	82	84
597	83	55
597	84	55
597	112	84
597	122	79
597	129	84
597	140	82
598	84	55
598	111	84
598	121	79
598	129	83
598	141	84
599	83	84
599	110	76
599	121	79
599	130	83
599	142	84
600	82	80
600	111	84
600	120	83
600	131	84
600	141	81
601	81	55
601	110	84
601	119	84
601	130	84
601	142	84
602	81	84
602	109	73
602	115	84
602	117	84
602	118	84
602	131	84
602	132	84
602	143	84
603	80	57
603	109	83
603	116	84
603	119	84
603	133	84
603	142	83
604	80	84
604	109	78
604	120	84
604	143	84
605	79	57
605	108	73
605	120	84
605	142	68
606	79	57
606	108	79
606	143	84
607	79	84
607	107	73
607	142	82
608	78	73
608	108	84
608	143	84
609	78	78
609	107	74
609	142	83
610	78	75
610	107	84
610	143	84
611	78	84
611	106	74
611	142	84
612	77	64
612	107	84
612	142	83
613	77	79
613	106	74
613	142	84
614	76	64
614	107	84
614	142	84
615	77	79
615	106	83
615	142	84
616	76	64
616	106	84
616	142	84
617	75	83
617	105	80
617	142	84
618	76	58
618	105	84
618	141	84
619	75	58
619	100	83
619	101	83
619	102	84
619	103	75
619	104	75
620	74	58
620	99	84
620	105	84
621	75	80
621	100	84
621	104	81
622	74	58
622	101	84
622	104	84
623	73	58
623	102	84
623	103	84
624	73	58
624	104	75
625	73	58
625	103	83
626	73	60
626	103	79
627	72	60
627	103	80
628	72	60
628	103	76
629	71	60
629	103	84
630	71	60
630	102	76
631	71	60
631	103	84
632	70	76
632	102	77
633	70	76
633	103	84
634	69	60
634	102	81
635	68	83
635	102	83
636	69	60
636	101	76
637	68	60
637	101	80
638	68	60
638	100	82
639	68	60
639	100	81
640	67	60
640	100	81
641	67	60
641	100	77
642	67	60
642	100	77
643	67	60
643	99	81
644	67	60
644	99	81
645	66	60
645	99	77
646	67	84
646	98	78
647	66	80
647	99	84
648	66	80
648	92	84
648	93	84
648	94	84
648	95	84
648	96	84
648	97	82
648	98	82
649	67	84
649	98	82
650	66	82
650	98	84
651	67	65
651	98	82
652	66	81
652	98	78
653	66	81
653	98	82
654	66	82
654	98	78
655	67	65
655	98	84
656	67	65
656	97	79
657	67	84
657	97	79
658	68	67
658	97	79
659	68	84
659	97	79
660	69	67
660	98	84
661	69	84
661	97	79
662	70	62
662	98	79
663	43	84
663	71	83
663	97	80
664	70	62
664	98	80
665	71	62
665	98	80
666	71	69
666	99	84
667	71	69
667	98	80
668	71	84
668	99	80
669	72	69
669	99	80
670	71	84
670	100	80
671	72	70
671	101	80
672	71	84
672	101	81
673	72	70
673	101	81
674	71	84
674	102	81
675	72	70
675	103	83
676	57	81
676	58	81
676	59	83
676	71	84
676	103	81
677	72	70
677	103	81
678	71	84
678	104	81
679	72	70
679	104	82
680	71	70
680	104	82
681	72	79
681	105	82
681	114	84
682	72	70
682	106	82
682	113	84
683	72	70
683	106	84
683	112	84
684	72	72
684	107	82
684	108	82
684	109	84
684	110	84
684	111	84
685	72	72
685	106	82
686	72	72
686	106	82
686	107	82
686	108	83
687	72	72
687	105	83
687	109	84
688	72	72
688	104	83
688	110	84
689	73	81
689	103	83
690	72	72
690	102	84
691	72	72
691	101	84
691	103	84
692	72	82
692	103	84
693	72	79
693	103	84
694	72	79
694	103	84
695	71	84
696	72	71
697	72	71
698	72	82
699	72	82
700	72	84
701	72	84
702	73	77
703	73	79
704	73	77
705	72	78
706	72	78
707	73	78
708	68	78
708	69	83
708	70	83
708	71	83
708	72	78
708	73	78
709	66	84
709	67	78
709	74	79
710	65	71
710	75	79
711	64	84
711	74	79
711	76	79
712	23	84
712	24	74
712	64	71
712	74	73
712	77	73
713	63	84
713	74	84
713	77	84
714	63	76
714	74	81
714	78	84
714	79	84
714	80	84
714	81	72
715	58	84
715	62	76
715	74	81
715	78	84
715	82	72
716	59	83
716	60	83
716	61	76
716	73	83
716	78	81
716	83	72
717	62	81
717	72	81
717	78	81
717	83	82
718	63	81
718	72	84
718	78	80
718	84	77
718	103	76
719	62	84
719	71	81
719	78	80
719	84	84
719	102	84
720	63	82
720	79	80
720	83	84
720	84	84
720	103	84
721	62	82
721	80	80
721	81	80
721	82	82
721	85	84
722	62	82
722	80	80
722	85	84
723	61	82
723	81	80
723	85	84
724	61	82
724	82	82
724	85	84
725	60	83
725	83	82
725	84	82
726	59	83
726	60	83
726	84	82
727	58	84
727	61	84
727	62	84
727	84	83
728	57	84
728	63	84
728	73	83
728	84	81
729	56	84
729	70	83
729	72	84
729	74	84
729	84	83
730	40	84
730	41	78
730	71	84
730	75	84
730	84	83
731	76	84
731	84	83
732	75	84
732	84	76
733	84	76
734	84	83
734	93	75
735	84	84
735	94	84
736	83	82
736	92	81
736	93	84
737	83	83
738	83	82
739	83	77
740	82	82
741	82	80
742	82	80
742	89	82
743	82	82
743	88	82
744	81	80
744	89	84
745	82	82
745	88	84
746	81	84
747	80	81
748	80	81
749	80	82
750	80	81
751	79	83
752	80	81
753	79	81
754	78	81
754	83	81
755	79	81
755	83	83
756	78	82
756	83	83
757	78	83
757	83	82
758	79	81
758	83	82
759	78	81
760	78	81
760	84	84
761	78	81
761	79	81
761	80	84
761	81	84
761	82	84
761	84	83
762	77	82
762	83	84
762	85	83
763	77	83
763	86	83
764	76	82
764	87	83
765	75	82
765	87	83
766	75	82
766	88	84
767	71	84
767	72	83
767	73	83
767	74	84
767	88	84
768	70	84
768	75	83
768	89	84
768	91	84
769	70	84
769	75	84
769	88	84
769	90	84
770	69	84
770	76	84
770	91	84
771	70	84
771	76	84
772	75	84
772	77	84
773	75	84
774	74	84
775	74	84
776	72	84
776	73	84
776	75	84
