130	265	0
129	266	0
128	267	0
127	268	0
126	269	0
125	270	0
124	271	0
123	272	0
122	273	0
121	274	0
120	275	0
119	276	0
118	277	0
117	278	0
116	279	0
115	280	0
114	281	0
113	282	0
112	283	0
111	284	0
110	285	0
109	286	0
108	287	0
107	288	0
106	289	0
105	290	0
104	291	0
103	292	0
102	293	0
101	294	0
100	295	0
99	296	0
98	297	0
97	298	0
96	299	0
95	300	0
94	301	0
93	302	0
92	303	0
91	304	0
90	305	0
89	306	0
88	307	0
87	308	0
86	309	0
85	310	0
84	311	0
83	312	0
82	313	0
81	314	0
80	315	0
79	316	0
78	317	0
77	318	0
76	319	0
75	320	0
74	321	0
73	322	0
72	323	0
71	324	0
70	325	0
69	326	0
68	327	0
67	328	0
66	329	0
65	330	0
64	331	0
63	332	0
62	333	0
61	334	0
60	335	0
59	336	0
58	337	0
57	338	0
56	339	0
55	340	0
54	341	0
53	342	0
52	343	0
51	344	0
50	345	0
49	346	0
48	347	0
47	348	0
46	349	0
45	350	0
44	351	0
43	352	0
42	353	0
41	354	0
40	355	0
39	356	0
38	357	0
37	358	0
36	359	0
35	360	0
34	361	0
33	362	0
32	363	0
31	364	0
30	365	0
29	366	0
28	367	0
27	368	0
26	369	0
25	370	0
24	371	0
23	372	0
22	373	0
21	374	0
20	375	0
19	376	0
18	377	0
17	378	0
16	379	0
15	380	0
14	381	0
13	382	0
12	383	0
11	384	0
10	385	0
9	386	0
8	387	0
7	388	0
6	389	0
5	390	0
4	391	0
3	392	0
2	393	0
1	394	0
131	264	0
258	1	0
257	2	0
256	3	0
255	4	0
260	187	4
259	188	4
258	189	4
133	190	4
134	190	4
135	190	4
136	190	4
137	190	4
138	190	4
139	190	4
140	190	4
141	190	4
142	190	4
143	190	4
144	190	4
145	190	4
146	190	4
147	190	4
148	190	4
149	190	4
150	190	4
151	190	4
152	190	4
153	190	4
154	190	4
155	190	4
156	190	4
157	190	4
158	190	4
159	190	4
160	190	4
161	190	4
162	190	4
163	190	4
164	190	4
165	190	4
166	190	4
167	190	4
168	190	4
169	190	4
170	190	4
171	190	4
172	190	4
173	190	4
174	190	4
175	190	4
176	190	4
177	190	4
178	190	4
179	190	4
180	190	4
181	190	4
182	190	4
183	190	4
184	190	4
185	190	4
186	190	4
187	190	4
188	190	4
189	190	4
190	190	4
191	190	4
192	190	4
193	190	4
194	190	4
195	190	4
196	190	4
197	190	4
198	190	4
199	190	4
200	190	4
201	190	4
202	190	4
203	190	4
204	190	4
205	190	4
206	190	4
207	190	4
208	190	4
209	190	4
210	190	4
211	190	4
212	190	4
213	190	4
214	190	4
215	190	4
216	190	4
217	190	4
218	190	4
219	190	4
220	190	4
221	190	4
222	190	4
223	190	4
224	190	4
225	190	4
226	190	4
227	190	4
228	190	4
229	190	4
230	190	4
231	190	4
232	190	4
233	190	4
234	190	4
235	190	4
236	190	4
237	190	4
238	190	4
239	190	4
240	190	4
241	190	4
242	190	4
243	190	4
244	190	4
245	190	4
246	190	4
247	190	4
248	190	4
249	190	4
250	190	4
251	190	4
252	190	4
253	190	4
254	190	4
255	190	4
256	190	4
257	190	4
132	190	4
258	235	0
259	235	0
260	235	0
133	236	0
134	236	0
135	236	0
136	236	0
137	236	0
138	236	0
139	236	0
140	236	0
141	236	0
142	236	0
143	236	0
144	236	0
145	236	0
146	236	0
147	236	0
148	236	0
149	236	0
150	236	0
151	236	0
152	236	0
153	236	0
154	236	0
155	236	0
156	236	0
157	236	0
158	236	0
159	236	0
160	236	0
161	236	0
162	236	0
163	236	0
164	236	0
165	236	0
166	236	0
167	236	0
168	236	0
169	236	0
170	236	0
171	236	0
172	236	0
173	236	0
174	236	0
175	236	0
176	236	0
177	236	0
178	236	0
179	236	0
180	236	0
181	236	0
182	236	0
183	236	0
184	236	0
185	236	0
186	236	0
187	236	0
188	236	0
189	236	0
190	236	0
191	236	0
192	236	0
193	236	0
194	236	0
195	236	0
196	236	0
197	236	0
198	236	0
199	236	0
200	236	0
201	236	0
202	236	0
203	236	0
204	236	0
205	236	0
206	236	0
207	236	0
208	236	0
209	236	0
210	236	0
211	236	0
212	236	0
213	236	0
214	236	0
215	236	0
216	236	0
217	236	0
218	236	0
219	236	0
220	236	0
221	236	0
222	236	0
223	236	0
224	236	0
225	236	0
226	236	0
227	236	0
228	236	0
229	236	0
230	236	0
231	236	0
232	236	0
233	236	0
234	236	0
235	236	0
236	236	0
237	236	0
238	236	0
239	236	0
240	236	0
241	236	0
242	236	0
243	236	0
244	236	0
245	236	0
246	236	0
247	236	0
248	236	0
249	236	0
250	236	0
251	236	0
252	236	0
253	236	0
254	236	0
255	236	0
256	236	0
257	236	0
261	236	0
132	236	0
144	121	3
145	121	3
146	121	3
147	121	3
148	121	3
149	121	3
150	121	3
151	121	3
152	121	3
153	121	3
154	121	3
155	121	3
156	121	3
157	121	3
158	121	3
159	121	3
160	121	3
161	121	3
162	121	3
163	121	3
164	121	3
165	121	3
166	121	3
167	121	3
168	121	3
169	121	3
170	121	3
171	121	3
172	121	3
173	121	3
174	121	3
175	121	3
176	121	3
177	121	3
178	121	3
179	121	3
180	121	3
181	121	3
182	121	3
183	121	3
184	121	3
185	121	3
186	121	3
187	121	3
188	121	3
189	121	3
190	121	3
191	121	3
192	121	3
193	121	3
194	121	3
195	121	3
196	121	3
197	121	3
198	121	3
199	121	3
200	121	3
201	121	3
202	121	3
203	121	3
204	121	3
205	121	3
206	121	3
207	121	3
208	121	3
209	121	3
210	121	3
211	121	3
212	121	3
213	121	3
214	121	3
215	121	3
216	121	3
217	121	3
218	121	3
219	121	3
220	121	3
221	121	3
222	121	3
223	121	3
224	121	3
225	121	3
226	121	3
227	121	3
228	121	3
229	121	3
230	121	3
231	121	3
232	121	3
233	121	3
234	121	3
235	121	3
236	121	3
237	121	3
238	121	3
239	121	3
240	121	3
241	121	3
242	121	3
243	121	3
244	121	3
245	121	3
246	121	3
247	121	3
248	121	3
249	121	3
250	121	3
251	121	3
252	121	3
253	121	3
254	121	3
255	121	3
256	121	3
257	121	3
258	121	3
259	121	3
260	121	3
261	122	3
143	121	3
200	61	2
201	61	2
198	62	2
199	62	2
196	63	2
197	63	2
194	64	2
195	64	2
192	65	2
193	65	2
190	66	2
191	66	2
189	67	2
188	68	2
187	69	2
186	70	2
186	71	2
186	72	2
186	73	2
186	74	2
202	60	2
186	75	2
262	74	0
261	75	0
131	222	0
131	223	0
130	224	0
130	225	0
129	226	0
129	227	0
128	228	0
129	229	0
128	230	0
129	231	0
129	232	0
130	233	0
130	234	0
131	235	0
132	221	0
132	236	0
218	45	4
219	45	4
220	45	4
221	45	4
222	45	4
223	45	4
224	45	4
225	45	4
226	45	4
227	45	4
228	45	4
229	45	4
230	45	4
231	45	4
232	45	4
233	45	4
234	45	4
235	45	4
236	45	4
237	45	4
238	45	4
239	45	4
240	45	4
241	45	4
242	45	4
243	45	4
244	45	4
245	45	4
246	45	4
247	45	4
248	45	4
249	45	4
250	45	4
251	45	4
252	45	4
253	45	4
254	45	4
255	45	4
256	45	4
257	45	4
258	45	4
259	45	4
260	45	4
261	46	4
262	46	4
263	46	4
264	47	4
217	45	4
207	338	4
208	338	4
209	338	4
210	338	4
211	338	4
212	338	4
213	338	4
214	338	4
215	338	4
216	338	4
217	338	4
218	338	4
219	338	4
220	338	4
221	338	4
222	338	4
223	338	4
224	338	4
225	338	4
226	338	4
227	338	4
228	338	4
229	338	4
230	338	4
231	338	4
232	338	4
233	338	4
234	338	4
235	338	4
236	338	4
237	338	4
238	338	4
239	338	4
240	338	4
241	338	4
242	338	4
243	338	4
244	338	4
245	338	4
246	338	4
247	338	4
248	338	4
249	338	4
250	338	4
251	338	4
252	338	4
253	338	4
254	338	4
255	338	4
256	338	4
257	338	4
258	339	4
259	340	4
260	341	4
206	338	4
246	15	3
247	15	3
244	16	3
245	16	3
242	17	3
243	17	3
240	18	3
241	18	3
238	19	3
239	19	3
237	20	3
236	21	3
235	22	3
234	23	3
233	24	3
232	25	3
232	26	3
232	27	3
232	28	3
248	14	3
232	29	3
256	5	0
257	5	0
258	5	0
259	6	0
255	4	0
230	31	0
231	31	0
228	32	0
229	32	0
226	33	0
227	33	0
224	34	0
225	34	0
222	35	0
223	35	0
220	36	0
221	36	0
219	37	0
218	38	0
218	39	0
217	40	0
216	41	0
216	42	0
216	43	0
232	30	0
216	44	0
131	237	4
130	238	4
130	239	4
129	240	4
129	241	4
128	242	4
129	243	4
128	244	4
129	245	4
129	246	4
130	247	4
130	248	4
131	249	4
132	236	4
132	250	4
2	2	0
3	3	0
4	4	0
5	5	0
6	6	0
7	7	0
8	8	0
9	9	0
10	10	0
11	11	0
12	12	0
13	13	0
14	14	0
15	15	0
16	16	0
17	17	0
18	18	0
19	19	0
20	20	0
21	21	0
22	22	0
23	23	0
24	24	0
25	25	0
26	26	0
27	27	0
28	28	0
29	29	0
30	30	0
31	31	0
32	32	0
33	33	0
34	34	0
35	35	0
36	36	0
37	37	0
38	38	0
39	39	0
40	40	0
41	41	0
42	42	0
43	43	0
44	44	0
45	45	0
46	46	0
47	47	0
48	48	0
49	49	0
50	50	0
51	51	0
52	52	0
53	53	0
54	54	0
55	55	0
56	56	0
57	57	0
58	58	0
59	59	0
60	60	0
61	61	0
62	62	0
63	63	0
64	64	0
65	65	0
66	66	0
67	67	0
68	68	0
69	69	0
70	70	0
71	71	0
72	72	0
73	73	0
74	74	0
75	75	0
76	76	0
77	77	0
78	78	0
79	79	0
80	80	0
81	81	0
82	82	0
83	83	0
84	84	0
85	85	0
86	86	0
87	87	0
88	88	0
89	89	0
90	90	0
91	91	0
92	92	0
93	93	0
94	94	0
95	95	0
96	96	0
97	97	0
98	98	0
99	99	0
100	100	0
101	101	0
102	102	0
103	103	0
104	104	0
105	105	0
106	106	0
107	107	0
108	108	0
109	109	0
110	110	0
111	111	0
112	112	0
113	113	0
114	114	0
115	115	0
116	116	0
117	117	0
118	118	0
119	119	0
120	120	0
121	121	0
122	122	0
123	123	0
124	124	0
125	125	0
126	126	0
127	127	0
128	128	0
133	267	4
133	268	4
133	269	4
133	270	4
133	271	4
134	272	4
135	273	4
136	273	4
137	274	4
138	274	4
139	275	4
140	275	4
141	276	4
142	276	4
143	277	4
144	278	4
145	279	4
146	279	4
147	280	4
148	280	4
149	281	4
149	282	4
149	283	4
149	284	4
149	285	4
149	286	4
150	287	4
151	288	4
152	289	4
153	290	4
154	290	4
155	291	4
156	291	4
157	292	4
158	292	4
159	293	4
160	293	4
161	294	4
162	295	4
163	296	4
163	297	4
163	298	4
163	299	4
163	300	4
164	301	4
165	302	4
166	303	4
167	304	4
168	304	4
169	305	4
170	305	4
171	306	4
172	306	4
173	307	4
174	307	4
175	308	4
176	309	4
177	310	4
177	311	4
177	312	4
177	313	4
178	314	4
179	315	4
179	316	4
180	317	4
181	318	4
182	318	4
183	319	4
184	319	4
185	320	4
186	320	4
187	321	4
188	322	4
189	323	4
190	323	4
191	324	4
191	325	4
191	326	4
191	327	4
192	328	4
193	329	4
193	330	4
194	331	4
195	332	4
196	332	4
197	333	4
198	333	4
199	334	4
200	334	4
201	335	4
202	336	4
203	337	4
204	337	4
133	266	4
205	338	4
140	122	0
141	122	0
138	123	0
139	123	0
136	124	0
137	124	0
134	125	0
135	125	0
132	126	0
133	126	0
130	127	0
131	127	0
142	121	0
129	128	0
188	76	3
189	76	3
190	76	3
191	76	3
192	76	3
193	76	3
194	76	3
195	76	3
196	76	3
197	76	3
198	76	3
199	76	3
200	76	3
201	76	3
202	76	3
203	76	3
204	76	3
205	76	3
206	76	3
207	76	3
208	76	3
209	76	3
210	76	3
211	76	3
212	76	3
213	76	3
214	76	3
215	76	3
216	76	3
217	76	3
218	76	3
219	76	3
220	76	3
221	76	3
222	76	3
223	76	3
224	76	3
225	76	3
226	76	3
227	76	3
228	76	3
229	76	3
230	76	3
231	76	3
232	76	3
233	76	3
234	76	3
235	76	3
236	76	3
237	76	3
238	76	3
239	76	3
240	76	3
241	76	3
242	76	3
243	76	3
244	76	3
245	76	3
246	76	3
247	76	3
248	76	3
249	76	3
250	76	3
251	76	3
252	76	3
253	76	3
254	76	3
255	76	3
256	76	3
257	76	3
258	76	3
259	76	3
187	76	3
260	76	3
131	191	0
131	192	0
131	193	0
130	194	0
130	195	0
129	196	0
129	197	0
129	198	0
129	199	0
129	200	0
130	201	0
130	202	0
131	203	0
131	204	0
132	190	0
132	205	0
133	205	0
134	205	0
135	205	0
136	205	0
137	205	0
138	205	0
139	205	0
140	205	0
141	205	0
142	205	0
143	205	0
144	205	0
145	205	0
146	205	0
147	205	0
148	205	0
149	205	0
150	205	0
151	205	0
152	205	0
153	205	0
154	205	0
155	205	0
156	205	0
157	205	0
158	205	0
159	205	0
160	205	0
161	205	0
162	205	0
163	205	0
164	205	0
165	205	0
166	205	0
167	205	0
168	205	0
169	205	0
170	205	0
171	205	0
172	205	0
173	205	0
174	205	0
175	205	0
176	205	0
177	205	0
178	205	0
179	205	0
180	205	0
181	205	0
182	205	0
183	205	0
184	205	0
185	205	0
186	205	0
187	205	0
188	205	0
189	205	0
190	205	0
191	205	0
192	205	0
193	205	0
194	205	0
195	205	0
196	205	0
197	205	0
198	205	0
199	205	0
200	205	0
201	205	0
202	205	0
203	205	0
204	205	0
205	205	0
206	205	0
207	205	0
208	205	0
209	205	0
210	205	0
211	205	0
212	205	0
213	205	0
214	205	0
215	205	0
216	205	0
217	205	0
218	205	0
219	205	0
220	205	0
221	205	0
222	205	0
223	205	0
224	205	0
225	205	0
226	205	0
227	205	0
228	205	0
229	205	0
230	205	0
231	205	0
232	205	0
233	205	0
234	205	0
235	205	0
236	205	0
237	205	0
238	205	0
239	205	0
240	205	0
241	205	0
242	205	0
243	205	0
244	205	0
245	205	0
246	205	0
247	205	0
248	205	0
249	205	0
250	205	0
251	205	0
252	205	0
253	205	0
254	205	0
255	205	0
256	205	0
257	205	0
258	206	0
259	207	0
260	208	0
132	205	0
254	5	0
252	6	0
253	6	0
250	7	0
251	7	0
249	8	0
248	9	0
248	10	0
248	11	0
248	12	0
255	4	0
248	13	0
184	77	2
185	77	2
182	78	2
183	78	2
180	79	2
181	79	2
178	80	2
179	80	2
176	81	2
177	81	2
174	82	2
175	82	2
173	83	2
172	84	2
172	85	2
171	86	2
170	87	2
170	88	2
170	89	2
186	76	2
170	90	2
172	91	3
173	91	3
174	91	3
175	91	3
176	91	3
177	91	3
178	91	3
179	91	3
180	91	3
181	91	3
182	91	3
183	91	3
184	91	3
185	91	3
186	91	3
187	91	3
188	91	3
189	91	3
190	91	3
191	91	3
192	91	3
193	91	3
194	91	3
195	91	3
196	91	3
197	91	3
198	91	3
199	91	3
200	91	3
201	91	3
202	91	3
203	91	3
204	91	3
205	91	3
206	91	3
207	91	3
208	91	3
209	91	3
210	91	3
211	91	3
212	91	3
213	91	3
214	91	3
215	91	3
216	91	3
217	91	3
218	91	3
219	91	3
220	91	3
221	91	3
222	91	3
223	91	3
224	91	3
225	91	3
226	91	3
227	91	3
228	91	3
229	91	3
230	91	3
231	91	3
232	91	3
233	91	3
234	91	3
235	91	3
236	91	3
237	91	3
238	91	3
239	91	3
240	91	3
241	91	3
242	91	3
243	91	3
244	91	3
245	91	3
246	91	3
247	91	3
248	91	3
249	91	3
250	91	3
251	91	3
252	91	3
253	91	3
254	91	3
255	91	3
256	91	3
257	91	3
258	91	3
259	91	3
260	91	3
261	92	3
262	92	3
263	93	3
171	91	3
131	251	0
130	252	0
130	253	0
129	254	0
129	255	0
129	256	0
129	257	0
128	258	0
129	259	0
129	260	0
130	261	0
130	262	0
132	250	0
131	263	0
263	59	0
262	60	0
261	61	0
214	46	4
215	46	4
212	47	4
213	47	4
210	48	4
211	48	4
208	49	4
209	49	4
207	50	4
206	51	4
204	52	4
205	52	4
203	53	4
202	54	4
202	55	4
202	56	4
202	57	4
202	58	4
216	45	4
202	59	4
129	130	2
129	131	2
129	132	2
130	133	2
130	134	2
131	135	2
131	136	2
131	137	2
131	138	2
131	139	2
130	140	2
130	141	2
129	142	2
130	143	2
129	144	2
130	145	2
129	146	2
130	147	2
130	148	2
131	149	2
130	150	2
131	151	2
130	152	2
131	153	2
130	154	2
130	155	2
130	156	2
130	157	2
129	158	2
130	159	2
130	160	2
130	161	2
130	162	2
130	163	2
130	164	2
130	165	2
130	166	2
130	167	2
129	168	2
130	169	2
129	170	2
130	171	2
130	172	2
131	173	2
130	174	2
131	175	2
130	176	2
131	177	2
130	178	2
130	179	2
129	180	2
130	181	2
129	182	2
130	183	2
129	184	2
130	185	2
129	186	2
130	187	2
130	188	2
131	189	2
129	129	2
132	190	2
204	60	2
205	60	2
206	60	2
207	60	2
208	60	2
209	60	2
210	60	2
211	60	2
212	60	2
213	60	2
214	60	2
215	60	2
216	60	2
217	60	2
218	60	2
219	60	2
220	60	2
221	60	2
222	60	2
223	60	2
224	60	2
225	60	2
226	60	2
227	60	2
228	60	2
229	60	2
230	60	2
231	60	2
232	60	2
233	60	2
234	60	2
235	60	2
236	60	2
237	60	2
238	60	2
239	60	2
240	60	2
241	60	2
242	60	2
243	60	2
244	60	2
245	60	2
246	60	2
247	60	2
248	60	2
249	60	2
250	60	2
251	60	2
252	60	2
253	60	2
254	60	2
255	60	2
256	60	2
257	60	2
258	60	2
260	60	2
259	61	2
203	60	2
261	61	2
264	105	4
158	106	4
159	106	4
160	106	4
161	106	4
162	106	4
163	106	4
164	106	4
165	106	4
166	106	4
167	106	4
168	106	4
169	106	4
170	106	4
171	106	4
172	106	4
173	106	4
174	106	4
175	106	4
176	106	4
177	106	4
178	106	4
179	106	4
180	106	4
181	106	4
182	106	4
183	106	4
184	106	4
185	106	4
186	106	4
187	106	4
188	106	4
189	106	4
190	106	4
191	106	4
192	106	4
193	106	4
194	106	4
195	106	4
196	106	4
197	106	4
198	106	4
199	106	4
200	106	4
201	106	4
202	106	4
203	106	4
204	106	4
205	106	4
206	106	4
207	106	4
208	106	4
209	106	4
210	106	4
211	106	4
212	106	4
213	106	4
214	106	4
215	106	4
216	106	4
217	106	4
218	106	4
219	106	4
220	106	4
221	106	4
222	106	4
223	106	4
224	106	4
225	106	4
226	106	4
227	106	4
228	106	4
229	106	4
230	106	4
231	106	4
232	106	4
233	106	4
234	106	4
235	106	4
236	106	4
237	106	4
238	106	4
239	106	4
240	106	4
241	106	4
242	106	4
243	106	4
244	106	4
245	106	4
246	106	4
247	106	4
248	106	4
249	106	4
250	106	4
251	106	4
252	106	4
253	106	4
254	106	4
255	106	4
256	106	4
257	106	4
258	106	4
261	106	4
262	106	4
263	106	4
259	107	4
260	107	4
157	106	4
133	250	0
134	250	0
135	250	0
136	250	0
137	250	0
138	250	0
139	250	0
140	250	0
141	250	0
142	250	0
143	250	0
144	250	0
145	250	0
146	250	0
147	250	0
148	250	0
149	250	0
150	250	0
151	250	0
152	250	0
153	250	0
154	250	0
155	250	0
156	250	0
157	250	0
158	250	0
159	250	0
160	250	0
161	250	0
162	250	0
163	250	0
164	250	0
165	250	0
166	250	0
167	250	0
168	250	0
169	250	0
170	250	0
171	250	0
172	250	0
173	250	0
174	250	0
175	250	0
176	250	0
177	250	0
178	250	0
179	250	0
180	250	0
181	250	0
182	250	0
183	250	0
184	250	0
185	250	0
186	250	0
187	250	0
188	250	0
189	250	0
190	250	0
191	250	0
192	250	0
193	250	0
194	250	0
195	250	0
196	250	0
197	250	0
198	250	0
199	250	0
200	250	0
201	250	0
202	250	0
203	250	0
204	250	0
205	250	0
206	250	0
207	250	0
208	250	0
209	250	0
210	250	0
211	250	0
212	250	0
213	250	0
214	250	0
215	250	0
216	250	0
217	250	0
218	250	0
219	250	0
220	250	0
221	250	0
222	250	0
223	250	0
224	250	0
225	250	0
226	250	0
227	250	0
228	250	0
229	250	0
230	250	0
231	250	0
232	250	0
233	250	0
234	250	0
235	250	0
236	250	0
237	250	0
238	250	0
239	250	0
240	250	0
241	250	0
242	250	0
243	250	0
244	250	0
245	250	0
246	250	0
247	250	0
248	250	0
249	250	0
250	250	0
251	250	0
252	250	0
253	250	0
254	250	0
255	250	0
256	250	0
257	250	0
258	250	0
262	250	0
259	251	0
260	251	0
261	251	0
132	250	0
262	62	0
261	61	0
262	77	0
261	76	0
250	14	4
251	14	4
252	14	4
253	14	4
254	14	4
255	14	4
256	14	4
257	14	4
261	14	4
258	15	4
259	15	4
260	15	4
249	14	4
263	28	4
262	29	4
234	30	4
235	30	4
236	30	4
237	30	4
238	30	4
239	30	4
240	30	4
241	30	4
242	30	4
243	30	4
244	30	4
245	30	4
246	30	4
247	30	4
248	30	4
249	30	4
250	30	4
251	30	4
252	30	4
253	30	4
254	30	4
255	30	4
256	30	4
257	30	4
258	30	4
259	30	4
260	30	4
261	30	4
233	30	4
131	206	0
131	207	0
130	208	0
130	209	0
129	210	0
129	211	0
128	212	0
129	213	0
128	214	0
129	215	0
129	216	0
130	217	0
130	218	0
131	219	0
131	220	0
132	205	0
132	221	0
260	220	2
261	220	2
133	221	2
134	221	2
135	221	2
136	221	2
137	221	2
138	221	2
139	221	2
140	221	2
141	221	2
142	221	2
143	221	2
144	221	2
145	221	2
146	221	2
147	221	2
148	221	2
149	221	2
150	221	2
151	221	2
152	221	2
153	221	2
154	221	2
155	221	2
156	221	2
157	221	2
158	221	2
159	221	2
160	221	2
161	221	2
162	221	2
163	221	2
164	221	2
165	221	2
166	221	2
167	221	2
168	221	2
169	221	2
170	221	2
171	221	2
172	221	2
173	221	2
174	221	2
175	221	2
176	221	2
177	221	2
178	221	2
179	221	2
180	221	2
181	221	2
182	221	2
183	221	2
184	221	2
185	221	2
186	221	2
187	221	2
188	221	2
189	221	2
190	221	2
191	221	2
192	221	2
193	221	2
194	221	2
195	221	2
196	221	2
197	221	2
198	221	2
199	221	2
200	221	2
201	221	2
202	221	2
203	221	2
204	221	2
205	221	2
206	221	2
207	221	2
208	221	2
209	221	2
210	221	2
211	221	2
212	221	2
213	221	2
214	221	2
215	221	2
216	221	2
217	221	2
218	221	2
219	221	2
220	221	2
221	221	2
222	221	2
223	221	2
224	221	2
225	221	2
226	221	2
227	221	2
228	221	2
229	221	2
230	221	2
231	221	2
232	221	2
233	221	2
234	221	2
235	221	2
236	221	2
237	221	2
238	221	2
239	221	2
240	221	2
241	221	2
242	221	2
243	221	2
244	221	2
245	221	2
246	221	2
247	221	2
248	221	2
249	221	2
250	221	2
251	221	2
252	221	2
253	221	2
254	221	2
255	221	2
256	221	2
257	221	2
258	221	2
259	221	2
132	221	2
154	107	0
155	107	0
152	108	0
153	108	0
150	109	0
151	109	0
148	110	0
149	110	0
146	111	0
147	111	0
145	112	0
144	113	0
143	114	0
142	115	0
142	116	0
142	117	0
142	118	0
142	119	0
156	106	0
142	120	0
168	92	4
169	92	4
166	93	4
167	93	4
164	94	4
165	94	4
162	95	4
163	95	4
161	96	4
160	97	4
158	98	4
159	98	4
157	99	4
156	100	4
156	101	4
156	102	4
156	103	4
156	104	4
170	91	4
156	105	4
135	265	4
136	265	4
137	265	4
138	265	4
139	265	4
140	265	4
141	265	4
142	265	4
143	265	4
144	265	4
145	265	4
146	265	4
147	265	4
148	265	4
149	265	4
150	265	4
151	265	4
152	265	4
153	265	4
154	265	4
155	265	4
156	265	4
157	265	4
158	265	4
159	265	4
160	265	4
161	265	4
162	265	4
163	265	4
164	265	4
165	265	4
166	265	4
167	265	4
168	265	4
169	265	4
170	265	4
171	265	4
172	265	4
173	265	4
174	265	4
175	265	4
176	265	4
177	265	4
178	265	4
179	265	4
180	265	4
181	265	4
182	265	4
183	265	4
184	265	4
185	265	4
186	265	4
187	265	4
188	265	4
189	265	4
190	265	4
191	265	4
192	265	4
193	265	4
194	265	4
195	265	4
196	265	4
197	265	4
198	265	4
199	265	4
200	265	4
201	265	4
202	265	4
203	265	4
204	265	4
205	265	4
206	265	4
207	265	4
208	265	4
209	265	4
210	265	4
211	265	4
212	265	4
213	265	4
214	265	4
215	265	4
216	265	4
217	265	4
218	265	4
219	265	4
220	265	4
221	265	4
222	265	4
223	265	4
224	265	4
225	265	4
226	265	4
227	265	4
228	265	4
229	265	4
230	265	4
231	265	4
232	265	4
233	265	4
234	265	4
235	265	4
236	265	4
237	265	4
238	265	4
239	265	4
240	265	4
241	265	4
242	265	4
243	265	4
244	265	4
245	265	4
246	265	4
247	265	4
248	265	4
249	265	4
250	265	4
251	265	4
252	265	4
253	265	4
254	265	4
255	265	4
256	265	4
257	265	4
258	265	4
259	265	4
260	265	4
261	266	4
262	267	4
134	265	4
205	340	4
205	341	4
206	342	4
207	343	4
207	344	4
208	345	4
209	346	4
210	346	4
211	347	4
212	348	4
213	349	4
214	349	4
215	350	4
216	350	4
217	351	4
218	351	4
219	352	4
220	353	4
221	354	4
221	355	4
221	356	4
221	357	4
221	358	4
222	359	4
223	360	4
224	361	4
225	362	4
226	362	4
227	363	4
228	363	4
229	364	4
230	364	4
231	365	4
232	365	4
233	366	4
234	367	4
235	368	4
235	369	4
235	370	4
235	371	4
236	372	4
237	373	4
237	374	4
238	375	4
239	376	4
240	376	4
241	377	4
242	377	4
243	378	4
244	378	4
245	379	4
246	380	4
247	381	4
248	381	4
249	382	4
249	383	4
250	384	4
251	385	4
251	386	4
251	387	4
251	388	4
252	389	4
253	390	4
254	390	4
255	391	4
256	392	4
257	393	4
258	393	4
259	394	4
260	394	4
205	339	4
