258	333	1
257	334	1
256	335	1
255	336	1
254	337	1
138	123	0
139	123	0
136	124	0
137	124	0
134	125	0
135	125	0
132	126	0
133	126	0
130	127	0
131	127	0
140	122	0
129	128	0
258	1	0
256	2	0
257	2	0
255	3	0
207	338	4
208	338	4
209	338	4
210	338	4
211	338	4
212	338	4
213	338	4
214	338	4
215	338	4
216	338	4
217	338	4
218	338	4
219	338	4
220	338	4
221	338	4
222	338	4
223	338	4
224	338	4
225	338	4
226	338	4
227	338	4
228	338	4
229	338	4
230	338	4
231	338	4
232	338	4
233	338	4
234	338	4
235	338	4
236	338	4
237	338	4
238	338	4
239	338	4
240	338	4
241	338	4
242	338	4
243	338	4
244	338	4
245	338	4
246	338	4
247	338	4
248	338	4
249	338	4
250	338	4
251	338	4
252	338	4
253	338	4
254	337	4
206	338	4
237	367	5
238	367	5
239	367	5
240	367	5
241	367	5
242	367	5
243	367	5
244	367	5
245	367	5
246	367	5
247	367	5
248	367	5
249	367	5
250	367	5
251	367	5
252	367	5
253	367	5
254	367	5
255	367	5
256	367	5
257	367	5
258	367	5
259	367	5
260	367	5
261	367	5
262	367	5
263	368	5
236	367	5
263	237	5
262	236	5
128	130	0
129	131	0
129	132	0
130	133	0
130	134	0
131	135	0
131	136	0
128	129	0
132	137	0
262	136	0
261	137	0
133	137	0
134	137	0
135	137	0
136	137	0
137	137	0
138	137	0
139	137	0
140	137	0
141	137	0
142	137	0
143	137	0
144	137	0
145	137	0
146	137	0
147	137	0
148	137	0
149	137	0
150	137	0
151	137	0
152	137	0
153	137	0
154	137	0
155	137	0
156	137	0
157	137	0
158	137	0
159	137	0
160	137	0
161	137	0
162	137	0
163	137	0
164	137	0
165	137	0
166	137	0
167	137	0
168	137	0
169	137	0
170	137	0
171	137	0
172	137	0
173	137	0
174	137	0
175	137	0
176	137	0
177	137	0
178	137	0
179	137	0
180	137	0
181	137	0
182	137	0
183	137	0
184	137	0
185	137	0
186	137	0
187	137	0
188	137	0
189	137	0
190	137	0
191	137	0
192	137	0
193	137	0
194	137	0
195	137	0
196	137	0
197	137	0
198	137	0
199	137	0
200	137	0
201	137	0
202	137	0
203	137	0
204	137	0
205	137	0
206	137	0
207	137	0
208	137	0
209	137	0
210	137	0
211	137	0
212	137	0
213	137	0
214	137	0
215	137	0
216	137	0
217	137	0
218	137	0
219	137	0
220	137	0
221	137	0
222	137	0
223	137	0
224	137	0
225	137	0
226	137	0
227	137	0
228	137	0
229	137	0
230	137	0
231	137	0
232	137	0
233	137	0
234	137	0
235	137	0
236	137	0
237	137	0
238	137	0
239	137	0
240	137	0
241	137	0
242	137	0
243	137	0
244	137	0
245	137	0
246	137	0
247	137	0
248	137	0
249	137	0
250	137	0
251	137	0
252	137	0
253	137	0
254	137	0
255	137	0
256	137	0
257	137	0
258	137	0
259	137	0
260	137	0
132	137	0
261	137	0
132	235	4
133	235	4
134	235	4
135	235	4
136	235	4
137	235	4
138	235	4
139	235	4
140	235	4
141	235	4
142	235	4
143	235	4
144	235	4
145	235	4
146	235	4
147	235	4
148	235	4
149	235	4
150	235	4
151	235	4
152	235	4
153	235	4
154	235	4
155	235	4
156	235	4
157	235	4
158	235	4
159	235	4
160	235	4
161	235	4
162	235	4
163	235	4
164	235	4
165	235	4
166	235	4
167	235	4
168	235	4
169	235	4
170	235	4
171	235	4
172	235	4
173	235	4
174	235	4
175	235	4
176	235	4
177	235	4
178	235	4
179	235	4
180	235	4
181	235	4
182	235	4
183	235	4
184	235	4
185	235	4
186	235	4
187	235	4
188	235	4
189	235	4
190	235	4
191	235	4
192	235	4
193	235	4
194	235	4
195	235	4
196	235	4
197	235	4
198	235	4
199	235	4
200	235	4
201	235	4
202	235	4
203	235	4
204	235	4
205	235	4
206	235	4
207	235	4
208	235	4
209	235	4
210	235	4
211	235	4
212	235	4
213	235	4
214	235	4
215	235	4
216	235	4
217	235	4
218	235	4
219	235	4
220	235	4
221	235	4
222	235	4
223	235	4
224	235	4
225	235	4
226	235	4
227	235	4
228	235	4
229	235	4
230	235	4
231	235	4
232	235	4
233	235	4
234	235	4
235	235	4
236	235	4
237	235	4
238	235	4
239	235	4
240	235	4
241	235	4
242	235	4
243	235	4
244	235	4
245	235	4
246	235	4
247	235	4
248	235	4
249	235	4
250	235	4
251	235	4
252	235	4
253	235	4
254	235	4
255	235	4
260	235	4
256	236	4
257	236	4
258	236	4
259	236	4
131	235	4
261	236	4
262	138	0
261	137	0
256	4	5
257	5	5
258	5	5
260	5	5
259	6	5
255	3	5
262	32	2
261	31	2
263	73	0
261	74	0
262	74	0
260	75	0
186	76	3
187	76	3
188	76	3
189	76	3
190	76	3
191	76	3
192	76	3
193	76	3
194	76	3
195	76	3
196	76	3
197	76	3
198	76	3
199	76	3
200	76	3
201	76	3
202	76	3
203	76	3
204	76	3
205	76	3
206	76	3
207	76	3
208	76	3
209	76	3
210	76	3
211	76	3
212	76	3
213	76	3
214	76	3
215	76	3
216	76	3
217	76	3
218	76	3
219	76	3
220	76	3
221	76	3
222	76	3
223	76	3
224	76	3
225	76	3
226	76	3
227	76	3
228	76	3
229	76	3
230	76	3
231	76	3
232	76	3
233	76	3
234	76	3
235	76	3
236	76	3
237	76	3
238	76	3
239	76	3
240	76	3
241	76	3
242	76	3
243	76	3
244	76	3
245	76	3
246	76	3
247	76	3
248	76	3
249	76	3
250	76	3
251	76	3
252	76	3
253	76	3
254	76	3
255	76	3
256	76	3
257	76	3
258	76	3
259	76	3
260	75	3
185	76	3
260	349	0
259	350	0
258	351	0
263	249	4
258	250	4
261	250	4
262	250	4
132	251	4
133	251	4
134	251	4
135	251	4
136	251	4
137	251	4
138	251	4
139	251	4
140	251	4
141	251	4
142	251	4
143	251	4
144	251	4
145	251	4
146	251	4
147	251	4
148	251	4
149	251	4
150	251	4
151	251	4
152	251	4
153	251	4
154	251	4
155	251	4
156	251	4
157	251	4
158	251	4
159	251	4
160	251	4
161	251	4
162	251	4
163	251	4
164	251	4
165	251	4
166	251	4
167	251	4
168	251	4
169	251	4
170	251	4
171	251	4
172	251	4
173	251	4
174	251	4
175	251	4
176	251	4
177	251	4
178	251	4
179	251	4
180	251	4
181	251	4
182	251	4
183	251	4
184	251	4
185	251	4
186	251	4
187	251	4
188	251	4
189	251	4
190	251	4
191	251	4
192	251	4
193	251	4
194	251	4
195	251	4
196	251	4
197	251	4
198	251	4
199	251	4
200	251	4
201	251	4
202	251	4
203	251	4
204	251	4
205	251	4
206	251	4
207	251	4
208	251	4
209	251	4
210	251	4
211	251	4
212	251	4
213	251	4
214	251	4
215	251	4
216	251	4
217	251	4
218	251	4
219	251	4
220	251	4
221	251	4
222	251	4
223	251	4
224	251	4
225	251	4
226	251	4
227	251	4
228	251	4
229	251	4
230	251	4
231	251	4
232	251	4
233	251	4
234	251	4
235	251	4
236	251	4
237	251	4
238	251	4
239	251	4
240	251	4
241	251	4
242	251	4
243	251	4
244	251	4
245	251	4
246	251	4
247	251	4
248	251	4
249	251	4
250	251	4
251	251	4
252	251	4
253	251	4
254	251	4
255	251	4
256	251	4
257	251	4
259	251	4
260	251	4
131	251	4
256	91	3
257	91	3
258	91	3
259	91	3
260	91	3
170	92	3
171	92	3
172	92	3
173	92	3
174	92	3
175	92	3
176	92	3
177	92	3
178	92	3
179	92	3
180	92	3
181	92	3
182	92	3
183	92	3
184	92	3
185	92	3
186	92	3
187	92	3
188	92	3
189	92	3
190	92	3
191	92	3
192	92	3
193	92	3
194	92	3
195	92	3
196	92	3
197	92	3
198	92	3
199	92	3
200	92	3
201	92	3
202	92	3
203	92	3
204	92	3
205	92	3
206	92	3
207	92	3
208	92	3
209	92	3
210	92	3
211	92	3
212	92	3
213	92	3
214	92	3
215	92	3
216	92	3
217	92	3
218	92	3
219	92	3
220	92	3
221	92	3
222	92	3
223	92	3
224	92	3
225	92	3
226	92	3
227	92	3
228	92	3
229	92	3
230	92	3
231	92	3
232	92	3
233	92	3
234	92	3
235	92	3
236	92	3
237	92	3
238	92	3
239	92	3
240	92	3
241	92	3
242	92	3
243	92	3
244	92	3
245	92	3
246	92	3
247	92	3
248	92	3
249	92	3
250	92	3
251	92	3
252	92	3
253	92	3
254	92	3
255	92	3
169	92	3
261	92	3
131	177	2
130	178	2
130	179	2
129	180	2
129	181	2
129	182	2
129	183	2
128	184	2
129	185	2
129	186	2
130	187	2
130	188	2
131	189	2
132	176	2
132	190	2
230	30	5
231	30	5
228	31	5
229	31	5
226	32	5
227	32	5
224	33	5
225	33	5
222	34	5
223	34	5
220	35	5
221	35	5
219	36	5
218	37	5
217	38	5
216	39	5
216	40	5
216	41	5
216	42	5
216	43	5
232	29	5
216	44	5
254	4	0
252	5	0
253	5	0
250	6	0
251	6	0
249	7	0
248	8	0
248	9	0
248	10	0
248	11	0
248	12	0
255	3	0
248	13	0
264	233	5
263	234	5
262	235	5
130	252	0
130	253	0
129	254	0
129	255	0
128	256	0
128	257	0
127	258	0
128	259	0
128	260	0
129	261	0
129	262	0
130	263	0
131	251	0
130	264	0
132	265	0
131	265	0
133	266	0
131	138	0
131	139	0
130	140	0
130	141	0
129	142	0
129	143	0
128	144	0
129	145	0
129	146	0
130	147	0
129	148	0
130	149	0
130	150	0
131	151	0
132	137	0
132	152	0
259	265	5
260	265	5
262	265	5
263	265	5
264	265	5
135	266	5
136	266	5
137	266	5
138	266	5
139	266	5
140	266	5
141	266	5
142	266	5
143	266	5
144	266	5
145	266	5
146	266	5
147	266	5
148	266	5
149	266	5
150	266	5
151	266	5
152	266	5
153	266	5
154	266	5
155	266	5
156	266	5
157	266	5
158	266	5
159	266	5
160	266	5
161	266	5
162	266	5
163	266	5
164	266	5
165	266	5
166	266	5
167	266	5
168	266	5
169	266	5
170	266	5
171	266	5
172	266	5
173	266	5
174	266	5
175	266	5
176	266	5
177	266	5
178	266	5
179	266	5
180	266	5
181	266	5
182	266	5
183	266	5
184	266	5
185	266	5
186	266	5
187	266	5
188	266	5
189	266	5
190	266	5
191	266	5
192	266	5
193	266	5
194	266	5
195	266	5
196	266	5
197	266	5
198	266	5
199	266	5
200	266	5
201	266	5
202	266	5
203	266	5
204	266	5
205	266	5
206	266	5
207	266	5
208	266	5
209	266	5
210	266	5
211	266	5
212	266	5
213	266	5
214	266	5
215	266	5
216	266	5
217	266	5
218	266	5
219	266	5
220	266	5
221	266	5
222	266	5
223	266	5
224	266	5
225	266	5
226	266	5
227	266	5
228	266	5
229	266	5
230	266	5
231	266	5
232	266	5
233	266	5
234	266	5
235	266	5
236	266	5
237	266	5
238	266	5
239	266	5
240	266	5
241	266	5
242	266	5
243	266	5
244	266	5
245	266	5
246	266	5
247	266	5
248	266	5
249	266	5
250	266	5
251	266	5
252	266	5
253	266	5
254	266	5
255	266	5
256	266	5
257	266	5
258	266	5
261	266	5
134	266	5
133	190	4
134	190	4
135	190	4
136	190	4
137	190	4
138	190	4
139	190	4
140	190	4
141	190	4
142	190	4
143	190	4
144	190	4
145	190	4
146	190	4
147	190	4
148	190	4
149	190	4
150	190	4
151	190	4
152	190	4
153	190	4
154	190	4
155	190	4
156	190	4
157	190	4
158	190	4
159	190	4
160	190	4
161	190	4
162	190	4
163	190	4
164	190	4
165	190	4
166	190	4
167	190	4
168	190	4
169	190	4
170	190	4
171	190	4
172	190	4
173	190	4
174	190	4
175	190	4
176	190	4
177	190	4
178	190	4
179	190	4
180	190	4
181	190	4
182	190	4
183	190	4
184	190	4
185	190	4
186	190	4
187	190	4
188	190	4
189	190	4
190	190	4
191	190	4
192	190	4
193	190	4
194	190	4
195	190	4
196	190	4
197	190	4
198	190	4
199	190	4
200	190	4
201	190	4
202	190	4
203	190	4
204	190	4
205	190	4
206	190	4
207	190	4
208	190	4
209	190	4
210	190	4
211	190	4
212	190	4
213	190	4
214	190	4
215	190	4
216	190	4
217	190	4
218	190	4
219	190	4
220	190	4
221	190	4
222	190	4
223	190	4
224	190	4
225	190	4
226	190	4
227	190	4
228	190	4
229	190	4
230	190	4
231	190	4
232	190	4
233	190	4
234	190	4
235	190	4
236	190	4
237	190	4
238	190	4
239	190	4
240	190	4
241	190	4
242	190	4
243	190	4
244	190	4
245	190	4
246	190	4
247	190	4
248	190	4
249	190	4
250	190	4
251	190	4
252	190	4
253	190	4
254	190	4
255	190	4
256	190	4
257	190	4
258	190	4
132	190	4
259	190	4
260	150	5
259	151	5
133	152	5
134	152	5
135	152	5
136	152	5
137	152	5
138	152	5
139	152	5
140	152	5
141	152	5
142	152	5
143	152	5
144	152	5
145	152	5
146	152	5
147	152	5
148	152	5
149	152	5
150	152	5
151	152	5
152	152	5
153	152	5
154	152	5
155	152	5
156	152	5
157	152	5
158	152	5
159	152	5
160	152	5
161	152	5
162	152	5
163	152	5
164	152	5
165	152	5
166	152	5
167	152	5
168	152	5
169	152	5
170	152	5
171	152	5
172	152	5
173	152	5
174	152	5
175	152	5
176	152	5
177	152	5
178	152	5
179	152	5
180	152	5
181	152	5
182	152	5
183	152	5
184	152	5
185	152	5
186	152	5
187	152	5
188	152	5
189	152	5
190	152	5
191	152	5
192	152	5
193	152	5
194	152	5
195	152	5
196	152	5
197	152	5
198	152	5
199	152	5
200	152	5
201	152	5
202	152	5
203	152	5
204	152	5
205	152	5
206	152	5
207	152	5
208	152	5
209	152	5
210	152	5
211	152	5
212	152	5
213	152	5
214	152	5
215	152	5
216	152	5
217	152	5
218	152	5
219	152	5
220	152	5
221	152	5
222	152	5
223	152	5
224	152	5
225	152	5
226	152	5
227	152	5
228	152	5
229	152	5
230	152	5
231	152	5
232	152	5
233	152	5
234	152	5
235	152	5
236	152	5
237	152	5
238	152	5
239	152	5
240	152	5
241	152	5
242	152	5
243	152	5
244	152	5
245	152	5
246	152	5
247	152	5
248	152	5
249	152	5
250	152	5
251	152	5
252	152	5
253	152	5
254	152	5
255	152	5
256	152	5
257	152	5
258	152	5
132	152	5
266	77	0
265	78	0
131	153	0
130	154	0
130	155	0
129	156	0
130	157	0
129	158	0
130	159	0
129	160	0
130	161	0
130	162	0
131	163	0
130	164	0
130	165	0
130	166	0
130	167	0
129	168	0
130	169	0
129	170	0
130	171	0
129	172	0
130	173	0
130	174	0
131	175	0
132	152	0
132	176	0
261	174	5
260	175	5
133	176	5
134	176	5
135	176	5
136	176	5
137	176	5
138	176	5
139	176	5
140	176	5
141	176	5
142	176	5
143	176	5
144	176	5
145	176	5
146	176	5
147	176	5
148	176	5
149	176	5
150	176	5
151	176	5
152	176	5
153	176	5
154	176	5
155	176	5
156	176	5
157	176	5
158	176	5
159	176	5
160	176	5
161	176	5
162	176	5
163	176	5
164	176	5
165	176	5
166	176	5
167	176	5
168	176	5
169	176	5
170	176	5
171	176	5
172	176	5
173	176	5
174	176	5
175	176	5
176	176	5
177	176	5
178	176	5
179	176	5
180	176	5
181	176	5
182	176	5
183	176	5
184	176	5
185	176	5
186	176	5
187	176	5
188	176	5
189	176	5
190	176	5
191	176	5
192	176	5
193	176	5
194	176	5
195	176	5
196	176	5
197	176	5
198	176	5
199	176	5
200	176	5
201	176	5
202	176	5
203	176	5
204	176	5
205	176	5
206	176	5
207	176	5
208	176	5
209	176	5
210	176	5
211	176	5
212	176	5
213	176	5
214	176	5
215	176	5
216	176	5
217	176	5
218	176	5
219	176	5
220	176	5
221	176	5
222	176	5
223	176	5
224	176	5
225	176	5
226	176	5
227	176	5
228	176	5
229	176	5
230	176	5
231	176	5
232	176	5
233	176	5
234	176	5
235	176	5
236	176	5
237	176	5
238	176	5
239	176	5
240	176	5
241	176	5
242	176	5
243	176	5
244	176	5
245	176	5
246	176	5
247	176	5
248	176	5
249	176	5
250	176	5
251	176	5
252	176	5
253	176	5
254	176	5
255	176	5
256	176	5
257	176	5
258	176	5
259	176	5
132	176	5
130	236	0
130	237	0
129	238	0
129	239	0
128	240	0
128	241	0
127	242	0
128	243	0
127	244	0
128	245	0
128	246	0
129	247	0
129	248	0
130	249	0
130	250	0
131	235	0
131	251	0
261	76	2
262	77	2
263	77	2
264	78	2
260	75	2
265	78	2
219	354	0
219	355	0
219	356	0
219	357	0
220	358	0
221	359	0
222	360	0
223	361	0
224	361	0
225	362	0
226	362	0
227	363	0
228	363	0
229	364	0
230	364	0
231	365	0
232	365	0
233	366	0
234	366	0
219	353	0
235	367	0
235	369	0
235	370	0
235	371	0
235	372	0
235	373	0
236	374	0
237	375	0
238	376	0
239	377	0
240	377	0
241	378	0
242	378	0
243	379	0
244	379	0
245	380	0
246	380	0
247	381	0
248	381	0
235	368	0
249	382	0
266	79	0
265	78	0
264	12	5
263	13	5
250	14	5
251	14	5
252	14	5
253	14	5
254	14	5
255	14	5
256	14	5
257	14	5
258	14	5
261	14	5
262	14	5
259	15	5
260	15	5
249	14	5
205	340	4
205	341	4
205	342	4
205	343	4
206	344	4
207	345	4
208	346	4
209	347	4
210	347	4
211	348	4
212	348	4
213	349	4
214	349	4
215	350	4
216	350	4
217	351	4
218	351	4
205	339	4
219	352	4
262	93	2
263	93	2
264	93	2
265	94	2
261	92	2
261	189	0
260	190	0
251	382	5
252	382	5
253	382	5
254	382	5
255	382	5
250	382	5
256	383	5
264	279	5
149	280	5
150	280	5
151	280	5
152	280	5
153	280	5
154	280	5
155	280	5
156	280	5
157	280	5
158	280	5
159	280	5
160	280	5
161	280	5
162	280	5
163	280	5
164	280	5
165	280	5
166	280	5
167	280	5
168	280	5
169	280	5
170	280	5
171	280	5
172	280	5
173	280	5
174	280	5
175	280	5
176	280	5
177	280	5
178	280	5
179	280	5
180	280	5
181	280	5
182	280	5
183	280	5
184	280	5
185	280	5
186	280	5
187	280	5
188	280	5
189	280	5
190	280	5
191	280	5
192	280	5
193	280	5
194	280	5
195	280	5
196	280	5
197	280	5
198	280	5
199	280	5
200	280	5
201	280	5
202	280	5
203	280	5
204	280	5
205	280	5
206	280	5
207	280	5
208	280	5
209	280	5
210	280	5
211	280	5
212	280	5
213	280	5
214	280	5
215	280	5
216	280	5
217	280	5
218	280	5
219	280	5
220	280	5
221	280	5
222	280	5
223	280	5
224	280	5
225	280	5
226	280	5
227	280	5
228	280	5
229	280	5
230	280	5
231	280	5
232	280	5
233	280	5
234	280	5
235	280	5
236	280	5
237	280	5
238	280	5
239	280	5
240	280	5
241	280	5
242	280	5
243	280	5
244	280	5
245	280	5
246	280	5
247	280	5
248	280	5
249	280	5
250	280	5
251	280	5
252	280	5
253	280	5
254	280	5
255	280	5
256	280	5
257	280	5
258	280	5
262	280	5
263	280	5
259	281	5
260	281	5
261	281	5
148	280	5
165	295	5
166	295	5
167	295	5
168	295	5
169	295	5
170	295	5
171	295	5
172	295	5
173	295	5
174	295	5
175	295	5
176	295	5
177	295	5
178	295	5
179	295	5
180	295	5
181	295	5
182	295	5
183	295	5
184	295	5
185	295	5
186	295	5
187	295	5
188	295	5
189	295	5
190	295	5
191	295	5
192	295	5
193	295	5
194	295	5
195	295	5
196	295	5
197	295	5
198	295	5
199	295	5
200	295	5
201	295	5
202	295	5
203	295	5
204	295	5
205	295	5
206	295	5
207	295	5
208	295	5
209	295	5
210	295	5
211	295	5
212	295	5
213	295	5
214	295	5
215	295	5
216	295	5
217	295	5
218	295	5
219	295	5
220	295	5
221	295	5
222	295	5
223	295	5
224	295	5
225	295	5
226	295	5
227	295	5
228	295	5
229	295	5
230	295	5
231	295	5
232	295	5
233	295	5
234	295	5
235	295	5
236	295	5
237	295	5
238	295	5
239	295	5
240	295	5
241	295	5
242	295	5
243	295	5
244	295	5
245	295	5
246	295	5
247	295	5
248	295	5
249	295	5
250	295	5
251	295	5
252	295	5
253	295	5
254	295	5
255	295	5
256	295	5
257	295	5
258	295	5
259	295	5
260	295	5
164	295	5
261	295	5
261	192	0
262	193	0
260	191	0
259	381	0
257	382	0
258	382	0
260	382	0
261	383	0
256	383	0
133	268	0
133	269	0
133	270	0
133	271	0
133	272	0
134	273	0
135	274	0
136	274	0
137	275	0
138	275	0
139	276	0
140	276	0
141	277	0
142	277	0
143	278	0
144	278	0
145	279	0
146	279	0
133	267	0
147	280	0
260	337	1
255	338	1
256	338	1
257	338	1
258	338	1
259	338	1
261	338	1
262	338	1
263	338	1
254	337	1
262	296	0
261	295	0
265	107	0
264	106	0
221	352	5
222	352	5
223	352	5
224	352	5
225	352	5
226	352	5
227	352	5
228	352	5
229	352	5
230	352	5
231	352	5
232	352	5
233	352	5
234	352	5
235	352	5
236	352	5
237	352	5
238	352	5
239	352	5
240	352	5
241	352	5
242	352	5
243	352	5
244	352	5
245	352	5
246	352	5
247	352	5
248	352	5
249	352	5
250	352	5
251	352	5
252	352	5
253	352	5
254	352	5
255	352	5
256	352	5
220	352	5
257	352	5
246	15	5
247	15	5
244	16	5
245	16	5
242	17	5
243	17	5
240	18	5
241	18	5
238	19	5
239	19	5
236	20	5
237	20	5
234	21	5
235	21	5
233	22	5
232	23	5
232	24	5
232	25	5
232	26	5
232	27	5
248	14	5
232	28	5
258	309	5
259	309	5
179	310	5
180	310	5
181	310	5
182	310	5
183	310	5
184	310	5
185	310	5
186	310	5
187	310	5
188	310	5
189	310	5
190	310	5
191	310	5
192	310	5
193	310	5
194	310	5
195	310	5
196	310	5
197	310	5
198	310	5
199	310	5
200	310	5
201	310	5
202	310	5
203	310	5
204	310	5
205	310	5
206	310	5
207	310	5
208	310	5
209	310	5
210	310	5
211	310	5
212	310	5
213	310	5
214	310	5
215	310	5
216	310	5
217	310	5
218	310	5
219	310	5
220	310	5
221	310	5
222	310	5
223	310	5
224	310	5
225	310	5
226	310	5
227	310	5
228	310	5
229	310	5
230	310	5
231	310	5
232	310	5
233	310	5
234	310	5
235	310	5
236	310	5
237	310	5
238	310	5
239	310	5
240	310	5
241	310	5
242	310	5
243	310	5
244	310	5
245	310	5
246	310	5
247	310	5
248	310	5
249	310	5
250	310	5
251	310	5
252	310	5
253	310	5
254	310	5
255	310	5
256	310	5
257	310	5
260	310	5
261	311	5
178	310	5
182	77	5
183	77	5
180	78	5
181	78	5
178	79	5
179	79	5
176	80	5
177	80	5
174	81	5
175	81	5
173	82	5
172	83	5
171	84	5
170	85	5
169	86	5
168	87	5
168	88	5
168	89	5
168	90	5
184	76	5
168	91	5
131	191	0
130	192	0
130	193	0
129	194	0
129	195	0
128	196	0
129	197	0
128	198	0
129	199	0
128	200	0
129	201	0
129	202	0
130	203	0
130	204	0
132	190	0
131	205	0
218	45	5
219	45	5
220	45	5
221	45	5
222	45	5
223	45	5
224	45	5
225	45	5
226	45	5
227	45	5
228	45	5
229	45	5
230	45	5
231	45	5
232	45	5
233	45	5
234	45	5
235	45	5
236	45	5
237	45	5
238	45	5
239	45	5
240	45	5
241	45	5
242	45	5
243	45	5
244	45	5
245	45	5
246	45	5
247	45	5
248	45	5
249	45	5
250	45	5
251	45	5
252	45	5
253	45	5
254	45	5
255	45	5
256	45	5
257	45	5
258	45	5
259	45	5
260	45	5
262	45	5
264	45	5
261	46	5
263	46	5
265	46	5
266	47	5
217	45	5
132	205	4
133	205	4
134	205	4
135	205	4
136	205	4
137	205	4
138	205	4
139	205	4
140	205	4
141	205	4
142	205	4
143	205	4
144	205	4
145	205	4
146	205	4
147	205	4
148	205	4
149	205	4
150	205	4
151	205	4
152	205	4
153	205	4
154	205	4
155	205	4
156	205	4
157	205	4
158	205	4
159	205	4
160	205	4
161	205	4
162	205	4
163	205	4
164	205	4
165	205	4
166	205	4
167	205	4
168	205	4
169	205	4
170	205	4
171	205	4
172	205	4
173	205	4
174	205	4
175	205	4
176	205	4
177	205	4
178	205	4
179	205	4
180	205	4
181	205	4
182	205	4
183	205	4
184	205	4
185	205	4
186	205	4
187	205	4
188	205	4
189	205	4
190	205	4
191	205	4
192	205	4
193	205	4
194	205	4
195	205	4
196	205	4
197	205	4
198	205	4
199	205	4
200	205	4
201	205	4
202	205	4
203	205	4
204	205	4
205	205	4
206	205	4
207	205	4
208	205	4
209	205	4
210	205	4
211	205	4
212	205	4
213	205	4
214	205	4
215	205	4
216	205	4
217	205	4
218	205	4
219	205	4
220	205	4
221	205	4
222	205	4
223	205	4
224	205	4
225	205	4
226	205	4
227	205	4
228	205	4
229	205	4
230	205	4
231	205	4
232	205	4
233	205	4
234	205	4
235	205	4
236	205	4
237	205	4
238	205	4
239	205	4
240	205	4
241	205	4
242	205	4
243	205	4
244	205	4
245	205	4
246	205	4
247	205	4
248	205	4
249	205	4
250	205	4
251	205	4
252	205	4
253	205	4
254	205	4
255	205	4
256	205	4
257	205	4
259	205	4
261	205	4
262	205	4
263	205	4
258	206	4
260	206	4
131	205	4
257	384	0
258	385	0
259	386	0
256	383	0
198	61	5
199	61	5
196	62	5
197	62	5
194	63	5
195	63	5
192	64	5
193	64	5
190	65	5
191	65	5
189	66	5
188	67	5
186	68	5
187	68	5
185	69	5
184	70	5
184	71	5
184	72	5
184	73	5
184	74	5
200	60	5
184	75	5
166	93	0
167	93	0
164	94	0
165	94	0
162	95	0
163	95	0
160	96	0
161	96	0
158	97	0
159	97	0
157	98	0
156	99	0
155	100	0
154	101	0
154	102	0
154	103	0
154	104	0
154	105	0
168	92	0
154	106	0
265	105	1
264	106	1
264	90	2
262	91	2
263	91	2
261	92	2
177	312	0
177	313	0
177	314	0
177	315	0
178	316	0
179	317	0
180	318	0
181	319	0
182	319	0
183	320	0
184	320	0
185	321	0
186	321	0
187	322	0
188	322	0
189	323	0
190	323	0
177	311	0
191	324	0
259	323	5
260	323	5
261	323	5
193	324	5
194	324	5
195	324	5
196	324	5
197	324	5
198	324	5
199	324	5
200	324	5
201	324	5
202	324	5
203	324	5
204	324	5
205	324	5
206	324	5
207	324	5
208	324	5
209	324	5
210	324	5
211	324	5
212	324	5
213	324	5
214	324	5
215	324	5
216	324	5
217	324	5
218	324	5
219	324	5
220	324	5
221	324	5
222	324	5
223	324	5
224	324	5
225	324	5
226	324	5
227	324	5
228	324	5
229	324	5
230	324	5
231	324	5
232	324	5
233	324	5
234	324	5
235	324	5
236	324	5
237	324	5
238	324	5
239	324	5
240	324	5
241	324	5
242	324	5
243	324	5
244	324	5
245	324	5
246	324	5
247	324	5
248	324	5
249	324	5
250	324	5
251	324	5
252	324	5
253	324	5
254	324	5
255	324	5
256	324	5
257	324	5
258	324	5
262	324	5
263	324	5
192	324	5
257	106	4
258	106	4
259	106	4
261	106	4
262	106	4
263	106	4
156	107	4
157	107	4
158	107	4
159	107	4
160	107	4
161	107	4
162	107	4
163	107	4
164	107	4
165	107	4
166	107	4
167	107	4
168	107	4
169	107	4
170	107	4
171	107	4
172	107	4
173	107	4
174	107	4
175	107	4
176	107	4
177	107	4
178	107	4
179	107	4
180	107	4
181	107	4
182	107	4
183	107	4
184	107	4
185	107	4
186	107	4
187	107	4
188	107	4
189	107	4
190	107	4
191	107	4
192	107	4
193	107	4
194	107	4
195	107	4
196	107	4
197	107	4
198	107	4
199	107	4
200	107	4
201	107	4
202	107	4
203	107	4
204	107	4
205	107	4
206	107	4
207	107	4
208	107	4
209	107	4
210	107	4
211	107	4
212	107	4
213	107	4
214	107	4
215	107	4
216	107	4
217	107	4
218	107	4
219	107	4
220	107	4
221	107	4
222	107	4
223	107	4
224	107	4
225	107	4
226	107	4
227	107	4
228	107	4
229	107	4
230	107	4
231	107	4
232	107	4
233	107	4
234	107	4
235	107	4
236	107	4
237	107	4
238	107	4
239	107	4
240	107	4
241	107	4
242	107	4
243	107	4
244	107	4
245	107	4
246	107	4
247	107	4
248	107	4
249	107	4
250	107	4
251	107	4
252	107	4
253	107	4
254	107	4
255	107	4
256	107	4
260	107	4
264	106	4
155	107	4
191	326	0
191	327	0
191	328	0
191	329	0
192	330	0
193	331	0
194	332	0
195	333	0
196	333	0
197	334	0
198	334	0
199	335	0
200	335	0
201	336	0
202	336	0
203	337	0
204	337	0
191	325	0
205	338	0
147	282	5
147	283	5
147	284	5
147	285	5
147	286	5
148	287	5
149	288	5
150	288	5
151	289	5
152	289	5
153	290	5
154	290	5
155	291	5
156	291	5
157	292	5
158	292	5
159	293	5
160	293	5
161	294	5
162	294	5
147	281	5
163	295	5
262	294	0
261	295	0
130	206	0
130	207	0
129	208	0
129	209	0
128	210	0
128	211	0
128	212	0
128	213	0
128	214	0
129	215	0
129	216	0
130	217	0
130	218	0
131	219	0
131	205	0
132	220	0
129	266	0
128	267	0
127	268	0
126	269	0
125	270	0
124	271	0
123	272	0
122	273	0
121	274	0
120	275	0
119	276	0
118	277	0
117	278	0
116	279	0
115	280	0
114	281	0
113	282	0
112	283	0
111	284	0
110	285	0
109	286	0
108	287	0
107	288	0
106	289	0
105	290	0
104	291	0
103	292	0
102	293	0
101	294	0
100	295	0
99	296	0
98	297	0
97	298	0
96	299	0
95	300	0
94	301	0
93	302	0
92	303	0
91	304	0
90	305	0
89	306	0
88	307	0
87	308	0
86	309	0
85	310	0
84	311	0
83	312	0
82	313	0
81	314	0
80	315	0
79	316	0
78	317	0
77	318	0
76	319	0
75	320	0
74	321	0
73	322	0
72	323	0
71	324	0
70	325	0
69	326	0
68	327	0
67	328	0
66	329	0
65	330	0
64	331	0
63	332	0
62	333	0
61	334	0
60	335	0
59	336	0
58	337	0
57	338	0
56	339	0
55	340	0
54	341	0
53	342	0
52	343	0
51	344	0
50	345	0
49	346	0
48	347	0
47	348	0
46	349	0
45	350	0
44	351	0
43	352	0
42	353	0
41	354	0
40	355	0
39	356	0
38	357	0
37	358	0
36	359	0
35	360	0
34	361	0
33	362	0
32	363	0
31	364	0
30	365	0
29	366	0
28	367	0
27	368	0
26	369	0
25	370	0
24	371	0
23	372	0
22	373	0
21	374	0
20	375	0
19	376	0
18	377	0
17	378	0
16	379	0
15	380	0
14	381	0
13	382	0
12	383	0
11	384	0
10	385	0
9	386	0
8	387	0
7	388	0
6	389	0
5	390	0
4	391	0
3	392	0
2	393	0
1	394	0
130	265	0
163	297	5
163	298	5
163	299	5
163	300	5
163	301	5
164	302	5
165	303	5
166	304	5
167	305	5
168	305	5
169	306	5
170	306	5
171	307	5
172	307	5
173	308	5
174	308	5
175	309	5
176	309	5
163	296	5
177	310	5
133	220	5
134	220	5
135	220	5
136	220	5
137	220	5
138	220	5
139	220	5
140	220	5
141	220	5
142	220	5
143	220	5
144	220	5
145	220	5
146	220	5
147	220	5
148	220	5
149	220	5
150	220	5
151	220	5
152	220	5
153	220	5
154	220	5
155	220	5
156	220	5
157	220	5
158	220	5
159	220	5
160	220	5
161	220	5
162	220	5
163	220	5
164	220	5
165	220	5
166	220	5
167	220	5
168	220	5
169	220	5
170	220	5
171	220	5
172	220	5
173	220	5
174	220	5
175	220	5
176	220	5
177	220	5
178	220	5
179	220	5
180	220	5
181	220	5
182	220	5
183	220	5
184	220	5
185	220	5
186	220	5
187	220	5
188	220	5
189	220	5
190	220	5
191	220	5
192	220	5
193	220	5
194	220	5
195	220	5
196	220	5
197	220	5
198	220	5
199	220	5
200	220	5
201	220	5
202	220	5
203	220	5
204	220	5
205	220	5
206	220	5
207	220	5
208	220	5
209	220	5
210	220	5
211	220	5
212	220	5
213	220	5
214	220	5
215	220	5
216	220	5
217	220	5
218	220	5
219	220	5
220	220	5
221	220	5
222	220	5
223	220	5
224	220	5
225	220	5
226	220	5
227	220	5
228	220	5
229	220	5
230	220	5
231	220	5
232	220	5
233	220	5
234	220	5
235	220	5
236	220	5
237	220	5
238	220	5
239	220	5
240	220	5
241	220	5
242	220	5
243	220	5
244	220	5
245	220	5
246	220	5
247	220	5
248	220	5
249	220	5
250	220	5
251	220	5
252	220	5
253	220	5
254	220	5
255	220	5
256	220	5
257	220	5
260	220	5
261	220	5
262	220	5
264	220	5
258	221	5
259	221	5
263	221	5
132	220	5
152	108	5
153	108	5
150	109	5
151	109	5
148	110	5
149	110	5
146	111	5
147	111	5
144	112	5
145	112	5
142	113	5
143	113	5
141	114	5
140	115	5
140	116	5
140	117	5
140	118	5
140	119	5
140	120	5
154	107	5
140	121	5
265	120	5
260	121	5
264	121	5
142	122	5
143	122	5
144	122	5
145	122	5
146	122	5
147	122	5
148	122	5
149	122	5
150	122	5
151	122	5
152	122	5
153	122	5
154	122	5
155	122	5
156	122	5
157	122	5
158	122	5
159	122	5
160	122	5
161	122	5
162	122	5
163	122	5
164	122	5
165	122	5
166	122	5
167	122	5
168	122	5
169	122	5
170	122	5
171	122	5
172	122	5
173	122	5
174	122	5
175	122	5
176	122	5
177	122	5
178	122	5
179	122	5
180	122	5
181	122	5
182	122	5
183	122	5
184	122	5
185	122	5
186	122	5
187	122	5
188	122	5
189	122	5
190	122	5
191	122	5
192	122	5
193	122	5
194	122	5
195	122	5
196	122	5
197	122	5
198	122	5
199	122	5
200	122	5
201	122	5
202	122	5
203	122	5
204	122	5
205	122	5
206	122	5
207	122	5
208	122	5
209	122	5
210	122	5
211	122	5
212	122	5
213	122	5
214	122	5
215	122	5
216	122	5
217	122	5
218	122	5
219	122	5
220	122	5
221	122	5
222	122	5
223	122	5
224	122	5
225	122	5
226	122	5
227	122	5
228	122	5
229	122	5
230	122	5
231	122	5
232	122	5
233	122	5
234	122	5
235	122	5
236	122	5
237	122	5
238	122	5
239	122	5
240	122	5
241	122	5
242	122	5
243	122	5
244	122	5
245	122	5
246	122	5
247	122	5
248	122	5
249	122	5
250	122	5
251	122	5
252	122	5
253	122	5
254	122	5
255	122	5
256	122	5
257	122	5
258	122	5
259	122	5
261	122	5
262	122	5
263	122	5
141	122	5
214	46	5
215	46	5
212	47	5
213	47	5
210	48	5
211	48	5
208	49	5
209	49	5
206	50	5
207	50	5
204	51	5
205	51	5
202	52	5
203	52	5
201	53	5
200	54	5
200	55	5
200	56	5
200	57	5
200	58	5
216	45	5
200	59	5
131	221	0
130	222	0
130	223	0
129	224	0
129	225	0
128	226	0
128	227	0
127	228	0
128	229	0
128	230	0
129	231	0
129	232	0
130	233	0
130	234	0
132	220	0
131	235	0
262	351	0
261	352	0
259	353	0
260	353	0
258	352	0
264	59	5
265	59	5
266	59	5
202	60	5
203	60	5
204	60	5
205	60	5
206	60	5
207	60	5
208	60	5
209	60	5
210	60	5
211	60	5
212	60	5
213	60	5
214	60	5
215	60	5
216	60	5
217	60	5
218	60	5
219	60	5
220	60	5
221	60	5
222	60	5
223	60	5
224	60	5
225	60	5
226	60	5
227	60	5
228	60	5
229	60	5
230	60	5
231	60	5
232	60	5
233	60	5
234	60	5
235	60	5
236	60	5
237	60	5
238	60	5
239	60	5
240	60	5
241	60	5
242	60	5
243	60	5
244	60	5
245	60	5
246	60	5
247	60	5
248	60	5
249	60	5
250	60	5
251	60	5
252	60	5
253	60	5
254	60	5
255	60	5
258	60	5
261	60	5
262	60	5
263	60	5
256	61	5
257	61	5
259	61	5
260	61	5
201	60	5
262	29	2
263	29	2
264	29	2
265	30	2
261	30	2
249	384	3
249	385	3
249	386	3
249	387	3
250	388	3
251	389	3
252	389	3
253	390	3
254	391	3
255	392	3
256	392	3
257	393	3
258	393	3
259	394	3
260	394	3
249	383	3
234	29	3
235	29	3
236	29	3
237	29	3
238	29	3
239	29	3
240	29	3
241	29	3
242	29	3
243	29	3
244	29	3
245	29	3
246	29	3
247	29	3
248	29	3
249	29	3
250	29	3
251	29	3
252	29	3
253	29	3
254	29	3
255	29	3
256	29	3
257	30	3
258	30	3
259	30	3
233	29	3
260	30	3
2	2	0
3	3	0
4	4	0
5	5	0
6	6	0
7	7	0
8	8	0
9	9	0
10	10	0
11	11	0
12	12	0
13	13	0
14	14	0
15	15	0
16	16	0
17	17	0
18	18	0
19	19	0
20	20	0
21	21	0
22	22	0
23	23	0
24	24	0
25	25	0
26	26	0
27	27	0
28	28	0
29	29	0
30	30	0
31	31	0
32	32	0
33	33	0
34	34	0
35	35	0
36	36	0
37	37	0
38	38	0
39	39	0
40	40	0
41	41	0
42	42	0
43	43	0
44	44	0
45	45	0
46	46	0
47	47	0
48	48	0
49	49	0
50	50	0
51	51	0
52	52	0
53	53	0
54	54	0
55	55	0
56	56	0
57	57	0
58	58	0
59	59	0
60	60	0
61	61	0
62	62	0
63	63	0
64	64	0
65	65	0
66	66	0
67	67	0
68	68	0
69	69	0
70	70	0
71	71	0
72	72	0
73	73	0
74	74	0
75	75	0
76	76	0
77	77	0
78	78	0
79	79	0
80	80	0
81	81	0
82	82	0
83	83	0
84	84	0
85	85	0
86	86	0
87	87	0
88	88	0
89	89	0
90	90	0
91	91	0
92	92	0
93	93	0
94	94	0
95	95	0
96	96	0
97	97	0
98	98	0
99	99	0
100	100	0
101	101	0
102	102	0
103	103	0
104	104	0
105	105	0
106	106	0
107	107	0
108	108	0
109	109	0
110	110	0
111	111	0
112	112	0
113	113	0
114	114	0
115	115	0
116	116	0
117	117	0
118	118	0
119	119	0
120	120	0
121	121	0
122	122	0
123	123	0
124	124	0
125	125	0
126	126	0
127	127	0
128	128	0
