212	1	0
213	2	0
217	340	47
217	341	47
217	342	47
217	343	47
217	344	47
218	345	47
219	346	47
219	347	47
217	339	47
219	348	47
369	327	15
371	327	15
366	328	15
367	328	15
368	328	15
370	328	15
372	328	15
373	328	15
374	328	15
375	328	15
358	329	15
362	329	15
364	329	15
365	329	15
376	329	15
377	329	15
378	329	15
354	330	15
355	330	15
356	330	15
357	330	15
359	330	15
360	330	15
361	330	15
363	330	15
379	330	15
351	331	15
352	331	15
353	331	15
349	332	15
350	332	15
348	333	15
347	334	15
346	335	15
346	336	15
345	337	15
344	338	15
343	339	15
380	331	15
342	340	15
360	1	954
361	1	954
362	1	954
306	106	4
307	106	4
308	106	4
309	106	4
303	107	4
304	107	4
305	107	4
310	107	4
311	107	4
312	108	4
302	108	4
313	109	4
149	353	11
147	354	11
148	354	11
115	355	11
116	355	11
117	355	11
118	355	11
119	355	11
120	355	11
121	355	11
122	355	11
123	355	11
124	355	11
125	355	11
126	355	11
127	355	11
128	355	11
129	355	11
130	355	11
131	355	11
132	355	11
133	355	11
134	355	11
135	355	11
136	355	11
137	355	11
138	355	11
139	355	11
140	355	11
141	355	11
142	355	11
143	355	11
144	355	11
145	355	11
146	355	11
150	352	11
114	355	11
402	1	4
403	1	4
404	1	4
405	1	4
406	1	4
401	2	4
401	3	4
401	4	4
288	194	9
289	195	9
289	196	9
290	197	9
290	198	9
291	199	9
291	200	9
292	201	9
287	193	9
293	202	9
233	345	0
232	346	0
231	347	0
230	348	0
234	344	0
229	349	0
395	201	45
396	201	45
397	201	45
394	202	45
393	203	45
389	204	45
390	204	45
391	204	45
392	204	45
386	205	45
387	205	45
388	205	45
383	206	45
385	206	45
380	207	45
382	207	45
384	207	45
379	208	45
381	208	45
376	209	45
378	209	45
373	210	45
374	210	45
375	210	45
377	210	45
372	211	45
370	212	45
371	212	45
368	213	45
369	213	45
366	214	45
367	214	45
364	215	45
365	215	45
329	216	45
331	216	45
332	216	45
333	216	45
334	216	45
335	216	45
337	216	45
361	216	45
362	216	45
363	216	45
321	217	45
323	217	45
324	217	45
325	217	45
326	217	45
327	217	45
328	217	45
330	217	45
336	217	45
338	217	45
339	217	45
340	217	45
342	217	45
344	217	45
356	217	45
358	217	45
359	217	45
360	217	45
316	218	45
318	218	45
320	218	45
322	218	45
341	218	45
343	218	45
345	218	45
346	218	45
347	218	45
349	218	45
351	218	45
353	218	45
354	218	45
355	218	45
357	218	45
276	219	45
277	219	45
278	219	45
279	219	45
280	219	45
281	219	45
282	219	45
284	219	45
309	219	45
311	219	45
313	219	45
314	219	45
315	219	45
317	219	45
319	219	45
348	219	45
350	219	45
352	219	45
265	220	45
266	220	45
267	220	45
269	220	45
271	220	45
273	220	45
274	220	45
275	220	45
283	220	45
285	220	45
286	220	45
287	220	45
288	220	45
289	220	45
296	220	45
300	220	45
302	220	45
304	220	45
306	220	45
308	220	45
310	220	45
312	220	45
268	221	45
270	221	45
272	221	45
290	221	45
291	221	45
292	221	45
293	221	45
294	221	45
295	221	45
297	221	45
298	221	45
299	221	45
301	221	45
303	221	45
305	221	45
307	221	45
398	201	45
264	220	45
288	291	0
289	292	0
290	293	0
290	294	0
291	295	0
292	296	0
294	296	0
293	297	0
295	297	0
296	297	0
297	297	0
298	298	0
287	290	0
299	298	0
356	345	11
355	346	11
355	347	11
351	348	11
352	348	11
353	348	11
354	348	11
350	347	11
422	135	4
423	136	4
167	127	44
168	127	44
169	128	44
170	128	44
171	129	44
172	129	44
174	129	44
173	130	44
175	130	44
176	131	44
177	131	44
178	132	44
180	132	44
179	133	44
181	133	44
196	133	44
198	133	44
200	133	44
182	134	44
183	134	44
184	134	44
186	134	44
188	134	44
189	134	44
190	134	44
191	134	44
192	134	44
193	134	44
194	134	44
195	134	44
197	134	44
199	134	44
201	134	44
202	134	44
185	135	44
187	135	44
203	135	44
204	135	44
205	136	44
206	136	44
166	126	44
207	137	44
286	291	31
285	292	31
287	290	31
217	200	43
216	201	43
215	202	43
218	199	43
125	367	35
126	367	35
127	367	35
128	367	35
129	367	35
130	367	35
131	367	35
132	367	35
133	367	35
134	367	35
135	367	35
136	367	35
137	367	35
138	367	35
139	367	35
140	367	35
141	367	35
142	367	35
143	367	35
144	368	35
145	368	35
146	368	35
147	369	35
148	369	35
149	369	35
150	369	35
152	369	35
154	369	35
156	369	35
158	369	35
160	369	35
162	369	35
164	369	35
166	369	35
168	369	35
170	369	35
172	369	35
174	369	35
176	369	35
178	369	35
180	369	35
182	369	35
203	369	35
204	369	35
151	370	35
153	370	35
155	370	35
157	370	35
159	370	35
161	370	35
163	370	35
165	370	35
167	370	35
169	370	35
171	370	35
173	370	35
175	370	35
177	370	35
179	370	35
181	370	35
183	370	35
184	370	35
185	370	35
186	370	35
200	370	35
201	370	35
202	370	35
187	371	35
188	371	35
189	371	35
190	371	35
191	371	35
192	371	35
193	371	35
194	371	35
195	371	35
196	371	35
197	371	35
198	371	35
199	371	35
124	367	35
205	368	35
331	288	27
334	288	27
328	289	27
330	289	27
332	289	27
333	289	27
335	289	27
336	289	27
327	290	27
329	290	27
326	291	27
324	292	27
325	292	27
323	293	27
323	294	27
322	295	27
321	296	27
321	297	27
337	290	27
321	298	27
263	135	42
265	135	42
266	135	42
268	135	42
258	136	42
259	136	42
260	136	42
261	136	42
262	136	42
264	136	42
267	136	42
256	137	42
257	137	42
255	138	42
269	135	42
254	139	42
193	79	47
193	80	47
193	81	47
193	82	47
194	83	47
194	84	47
195	85	47
196	86	47
196	87	47
196	88	47
196	89	47
195	90	47
193	78	47
195	91	47
384	135	955
383	136	955
515	88	4
516	88	4
513	89	4
514	89	4
512	90	4
517	87	4
511	90	4
525	88	3
526	89	3
528	89	3
527	90	3
529	90	3
525	87	3
530	89	3
227	348	47
220	349	47
222	349	47
224	349	47
226	349	47
228	349	47
221	350	47
223	350	47
225	350	47
219	348	47
229	349	47
324	274	29
325	274	29
326	274	29
327	274	29
323	275	29
328	275	29
322	276	29
320	277	29
321	277	29
319	278	29
215	132	39
217	132	39
213	133	39
214	133	39
216	133	39
218	133	39
219	133	39
220	133	39
221	133	39
222	133	39
223	133	39
224	133	39
225	133	39
226	133	39
211	134	39
212	134	39
227	134	39
228	134	39
229	134	39
230	134	39
209	135	39
210	135	39
231	135	39
232	135	39
208	136	39
233	136	39
234	137	39
207	137	39
235	138	39
302	298	12
304	298	12
306	298	12
308	298	12
309	298	12
311	298	12
314	298	12
318	298	12
303	299	12
305	299	12
307	299	12
310	299	12
312	299	12
313	299	12
315	299	12
316	299	12
317	299	12
319	299	12
301	299	12
320	299	12
441	46	4
442	47	4
443	48	4
444	49	4
440	45	4
445	50	4
422	137	3
423	136	3
424	137	2
423	136	2
316	237	8
318	237	8
320	237	8
321	237	8
313	238	8
314	238	8
315	238	8
317	238	8
319	238	8
310	239	8
311	239	8
312	239	8
309	240	8
307	241	8
308	241	8
306	242	8
305	243	8
303	244	8
304	244	8
302	245	8
301	246	8
301	247	8
322	238	8
300	248	8
259	291	47
258	292	47
257	293	47
257	294	47
256	295	47
256	296	47
255	297	47
255	298	47
254	299	47
254	300	47
259	290	47
253	301	47
531	90	1
533	90	1
535	90	1
537	90	1
532	91	1
534	91	1
536	91	1
530	89	1
79	201	38
80	201	38
81	201	38
82	201	38
83	201	38
84	201	38
85	201	38
86	201	38
87	201	38
88	201	38
89	201	38
90	201	38
91	201	38
92	201	38
93	201	38
94	201	38
95	201	38
96	201	38
97	201	38
98	201	38
99	201	38
100	201	38
101	201	38
102	201	38
103	201	38
104	201	38
105	201	38
106	201	38
107	201	38
108	201	38
109	201	38
110	201	38
111	201	38
112	201	38
113	201	38
114	201	38
115	201	38
116	201	38
117	201	38
118	201	38
119	201	38
120	201	38
121	201	38
122	201	38
123	201	38
124	201	38
125	201	38
126	201	38
127	201	38
128	201	38
129	201	38
130	201	38
131	201	38
132	201	38
133	201	38
134	201	38
135	201	38
136	201	38
137	201	38
138	201	38
139	201	38
140	201	38
141	201	38
142	201	38
143	201	38
144	201	38
145	202	38
146	202	38
147	203	38
148	203	38
149	204	38
78	201	38
150	205	38
187	345	47
187	346	47
187	347	47
187	348	47
186	349	47
186	350	47
186	351	47
186	352	47
187	344	47
186	353	47
154	2	47
152	3	47
153	3	47
155	3	47
156	3	47
150	4	47
151	4	47
157	4	47
158	4	47
148	5	47
149	5	47
147	6	47
146	7	47
146	8	47
146	9	47
146	10	47
159	5	47
146	11	47
219	200	0
220	201	0
221	202	0
222	203	0
223	204	0
218	199	0
224	205	0
410	15	2
411	15	2
412	15	2
413	15	2
414	15	2
415	15	2
416	14	2
409	15	2
294	203	0
294	204	0
293	202	0
182	78	47
184	78	47
185	78	47
179	79	47
181	79	47
183	79	47
177	80	47
178	80	47
180	80	47
176	81	47
174	82	47
175	82	47
172	83	47
173	83	47
171	84	47
169	85	47
170	85	47
167	86	47
168	86	47
165	87	47
166	87	47
164	88	47
162	89	47
163	89	47
161	90	47
160	91	47
158	92	47
159	92	47
157	93	47
186	79	47
156	94	47
399	203	16
399	204	16
399	202	16
380	24	19
380	25	19
381	26	19
382	27	19
383	28	19
384	29	19
385	30	19
386	31	19
386	32	19
387	33	19
388	34	19
389	35	19
389	36	19
390	37	19
391	38	19
392	39	19
393	39	19
380	23	19
190	298	0
191	299	0
192	300	0
193	301	0
193	302	0
194	303	0
189	297	0
195	304	0
225	282	42
225	283	42
225	284	42
225	285	42
225	286	42
225	287	42
224	288	42
223	289	42
222	290	42
221	291	42
219	292	42
220	292	42
218	293	42
218	294	42
217	295	42
216	296	42
217	297	42
216	298	42
216	299	42
216	300	42
216	301	42
216	302	42
216	303	42
225	281	42
217	304	42
84	90	47
85	90	47
86	90	47
87	90	47
88	90	47
89	90	47
90	90	47
91	90	47
92	90	47
93	90	47
94	90	47
95	90	47
96	90	47
97	90	47
98	90	47
99	90	47
100	90	47
101	90	47
102	90	47
103	90	47
104	90	47
105	90	47
106	90	47
107	90	47
108	90	47
109	90	47
110	90	47
111	90	47
112	90	47
113	90	47
114	90	47
115	90	47
116	90	47
117	90	47
118	90	47
119	90	47
120	90	47
121	90	47
122	90	47
123	90	47
124	90	47
125	90	47
126	90	47
127	90	47
128	90	47
129	90	47
130	90	47
131	90	47
132	90	47
133	90	47
134	90	47
135	90	47
136	90	47
137	90	47
138	90	47
139	90	47
140	90	47
141	90	47
142	90	47
143	90	47
144	90	47
145	90	47
146	90	47
148	90	47
147	91	47
149	91	47
150	91	47
151	92	47
152	93	47
153	93	47
154	94	47
155	94	47
83	90	47
156	94	47
252	301	0
250	302	0
251	302	0
247	303	0
248	303	0
249	303	0
245	304	0
246	304	0
244	305	0
242	306	0
243	306	0
241	307	0
240	308	0
253	301	0
239	309	0
260	252	0
261	251	0
259	253	0
484	91	952
484	92	952
485	93	952
486	94	952
487	94	952
168	299	47
168	300	47
168	301	47
168	302	47
168	303	47
168	304	47
168	298	47
168	305	47
300	2	36
299	3	36
298	4	36
298	5	36
298	6	36
235	359	42
234	360	42
236	358	42
159	384	45
161	384	45
163	384	45
165	384	45
167	384	45
168	384	45
169	384	45
170	384	45
171	384	45
147	385	45
149	385	45
151	385	45
152	385	45
153	385	45
154	385	45
155	385	45
156	385	45
157	385	45
158	385	45
160	385	45
162	385	45
164	385	45
166	385	45
172	385	45
173	385	45
174	385	45
175	385	45
176	385	45
177	385	45
178	385	45
179	385	45
180	385	45
182	385	45
184	385	45
148	386	45
150	386	45
181	386	45
183	386	45
185	386	45
186	386	45
187	386	45
188	386	45
189	386	45
191	386	45
193	386	45
194	386	45
196	386	45
190	387	45
192	387	45
195	387	45
197	387	45
198	387	45
199	387	45
201	387	45
216	387	45
200	388	45
202	388	45
203	388	45
204	388	45
205	388	45
208	388	45
210	388	45
212	388	45
213	388	45
214	388	45
215	388	45
206	389	45
207	389	45
209	389	45
211	389	45
146	386	45
217	386	45
158	52	0
152	53	0
153	53	0
154	53	0
155	53	0
156	53	0
157	53	0
146	54	0
148	54	0
150	54	0
151	54	0
144	55	0
145	55	0
147	55	0
149	55	0
104	56	0
105	56	0
106	56	0
107	56	0
108	56	0
109	56	0
110	56	0
111	56	0
112	56	0
113	56	0
114	56	0
115	56	0
116	56	0
117	56	0
118	56	0
119	56	0
120	56	0
121	56	0
122	56	0
123	56	0
124	56	0
125	56	0
126	56	0
127	56	0
128	56	0
129	56	0
130	56	0
131	56	0
132	56	0
133	56	0
134	56	0
135	56	0
136	56	0
137	56	0
138	56	0
139	56	0
140	56	0
141	56	0
142	56	0
143	56	0
159	53	0
103	56	0
144	385	0
145	385	0
143	386	0
142	386	0
146	386	0
168	48	47
169	48	47
170	48	47
171	48	47
178	48	47
180	48	47
182	48	47
184	48	47
186	48	47
188	48	47
165	49	47
166	49	47
167	49	47
172	49	47
173	49	47
174	49	47
175	49	47
176	49	47
177	49	47
179	49	47
181	49	47
183	49	47
185	49	47
187	49	47
189	49	47
190	49	47
191	49	47
164	50	47
192	50	47
193	50	47
162	51	47
163	51	47
194	51	47
195	51	47
160	52	47
161	52	47
196	52	47
197	52	47
198	53	47
159	53	47
199	54	47
187	354	46
188	354	46
189	355	46
190	355	46
191	356	46
192	356	46
194	356	46
193	357	46
195	357	46
196	357	46
197	357	46
198	357	46
200	357	46
201	357	46
202	357	46
203	357	46
204	357	46
205	357	46
199	358	46
186	353	46
206	358	46
291	2	37
291	3	37
291	4	37
291	5	37
291	6	37
291	7	37
377	251	0
376	252	0
378	250	0
376	253	0
371	51	1
373	51	1
369	52	1
370	52	1
372	52	1
374	52	1
368	53	1
375	53	1
366	54	1
367	54	1
365	55	1
364	56	1
153	135	47
153	136	47
154	137	47
155	138	47
155	139	47
155	140	47
155	141	47
155	142	47
155	143	47
153	134	47
155	144	47
402	5	0
403	5	0
404	6	0
405	6	0
401	4	0
114	34	43
115	34	43
112	35	43
113	35	43
110	36	43
111	36	43
108	37	43
109	37	43
106	38	43
107	38	43
104	39	43
105	39	43
103	40	43
102	41	43
102	42	43
102	43	43
102	44	43
102	45	43
102	46	43
102	47	43
102	48	43
102	49	43
102	50	43
102	51	43
102	52	43
102	53	43
102	54	43
116	33	43
102	55	43
294	282	0
293	283	0
295	281	0
292	284	0
244	246	46
245	247	46
246	247	46
247	248	46
248	249	46
249	249	46
250	250	46
251	251	46
252	251	46
253	252	46
254	253	46
255	253	46
256	253	46
257	253	46
243	245	46
258	253	46
322	300	26
323	301	26
324	302	26
325	302	26
326	303	26
327	303	26
328	304	26
329	305	26
330	306	26
321	299	26
292	203	0
293	202	0
306	252	17
307	252	17
308	252	17
309	252	17
310	252	17
311	253	17
305	252	17
312	254	17
199	196	0
199	197	0
199	198	0
199	199	0
199	200	0
199	201	0
199	202	0
199	203	0
200	204	0
201	205	0
202	205	0
203	206	0
204	207	0
199	195	0
205	208	0
256	245	2
255	246	2
257	244	2
426	111	0
425	112	0
427	112	0
428	112	0
424	111	0
429	113	0
441	100	4
440	101	4
266	190	43
266	191	43
265	192	43
264	193	43
264	194	43
262	195	43
263	195	43
260	196	43
261	196	43
259	197	43
258	198	43
256	199	43
257	199	43
255	200	43
254	201	43
253	202	43
253	203	43
252	204	43
252	205	43
251	206	43
251	207	43
266	189	43
250	208	43
77	290	46
77	291	46
76	292	46
76	293	46
75	294	46
75	295	46
74	296	46
74	297	46
73	298	46
73	299	46
72	300	46
72	301	46
72	302	46
73	303	46
73	304	46
74	305	46
74	306	46
75	307	46
75	308	46
78	289	46
76	309	46
511	92	3
511	93	3
512	94	3
513	95	3
514	95	3
515	96	3
516	97	3
517	98	3
518	99	3
519	99	3
520	100	3
510	91	3
521	101	3
402	200	12
403	200	12
404	201	12
405	201	12
406	202	12
407	203	12
408	204	12
409	205	12
410	206	12
411	206	12
412	207	12
401	199	12
197	304	42
198	304	42
199	304	42
200	305	42
201	306	42
202	307	42
203	308	42
196	304	42
207	138	44
207	139	44
206	140	44
205	141	44
205	142	44
205	143	44
205	144	44
205	145	44
207	137	44
205	146	44
294	7	37
292	8	37
293	8	37
295	8	37
291	7	37
296	9	37
234	140	0
232	141	0
233	141	0
230	142	0
231	142	0
229	143	0
227	144	0
228	144	0
224	145	0
225	145	0
226	145	0
221	146	0
222	146	0
223	146	0
208	147	0
209	147	0
210	147	0
211	147	0
217	147	0
218	147	0
219	147	0
220	147	0
212	148	0
213	148	0
214	148	0
215	148	0
216	148	0
235	139	0
207	147	0
297	8	0
298	7	0
296	9	0
281	253	30
281	254	30
281	255	30
281	256	30
280	257	30
279	258	30
278	259	30
277	260	30
281	252	30
276	261	30
303	208	0
303	209	0
310	64	30
310	65	30
310	66	30
309	67	30
308	68	30
310	63	30
307	68	30
437	208	2
438	209	2
415	5	2
413	6	2
414	6	2
412	7	2
411	8	2
411	9	2
378	245	13
377	246	13
378	244	13
376	247	13
436	101	1
437	101	1
438	101	1
439	101	1
435	102	1
432	103	1
433	103	1
434	103	1
440	101	1
349	320	14
350	320	14
351	320	14
352	320	14
344	321	14
346	321	14
347	321	14
348	321	14
307	322	14
308	322	14
309	322	14
310	322	14
311	322	14
313	322	14
341	322	14
343	322	14
345	322	14
305	323	14
306	323	14
312	323	14
314	323	14
315	323	14
316	323	14
318	323	14
334	323	14
336	323	14
338	323	14
339	323	14
340	323	14
342	323	14
302	324	14
303	324	14
304	324	14
317	324	14
319	324	14
320	324	14
321	324	14
322	324	14
323	324	14
324	324	14
325	324	14
327	324	14
329	324	14
331	324	14
333	324	14
335	324	14
337	324	14
299	325	14
300	325	14
301	325	14
326	325	14
328	325	14
330	325	14
332	325	14
298	326	14
353	319	14
297	327	14
218	349	0
217	350	0
216	351	0
214	352	0
215	352	0
212	353	0
213	353	0
211	354	0
210	355	0
209	356	0
207	357	0
208	357	0
219	348	0
206	358	0
180	254	47
168	255	47
170	255	47
172	255	47
174	255	47
175	255	47
176	255	47
177	255	47
178	255	47
179	255	47
181	255	47
162	256	47
164	256	47
165	256	47
166	256	47
167	256	47
169	256	47
171	256	47
173	256	47
160	257	47
161	257	47
163	257	47
158	258	47
159	258	47
156	259	47
157	259	47
153	260	47
154	260	47
155	260	47
182	255	47
152	260	47
164	2	43
166	2	43
168	2	43
170	2	43
172	2	43
174	2	43
176	2	43
162	3	43
163	3	43
165	3	43
167	3	43
169	3	43
171	3	43
173	3	43
175	3	43
177	3	43
178	3	43
179	3	43
180	3	43
181	3	43
182	3	43
184	3	43
160	4	43
161	4	43
183	4	43
185	4	43
186	4	43
187	4	43
188	4	43
190	4	43
189	5	43
191	5	43
192	5	43
193	6	43
194	6	43
195	7	43
196	7	43
197	8	43
198	8	43
199	9	43
200	10	43
159	5	43
200	11	43
304	254	4
304	255	4
304	253	4
305	256	4
223	206	35
221	207	35
222	207	35
219	208	35
220	208	35
218	209	35
215	210	35
216	210	35
217	210	35
214	211	35
213	212	35
224	205	35
212	213	35
493	54	0
494	55	0
495	54	0
494	55	0
230	350	39
230	351	39
231	352	39
232	353	39
232	354	39
233	355	39
234	356	39
235	357	39
229	349	39
236	358	39
231	206	45
232	206	45
233	207	45
234	207	45
235	208	45
236	208	45
237	209	45
238	209	45
239	209	45
241	209	45
243	209	45
244	209	45
246	209	45
249	209	45
240	210	45
242	210	45
245	210	45
247	210	45
248	210	45
230	205	45
250	208	45
149	229	0
148	230	0
146	231	0
147	231	0
144	232	0
145	232	0
82	233	0
83	233	0
84	233	0
85	233	0
86	233	0
87	233	0
88	233	0
89	233	0
90	233	0
91	233	0
92	233	0
93	233	0
94	233	0
95	233	0
96	233	0
97	233	0
98	233	0
99	233	0
100	233	0
101	233	0
102	233	0
103	233	0
104	233	0
105	233	0
106	233	0
107	233	0
108	233	0
109	233	0
110	233	0
111	233	0
112	233	0
113	233	0
114	233	0
115	233	0
116	233	0
117	233	0
118	233	0
119	233	0
120	233	0
121	233	0
122	233	0
123	233	0
124	233	0
125	233	0
126	233	0
127	233	0
128	233	0
129	233	0
130	233	0
131	233	0
132	233	0
133	233	0
134	233	0
135	233	0
136	233	0
137	233	0
138	233	0
139	233	0
140	233	0
141	233	0
142	233	0
143	233	0
150	228	0
81	233	0
305	210	0
304	210	0
275	134	8
276	135	8
276	136	8
276	137	8
277	138	8
278	139	8
278	140	8
279	141	8
280	142	8
281	143	8
282	144	8
283	145	8
284	146	8
285	147	8
274	133	8
420	10	0
420	11	0
217	103	45
218	104	45
318	276	0
318	277	0
199	278	0
199	279	0
199	280	0
198	281	0
197	282	0
196	283	0
195	284	0
199	277	0
194	285	0
212	4	47
211	5	47
210	6	47
208	7	47
209	7	47
207	8	47
206	9	47
206	10	47
206	11	47
213	3	47
206	12	47
374	254	3
375	254	3
368	255	3
370	255	3
371	255	3
372	255	3
373	255	3
365	256	3
366	256	3
367	256	3
369	256	3
363	257	3
364	257	3
376	253	3
362	256	3
406	241	7
407	241	7
408	241	7
403	242	7
404	242	7
405	242	7
409	242	7
410	242	7
411	242	7
402	242	7
412	242	7
237	359	42
238	359	42
242	359	42
239	360	42
240	360	42
241	360	42
236	358	42
302	211	26
303	210	26
290	8	0
286	9	0
288	9	0
289	9	0
285	10	0
287	10	0
282	11	0
283	11	0
284	11	0
278	12	0
279	12	0
280	12	0
281	12	0
275	13	0
276	13	0
277	13	0
270	14	0
271	14	0
272	14	0
273	14	0
274	14	0
265	15	0
267	15	0
268	15	0
269	15	0
263	16	0
264	16	0
266	16	0
262	17	0
260	18	0
261	18	0
258	19	0
259	19	0
291	7	0
257	20	0
298	261	37
299	261	37
300	261	37
295	262	37
296	262	37
297	262	37
294	263	37
293	264	37
274	265	37
292	265	37
274	266	37
291	266	37
275	267	37
288	267	37
289	267	37
290	267	37
276	268	37
282	268	37
285	268	37
286	268	37
287	268	37
277	269	37
278	269	37
279	269	37
280	269	37
281	269	37
283	269	37
284	269	37
301	260	37
273	264	37
207	209	43
208	209	43
209	210	43
210	211	43
211	212	43
206	208	43
212	213	43
520	103	0
521	102	0
523	103	1
522	102	1
523	104	1
157	145	41
158	145	41
159	145	41
160	145	41
161	145	41
162	145	41
163	145	41
164	145	41
165	145	41
166	145	41
168	145	41
170	145	41
167	146	41
169	146	41
171	146	41
172	146	41
174	146	41
175	146	41
173	147	41
176	147	41
177	147	41
179	147	41
193	147	41
198	147	41
199	147	41
204	147	41
178	148	41
180	148	41
181	148	41
182	148	41
183	148	41
184	148	41
186	148	41
188	148	41
190	148	41
192	148	41
194	148	41
195	148	41
196	148	41
197	148	41
200	148	41
201	148	41
202	148	41
203	148	41
185	149	41
187	149	41
189	149	41
191	149	41
156	145	41
205	146	41
150	343	30
150	344	30
150	345	30
150	346	30
150	347	30
150	348	30
150	349	30
150	350	30
150	342	30
150	351	30
193	92	0
194	92	0
192	93	0
191	94	0
190	95	0
188	96	0
189	96	0
187	97	0
186	98	0
185	99	0
184	100	0
183	101	0
182	102	0
181	103	0
181	104	0
195	91	0
181	105	0
387	7	0
389	7	0
386	8	0
388	8	0
385	9	0
384	10	0
383	11	0
383	12	0
412	11	0
411	10	0
374	15	19
375	16	19
376	17	19
439	211	0
437	212	0
438	212	0
436	213	0
438	210	0
113	357	20
113	358	20
113	359	20
113	360	20
113	361	20
114	362	20
115	363	20
116	363	20
117	364	20
118	364	20
119	365	20
120	365	20
121	366	20
122	366	20
113	356	20
123	367	20
205	210	43
205	211	43
205	212	43
204	213	43
203	214	43
205	209	43
159	6	47
158	7	47
158	8	47
158	9	47
158	10	47
158	11	47
158	12	47
159	5	47
158	13	47
183	256	47
184	256	47
185	257	47
186	257	47
228	257	47
230	257	47
232	257	47
234	257	47
187	258	47
188	258	47
226	258	47
227	258	47
229	258	47
231	258	47
233	258	47
235	258	47
236	258	47
237	258	47
239	258	47
189	259	47
190	259	47
221	259	47
223	259	47
224	259	47
225	259	47
238	259	47
240	259	47
242	259	47
191	260	47
192	260	47
193	260	47
194	260	47
196	260	47
198	260	47
200	260	47
202	260	47
204	260	47
206	260	47
208	260	47
218	260	47
220	260	47
222	260	47
241	260	47
243	260	47
245	260	47
247	260	47
195	261	47
197	261	47
199	261	47
201	261	47
203	261	47
205	261	47
207	261	47
209	261	47
210	261	47
211	261	47
212	261	47
213	261	47
214	261	47
215	261	47
216	261	47
217	261	47
219	261	47
244	261	47
246	261	47
248	261	47
250	261	47
252	261	47
254	261	47
256	261	47
249	262	47
251	262	47
253	262	47
255	262	47
257	262	47
258	262	47
259	262	47
260	262	47
261	262	47
262	262	47
263	262	47
264	262	47
265	262	47
266	262	47
267	263	47
268	263	47
269	263	47
270	263	47
271	263	47
182	255	47
272	264	47
254	140	38
254	141	38
254	142	38
254	143	38
254	144	38
254	145	38
254	146	38
254	147	38
254	148	38
254	149	38
255	150	38
254	139	38
270	137	35
270	138	35
270	139	35
270	140	35
270	141	35
270	142	35
270	143	35
270	144	35
270	145	35
270	146	35
270	147	35
270	148	35
270	149	35
271	150	35
270	136	35
300	144	23
301	145	23
301	146	23
301	147	23
300	148	23
299	149	23
298	150	23
297	151	23
273	103	44
278	103	44
280	103	44
282	103	44
284	103	44
286	103	44
267	104	44
268	104	44
269	104	44
270	104	44
271	104	44
272	104	44
274	104	44
275	104	44
276	104	44
277	104	44
279	104	44
281	104	44
283	104	44
285	104	44
287	104	44
288	104	44
289	104	44
290	104	44
264	105	44
265	105	44
266	105	44
258	106	44
260	106	44
261	106	44
262	106	44
263	106	44
253	107	44
254	107	44
255	107	44
256	107	44
257	107	44
259	107	44
243	108	44
244	108	44
245	108	44
246	108	44
247	108	44
248	108	44
249	108	44
250	108	44
251	108	44
252	108	44
291	105	44
242	107	44
192	283	0
193	284	0
194	285	0
214	338	42
215	338	42
210	339	42
212	339	42
213	339	42
201	340	42
202	340	42
203	340	42
204	340	42
205	340	42
206	340	42
207	340	42
208	340	42
209	340	42
211	340	42
192	341	42
194	341	42
195	341	42
196	341	42
197	341	42
198	341	42
199	341	42
200	341	42
190	342	42
191	342	42
193	342	42
188	343	42
189	343	42
216	338	42
187	344	42
75	134	2
75	135	2
74	136	2
74	137	2
73	138	2
74	139	2
74	140	2
75	141	2
75	142	2
76	143	2
76	144	2
77	145	2
77	146	2
78	147	2
78	148	2
79	149	2
79	150	2
80	151	2
80	152	2
76	133	2
81	153	2
455	100	4
454	101	4
456	101	4
453	102	4
452	103	4
452	104	4
452	105	4
280	363	4
279	364	4
279	365	4
279	366	4
219	306	47
220	306	47
221	307	47
222	307	47
223	307	47
224	308	47
226	308	47
235	308	47
237	308	47
238	308	47
225	309	47
227	309	47
228	309	47
229	309	47
230	309	47
231	309	47
232	309	47
233	309	47
234	309	47
236	309	47
218	305	47
239	309	47
315	111	32
318	111	32
316	112	32
317	112	32
314	110	32
319	110	32
207	359	45
207	360	45
207	361	45
208	362	45
208	363	45
207	364	45
206	365	45
205	366	45
205	367	45
206	358	45
205	368	45
196	92	46
196	93	46
197	94	46
197	95	46
198	96	46
198	97	46
199	98	46
199	99	46
200	100	46
200	101	46
201	102	46
201	103	46
201	104	46
202	105	46
195	91	46
203	106	46
77	309	30
78	309	30
79	309	30
80	309	30
81	309	30
82	309	30
83	309	30
84	309	30
85	309	30
86	309	30
87	309	30
88	309	30
89	309	30
90	309	30
91	309	30
92	309	30
93	309	30
94	309	30
95	309	30
96	309	30
97	309	30
98	309	30
99	309	30
100	309	30
101	309	30
102	309	30
103	309	30
104	309	30
105	309	30
106	309	30
107	309	30
108	309	30
109	309	30
110	309	30
111	309	30
112	309	30
113	309	30
114	309	30
115	309	30
116	309	30
117	309	30
118	309	30
119	309	30
120	309	30
121	309	30
122	309	30
123	309	30
124	309	30
125	309	30
126	309	30
127	309	30
128	309	30
129	309	30
130	309	30
131	309	30
132	309	30
133	309	30
134	309	30
135	309	30
136	309	30
137	309	30
138	309	30
139	309	30
140	309	30
141	309	30
142	309	30
143	309	30
144	309	30
145	309	30
147	309	30
148	309	30
149	309	30
150	309	30
151	309	30
152	309	30
153	309	30
154	309	30
155	309	30
156	309	30
158	309	30
160	309	30
161	309	30
146	310	30
157	310	30
159	310	30
76	309	30
162	309	30
436	109	1
437	110	1
435	108	1
438	111	1
195	306	5
194	307	5
193	308	5
192	309	5
191	310	5
195	305	5
191	311	5
210	320	0
210	321	0
210	322	0
211	319	0
522	105	0
523	104	0
201	12	0
202	12	0
204	12	0
203	13	0
200	11	0
205	13	0
97	342	22
97	343	22
97	344	22
97	345	22
97	346	22
98	347	22
99	348	22
100	348	22
101	349	22
102	349	22
103	350	22
104	350	22
105	351	22
106	351	22
107	352	22
108	352	22
109	353	22
110	353	22
111	354	22
112	354	22
97	341	22
113	355	22
200	54	45
201	54	45
202	54	45
203	54	45
204	54	45
205	54	45
206	54	45
207	54	45
208	54	45
209	54	45
210	54	45
211	54	45
212	54	45
213	54	45
214	54	45
215	54	45
216	54	45
217	54	45
219	54	45
221	54	45
223	54	45
218	55	45
220	55	45
222	55	45
224	55	45
225	55	45
226	55	45
227	55	45
228	55	45
230	55	45
232	55	45
229	56	45
231	56	45
233	56	45
234	56	45
235	56	45
199	54	45
236	57	45
318	252	26
320	252	26
317	253	26
319	253	26
321	253	26
314	254	26
315	254	26
316	254	26
322	254	26
323	255	26
324	255	26
326	255	26
328	255	26
330	255	26
332	255	26
334	255	26
336	255	26
338	255	26
339	255	26
340	255	26
342	255	26
344	255	26
346	255	26
348	255	26
325	256	26
327	256	26
329	256	26
331	256	26
333	256	26
335	256	26
337	256	26
341	256	26
343	256	26
345	256	26
347	256	26
349	256	26
350	256	26
351	256	26
352	256	26
353	256	26
354	256	26
356	256	26
357	256	26
355	257	26
313	254	26
358	257	26
167	101	3
168	101	3
169	101	3
170	101	3
171	102	3
172	102	3
173	103	3
174	103	3
175	104	3
176	105	3
177	105	3
178	106	3
179	106	3
166	101	3
180	106	3
388	256	11
387	257	11
387	258	11
348	53	1
350	53	1
352	53	1
332	54	1
333	54	1
334	54	1
335	54	1
336	54	1
337	54	1
338	54	1
339	54	1
340	54	1
341	54	1
342	54	1
343	54	1
344	54	1
345	54	1
346	54	1
347	54	1
349	54	1
351	54	1
353	54	1
354	54	1
355	54	1
357	54	1
328	55	1
329	55	1
330	55	1
331	55	1
356	55	1
358	55	1
359	55	1
360	55	1
361	55	1
327	56	1
362	56	1
363	56	1
364	56	1
326	57	1
315	12	0
314	13	0
313	14	0
226	100	2
228	100	2
230	100	2
222	101	2
223	101	2
224	101	2
225	101	2
227	101	2
229	101	2
231	101	2
233	101	2
220	102	2
221	102	2
232	102	2
234	102	2
219	103	2
235	103	2
236	103	2
237	104	2
238	105	2
239	105	2
240	106	2
241	106	2
218	104	2
242	107	2
169	306	45
170	306	45
171	307	45
172	307	45
173	308	45
174	308	45
175	309	45
176	309	45
177	310	45
178	310	45
179	311	45
180	311	45
181	311	45
182	311	45
183	312	45
184	312	45
185	312	45
186	312	45
188	312	45
189	312	45
190	312	45
187	313	45
168	305	45
191	311	45
408	56	12
409	56	12
410	56	12
407	55	12
379	12	11
378	13	11
380	13	11
381	13	11
377	14	11
377	15	11
377	16	11
382	13	11
376	17	11
446	50	0
447	51	0
448	52	0
449	52	0
450	52	0
451	53	0
452	54	0
453	54	0
454	54	0
455	54	0
456	54	0
458	54	0
457	55	0
459	55	0
460	56	0
461	56	0
462	56	0
463	56	0
445	50	0
495	56	0
494	55	0
419	12	0
418	13	0
420	11	0
417	14	0
431	105	955
431	106	955
421	12	1
423	12	1
424	12	1
425	12	1
422	13	1
426	13	1
427	13	1
428	13	1
420	11	1
259	255	47
259	256	47
259	257	47
259	258	47
259	254	47
212	320	0
211	319	0
251	209	12
252	210	12
252	211	12
253	212	12
254	213	12
255	213	12
256	214	12
257	215	12
258	215	12
259	216	12
260	217	12
261	218	12
262	219	12
250	208	12
263	220	12
304	257	1
303	258	1
305	256	1
302	259	1
339	288	0
338	289	0
337	290	0
377	254	13
378	254	13
379	255	13
380	255	13
381	256	13
382	257	13
383	258	13
384	258	13
385	258	13
386	259	13
376	253	13
387	258	13
81	327	22
81	328	22
81	329	22
81	330	22
81	331	22
82	332	22
83	333	22
84	333	22
85	334	22
86	334	22
87	335	22
88	335	22
89	336	22
90	336	22
91	337	22
92	337	22
93	338	22
94	338	22
95	339	22
96	339	22
81	326	22
97	340	22
216	306	0
215	307	0
214	308	0
213	309	0
212	310	0
211	311	0
210	312	0
209	313	0
217	305	0
208	314	0
228	13	0
229	14	0
227	13	0
230	15	0
301	300	31
301	299	31
293	103	0
292	104	0
294	104	0
295	104	0
296	104	0
297	105	0
298	105	0
299	106	0
300	107	0
301	107	0
291	105	0
302	108	0
401	236	2
400	237	2
400	238	2
400	239	2
401	240	2
401	235	2
401	241	2
212	214	45
212	215	45
212	216	45
212	217	45
211	218	45
211	219	45
211	220	45
212	213	45
210	221	45
274	254	39
274	255	39
274	256	39
274	257	39
275	258	39
275	259	39
274	253	39
275	260	39
273	153	983
274	153	983
215	4	15
216	5	15
217	6	15
218	7	15
219	8	15
220	8	15
221	9	15
222	10	15
224	10	15
223	11	15
225	11	15
226	12	15
214	3	15
227	13	15
298	152	18
299	153	18
297	151	18
433	106	1
434	107	1
435	108	1
423	152	953
424	152	953
425	152	953
426	153	953
453	106	4
454	107	4
452	105	4
489	96	952
490	97	952
491	98	952
492	99	952
493	100	952
494	101	952
495	102	952
496	103	952
497	104	952
498	105	952
499	106	952
500	107	952
524	107	0
525	106	0
147	12	0
148	12	0
149	13	0
150	13	0
151	14	0
152	14	0
154	14	0
156	14	0
157	14	0
153	15	0
155	15	0
146	11	0
158	13	0
347	152	14
347	153	14
347	154	14
347	155	14
207	14	0
208	15	0
206	13	0
209	16	0
216	9	46
215	10	46
214	11	46
213	12	46
212	13	46
211	14	46
210	15	46
209	16	46
276	154	953
277	154	953
278	155	953
192	312	5
193	313	5
194	313	5
195	314	5
196	314	5
197	315	5
198	315	5
200	315	5
202	315	5
204	315	5
205	315	5
206	315	5
199	316	5
201	316	5
203	316	5
191	311	5
207	314	5
314	15	0
313	14	0
334	10	26
336	10	26
328	11	26
330	11	26
331	11	26
332	11	26
333	11	26
335	11	26
337	11	26
338	11	26
339	11	26
327	12	26
329	12	26
340	12	26
341	13	26
342	13	26
343	14	26
343	15	26
343	16	26
180	28	47
180	29	47
180	30	47
180	31	47
180	32	47
180	33	47
180	34	47
180	27	47
350	154	0
349	155	0
348	156	0
239	310	47
239	311	47
239	312	47
239	313	47
239	314	47
240	315	47
241	316	47
239	309	47
206	149	42
206	150	42
206	151	42
206	152	42
206	153	42
207	154	42
208	155	42
209	156	42
206	148	42
405	14	8
402	15	8
403	15	8
404	15	8
406	15	8
399	16	8
400	16	8
401	16	8
407	15	8
398	16	8
296	154	29
296	155	29
296	156	29
296	153	29
343	155	0
344	156	0
345	157	0
426	260	0
427	261	0
428	258	2
428	259	2
428	260	2
427	261	2
397	315	11
400	315	11
398	316	11
399	316	11
401	316	11
402	316	11
403	316	11
396	315	11
176	156	0
176	157	0
175	158	0
324	56	7
325	56	7
323	57	7
321	58	7
322	58	7
319	59	7
320	59	7
318	60	7
326	57	7
317	61	7
421	111	8
413	112	8
414	112	8
419	112	8
420	112	8
422	112	8
415	113	8
416	113	8
417	113	8
418	113	8
412	111	8
423	111	8
414	108	10
415	108	10
416	108	10
413	109	10
412	110	10
403	58	0
404	58	0
402	59	0
400	60	0
401	60	0
405	57	0
399	61	0
407	58	22
408	59	22
409	60	22
406	57	22
347	158	9
346	157	9
526	107	0
527	108	0
528	108	0
525	106	0
176	159	0
175	158	0
244	52	43
242	53	43
243	53	43
245	53	43
240	54	43
241	54	43
246	54	43
247	54	43
238	55	43
239	55	43
248	55	43
237	56	43
249	56	43
251	56	43
250	57	43
252	57	43
253	58	43
254	59	43
255	59	43
256	60	43
256	61	43
236	57	43
256	62	43
75	310	45
75	311	45
74	312	45
74	313	45
73	314	45
73	315	45
72	316	45
72	317	45
72	318	45
73	319	45
73	320	45
76	309	45
74	321	45
163	311	46
163	312	46
163	313	46
163	314	46
163	315	46
163	316	46
163	317	46
163	318	46
163	319	46
163	320	46
163	310	46
163	321	46
302	61	36
303	61	36
304	61	36
305	61	36
300	62	36
301	62	36
298	63	36
299	63	36
296	64	36
297	64	36
294	65	36
295	65	36
292	66	36
293	66	36
290	67	36
291	67	36
306	62	36
289	68	36
305	366	0
306	367	0
307	368	0
308	369	0
308	370	0
308	371	0
308	372	0
308	373	0
309	374	0
312	370	0
311	371	0
310	372	0
310	373	0
309	374	0
315	61	27
311	62	27
312	62	27
313	62	27
314	62	27
316	62	27
317	61	27
310	63	27
210	17	0
211	18	0
212	19	0
213	20	0
214	21	0
215	22	0
216	23	0
209	16	0
217	24	0
382	237	3
381	238	3
380	239	3
379	240	3
378	241	3
383	236	3
377	242	3
316	107	32
314	108	32
315	108	32
317	108	32
318	109	32
313	109	32
319	110	32
198	221	47
200	221	47
202	221	47
204	221	47
206	221	47
179	222	47
184	222	47
186	222	47
188	222	47
190	222	47
192	222	47
193	222	47
194	222	47
195	222	47
196	222	47
197	222	47
199	222	47
201	222	47
203	222	47
205	222	47
207	222	47
208	222	47
177	223	47
178	223	47
180	223	47
181	223	47
182	223	47
183	223	47
185	223	47
187	223	47
189	223	47
191	223	47
176	224	47
174	225	47
175	225	47
172	226	47
173	226	47
170	227	47
171	227	47
169	228	47
209	222	47
168	229	47
426	262	0
427	261	0
425	263	0
384	14	7
384	15	7
384	16	7
383	13	7
384	17	7
284	324	31
282	325	31
283	325	31
285	325	31
286	325	31
287	325	31
288	325	31
289	325	31
290	325	31
291	325	31
292	325	31
293	325	31
294	325	31
279	326	31
280	326	31
281	326	31
295	326	31
296	326	31
276	327	31
278	327	31
277	328	31
297	327	31
275	328	31
307	61	35
308	61	35
309	62	35
306	62	35
310	63	35
343	159	9
344	159	9
324	160	9
325	160	9
326	160	9
327	160	9
328	160	9
329	160	9
332	160	9
334	160	9
339	160	9
340	160	9
342	160	9
323	161	9
330	161	9
331	161	9
333	161	9
335	161	9
336	161	9
337	161	9
338	161	9
341	161	9
321	162	9
322	162	9
320	163	9
319	164	9
318	165	9
318	166	9
317	167	9
315	168	9
316	168	9
314	169	9
313	170	9
312	171	9
311	172	9
310	173	9
309	174	9
309	175	9
308	176	9
307	177	9
345	158	9
306	178	9
422	15	0
421	16	0
421	17	0
318	62	33
319	62	33
317	61	33
320	63	33
389	336	3
388	337	3
388	338	3
387	339	3
387	340	3
390	335	3
324	66	3
325	67	3
326	68	3
327	69	3
328	70	3
323	65	3
328	71	3
423	107	9
423	108	9
424	109	9
424	110	9
274	262	0
275	261	0
273	263	0
358	258	12
358	259	12
358	260	12
358	261	12
358	262	12
358	257	12
440	109	2
442	109	2
443	109	2
444	109	2
445	109	2
446	109	2
439	110	2
441	110	2
447	110	2
438	111	2
228	17	0
229	16	0
229	18	0
80	154	46
80	155	46
79	156	46
79	157	46
78	158	46
79	159	46
78	160	46
79	161	46
79	162	46
79	163	46
79	164	46
80	165	46
80	166	46
81	167	46
81	153	46
82	168	46
232	17	0
231	16	0
252	63	0
253	63	0
254	63	0
255	63	0
251	64	0
162	322	0
157	323	0
159	323	0
160	323	0
161	323	0
146	324	0
149	324	0
151	324	0
152	324	0
153	324	0
154	324	0
155	324	0
156	324	0
158	324	0
83	325	0
84	325	0
85	325	0
86	325	0
87	325	0
88	325	0
89	325	0
90	325	0
91	325	0
92	325	0
93	325	0
94	325	0
95	325	0
96	325	0
97	325	0
98	325	0
99	325	0
100	325	0
101	325	0
102	325	0
103	325	0
104	325	0
105	325	0
106	325	0
107	325	0
108	325	0
109	325	0
110	325	0
111	325	0
112	325	0
113	325	0
114	325	0
115	325	0
116	325	0
117	325	0
118	325	0
119	325	0
120	325	0
121	325	0
122	325	0
123	325	0
124	325	0
125	325	0
126	325	0
127	325	0
128	325	0
129	325	0
130	325	0
131	325	0
132	325	0
133	325	0
134	325	0
135	325	0
136	325	0
137	325	0
138	325	0
139	325	0
140	325	0
141	325	0
142	325	0
143	325	0
144	325	0
145	325	0
147	325	0
148	325	0
150	325	0
163	321	0
82	325	0
206	369	47
207	369	47
208	370	47
209	370	47
210	371	47
211	372	47
212	372	47
213	372	47
214	373	47
215	373	47
216	373	47
217	373	47
218	374	47
219	374	47
220	375	47
221	376	47
222	376	47
223	377	47
205	368	47
224	378	47
344	17	26
345	17	26
346	17	26
343	16	26
347	17	26
470	33	0
466	34	0
467	34	0
468	34	0
469	34	0
465	33	0
388	259	1
389	260	1
390	261	1
391	262	1
392	263	1
387	258	1
291	106	36
291	107	36
292	108	36
293	109	36
294	110	36
291	105	36
294	111	36
436	210	11
437	210	11
411	224	8
412	224	8
413	224	8
410	225	8
409	226	8
408	227	8
407	228	8
406	229	8
225	377	0
226	378	0
224	378	0
227	379	0
237	138	36
238	138	36
240	138	36
242	138	36
244	138	36
249	138	36
251	138	36
253	138	36
239	139	36
241	139	36
243	139	36
245	139	36
246	139	36
247	139	36
248	139	36
250	139	36
252	139	36
236	138	36
254	139	36
326	72	4
327	72	4
325	73	4
323	74	4
324	74	4
322	75	4
321	76	4
328	71	4
320	75	4
348	16	27
349	16	27
350	16	27
351	16	27
352	17	27
347	17	27
351	18	27
426	264	0
425	265	0
425	266	0
425	263	0
381	386	0
380	387	0
374	388	0
375	388	0
376	388	0
377	388	0
378	388	0
379	388	0
368	389	0
370	389	0
371	389	0
372	389	0
373	389	0
362	390	0
364	390	0
365	390	0
366	390	0
367	390	0
369	390	0
356	391	0
358	391	0
359	391	0
360	391	0
361	391	0
363	391	0
346	392	0
348	392	0
350	392	0
352	392	0
353	392	0
354	392	0
355	392	0
357	392	0
336	393	0
338	393	0
340	393	0
341	393	0
342	393	0
343	393	0
344	393	0
345	393	0
347	393	0
349	393	0
351	393	0
331	394	0
332	394	0
333	394	0
334	394	0
335	394	0
337	394	0
339	394	0
382	387	0
150	207	41
150	208	41
150	209	41
150	210	41
150	211	41
150	212	41
150	213	41
150	214	41
150	215	41
150	216	41
150	217	41
150	218	41
150	219	41
150	220	41
150	221	41
150	222	41
150	223	41
150	224	41
150	225	41
150	226	41
150	206	41
150	227	41
348	18	27
349	18	27
347	17	27
350	19	27
326	58	27
326	59	27
326	60	27
326	61	27
325	62	27
324	63	27
326	57	27
323	64	27
280	368	39
281	369	39
282	369	39
283	370	39
284	370	39
285	371	39
286	372	39
287	373	39
288	373	39
289	374	39
290	375	39
291	376	39
306	376	39
307	376	39
292	377	39
293	377	39
304	377	39
305	377	39
294	378	39
295	378	39
296	378	39
302	378	39
303	378	39
297	379	39
298	379	39
299	379	39
300	379	39
301	379	39
279	367	39
308	375	39
396	17	6
395	18	6
397	16	6
394	19	6
418	16	1
419	17	1
420	18	1
417	15	1
421	17	1
429	115	7
429	116	7
430	117	7
430	118	7
430	119	7
431	120	7
432	121	7
433	122	7
433	123	7
434	124	7
435	125	7
429	114	7
436	126	7
493	116	964
494	117	964
494	118	964
365	57	22
366	58	22
367	59	22
368	59	22
369	60	22
370	61	22
396	61	22
397	61	22
371	62	22
392	62	22
394	62	22
395	62	22
372	63	22
373	63	22
391	63	22
393	63	22
374	64	22
375	64	22
376	64	22
378	64	22
390	64	22
377	65	22
379	65	22
381	65	22
387	65	22
388	65	22
389	65	22
380	66	22
382	66	22
383	66	22
384	66	22
385	66	22
386	66	22
364	56	22
398	61	22
451	106	0
450	107	0
449	108	0
452	105	0
448	109	0
414	269	952
415	270	952
240	108	47
241	108	47
238	109	47
239	109	47
236	110	47
237	110	47
230	111	47
232	111	47
233	111	47
234	111	47
235	111	47
229	112	47
231	112	47
227	113	47
228	113	47
226	114	47
212	115	47
225	115	47
213	116	47
214	116	47
224	116	47
215	117	47
216	117	47
222	117	47
223	117	47
217	118	47
218	118	47
220	118	47
221	118	47
219	119	47
242	107	47
211	114	47
298	110	31
299	110	31
296	111	31
297	111	31
300	109	31
295	112	31
361	312	20
362	312	20
363	312	20
364	312	20
365	312	20
366	312	20
367	312	20
368	312	20
369	312	20
370	312	20
371	312	20
372	312	20
373	312	20
375	312	20
359	313	20
360	313	20
374	313	20
376	313	20
377	313	20
378	313	20
379	313	20
380	313	20
381	313	20
382	313	20
358	314	20
383	314	20
384	314	20
385	314	20
357	315	20
356	316	20
355	317	20
354	318	20
353	319	20
405	228	7
406	229	7
321	109	7
323	109	7
325	109	7
327	109	7
329	109	7
331	109	7
333	109	7
335	109	7
320	110	7
322	110	7
324	110	7
326	110	7
328	110	7
330	110	7
332	110	7
334	110	7
336	110	7
337	110	7
338	110	7
339	110	7
340	110	7
341	110	7
343	110	7
342	111	7
344	111	7
345	111	7
319	110	7
346	112	7
153	227	44
154	227	44
155	227	44
158	227	44
152	228	44
156	228	44
157	228	44
159	228	44
160	228	44
161	228	44
162	228	44
164	228	44
166	228	44
163	229	44
165	229	44
167	229	44
151	228	44
168	229	44
328	33	1
327	34	1
326	35	1
325	36	1
329	32	1
400	63	22
400	64	22
400	65	22
401	66	22
399	62	22
211	223	45
212	223	45
213	224	45
214	225	45
215	225	45
216	226	45
218	226	45
217	227	45
219	227	45
220	228	45
221	228	45
222	228	45
223	228	45
224	228	45
225	228	45
226	229	45
210	222	45
227	230	45
367	269	952
368	269	952
370	269	952
369	270	952
371	270	952
372	271	952
373	271	952
374	271	952
375	272	952
376	273	952
398	108	19
400	108	19
402	108	19
395	109	19
396	109	19
397	109	19
399	109	19
401	109	19
403	109	19
404	109	19
405	109	19
406	109	19
392	110	19
393	110	19
394	110	19
407	110	19
388	111	19
389	111	19
390	111	19
391	111	19
408	111	19
385	112	19
386	112	19
387	112	19
384	113	19
381	114	19
382	114	19
383	114	19
376	115	19
377	115	19
378	115	19
379	115	19
380	115	19
374	116	19
375	116	19
409	112	19
373	117	19
410	111	1
411	111	1
409	112	1
276	367	43
271	368	43
273	368	43
274	368	43
275	368	43
277	368	43
268	369	43
269	369	43
270	369	43
272	369	43
264	370	43
266	370	43
267	370	43
262	371	43
263	371	43
265	371	43
261	372	43
259	373	43
260	373	43
250	374	43
251	374	43
252	374	43
253	374	43
254	374	43
256	374	43
257	374	43
258	374	43
244	375	43
245	375	43
246	375	43
247	375	43
248	375	43
249	375	43
255	375	43
235	376	43
238	376	43
240	376	43
241	376	43
242	376	43
243	376	43
229	377	43
231	377	43
232	377	43
233	377	43
234	377	43
236	377	43
237	377	43
239	377	43
228	378	43
230	378	43
278	367	43
227	379	43
123	369	19
123	370	19
123	371	19
123	372	19
123	373	19
123	374	19
123	375	19
124	376	19
125	377	19
126	378	19
127	379	19
128	379	19
129	380	19
130	380	19
131	381	19
132	381	19
133	382	19
134	382	19
135	383	19
136	383	19
137	384	19
138	384	19
139	385	19
140	385	19
123	368	19
141	386	19
524	105	0
523	104	0
525	106	0
237	58	47
238	59	47
239	60	47
240	60	47
241	61	47
242	62	47
243	62	47
244	63	47
245	63	47
246	63	47
248	63	47
250	63	47
247	64	47
249	64	47
236	57	47
251	64	47
464	111	0
465	111	0
463	112	0
77	202	47
77	203	47
76	204	47
76	205	47
75	206	47
75	207	47
74	208	47
74	209	47
73	210	47
73	211	47
72	212	47
72	213	47
71	214	47
72	215	47
72	216	47
73	217	47
73	218	47
74	219	47
74	220	47
75	221	47
75	222	47
76	223	47
76	224	47
77	225	47
77	226	47
78	227	47
78	228	47
79	229	47
79	230	47
80	231	47
80	232	47
78	201	47
81	233	47
296	10	36
296	11	36
296	12	36
296	13	36
296	14	36
296	15	36
296	16	36
296	17	36
297	18	36
298	19	36
299	19	36
300	20	36
301	20	36
303	20	36
302	21	36
304	21	36
305	21	36
296	9	36
306	22	36
238	221	47
240	221	47
242	221	47
244	221	47
237	222	47
239	222	47
241	222	47
243	222	47
245	222	47
246	222	47
247	222	47
248	222	47
261	222	47
262	222	47
235	223	47
236	223	47
249	223	47
250	223	47
251	223	47
252	223	47
253	223	47
255	223	47
257	223	47
259	223	47
260	223	47
234	224	47
254	224	47
256	224	47
258	224	47
233	225	47
231	226	47
232	226	47
230	227	47
229	228	47
263	221	47
228	229	47
306	256	0
307	256	0
310	256	0
311	256	0
308	257	0
309	257	0
312	255	0
305	256	0
306	63	35
306	64	35
306	65	35
306	66	35
306	67	35
306	62	35
307	68	35
412	231	8
413	231	8
408	232	8
409	232	8
410	232	8
411	232	8
407	231	8
377	18	0
377	19	0
376	17	0
377	20	0
151	262	42
151	263	42
151	264	42
151	265	42
151	266	42
151	267	42
151	268	42
151	269	42
152	270	42
152	271	42
152	272	42
152	273	42
152	274	42
152	275	42
152	276	42
151	261	42
152	277	42
224	379	45
223	380	45
222	381	45
221	382	45
220	383	45
219	384	45
218	385	45
224	378	45
217	386	45
229	164	40
229	165	40
228	166	40
228	167	40
227	168	40
227	169	40
227	170	40
227	171	40
226	172	40
226	173	40
226	174	40
226	175	40
226	176	40
226	177	40
226	178	40
387	378	6
386	379	6
386	380	6
386	381	6
385	382	6
384	383	6
384	384	6
383	385	6
383	386	6
192	275	42
193	275	42
194	275	42
195	275	42
196	275	42
189	276	42
190	276	42
191	276	42
197	276	42
198	276	42
185	277	42
186	277	42
187	277	42
188	277	42
184	278	42
182	279	42
183	279	42
181	280	42
199	277	42
180	281	42
83	168	46
84	168	46
85	168	46
86	168	46
87	168	46
88	168	46
89	168	46
90	168	46
91	168	46
92	168	46
93	168	46
94	168	46
95	168	46
96	168	46
97	168	46
98	168	46
99	168	46
100	168	46
101	168	46
102	168	46
103	168	46
104	168	46
105	168	46
106	168	46
107	168	46
108	168	46
109	168	46
110	168	46
111	168	46
112	168	46
113	168	46
114	168	46
115	168	46
116	168	46
117	168	46
118	168	46
119	168	46
120	168	46
121	168	46
122	168	46
123	168	46
124	168	46
125	168	46
126	168	46
127	168	46
128	168	46
129	168	46
130	168	46
131	168	46
132	168	46
133	168	46
134	168	46
135	168	46
136	168	46
137	168	46
138	168	46
139	168	46
140	168	46
141	168	46
142	168	46
143	168	46
144	168	46
145	168	46
146	168	46
147	169	46
148	170	46
149	171	46
150	172	46
151	173	46
152	174	46
153	175	46
154	176	46
155	177	46
156	178	46
82	168	46
157	179	46
383	19	1
382	20	1
381	21	1
384	18	1
380	22	1
422	18	0
423	19	0
423	20	0
424	21	0
421	17	0
264	67	43
265	67	43
266	67	43
267	67	43
268	67	43
269	67	43
270	67	43
271	67	43
272	67	43
274	67	43
275	67	43
276	67	43
277	67	43
278	67	43
279	67	43
280	67	43
281	67	43
282	67	43
283	67	43
284	67	43
285	67	43
286	67	43
288	67	43
273	68	43
287	68	43
263	67	43
289	68	43
434	109	4
433	110	4
432	111	4
431	112	4
435	108	4
430	113	4
231	271	1
230	272	1
229	273	1
229	274	1
229	275	1
229	276	1
230	277	1
159	14	46
160	14	46
161	15	46
162	15	46
163	16	46
165	16	46
167	16	46
164	17	46
166	17	46
168	17	46
169	17	46
170	17	46
171	17	46
172	17	46
173	17	46
174	17	46
175	18	46
176	18	46
177	19	46
178	19	46
179	20	46
180	20	46
181	21	46
182	21	46
183	22	46
158	13	46
184	23	46
185	22	0
184	23	0
186	23	0
199	12	46
197	13	46
198	13	46
196	14	46
195	15	46
194	16	46
193	17	46
192	18	46
191	19	46
189	20	46
190	20	46
188	21	46
187	22	46
200	11	46
186	23	46
275	244	39
276	245	39
277	246	39
278	247	39
278	248	39
278	249	39
361	175	11
359	176	11
360	176	11
358	177	11
357	178	11
356	179	11
355	180	11
308	21	1
307	22	1
309	22	1
306	22	1
310	23	1
449	111	3
461	111	3
450	112	3
451	112	3
452	112	3
453	112	3
455	112	3
456	112	3
457	112	3
458	112	3
459	112	3
460	112	3
454	113	3
448	110	3
462	112	3
260	287	37
260	288	37
259	286	37
259	289	37
174	158	42
173	159	42
172	160	42
171	161	42
170	162	42
169	163	42
170	164	42
169	165	42
169	166	42
169	167	42
169	168	42
169	169	42
168	170	42
168	171	42
168	172	42
168	173	42
168	174	42
168	175	42
168	176	42
168	177	42
168	178	42
168	179	42
168	180	42
175	158	42
168	181	42
227	179	0
228	179	0
229	180	0
230	180	0
226	178	0
231	181	0
420	242	0
420	243	0
421	244	0
419	241	0
205	107	45
206	108	45
207	108	45
208	109	45
209	110	45
209	111	45
209	112	45
209	113	45
204	106	45
209	114	45
217	105	3
216	106	3
215	107	3
214	108	3
214	109	3
213	110	3
213	111	3
212	112	3
211	113	3
218	104	3
211	114	3
208	316	0
209	317	0
210	318	0
208	315	0
211	319	0
352	20	26
353	21	26
354	21	26
355	21	26
356	21	26
358	21	26
369	21	26
371	21	26
372	21	26
374	21	26
375	21	26
357	22	26
359	22	26
360	22	26
361	22	26
363	22	26
364	22	26
365	22	26
366	22	26
367	22	26
368	22	26
370	22	26
373	22	26
362	23	26
351	19	26
376	21	26
301	249	2
302	250	2
303	251	2
300	248	2
304	252	2
304	179	3
303	180	3
300	181	3
301	181	3
302	181	3
299	182	3
297	183	3
298	183	3
296	184	3
295	185	3
294	186	3
293	187	3
292	188	3
290	189	3
291	189	3
289	190	3
288	191	3
305	179	3
287	192	3
251	65	47
251	66	47
251	67	47
251	68	47
251	69	47
251	70	47
251	64	47
251	71	47
261	68	0
262	68	0
259	69	0
260	69	0
256	70	0
257	70	0
258	70	0
254	71	0
255	71	0
252	72	0
253	72	0
263	67	0
251	71	0
229	278	1
230	277	1
229	279	1
82	91	46
81	92	46
81	93	46
80	94	46
80	95	46
79	96	46
79	97	46
78	98	46
78	99	46
77	100	46
77	101	46
76	102	46
76	103	46
75	104	46
75	105	46
74	106	46
74	107	46
73	108	46
73	109	46
73	110	46
74	111	46
74	112	46
75	113	46
75	114	46
83	90	46
76	115	46
159	180	0
160	181	0
161	181	0
162	182	0
163	182	0
164	182	0
165	182	0
166	182	0
167	182	0
158	179	0
168	181	0
311	22	9
313	22	9
315	22	9
312	23	9
314	23	9
316	23	9
310	23	9
457	35	0
456	36	0
455	37	0
454	38	0
458	34	0
454	39	0
203	108	0
202	109	0
202	110	0
202	111	0
202	112	0
202	113	0
202	114	0
203	107	0
202	115	0
202	230	43
202	231	43
202	232	43
202	233	43
202	234	43
400	233	0
401	234	0
404	232	0
405	232	0
403	233	0
406	231	0
402	234	0
169	230	4
170	230	4
171	231	4
172	231	4
173	232	4
174	233	4
175	233	4
176	234	4
177	234	4
179	234	4
192	234	4
194	234	4
195	234	4
196	234	4
197	234	4
198	234	4
199	234	4
200	234	4
178	235	4
180	235	4
181	235	4
182	235	4
183	235	4
184	235	4
185	235	4
186	235	4
187	235	4
188	235	4
189	235	4
190	235	4
191	235	4
193	235	4
201	235	4
168	229	4
202	234	4
146	339	0
99	340	0
100	340	0
101	340	0
102	340	0
103	340	0
104	340	0
105	340	0
106	340	0
107	340	0
108	340	0
109	340	0
110	340	0
111	340	0
112	340	0
113	340	0
114	340	0
115	340	0
116	340	0
117	340	0
118	340	0
119	340	0
120	340	0
121	340	0
122	340	0
123	340	0
124	340	0
125	340	0
126	340	0
127	340	0
128	340	0
129	340	0
130	340	0
131	340	0
132	340	0
133	340	0
134	340	0
135	340	0
136	340	0
137	340	0
138	340	0
139	340	0
140	340	0
141	340	0
142	340	0
143	340	0
144	340	0
145	340	0
147	340	0
148	340	0
149	341	0
98	340	0
150	342	0
302	111	36
312	111	36
303	112	36
311	112	36
304	113	36
310	113	36
305	114	36
306	114	36
307	114	36
308	114	36
309	114	36
301	110	36
313	110	36
383	232	13
383	233	13
383	234	13
383	235	13
226	14	47
225	15	47
224	16	47
223	17	47
223	18	47
223	19	47
223	20	47
223	21	47
223	22	47
223	23	47
223	24	47
227	13	47
223	25	47
236	275	42
235	276	42
234	277	42
233	278	42
232	279	42
231	280	42
157	95	0
158	96	0
159	97	0
160	98	0
156	94	0
161	99	0
256	283	0
257	284	0
258	285	0
259	286	0
338	291	13
339	292	13
337	290	13
296	274	33
296	275	33
295	276	33
295	277	33
295	278	33
295	279	33
295	280	33
412	246	2
412	247	2
412	248	2
412	249	2
413	250	2
413	251	2
413	252	2
413	245	2
335	233	0
334	234	0
333	235	0
183	24	0
181	25	0
182	25	0
184	23	0
180	26	0
227	205	4
225	206	4
226	206	4
228	206	4
224	205	4
229	205	4
444	66	17
445	66	17
446	66	17
447	66	17
448	66	17
449	66	17
443	67	17
450	67	17
451	67	17
452	67	17
442	68	17
453	68	17
454	68	17
455	68	17
456	68	17
440	69	17
441	69	17
457	69	17
439	70	17
458	70	17
459	70	17
438	71	17
460	71	17
438	72	17
437	73	17
436	74	17
436	75	17
2	2	0
3	3	0
4	4	0
5	5	0
6	6	0
7	7	0
8	8	0
9	9	0
10	10	0
11	11	0
12	12	0
13	13	0
14	14	0
15	15	0
16	16	0
17	17	0
18	18	0
19	19	0
20	20	0
21	21	0
22	22	0
23	23	0
24	24	0
25	25	0
26	26	0
27	27	0
28	28	0
29	29	0
30	30	0
31	31	0
32	32	0
33	33	0
34	34	0
35	35	0
36	36	0
37	37	0
38	38	0
39	39	0
40	40	0
41	41	0
42	42	0
43	43	0
44	44	0
45	45	0
46	46	0
47	47	0
48	48	0
49	49	0
50	50	0
51	51	0
52	52	0
53	53	0
54	54	0
55	55	0
56	56	0
57	57	0
58	58	0
59	59	0
60	60	0
61	61	0
62	62	0
63	63	0
64	64	0
65	65	0
66	66	0
67	67	0
68	68	0
69	69	0
70	70	0
71	71	0
72	72	0
73	73	0
100	57	47
101	57	47
98	58	47
99	58	47
96	59	47
97	59	47
94	60	47
95	60	47
92	61	47
93	61	47
90	62	47
91	62	47
88	63	47
89	63	47
86	64	47
87	64	47
84	65	47
85	65	47
82	66	47
83	66	47
80	67	47
81	67	47
78	68	47
79	68	47
77	69	47
76	70	47
76	71	47
75	72	47
102	56	47
74	73	47
160	54	47
161	55	47
162	55	47
198	55	47
163	56	47
164	56	47
196	56	47
197	56	47
165	57	47
194	57	47
195	57	47
166	58	47
167	58	47
192	58	47
193	58	47
168	59	47
169	59	47
176	59	47
186	59	47
187	59	47
188	59	47
189	59	47
190	59	47
191	59	47
170	60	47
171	60	47
172	60	47
173	60	47
174	60	47
175	60	47
177	60	47
178	60	47
179	60	47
180	60	47
181	60	47
182	60	47
183	60	47
184	60	47
185	60	47
159	53	47
199	54	47
174	280	0
175	280	0
176	280	0
177	280	0
178	280	0
179	280	0
172	281	0
173	281	0
170	282	0
171	282	0
180	281	0
169	283	0
409	11	2
408	12	2
408	13	2
410	10	2
408	14	2
200	276	0
202	276	0
203	276	0
204	276	0
205	276	0
206	276	0
207	276	0
209	276	0
201	277	0
208	277	0
210	277	0
211	277	0
212	278	0
213	279	0
214	279	0
216	279	0
218	279	0
220	279	0
221	279	0
215	280	0
217	280	0
219	280	0
222	280	0
223	280	0
224	280	0
199	277	0
225	281	0
518	86	0
519	86	0
520	86	0
522	86	0
521	87	0
523	87	0
524	86	0
517	87	0
230	280	0
229	279	0
231	280	0
320	21	4
321	22	4
322	23	4
322	24	4
322	25	4
322	26	4
218	387	0
219	388	0
220	388	0
221	389	0
222	389	0
223	390	0
224	390	0
225	391	0
217	386	0
226	390	0
408	17	3
408	18	3
409	19	3
410	20	3
411	21	3
412	21	3
413	22	3
414	22	3
415	23	3
415	24	3
416	25	3
408	16	3
354	182	0
353	183	0
351	184	0
352	184	0
355	181	0
350	185	0
357	181	12
368	181	12
358	182	12
359	182	12
367	182	12
360	183	12
361	183	12
362	183	12
363	183	12
364	183	12
366	183	12
365	184	12
356	181	12
354	320	18
355	320	18
356	321	18
357	321	18
358	322	18
359	322	18
360	322	18
362	322	18
363	322	18
364	322	18
365	322	18
366	322	18
361	323	18
353	319	18
227	72	39
229	72	39
230	72	39
231	72	39
232	72	39
234	72	39
236	72	39
237	72	39
238	72	39
239	72	39
240	72	39
241	72	39
242	72	39
243	72	39
245	72	39
246	72	39
247	72	39
248	72	39
249	72	39
250	72	39
214	73	39
216	73	39
222	73	39
224	73	39
226	73	39
228	73	39
233	73	39
235	73	39
244	73	39
215	74	39
217	74	39
218	74	39
219	74	39
220	74	39
221	74	39
223	74	39
225	74	39
251	71	39
213	74	39
180	282	34
180	283	34
180	284	34
180	285	34
181	286	34
182	287	34
183	288	34
183	289	34
183	290	34
183	291	34
180	281	34
183	292	34
218	23	0
219	24	0
220	25	0
221	25	0
222	26	0
217	24	0
223	25	0
228	19	47
228	20	47
228	21	47
228	22	47
228	23	47
228	24	47
228	25	47
228	26	47
229	18	47
228	27	47
226	280	0
228	280	0
227	281	0
229	279	0
225	281	0
243	25	46
245	25	46
247	25	46
248	25	46
250	25	46
239	26	46
241	26	46
242	26	46
244	26	46
246	26	46
249	26	46
251	26	46
252	26	46
236	27	46
238	27	46
240	27	46
229	28	46
230	28	46
232	28	46
235	28	46
237	28	46
231	29	46
233	29	46
234	29	46
253	25	46
228	27	46
164	322	47
165	323	47
166	323	47
167	323	47
168	323	47
169	323	47
170	324	47
171	324	47
172	324	47
173	324	47
174	324	47
176	324	47
175	325	47
177	325	47
178	326	47
179	326	47
180	326	47
181	326	47
182	327	47
183	327	47
184	327	47
186	327	47
185	328	47
187	328	47
188	329	47
189	329	47
190	329	47
191	329	47
192	329	47
193	329	47
194	329	47
195	329	47
196	329	47
197	329	47
198	329	47
200	329	47
202	329	47
203	329	47
204	329	47
205	329	47
206	329	47
207	329	47
208	329	47
209	329	47
210	329	47
211	329	47
212	329	47
199	330	47
201	330	47
213	330	47
214	330	47
215	331	47
216	331	47
217	332	47
218	332	47
219	332	47
220	332	47
163	321	47
221	333	47
73	322	0
72	323	0
71	324	0
70	325	0
69	326	0
68	327	0
67	328	0
66	329	0
65	330	0
64	331	0
63	332	0
62	333	0
61	334	0
60	335	0
59	336	0
58	337	0
57	338	0
56	339	0
55	340	0
54	341	0
53	342	0
52	343	0
51	344	0
50	345	0
49	346	0
48	347	0
47	348	0
46	349	0
45	350	0
44	351	0
43	352	0
42	353	0
41	354	0
40	355	0
39	356	0
38	357	0
37	358	0
36	359	0
35	360	0
34	361	0
33	362	0
32	363	0
31	364	0
30	365	0
29	366	0
28	367	0
27	368	0
26	369	0
25	370	0
24	371	0
23	372	0
22	373	0
21	374	0
20	375	0
19	376	0
18	377	0
17	378	0
16	379	0
15	380	0
14	381	0
13	382	0
12	383	0
11	384	0
10	385	0
9	386	0
8	387	0
7	388	0
6	389	0
5	390	0
4	391	0
3	392	0
2	393	0
1	394	0
74	321	0
141	388	19
141	389	19
141	390	19
141	391	19
142	392	19
143	393	19
144	393	19
145	394	19
141	387	19
146	393	19
147	394	10
148	394	10
146	393	10
227	231	45
227	232	45
227	233	45
227	234	45
226	235	45
226	236	45
226	237	45
227	230	45
226	238	45
202	72	38
204	72	38
206	72	38
208	72	38
210	72	38
200	73	38
201	73	38
203	73	38
205	73	38
207	73	38
209	73	38
211	73	38
212	73	38
198	74	38
199	74	38
196	75	38
197	75	38
194	76	38
195	76	38
213	74	38
193	77	38
154	278	0
155	278	0
156	278	0
157	278	0
158	279	0
159	279	0
160	280	0
161	280	0
162	280	0
164	280	0
163	281	0
165	281	0
166	281	0
167	282	0
168	282	0
153	278	0
169	283	0
262	252	36
263	252	36
264	252	36
266	252	36
267	252	36
268	252	36
269	252	36
270	252	36
271	252	36
272	252	36
265	253	36
261	251	36
273	252	36
416	235	2
415	236	2
417	236	2
414	237	2
413	238	2
413	239	2
413	240	2
413	241	2
244	392	952
242	393	952
243	393	952
245	393	952
246	393	952
241	394	952
247	394	952
328	234	13
330	234	13
332	234	13
326	235	13
327	235	13
329	235	13
331	235	13
325	236	13
323	237	13
324	237	13
333	235	13
322	238	13
298	251	36
298	252	36
298	253	36
298	254	36
298	255	36
298	256	36
299	257	36
300	258	36
298	250	36
301	259	36
386	235	13
385	236	13
387	236	13
388	237	13
384	236	13
257	64	2
258	64	2
259	65	2
260	65	2
261	66	2
262	66	2
256	63	2
263	67	2
394	20	5
394	21	5
394	22	5
395	23	5
396	24	5
397	25	5
398	26	5
394	19	5
399	27	5
422	262	2
423	262	2
424	263	2
425	263	2
291	278	33
291	279	33
291	280	33
291	281	33
291	282	33
291	283	33
382	329	1
381	330	1
380	331	1
210	115	0
209	114	0
211	114	0
463	26	954
464	26	954
307	180	32
308	181	32
309	182	32
310	182	32
311	183	32
311	184	32
312	185	32
334	185	32
341	185	32
346	185	32
313	186	32
329	186	32
331	186	32
332	186	32
333	186	32
335	186	32
336	186	32
337	186	32
338	186	32
339	186	32
340	186	32
342	186	32
343	186	32
344	186	32
345	186	32
347	186	32
348	186	32
314	187	32
315	187	32
316	187	32
324	187	32
326	187	32
327	187	32
328	187	32
330	187	32
317	188	32
318	188	32
319	188	32
320	188	32
321	188	32
322	188	32
323	188	32
325	188	32
306	179	32
349	185	32
396	70	0
396	71	0
396	72	0
396	73	0
396	74	0
384	388	6
385	389	6
386	390	6
387	391	6
383	387	6
229	330	45
226	331	45
228	331	45
230	331	45
231	331	45
222	332	45
223	332	45
224	332	45
225	332	45
227	332	45
232	332	45
221	333	45
235	330	45
233	331	45
234	331	45
236	330	45
232	332	45
224	179	43
225	179	43
223	180	43
222	181	43
221	182	43
220	183	43
218	184	43
219	184	43
217	185	43
216	186	43
214	187	43
215	187	43
226	178	43
213	188	43
187	24	0
188	25	0
189	25	0
217	25	0
190	26	0
216	26	0
191	27	0
192	27	0
213	27	0
214	27	0
215	27	0
193	28	0
194	28	0
211	28	0
212	28	0
195	29	0
196	29	0
209	29	0
210	29	0
197	30	0
198	30	0
200	30	0
202	30	0
204	30	0
207	30	0
208	30	0
199	31	0
201	31	0
203	31	0
205	31	0
206	31	0
186	23	0
217	24	0
233	181	41
234	182	41
235	182	41
236	182	41
237	182	41
239	182	41
238	183	41
240	183	41
241	183	41
242	183	41
243	183	41
244	183	41
245	183	41
246	183	41
247	183	41
248	183	41
249	183	41
250	183	41
252	183	41
254	183	41
251	184	41
253	184	41
255	184	41
256	184	41
257	184	41
258	184	41
259	185	41
260	185	41
261	186	41
262	186	41
263	186	41
264	186	41
265	187	41
232	181	41
266	188	41
408	113	11
407	114	11
406	115	11
409	112	11
204	234	0
203	235	0
205	235	0
206	235	0
207	235	0
208	236	0
209	236	0
210	236	0
212	236	0
211	237	0
213	237	0
214	237	0
215	237	0
217	237	0
216	238	0
218	238	0
220	238	0
222	238	0
219	239	0
221	239	0
223	239	0
224	239	0
202	234	0
225	239	0
463	114	0
464	115	0
463	113	0
161	101	1
161	102	1
161	103	1
161	104	1
161	105	1
161	106	1
161	107	1
161	108	1
160	109	1
158	110	1
159	110	1
156	111	1
157	111	1
154	112	1
155	112	1
152	113	1
153	113	1
150	114	1
151	114	1
77	115	1
78	115	1
79	115	1
80	115	1
81	115	1
82	115	1
83	115	1
84	115	1
85	115	1
86	115	1
87	115	1
88	115	1
89	115	1
90	115	1
91	115	1
92	115	1
93	115	1
94	115	1
95	115	1
96	115	1
97	115	1
98	115	1
99	115	1
100	115	1
101	115	1
102	115	1
103	115	1
104	115	1
105	115	1
106	115	1
107	115	1
108	115	1
109	115	1
110	115	1
111	115	1
112	115	1
113	115	1
114	115	1
115	115	1
116	115	1
117	115	1
118	115	1
119	115	1
120	115	1
121	115	1
122	115	1
123	115	1
124	115	1
125	115	1
126	115	1
127	115	1
128	115	1
129	115	1
130	115	1
131	115	1
132	115	1
133	115	1
134	115	1
135	115	1
136	115	1
137	115	1
138	115	1
139	115	1
140	115	1
141	115	1
142	115	1
143	115	1
144	115	1
145	115	1
147	115	1
149	115	1
146	116	1
148	116	1
161	100	1
76	115	1
320	65	29
320	66	29
320	67	29
320	68	29
320	69	29
320	70	29
320	71	29
320	72	29
320	73	29
320	74	29
320	64	29
320	75	29
317	279	31
316	280	31
297	281	31
314	281	31
315	281	31
298	282	31
299	282	31
312	282	31
313	282	31
300	283	31
301	283	31
302	283	31
304	283	31
309	283	31
310	283	31
311	283	31
303	284	31
305	284	31
306	284	31
307	284	31
308	284	31
318	278	31
296	281	31
146	387	11
146	388	11
146	389	11
146	390	11
146	391	11
146	392	11
146	386	11
146	393	11
373	118	20
372	119	20
349	120	20
371	120	20
350	121	20
351	121	20
352	121	20
353	121	20
354	121	20
356	121	20
358	121	20
360	121	20
362	121	20
369	121	20
370	121	20
355	122	20
357	122	20
359	122	20
361	122	20
363	122	20
364	122	20
365	122	20
366	122	20
367	122	20
368	122	20
373	117	20
182	107	0
183	108	0
184	108	0
185	109	0
186	110	0
187	110	0
188	111	0
189	112	0
190	112	0
191	113	0
192	113	0
193	114	0
194	114	0
195	115	0
196	115	0
197	115	0
198	116	0
199	116	0
200	116	0
201	116	0
181	106	0
202	115	0
305	23	31
304	24	31
304	25	31
304	26	31
304	27	31
306	22	31
304	28	31
342	17	27
341	18	27
340	19	27
338	20	27
339	20	27
336	21	27
337	21	27
335	22	27
334	23	27
333	24	27
331	25	27
332	25	27
330	26	27
329	27	27
343	16	27
328	28	27
350	109	23
352	109	23
354	109	23
348	110	23
349	110	23
351	110	23
353	110	23
355	110	23
347	111	23
356	111	23
357	111	23
358	111	23
359	112	23
360	112	23
361	113	23
362	113	23
363	114	23
364	114	23
366	114	23
368	114	23
365	115	23
367	115	23
369	115	23
370	115	23
371	116	23
372	116	23
346	112	23
373	117	23
405	25	0
402	26	0
403	26	0
404	26	0
406	26	0
401	27	0
407	27	0
400	27	0
80	253	0
79	254	0
79	255	0
78	256	0
78	257	0
77	258	0
77	259	0
76	260	0
76	261	0
75	262	0
75	263	0
74	264	0
74	265	0
73	266	0
73	267	0
72	268	0
72	269	0
71	270	0
71	271	0
71	272	0
72	273	0
72	274	0
73	275	0
73	276	0
74	277	0
74	278	0
75	279	0
75	280	0
76	281	0
76	282	0
77	283	0
77	284	0
78	285	0
81	252	0
79	286	0
438	112	4
438	113	4
439	114	4
439	115	4
440	116	4
438	111	4
232	333	46
232	334	46
232	335	46
232	336	46
232	337	46
232	338	46
232	339	46
232	340	46
233	341	46
234	342	46
232	332	46
234	343	46
381	332	1
382	332	1
383	333	1
380	331	1
207	115	40
208	115	40
203	116	40
205	116	40
206	116	40
204	117	40
209	114	40
202	115	40
224	26	47
225	27	47
226	27	47
227	28	47
223	25	47
228	27	47
420	240	0
419	241	0
268	277	42
266	278	42
267	278	42
265	279	42
263	280	42
264	280	42
262	281	42
262	282	42
261	283	42
260	284	42
260	285	42
269	276	42
259	286	42
340	69	10
341	69	10
342	69	10
343	69	10
344	69	10
345	69	10
346	69	10
347	69	10
348	69	10
349	69	10
350	69	10
352	69	10
354	69	10
335	70	10
337	70	10
338	70	10
339	70	10
351	70	10
353	70	10
355	70	10
356	70	10
357	70	10
358	70	10
360	70	10
330	71	10
331	71	10
333	71	10
334	71	10
336	71	10
359	71	10
361	71	10
362	71	10
363	71	10
365	71	10
329	72	10
332	72	10
364	72	10
366	72	10
367	72	10
368	72	10
369	73	10
370	73	10
371	73	10
372	73	10
373	73	10
374	73	10
376	73	10
378	73	10
375	74	10
377	74	10
379	74	10
380	74	10
381	74	10
382	74	10
383	74	10
384	74	10
385	74	10
386	74	10
388	74	10
387	75	10
389	75	10
390	75	10
391	75	10
392	75	10
393	75	10
394	75	10
395	75	10
328	71	10
396	74	10
227	240	47
228	241	47
229	241	47
230	241	47
231	241	47
226	239	47
232	241	47
503	76	960
502	77	960
389	334	0
390	335	0
391	334	0
390	335	0
231	183	43
231	184	43
231	185	43
231	186	43
231	187	43
231	188	43
231	189	43
231	190	43
231	182	43
232	191	43
309	24	31
309	25	31
309	26	31
309	27	31
309	28	31
310	23	31
309	29	31
166	306	47
167	306	47
165	307	47
164	308	47
168	305	47
163	309	47
306	69	5
305	70	5
305	71	5
304	72	5
304	73	5
304	74	5
304	75	5
304	76	5
307	68	5
304	77	5
346	113	2
346	114	2
346	115	2
346	116	2
346	117	2
347	118	2
346	112	2
324	27	0
323	28	0
325	28	0
326	28	0
322	27	0
327	28	0
442	117	952
443	117	952
444	117	952
445	118	952
377	23	19
377	24	19
377	25	19
377	26	19
376	27	19
375	28	19
377	22	19
233	191	0
232	191	0
234	242	0
233	241	0
235	243	0
221	334	0
220	335	0
219	336	0
218	337	0
221	333	0
217	338	0
468	75	952
468	76	952
237	331	47
238	332	47
239	332	47
240	333	47
241	334	47
242	335	47
243	336	47
244	337	47
236	330	47
245	338	47
386	18	13
387	18	13
389	18	13
390	18	13
392	18	13
393	18	13
388	19	13
391	19	13
385	18	13
394	19	13
163	102	42
163	103	42
163	104	42
163	105	42
163	106	42
163	107	42
163	108	42
163	109	42
163	110	42
163	111	42
163	112	42
163	113	42
163	114	42
163	115	42
163	116	42
163	117	42
163	118	42
163	119	42
163	120	42
164	121	42
163	101	42
165	122	42
165	103	42
165	104	42
165	105	42
165	106	42
165	107	42
165	108	42
165	109	42
165	110	42
165	111	42
165	112	42
165	113	42
165	114	42
165	115	42
165	116	42
165	117	42
165	118	42
165	119	42
166	120	42
166	121	42
165	102	42
165	122	42
293	113	31
291	114	31
292	114	31
290	115	31
288	116	31
289	116	31
287	117	31
286	118	31
286	119	31
286	120	31
286	121	31
294	112	31
286	122	31
366	239	23
369	239	23
371	239	23
364	240	23
365	240	23
367	240	23
368	240	23
370	240	23
372	240	23
373	240	23
361	241	23
362	241	23
363	241	23
374	241	23
375	241	23
360	242	23
376	242	23
358	243	23
359	243	23
349	244	23
350	244	23
352	244	23
354	244	23
355	244	23
357	244	23
351	245	23
353	245	23
356	245	23
377	242	23
348	244	23
282	25	16
284	25	16
286	25	16
255	26	16
256	26	16
275	26	16
276	26	16
277	26	16
278	26	16
279	26	16
280	26	16
281	26	16
283	26	16
285	26	16
287	26	16
288	26	16
289	26	16
290	26	16
291	26	16
292	26	16
294	26	16
296	26	16
257	27	16
258	27	16
270	27	16
272	27	16
273	27	16
274	27	16
293	27	16
295	27	16
297	27	16
299	27	16
259	28	16
266	28	16
268	28	16
269	28	16
271	28	16
298	28	16
300	28	16
301	28	16
302	28	16
260	29	16
261	29	16
262	29	16
264	29	16
265	29	16
267	29	16
303	29	16
263	30	16
254	25	16
304	28	16
81	169	47
80	170	47
80	171	47
79	172	47
79	173	47
78	174	47
78	175	47
77	176	47
77	177	47
76	178	47
76	179	47
75	180	47
75	181	47
74	182	47
74	183	47
73	184	47
74	185	47
74	186	47
75	187	47
75	188	47
76	189	47
76	190	47
77	191	47
77	192	47
78	193	47
82	168	47
79	194	47
169	182	0
170	183	0
171	183	0
172	184	0
173	184	0
174	185	0
175	185	0
177	185	0
176	186	0
178	186	0
179	186	0
180	186	0
181	186	0
182	186	0
183	187	0
184	188	0
185	188	0
186	189	0
187	189	0
188	190	0
189	190	0
190	191	0
191	191	0
192	192	0
193	192	0
194	193	0
168	181	0
195	194	0
319	28	31
320	28	31
312	29	31
314	29	31
315	29	31
316	29	31
317	29	31
318	29	31
310	30	31
311	30	31
313	30	31
321	27	31
309	29	31
271	277	42
272	278	42
273	279	42
274	279	42
275	280	42
276	281	42
278	281	42
277	282	42
279	282	42
280	283	42
281	284	42
282	284	42
283	285	42
284	285	42
285	286	42
286	286	42
287	286	42
270	276	42
288	287	42
417	241	1
415	242	1
416	242	1
418	242	1
419	241	1
414	242	1
274	330	9
273	331	9
272	332	9
271	333	9
270	334	9
269	335	9
268	336	9
267	337	9
262	338	9
263	338	9
264	338	9
265	338	9
266	338	9
247	339	9
248	339	9
250	339	9
255	339	9
257	339	9
259	339	9
260	339	9
261	339	9
249	340	9
251	340	9
252	340	9
253	340	9
254	340	9
256	340	9
258	340	9
275	329	9
246	338	9
75	322	43
76	322	43
77	323	43
78	323	43
79	324	43
80	324	43
74	321	43
81	325	43
309	376	29
310	377	29
311	378	29
312	379	29
313	380	29
314	381	29
315	382	29
316	383	29
308	375	29
250	241	0
251	241	0
252	241	0
254	241	0
248	242	0
249	242	0
253	242	0
255	242	0
246	243	0
247	243	0
256	243	0
244	244	0
245	244	0
257	244	0
243	245	0
268	189	35
269	190	35
270	190	35
271	191	35
273	191	35
272	192	35
274	192	35
282	192	35
284	192	35
275	193	35
276	193	35
277	193	35
278	193	35
279	193	35
280	193	35
281	193	35
283	193	35
285	193	35
267	188	35
286	192	35
154	146	46
153	147	46
152	148	46
151	149	46
150	150	46
149	151	46
148	152	46
82	153	46
83	153	46
84	153	46
85	153	46
86	153	46
87	153	46
88	153	46
89	153	46
90	153	46
91	153	46
92	153	46
93	153	46
94	153	46
95	153	46
96	153	46
97	153	46
98	153	46
99	153	46
100	153	46
101	153	46
102	153	46
103	153	46
104	153	46
105	153	46
106	153	46
107	153	46
108	153	46
109	153	46
110	153	46
111	153	46
112	153	46
113	153	46
114	153	46
115	153	46
116	153	46
117	153	46
118	153	46
119	153	46
120	153	46
121	153	46
122	153	46
123	153	46
124	153	46
125	153	46
126	153	46
127	153	46
128	153	46
129	153	46
130	153	46
131	153	46
132	153	46
133	153	46
134	153	46
135	153	46
136	153	46
137	153	46
138	153	46
139	153	46
140	153	46
141	153	46
142	153	46
143	153	46
144	153	46
145	153	46
146	153	46
147	153	46
155	145	46
81	153	46
334	236	23
335	237	23
336	237	23
337	238	23
338	239	23
340	239	23
339	240	23
341	240	23
342	241	23
343	241	23
344	241	23
345	242	23
346	242	23
347	243	23
333	235	23
348	244	23
399	74	21
397	75	21
398	75	21
400	75	21
402	75	21
401	76	21
403	76	21
404	76	21
405	76	21
406	76	21
407	76	21
408	76	21
409	76	21
411	76	21
413	76	21
415	76	21
416	76	21
417	76	21
419	76	21
410	77	21
412	77	21
414	77	21
418	77	21
420	77	21
421	77	21
422	77	21
423	77	21
424	77	21
425	77	21
426	77	21
427	77	21
429	77	21
430	77	21
431	77	21
432	77	21
433	77	21
434	77	21
428	78	21
396	74	21
435	76	21
151	279	33
150	280	33
149	281	33
148	282	33
147	283	33
146	284	33
144	285	33
145	285	33
80	286	33
81	286	33
82	286	33
83	286	33
84	286	33
85	286	33
86	286	33
87	286	33
88	286	33
89	286	33
90	286	33
91	286	33
92	286	33
93	286	33
94	286	33
95	286	33
96	286	33
97	286	33
98	286	33
99	286	33
100	286	33
101	286	33
102	286	33
103	286	33
104	286	33
105	286	33
106	286	33
107	286	33
108	286	33
109	286	33
110	286	33
111	286	33
112	286	33
113	286	33
114	286	33
115	286	33
116	286	33
117	286	33
118	286	33
119	286	33
120	286	33
121	286	33
122	286	33
123	286	33
124	286	33
125	286	33
126	286	33
127	286	33
128	286	33
129	286	33
130	286	33
131	286	33
132	286	33
133	286	33
134	286	33
135	286	33
136	286	33
137	286	33
138	286	33
139	286	33
140	286	33
141	286	33
142	286	33
143	286	33
152	278	33
79	286	33
361	192	5
361	193	5
361	194	5
305	29	31
307	29	31
306	30	31
308	30	31
304	28	31
309	29	31
190	285	25
191	286	25
192	287	25
194	286	0
194	285	0
193	287	0
397	30	3
398	29	3
290	69	32
291	70	32
292	71	32
293	71	32
294	72	32
295	72	32
296	73	32
297	74	32
298	75	32
299	75	32
300	76	32
301	77	32
302	77	32
303	78	32
289	68	32
304	77	32
290	285	0
289	286	0
291	284	0
288	287	0
144	11	45
142	12	45
143	12	45
145	12	45
140	13	45
141	13	45
138	14	45
139	14	45
136	15	45
137	15	45
134	16	45
135	16	45
132	17	45
133	17	45
130	18	45
131	18	45
128	19	45
129	19	45
126	20	45
127	20	45
124	21	45
125	21	45
122	22	45
123	22	45
120	23	45
121	23	45
118	24	45
119	24	45
117	25	45
116	26	45
116	27	45
116	28	45
116	29	45
116	30	45
116	31	45
146	11	45
116	32	45
78	287	1
77	288	1
79	286	1
78	289	1
229	230	47
229	231	47
230	232	47
231	233	47
232	234	47
233	235	47
233	236	47
233	237	47
233	238	47
233	239	47
228	229	47
233	240	47
166	123	41
166	124	41
166	125	41
165	122	41
166	126	41
178	27	47
176	28	47
177	28	47
175	29	47
174	30	47
150	31	47
162	31	47
164	31	47
166	31	47
168	31	47
169	31	47
170	31	47
171	31	47
172	31	47
173	31	47
143	32	47
144	32	47
145	32	47
146	32	47
147	32	47
148	32	47
149	32	47
151	32	47
152	32	47
153	32	47
154	32	47
156	32	47
157	32	47
158	32	47
159	32	47
160	32	47
161	32	47
163	32	47
165	32	47
167	32	47
118	33	47
119	33	47
120	33	47
121	33	47
122	33	47
123	33	47
124	33	47
125	33	47
126	33	47
127	33	47
128	33	47
129	33	47
130	33	47
131	33	47
132	33	47
133	33	47
134	33	47
135	33	47
136	33	47
137	33	47
138	33	47
139	33	47
140	33	47
141	33	47
142	33	47
155	33	47
179	26	47
117	33	47
288	123	30
289	123	30
290	123	30
291	123	30
292	123	30
295	123	30
296	123	30
298	123	30
293	124	30
294	124	30
297	124	30
299	124	30
300	125	30
287	123	30
254	285	39
255	286	39
256	287	39
257	288	39
258	289	39
400	5	8
400	6	8
399	7	8
398	8	8
397	9	8
397	10	8
397	11	8
397	12	8
397	13	8
397	14	8
401	4	8
397	15	8
439	124	3
437	125	3
438	125	3
436	126	3
328	30	30
328	31	30
328	29	30
329	32	30
231	192	45
230	193	45
229	194	45
230	195	45
229	196	45
230	197	45
230	198	45
230	199	45
230	200	45
230	201	45
230	202	45
230	203	45
232	191	45
230	204	45
406	125	1
407	126	1
407	127	1
213	75	0
213	76	0
213	77	0
213	78	0
213	79	0
213	80	0
213	74	0
305	78	5
306	79	5
308	79	5
307	80	5
309	80	5
304	77	5
310	80	5
236	243	0
237	244	0
238	244	0
239	244	0
241	244	0
240	245	0
242	245	0
235	243	0
243	245	0
427	107	958
428	107	958
429	107	958
258	245	1
259	246	1
260	247	1
261	248	1
261	249	1
261	250	1
257	244	1
261	251	1
152	353	46
153	353	46
154	354	46
155	354	46
156	354	46
157	354	46
158	354	46
159	354	46
160	354	46
161	354	46
162	354	46
163	354	46
165	354	46
167	354	46
169	354	46
171	354	46
173	354	46
175	354	46
182	354	46
184	354	46
185	354	46
164	355	46
166	355	46
168	355	46
170	355	46
172	355	46
174	355	46
176	355	46
177	355	46
178	355	46
179	355	46
180	355	46
181	355	46
183	355	46
151	352	46
186	353	46
254	302	47
254	303	47
255	304	47
256	305	47
256	306	47
257	307	47
258	308	47
259	309	47
260	310	47
261	311	47
262	312	47
263	313	47
264	314	47
253	301	47
399	246	10
399	247	10
400	248	10
401	249	10
401	250	10
402	251	10
402	252	10
403	253	10
403	254	10
404	255	10
404	256	10
405	257	10
405	258	10
406	259	10
398	245	10
409	127	14
410	128	14
411	128	14
408	128	14
437	127	1
437	128	1
436	126	1
438	129	1
380	243	15
381	243	15
382	243	15
383	244	15
384	244	15
385	245	15
379	243	15
386	246	15
458	32	6
458	33	6
467	30	0
466	31	0
465	32	0
465	33	0
406	129	0
407	128	0
288	288	2
288	289	2
288	287	2
287	290	2
234	273	1
233	274	1
232	275	1
231	276	1
230	277	1
157	181	46
157	182	46
157	183	46
157	184	46
155	185	46
156	185	46
154	186	46
153	187	46
152	188	46
151	189	46
150	190	46
149	191	46
148	192	46
147	193	46
80	194	46
81	194	46
82	194	46
83	194	46
84	194	46
85	194	46
86	194	46
87	194	46
88	194	46
89	194	46
90	194	46
91	194	46
92	194	46
93	194	46
94	194	46
95	194	46
96	194	46
97	194	46
98	194	46
99	194	46
100	194	46
101	194	46
102	194	46
103	194	46
104	194	46
105	194	46
106	194	46
107	194	46
108	194	46
109	194	46
110	194	46
111	194	46
112	194	46
113	194	46
114	194	46
115	194	46
116	194	46
117	194	46
118	194	46
119	194	46
120	194	46
121	194	46
122	194	46
123	194	46
124	194	46
125	194	46
126	194	46
127	194	46
128	194	46
129	194	46
130	194	46
131	194	46
132	194	46
133	194	46
134	194	46
135	194	46
136	194	46
137	194	46
138	194	46
139	194	46
140	194	46
141	194	46
142	194	46
143	194	46
144	194	46
145	194	46
146	194	46
157	180	46
79	194	46
300	296	0
300	297	0
196	193	0
197	193	0
198	194	0
195	194	0
199	195	0
437	130	0
438	129	0
211	188	43
209	189	43
210	189	43
208	190	43
206	191	43
207	191	43
204	192	43
205	192	43
202	193	43
203	193	43
200	194	43
201	194	43
212	188	43
199	195	43
443	130	0
442	131	0
395	314	0
396	315	0
365	194	5
366	194	5
364	195	5
439	130	0
440	131	0
438	129	0
441	131	0
75	116	12
75	117	12
74	118	12
74	119	12
73	120	12
73	121	12
72	122	12
72	123	12
71	124	12
72	125	12
72	126	12
73	127	12
73	128	12
74	129	12
74	130	12
75	131	12
75	132	12
76	115	12
76	133	12
319	76	2
315	77	2
317	77	2
318	77	2
314	78	2
316	78	2
312	79	2
313	79	2
320	75	2
311	80	2
227	391	42
228	391	42
229	392	42
230	392	42
231	393	42
232	393	42
233	394	42
234	394	42
235	394	42
236	394	42
226	390	42
394	245	13
397	245	13
388	246	13
389	246	13
390	246	13
391	246	13
392	246	13
393	246	13
395	246	13
396	246	13
398	245	13
387	246	13
363	195	0
362	195	0
364	195	0
330	33	3
329	32	3
415	246	1
414	245	1
284	124	39
285	124	39
283	125	39
282	126	39
281	127	39
280	128	39
278	129	39
279	129	39
277	130	39
276	131	39
275	132	39
286	123	39
274	133	39
349	348	12
348	349	12
347	350	12
350	347	12
227	380	47
227	381	47
227	382	47
227	383	47
227	384	47
227	385	47
227	386	47
226	387	47
226	388	47
226	389	47
227	379	47
226	390	47
350	187	6
350	188	6
350	189	6
351	190	6
352	191	6
353	192	6
354	193	6
355	194	6
356	195	6
357	195	6
358	196	6
350	186	6
359	197	6
311	82	30
311	83	30
312	84	30
313	85	30
311	81	30
365	196	5
364	195	5
322	239	5
323	240	5
324	241	5
324	242	5
325	243	5
326	244	5
327	245	5
328	245	5
329	245	5
330	245	5
331	245	5
333	245	5
335	245	5
337	245	5
346	245	5
347	245	5
332	246	5
334	246	5
336	246	5
338	246	5
339	246	5
340	246	5
341	246	5
342	246	5
344	246	5
345	246	5
343	247	5
322	238	5
348	244	5
463	33	8
460	34	8
461	34	8
462	34	8
464	34	8
465	33	8
459	34	8
371	247	11
373	247	11
374	247	11
375	247	11
367	248	11
369	248	11
370	248	11
372	248	11
364	249	11
365	249	11
366	249	11
368	249	11
363	250	11
362	251	11
361	252	11
361	253	11
361	254	11
376	247	11
361	255	11
400	243	0
399	244	0
401	242	0
398	245	0
400	195	10
401	196	10
401	197	10
401	198	10
526	85	0
525	86	0
213	190	43
213	191	43
213	192	43
213	193	43
214	194	43
215	195	43
215	196	43
216	197	43
217	198	43
213	189	43
218	199	43
268	325	39
244	326	39
245	326	39
246	326	39
247	326	39
248	326	39
250	326	39
263	326	39
265	326	39
267	326	39
269	326	39
270	326	39
240	327	39
241	327	39
242	327	39
243	327	39
249	327	39
251	327	39
252	327	39
253	327	39
254	327	39
255	327	39
256	327	39
257	327	39
258	327	39
259	327	39
260	327	39
261	327	39
262	327	39
264	327	39
266	327	39
271	327	39
272	327	39
273	327	39
238	328	39
239	328	39
237	329	39
274	328	39
236	330	39
398	197	0
399	198	0
400	199	0
451	28	952
450	29	952
449	30	952
448	31	952
258	273	42
260	273	42
262	273	42
263	273	42
265	273	42
254	274	42
255	274	42
256	274	42
257	274	42
259	274	42
261	274	42
264	274	42
266	274	42
267	274	42
268	274	42
251	275	42
253	275	42
250	276	42
252	276	42
248	277	42
249	277	42
246	278	42
247	278	42
245	279	42
242	280	42
243	280	42
244	280	42
232	281	42
233	281	42
234	281	42
238	281	42
240	281	42
241	281	42
235	282	42
236	282	42
237	282	42
239	282	42
269	275	42
231	280	42
195	195	43
195	196	43
194	197	43
193	198	43
190	199	43
191	199	43
192	199	43
188	200	43
189	200	43
185	201	43
186	201	43
187	201	43
183	202	43
184	202	43
176	203	43
178	203	43
180	203	43
181	203	43
182	203	43
173	204	43
174	204	43
175	204	43
177	204	43
179	204	43
152	205	43
169	205	43
170	205	43
171	205	43
172	205	43
153	206	43
154	206	43
156	206	43
161	206	43
162	206	43
163	206	43
164	206	43
165	206	43
166	206	43
167	206	43
168	206	43
155	207	43
157	207	43
158	207	43
159	207	43
160	207	43
195	194	43
151	205	43
510	84	0
511	84	0
512	84	0
507	85	0
508	85	0
509	85	0
513	85	0
514	85	0
515	85	0
516	86	0
506	86	0
517	87	0
300	8	36
301	8	36
302	9	36
303	9	36
304	10	36
305	11	36
306	12	36
307	12	36
308	12	36
309	13	36
310	14	36
311	14	36
312	14	36
299	7	36
313	14	36
299	248	0
300	248	0
298	249	0
78	195	46
77	196	46
77	197	46
77	198	46
77	199	46
77	200	46
79	194	46
78	201	46
82	252	9
83	252	9
84	252	9
85	252	9
86	252	9
87	252	9
88	252	9
89	252	9
90	252	9
91	252	9
92	252	9
93	252	9
94	252	9
95	252	9
96	252	9
97	252	9
98	252	9
99	252	9
100	252	9
101	252	9
102	252	9
103	252	9
104	252	9
105	252	9
106	252	9
107	252	9
108	252	9
109	252	9
110	252	9
111	252	9
112	252	9
113	252	9
114	252	9
115	252	9
116	252	9
117	252	9
118	252	9
119	252	9
120	252	9
121	252	9
122	252	9
123	252	9
124	252	9
125	252	9
126	252	9
127	252	9
128	252	9
129	252	9
130	252	9
131	252	9
132	252	9
133	252	9
134	252	9
135	252	9
136	252	9
137	252	9
138	252	9
139	252	9
140	252	9
141	252	9
142	252	9
143	253	9
144	254	9
145	254	9
146	255	9
147	256	9
148	257	9
149	258	9
150	259	9
81	252	9
151	260	9
255	21	46
254	22	46
254	23	46
256	20	46
254	24	46
79	289	42
80	289	42
81	289	42
82	289	42
83	289	42
84	289	42
85	289	42
86	289	42
87	289	42
88	289	42
89	289	42
90	289	42
91	289	42
92	289	42
93	289	42
94	289	42
95	289	42
96	289	42
97	289	42
98	289	42
99	289	42
100	289	42
101	289	42
102	289	42
103	289	42
104	289	42
105	289	42
106	289	42
107	289	42
108	289	42
109	289	42
110	289	42
111	289	42
112	289	42
113	289	42
114	289	42
115	289	42
116	289	42
117	289	42
118	289	42
119	289	42
120	289	42
121	289	42
122	289	42
123	289	42
124	289	42
125	289	42
126	289	42
127	289	42
128	289	42
129	289	42
130	289	42
131	289	42
132	289	42
133	289	42
134	289	42
135	289	42
136	289	42
137	289	42
138	289	42
139	289	42
140	289	42
141	289	42
142	289	42
143	289	42
144	289	42
145	289	42
146	290	42
147	290	42
148	291	42
149	292	42
150	292	42
151	293	42
152	293	42
153	294	42
154	294	42
155	295	42
156	295	42
157	295	42
159	295	42
160	295	42
158	296	42
161	296	42
162	296	42
163	297	42
164	297	42
165	297	42
166	297	42
78	289	42
167	297	42
297	328	16
297	329	16
298	330	16
299	331	16
300	332	16
301	333	16
302	333	16
303	334	16
304	335	16
305	335	16
306	336	16
307	336	16
308	336	16
309	337	16
310	337	16
311	338	16
312	338	16
313	338	16
314	339	16
315	339	16
316	339	16
317	339	16
318	339	16
319	339	16
320	339	16
321	339	16
323	339	16
325	339	16
322	340	16
324	340	16
326	340	16
327	340	16
328	340	16
329	340	16
330	340	16
331	340	16
332	340	16
333	340	16
335	340	16
336	340	16
337	340	16
338	340	16
340	340	16
341	340	16
334	341	16
339	341	16
297	327	16
342	340	16
437	77	17
438	77	17
439	78	17
440	78	17
441	79	17
442	79	17
443	80	17
444	81	17
445	81	17
446	81	17
447	81	17
449	81	17
451	81	17
448	82	17
450	82	17
452	82	17
453	82	17
454	82	17
455	82	17
456	82	17
458	82	17
460	82	17
488	82	17
490	82	17
491	82	17
493	82	17
457	83	17
459	83	17
461	83	17
486	83	17
487	83	17
489	83	17
492	83	17
494	83	17
495	83	17
497	83	17
462	84	17
485	84	17
496	84	17
498	84	17
499	84	17
463	85	17
464	85	17
483	85	17
484	85	17
500	85	17
501	85	17
465	86	17
478	86	17
480	86	17
481	86	17
482	86	17
502	86	17
503	86	17
466	87	17
467	87	17
475	87	17
477	87	17
479	87	17
504	87	17
468	88	17
469	88	17
470	88	17
472	88	17
473	88	17
474	88	17
476	88	17
471	89	17
436	76	17
505	87	17
359	198	0
360	199	0
361	200	0
359	197	0
234	1	7
235	2	7
236	2	7
237	3	7
238	3	7
239	4	7
240	4	7
241	5	7
242	5	7
243	6	7
244	6	7
245	7	7
246	8	7
247	9	7
248	10	7
249	11	7
250	11	7
251	12	7
252	13	7
253	14	7
254	15	7
255	15	7
256	16	7
256	17	7
256	18	7
256	19	7
360	196	4
361	195	4
359	197	4
186	80	47
186	81	47
186	82	47
186	83	47
186	84	47
186	85	47
186	86	47
186	87	47
186	88	47
186	79	47
234	244	42
232	245	42
233	245	42
230	246	42
231	246	42
194	247	42
195	247	42
196	247	42
197	247	42
198	247	42
199	247	42
201	247	42
228	247	42
229	247	42
192	248	42
193	248	42
200	248	42
202	248	42
203	248	42
204	248	42
206	248	42
208	248	42
216	248	42
218	248	42
220	248	42
222	248	42
224	248	42
226	248	42
227	248	42
191	249	42
205	249	42
207	249	42
209	249	42
210	249	42
211	249	42
212	249	42
213	249	42
214	249	42
215	249	42
217	249	42
219	249	42
221	249	42
223	249	42
225	249	42
189	250	42
190	250	42
187	251	42
188	251	42
186	252	42
184	253	42
185	253	42
183	254	42
235	243	42
182	255	42
444	51	0
445	50	0
446	40	7
448	40	7
450	40	7
451	40	7
452	40	7
453	40	7
445	41	7
447	41	7
449	41	7
443	42	7
444	42	7
442	43	7
441	44	7
454	39	7
440	45	7
276	250	0
275	251	0
277	250	0
274	252	0
146	131	29
147	131	29
148	131	29
144	132	29
145	132	29
149	132	29
150	132	29
77	133	29
78	133	29
79	133	29
80	133	29
81	133	29
82	133	29
83	133	29
84	133	29
85	133	29
86	133	29
87	133	29
88	133	29
89	133	29
90	133	29
91	133	29
92	133	29
93	133	29
94	133	29
95	133	29
96	133	29
97	133	29
98	133	29
99	133	29
100	133	29
101	133	29
102	133	29
103	133	29
104	133	29
105	133	29
106	133	29
107	133	29
108	133	29
109	133	29
110	133	29
111	133	29
112	133	29
113	133	29
114	133	29
115	133	29
116	133	29
117	133	29
118	133	29
119	133	29
120	133	29
121	133	29
122	133	29
123	133	29
124	133	29
125	133	29
126	133	29
127	133	29
128	133	29
129	133	29
130	133	29
131	133	29
132	133	29
133	133	29
134	133	29
135	133	29
136	133	29
137	133	29
138	133	29
139	133	29
140	133	29
141	133	29
142	133	29
143	133	29
151	133	29
152	133	29
76	133	29
153	134	29
165	127	0
161	128	0
163	128	0
164	128	0
160	129	0
162	129	0
158	130	0
159	130	0
157	131	0
155	132	0
156	132	0
154	133	0
166	126	0
153	134	0
293	153	24
294	153	24
292	154	24
283	155	24
284	155	24
285	155	24
286	155	24
288	155	24
289	155	24
290	155	24
291	155	24
287	156	24
295	152	24
531	88	0
530	89	0
75	75	47
75	76	47
76	77	47
76	78	47
77	79	47
77	80	47
78	81	47
78	82	47
79	83	47
79	84	47
80	85	47
80	86	47
81	87	47
81	88	47
82	89	47
74	74	47
83	90	47
507	88	0
508	88	0
509	89	0
506	87	0
510	90	0
152	340	0
153	340	0
154	340	0
151	341	0
155	341	0
156	341	0
157	341	0
158	341	0
159	341	0
160	341	0
161	341	0
162	341	0
164	341	0
166	341	0
168	341	0
170	341	0
172	341	0
174	341	0
176	341	0
163	342	0
165	342	0
167	342	0
169	342	0
171	342	0
173	342	0
175	342	0
177	342	0
178	342	0
179	342	0
180	342	0
181	342	0
182	342	0
183	342	0
184	343	0
185	343	0
186	343	0
150	342	0
187	344	0
169	284	42
169	285	42
169	286	42
169	287	42
168	288	42
168	289	42
168	290	42
168	291	42
168	292	42
168	293	42
168	294	42
168	295	42
169	283	42
168	296	42
383	248	15
385	248	15
380	249	15
381	249	15
382	249	15
384	249	15
386	247	15
379	249	15
455	40	7
456	41	7
457	41	7
458	42	7
460	42	7
466	42	7
459	43	7
461	43	7
462	43	7
463	43	7
464	43	7
465	43	7
454	39	7
395	316	0
396	315	0
359	256	0
360	257	0
361	256	0
358	257	0
191	76	3
188	77	3
189	77	3
190	77	3
187	78	3
192	77	3
186	79	3
244	340	5
243	341	5
241	342	5
242	342	5
238	343	5
240	343	5
236	344	5
237	344	5
239	344	5
245	339	5
235	344	5
292	250	1
293	250	1
294	250	1
295	250	1
296	250	1
282	251	1
283	251	1
284	251	1
285	251	1
286	251	1
287	251	1
288	251	1
289	251	1
290	251	1
291	251	1
297	249	1
281	252	1
441	102	1
440	101	1
192	289	42
192	290	42
192	291	42
191	292	42
191	293	42
191	294	42
190	295	42
190	296	42
193	288	42
189	297	42
437	45	22
438	45	22
439	45	22
431	46	22
432	46	22
433	46	22
434	46	22
435	46	22
436	46	22
424	47	22
426	47	22
428	47	22
429	47	22
430	47	22
421	48	22
422	48	22
423	48	22
425	48	22
427	48	22
418	49	22
419	49	22
420	49	22
413	50	22
415	50	22
416	50	22
417	50	22
411	51	22
412	51	22
414	51	22
410	52	22
409	53	22
408	54	22
440	45	22
407	55	22
80	234	0
80	235	0
79	236	0
79	237	0
78	238	0
78	239	0
77	240	0
77	241	0
76	242	0
76	243	0
76	244	0
77	245	0
77	246	0
78	247	0
78	248	0
79	249	0
79	250	0
80	251	0
81	233	0
81	252	0
400	30	3
401	31	3
401	32	3
401	33	3
402	34	3
403	35	3
404	36	3
405	36	3
406	37	3
407	38	3
408	38	3
409	39	3
410	40	3
411	40	3
412	41	3
413	42	3
414	43	3
414	44	3
415	45	3
416	45	3
417	46	3
418	46	3
399	29	3
178	294	5
180	294	5
181	294	5
176	295	5
177	295	5
179	295	5
174	296	5
175	296	5
170	297	5
171	297	5
172	297	5
173	297	5
182	293	5
169	297	5
377	248	0
376	247	0
378	249	0
279	251	2
280	251	2
278	250	2
281	252	2
343	341	4
344	342	4
345	343	4
346	343	4
347	344	4
348	345	4
349	346	4
342	340	4
350	347	4
272	133	39
271	134	39
273	134	39
274	133	39
270	135	39
443	133	2
444	133	2
445	134	2
442	132	2
184	294	0
185	295	0
186	296	0
187	296	0
188	297	0
183	293	0
189	297	0
