71	310	49
71	311	49
70	312	49
70	313	49
69	314	49
69	315	49
68	316	49
68	317	49
68	318	49
69	319	49
69	320	49
70	321	49
70	322	49
72	309	49
71	323	49
554	92	0
555	92	0
556	93	0
553	91	0
557	94	0
451	56	0
451	55	0
404	1	949
405	1	949
439	47	16
428	48	16
430	48	16
432	48	16
433	48	16
434	48	16
435	48	16
436	48	16
437	48	16
438	48	16
419	49	16
420	49	16
421	49	16
422	49	16
423	49	16
424	49	16
425	49	16
426	49	16
427	49	16
429	49	16
431	49	16
440	47	16
418	49	16
470	44	4
470	45	4
471	46	4
472	47	4
472	48	4
469	43	4
242	260	0
246	260	0
243	261	0
244	261	0
245	261	0
241	259	0
247	259	0
552	92	0
550	93	0
551	93	0
549	94	0
553	91	0
548	95	0
350	349	14
351	350	14
352	351	14
353	352	14
349	348	14
224	1	0
226	1	0
225	2	0
227	2	0
228	3	0
175	353	50
176	354	50
177	354	50
178	354	50
179	355	50
180	356	50
181	356	50
182	357	50
183	357	50
184	357	50
185	357	50
186	357	50
188	357	50
187	358	50
189	358	50
190	358	50
191	358	50
192	358	50
193	358	50
194	359	50
195	359	50
196	359	50
174	352	50
197	360	50
196	220	47
197	220	47
182	221	47
184	221	47
186	221	47
188	221	47
189	221	47
190	221	47
191	221	47
192	221	47
193	221	47
194	221	47
195	221	47
173	222	47
175	222	47
176	222	47
177	222	47
178	222	47
179	222	47
180	222	47
181	222	47
183	222	47
185	222	47
187	222	47
171	223	47
172	223	47
174	223	47
169	224	47
170	224	47
167	225	47
168	225	47
165	226	47
166	226	47
164	227	47
198	219	47
163	228	47
368	322	0
367	323	0
414	1	953
416	1	953
413	2	953
415	2	953
528	89	7
529	90	7
530	91	7
531	91	7
532	92	7
534	92	7
536	92	7
538	92	7
539	92	7
541	92	7
533	93	7
535	93	7
537	93	7
540	93	7
542	93	7
543	93	7
544	94	7
545	94	7
546	95	7
547	95	7
527	88	7
548	95	7
199	315	5
200	316	5
200	317	5
201	318	5
202	319	5
202	320	5
203	321	5
204	322	5
205	323	5
199	314	5
146	346	30
146	347	30
145	348	30
145	349	30
146	345	30
145	350	30
256	256	0
256	257	0
257	258	0
258	259	0
259	259	0
260	260	0
261	260	0
262	261	0
263	261	0
264	261	0
266	261	0
265	262	0
267	262	0
268	262	0
256	255	0
269	263	0
274	254	39
274	255	39
274	256	39
274	257	39
274	258	39
273	259	39
272	260	39
271	261	39
270	262	39
274	253	39
269	263	39
141	143	48
142	143	48
139	144	48
140	144	48
138	145	48
136	146	48
137	146	48
80	147	48
81	147	48
82	147	48
83	147	48
84	147	48
85	147	48
86	147	48
87	147	48
88	147	48
89	147	48
90	147	48
91	147	48
92	147	48
93	147	48
94	147	48
95	147	48
96	147	48
97	147	48
98	147	48
99	147	48
100	147	48
101	147	48
102	147	48
103	147	48
104	147	48
105	147	48
106	147	48
107	147	48
108	147	48
109	147	48
110	147	48
111	147	48
112	147	48
113	147	48
114	147	48
115	147	48
116	147	48
117	147	48
118	147	48
119	147	48
120	147	48
121	147	48
122	147	48
123	147	48
124	147	48
125	147	48
126	147	48
127	147	48
128	147	48
129	147	48
130	147	48
131	147	48
132	147	48
133	147	48
134	147	48
135	147	48
143	142	48
79	147	48
294	253	39
294	254	39
294	255	39
294	256	39
294	257	39
294	258	39
294	259	39
293	260	39
292	261	39
291	262	39
294	252	39
290	262	39
214	206	48
215	206	48
212	207	48
213	207	48
210	208	48
211	208	48
209	209	48
206	210	48
208	210	48
204	211	48
205	211	48
207	211	48
203	212	48
216	205	48
202	212	48
558	93	0
559	93	0
560	93	0
561	93	0
562	93	0
557	94	0
150	317	0
149	318	0
147	319	0
148	319	0
146	320	0
144	321	0
145	321	0
143	322	0
142	323	0
141	324	0
151	316	0
140	325	0
204	1	38
203	2	38
202	3	38
202	4	38
143	34	0
143	35	0
143	36	0
143	37	0
143	38	0
143	39	0
143	40	0
143	41	0
143	42	0
143	43	0
143	44	0
143	45	0
143	46	0
143	47	0
143	48	0
143	49	0
143	50	0
143	33	0
143	51	0
236	1	0
235	2	0
234	3	0
234	4	0
382	73	0
381	72	0
383	72	0
146	3	50
147	3	50
148	3	50
144	4	50
145	4	50
149	4	50
150	4	50
142	5	50
143	5	50
141	6	50
140	7	50
140	8	50
140	9	50
140	10	50
151	5	50
140	11	50
412	49	13
414	49	13
408	50	13
409	50	13
410	50	13
411	50	13
413	50	13
415	50	13
416	50	13
407	51	13
406	52	13
405	53	13
404	54	13
404	55	13
403	56	13
417	49	13
403	57	13
248	261	0
248	262	0
248	263	0
248	264	0
248	260	0
284	263	0
285	264	0
286	265	0
288	263	2
287	264	2
289	262	2
286	265	2
390	336	6
391	336	6
392	337	6
389	338	6
393	338	6
390	339	6
392	339	6
391	340	6
389	337	6
389	337	6
175	255	47
176	255	47
177	256	47
178	256	47
179	257	47
180	257	47
220	257	47
221	257	47
222	257	47
223	257	47
224	257	47
226	257	47
228	257	47
181	258	47
182	258	47
216	258	47
218	258	47
219	258	47
225	258	47
227	258	47
229	258	47
230	258	47
231	258	47
232	258	47
183	259	47
184	259	47
213	259	47
214	259	47
215	259	47
217	259	47
233	259	47
234	259	47
235	259	47
185	260	47
186	260	47
188	260	47
190	260	47
192	260	47
194	260	47
196	260	47
198	260	47
207	260	47
209	260	47
210	260	47
211	260	47
212	260	47
236	260	47
237	260	47
238	260	47
240	260	47
187	261	47
189	261	47
191	261	47
193	261	47
195	261	47
197	261	47
199	261	47
200	261	47
201	261	47
202	261	47
203	261	47
204	261	47
205	261	47
206	261	47
208	261	47
239	261	47
174	254	47
241	259	47
433	264	0
434	264	0
227	4	0
228	3	0
229	3	0
230	3	0
231	4	0
232	4	0
228	3	0
233	5	0
284	149	0
283	150	0
246	140	38
246	141	38
246	142	38
246	143	38
246	144	38
246	145	38
246	146	38
246	147	38
246	148	38
246	149	38
246	150	38
246	139	38
267	134	42
268	135	42
268	136	42
268	137	42
268	138	42
269	139	42
270	140	42
271	141	42
271	142	42
272	143	42
273	144	42
274	144	42
275	145	42
276	146	42
277	147	42
278	148	42
279	149	42
280	149	42
281	150	42
266	133	42
282	150	42
436	265	0
435	264	0
206	3	38
205	4	38
204	5	38
203	5	38
208	5	0
209	6	0
408	67	1
409	66	1
251	219	2
249	220	2
250	220	2
230	221	2
231	221	2
232	221	2
233	221	2
234	221	2
235	221	2
236	221	2
237	221	2
238	221	2
239	221	2
240	221	2
241	221	2
242	221	2
247	221	2
248	221	2
227	222	2
228	222	2
229	222	2
243	222	2
244	222	2
245	222	2
246	222	2
225	223	2
226	223	2
224	224	2
223	225	2
221	226	2
222	226	2
220	227	2
219	228	2
252	218	2
218	229	2
284	152	35
283	151	35
487	90	1
488	91	1
488	92	1
488	93	1
489	94	1
490	95	1
490	96	1
487	89	1
558	95	1
559	96	1
557	94	1
340	151	0
341	152	0
342	153	0
343	154	0
294	1	41
292	2	41
293	2	41
291	3	41
290	4	41
290	5	41
290	6	41
290	7	41
106	34	50
107	34	50
104	35	50
105	35	50
102	36	50
103	36	50
100	37	50
101	37	50
98	38	50
99	38	50
97	39	50
96	40	50
96	41	50
96	42	50
96	43	50
96	44	50
96	45	50
96	46	50
96	47	50
96	48	50
96	49	50
96	50	50
96	51	50
96	52	50
96	53	50
108	33	50
96	54	50
140	208	44
140	209	44
140	210	44
140	211	44
140	212	44
140	213	44
140	214	44
140	215	44
140	216	44
140	217	44
140	218	44
140	219	44
140	220	44
140	221	44
140	222	44
140	223	44
140	224	44
140	207	44
140	225	44
344	154	0
343	154	0
345	154	0
148	96	49
147	97	49
149	97	49
146	98	49
68	70	45
69	71	45
69	72	45
70	73	45
70	74	45
71	75	45
71	76	45
72	77	45
72	78	45
73	79	45
73	80	45
74	81	45
74	82	45
75	83	45
75	84	45
76	85	45
76	86	45
77	87	45
77	88	45
78	89	45
78	90	45
79	91	45
79	92	45
80	93	45
80	94	45
81	95	45
69	69	45
82	96	45
424	154	963
425	154	963
426	154	963
384	73	23
385	74	23
386	74	23
387	75	23
388	75	23
389	76	23
390	76	23
391	76	23
392	77	23
393	77	23
394	77	23
395	77	23
396	77	23
397	77	23
399	77	23
425	77	23
427	77	23
430	77	23
432	77	23
433	77	23
434	77	23
435	77	23
398	78	23
400	78	23
401	78	23
402	78	23
404	78	23
409	78	23
411	78	23
413	78	23
415	78	23
417	78	23
419	78	23
421	78	23
422	78	23
423	78	23
424	78	23
426	78	23
428	78	23
429	78	23
431	78	23
403	79	23
405	79	23
406	79	23
407	79	23
408	79	23
410	79	23
412	79	23
414	79	23
416	79	23
418	79	23
420	79	23
383	72	23
436	76	23
443	96	949
445	96	949
442	97	949
444	97	949
210	7	27
209	6	27
211	8	27
83	96	49
84	96	49
85	96	49
86	96	49
87	96	49
88	96	49
89	96	49
90	96	49
91	96	49
92	96	49
93	96	49
94	96	49
95	96	49
96	96	49
97	96	49
98	96	49
99	96	49
100	96	49
101	96	49
102	96	49
103	96	49
104	96	49
105	96	49
106	96	49
107	96	49
108	96	49
109	96	49
110	96	49
111	96	49
112	96	49
113	96	49
114	96	49
115	96	49
116	96	49
117	96	49
118	96	49
119	96	49
120	96	49
121	96	49
122	96	49
123	96	49
124	96	49
125	96	49
126	96	49
127	96	49
128	96	49
129	96	49
130	96	49
131	96	49
132	96	49
133	96	49
134	96	49
135	96	49
136	96	49
137	96	49
138	97	49
139	97	49
141	97	49
143	97	49
145	97	49
140	98	49
142	98	49
144	98	49
82	96	49
146	98	49
295	147	33
294	148	33
294	149	33
293	150	33
292	151	33
292	152	33
291	153	33
290	154	33
286	155	33
288	155	33
289	155	33
285	156	33
287	156	33
296	146	33
351	320	23
352	320	23
353	321	23
354	321	23
356	321	23
362	321	23
355	322	23
357	322	23
358	322	23
359	322	23
360	322	23
361	322	23
363	322	23
364	322	23
365	322	23
366	322	23
350	319	23
367	323	23
151	98	50
150	97	50
152	99	50
475	52	8
476	52	8
474	53	8
473	54	8
549	96	1
550	97	1
554	97	1
551	98	1
552	98	1
553	98	1
548	95	1
342	155	9
341	156	9
338	157	9
339	157	9
340	157	9
322	158	9
324	158	9
336	158	9
337	158	9
319	159	9
320	159	9
321	159	9
323	159	9
325	159	9
326	159	9
327	159	9
328	159	9
329	159	9
330	159	9
332	159	9
334	159	9
335	159	9
317	160	9
318	160	9
331	160	9
333	160	9
316	161	9
315	162	9
315	163	9
314	164	9
313	165	9
312	166	9
311	167	9
310	168	9
309	169	9
308	170	9
307	171	9
306	172	9
305	173	9
304	174	9
303	175	9
302	176	9
302	177	9
343	154	9
301	178	9
346	155	26
347	156	26
348	157	26
345	154	26
161	158	0
162	159	0
164	157	0
166	157	0
167	157	0
163	158	0
165	158	0
162	159	0
250	272	45
252	272	45
253	272	45
254	272	45
255	272	45
256	272	45
249	273	45
251	273	45
257	273	45
258	273	45
246	274	45
247	274	45
248	274	45
244	275	45
245	275	45
241	276	45
242	276	45
243	276	45
240	277	45
237	278	45
239	278	45
236	279	45
238	279	45
218	280	45
219	280	45
220	280	45
221	280	45
222	280	45
223	280	45
233	280	45
235	280	45
215	281	45
217	281	45
224	281	45
225	281	45
226	281	45
227	281	45
228	281	45
229	281	45
230	281	45
231	281	45
232	281	45
234	281	45
216	282	45
259	274	45
214	282	45
439	8	1
438	9	1
76	231	49
75	232	49
75	233	49
74	234	49
74	235	49
73	236	49
73	237	49
72	238	49
72	239	49
71	240	49
71	241	49
70	242	49
71	243	49
71	244	49
72	245	49
72	246	49
73	247	49
73	248	49
74	249	49
74	250	49
75	251	49
75	252	49
76	253	49
77	230	49
77	254	49
73	290	7
73	291	7
72	292	7
72	293	7
71	294	7
71	295	7
70	296	7
70	297	7
69	298	7
69	299	7
68	300	7
68	301	7
68	302	7
69	303	7
69	304	7
70	305	7
70	306	7
71	307	7
71	308	7
74	289	7
72	309	7
284	9	50
285	9	50
286	9	50
287	9	50
280	10	50
282	10	50
283	10	50
277	11	50
278	11	50
279	11	50
281	11	50
271	12	50
273	12	50
274	12	50
275	12	50
276	12	50
267	13	50
268	13	50
269	13	50
270	13	50
272	13	50
263	14	50
264	14	50
265	14	50
266	14	50
262	15	50
260	16	50
261	16	50
259	17	50
257	18	50
258	18	50
255	19	50
256	19	50
254	20	50
254	21	50
254	22	50
254	23	50
288	9	50
254	24	50
370	273	957
371	274	957
463	100	951
464	100	951
396	6	3
397	6	3
399	6	3
398	7	3
400	7	3
402	7	3
401	8	3
403	8	3
404	8	3
405	9	3
406	9	3
407	10	3
410	4	1
410	5	1
409	6	1
408	7	1
408	8	1
408	9	1
407	10	1
217	381	45
216	382	45
215	383	45
214	384	45
213	385	45
217	380	45
212	386	45
142	226	48
143	227	48
144	227	48
145	227	48
146	227	48
147	227	48
150	227	48
148	228	48
149	228	48
151	228	48
152	228	48
153	228	48
154	228	48
155	229	48
156	229	48
157	229	48
158	229	48
159	229	48
160	229	48
161	229	48
141	226	48
162	229	48
383	377	10
382	378	10
382	379	10
382	380	10
381	381	10
380	382	10
380	383	10
379	384	10
379	385	10
378	386	10
204	303	0
205	303	0
206	303	0
207	303	0
235	8	10
234	9	10
233	10	10
236	7	10
213	348	0
214	348	0
215	349	0
216	349	0
218	349	0
217	350	0
212	347	0
219	349	0
141	263	0
141	264	0
141	265	0
141	266	0
141	267	0
141	268	0
141	269	0
141	270	0
141	271	0
141	272	0
141	273	0
140	274	0
140	275	0
140	276	0
140	277	0
140	278	0
141	262	0
140	279	0
218	99	50
215	100	50
216	100	50
217	100	50
219	100	50
220	100	50
221	100	50
222	100	50
224	100	50
213	101	50
214	101	50
223	101	50
225	101	50
212	102	50
226	102	50
227	102	50
211	103	50
210	104	50
209	105	50
208	106	50
208	107	50
207	108	50
207	109	50
207	110	50
207	111	50
207	112	50
207	113	50
228	103	50
207	114	50
425	10	0
425	11	0
432	10	0
432	11	0
442	49	11
443	50	11
444	51	11
445	51	11
446	52	11
448	52	11
447	53	11
449	53	11
450	54	11
441	48	11
451	55	11
272	102	42
274	102	42
276	102	42
278	102	42
280	102	42
281	102	42
282	102	42
283	102	42
262	103	42
264	103	42
265	103	42
266	103	42
267	103	42
268	103	42
269	103	42
270	103	42
271	103	42
273	103	42
275	103	42
277	103	42
279	103	42
257	104	42
258	104	42
259	104	42
260	104	42
261	104	42
263	104	42
251	105	42
253	105	42
255	105	42
256	105	42
246	106	42
248	106	42
250	106	42
252	106	42
254	106	42
233	107	42
234	107	42
236	107	42
238	107	42
240	107	42
242	107	42
243	107	42
244	107	42
245	107	42
247	107	42
249	107	42
235	108	42
237	108	42
239	108	42
241	108	42
284	103	42
232	106	42
202	336	0
203	336	0
204	336	0
205	337	0
206	337	0
207	338	0
208	338	0
201	336	0
209	339	0
368	324	1
369	325	1
370	325	1
371	326	1
367	323	1
182	276	1
183	276	1
184	276	1
185	277	1
186	277	1
181	277	1
187	278	1
154	309	0
153	310	0
152	311	0
155	308	0
151	312	0
176	347	0
176	348	0
175	349	0
174	350	0
174	351	0
176	346	0
174	352	0
304	378	33
305	378	33
306	379	33
307	380	33
308	381	33
309	382	33
310	382	33
311	383	33
312	384	33
313	385	33
314	386	33
315	387	33
303	377	33
359	170	0
357	171	0
358	171	0
356	172	0
319	272	39
320	272	39
321	272	39
322	272	39
318	273	39
323	273	39
317	274	39
323	274	39
316	275	39
324	275	39
314	276	39
315	276	39
325	276	39
312	277	39
313	277	39
326	277	39
311	278	39
310	279	39
309	280	39
308	281	39
308	282	39
288	283	39
304	283	39
306	283	39
307	283	39
287	284	39
289	284	39
290	284	39
291	284	39
292	284	39
293	284	39
294	284	39
295	284	39
296	284	39
298	284	39
300	284	39
301	284	39
302	284	39
303	284	39
305	284	39
286	285	39
297	285	39
299	285	39
284	286	39
285	286	39
283	287	39
332	11	4
333	11	4
334	11	4
331	12	4
335	12	4
323	239	5
323	240	5
323	241	5
323	242	5
324	243	5
325	244	5
326	245	5
327	245	5
328	245	5
330	245	5
332	245	5
342	245	5
329	246	5
331	246	5
333	246	5
334	246	5
335	246	5
336	246	5
337	246	5
339	246	5
340	246	5
341	246	5
338	247	5
323	238	5
343	244	5
407	11	0
407	10	0
407	12	0
441	10	1
440	11	1
439	10	1
184	92	0
183	93	0
182	94	0
181	95	0
180	96	0
179	97	0
178	98	0
177	99	0
176	100	0
175	101	0
174	102	0
173	103	0
173	104	0
185	92	0
173	105	0
357	173	0
356	172	0
338	335	0
339	336	0
278	284	0
277	284	0
279	285	0
323	289	30
325	289	30
326	289	30
327	289	30
328	289	30
329	289	30
330	289	30
333	289	30
322	290	30
324	290	30
331	290	30
332	290	30
321	291	30
319	292	30
320	292	30
318	293	30
317	294	30
316	295	30
316	296	30
315	297	30
315	298	30
334	290	30
315	299	30
435	262	0
435	263	0
151	6	50
150	7	50
150	8	50
150	9	50
150	10	50
150	11	50
150	12	50
151	5	50
150	13	50
390	9	14
389	10	14
391	10	14
392	10	14
393	11	14
394	12	14
395	13	14
395	14	14
395	15	14
395	16	14
201	6	50
200	7	50
200	8	50
200	9	50
200	10	50
200	11	50
200	12	50
202	5	50
200	13	50
73	327	50
73	328	50
73	329	50
73	330	50
73	331	50
74	332	50
75	333	50
76	333	50
77	334	50
78	334	50
79	335	50
80	335	50
81	336	50
82	336	50
83	337	50
84	337	50
85	338	50
86	338	50
87	339	50
88	339	50
73	326	50
89	340	50
285	102	0
286	103	0
287	103	0
288	104	0
289	104	0
284	103	0
290	105	0
259	275	3
259	276	3
258	277	3
257	278	3
256	279	3
259	274	3
255	280	3
160	161	45
159	162	45
159	163	45
159	164	45
159	165	45
158	166	45
158	167	45
158	168	45
158	169	45
157	170	45
157	171	45
157	172	45
157	173	45
157	174	45
157	175	45
157	176	45
161	160	45
158	177	45
164	171	45
163	172	45
162	173	45
161	174	45
160	175	45
159	176	45
158	177	45
142	52	0
140	53	0
141	53	0
138	54	0
139	54	0
98	55	0
99	55	0
100	55	0
101	55	0
102	55	0
103	55	0
104	55	0
105	55	0
106	55	0
107	55	0
108	55	0
109	55	0
110	55	0
111	55	0
112	55	0
113	55	0
114	55	0
115	55	0
116	55	0
117	55	0
118	55	0
119	55	0
120	55	0
121	55	0
122	55	0
123	55	0
124	55	0
125	55	0
126	55	0
127	55	0
128	55	0
129	55	0
130	55	0
131	55	0
132	55	0
133	55	0
134	55	0
135	55	0
136	55	0
137	55	0
143	51	0
97	55	0
300	249	38
301	249	38
302	249	38
303	250	38
304	250	38
305	251	38
306	251	38
307	252	38
308	252	38
311	252	38
313	252	38
315	252	38
316	252	38
317	252	38
318	252	38
309	253	38
310	253	38
312	253	38
314	253	38
319	253	38
320	253	38
321	253	38
322	253	38
325	253	38
327	253	38
328	253	38
329	253	38
331	253	38
323	254	38
324	254	38
326	254	38
330	254	38
332	254	38
333	254	38
334	254	38
335	254	38
336	254	38
337	254	38
338	254	38
339	255	38
340	255	38
341	255	38
342	255	38
343	255	38
344	255	38
346	255	38
348	255	38
345	256	38
347	256	38
349	256	38
350	256	38
351	256	38
352	256	38
353	256	38
354	256	38
299	248	38
355	257	38
78	148	2
78	149	2
77	150	2
77	151	2
76	152	2
76	153	2
75	154	2
75	155	2
74	156	2
74	157	2
73	158	2
74	159	2
73	160	2
74	161	2
74	162	2
74	163	2
74	164	2
75	165	2
75	166	2
76	167	2
76	168	2
77	169	2
77	170	2
78	171	2
78	172	2
79	173	2
79	174	2
80	175	2
80	176	2
81	177	2
79	147	2
82	178	2
222	162	0
222	163	0
221	164	0
220	165	0
219	166	0
218	167	0
218	168	0
218	169	0
218	170	0
218	171	0
217	172	0
217	173	0
217	174	0
217	175	0
217	176	0
217	177	0
217	178	0
413	227	953
411	228	953
412	228	953
402	229	953
403	229	953
404	229	953
405	229	953
406	229	953
407	229	953
409	229	953
410	229	953
401	230	953
408	230	953
400	231	953
229	104	48
230	104	48
231	105	48
228	103	48
232	106	48
239	326	0
240	326	0
242	326	0
236	327	0
237	327	0
238	327	0
241	327	0
243	327	0
244	327	0
245	327	0
232	328	0
233	328	0
234	328	0
235	328	0
246	328	0
247	328	0
248	328	0
249	328	0
250	328	0
251	328	0
253	328	0
255	328	0
257	328	0
230	329	0
231	329	0
252	329	0
254	329	0
256	329	0
228	330	0
229	330	0
227	331	0
226	332	0
258	329	0
226	333	0
425	232	1
425	233	1
165	280	45
166	280	45
167	280	45
168	280	45
169	280	45
170	280	45
164	281	45
162	282	45
163	282	45
160	283	45
161	283	45
171	281	45
159	284	45
426	12	2
427	12	2
428	12	2
429	12	2
430	12	2
425	11	2
431	12	2
180	276	45
177	277	45
179	277	45
176	278	45
178	278	45
174	279	45
175	279	45
172	280	45
173	280	45
181	277	45
171	281	45
292	104	1
294	104	1
293	105	1
295	105	1
296	105	1
297	105	1
298	105	1
291	105	1
299	106	1
452	103	7
451	104	7
453	104	7
451	105	7
454	105	7
451	106	7
454	106	7
451	107	7
156	2	43
158	2	43
160	2	43
162	2	43
164	2	43
154	3	43
155	3	43
157	3	43
159	3	43
161	3	43
163	3	43
165	3	43
166	3	43
167	3	43
168	3	43
169	3	43
170	3	43
172	3	43
174	3	43
152	4	43
153	4	43
171	4	43
173	4	43
175	4	43
176	4	43
177	4	43
178	4	43
179	5	43
180	5	43
181	6	43
182	6	43
183	7	43
184	7	43
185	8	43
186	8	43
187	9	43
188	10	43
188	11	43
188	12	43
188	13	43
151	5	43
188	14	43
154	99	44
155	99	44
156	99	44
157	99	44
158	99	44
159	99	44
160	99	44
161	100	44
162	100	44
163	101	44
164	101	44
165	102	44
166	102	44
167	103	44
168	104	44
169	104	44
170	105	44
171	106	44
153	99	44
172	106	44
208	7	12
207	8	12
206	9	12
205	10	12
204	11	12
203	12	12
202	13	12
209	6	12
201	14	12
471	54	0
472	54	0
468	55	0
469	55	0
470	55	0
467	56	0
473	54	0
466	57	0
474	55	7
473	54	7
214	283	35
214	284	35
214	285	35
214	286	35
214	287	35
214	288	35
213	289	35
212	290	35
211	291	35
214	282	35
210	292	35
300	105	39
301	105	39
302	106	39
303	106	39
299	106	39
304	107	39
427	234	1
426	234	1
334	13	0
335	12	0
343	349	18
343	350	18
342	351	18
341	352	18
343	348	18
424	235	4
425	234	4
424	12	0
421	13	0
422	13	0
423	13	0
420	14	0
419	15	0
425	11	0
418	16	0
306	372	25
305	373	25
304	374	25
304	375	25
304	376	25
303	377	25
325	54	31
327	54	31
328	54	31
329	54	31
330	54	31
331	54	31
332	54	31
333	54	31
334	54	31
335	54	31
336	54	31
337	54	31
338	54	31
339	54	31
340	54	31
341	54	31
342	54	31
343	54	31
344	54	31
345	54	31
346	54	31
347	54	31
348	54	31
349	54	31
350	54	31
351	54	31
353	54	31
324	55	31
326	55	31
352	55	31
354	55	31
355	55	31
356	55	31
357	55	31
358	55	31
359	55	31
322	56	31
323	56	31
360	56	31
361	56	31
320	57	31
321	57	31
318	58	31
319	58	31
317	59	31
317	60	31
362	56	31
316	61	31
433	13	1
434	13	1
435	13	1
432	12	1
436	12	1
438	13	1
437	12	1
219	231	4
219	232	4
219	233	4
219	234	4
219	235	4
219	236	4
218	230	4
219	237	4
452	54	4
453	54	4
454	54	4
455	54	4
456	54	4
458	54	4
457	55	4
459	55	4
460	55	4
461	55	4
462	55	4
464	55	4
463	56	4
465	56	4
451	55	4
466	57	4
236	392	949
238	392	949
234	393	949
235	393	949
237	393	949
239	393	949
233	394	949
405	255	0
406	256	0
407	256	0
408	256	0
409	256	0
404	255	0
425	104	0
425	105	0
425	106	0
425	107	0
425	108	0
191	53	45
193	53	45
187	54	45
188	54	45
189	54	45
190	54	45
192	54	45
194	54	45
195	54	45
196	54	45
197	54	45
198	54	45
199	54	45
200	54	45
201	54	45
202	54	45
203	54	45
204	54	45
205	54	45
206	54	45
207	54	45
208	54	45
209	54	45
211	54	45
213	54	45
215	54	45
210	55	45
212	55	45
214	55	45
216	55	45
217	55	45
218	55	45
219	55	45
220	55	45
222	55	45
224	55	45
221	56	45
223	56	45
225	56	45
226	56	45
227	56	45
228	56	45
229	56	45
230	56	45
231	57	45
232	57	45
186	54	45
233	58	45
398	234	0
397	235	0
397	236	0
397	237	0
413	262	950
415	262	950
417	262	950
412	263	950
414	263	950
416	263	950
418	263	950
419	263	950
420	263	950
157	178	0
157	179	0
158	177	0
157	180	0
156	302	5
156	303	5
155	304	5
155	305	5
155	306	5
156	301	5
155	307	5
181	278	45
181	279	45
181	280	45
181	281	45
182	282	45
183	283	45
181	277	45
184	284	45
187	279	46
187	280	46
187	281	46
187	282	46
186	283	46
187	278	46
185	284	46
260	273	5
262	273	5
261	274	5
263	274	5
264	274	5
265	275	5
266	275	5
267	275	5
268	276	5
269	277	5
270	278	5
271	279	5
272	280	5
273	281	5
274	281	5
275	282	5
276	283	5
259	274	5
277	284	5
355	173	13
354	174	13
352	175	13
353	175	13
351	176	13
350	177	13
350	178	13
349	179	13
356	172	13
349	180	13
314	236	8
316	236	8
318	236	8
320	236	8
321	236	8
311	237	8
313	237	8
315	237	8
317	237	8
319	237	8
322	237	8
308	238	8
309	238	8
310	238	8
312	238	8
306	239	8
307	239	8
305	240	8
303	241	8
304	241	8
302	242	8
301	243	8
300	244	8
299	245	8
299	246	8
299	247	8
323	238	8
299	248	8
284	104	40
284	105	40
284	106	40
284	107	40
285	108	40
284	103	40
286	109	40
289	107	6
288	108	6
290	106	6
287	109	6
260	327	49
259	328	49
261	328	49
262	328	49
263	328	49
264	329	49
265	329	49
266	329	49
258	329	49
267	330	49
298	179	39
299	179	39
295	180	39
296	180	39
297	180	39
294	181	39
293	182	39
292	183	39
290	184	39
291	184	39
289	185	39
287	186	39
288	186	39
286	187	39
284	188	39
285	188	39
283	189	39
282	190	39
281	191	39
300	178	39
280	192	39
139	227	49
138	228	49
137	229	49
78	230	49
79	230	49
80	230	49
81	230	49
82	230	49
83	230	49
84	230	49
85	230	49
86	230	49
87	230	49
88	230	49
89	230	49
90	230	49
91	230	49
92	230	49
93	230	49
94	230	49
95	230	49
96	230	49
97	230	49
98	230	49
99	230	49
100	230	49
101	230	49
102	230	49
103	230	49
104	230	49
105	230	49
106	230	49
107	230	49
108	230	49
109	230	49
110	230	49
111	230	49
112	230	49
113	230	49
114	230	49
115	230	49
116	230	49
117	230	49
118	230	49
119	230	49
120	230	49
121	230	49
122	230	49
123	230	49
124	230	49
125	230	49
126	230	49
127	230	49
128	230	49
129	230	49
130	230	49
131	230	49
132	230	49
133	230	49
134	230	49
135	230	49
136	230	49
140	226	49
77	230	49
164	230	4
165	230	4
166	231	4
167	231	4
168	232	4
169	232	4
170	233	4
171	233	4
186	233	4
188	233	4
190	233	4
192	233	4
194	233	4
172	234	4
173	234	4
175	234	4
177	234	4
179	234	4
181	234	4
182	234	4
183	234	4
184	234	4
185	234	4
187	234	4
189	234	4
191	234	4
193	234	4
195	234	4
196	234	4
197	234	4
198	234	4
174	235	4
176	235	4
178	235	4
180	235	4
199	235	4
200	235	4
201	236	4
202	236	4
203	236	4
204	236	4
206	236	4
205	237	4
207	237	4
208	237	4
209	237	4
210	237	4
212	237	4
211	238	4
213	238	4
214	238	4
215	238	4
216	238	4
217	238	4
163	229	4
218	238	4
506	107	956
505	108	956
76	255	38
75	256	38
75	257	38
74	258	38
74	259	38
73	260	38
73	261	38
72	262	38
72	263	38
71	264	38
71	265	38
70	266	38
70	267	38
69	268	38
69	269	38
68	270	38
68	271	38
67	272	38
68	273	38
68	274	38
69	275	38
69	276	38
70	277	38
70	278	38
71	279	38
71	280	38
72	281	38
72	282	38
73	283	38
73	284	38
74	285	38
77	254	38
75	286	38
336	13	0
337	13	0
338	14	0
339	15	0
335	12	0
339	16	0
467	58	0
467	59	0
466	57	0
219	331	45
220	332	45
221	332	45
222	333	45
223	333	45
224	334	45
218	332	45
225	334	45
406	13	8
404	14	8
405	14	8
399	15	8
400	15	8
401	15	8
402	15	8
403	15	8
397	16	8
398	16	8
407	12	8
396	17	8
83	178	50
84	178	50
85	178	50
86	178	50
87	178	50
88	178	50
89	178	50
90	178	50
91	178	50
92	178	50
93	178	50
94	178	50
95	178	50
96	178	50
97	178	50
98	178	50
99	178	50
100	178	50
101	178	50
102	178	50
103	178	50
104	178	50
105	178	50
106	178	50
107	178	50
108	178	50
109	178	50
110	178	50
111	178	50
112	178	50
113	178	50
114	178	50
115	178	50
116	178	50
117	178	50
118	178	50
119	178	50
120	178	50
121	178	50
122	178	50
123	178	50
124	178	50
125	178	50
126	178	50
127	178	50
128	178	50
129	178	50
130	178	50
131	178	50
132	178	50
133	178	50
134	178	50
135	178	50
136	178	50
137	178	50
138	178	50
139	178	50
140	178	50
141	178	50
142	178	50
143	178	50
144	178	50
145	178	50
146	179	50
147	179	50
148	179	50
149	180	50
150	180	50
151	181	50
152	181	50
156	181	50
153	182	50
154	182	50
155	182	50
82	178	50
157	180	50
160	55	47
161	55	47
185	55	47
162	56	47
163	56	47
183	56	47
184	56	47
164	57	47
165	57	47
181	57	47
182	57	47
166	58	47
167	58	47
180	58	47
168	59	47
169	59	47
174	59	47
176	59	47
178	59	47
179	59	47
170	60	47
171	60	47
172	60	47
173	60	47
175	60	47
177	60	47
159	54	47
186	54	47
408	13	1
409	13	1
410	14	1
411	14	1
412	14	1
413	14	1
414	15	1
415	15	1
416	15	1
417	15	1
407	12	1
418	16	1
300	368	33
301	369	33
302	370	33
302	371	33
302	372	33
302	373	33
302	374	33
302	375	33
302	376	33
254	179	46
253	180	46
252	181	46
251	182	46
250	183	46
152	317	50
153	318	50
154	318	50
155	319	50
156	319	50
157	320	50
158	321	50
159	321	50
160	322	50
161	322	50
162	323	50
163	324	50
164	324	50
166	324	50
165	325	50
167	325	50
168	325	50
169	325	50
170	326	50
172	326	50
171	327	50
173	327	50
174	327	50
175	327	50
176	328	50
177	328	50
178	328	50
179	329	50
180	329	50
182	329	50
184	329	50
186	329	50
181	330	50
183	330	50
185	330	50
187	330	50
188	330	50
189	330	50
190	330	50
191	330	50
192	330	50
193	331	50
194	331	50
195	332	50
196	332	50
197	333	50
198	334	50
199	334	50
200	335	50
151	316	50
201	336	50
403	239	2
404	240	2
190	309	50
191	310	50
192	310	50
193	311	50
194	311	50
195	312	50
196	312	50
197	313	50
198	313	50
189	308	50
199	314	50
365	177	14
366	178	14
366	179	14
365	180	14
365	181	14
364	182	14
363	183	14
70	325	0
69	326	0
68	327	0
67	328	0
66	329	0
65	330	0
64	331	0
63	332	0
62	333	0
61	334	0
60	335	0
59	336	0
58	337	0
57	338	0
56	339	0
55	340	0
54	341	0
53	342	0
52	343	0
51	344	0
50	345	0
49	346	0
48	347	0
47	348	0
46	349	0
45	350	0
44	351	0
43	352	0
42	353	0
41	354	0
40	355	0
39	356	0
38	357	0
37	358	0
36	359	0
35	360	0
34	361	0
33	362	0
32	363	0
31	364	0
30	365	0
29	366	0
28	367	0
27	368	0
26	369	0
25	370	0
24	371	0
23	372	0
22	373	0
21	374	0
20	375	0
19	376	0
18	377	0
17	378	0
16	379	0
15	380	0
14	381	0
13	382	0
12	383	0
11	384	0
10	385	0
9	386	0
8	387	0
7	388	0
6	389	0
5	390	0
4	391	0
3	392	0
2	393	0
1	394	0
71	324	0
258	330	49
258	331	49
259	332	49
259	333	49
259	334	49
259	335	49
258	329	49
259	336	49
292	9	41
293	9	41
294	10	41
295	10	41
296	11	41
297	11	41
298	12	41
299	12	41
300	12	41
301	13	41
303	13	41
302	14	41
304	14	41
306	14	41
305	15	41
307	15	41
308	15	41
310	15	41
309	16	41
311	16	41
312	16	41
291	8	41
313	17	41
322	12	3
324	12	3
326	12	3
320	13	3
321	13	3
323	13	3
325	13	3
318	14	3
319	14	3
316	15	3
317	15	3
314	16	3
315	16	3
313	17	3
398	239	13
398	240	13
397	238	13
399	241	13
305	61	34
306	61	34
307	61	34
308	61	34
309	61	34
310	61	34
311	61	34
312	61	34
313	61	34
314	61	34
315	61	34
304	62	34
73	309	50
74	309	50
75	309	50
76	309	50
77	309	50
78	309	50
79	309	50
80	309	50
81	309	50
82	309	50
83	309	50
84	309	50
85	309	50
86	309	50
87	309	50
88	309	50
89	309	50
90	309	50
91	309	50
92	309	50
93	309	50
94	309	50
95	309	50
96	309	50
97	309	50
98	309	50
99	309	50
100	309	50
101	309	50
102	309	50
103	309	50
104	309	50
105	309	50
106	309	50
107	309	50
108	309	50
109	309	50
110	309	50
111	309	50
112	309	50
113	309	50
114	309	50
115	309	50
116	309	50
117	309	50
118	309	50
119	309	50
120	309	50
121	309	50
122	309	50
123	309	50
124	309	50
125	309	50
126	309	50
127	309	50
128	309	50
129	309	50
130	309	50
131	309	50
132	309	50
133	309	50
134	309	50
135	309	50
136	309	50
137	309	50
138	309	50
139	310	50
140	310	50
141	311	50
142	311	50
143	312	50
144	312	50
145	312	50
146	312	50
147	312	50
148	312	50
149	312	50
72	309	50
150	312	50
420	238	0
420	239	0
420	240	0
420	241	0
220	239	0
221	240	0
222	241	0
219	238	0
223	242	0
115	369	50
115	370	50
115	371	50
115	372	50
115	373	50
115	374	50
115	375	50
116	376	50
117	377	50
118	378	50
119	379	50
120	379	50
121	380	50
122	380	50
123	381	50
124	381	50
125	382	50
126	382	50
127	383	50
128	383	50
129	384	50
130	384	50
155	384	50
157	384	50
159	384	50
131	385	50
132	385	50
143	385	50
145	385	50
146	385	50
147	385	50
148	385	50
149	385	50
150	385	50
151	385	50
152	385	50
153	385	50
154	385	50
156	385	50
158	385	50
160	385	50
161	385	50
162	385	50
163	385	50
164	385	50
165	385	50
166	385	50
168	385	50
170	385	50
172	385	50
133	386	50
134	386	50
137	386	50
138	386	50
139	386	50
140	386	50
141	386	50
142	386	50
144	386	50
167	386	50
169	386	50
171	386	50
173	386	50
174	386	50
175	386	50
176	386	50
135	387	50
136	387	50
177	387	50
178	387	50
179	387	50
180	387	50
181	387	50
182	387	50
183	387	50
184	387	50
185	387	50
186	387	50
187	387	50
189	387	50
210	387	50
188	388	50
190	388	50
192	388	50
197	388	50
202	388	50
204	388	50
205	388	50
206	388	50
207	388	50
208	388	50
209	388	50
191	389	50
193	389	50
194	389	50
195	389	50
196	389	50
198	389	50
199	389	50
200	389	50
201	389	50
203	389	50
115	368	50
211	387	50
197	361	50
198	362	50
198	363	50
199	364	50
198	365	50
197	366	50
196	367	50
197	360	50
196	368	50
267	331	7
265	332	7
266	332	7
264	333	7
263	334	7
262	335	7
261	336	7
267	330	7
260	337	7
351	182	15
352	182	15
353	183	15
354	183	15
356	183	15
358	183	15
360	183	15
361	183	15
362	183	15
355	184	15
357	184	15
359	184	15
350	181	15
363	183	15
369	52	21
366	53	21
367	53	21
368	53	21
370	53	21
365	54	21
371	54	21
363	55	21
364	55	21
371	55	21
372	56	21
372	57	21
373	58	21
374	59	21
375	60	21
376	61	21
377	62	21
378	62	21
362	56	21
407	239	6
409	239	6
411	239	6
406	240	6
408	240	6
410	240	6
412	240	6
413	241	6
405	240	6
414	242	6
218	179	41
219	179	41
220	179	41
221	180	41
222	180	41
223	181	41
224	181	41
225	181	41
226	181	41
227	181	41
228	182	41
229	182	41
230	182	41
231	182	41
233	182	41
235	182	41
237	182	41
232	183	41
234	183	41
236	183	41
238	183	41
239	183	41
240	183	41
241	183	41
242	183	41
243	183	41
244	183	41
245	183	41
246	183	41
247	183	41
248	184	41
249	184	41
217	178	41
250	183	41
140	327	48
140	328	48
140	329	48
140	330	48
140	331	48
140	332	48
140	333	48
140	334	48
140	335	48
140	336	48
140	337	48
140	326	48
140	338	48
456	108	3
457	108	3
458	109	3
455	107	3
459	110	3
367	241	24
368	241	24
369	241	24
363	242	24
364	242	24
365	242	24
366	242	24
370	242	24
371	242	24
344	243	24
359	243	24
360	243	24
361	243	24
362	243	24
345	244	24
346	244	24
347	244	24
349	244	24
351	244	24
352	244	24
353	244	24
354	244	24
355	244	24
356	244	24
357	244	24
358	244	24
348	245	24
350	245	24
372	243	24
343	244	24
373	242	0
374	242	0
372	243	0
139	281	47
138	282	47
137	283	47
136	284	47
135	285	47
76	286	47
77	286	47
78	286	47
79	286	47
80	286	47
81	286	47
82	286	47
83	286	47
84	286	47
85	286	47
86	286	47
87	286	47
88	286	47
89	286	47
90	286	47
91	286	47
92	286	47
93	286	47
94	286	47
95	286	47
96	286	47
97	286	47
98	286	47
99	286	47
100	286	47
101	286	47
102	286	47
103	286	47
104	286	47
105	286	47
106	286	47
107	286	47
108	286	47
109	286	47
110	286	47
111	286	47
112	286	47
113	286	47
114	286	47
115	286	47
116	286	47
117	286	47
118	286	47
119	286	47
120	286	47
121	286	47
122	286	47
123	286	47
124	286	47
125	286	47
126	286	47
127	286	47
128	286	47
129	286	47
130	286	47
131	286	47
132	286	47
133	286	47
134	286	47
140	280	47
75	286	47
231	107	45
229	108	45
230	108	45
227	109	45
228	109	45
226	110	45
232	106	45
225	109	45
403	242	0
404	241	0
402	243	0
289	11	41
289	12	41
289	13	41
289	14	41
289	15	41
289	16	41
290	17	41
290	18	41
289	10	41
276	285	40
275	286	40
277	284	40
415	242	1
416	242	1
417	242	1
418	242	1
419	242	1
420	241	1
414	242	1
404	58	24
405	59	24
405	60	24
406	61	24
407	62	24
408	63	24
408	64	24
403	57	24
409	65	24
197	369	47
198	369	47
199	370	47
200	371	47
201	371	47
202	372	47
203	373	47
204	373	47
205	374	47
206	375	47
207	375	47
208	375	47
209	375	47
210	376	47
211	377	47
212	377	47
213	378	47
214	378	47
215	379	47
216	379	47
196	368	47
217	380	47
482	64	950
483	64	950
484	64	950
385	236	17
387	236	17
382	237	17
383	237	17
384	237	17
386	237	17
388	237	17
389	237	17
390	237	17
392	237	17
395	237	17
380	238	17
381	238	17
391	238	17
393	238	17
394	238	17
378	239	17
379	239	17
377	240	17
375	241	17
376	241	17
396	238	17
374	242	17
187	16	46
186	17	46
185	18	46
184	19	46
188	15	46
183	20	46
237	56	2
238	56	2
239	56	2
240	56	2
241	56	2
243	56	2
234	57	2
235	57	2
236	57	2
242	57	2
244	57	2
245	58	2
246	59	2
247	59	2
248	60	2
248	61	2
248	62	2
248	63	2
248	64	2
248	65	2
233	58	2
248	66	2
258	338	5
259	337	5
257	339	5
325	236	31
326	236	31
327	236	31
328	236	31
329	236	31
330	236	31
324	237	31
331	237	31
332	238	31
334	238	31
333	239	31
335	239	31
336	239	31
337	240	31
338	241	31
339	241	31
340	242	31
341	243	31
342	243	31
323	238	31
343	244	31
228	15	50
227	16	50
226	17	50
224	18	50
225	18	50
220	19	50
221	19	50
222	19	50
223	19	50
219	20	50
218	21	50
217	22	50
217	23	50
74	287	42
73	288	42
75	286	42
74	289	42
302	180	34
302	181	34
303	182	34
304	183	34
305	184	34
306	185	34
340	185	34
307	186	34
327	186	34
329	186	34
331	186	34
332	186	34
334	186	34
336	186	34
337	186	34
338	186	34
339	186	34
341	186	34
342	186	34
308	187	34
309	187	34
321	187	34
322	187	34
323	187	34
324	187	34
325	187	34
326	187	34
328	187	34
330	187	34
333	187	34
335	187	34
310	188	34
311	188	34
312	188	34
314	188	34
315	188	34
316	188	34
317	188	34
318	188	34
319	188	34
320	188	34
313	189	34
301	179	34
343	187	34
393	109	8
395	109	8
397	109	8
398	109	8
399	109	8
400	109	8
401	109	8
402	109	8
403	109	8
404	109	8
406	109	8
409	109	8
411	109	8
422	109	8
424	109	8
390	110	8
392	110	8
394	110	8
396	110	8
405	110	8
407	110	8
408	110	8
410	110	8
412	110	8
414	110	8
416	110	8
418	110	8
419	110	8
420	110	8
421	110	8
423	110	8
387	111	8
388	111	8
389	111	8
391	111	8
413	111	8
415	111	8
417	111	8
384	112	8
385	112	8
386	112	8
381	113	8
382	113	8
383	113	8
377	114	8
378	114	8
379	114	8
380	114	8
374	115	8
375	115	8
376	115	8
373	116	8
425	108	8
372	117	8
426	109	0
428	109	0
427	110	0
429	110	0
425	108	0
430	109	0
400	243	0
399	242	0
401	242	0
338	17	21
337	18	21
334	19	21
335	19	21
336	19	21
333	20	21
332	21	21
331	22	21
330	23	21
329	24	21
328	25	21
339	16	21
327	26	21
216	179	46
214	180	46
215	180	46
213	181	46
212	182	46
211	183	46
209	184	46
210	184	46
208	185	46
207	186	46
205	187	46
206	187	46
217	178	46
204	188	46
233	59	50
233	60	50
234	61	50
235	62	50
236	63	50
237	64	50
238	65	50
238	66	50
233	58	50
238	67	50
262	286	0
260	287	0
261	287	0
256	288	0
257	288	0
258	288	0
259	288	0
255	288	0
421	242	4
422	242	4
424	242	4
423	243	4
425	243	4
426	243	4
420	241	4
427	244	4
429	242	1
430	242	1
428	243	1
431	243	1
427	244	1
394	18	4
392	19	4
393	19	4
395	17	4
391	20	4
159	285	47
159	286	47
159	287	47
160	288	47
160	289	47
160	290	47
160	291	47
160	292	47
160	293	47
160	294	47
159	284	47
160	295	47
364	184	14
365	185	14
366	186	14
367	187	14
363	183	14
144	52	50
145	52	50
147	52	50
149	52	50
151	52	50
153	52	50
155	52	50
156	52	50
157	52	50
146	53	50
148	53	50
150	53	50
152	53	50
154	53	50
143	51	50
158	53	50
299	107	39
299	108	39
299	109	39
300	110	39
301	111	39
299	106	39
302	112	39
304	108	0
304	109	0
304	110	0
303	111	0
304	107	0
302	112	0
411	66	1
410	66	1
383	19	8
384	19	8
386	19	8
388	19	8
389	19	8
381	20	8
382	20	8
385	20	8
387	20	8
379	21	8
380	21	8
378	22	8
390	20	8
377	23	8
375	243	17
376	244	17
374	242	17
377	245	17
402	244	0
402	243	0
402	245	0
146	99	45
146	100	45
146	101	45
146	102	45
146	103	45
146	104	45
146	105	45
146	106	45
146	107	45
146	108	45
146	109	45
146	110	45
146	111	45
146	112	45
146	113	45
146	114	45
146	115	45
146	116	45
146	117	45
146	118	45
146	119	45
146	120	45
146	121	45
147	122	45
147	123	45
147	124	45
147	125	45
147	126	45
147	127	45
147	128	45
147	129	45
147	130	45
147	131	45
146	98	45
147	132	45
251	184	3
252	185	3
253	185	3
254	186	3
255	186	3
256	186	3
257	187	3
258	188	3
259	189	3
250	183	3
260	190	3
461	110	1
462	111	1
460	110	1
177	21	0
179	21	0
180	21	0
181	21	0
171	22	0
172	22	0
173	22	0
174	22	0
175	22	0
176	22	0
178	22	0
182	20	0
170	23	0
468	111	0
469	111	0
470	111	0
467	112	0
466	113	0
465	114	0
464	115	0
210	10	50
210	11	50
210	12	50
210	13	50
210	14	50
210	15	50
210	16	50
210	17	50
210	18	50
210	19	50
210	20	50
210	21	50
211	9	50
210	22	50
277	325	48
280	325	48
282	325	48
283	325	48
284	325	48
285	325	48
273	326	48
274	326	48
275	326	48
276	326	48
278	326	48
279	326	48
281	326	48
286	326	48
287	326	48
288	326	48
289	326	48
290	326	48
291	326	48
270	327	48
272	327	48
269	328	48
271	328	48
268	329	48
292	327	48
267	330	48
237	8	48
238	9	48
239	10	48
240	11	48
241	12	48
242	13	48
243	14	48
244	15	48
244	16	48
244	17	48
244	18	48
244	19	48
244	20	48
244	21	48
236	7	48
244	22	48
339	343	1
340	344	1
341	345	1
342	346	1
338	342	1
343	347	1
158	181	50
159	182	50
160	183	50
161	183	50
162	184	50
163	185	50
164	186	50
165	187	50
166	187	50
167	188	50
168	189	50
169	190	50
170	190	50
171	191	50
157	180	50
172	192	50
138	339	25
91	340	25
92	340	25
93	340	25
94	340	25
95	340	25
96	340	25
97	340	25
98	340	25
99	340	25
100	340	25
101	340	25
102	340	25
103	340	25
104	340	25
105	340	25
106	340	25
107	340	25
108	340	25
109	340	25
110	340	25
111	340	25
112	340	25
113	340	25
114	340	25
115	340	25
116	340	25
117	340	25
118	340	25
119	340	25
120	340	25
121	340	25
122	340	25
123	340	25
124	340	25
125	340	25
126	340	25
127	340	25
128	340	25
129	340	25
130	340	25
131	340	25
132	340	25
133	340	25
134	340	25
135	340	25
136	340	25
137	340	25
139	339	25
90	340	25
151	14	50
152	14	50
153	15	50
154	16	50
155	16	50
157	16	50
156	17	50
158	17	50
159	17	50
160	17	50
161	18	50
162	18	50
163	19	50
164	19	50
165	20	50
166	20	50
167	21	50
168	21	50
169	22	50
150	13	50
170	23	50
459	112	0
459	111	0
459	113	0
335	291	13
336	292	13
337	293	13
338	294	13
334	290	13
302	61	35
303	61	35
300	62	35
301	62	35
298	63	35
299	63	35
296	64	35
297	64	35
294	65	35
295	65	35
292	66	35
293	66	35
291	67	35
304	62	35
290	68	35
281	286	0
282	286	0
280	286	0
283	287	0
201	15	50
202	16	50
203	17	50
204	18	50
205	19	50
206	20	50
207	21	50
208	22	50
201	14	50
209	23	50
213	8	49
214	9	49
215	10	49
215	11	49
215	12	49
215	13	49
215	14	49
215	15	49
215	16	49
215	17	49
215	18	49
215	19	49
215	20	49
215	21	49
215	22	49
212	9	49
215	23	49
187	93	49
188	94	49
188	95	49
189	96	49
189	97	49
190	98	49
190	99	49
191	100	49
191	101	49
191	102	49
192	103	49
193	104	49
194	105	49
195	106	49
196	107	49
197	108	49
197	109	49
197	110	49
197	111	49
197	112	49
197	113	49
186	92	49
197	114	49
258	340	0
257	339	0
2	2	0
3	3	0
4	4	0
5	5	0
6	6	0
7	7	0
8	8	0
9	9	0
10	10	0
11	11	0
12	12	0
13	13	0
14	14	0
15	15	0
16	16	0
17	17	0
18	18	0
19	19	0
20	20	0
21	21	0
22	22	0
23	23	0
24	24	0
25	25	0
26	26	0
27	27	0
28	28	0
29	29	0
30	30	0
31	31	0
32	32	0
33	33	0
34	34	0
35	35	0
36	36	0
37	37	0
38	38	0
39	39	0
40	40	0
41	41	0
42	42	0
43	43	0
44	44	0
45	45	0
46	46	0
47	47	0
48	48	0
49	49	0
50	50	0
51	51	0
52	52	0
53	53	0
54	54	0
55	55	0
56	56	0
57	57	0
58	58	0
59	59	0
60	60	0
61	61	0
62	62	0
63	63	0
64	64	0
65	65	0
66	66	0
67	67	0
68	68	0
69	69	0
94	56	0
95	56	0
92	57	0
93	57	0
90	58	0
91	58	0
88	59	0
89	59	0
86	60	0
87	60	0
84	61	0
85	61	0
82	62	0
83	62	0
80	63	0
81	63	0
78	64	0
79	64	0
76	65	0
77	65	0
74	66	0
75	66	0
72	67	0
73	67	0
70	68	0
71	68	0
96	55	0
69	69	0
338	286	0
337	287	0
336	288	0
335	289	0
334	290	0
388	260	3
389	261	3
390	262	3
391	263	3
392	263	3
393	264	3
394	264	3
396	264	3
395	265	3
397	265	3
398	265	3
399	265	3
400	265	3
401	265	3
403	265	3
402	266	3
404	266	3
405	266	3
406	267	3
387	259	3
250	66	49
252	66	49
254	66	49
256	66	49
258	66	49
260	66	49
262	66	49
273	66	49
280	66	49
282	66	49
249	67	49
251	67	49
253	67	49
255	67	49
257	67	49
259	67	49
261	67	49
263	67	49
264	67	49
265	67	49
266	67	49
267	67	49
268	67	49
269	67	49
270	67	49
271	67	49
272	67	49
274	67	49
275	67	49
276	67	49
277	67	49
278	67	49
279	67	49
281	67	49
283	67	49
284	67	49
285	67	49
286	67	49
288	67	49
287	68	49
289	68	49
248	66	49
290	68	49
339	338	19
339	339	19
338	340	19
340	337	19
338	341	19
235	6	10
234	5	10
236	7	10
304	63	35
304	64	35
304	65	35
304	66	35
304	67	35
304	68	35
304	62	35
474	112	1
475	112	1
476	112	1
477	112	1
478	113	1
479	113	1
480	113	1
481	113	1
482	113	1
483	114	1
340	17	26
341	17	26
342	17	26
343	17	26
344	18	26
345	18	26
346	18	26
347	19	26
348	19	26
349	20	26
350	20	26
351	20	26
352	21	26
353	21	26
354	21	26
355	22	26
356	22	26
357	22	26
358	22	26
360	22	26
362	22	26
364	22	26
366	22	26
368	22	26
369	22	26
370	22	26
371	22	26
372	22	26
373	22	26
374	22	26
375	22	26
359	23	26
361	23	26
363	23	26
365	23	26
367	23	26
339	16	26
376	23	26
484	113	15
485	113	15
483	114	15
262	190	7
263	190	7
265	190	7
264	191	7
266	191	7
267	191	7
268	191	7
269	191	7
270	191	7
272	191	7
271	192	7
273	192	7
274	192	7
275	192	7
276	192	7
277	192	7
278	192	7
279	192	7
261	190	7
280	192	7
407	22	1
407	23	1
409	22	3
409	23	3
254	281	42
254	282	42
254	283	42
254	284	42
254	285	42
254	286	42
255	280	42
254	287	42
171	282	34
171	283	34
171	284	34
171	285	34
171	286	34
172	287	34
172	288	34
172	289	34
172	290	34
172	291	34
171	281	34
172	292	34
246	67	49
247	67	49
239	68	49
240	68	49
244	68	49
245	68	49
241	69	49
242	69	49
243	69	49
248	66	49
238	67	49
209	291	0
210	292	0
317	63	32
318	64	32
319	65	32
320	66	32
321	67	32
322	68	32
323	69	32
316	62	32
323	70	32
283	288	34
283	289	34
283	290	34
283	291	34
283	287	34
282	292	34
202	188	46
201	189	46
199	190	46
200	190	46
197	191	46
198	191	46
195	192	46
196	192	46
193	193	46
194	193	46
203	188	46
192	194	46
412	243	12
413	243	12
408	244	12
410	244	12
411	244	12
407	245	12
409	245	12
404	246	12
405	246	12
406	246	12
414	242	12
403	246	12
173	191	46
174	191	46
175	191	46
180	191	46
176	192	46
177	192	46
178	192	46
179	192	46
181	192	46
182	192	46
183	192	46
184	192	46
185	193	46
186	193	46
187	193	46
188	193	46
189	193	46
191	193	46
190	194	46
172	192	46
192	194	46
280	292	0
281	292	0
282	292	0
436	69	0
437	70	0
376	387	0
377	387	0
372	388	0
373	388	0
374	388	0
375	388	0
368	389	0
369	389	0
370	389	0
371	389	0
364	390	0
365	390	0
366	390	0
367	390	0
358	391	0
360	391	0
361	391	0
362	391	0
363	391	0
350	392	0
352	392	0
354	392	0
355	392	0
356	392	0
357	392	0
359	392	0
340	393	0
342	393	0
344	393	0
345	393	0
346	393	0
347	393	0
348	393	0
349	393	0
351	393	0
353	393	0
337	394	0
338	394	0
339	394	0
341	394	0
343	394	0
378	386	0
419	17	2
419	18	2
420	19	2
421	20	2
421	21	2
422	22	2
423	23	2
423	24	2
418	16	2
424	25	2
379	245	17
380	245	17
381	245	17
391	245	17
393	245	17
382	246	17
383	246	17
386	246	17
388	246	17
389	246	17
390	246	17
392	246	17
394	246	17
395	246	17
396	246	17
397	246	17
384	247	17
385	247	17
387	247	17
398	247	17
399	247	17
378	245	17
400	247	17
212	24	0
213	24	0
214	24	0
211	23	0
215	23	0
216	24	0
215	23	0
217	23	0
427	245	0
427	246	0
428	247	0
427	244	0
204	114	0
198	115	0
200	115	0
201	115	0
202	115	0
203	115	0
205	115	0
206	115	0
199	116	0
197	114	0
207	114	0
208	115	0
209	115	0
207	114	0
210	116	0
494	82	3
496	82	3
493	83	3
495	83	3
497	83	3
498	83	3
499	83	3
500	83	3
491	84	3
492	84	3
501	84	3
503	84	3
490	85	3
502	85	3
504	85	3
489	86	3
505	86	3
506	86	3
488	87	3
507	87	3
520	87	3
522	87	3
524	87	3
525	87	3
508	88	3
509	88	3
510	88	3
511	88	3
515	88	3
517	88	3
518	88	3
519	88	3
521	88	3
523	88	3
512	89	3
513	89	3
514	89	3
516	89	3
526	87	3
487	88	3
224	110	0
222	111	0
223	111	0
220	112	0
221	112	0
219	113	0
217	114	0
218	114	0
214	115	0
215	115	0
216	115	0
212	116	0
213	116	0
225	109	0
211	116	0
313	18	4
313	19	4
314	20	4
315	21	4
316	22	4
317	23	4
318	24	4
319	24	4
313	17	4
320	25	4
321	24	0
320	25	0
184	286	5
183	287	5
183	288	5
182	289	5
182	290	5
182	291	5
182	292	5
181	293	5
181	294	5
181	295	5
185	285	5
180	296	5
222	243	50
220	244	50
221	244	50
218	245	50
219	245	50
190	246	50
216	246	50
217	246	50
186	247	50
187	247	50
188	247	50
189	247	50
191	247	50
192	247	50
193	247	50
195	247	50
214	247	50
215	247	50
184	248	50
185	248	50
194	248	50
196	248	50
197	248	50
198	248	50
200	248	50
202	248	50
204	248	50
206	248	50
208	248	50
210	248	50
211	248	50
212	248	50
213	248	50
182	249	50
183	249	50
199	249	50
201	249	50
203	249	50
205	249	50
207	249	50
209	249	50
180	250	50
181	250	50
179	251	50
177	252	50
178	252	50
175	253	50
176	253	50
223	242	50
174	254	50
343	188	9
343	189	9
344	190	9
344	191	9
345	192	9
346	193	9
347	194	9
348	195	9
349	196	9
351	196	9
350	197	9
352	197	9
343	187	9
353	198	9
453	110	3
453	111	3
453	112	3
454	113	3
455	114	3
458	114	3
456	115	3
457	115	3
453	109	3
459	113	3
293	329	32
293	330	32
294	331	32
295	332	32
296	333	32
297	333	32
298	334	32
299	335	32
300	335	32
301	336	32
302	337	32
303	337	32
304	338	32
305	339	32
306	339	32
308	339	32
307	340	32
309	340	32
310	340	32
311	340	32
312	340	32
313	340	32
314	340	32
316	340	32
318	340	32
320	340	32
315	341	32
317	341	32
319	341	32
321	341	32
322	341	32
323	341	32
324	341	32
325	341	32
326	341	32
327	341	32
328	341	32
330	341	32
332	341	32
335	341	32
336	341	32
329	342	32
331	342	32
333	342	32
334	342	32
292	328	32
337	342	32
372	244	0
372	245	0
372	246	0
371	247	0
369	248	0
370	248	0
372	243	0
356	196	5
358	196	5
354	197	5
355	197	5
357	197	5
359	197	5
360	197	5
361	197	5
362	197	5
353	198	5
363	198	5
365	197	0
364	198	0
399	194	19
399	195	19
400	196	19
400	197	19
400	198	19
170	293	50
171	293	50
169	294	50
168	295	50
162	296	50
163	296	50
164	296	50
165	296	50
166	296	50
167	296	50
172	292	50
161	296	50
170	49	49
171	49	49
172	49	49
173	49	49
174	49	49
175	49	49
176	49	49
177	49	49
178	49	49
168	50	49
169	50	49
179	50	49
180	50	49
165	51	49
166	51	49
167	51	49
181	51	49
182	51	49
160	52	49
161	52	49
162	52	49
163	52	49
164	52	49
183	52	49
184	52	49
185	53	49
159	53	49
186	54	49
173	293	0
174	294	0
175	294	0
176	295	0
177	296	0
178	296	0
179	296	0
172	292	0
180	296	0
246	23	50
245	24	50
247	24	50
248	24	50
249	24	50
250	25	50
251	25	50
252	25	50
253	25	50
244	23	50
254	24	50
348	182	0
347	183	0
346	184	0
345	185	0
344	186	0
349	181	0
343	187	0
363	57	28
363	58	28
364	59	28
365	60	28
366	61	28
367	62	28
368	62	28
369	63	28
370	64	28
372	64	28
371	65	28
373	65	28
374	66	28
375	66	28
376	66	28
377	67	28
378	67	28
379	68	28
380	69	28
381	70	28
381	71	28
362	56	28
381	72	28
402	58	26
401	59	26
400	60	26
399	61	26
398	62	26
396	63	26
397	63	26
395	64	26
393	65	26
394	65	26
391	66	26
392	66	26
390	67	26
388	68	26
389	68	26
387	69	26
385	70	26
386	70	26
384	71	26
403	57	26
383	72	26
324	23	0
325	24	0
326	25	0
327	26	0
151	314	46
151	315	46
151	313	46
151	316	46
141	340	0
142	341	0
143	342	0
144	343	0
145	344	0
140	339	0
146	345	0
305	106	3
306	107	3
307	108	3
308	108	3
310	108	3
309	109	3
311	109	3
312	109	3
313	109	3
314	109	3
315	109	3
316	109	3
317	109	3
318	109	3
319	109	3
320	109	3
321	109	3
322	109	3
323	109	3
324	109	3
325	109	3
326	109	3
327	109	3
328	109	3
329	109	3
330	109	3
331	109	3
332	109	3
333	109	3
334	109	3
336	109	3
338	109	3
340	109	3
335	110	3
337	110	3
339	110	3
341	110	3
342	110	3
343	110	3
347	110	3
349	110	3
351	110	3
344	111	3
345	111	3
346	111	3
348	111	3
350	111	3
352	111	3
354	111	3
353	112	3
355	112	3
356	112	3
357	113	3
358	113	3
359	113	3
360	114	3
361	114	3
362	114	3
364	114	3
366	114	3
368	114	3
363	115	3
365	115	3
367	115	3
369	115	3
370	115	3
371	116	3
304	107	3
372	117	3
410	25	4
409	24	4
460	114	3
461	115	3
463	115	3
462	116	3
459	113	3
464	115	3
482	115	0
481	116	0
483	114	0
174	107	0
175	108	0
176	108	0
177	109	0
178	110	0
179	110	0
180	111	0
181	112	0
182	112	0
183	113	0
184	113	0
185	114	0
186	114	0
187	115	0
189	115	0
196	115	0
188	116	0
190	116	0
191	116	0
192	116	0
194	116	0
195	116	0
193	117	0
173	106	0
197	114	0
289	250	1
290	250	1
291	250	1
292	250	1
288	251	1
293	251	1
351	329	6
353	329	6
355	329	6
357	329	6
359	329	6
361	329	6
363	329	6
364	329	6
365	329	6
367	329	6
348	330	6
350	330	6
352	330	6
354	330	6
356	330	6
358	330	6
360	330	6
362	330	6
366	330	6
368	330	6
369	330	6
370	330	6
346	331	6
347	331	6
349	331	6
371	331	6
372	331	6
373	331	6
374	331	6
375	331	6
376	331	6
344	332	6
345	332	6
377	332	6
378	332	6
380	332	6
343	333	6
379	333	6
381	333	6
342	334	6
382	334	6
341	335	6
383	335	6
384	335	6
385	335	6
387	335	6
386	336	6
388	336	6
340	336	6
389	337	6
298	249	0
295	250	0
296	250	0
297	250	0
299	248	0
294	251	0
394	199	0
395	199	0
396	199	0
397	199	0
398	199	0
393	200	0
392	201	0
389	202	0
390	202	0
391	202	0
386	203	0
388	203	0
385	204	0
387	204	0
382	205	0
383	205	0
384	205	0
380	206	0
381	206	0
378	207	0
379	207	0
376	208	0
377	208	0
399	199	0
199	337	47
200	337	47
197	338	47
198	338	47
196	339	47
194	340	47
195	340	47
184	341	47
186	341	47
188	341	47
190	341	47
192	341	47
193	341	47
182	342	47
183	342	47
185	342	47
187	342	47
189	342	47
191	342	47
180	343	47
181	343	47
178	344	47
179	344	47
177	345	47
201	336	47
176	346	47
218	24	0
241	24	0
242	24	0
219	25	0
239	25	0
240	25	0
220	26	0
221	26	0
236	26	0
237	26	0
238	26	0
222	27	0
223	27	0
234	27	0
235	27	0
224	28	0
225	28	0
231	28	0
232	28	0
233	28	0
226	29	0
227	29	0
230	29	0
228	30	0
229	30	0
217	23	0
243	23	0
422	250	951
423	250	951
236	68	50
237	68	50
235	69	50
233	70	50
234	70	50
193	71	50
195	71	50
197	71	50
199	71	50
227	71	50
229	71	50
231	71	50
232	71	50
191	72	50
192	72	50
194	72	50
196	72	50
198	72	50
200	72	50
201	72	50
202	72	50
203	72	50
205	72	50
215	72	50
217	72	50
219	72	50
220	72	50
221	72	50
222	72	50
223	72	50
224	72	50
225	72	50
226	72	50
228	72	50
230	72	50
190	73	50
204	73	50
206	73	50
207	73	50
208	73	50
209	73	50
210	73	50
211	73	50
212	73	50
213	73	50
214	73	50
216	73	50
218	73	50
188	74	50
189	74	50
186	75	50
187	75	50
184	76	50
185	76	50
183	77	50
182	78	50
238	67	50
181	79	50
301	113	39
301	114	39
299	115	39
300	115	39
298	116	39
297	117	39
297	118	39
302	112	39
296	119	39
465	116	4
466	117	4
467	118	4
464	115	4
209	340	50
209	341	50
209	342	50
209	343	50
209	344	50
210	345	50
211	346	50
209	339	50
212	347	50
159	297	0
158	298	0
157	299	0
160	296	0
156	300	0
226	336	46
226	337	46
226	338	46
226	339	46
226	340	46
226	341	46
226	342	46
226	343	46
225	344	46
224	345	46
223	346	46
226	335	46
222	347	46
253	278	0
254	279	0
255	280	0
81	179	50
80	180	50
80	181	50
79	182	50
79	183	50
78	184	50
78	185	50
77	186	50
77	187	50
76	188	50
76	189	50
75	190	50
75	191	50
74	192	50
74	193	50
73	194	50
73	195	50
72	196	50
73	197	50
72	198	50
72	199	50
72	200	50
73	201	50
82	178	50
74	202	50
285	111	38
284	112	38
283	113	38
281	114	38
282	114	38
280	115	38
280	116	38
280	117	38
280	118	38
280	119	38
286	110	38
280	120	38
240	248	50
241	249	50
240	247	50
242	250	50
228	334	49
229	334	49
230	334	49
231	334	49
232	335	49
233	335	49
234	336	49
235	336	49
236	337	49
237	337	49
238	338	49
239	338	49
240	339	49
241	339	49
254	339	49
256	339	49
242	340	49
243	340	49
244	340	49
246	340	49
248	340	49
250	340	49
251	340	49
252	340	49
253	340	49
255	340	49
245	341	49
247	341	49
249	341	49
227	334	49
257	339	49
423	26	0
424	25	0
278	251	2
280	251	2
282	251	2
284	251	2
285	251	2
286	251	2
275	252	2
277	252	2
279	252	2
281	252	2
283	252	2
276	253	2
287	251	2
274	253	2
365	200	3
366	201	3
364	199	3
354	341	0
353	342	0
352	343	0
352	344	0
351	345	0
351	346	0
350	347	0
349	348	0
293	120	0
294	120	0
295	120	0
296	119	0
292	121	0
278	287	40
277	288	40
279	286	40
221	348	5
222	347	5
220	349	5
253	289	50
252	290	50
252	291	50
251	292	50
250	293	50
250	294	50
249	295	50
248	296	50
248	297	50
247	298	50
247	299	50
246	300	50
254	288	50
245	301	50
467	85	12
468	86	12
469	87	12
470	88	12
471	88	12
472	88	12
473	88	12
485	88	12
474	89	12
476	89	12
478	89	12
480	89	12
482	89	12
483	89	12
484	89	12
475	90	12
477	90	12
479	90	12
481	90	12
466	84	12
486	88	12
263	251	50
265	251	50
267	251	50
268	251	50
269	251	50
270	251	50
271	251	50
262	252	50
264	252	50
266	252	50
272	252	50
273	252	50
260	253	50
261	253	50
257	254	50
258	254	50
259	254	50
274	253	50
256	255	50
283	293	32
283	294	32
284	295	32
285	296	32
286	297	32
287	297	32
288	297	32
289	298	32
290	298	32
291	298	32
292	298	32
293	298	32
294	298	32
296	298	32
295	299	32
297	299	32
298	299	32
299	299	32
300	299	32
301	299	32
302	299	32
303	299	32
305	299	32
306	299	32
308	299	32
310	299	32
311	299	32
312	299	32
304	300	32
307	300	32
309	300	32
313	300	32
314	300	32
282	292	32
315	299	32
372	118	0
371	119	0
367	120	0
369	120	0
370	120	0
366	121	0
368	121	0
372	117	0
209	293	10
208	294	10
207	295	10
207	296	10
207	297	10
207	298	10
207	299	10
207	300	10
207	301	10
210	292	10
208	302	10
379	387	10
380	387	10
381	388	10
382	389	10
383	390	10
384	390	10
385	391	10
386	391	10
387	392	10
388	392	10
390	392	10
389	393	10
391	393	10
378	386	10
442	65	1
444	65	1
446	65	1
441	66	1
443	66	1
445	66	1
447	66	1
448	66	1
449	66	1
450	66	1
452	66	1
440	67	1
451	67	1
453	67	1
455	67	1
439	68	1
454	68	1
456	68	1
438	69	1
457	69	1
458	70	1
459	71	1
460	71	1
461	72	1
462	72	1
463	72	1
464	73	1
437	70	1
345	347	3
346	348	3
348	348	3
347	349	3
344	347	3
349	348	3
141	12	0
142	12	0
143	13	0
144	13	0
145	14	0
146	14	0
148	14	0
149	14	0
147	15	0
140	11	0
150	13	0
282	121	4
283	121	4
284	121	4
288	121	4
290	121	4
285	122	4
286	122	4
287	122	4
289	122	4
281	121	4
291	121	4
377	247	0
377	248	0
377	249	0
377	250	0
376	251	0
375	252	0
377	246	0
375	253	0
391	22	14
391	23	14
392	24	14
392	25	14
393	26	14
394	27	14
391	21	14
395	28	14
297	120	0
298	121	0
299	122	0
296	119	0
524	107	949
525	108	949
526	109	949
527	110	949
528	111	949
529	112	949
530	113	949
531	114	949
532	115	949
533	116	949
534	117	949
535	118	949
536	118	949
537	119	949
538	120	949
538	121	949
539	122	949
477	24	1
476	25	1
475	26	1
474	27	1
475	28	1
245	244	50
246	244	50
247	244	50
248	244	50
249	244	50
242	245	50
243	245	50
244	245	50
250	245	50
251	245	50
252	245	50
241	246	50
253	246	50
254	247	50
255	248	50
255	249	50
255	250	50
255	251	50
255	252	50
255	253	50
240	247	50
255	254	50
437	71	0
437	72	0
437	73	0
437	74	0
437	70	0
437	75	0
244	301	49
242	302	49
243	302	49
239	303	49
240	303	49
241	303	49
237	304	49
238	304	49
235	305	49
236	305	49
211	306	49
234	306	49
210	307	49
212	307	49
213	307	49
232	307	49
233	307	49
214	308	49
215	308	49
216	308	49
227	308	49
228	308	49
229	308	49
230	308	49
231	308	49
217	309	49
218	309	49
220	309	49
222	309	49
224	309	49
225	309	49
226	309	49
219	310	49
221	310	49
223	310	49
245	301	49
209	306	49
211	118	50
211	119	50
211	120	50
212	121	50
213	122	50
214	123	50
215	124	50
210	117	50
152	101	50
152	102	50
152	103	50
152	104	50
152	105	50
152	106	50
152	107	50
152	108	50
152	109	50
152	110	50
152	111	50
152	112	50
152	113	50
152	114	50
152	115	50
152	116	50
152	117	50
152	118	50
152	119	50
153	120	50
154	121	50
154	122	50
154	123	50
154	124	50
154	125	50
152	100	50
154	126	50
291	69	2
292	70	2
293	70	2
294	71	2
295	72	2
296	72	2
297	73	2
298	74	2
299	74	2
300	75	2
290	68	2
301	76	2
334	69	13
336	69	13
338	69	13
339	69	13
340	69	13
341	69	13
342	69	13
343	69	13
344	69	13
346	69	13
348	69	13
350	69	13
330	70	13
332	70	13
333	70	13
335	70	13
337	70	13
345	70	13
347	70	13
349	70	13
351	70	13
352	70	13
353	70	13
354	70	13
356	70	13
324	71	13
325	71	13
326	71	13
327	71	13
328	71	13
329	71	13
331	71	13
355	71	13
357	71	13
358	71	13
359	71	13
361	71	13
360	72	13
362	72	13
363	72	13
364	72	13
366	72	13
365	73	13
367	73	13
368	73	13
379	73	13
380	73	13
369	74	13
370	74	13
371	74	13
372	74	13
373	74	13
374	74	13
375	74	13
377	74	13
378	74	13
376	75	13
323	70	13
381	72	13
75	325	43
76	325	43
77	325	43
78	325	43
79	325	43
80	325	43
81	325	43
82	325	43
83	325	43
84	325	43
85	325	43
86	325	43
87	325	43
88	325	43
89	325	43
90	325	43
91	325	43
92	325	43
93	325	43
94	325	43
95	325	43
96	325	43
97	325	43
98	325	43
99	325	43
100	325	43
101	325	43
102	325	43
103	325	43
104	325	43
105	325	43
106	325	43
107	325	43
108	325	43
109	325	43
110	325	43
111	325	43
112	325	43
113	325	43
114	325	43
115	325	43
116	325	43
117	325	43
118	325	43
119	325	43
120	325	43
121	325	43
122	325	43
123	325	43
124	325	43
125	325	43
126	325	43
127	325	43
128	325	43
129	325	43
130	325	43
131	325	43
132	325	43
133	325	43
134	325	43
135	325	43
136	325	43
137	325	43
138	325	43
74	325	43
139	325	43
209	304	37
209	305	37
208	303	37
209	306	37
292	123	34
292	124	34
292	125	34
292	126	34
292	122	34
466	74	949
467	74	949
468	74	949
469	74	949
470	75	949
471	75	949
406	25	0
404	26	0
405	26	0
403	27	0
403	28	0
407	24	0
402	29	0
213	388	50
214	388	50
215	389	50
216	390	50
217	391	50
218	391	50
219	392	50
220	392	50
221	393	50
222	393	50
224	393	50
223	394	50
225	394	50
226	394	50
227	394	50
228	394	50
212	387	50
321	71	38
322	71	38
319	72	38
320	72	38
317	73	38
318	73	38
316	74	38
314	75	38
315	75	38
311	76	38
312	76	38
313	76	38
305	77	38
306	77	38
307	77	38
309	77	38
310	77	38
308	78	38
323	70	38
304	77	38
436	125	955
435	126	955
434	127	955
181	297	5
182	298	5
183	299	5
184	300	5
185	301	5
186	302	5
187	303	5
188	304	5
189	305	5
189	306	5
189	307	5
180	296	5
189	308	5
89	342	25
89	343	25
89	344	25
89	345	25
89	346	25
90	347	25
91	348	25
92	348	25
93	349	25
94	349	25
95	350	25
96	350	25
97	351	25
98	351	25
99	352	25
100	352	25
101	353	25
102	353	25
103	354	25
104	354	25
89	341	25
105	355	25
183	22	0
183	23	0
183	24	0
184	25	0
209	25	0
185	26	0
186	26	0
208	26	0
187	27	0
188	27	0
206	27	0
207	27	0
189	28	0
190	28	0
204	28	0
205	28	0
191	29	0
192	29	0
201	29	0
202	29	0
203	29	0
193	30	0
199	30	0
200	30	0
194	31	0
195	31	0
196	31	0
197	31	0
198	31	0
183	21	0
210	24	0
224	242	46
225	243	46
226	243	46
228	243	46
227	244	46
229	244	46
231	244	46
233	244	46
230	245	46
232	245	46
234	245	46
235	245	46
236	245	46
237	245	46
238	245	46
239	246	46
223	242	46
240	247	46
220	195	38
220	196	38
220	197	38
220	198	38
220	199	38
220	200	38
220	201	38
220	202	38
220	203	38
220	204	38
353	199	5
353	200	5
353	201	5
353	202	5
354	203	5
353	198	5
355	204	5
146	351	24
147	351	24
148	352	24
149	352	24
150	353	24
151	353	24
173	353	24
152	354	24
153	354	24
154	354	24
155	354	24
156	354	24
158	354	24
160	354	24
166	354	24
168	354	24
170	354	24
171	354	24
172	354	24
157	355	24
159	355	24
161	355	24
162	355	24
163	355	24
164	355	24
165	355	24
167	355	24
169	355	24
145	350	24
174	352	24
314	26	0
314	27	0
314	28	0
314	29	0
314	30	0
321	26	0
321	27	0
321	28	0
321	29	0
320	25	0
321	30	0
327	27	0
326	28	0
325	29	0
327	26	0
324	30	0
204	190	45
204	191	45
204	192	45
204	193	45
205	194	45
206	195	45
206	196	45
207	197	45
208	197	45
209	198	45
210	199	45
211	200	45
212	201	45
213	202	45
214	203	45
215	204	45
204	189	45
216	205	45
181	80	50
181	81	50
182	82	50
182	83	50
183	84	50
184	85	50
185	86	50
186	87	50
187	88	50
186	89	50
186	90	50
181	79	50
186	91	50
281	193	39
281	194	39
281	195	39
281	196	39
282	197	39
282	198	39
283	199	39
283	200	39
284	201	39
285	202	39
285	203	39
286	204	39
280	192	39
397	29	3
398	29	3
399	29	3
400	29	3
401	29	3
396	28	3
402	29	3
153	128	0
152	129	0
151	130	0
150	131	0
149	132	0
154	127	0
148	133	0
425	26	1
426	27	1
427	28	1
428	28	1
429	29	1
424	25	1
430	30	1
75	202	28
76	202	28
77	202	28
78	202	28
79	202	28
80	202	28
81	202	28
82	202	28
83	202	28
84	202	28
85	202	28
86	202	28
87	202	28
88	202	28
89	202	28
90	202	28
91	202	28
92	202	28
93	202	28
94	202	28
95	202	28
96	202	28
97	202	28
98	202	28
99	202	28
100	202	28
101	202	28
102	202	28
103	202	28
104	202	28
105	202	28
106	202	28
107	202	28
108	202	28
109	202	28
110	202	28
111	202	28
112	202	28
113	202	28
114	202	28
115	202	28
116	202	28
117	202	28
118	202	28
119	202	28
120	202	28
121	202	28
122	202	28
123	202	28
124	202	28
125	202	28
126	202	28
127	202	28
128	202	28
129	202	28
130	202	28
131	202	28
132	202	28
133	202	28
134	202	28
135	202	28
136	202	28
137	203	28
138	204	28
139	205	28
74	202	28
140	206	28
316	300	7
317	301	7
318	302	7
319	303	7
320	304	7
321	305	7
322	306	7
323	307	7
324	308	7
315	299	7
172	193	46
172	194	46
172	195	46
172	196	46
172	197	46
172	198	46
170	199	46
171	199	46
168	200	46
169	200	46
166	201	46
167	201	46
165	202	46
163	203	46
164	203	46
160	204	46
162	204	46
145	205	46
157	205	46
158	205	46
159	205	46
161	205	46
142	206	46
143	206	46
144	206	46
146	206	46
147	206	46
148	206	46
149	206	46
150	206	46
151	206	46
152	206	46
153	206	46
154	206	46
155	206	46
156	206	46
172	192	46
141	206	46
279	122	38
277	123	38
278	123	38
276	124	38
275	125	38
274	126	38
273	127	38
271	128	38
272	128	38
270	129	38
269	130	38
268	131	38
267	132	38
280	121	38
266	133	38
170	24	50
168	25	50
169	25	50
166	26	50
167	26	50
165	27	50
163	28	50
164	28	50
161	29	50
162	29	50
158	30	50
160	30	50
149	31	50
151	31	50
153	31	50
154	31	50
155	31	50
156	31	50
157	31	50
159	31	50
144	32	50
145	32	50
146	32	50
147	32	50
148	32	50
150	32	50
152	32	50
170	23	50
143	33	50
354	205	0
355	204	0
347	152	9
346	153	9
345	154	9
154	341	46
156	341	46
158	341	46
160	341	46
162	341	46
151	342	46
152	342	46
153	342	46
155	342	46
157	342	46
159	342	46
161	342	46
163	342	46
164	342	46
165	342	46
166	342	46
167	342	46
168	342	46
169	342	46
170	342	46
149	343	46
150	343	46
171	343	46
172	343	46
147	344	46
148	344	46
173	344	46
174	344	46
175	345	46
146	345	46
176	346	46
266	368	49
268	368	49
270	368	49
272	368	49
261	369	49
263	369	49
264	369	49
265	369	49
267	369	49
269	369	49
271	369	49
273	369	49
274	369	49
258	370	49
260	370	49
262	370	49
275	370	49
276	370	49
256	371	49
257	371	49
259	371	49
277	371	49
253	372	49
254	372	49
255	372	49
278	372	49
279	372	49
252	373	49
280	373	49
250	374	49
251	374	49
281	374	49
240	375	49
243	375	49
245	375	49
246	375	49
247	375	49
248	375	49
249	375	49
282	375	49
233	376	49
237	376	49
238	376	49
239	376	49
241	376	49
242	376	49
244	376	49
283	376	49
222	377	49
224	377	49
226	377	49
227	377	49
229	377	49
230	377	49
231	377	49
232	377	49
234	377	49
235	377	49
236	377	49
284	377	49
285	377	49
300	377	49
301	377	49
220	378	49
221	378	49
223	378	49
225	378	49
228	378	49
286	378	49
298	378	49
299	378	49
218	379	49
219	379	49
287	379	49
288	379	49
290	379	49
292	379	49
293	379	49
295	379	49
296	379	49
297	379	49
289	380	49
291	380	49
294	380	49
302	376	49
217	380	49
194	12	0
196	12	0
192	13	0
193	13	0
195	13	0
197	13	0
198	13	0
190	14	0
191	14	0
199	14	0
200	13	0
189	15	0
144	351	11
142	352	11
143	352	11
140	353	11
141	353	11
139	354	11
107	355	11
108	355	11
109	355	11
110	355	11
111	355	11
112	355	11
113	355	11
114	355	11
115	355	11
116	355	11
117	355	11
118	355	11
119	355	11
120	355	11
121	355	11
122	355	11
123	355	11
124	355	11
125	355	11
126	355	11
127	355	11
128	355	11
129	355	11
130	355	11
131	355	11
132	355	11
133	355	11
134	355	11
135	355	11
136	355	11
137	355	11
138	355	11
145	350	11
106	355	11
432	105	4
431	106	4
430	107	4
430	108	4
476	29	1
477	30	1
475	28	1
134	11	42
136	11	42
138	11	42
132	12	42
133	12	42
135	12	42
137	12	42
139	12	42
130	13	42
131	13	42
128	14	42
129	14	42
126	15	42
127	15	42
124	16	42
125	16	42
122	17	42
123	17	42
120	18	42
121	18	42
118	19	42
119	19	42
116	20	42
117	20	42
114	21	42
115	21	42
112	22	42
113	22	42
111	23	42
110	24	42
109	25	42
108	26	42
108	27	42
108	28	42
108	29	42
108	30	42
108	31	42
140	11	42
108	32	42
179	77	50
178	78	50
180	78	50
173	79	50
174	79	50
175	79	50
176	79	50
177	79	50
171	80	50
172	80	50
169	81	50
170	81	50
168	82	50
166	83	50
167	83	50
164	84	50
165	84	50
162	85	50
163	85	50
161	86	50
159	87	50
160	87	50
157	88	50
158	88	50
155	89	50
156	89	50
154	90	50
152	91	50
153	91	50
151	92	50
150	93	50
150	94	50
150	95	50
181	79	50
150	96	50
219	205	0
217	206	0
218	206	0
220	204	0
216	205	0
260	192	0
258	193	0
259	193	0
256	194	0
257	194	0
254	195	0
255	195	0
253	196	0
251	197	0
252	197	0
250	198	0
248	199	0
249	199	0
247	200	0
246	201	0
245	202	0
245	203	0
244	204	0
244	205	0
243	206	0
260	191	0
243	207	0
356	205	0
357	206	0
355	204	0
401	249	9
401	250	9
402	251	9
402	252	9
402	253	9
403	254	9
401	248	9
404	255	9
255	25	50
256	25	50
257	26	50
258	26	50
259	26	50
260	26	50
271	26	50
273	26	50
275	26	50
277	26	50
279	26	50
281	26	50
261	27	50
262	27	50
263	27	50
264	27	50
266	27	50
268	27	50
269	27	50
270	27	50
272	27	50
274	27	50
276	27	50
278	27	50
280	27	50
282	27	50
283	27	50
284	27	50
285	27	50
286	27	50
287	27	50
289	27	50
265	28	50
267	28	50
288	28	50
290	28	50
291	28	50
292	28	50
293	28	50
294	29	50
295	29	50
296	29	50
297	29	50
298	29	50
300	29	50
302	29	50
304	29	50
307	29	50
299	30	50
301	30	50
303	30	50
305	30	50
306	30	50
308	30	50
309	30	50
311	30	50
310	31	50
312	31	50
313	31	50
254	24	50
314	30	50
168	254	47
170	254	47
172	254	47
163	255	47
164	255	47
165	255	47
166	255	47
167	255	47
169	255	47
171	255	47
173	255	47
154	256	47
156	256	47
157	256	47
158	256	47
159	256	47
160	256	47
161	256	47
162	256	47
152	257	47
153	257	47
155	257	47
150	258	47
151	258	47
148	259	47
149	259	47
145	260	47
146	260	47
147	260	47
143	261	47
144	261	47
174	254	47
142	261	47
142	280	5
143	280	5
144	280	5
145	280	5
146	280	5
147	280	5
148	280	5
150	280	5
152	280	5
149	281	5
151	281	5
153	281	5
154	282	5
155	282	5
156	282	5
157	283	5
158	283	5
141	280	5
159	284	5
315	31	31
316	31	31
317	31	31
318	31	31
319	31	31
320	31	31
314	30	31
321	30	31
322	31	0
323	31	0
321	30	0
324	30	0
244	250	0
245	251	0
246	252	0
247	253	0
248	254	0
249	255	0
250	255	0
243	250	0
251	256	0
253	255	0
254	255	0
255	254	0
252	256	0
429	31	0
430	30	0
221	351	5
222	352	5
223	353	5
224	354	5
225	355	5
226	356	5
227	357	5
227	358	5
220	350	5
228	359	5
465	30	954
464	31	954
401	200	19
402	201	19
403	202	19
404	202	19
405	203	19
406	204	19
407	205	19
408	205	19
410	205	19
409	206	19
411	206	19
413	206	19
415	206	19
417	206	19
412	207	19
414	207	19
416	207	19
418	207	19
419	207	19
420	207	19
400	199	19
265	132	45
264	133	45
259	134	45
260	134	45
263	134	45
251	135	45
253	135	45
255	135	45
256	135	45
257	135	45
258	135	45
261	135	45
262	135	45
250	136	45
252	136	45
254	136	45
248	137	45
249	137	45
247	138	45
266	133	45
246	139	45
210	348	0
211	348	0
209	349	0
208	350	0
207	351	0
206	352	0
205	353	0
203	354	0
204	354	0
202	355	0
200	356	0
201	356	0
199	357	0
198	358	0
198	359	0
212	347	0
197	360	0
157	308	5
158	308	5
159	308	5
160	308	5
161	308	5
162	308	5
163	308	5
164	308	5
165	309	5
166	309	5
186	309	5
187	309	5
188	309	5
167	310	5
168	310	5
170	310	5
184	310	5
185	310	5
169	311	5
171	311	5
172	311	5
173	311	5
174	311	5
175	311	5
177	311	5
180	311	5
181	311	5
182	311	5
183	311	5
176	312	5
178	312	5
179	312	5
156	308	5
189	308	5
138	31	50
140	31	50
135	32	50
136	32	50
137	32	50
139	32	50
141	32	50
142	32	50
110	33	50
111	33	50
112	33	50
113	33	50
114	33	50
115	33	50
116	33	50
117	33	50
118	33	50
119	33	50
120	33	50
121	33	50
122	33	50
123	33	50
124	33	50
125	33	50
126	33	50
127	33	50
128	33	50
129	33	50
130	33	50
131	33	50
132	33	50
133	33	50
134	33	50
109	33	50
143	33	50
200	220	50
201	221	50
202	222	50
203	222	50
204	223	50
205	224	50
206	224	50
207	225	50
208	225	50
209	226	50
210	226	50
211	227	50
212	227	50
213	227	50
214	227	50
215	228	50
216	228	50
199	219	50
217	229	50
221	205	41
222	206	41
223	207	41
224	207	41
225	208	41
226	208	41
227	208	41
228	208	41
230	208	41
232	208	41
234	208	41
236	208	41
239	208	41
240	208	41
241	208	41
229	209	41
231	209	41
233	209	41
235	209	41
237	209	41
238	209	41
220	204	41
242	208	41
227	361	0
226	362	0
228	360	0
359	255	11
360	255	11
361	255	11
362	255	11
364	255	11
366	255	11
367	255	11
368	255	11
369	255	11
370	255	11
371	255	11
372	255	11
373	255	11
356	256	11
357	256	11
358	256	11
363	256	11
365	256	11
374	254	11
355	257	11
395	30	3
395	31	3
395	32	3
395	29	3
414	24	949
414	25	949
415	26	949
415	27	949
415	28	949
415	29	949
416	30	949
417	31	949
417	32	949
468	81	1
467	82	1
466	83	1
206	132	47
207	132	47
209	132	47
205	133	47
208	133	47
210	133	47
211	133	47
212	133	47
214	133	47
216	133	47
203	134	47
204	134	47
213	134	47
215	134	47
217	134	47
218	134	47
201	135	47
202	135	47
219	135	47
220	135	47
221	135	47
222	135	47
199	136	47
200	136	47
223	136	47
224	136	47
225	137	47
226	137	47
198	137	47
227	138	47
218	334	50
218	335	50
218	336	50
218	337	50
218	338	50
218	339	50
218	340	50
218	341	50
218	342	50
218	343	50
219	344	50
220	345	50
221	346	50
218	333	50
222	347	50
190	276	46
192	276	46
193	276	46
194	276	46
195	276	46
196	276	46
197	276	46
198	276	46
200	276	46
188	277	46
189	277	46
191	277	46
199	277	46
201	277	46
202	277	46
203	278	46
204	278	46
205	278	46
206	279	46
207	280	46
208	280	46
209	280	46
210	280	46
211	281	46
212	281	46
213	281	46
187	278	46
214	282	46
73	203	50
72	204	50
72	205	50
71	206	50
71	207	50
70	208	50
70	209	50
69	210	50
69	211	50
68	212	50
68	213	50
68	214	50
69	215	50
69	216	50
70	217	50
70	218	50
71	219	50
71	220	50
72	221	50
72	222	50
73	223	50
73	224	50
74	225	50
74	226	50
75	227	50
75	228	50
76	229	50
74	202	50
77	230	50
105	357	23
105	358	23
105	359	23
105	360	23
105	361	23
106	362	23
107	363	23
108	363	23
109	364	23
110	364	23
111	365	23
112	365	23
113	366	23
114	366	23
105	356	23
115	367	23
227	104	50
226	105	50
225	106	50
225	107	50
225	108	50
228	103	50
225	109	50
215	333	46
216	333	46
214	334	46
213	335	46
212	336	46
211	337	46
210	338	46
217	332	46
209	339	46
192	195	50
192	196	50
192	197	50
192	198	50
192	199	50
192	200	50
192	201	50
192	202	50
193	203	50
194	204	50
195	205	50
195	206	50
196	207	50
197	208	50
198	209	50
199	210	50
200	211	50
192	194	50
201	212	50
228	137	0
238	137	0
240	137	0
242	137	0
244	137	0
229	138	0
230	138	0
231	138	0
232	138	0
233	138	0
234	138	0
235	138	0
236	138	0
237	138	0
239	138	0
241	138	0
243	138	0
245	138	0
227	138	0
246	139	0
447	108	7
449	108	7
450	108	7
436	109	7
442	109	7
444	109	7
446	109	7
448	109	7
432	110	7
434	110	7
435	110	7
437	110	7
440	110	7
441	110	7
443	110	7
445	110	7
433	111	7
438	111	7
439	111	7
451	107	7
431	109	7
299	210	978
298	211	978
301	78	38
301	79	38
301	80	38
301	81	38
301	82	38
301	83	38
301	84	38
301	77	38
303	79	38
303	80	38
303	81	38
303	82	38
304	83	38
305	84	38
303	78	38
438	77	8
439	77	8
440	78	8
441	79	8
442	79	8
444	79	8
443	80	8
445	80	8
446	80	8
447	80	8
448	80	8
449	80	8
450	80	8
451	81	8
452	81	8
453	81	8
454	81	8
455	81	8
456	81	8
457	82	8
458	82	8
459	82	8
460	82	8
461	83	8
462	83	8
463	83	8
464	84	8
437	76	8
465	84	8
403	316	0
404	315	0
402	317	0
431	31	0
432	32	0
433	33	0
434	33	0
430	30	0
435	34	0
437	33	0
436	34	0
162	161	0
161	160	0
146	134	49
144	135	49
145	135	49
143	136	49
143	137	49
143	138	49
143	139	49
143	140	49
147	133	49
143	141	49
325	31	32
325	32	32
326	33	32
327	34	32
324	30	32
444	210	953
444	211	953
443	212	953
442	213	953
230	361	45
231	362	45
232	362	45
233	363	45
234	364	45
234	365	45
235	366	45
235	367	45
235	368	45
229	360	45
549	82	950
549	83	950
547	84	950
548	84	950
546	85	950
441	135	949
442	135	949
443	136	949
444	137	949
444	138	949
445	139	949
446	140	949
447	140	949
448	141	949
540	69	7
539	70	7
538	71	7
537	72	7
536	73	7
535	74	7
535	75	7
534	76	7
533	77	7
533	78	7
532	79	7
531	80	7
531	81	7
531	82	7
530	83	7
529	84	7
529	85	7
528	86	7
527	87	7
372	210	44
373	210	44
370	211	44
371	211	44
367	212	44
369	212	44
366	213	44
368	213	44
365	214	44
362	215	44
363	215	44
364	215	44
323	216	44
325	216	44
326	216	44
327	216	44
328	216	44
329	216	44
330	216	44
331	216	44
333	216	44
359	216	44
360	216	44
361	216	44
317	217	44
319	217	44
320	217	44
321	217	44
322	217	44
324	217	44
332	217	44
334	217	44
335	217	44
336	217	44
354	217	44
356	217	44
357	217	44
358	217	44
312	218	44
314	218	44
315	218	44
316	218	44
318	218	44
337	218	44
338	218	44
339	218	44
341	218	44
349	218	44
351	218	44
353	218	44
355	218	44
253	219	44
271	219	44
273	219	44
275	219	44
310	219	44
311	219	44
313	219	44
340	219	44
342	219	44
343	219	44
344	219	44
345	219	44
346	219	44
347	219	44
348	219	44
350	219	44
352	219	44
254	220	44
255	220	44
256	220	44
257	220	44
258	220	44
259	220	44
260	220	44
262	220	44
264	220	44
266	220	44
267	220	44
268	220	44
269	220	44
270	220	44
272	220	44
274	220	44
276	220	44
278	220	44
280	220	44
282	220	44
303	220	44
305	220	44
307	220	44
308	220	44
309	220	44
261	221	44
263	221	44
265	221	44
277	221	44
279	221	44
281	221	44
283	221	44
284	221	44
285	221	44
286	221	44
287	221	44
289	221	44
291	221	44
293	221	44
294	221	44
295	221	44
296	221	44
297	221	44
298	221	44
299	221	44
300	221	44
301	221	44
302	221	44
304	221	44
306	221	44
288	222	44
290	222	44
292	222	44
252	218	44
403	256	0
402	257	0
404	255	0
558	87	0
557	88	0
403	30	6
403	31	6
403	32	6
403	33	6
404	34	6
403	35	6
404	36	6
404	37	6
403	38	6
402	29	6
455	38	2
454	39	2
198	138	41
198	139	41
198	140	41
197	141	41
197	142	41
197	143	41
198	137	41
197	144	41
200	214	50
200	215	50
199	216	50
199	217	50
201	213	50
199	218	50
244	209	0
245	210	0
245	211	0
246	212	0
247	213	0
248	214	0
249	215	0
250	216	0
251	217	0
243	208	0
252	218	0
208	307	5
207	308	5
206	309	5
205	310	5
204	311	5
203	312	5
200	313	5
201	313	5
202	313	5
209	306	5
199	314	5
242	252	50
242	253	50
242	254	50
242	255	50
242	256	50
241	257	50
241	258	50
242	251	50
241	259	50
249	258	0
250	258	0
251	257	0
248	259	0
436	36	0
437	37	0
438	38	0
439	38	0
440	39	0
440	40	0
436	35	0
295	144	0
296	145	0
298	144	0
297	145	0
388	253	4
388	254	4
388	255	4
388	256	4
388	257	4
387	258	4
387	259	4
474	29	0
473	30	0
469	31	0
470	31	0
471	31	0
472	31	0
475	28	0
449	40	0
451	40	0
452	40	0
446	41	0
447	41	0
448	41	0
450	41	0
445	42	0
444	43	0
443	44	0
442	45	0
442	46	0
453	40	0
441	47	0
357	310	24
359	310	24
361	310	24
363	310	24
365	310	24
367	310	24
369	310	24
356	311	24
358	311	24
360	311	24
362	311	24
364	311	24
366	311	24
368	311	24
370	311	24
372	311	24
374	311	24
354	312	24
355	312	24
371	312	24
373	312	24
375	312	24
377	312	24
379	312	24
381	312	24
353	313	24
376	313	24
378	313	24
380	313	24
382	313	24
383	313	24
384	313	24
385	313	24
386	313	24
387	313	24
388	313	24
352	314	24
389	314	24
390	314	24
391	314	24
392	314	24
393	314	24
394	314	24
351	315	24
351	316	24
350	317	24
350	318	24
350	319	24
405	314	0
404	315	0
226	139	42
224	140	42
225	140	42
222	141	42
223	141	42
220	142	42
221	142	42
219	143	42
217	144	42
218	144	42
198	145	42
199	145	42
214	145	42
215	145	42
216	145	42
200	146	42
201	146	42
202	146	42
203	146	42
204	146	42
210	146	42
211	146	42
212	146	42
213	146	42
205	147	42
206	147	42
207	147	42
208	147	42
209	147	42
227	138	42
197	144	42
145	142	48
146	142	48
147	142	48
148	142	48
149	142	48
150	142	48
151	143	48
152	143	48
153	143	48
154	144	48
155	145	48
156	145	48
158	145	48
160	145	48
162	145	48
164	145	48
196	145	48
157	146	48
159	146	48
161	146	48
163	146	48
165	146	48
166	146	48
167	146	48
170	146	48
172	146	48
194	146	48
195	146	48
168	147	48
169	147	48
171	147	48
173	147	48
175	147	48
184	147	48
186	147	48
188	147	48
189	147	48
192	147	48
193	147	48
174	148	48
176	148	48
177	148	48
178	148	48
179	148	48
180	148	48
181	148	48
182	148	48
183	148	48
185	148	48
187	148	48
190	148	48
191	148	48
144	142	48
197	144	48
81	97	46
80	98	46
80	99	46
79	100	46
79	101	46
78	102	46
78	103	46
77	104	46
77	105	46
76	106	46
76	107	46
75	108	46
75	109	46
74	110	46
74	111	46
73	112	46
73	113	46
72	114	46
72	115	46
71	116	46
71	117	46
70	118	46
70	119	46
69	120	46
69	121	46
68	122	46
68	123	46
67	124	46
68	125	46
68	126	46
69	127	46
69	128	46
70	129	46
70	130	46
71	131	46
71	132	46
72	133	46
72	134	46
73	135	46
73	136	46
74	137	46
74	138	46
75	139	46
75	140	46
76	141	46
76	142	46
77	143	46
77	144	46
78	145	46
78	146	46
82	96	46
79	147	46
413	218	950
414	218	950
415	218	950
416	218	950
400	315	0
401	316	0
402	317	0
455	41	9
456	41	9
457	41	9
466	41	9
458	42	9
459	42	9
460	42	9
462	42	9
463	42	9
464	42	9
465	42	9
467	42	9
468	42	9
461	43	9
454	40	9
469	43	9
470	42	3
469	43	3
405	316	0
406	316	0
404	315	0
78	254	47
79	254	47
80	254	47
81	254	47
82	254	47
83	254	47
84	254	47
85	254	47
86	254	47
87	254	47
88	254	47
89	254	47
90	254	47
91	254	47
92	254	47
93	254	47
94	254	47
95	254	47
96	254	47
97	254	47
98	254	47
99	254	47
100	254	47
101	254	47
102	254	47
103	254	47
104	254	47
105	254	47
106	254	47
107	254	47
108	254	47
109	254	47
110	254	47
111	254	47
112	254	47
113	254	47
114	254	47
115	254	47
116	254	47
117	254	47
118	254	47
119	254	47
120	254	47
121	254	47
122	254	47
123	254	47
124	254	47
125	254	47
126	254	47
127	254	47
128	254	47
129	254	47
130	254	47
131	254	47
132	254	47
133	254	47
134	254	47
135	255	47
136	256	47
137	257	47
138	258	47
139	259	47
140	260	47
77	254	47
141	261	47
246	302	49
247	303	49
248	304	49
249	305	49
249	306	49
250	307	49
250	308	49
251	309	49
252	310	49
253	311	49
253	312	49
254	313	49
255	314	49
256	315	49
257	316	49
258	317	49
245	301	49
556	89	0
554	90	0
555	90	0
557	88	0
553	91	0
558	89	0
560	89	0
559	90	0
557	88	0
75	289	50
76	289	50
77	289	50
78	289	50
79	289	50
80	289	50
81	289	50
82	289	50
83	289	50
84	289	50
85	289	50
86	289	50
87	289	50
88	289	50
89	289	50
90	289	50
91	289	50
92	289	50
93	289	50
94	289	50
95	289	50
96	289	50
97	289	50
98	289	50
99	289	50
100	289	50
101	289	50
102	289	50
103	289	50
104	289	50
105	289	50
106	289	50
107	289	50
108	289	50
109	289	50
110	289	50
111	289	50
112	289	50
113	289	50
114	289	50
115	289	50
116	289	50
117	289	50
118	289	50
119	289	50
120	289	50
121	289	50
122	289	50
123	289	50
124	289	50
125	289	50
126	289	50
127	289	50
128	289	50
129	289	50
130	289	50
131	289	50
132	289	50
133	289	50
134	289	50
135	289	50
136	289	50
137	290	50
138	290	50
139	291	50
140	291	50
141	292	50
142	293	50
143	293	50
144	294	50
145	295	50
146	296	50
147	297	50
148	298	50
149	298	50
150	299	50
151	299	50
152	299	50
153	300	50
154	300	50
74	289	50
155	300	50
117	367	9
118	367	9
119	367	9
120	367	9
121	367	9
122	367	9
123	367	9
124	367	9
125	367	9
126	367	9
127	367	9
128	367	9
129	367	9
130	367	9
131	367	9
132	367	9
133	367	9
134	367	9
135	367	9
136	368	9
137	368	9
138	369	9
139	369	9
152	369	9
154	369	9
156	369	9
158	369	9
160	369	9
162	369	9
164	369	9
166	369	9
168	369	9
170	369	9
172	369	9
194	369	9
195	369	9
140	370	9
141	370	9
142	370	9
143	370	9
144	370	9
145	370	9
146	370	9
147	370	9
148	370	9
149	370	9
150	370	9
151	370	9
153	370	9
155	370	9
157	370	9
159	370	9
161	370	9
163	370	9
165	370	9
167	370	9
169	370	9
171	370	9
173	370	9
175	370	9
192	370	9
193	370	9
174	371	9
176	371	9
177	371	9
178	371	9
180	371	9
182	371	9
184	371	9
186	371	9
188	371	9
189	371	9
190	371	9
191	371	9
179	372	9
181	372	9
183	372	9
185	372	9
187	372	9
116	367	9
196	368	9
401	318	0
402	317	0
269	264	37
269	265	37
270	266	37
285	266	37
271	267	37
272	267	37
284	267	37
273	268	37
275	268	37
281	268	37
282	268	37
283	268	37
274	269	37
276	269	37
277	269	37
278	269	37
279	269	37
280	269	37
269	263	37
286	265	37
156	127	47
157	127	47
158	127	47
160	127	47
159	128	47
161	128	47
162	128	47
163	129	47
164	129	47
166	129	47
165	130	47
167	130	47
168	130	47
169	131	47
170	132	47
171	132	47
172	132	47
174	132	47
173	133	47
175	133	47
177	133	47
179	133	47
182	133	47
184	133	47
186	133	47
188	133	47
190	133	47
176	134	47
178	134	47
180	134	47
181	134	47
183	134	47
185	134	47
187	134	47
189	134	47
191	134	47
192	134	47
193	135	47
194	135	47
195	136	47
196	136	47
197	136	47
155	127	47
198	137	47
377	25	22
377	26	22
378	27	22
379	28	22
380	29	22
381	30	22
382	31	22
382	32	22
383	33	22
384	34	22
384	35	22
385	36	22
386	37	22
386	38	22
386	39	22
387	40	22
388	41	22
389	42	22
390	43	22
391	44	22
391	45	22
392	46	22
377	24	22
288	253	40
288	254	40
288	255	40
288	256	40
288	257	40
288	258	40
288	259	40
289	260	40
288	252	40
289	261	40
355	258	15
355	259	15
355	260	15
355	257	15
376	255	16
377	255	16
378	256	16
379	257	16
380	257	16
381	258	16
382	258	16
383	259	16
384	259	16
385	259	16
386	260	16
375	254	16
387	259	16
409	44	21
408	45	21
410	45	21
412	45	21
411	46	21
413	46	21
415	46	21
414	47	21
416	47	21
417	48	21
348	320	32
349	320	32
345	321	32
346	321	32
347	321	32
340	322	32
342	322	32
343	322	32
344	322	32
302	323	32
303	323	32
304	323	32
305	323	32
306	323	32
307	323	32
308	323	32
309	323	32
310	323	32
312	323	32
339	323	32
341	323	32
299	324	32
300	324	32
301	324	32
311	324	32
313	324	32
314	324	32
315	324	32
334	324	32
336	324	32
337	324	32
338	324	32
296	325	32
297	325	32
298	325	32
316	325	32
317	325	32
318	325	32
319	325	32
320	325	32
322	325	32
324	325	32
326	325	32
328	325	32
329	325	32
330	325	32
331	325	32
332	325	32
333	325	32
335	325	32
294	326	32
295	326	32
321	326	32
323	326	32
325	326	32
327	326	32
350	319	32
293	327	32
