266	1	0
267	2	0
268	1	49
267	2	49
73	301	58
72	302	58
72	303	58
71	304	58
71	305	58
70	306	58
70	307	58
69	308	58
69	309	58
68	310	58
68	311	58
67	312	58
67	313	58
66	314	58
66	315	58
65	316	58
65	317	58
64	318	58
64	319	58
63	320	58
63	321	58
62	322	58
62	323	58
61	324	58
61	325	58
60	326	58
60	327	58
59	328	58
59	329	58
58	330	58
58	331	58
57	332	58
58	333	58
58	334	58
74	300	58
59	335	58
351	217	0
352	216	0
350	218	0
457	48	940
458	48	940
356	215	35
356	216	35
353	217	35
354	217	35
355	217	35
352	216	35
409	215	955
409	216	955
409	217	955
65	261	54
64	262	54
64	263	54
63	264	54
63	265	54
62	266	54
62	267	54
61	268	54
61	269	54
60	270	54
60	271	54
66	260	54
61	272	54
519	135	2
520	135	2
521	136	2
522	137	2
523	138	2
518	134	2
448	49	24
449	49	24
450	49	24
451	49	24
452	49	24
453	49	24
447	48	24
489	46	6
489	47	6
489	48	6
490	49	6
489	45	6
491	50	6
138	128	59
135	129	59
136	129	59
137	129	59
139	129	59
140	129	59
141	129	59
132	130	59
133	130	59
134	130	59
142	130	59
143	130	59
144	130	59
145	130	59
147	130	59
72	131	59
73	131	59
74	131	59
75	131	59
76	131	59
77	131	59
78	131	59
79	131	59
80	131	59
81	131	59
82	131	59
83	131	59
84	131	59
85	131	59
86	131	59
87	131	59
88	131	59
89	131	59
90	131	59
91	131	59
92	131	59
93	131	59
94	131	59
95	131	59
96	131	59
97	131	59
98	131	59
99	131	59
100	131	59
101	131	59
102	131	59
103	131	59
104	131	59
105	131	59
106	131	59
107	131	59
108	131	59
109	131	59
110	131	59
111	131	59
112	131	59
113	131	59
114	131	59
115	131	59
116	131	59
117	131	59
118	131	59
119	131	59
120	131	59
121	131	59
122	131	59
123	131	59
124	131	59
125	131	59
126	131	59
127	131	59
128	131	59
129	131	59
130	131	59
131	131	59
146	131	59
148	131	59
150	131	59
152	131	59
149	132	59
151	132	59
153	132	59
154	132	59
155	133	59
156	133	59
157	134	59
158	134	59
159	135	59
160	135	59
161	136	59
162	136	59
163	137	59
164	138	59
164	139	59
71	131	59
164	140	59
444	1	8
445	1	8
446	1	8
447	1	8
448	1	8
449	1	8
450	1	8
451	1	8
452	1	8
453	1	8
454	1	8
455	1	8
442	2	8
443	2	8
440	3	8
441	3	8
439	4	8
438	5	8
422	48	941
423	49	941
424	49	941
425	50	941
220	214	59
221	215	59
222	215	59
304	215	59
305	215	59
306	215	59
307	215	59
308	215	59
309	215	59
310	215	59
311	215	59
312	215	59
313	215	59
314	215	59
315	215	59
316	215	59
317	215	59
223	216	59
301	216	59
302	216	59
303	216	59
318	216	59
319	216	59
320	216	59
321	216	59
322	216	59
224	217	59
225	217	59
298	217	59
299	217	59
300	217	59
323	217	59
324	217	59
325	217	59
326	217	59
327	217	59
329	217	59
226	218	59
227	218	59
296	218	59
297	218	59
328	218	59
330	218	59
332	218	59
334	218	59
336	218	59
347	218	59
348	218	59
349	218	59
228	219	59
229	219	59
231	219	59
294	219	59
295	219	59
331	219	59
333	219	59
335	219	59
337	219	59
338	219	59
339	219	59
340	219	59
341	219	59
342	219	59
343	219	59
344	219	59
345	219	59
346	219	59
230	220	59
232	220	59
234	220	59
236	220	59
238	220	59
240	220	59
242	220	59
244	220	59
245	220	59
246	220	59
247	220	59
248	220	59
249	220	59
250	220	59
251	220	59
252	220	59
253	220	59
255	220	59
257	220	59
259	220	59
261	220	59
263	220	59
292	220	59
293	220	59
233	221	59
235	221	59
237	221	59
239	221	59
241	221	59
243	221	59
254	221	59
256	221	59
258	221	59
260	221	59
262	221	59
264	221	59
265	221	59
266	221	59
267	221	59
268	221	59
269	221	59
270	221	59
288	221	59
289	221	59
290	221	59
291	221	59
271	222	59
272	222	59
273	222	59
274	222	59
275	222	59
276	222	59
278	222	59
280	222	59
286	222	59
287	222	59
277	223	59
279	223	59
281	223	59
282	223	59
283	223	59
284	223	59
285	223	59
219	214	59
350	218	59
513	49	1
513	50	1
512	51	1
298	269	43
298	270	43
298	271	43
297	268	43
298	272	43
243	330	0
242	331	0
241	332	0
240	333	0
239	334	0
238	335	0
244	329	0
237	335	0
490	51	0
491	50	0
456	36	0
455	37	0
330	1	10
332	1	10
334	1	10
324	2	10
325	2	10
326	2	10
327	2	10
328	2	10
329	2	10
331	2	10
333	2	10
323	3	10
321	4	10
322	4	10
320	5	10
384	1	0
383	2	0
382	3	0
513	52	0
512	51	0
176	139	0
170	140	0
172	140	0
174	140	0
175	140	0
165	141	0
166	141	0
167	141	0
168	141	0
169	141	0
171	141	0
173	141	0
177	138	0
164	140	0
520	93	16
521	93	16
522	94	16
523	94	16
519	92	16
524	94	16
351	219	0
350	218	0
321	7	9
321	8	9
322	9	9
323	9	9
324	10	9
320	6	9
611	94	1
611	93	1
614	92	0
613	93	0
615	93	0
616	93	0
617	93	0
618	94	0
612	92	0
619	95	0
622	91	0
623	91	0
624	91	0
621	92	0
625	92	0
620	93	0
626	93	0
627	94	0
620	94	0
374	1	5
373	2	5
375	2	5
376	2	5
378	2	5
377	3	5
379	3	5
380	3	5
381	4	5
492	51	3
493	52	3
494	53	3
491	50	3
495	54	3
368	389	4
369	389	4
62	272	59
63	272	59
64	272	59
65	272	59
66	272	59
67	272	59
68	272	59
69	272	59
70	272	59
71	272	59
72	272	59
73	272	59
74	272	59
75	272	59
76	272	59
77	272	59
78	272	59
79	272	59
80	272	59
81	272	59
82	272	59
83	272	59
84	272	59
85	272	59
86	272	59
87	272	59
88	272	59
89	272	59
90	272	59
91	272	59
92	272	59
93	272	59
94	272	59
95	272	59
96	272	59
97	272	59
98	272	59
99	272	59
100	272	59
101	272	59
102	272	59
103	272	59
104	272	59
105	272	59
106	272	59
107	272	59
108	272	59
109	272	59
110	272	59
111	272	59
112	272	59
113	272	59
114	272	59
115	272	59
116	272	59
117	272	59
118	272	59
119	272	59
120	272	59
61	272	59
510	52	3
511	52	3
500	53	3
504	53	3
506	53	3
507	53	3
508	53	3
509	53	3
496	54	3
497	54	3
498	54	3
499	54	3
501	54	3
502	54	3
503	54	3
505	54	3
512	51	3
495	54	3
163	141	0
161	142	0
162	142	0
158	143	0
159	143	0
160	143	0
142	144	0
156	144	0
157	144	0
140	145	0
141	145	0
143	145	0
144	145	0
145	145	0
146	145	0
147	145	0
149	145	0
151	145	0
154	145	0
155	145	0
148	146	0
150	146	0
152	146	0
153	146	0
164	140	0
139	145	0
199	137	5
197	138	5
198	138	5
178	139	5
179	139	5
196	139	5
180	140	5
181	140	5
182	140	5
194	140	5
195	140	5
183	141	5
184	141	5
192	141	5
193	141	5
185	142	5
186	142	5
187	142	5
191	142	5
188	143	5
189	143	5
190	143	5
200	136	5
177	138	5
195	96	0
195	97	0
525	96	0
525	95	0
227	25	0
214	26	0
225	26	0
226	26	0
213	27	0
215	27	0
216	27	0
217	27	0
218	27	0
220	27	0
223	27	0
224	27	0
219	28	0
221	28	0
222	28	0
228	24	0
212	26	0
208	3	0
207	4	0
206	5	0
71	136	59
72	136	59
73	136	59
74	136	59
75	136	59
76	136	59
77	136	59
78	136	59
79	136	59
80	136	59
81	136	59
82	136	59
83	136	59
84	136	59
85	136	59
86	136	59
87	136	59
88	136	59
89	136	59
90	136	59
91	136	59
92	136	59
93	136	59
94	136	59
95	136	59
96	136	59
97	136	59
98	136	59
99	136	59
100	136	59
101	136	59
102	136	59
103	136	59
104	136	59
105	136	59
106	136	59
107	136	59
108	136	59
109	136	59
110	136	59
111	136	59
112	136	59
113	136	59
114	136	59
115	136	59
116	136	59
117	136	59
118	136	59
119	136	59
120	136	59
121	137	59
122	137	59
123	138	59
124	138	59
125	139	59
126	139	59
127	140	59
128	140	59
129	141	59
130	141	59
131	142	59
132	142	59
133	143	59
134	143	59
135	143	59
136	144	59
137	144	59
70	136	59
138	145	59
203	332	0
204	332	0
205	332	0
206	333	0
207	333	0
208	333	0
209	333	0
210	333	0
211	333	0
212	333	0
214	333	0
216	333	0
213	334	0
215	334	0
217	334	0
219	334	0
218	335	0
220	335	0
221	335	0
222	335	0
223	336	0
224	336	0
225	336	0
226	336	0
227	337	0
229	337	0
228	338	0
202	331	0
230	338	0
242	271	53
237	272	53
239	272	53
240	272	53
241	272	53
243	272	53
244	272	53
245	272	53
235	273	53
236	273	53
238	273	53
246	273	53
247	273	53
234	274	53
232	275	53
233	275	53
231	276	53
248	274	53
230	277	53
613	85	2
614	84	2
612	85	2
166	53	58
168	53	58
170	53	58
172	53	58
173	53	58
174	53	58
175	53	58
176	53	58
177	53	58
160	54	58
161	54	58
162	54	58
163	54	58
164	54	58
165	54	58
167	54	58
169	54	58
171	54	58
178	54	58
157	55	58
158	55	58
159	55	58
155	56	58
156	56	58
153	57	58
154	57	58
152	58	58
179	55	58
151	59	58
394	341	11
395	341	11
396	342	11
397	343	11
393	340	11
218	215	59
216	216	59
217	216	59
214	217	59
215	217	59
212	218	59
213	218	59
210	219	59
211	219	59
204	220	59
206	220	59
208	220	59
209	220	59
201	221	59
202	221	59
203	221	59
205	221	59
207	221	59
200	222	59
198	223	59
199	223	59
196	224	59
197	224	59
195	225	59
194	226	59
192	227	59
193	227	59
190	228	59
191	228	59
189	229	59
188	230	59
219	214	59
187	231	59
301	272	0
303	272	0
299	273	0
300	273	0
302	273	0
304	273	0
305	273	0
298	272	0
306	274	0
316	265	2
315	266	2
314	267	2
312	268	2
313	268	2
311	269	2
311	270	2
309	271	2
310	271	2
308	272	2
307	273	2
306	274	2
196	1	59
197	2	59
198	2	59
199	2	59
200	2	59
201	3	59
202	3	59
203	4	59
204	4	59
205	5	59
206	5	59
621	96	0
621	97	0
622	98	0
620	95	0
305	1	8
306	1	8
307	2	8
308	2	8
310	2	8
309	3	8
311	3	8
312	3	8
313	4	8
314	4	8
316	4	8
315	5	8
317	5	8
318	5	8
319	6	8
359	47	0
360	48	0
361	49	0
360	50	0
360	51	0
359	52	0
359	53	0
358	54	0
358	55	0
258	267	54
257	268	54
255	269	54
256	269	54
254	270	54
254	271	54
253	272	54
252	273	54
252	274	54
251	275	54
368	335	28
367	336	28
366	337	28
365	338	28
364	339	28
369	334	28
397	336	11
396	337	11
395	338	11
394	339	11
393	340	11
280	143	3
278	144	3
279	144	3
281	144	3
276	145	3
277	145	3
282	145	3
275	146	3
283	146	3
273	147	3
274	147	3
272	148	3
271	149	3
270	150	3
269	151	3
268	152	3
184	338	57
185	339	57
186	339	57
188	339	57
190	339	57
187	340	57
189	340	57
183	338	57
191	340	57
137	92	0
142	92	0
132	93	0
134	93	0
135	93	0
136	93	0
138	93	0
139	93	0
140	93	0
141	93	0
143	93	0
144	93	0
130	94	0
131	94	0
133	94	0
128	95	0
129	95	0
127	96	0
125	97	0
126	97	0
124	98	0
122	99	0
123	99	0
120	100	0
121	100	0
118	101	0
119	101	0
117	102	0
115	103	0
116	103	0
113	104	0
114	104	0
73	105	0
74	105	0
75	105	0
76	105	0
77	105	0
78	105	0
79	105	0
80	105	0
81	105	0
82	105	0
83	105	0
84	105	0
85	105	0
86	105	0
87	105	0
88	105	0
89	105	0
90	105	0
91	105	0
92	105	0
93	105	0
94	105	0
95	105	0
96	105	0
97	105	0
98	105	0
99	105	0
100	105	0
101	105	0
102	105	0
103	105	0
104	105	0
105	105	0
106	105	0
107	105	0
108	105	0
109	105	0
110	105	0
111	105	0
112	105	0
145	93	0
72	105	0
267	3	58
267	4	58
267	5	58
267	6	58
267	7	58
267	2	58
267	8	58
401	384	0
400	385	0
400	7	0
399	8	0
370	335	25
371	336	25
372	336	25
374	336	25
373	337	25
375	337	25
376	337	25
377	337	25
379	337	25
378	338	25
380	338	25
382	338	25
384	338	25
381	339	25
383	339	25
385	339	25
387	339	25
389	339	25
391	339	25
386	340	25
388	340	25
390	340	25
392	340	25
369	334	25
393	340	25
398	270	20
399	271	20
400	271	20
401	272	20
402	273	20
403	273	20
404	273	20
418	273	20
420	273	20
405	274	20
406	274	20
407	274	20
408	274	20
409	274	20
410	274	20
411	274	20
412	274	20
413	274	20
414	274	20
415	274	20
416	274	20
417	274	20
419	274	20
421	274	20
422	274	20
424	274	20
423	275	20
425	275	20
397	269	20
426	276	20
407	219	960
406	220	960
405	221	960
403	222	960
404	222	960
427	275	0
426	276	0
171	219	2
172	219	2
173	219	2
174	219	2
175	220	2
176	220	2
177	221	2
178	222	2
179	223	2
170	219	2
180	224	2
287	324	39
288	324	39
290	324	39
291	324	39
292	324	39
293	324	39
295	324	39
297	324	39
285	325	39
286	325	39
289	325	39
294	325	39
296	325	39
298	325	39
300	325	39
283	326	39
284	326	39
299	326	39
301	326	39
302	326	39
303	326	39
281	327	39
282	327	39
304	327	39
305	327	39
306	327	39
307	327	39
279	328	39
280	328	39
308	328	39
309	328	39
310	328	39
312	328	39
314	328	39
323	328	39
324	328	39
325	328	39
277	329	39
278	329	39
311	329	39
313	329	39
315	329	39
316	329	39
317	329	39
318	329	39
319	329	39
320	329	39
321	329	39
322	329	39
326	327	39
276	330	39
225	276	54
226	276	54
227	276	54
228	276	54
229	276	54
218	277	54
220	277	54
222	277	54
223	277	54
224	277	54
217	278	54
219	278	54
221	278	54
210	279	54
212	279	54
214	279	54
215	279	54
216	279	54
205	280	54
207	280	54
209	280	54
211	280	54
213	280	54
185	281	54
187	281	54
189	281	54
190	281	54
191	281	54
192	281	54
194	281	54
196	281	54
199	281	54
201	281	54
202	281	54
203	281	54
204	281	54
206	281	54
208	281	54
186	282	54
188	282	54
193	282	54
195	282	54
197	282	54
198	282	54
200	282	54
230	277	54
184	281	54
62	206	1
62	207	1
61	208	1
61	209	1
60	210	1
60	211	1
59	212	1
59	213	1
59	214	1
60	215	1
60	216	1
61	217	1
61	218	1
62	219	1
62	220	1
63	221	1
63	222	1
64	223	1
64	224	1
63	205	1
65	225	1
509	100	3
505	101	3
506	101	3
507	101	3
508	101	3
502	102	3
503	102	3
504	102	3
501	103	3
500	104	3
162	308	59
163	309	59
164	310	59
165	311	59
166	312	59
167	313	59
168	314	59
169	315	59
170	315	59
161	307	59
171	316	59
561	148	940
562	148	940
563	149	940
563	150	940
564	151	940
283	379	47
284	380	47
285	380	47
286	381	47
287	382	47
288	383	47
289	384	47
290	385	47
291	386	47
292	386	47
293	387	47
294	387	47
295	388	47
296	388	47
297	389	47
298	389	47
300	389	47
299	390	47
301	390	47
302	390	47
304	390	47
303	391	47
305	391	47
306	391	47
307	391	47
308	391	47
309	391	47
310	391	47
311	391	47
312	391	47
313	391	47
314	391	47
315	391	47
316	391	47
317	391	47
318	391	47
319	391	47
320	391	47
321	391	47
322	391	47
324	391	47
326	391	47
323	392	47
325	392	47
327	392	47
328	392	47
282	378	47
329	392	47
242	133	54
243	134	54
243	135	54
243	136	54
243	137	54
244	138	54
244	139	54
244	140	54
245	141	54
246	141	54
247	142	54
247	143	54
248	144	54
249	145	54
250	146	54
251	147	54
252	147	54
253	148	54
254	149	54
256	149	54
255	150	54
257	150	54
260	150	54
258	151	54
259	151	54
261	151	54
262	151	54
263	152	54
264	152	54
265	152	54
266	152	54
267	152	54
241	132	54
268	152	54
386	40	0
386	41	0
179	311	0
178	312	0
176	313	0
177	313	0
174	314	0
175	314	0
172	315	0
173	315	0
180	310	0
171	316	0
482	53	6
484	53	6
486	53	6
481	54	6
483	54	6
485	54	6
479	55	6
480	55	6
478	56	6
494	55	0
495	54	0
138	147	59
138	148	59
138	149	59
138	150	59
138	151	59
138	152	59
138	153	59
138	154	59
138	146	59
258	9	59
259	9	59
260	9	59
261	9	59
262	9	59
263	9	59
264	9	59
266	9	59
256	10	59
257	10	59
265	10	59
255	11	59
253	12	59
254	12	59
252	13	59
250	14	59
251	14	59
249	15	59
249	16	59
248	17	59
248	18	59
248	19	59
248	20	59
267	8	59
248	21	59
339	140	37
338	141	37
337	142	37
336	143	37
335	144	37
334	145	37
333	146	37
333	147	37
332	148	37
330	149	37
331	149	37
329	150	37
328	151	37
327	152	37
327	153	37
324	154	37
325	154	37
326	154	37
323	155	37
322	156	37
383	5	6
384	5	6
385	6	6
386	7	6
388	7	6
387	8	6
389	8	6
391	8	6
390	9	6
392	9	6
393	10	6
394	10	6
382	4	6
395	11	6
397	9	0
398	9	0
396	10	0
399	8	0
395	11	0
436	6	10
435	7	10
434	8	10
432	9	10
433	9	10
431	10	10
437	6	10
430	11	10
567	101	0
568	102	0
569	102	0
252	276	0
253	277	0
254	278	0
251	275	0
255	279	0
317	155	47
313	156	47
314	156	47
315	156	47
316	156	47
318	156	47
319	156	47
320	156	47
310	157	47
311	157	47
312	157	47
308	158	47
309	158	47
305	159	47
306	159	47
307	159	47
304	160	47
302	161	47
303	161	47
301	162	47
299	163	47
300	163	47
298	164	47
297	165	47
296	166	47
295	167	47
294	168	47
293	169	47
292	170	47
291	171	47
291	172	47
290	173	47
288	174	47
289	174	47
287	175	47
287	176	47
286	177	47
321	156	47
285	178	47
269	153	2
270	154	2
270	155	2
271	156	2
272	157	2
268	152	2
484	89	19
485	90	19
486	91	19
487	91	19
488	92	19
489	92	19
490	92	19
491	92	19
493	92	19
495	92	19
502	92	19
504	92	19
505	92	19
506	92	19
507	92	19
509	92	19
510	92	19
511	92	19
512	92	19
513	92	19
514	92	19
515	92	19
516	92	19
518	92	19
492	93	19
494	93	19
496	93	19
497	93	19
498	93	19
499	93	19
500	93	19
501	93	19
503	93	19
508	93	19
517	93	19
483	88	19
519	92	19
61	337	55
62	337	55
63	338	55
64	338	55
65	339	55
66	339	55
67	340	55
68	340	55
69	341	55
70	341	55
71	342	55
72	342	55
73	343	55
74	343	55
75	344	55
76	344	55
77	345	55
78	345	55
60	336	55
79	346	55
471	55	0
473	55	0
457	56	0
459	56	0
461	56	0
463	56	0
465	56	0
467	56	0
468	56	0
469	56	0
470	56	0
472	56	0
474	56	0
475	56	0
476	56	0
452	57	0
453	57	0
454	57	0
455	57	0
456	57	0
458	57	0
460	57	0
462	57	0
464	57	0
466	57	0
477	56	0
168	220	0
167	221	0
166	222	0
165	223	0
164	224	0
162	225	0
163	225	0
169	219	0
161	226	0
498	103	3
499	104	3
497	38	0
495	39	0
496	39	0
494	40	0
59	61	0
58	62	0
58	63	0
57	64	0
57	65	0
56	66	0
56	67	0
55	68	0
55	69	0
54	70	0
55	71	0
55	72	0
56	73	0
56	74	0
57	75	0
57	76	0
58	77	0
58	78	0
59	79	0
59	80	0
60	81	0
60	82	0
61	83	0
61	84	0
62	85	0
62	86	0
63	87	0
63	88	0
64	89	0
64	90	0
65	91	0
65	92	0
66	93	0
66	94	0
67	95	0
67	96	0
68	97	0
68	98	0
69	99	0
69	100	0
70	101	0
70	102	0
71	103	0
71	104	0
59	60	0
72	105	0
151	278	59
150	279	59
152	279	59
153	279	59
148	280	59
149	280	59
154	280	59
146	281	59
147	281	59
144	282	59
145	282	59
142	283	59
143	283	59
141	284	59
139	285	59
140	285	59
138	286	59
137	287	59
136	288	59
136	289	59
136	290	59
155	281	59
136	291	59
526	93	0
525	94	0
162	276	54
164	276	54
166	276	54
168	276	54
170	276	54
160	277	54
161	277	54
163	277	54
165	277	54
167	277	54
169	277	54
171	277	54
172	277	54
173	277	54
174	277	54
158	278	54
159	278	54
175	278	54
176	278	54
177	278	54
157	279	54
178	279	54
180	279	54
156	280	54
179	280	54
181	280	54
182	280	54
155	281	54
183	281	54
418	11	0
419	11	0
415	12	0
417	12	0
420	12	0
421	12	0
422	12	0
423	12	0
414	13	0
416	13	0
424	13	0
426	11	1
428	11	1
429	11	1
425	12	1
427	12	1
430	11	1
424	13	1
250	101	57
252	101	57
254	101	57
256	101	57
243	102	57
245	102	57
246	102	57
247	102	57
248	102	57
249	102	57
251	102	57
253	102	57
255	102	57
257	102	57
258	102	57
259	102	57
236	103	57
238	103	57
240	103	57
241	103	57
242	103	57
244	103	57
260	103	57
261	103	57
231	104	57
232	104	57
233	104	57
234	104	57
235	104	57
237	104	57
239	104	57
262	104	57
224	105	57
226	105	57
227	105	57
228	105	57
229	105	57
230	105	57
204	106	57
206	106	57
208	106	57
210	106	57
212	106	57
214	106	57
216	106	57
218	106	57
219	106	57
220	106	57
221	106	57
222	106	57
223	106	57
225	106	57
205	107	57
207	107	57
209	107	57
211	107	57
213	107	57
215	107	57
217	107	57
203	105	57
263	105	57
252	280	58
253	280	58
254	280	58
249	281	58
250	281	58
251	281	58
247	282	58
248	282	58
245	283	58
246	283	58
244	284	58
255	279	58
243	283	58
81	346	25
82	346	25
83	346	25
84	346	25
85	346	25
86	346	25
87	346	25
88	346	25
89	346	25
90	346	25
91	346	25
92	346	25
93	346	25
94	346	25
95	346	25
96	346	25
97	346	25
98	346	25
99	346	25
100	346	25
101	346	25
102	346	25
103	346	25
104	346	25
105	346	25
106	346	25
107	346	25
108	346	25
109	346	25
110	346	25
111	346	25
112	346	25
113	346	25
114	346	25
115	347	25
116	347	25
118	347	25
117	348	25
119	348	25
120	348	25
121	348	25
123	348	25
125	348	25
127	348	25
129	348	25
131	348	25
133	348	25
135	348	25
136	348	25
138	348	25
140	348	25
122	349	25
124	349	25
126	349	25
128	349	25
130	349	25
132	349	25
134	349	25
137	349	25
139	349	25
80	346	25
141	348	25
426	277	20
427	278	20
427	279	20
427	280	20
426	276	20
92	44	58
93	44	58
94	44	58
95	44	58
96	44	58
97	44	58
98	44	58
99	44	58
100	44	58
101	44	58
102	44	58
103	44	58
104	44	58
105	44	58
106	44	58
107	44	58
108	44	58
109	44	58
110	44	58
111	44	58
112	44	58
113	45	58
114	45	58
115	46	58
116	46	58
117	47	58
118	47	58
119	48	58
120	48	58
121	49	58
122	49	58
123	50	58
124	51	58
125	51	58
126	52	58
127	52	58
128	53	58
129	53	58
131	53	58
130	54	58
132	54	58
133	54	58
135	54	58
134	55	58
136	55	58
137	55	58
138	55	58
139	55	58
140	55	58
141	55	58
142	55	58
143	55	58
144	55	58
145	55	58
146	56	58
147	56	58
148	57	58
149	57	58
150	58	58
91	44	58
151	59	58
450	393	2
449	394	2
451	393	2
322	158	37
322	159	37
322	160	37
322	161	37
322	162	37
321	163	37
319	164	37
320	164	37
322	157	37
431	12	6
432	13	6
430	11	6
433	14	6
439	7	6
440	8	6
441	9	6
442	10	6
443	11	6
444	12	6
445	12	6
446	13	6
447	13	6
438	6	6
448	14	6
88	45	0
89	45	0
86	46	0
87	46	0
84	47	0
85	47	0
82	48	0
83	48	0
80	49	0
81	49	0
78	50	0
79	50	0
76	51	0
77	51	0
74	52	0
75	52	0
72	53	0
73	53	0
70	54	0
71	54	0
68	55	0
69	55	0
66	56	0
67	56	0
64	57	0
65	57	0
62	58	0
63	58	0
61	59	0
90	44	0
60	59	0
464	10	3
465	10	3
463	11	3
462	12	3
460	13	3
461	13	3
459	14	3
230	339	0
230	340	0
230	341	0
230	342	0
230	343	0
231	344	0
232	345	0
233	346	0
230	338	0
365	329	25
366	330	25
367	331	25
368	332	25
369	333	25
364	328	25
369	334	25
407	316	957
408	316	957
439	13	6
435	14	6
436	14	6
437	14	6
438	14	6
434	14	6
448	254	942
449	254	942
450	254	942
158	335	59
159	335	59
157	336	59
155	337	59
156	337	59
154	338	59
153	339	59
152	340	59
151	341	59
150	342	59
149	343	59
148	344	59
146	345	59
147	345	59
144	346	59
145	346	59
142	347	59
143	347	59
160	334	59
141	348	59
187	386	58
188	387	58
189	388	58
189	389	58
190	390	58
191	391	58
192	391	58
193	392	58
194	392	58
195	393	58
196	393	58
197	394	58
187	385	58
398	57	0
399	57	0
400	58	0
400	59	0
399	60	0
399	61	0
399	62	0
368	166	940
366	167	940
367	167	940
362	168	940
364	168	940
365	168	940
354	169	940
356	169	940
358	169	940
360	169	940
361	169	940
363	169	940
353	170	940
355	170	940
357	170	940
359	170	940
196	99	0
197	99	0
198	99	0
199	100	0
200	100	0
201	101	0
202	102	0
203	103	0
203	104	0
195	98	0
203	105	0
179	56	0
179	57	0
179	58	0
179	59	0
179	60	0
179	61	0
179	62	0
179	55	0
181	53	0
180	54	0
182	54	0
183	54	0
184	54	0
185	54	0
186	54	0
187	54	0
188	54	0
190	54	0
189	55	0
191	55	0
192	55	0
193	55	0
194	55	0
195	56	0
196	57	0
197	57	0
198	58	0
199	59	0
200	59	0
201	60	0
202	60	0
203	61	0
204	61	0
205	62	0
206	62	0
179	55	0
207	63	0
181	225	57
182	225	57
183	226	57
184	227	57
185	228	57
186	229	57
186	230	57
180	224	57
187	231	57
247	275	59
246	276	59
245	277	59
244	278	59
243	279	59
243	280	59
243	281	59
243	282	59
248	274	59
243	283	59
403	62	0
402	63	0
478	58	2
478	59	2
478	60	2
478	61	2
479	62	2
478	57	2
454	13	0
456	13	0
457	13	0
452	14	0
453	14	0
455	14	0
450	15	0
451	15	0
449	14	0
458	14	0
345	170	940
344	171	940
341	172	940
343	172	940
342	173	940
447	230	23
447	231	23
447	232	23
179	225	57
178	226	57
177	227	57
176	228	57
175	229	57
175	230	57
175	231	57
175	232	57
180	224	57
175	233	57
186	232	55
187	231	55
186	233	55
195	161	55
196	161	55
193	162	55
194	162	55
192	163	55
191	164	55
191	165	55
190	166	55
190	167	55
190	168	55
190	169	55
190	170	55
190	171	55
190	172	55
190	173	55
190	174	55
190	175	55
190	176	55
396	61	30
394	62	30
395	62	30
397	62	30
392	63	30
393	63	30
398	63	30
390	64	30
391	64	30
388	65	30
389	65	30
387	66	30
385	67	30
386	67	30
384	68	30
399	62	30
383	69	30
400	63	0
399	62	0
401	64	0
307	275	42
307	276	42
307	277	42
308	278	42
308	279	42
308	280	42
309	281	42
309	282	42
309	283	42
310	284	42
306	274	42
389	226	25
389	227	25
388	228	25
387	229	25
387	230	25
387	231	25
387	232	25
387	233	25
387	234	25
230	278	59
230	279	59
230	280	59
231	281	59
232	282	59
233	283	59
233	284	59
233	285	59
230	277	59
233	286	59
450	232	0
451	232	0
449	233	0
452	233	0
448	233	0
162	227	59
163	228	59
164	228	59
165	229	59
166	229	59
167	230	59
168	230	59
169	231	59
170	231	59
171	232	59
172	232	59
173	233	59
174	234	59
161	226	59
175	233	59
256	280	54
257	281	54
258	282	54
259	283	54
260	283	54
261	284	54
262	285	54
255	279	54
263	286	54
395	12	2
396	13	2
396	14	2
396	15	2
397	16	2
395	11	2
447	16	0
448	15	0
176	234	0
178	234	0
179	234	0
180	234	0
181	234	0
182	234	0
183	234	0
184	234	0
177	235	0
175	233	0
185	234	0
66	225	58
67	225	58
68	225	58
69	225	58
70	225	58
71	225	58
72	225	58
73	225	58
74	225	58
75	225	58
76	225	58
77	225	58
78	225	58
79	225	58
80	225	58
81	225	58
82	225	58
83	225	58
84	225	58
85	225	58
86	225	58
87	225	58
88	225	58
89	225	58
90	225	58
91	225	58
92	225	58
93	225	58
94	225	58
95	225	58
96	225	58
97	225	58
98	225	58
99	225	58
100	225	58
101	225	58
102	225	58
103	225	58
104	225	58
105	225	58
106	225	58
107	225	58
108	225	58
109	225	58
110	225	58
111	225	58
112	225	58
113	225	58
114	225	58
115	225	58
116	226	58
117	226	58
118	227	58
119	227	58
121	227	58
158	227	58
159	227	58
160	227	58
120	228	58
122	228	58
123	228	58
124	228	58
125	228	58
140	228	58
142	228	58
149	228	58
151	228	58
153	228	58
154	228	58
155	228	58
156	228	58
157	228	58
126	229	58
127	229	58
128	229	58
129	229	58
130	229	58
131	229	58
132	229	58
133	229	58
134	229	58
135	229	58
136	229	58
137	229	58
138	229	58
139	229	58
141	229	58
143	229	58
144	229	58
145	229	58
146	229	58
147	229	58
148	229	58
150	229	58
152	229	58
65	225	58
161	226	58
69	137	59
68	138	59
68	139	59
67	140	59
67	141	59
66	142	59
66	143	59
65	144	59
65	145	59
64	146	59
64	147	59
63	148	59
63	149	59
62	150	59
62	151	59
61	152	59
61	153	59
60	154	59
60	155	59
59	156	59
59	157	59
58	158	59
59	159	59
58	160	59
59	161	59
59	162	59
60	163	59
60	164	59
61	165	59
61	166	59
62	167	59
62	168	59
63	169	59
63	170	59
64	171	59
64	172	59
65	173	59
65	174	59
66	175	59
66	176	59
67	177	59
67	178	59
68	179	59
70	136	59
69	180	59
130	159	59
129	160	59
128	161	59
128	162	59
128	163	59
128	164	59
127	165	59
127	166	59
127	167	59
127	168	59
127	169	59
126	170	59
126	171	59
126	172	59
126	173	59
126	174	59
126	175	59
126	176	59
126	177	59
126	178	59
126	179	59
126	180	59
532	102	942
532	103	942
531	104	942
530	105	942
530	106	942
182	340	53
182	341	53
182	342	53
182	343	53
182	344	53
182	345	53
182	346	53
182	347	53
182	348	53
182	349	53
181	350	53
180	351	53
179	352	53
178	353	53
177	354	53
176	355	53
175	356	53
174	357	53
173	358	53
172	359	53
172	360	53
170	361	53
171	361	53
182	339	53
169	362	53
279	179	47
280	179	47
281	179	47
282	179	47
283	179	47
276	180	47
277	180	47
278	180	47
272	181	47
273	181	47
274	181	47
275	181	47
270	182	47
271	182	47
269	183	47
266	184	47
267	184	47
268	184	47
264	185	47
265	185	47
263	186	47
262	187	47
260	188	47
261	188	47
259	189	47
257	190	47
258	190	47
256	191	47
284	178	47
255	192	47
311	62	5
312	63	5
313	64	5
314	65	5
315	66	5
310	61	5
316	67	5
240	284	8
242	284	8
238	285	8
239	285	8
241	285	8
236	286	8
237	286	8
235	287	8
243	283	8
234	287	8
284	285	48
265	286	48
282	286	48
283	286	48
266	287	48
267	287	48
269	287	48
278	287	48
279	287	48
280	287	48
281	287	48
268	288	48
270	288	48
271	288	48
272	288	48
273	288	48
274	288	48
275	288	48
276	288	48
277	288	48
285	285	48
264	286	48
446	234	0
444	235	0
445	235	0
447	233	0
443	236	0
330	393	0
331	394	0
329	392	0
389	235	27
390	235	27
391	235	27
393	235	27
392	236	27
394	236	27
388	235	27
395	237	27
485	118	3
486	119	3
487	119	3
488	120	3
489	121	3
490	122	3
484	117	3
491	123	3
402	389	0
401	388	0
155	17	0
152	18	0
153	18	0
154	18	0
150	19	0
151	19	0
148	20	0
149	20	0
142	21	0
143	21	0
144	21	0
145	21	0
146	21	0
147	21	0
132	22	0
134	22	0
136	22	0
137	22	0
138	22	0
139	22	0
140	22	0
141	22	0
122	23	0
123	23	0
124	23	0
125	23	0
126	23	0
127	23	0
128	23	0
129	23	0
130	23	0
131	23	0
133	23	0
135	23	0
156	16	0
121	23	0
183	283	49
183	284	49
183	285	49
183	286	49
183	287	49
183	288	49
183	289	49
184	290	49
183	282	49
2	2	0
3	3	0
4	4	0
5	5	0
6	6	0
7	7	0
8	8	0
9	9	0
10	10	0
11	11	0
12	12	0
13	13	0
14	14	0
15	15	0
16	16	0
17	17	0
18	18	0
19	19	0
20	20	0
21	21	0
22	22	0
23	23	0
24	24	0
25	25	0
26	26	0
27	27	0
28	28	0
29	29	0
30	30	0
31	31	0
32	32	0
33	33	0
34	34	0
35	35	0
36	36	0
37	37	0
38	38	0
39	39	0
40	40	0
41	41	0
42	42	0
43	43	0
44	44	0
45	45	0
46	46	0
47	47	0
48	48	0
49	49	0
50	50	0
51	51	0
52	52	0
53	53	0
54	54	0
55	55	0
56	56	0
57	57	0
58	58	0
59	59	0
575	89	0
574	88	0
579	106	1
577	107	1
578	107	1
576	108	1
174	330	0
175	331	0
176	332	0
177	333	0
178	334	0
179	335	0
180	336	0
181	337	0
173	329	0
182	338	0
438	46	0
438	45	0
272	100	49
274	100	49
269	101	49
270	101	49
271	101	49
273	101	49
275	101	49
267	102	49
268	102	49
276	102	49
277	102	49
265	103	49
266	103	49
278	103	49
264	104	49
279	104	49
280	104	49
281	105	49
282	106	49
283	106	49
284	107	49
285	107	49
286	108	49
263	105	49
287	109	49
433	16	2
434	17	2
434	18	2
433	15	2
433	19	2
459	16	5
460	17	5
461	17	5
462	17	5
463	17	5
464	18	5
458	15	5
465	18	5
466	17	1
467	17	1
468	17	1
469	17	1
470	17	1
471	18	1
465	18	1
327	279	39
327	280	39
326	281	39
326	282	39
326	283	39
325	284	39
325	285	39
324	286	39
324	287	39
323	288	39
323	289	39
322	290	39
322	291	39
321	292	39
386	236	0
385	237	0
384	238	0
383	239	0
387	235	0
382	240	0
308	61	43
309	61	43
306	62	43
307	62	43
305	63	43
303	64	43
304	64	43
301	65	43
302	65	43
299	66	43
300	66	43
310	61	43
298	67	43
397	237	0
398	238	0
399	239	0
400	239	0
396	237	0
401	240	0
331	349	30
332	350	30
333	351	30
333	352	30
334	353	30
335	354	30
335	355	30
335	356	30
336	357	30
337	358	30
338	359	30
338	360	30
339	361	30
330	348	30
268	9	58
269	10	58
270	11	58
271	12	58
272	12	58
274	12	58
273	13	58
275	13	58
276	13	58
278	13	58
277	14	58
279	14	58
281	14	58
280	15	58
282	15	58
283	15	58
284	15	58
303	15	58
305	15	58
307	15	58
309	15	58
311	15	58
285	16	58
286	16	58
287	16	58
289	16	58
291	16	58
293	16	58
301	16	58
302	16	58
304	16	58
306	16	58
308	16	58
310	16	58
312	16	58
313	16	58
314	16	58
315	16	58
317	16	58
288	17	58
290	17	58
292	17	58
294	17	58
295	17	58
296	17	58
297	17	58
299	17	58
300	17	58
316	17	58
318	17	58
319	17	58
320	17	58
298	18	58
321	18	58
322	19	58
323	19	58
267	8	58
324	20	58
142	349	59
143	350	59
144	351	59
145	352	59
146	352	59
147	353	59
148	353	59
149	353	59
150	354	59
151	355	59
152	355	59
153	356	59
154	356	59
155	357	59
156	357	59
157	358	59
158	358	59
160	358	59
159	359	59
161	359	59
162	359	59
163	360	59
164	360	59
165	361	59
166	361	59
167	362	59
168	362	59
141	348	59
169	362	59
330	391	0
329	392	0
510	106	0
510	107	0
510	108	0
509	109	0
570	103	2
571	104	2
572	105	2
573	106	2
574	107	2
575	108	2
569	102	2
576	108	2
319	292	0
320	292	0
321	292	0
318	293	0
70	180	50
71	180	50
72	180	50
73	180	50
74	180	50
75	180	50
76	180	50
77	180	50
78	180	50
79	180	50
80	180	50
81	180	50
82	180	50
83	180	50
84	180	50
85	180	50
86	180	50
87	180	50
88	180	50
89	180	50
90	180	50
91	180	50
92	180	50
93	180	50
94	180	50
95	180	50
96	180	50
97	180	50
98	180	50
99	180	50
100	180	50
101	180	50
102	180	50
103	180	50
104	180	50
105	180	50
106	180	50
107	180	50
108	180	50
109	180	50
110	180	50
111	180	50
112	180	50
113	180	50
114	180	50
115	180	50
116	180	50
117	180	50
118	180	50
119	180	50
120	180	50
121	180	50
122	180	50
123	180	50
124	180	50
125	181	50
69	180	50
126	180	50
234	336	58
235	336	58
231	337	58
232	337	58
233	337	58
236	335	58
230	338	58
192	99	59
193	99	59
191	100	59
189	101	59
190	101	59
188	102	59
188	103	59
188	104	59
188	105	59
188	106	59
188	107	59
188	108	59
188	109	59
194	98	59
188	110	59
288	109	0
287	109	0
289	109	0
316	292	39
317	292	39
315	293	39
318	293	39
322	293	0
321	292	0
322	294	0
155	282	58
155	283	58
155	284	58
155	285	58
155	286	58
155	287	58
155	288	58
154	289	58
154	290	58
154	291	58
154	292	58
154	293	58
153	294	58
155	281	58
153	295	58
208	62	49
209	63	49
210	63	49
211	64	49
212	64	49
213	64	49
214	64	49
215	65	49
216	65	49
218	65	49
220	65	49
217	66	49
219	66	49
221	66	49
222	66	49
224	66	49
226	66	49
228	66	49
230	66	49
238	66	49
240	66	49
242	66	49
244	66	49
246	66	49
248	66	49
250	66	49
252	66	49
254	66	49
256	66	49
257	66	49
258	66	49
259	66	49
260	66	49
261	66	49
262	66	49
263	66	49
264	66	49
265	66	49
266	66	49
267	66	49
268	66	49
269	66	49
270	66	49
271	66	49
272	66	49
273	66	49
274	66	49
275	66	49
276	66	49
277	66	49
278	66	49
279	66	49
280	66	49
281	66	49
283	66	49
285	66	49
287	66	49
289	66	49
291	66	49
293	66	49
295	66	49
223	67	49
225	67	49
227	67	49
229	67	49
231	67	49
232	67	49
233	67	49
234	67	49
235	67	49
236	67	49
237	67	49
239	67	49
241	67	49
243	67	49
245	67	49
247	67	49
249	67	49
251	67	49
253	67	49
255	67	49
282	67	49
284	67	49
286	67	49
288	67	49
290	67	49
292	67	49
294	67	49
296	67	49
207	63	49
297	67	49
263	288	2
263	289	2
263	290	2
263	291	2
263	292	2
263	293	2
263	294	2
263	287	2
317	294	0
318	293	0
380	240	4
376	241	4
377	241	4
378	241	4
379	241	4
373	242	4
375	242	4
369	243	4
371	243	4
372	243	4
374	243	4
366	244	4
367	244	4
368	244	4
370	244	4
381	240	4
365	245	4
353	180	18
354	180	18
355	180	18
356	180	18
358	180	18
357	181	18
359	181	18
360	181	18
361	181	18
362	181	18
363	181	18
364	181	18
365	181	18
366	181	18
367	181	18
352	180	18
286	286	4
287	287	4
288	288	4
288	289	4
289	290	4
289	291	4
290	292	4
291	293	4
292	294	4
293	295	4
285	285	4
368	66	9
369	66	9
370	67	9
371	67	9
367	65	9
372	68	9
431	21	3
432	20	3
459	239	1
458	240	1
457	241	1
456	242	1
466	19	0
467	20	0
468	21	0
465	18	0
389	77	34
390	78	34
391	78	34
392	79	34
393	79	34
395	79	34
394	80	34
396	80	34
397	81	34
398	81	34
399	81	34
400	81	34
434	81	34
435	81	34
401	82	34
402	82	34
404	82	34
431	82	34
433	82	34
403	83	34
405	83	34
406	83	34
407	83	34
408	83	34
409	83	34
410	83	34
411	83	34
412	83	34
413	83	34
414	83	34
415	83	34
416	83	34
417	83	34
418	83	34
420	83	34
422	83	34
424	83	34
425	83	34
426	83	34
427	83	34
428	83	34
429	83	34
430	83	34
432	83	34
419	84	34
421	84	34
423	84	34
388	76	34
436	80	34
321	296	39
322	295	39
301	103	47
299	104	47
300	104	47
302	104	47
297	105	47
298	105	47
303	105	47
304	105	47
294	106	47
295	106	47
296	106	47
305	106	47
306	106	47
292	107	47
293	107	47
307	107	47
290	108	47
291	108	47
308	108	47
289	109	47
309	109	47
324	296	39
325	297	39
323	295	39
93	368	4
94	368	4
95	368	4
96	368	4
97	368	4
98	368	4
99	368	4
100	368	4
101	368	4
102	368	4
103	368	4
104	368	4
105	368	4
106	368	4
107	368	4
108	368	4
109	368	4
110	369	4
92	368	4
111	370	4
395	239	22
395	240	22
394	241	22
394	242	22
395	238	22
394	243	22
60	273	37
60	274	37
61	275	37
61	276	37
62	277	37
62	278	37
63	279	37
63	280	37
64	281	37
64	282	37
65	283	37
65	284	37
66	285	37
66	286	37
67	287	37
67	288	37
68	289	37
68	290	37
69	291	37
69	292	37
70	293	37
70	294	37
71	295	37
71	296	37
72	297	37
72	298	37
73	299	37
61	272	37
74	300	37
246	21	0
238	22	0
240	22	0
242	22	0
243	22	0
244	22	0
245	22	0
247	22	0
235	23	0
237	23	0
239	23	0
241	23	0
230	24	0
232	24	0
233	24	0
234	24	0
236	24	0
229	25	0
231	25	0
248	21	0
228	24	0
179	292	940
179	293	940
374	66	37
375	66	37
376	66	37
373	67	37
377	67	37
378	67	37
379	67	37
380	68	37
381	68	37
382	68	37
372	68	37
383	69	37
187	235	58
188	236	58
189	237	58
190	238	58
191	239	58
192	240	58
193	241	58
193	242	58
193	243	58
186	234	58
193	244	58
350	181	2
349	182	2
348	183	2
347	184	2
351	180	2
346	185	2
559	93	10
559	94	10
560	95	10
562	95	10
561	96	10
559	92	10
318	68	0
320	68	0
321	68	0
319	69	0
317	68	0
322	69	0
192	177	53
193	178	53
194	178	53
195	179	53
196	179	53
197	179	53
198	180	53
199	180	53
200	180	53
201	181	53
202	181	53
203	181	53
204	181	53
206	181	53
208	181	53
205	182	53
207	182	53
209	182	53
210	182	53
211	182	53
212	182	53
213	182	53
214	182	53
216	182	53
218	182	53
220	182	53
222	182	53
215	183	53
217	183	53
219	183	53
221	183	53
223	183	53
224	183	53
225	183	53
226	184	53
227	185	53
228	185	53
191	177	53
229	186	53
286	110	49
284	111	49
285	111	49
283	112	49
281	113	49
282	113	49
279	114	49
280	114	49
267	115	49
268	115	49
277	115	49
278	115	49
269	116	49
270	116	49
275	116	49
276	116	49
271	117	49
272	117	49
274	117	49
273	118	49
287	109	49
266	114	49
117	302	59
118	303	59
119	304	59
120	305	59
121	305	59
122	306	59
123	306	59
124	306	59
125	307	59
126	308	59
127	308	59
128	309	59
129	309	59
130	310	59
116	301	59
131	311	59
489	108	24
490	109	24
491	110	24
491	111	24
285	180	47
285	181	47
285	182	47
285	183	47
286	184	47
343	184	47
286	185	47
330	185	47
332	185	47
333	185	47
334	185	47
335	185	47
336	185	47
337	185	47
338	185	47
339	185	47
340	185	47
341	185	47
342	185	47
344	185	47
287	186	47
327	186	47
329	186	47
331	186	47
288	187	47
315	187	47
317	187	47
319	187	47
321	187	47
322	187	47
323	187	47
324	187	47
325	187	47
326	187	47
328	187	47
289	188	47
290	188	47
305	188	47
306	188	47
307	188	47
308	188	47
309	188	47
310	188	47
311	188	47
312	188	47
313	188	47
314	188	47
316	188	47
318	188	47
320	188	47
291	189	47
298	189	47
300	189	47
301	189	47
302	189	47
303	189	47
304	189	47
292	190	47
293	190	47
294	190	47
295	190	47
296	190	47
297	190	47
299	190	47
285	179	47
345	185	47
151	60	0
151	61	0
151	62	0
151	63	0
151	64	0
152	65	0
153	66	0
154	67	0
155	68	0
155	69	0
155	70	0
151	59	0
155	71	0
510	111	0
511	112	0
509	110	0
442	237	16
440	238	16
441	238	16
438	239	16
439	239	16
403	240	16
404	240	16
405	240	16
406	240	16
408	240	16
434	240	16
436	240	16
437	240	16
407	241	16
409	241	16
410	241	16
413	241	16
432	241	16
433	241	16
435	241	16
411	242	16
412	242	16
414	242	16
416	242	16
430	242	16
431	242	16
415	243	16
417	243	16
418	243	16
419	243	16
420	243	16
421	243	16
422	243	16
423	243	16
424	243	16
425	243	16
426	243	16
427	243	16
428	243	16
429	243	16
443	236	16
402	240	16
75	300	56
76	300	56
77	300	56
78	300	56
79	300	56
80	300	56
81	300	56
82	300	56
83	300	56
84	300	56
85	300	56
86	300	56
87	300	56
88	300	56
89	300	56
90	300	56
91	300	56
92	300	56
93	300	56
94	300	56
95	300	56
96	300	56
97	300	56
98	300	56
99	300	56
100	300	56
101	300	56
102	300	56
103	300	56
104	300	56
105	300	56
106	300	56
107	300	56
108	300	56
109	300	56
110	300	56
111	300	56
112	300	56
113	300	56
114	300	56
115	300	56
74	300	56
116	301	56
202	106	0
200	107	0
201	107	0
198	108	0
199	108	0
197	109	0
195	110	0
196	110	0
190	111	0
191	111	0
192	111	0
193	111	0
194	111	0
203	105	0
189	111	0
444	237	22
444	238	22
445	239	22
446	239	22
447	240	22
448	241	22
449	241	22
450	242	22
451	242	22
452	243	22
453	243	22
454	243	22
455	243	22
443	236	22
456	242	22
134	293	0
135	293	0
133	294	0
131	295	0
132	295	0
129	296	0
130	296	0
128	297	0
126	298	0
127	298	0
124	299	0
125	299	0
117	300	0
118	300	0
119	300	0
120	300	0
121	300	0
122	300	0
123	300	0
136	292	0
116	301	0
293	244	48
294	244	48
295	244	48
296	244	48
290	245	48
292	245	48
287	246	48
288	246	48
289	246	48
291	246	48
281	247	48
282	247	48
283	247	48
284	247	48
285	247	48
286	247	48
278	248	48
280	248	48
275	249	48
277	249	48
279	249	48
272	250	48
274	250	48
276	250	48
273	251	48
297	243	48
271	251	48
232	288	0
231	289	0
230	290	0
229	291	0
229	292	0
228	293	0
227	294	0
227	295	0
226	296	0
225	297	0
225	298	0
224	299	0
224	300	0
233	287	0
223	301	0
207	6	59
208	6	59
209	7	59
210	8	59
211	9	59
212	9	59
213	10	59
214	11	59
216	11	59
215	12	59
217	12	59
218	13	59
219	13	59
220	13	59
221	14	59
222	15	59
223	15	59
224	16	59
225	16	59
226	17	59
227	18	59
228	19	59
228	20	59
228	21	59
228	22	59
228	23	59
206	5	59
228	24	59
307	234	44
308	234	44
309	234	44
311	234	44
305	235	44
306	235	44
310	235	44
312	235	44
313	235	44
314	235	44
315	235	44
303	236	44
304	236	44
316	236	44
317	236	44
318	236	44
301	237	44
302	237	44
319	237	44
320	237	44
322	237	44
300	238	44
321	238	44
323	238	44
325	238	44
298	239	44
299	239	44
324	239	44
326	239	44
297	240	44
327	240	44
328	240	44
329	240	44
330	240	44
297	241	44
331	241	44
332	241	44
334	241	44
297	242	44
333	242	44
335	242	44
336	242	44
337	242	44
338	242	44
339	242	44
340	243	44
342	243	44
344	243	44
345	243	44
346	243	44
348	243	44
350	243	44
352	243	44
354	243	44
356	243	44
358	243	44
341	244	44
343	244	44
347	244	44
349	244	44
351	244	44
353	244	44
355	244	44
357	244	44
297	243	44
359	244	44
262	327	54
263	327	54
264	327	54
265	327	54
267	327	54
268	327	54
270	327	54
254	328	54
256	328	54
257	328	54
258	328	54
259	328	54
260	328	54
261	328	54
266	328	54
269	328	54
271	328	54
273	328	54
246	329	54
247	329	54
248	329	54
249	329	54
250	329	54
251	329	54
252	329	54
253	329	54
255	329	54
272	329	54
274	329	54
275	329	54
245	330	54
244	329	54
276	330	54
219	302	59
220	302	59
221	302	59
214	303	59
215	303	59
216	303	59
217	303	59
218	303	59
210	304	59
212	304	59
213	304	59
209	305	59
211	305	59
206	306	59
207	306	59
208	306	59
205	307	59
203	308	59
204	308	59
202	309	59
200	310	59
201	310	59
222	301	59
199	311	59
360	243	0
361	243	0
362	244	0
363	244	0
364	244	0
359	244	0
365	245	0
79	348	34
79	349	34
79	350	34
79	351	34
79	352	34
79	353	34
79	354	34
79	355	34
79	356	34
79	357	34
79	358	34
79	359	34
79	360	34
79	361	34
80	362	34
81	363	34
82	363	34
83	364	34
84	364	34
85	365	34
86	365	34
87	366	34
88	366	34
89	367	34
90	367	34
79	347	34
91	368	34
424	14	1
422	15	1
423	15	1
421	16	1
420	17	1
418	18	1
419	18	1
417	19	1
416	20	1
416	21	1
416	22	1
416	23	1
424	13	1
416	24	1
316	106	44
318	106	44
319	106	44
321	106	44
428	106	44
314	107	44
315	107	44
317	107	44
320	107	44
322	107	44
323	107	44
324	107	44
325	107	44
326	107	44
423	107	44
425	107	44
427	107	44
429	107	44
430	107	44
431	107	44
432	107	44
433	107	44
434	107	44
435	107	44
436	107	44
310	108	44
311	108	44
312	108	44
313	108	44
327	108	44
328	108	44
329	108	44
330	108	44
332	108	44
420	108	44
422	108	44
424	108	44
426	108	44
437	108	44
438	108	44
439	108	44
440	108	44
331	109	44
333	109	44
334	109	44
335	109	44
336	109	44
337	109	44
416	109	44
417	109	44
418	109	44
419	109	44
421	109	44
441	109	44
442	109	44
444	109	44
446	109	44
338	110	44
339	110	44
340	110	44
341	110	44
342	110	44
376	110	44
378	110	44
380	110	44
381	110	44
382	110	44
383	110	44
384	110	44
386	110	44
388	110	44
390	110	44
392	110	44
393	110	44
394	110	44
395	110	44
396	110	44
397	110	44
398	110	44
399	110	44
401	110	44
402	110	44
403	110	44
404	110	44
405	110	44
406	110	44
407	110	44
408	110	44
409	110	44
410	110	44
411	110	44
412	110	44
413	110	44
414	110	44
415	110	44
443	110	44
445	110	44
447	110	44
449	110	44
451	110	44
453	110	44
455	110	44
343	111	44
344	111	44
345	111	44
346	111	44
347	111	44
348	111	44
350	111	44
352	111	44
366	111	44
368	111	44
370	111	44
371	111	44
372	111	44
373	111	44
375	111	44
377	111	44
379	111	44
385	111	44
387	111	44
389	111	44
391	111	44
400	111	44
448	111	44
450	111	44
452	111	44
454	111	44
456	111	44
349	112	44
351	112	44
353	112	44
354	112	44
355	112	44
356	112	44
357	112	44
358	112	44
359	112	44
360	112	44
361	112	44
362	112	44
363	112	44
364	112	44
365	112	44
367	112	44
369	112	44
374	112	44
309	109	44
457	110	44
399	242	0
400	242	0
398	243	0
395	244	0
396	244	0
397	244	0
401	241	0
394	243	0
594	87	7
595	87	7
591	88	7
592	88	7
593	88	7
590	89	7
588	90	7
589	90	7
582	91	7
584	91	7
585	91	7
586	91	7
587	91	7
579	92	7
580	92	7
581	92	7
583	92	7
578	93	7
575	94	7
577	94	7
574	95	7
576	95	7
573	96	7
572	97	7
571	98	7
571	99	7
570	100	7
570	101	7
596	86	7
569	102	7
152	99	59
153	99	59
154	99	59
155	99	59
156	99	59
157	99	59
158	99	59
159	99	59
160	99	59
161	99	59
162	99	59
163	99	59
164	99	59
165	100	59
165	101	59
166	102	59
166	103	59
167	104	59
168	105	59
169	106	59
170	107	59
170	108	59
170	109	59
170	110	59
170	111	59
170	112	59
151	99	59
170	113	59
290	304	983
291	304	983
292	304	983
263	106	3
263	107	3
263	108	3
263	109	3
264	110	3
265	111	3
265	112	3
263	105	3
265	113	3
383	242	27
384	242	27
385	243	27
386	243	27
387	244	27
388	244	27
393	244	27
389	245	27
390	245	27
391	245	27
392	245	27
382	241	27
394	243	27
154	297	58
155	298	58
156	299	58
157	300	58
158	301	58
159	302	58
160	303	58
161	304	58
161	305	58
153	296	58
161	306	58
146	94	59
147	95	59
148	96	59
149	97	59
149	98	59
145	93	59
150	99	59
459	107	17
458	108	17
457	109	17
457	110	17
457	243	1
457	244	1
458	245	1
459	246	1
456	242	1
294	303	43
295	304	43
296	304	43
297	304	43
298	305	43
299	306	43
300	307	43
529	92	943
529	93	943
529	94	943
529	95	943
529	96	943
528	97	943
527	98	943
493	112	22
494	112	22
495	112	22
492	112	22
496	113	22
191	246	0
192	246	0
190	247	0
193	245	0
189	248	0
507	110	3
506	111	3
502	112	3
503	112	3
504	112	3
505	112	3
499	113	3
500	113	3
501	113	3
508	110	3
498	112	3
212	16	37
212	17	37
212	18	37
212	19	37
212	20	37
212	21	37
212	22	37
212	23	37
212	24	37
212	25	37
212	26	37
207	64	3
205	65	3
206	65	3
203	66	3
204	66	3
201	67	3
202	67	3
199	68	3
200	68	3
168	69	3
198	69	3
164	70	3
165	70	3
166	70	3
167	70	3
169	70	3
170	70	3
171	70	3
172	70	3
174	70	3
176	70	3
196	70	3
197	70	3
162	71	3
163	71	3
173	71	3
175	71	3
177	71	3
178	71	3
180	71	3
182	71	3
186	71	3
188	71	3
190	71	3
192	71	3
194	71	3
195	71	3
157	72	3
158	72	3
159	72	3
160	72	3
161	72	3
179	72	3
181	72	3
183	72	3
184	72	3
185	72	3
187	72	3
189	72	3
191	72	3
193	72	3
207	63	3
156	72	3
159	307	0
156	308	0
157	308	0
158	308	0
153	309	0
154	309	0
155	309	0
146	310	0
148	310	0
151	310	0
152	310	0
133	311	0
134	311	0
135	311	0
136	311	0
137	311	0
138	311	0
139	311	0
140	311	0
141	311	0
142	311	0
143	311	0
144	311	0
145	311	0
147	311	0
149	311	0
150	311	0
160	307	0
132	311	0
179	298	59
180	299	59
180	300	59
180	301	59
180	302	59
180	303	59
180	304	59
180	305	59
180	306	59
180	307	59
180	308	59
180	309	59
127	181	58
128	182	58
129	183	58
130	184	58
131	185	58
132	186	58
133	187	58
134	187	58
135	188	58
136	189	58
137	190	58
138	191	58
126	180	58
139	192	58
170	363	0
170	364	0
170	365	0
170	366	0
170	367	0
169	362	0
169	368	0
279	368	0
280	369	0
281	370	0
282	371	0
282	372	0
282	373	0
282	374	0
282	375	0
282	376	0
283	377	0
327	20	24
329	20	24
331	20	24
326	21	24
328	21	24
330	21	24
332	21	24
334	21	24
336	21	24
333	22	24
335	22	24
337	22	24
338	22	24
339	22	24
340	22	24
341	22	24
343	22	24
342	23	24
344	23	24
346	23	24
348	23	24
350	23	24
345	24	24
347	24	24
349	24	24
351	24	24
352	24	24
353	24	24
354	24	24
355	24	24
356	24	24
357	24	24
358	24	24
360	24	24
362	24	24
367	24	24
359	25	24
361	25	24
363	25	24
364	25	24
365	25	24
366	25	24
368	25	24
369	25	24
325	20	24
370	26	24
288	373	0
287	374	0
286	375	0
284	376	0
285	376	0
283	377	0
365	67	40
364	68	40
364	69	40
364	70	40
364	71	40
364	72	40
366	66	40
364	73	40
231	187	54
232	187	54
233	187	54
234	187	54
235	188	54
236	188	54
237	189	54
238	189	54
239	189	54
240	190	54
241	190	54
242	190	54
243	190	54
244	190	54
246	190	54
248	190	54
250	190	54
252	190	54
245	191	54
247	191	54
249	191	54
251	191	54
253	191	54
254	191	54
230	186	54
255	192	54
424	22	11
425	22	11
423	23	11
422	24	11
418	25	11
419	25	11
420	25	11
421	25	11
417	25	11
480	65	940
481	65	940
482	66	940
483	67	940
484	67	940
485	68	940
486	69	940
487	69	940
488	69	940
489	69	940
490	70	940
491	70	940
493	70	940
495	70	940
497	70	940
492	71	940
494	71	940
496	71	940
498	71	940
500	71	940
502	71	940
499	72	940
501	72	940
503	72	940
299	69	9
300	69	9
315	69	9
301	70	9
302	70	9
314	70	9
303	71	9
304	71	9
305	71	9
312	71	9
313	71	9
306	72	9
307	72	9
310	72	9
311	72	9
308	73	9
309	73	9
298	68	9
316	68	9
299	308	0
298	309	0
300	307	0
111	372	18
111	373	18
111	374	18
111	375	18
111	376	18
111	377	18
111	378	18
111	371	18
458	111	19
459	112	19
460	112	19
461	113	19
462	114	19
457	110	19
463	115	19
384	70	33
384	71	33
384	72	33
384	73	33
383	69	33
384	74	33
577	109	4
577	110	4
578	111	4
578	112	4
578	113	4
579	114	4
576	108	4
580	115	4
249	274	0
250	274	0
248	274	0
251	275	0
130	3	59
131	3	59
132	3	59
133	3	59
134	3	59
135	3	59
136	3	59
138	3	59
140	3	59
128	4	59
129	4	59
137	4	59
139	4	59
141	4	59
142	4	59
143	4	59
144	4	59
146	4	59
126	5	59
127	5	59
145	5	59
147	5	59
148	5	59
124	6	59
125	6	59
149	6	59
150	6	59
122	7	59
123	7	59
151	7	59
152	7	59
121	8	59
153	8	59
154	8	59
120	9	59
155	9	59
120	10	59
156	10	59
120	11	59
156	11	59
120	12	59
156	12	59
120	13	59
156	13	59
120	14	59
156	14	59
120	15	59
156	15	59
120	16	59
120	17	59
120	18	59
120	19	59
120	20	59
120	21	59
156	16	59
120	22	59
322	70	42
322	71	42
322	72	42
322	73	42
322	74	42
322	69	42
200	332	0
199	333	0
198	334	0
197	335	0
196	336	0
195	337	0
194	338	0
193	339	0
201	331	0
192	340	0
187	308	0
189	308	0
184	309	0
185	309	0
186	309	0
188	309	0
190	309	0
191	309	0
192	309	0
193	309	0
194	309	0
195	309	0
182	310	0
183	310	0
196	310	0
197	310	0
198	310	0
181	310	0
199	311	0
323	68	38
324	68	38
325	68	38
326	68	38
327	68	38
328	69	38
329	69	38
330	69	38
331	69	38
332	69	38
333	69	38
334	69	38
335	69	38
336	69	38
337	69	38
339	69	38
341	69	38
338	70	38
340	70	38
342	70	38
343	70	38
344	70	38
345	70	38
346	70	38
347	70	38
348	71	38
349	71	38
350	71	38
351	71	38
352	71	38
354	71	38
353	72	38
355	72	38
356	72	38
357	72	38
359	72	38
358	73	38
360	73	38
361	74	38
362	74	38
363	74	38
322	69	38
364	73	38
140	191	52
141	191	52
142	191	52
144	191	52
146	191	52
148	191	52
150	191	52
143	192	52
145	192	52
147	192	52
149	192	52
151	192	52
152	192	52
153	192	52
154	192	52
155	192	52
156	192	52
158	192	52
160	192	52
162	192	52
157	193	52
159	193	52
161	193	52
139	192	52
163	193	52
393	70	37
392	71	37
391	72	37
390	73	37
389	74	37
388	75	37
290	110	49
291	110	49
308	110	49
292	111	49
293	111	49
306	111	49
307	111	49
294	112	49
295	112	49
305	112	49
296	113	49
297	113	49
298	113	49
303	113	49
304	113	49
299	114	49
300	114	49
302	114	49
301	115	49
289	109	49
309	109	49
376	22	26
378	22	26
379	22	26
380	22	26
381	22	26
382	22	26
383	22	26
384	22	26
385	22	26
386	22	26
387	22	26
388	22	26
389	22	26
390	22	26
391	22	26
392	22	26
393	22	26
374	23	26
375	23	26
377	23	26
394	23	26
396	23	26
372	24	26
373	24	26
395	24	26
397	24	26
398	24	26
371	25	26
399	25	26
400	25	26
402	25	26
401	26	26
403	26	26
404	26	26
405	26	26
406	26	26
370	26	26
407	27	26
189	178	55
188	179	55
187	180	55
186	181	55
185	182	55
184	183	55
183	184	55
181	185	55
182	185	55
180	186	55
178	187	55
179	187	55
177	188	55
176	189	55
174	190	55
175	190	55
173	191	55
171	192	55
172	192	55
170	193	55
190	177	55
169	194	55
241	371	47
243	371	47
244	371	47
245	371	47
246	371	47
247	371	47
236	372	47
237	372	47
238	372	47
239	372	47
240	372	47
242	372	47
248	372	47
249	372	47
234	373	47
235	373	47
250	373	47
251	373	47
252	373	47
231	374	47
232	374	47
233	374	47
253	374	47
254	374	47
218	375	47
220	375	47
227	375	47
229	375	47
230	375	47
255	375	47
256	375	47
219	376	47
221	376	47
222	376	47
223	376	47
224	376	47
225	376	47
226	376	47
228	376	47
257	376	47
258	376	47
259	377	47
260	377	47
261	378	47
262	378	47
263	379	47
264	379	47
266	379	47
268	379	47
273	379	47
279	379	47
280	379	47
281	379	47
265	380	47
267	380	47
269	380	47
270	380	47
271	380	47
272	380	47
274	380	47
275	380	47
276	380	47
277	380	47
278	380	47
217	374	47
282	378	47
585	114	6
585	115	6
585	116	6
365	74	40
366	75	40
367	75	40
368	75	40
369	75	40
364	73	40
370	74	40
150	101	0
150	102	0
150	103	0
150	104	0
150	105	0
150	106	0
151	107	0
152	108	0
153	109	0
154	109	0
155	110	0
156	111	0
157	112	0
158	112	0
159	113	0
160	113	0
161	114	0
168	114	0
169	114	0
162	115	0
163	115	0
166	115	0
167	115	0
164	116	0
165	116	0
150	100	0
170	113	0
164	192	0
165	193	0
166	193	0
167	194	0
163	193	0
168	194	0
371	75	39
381	75	39
382	75	39
383	75	39
372	76	39
373	76	39
378	76	39
379	76	39
380	76	39
374	77	39
376	77	39
377	77	39
375	78	39
370	74	39
384	74	39
385	75	0
386	75	0
384	74	0
387	76	0
157	17	58
158	17	58
159	17	58
160	17	58
162	17	58
164	17	58
166	17	58
161	18	58
163	18	58
165	18	58
167	18	58
168	18	58
169	18	58
170	18	58
171	18	58
172	18	58
173	18	58
174	18	58
175	18	58
176	19	58
177	20	58
178	20	58
180	20	58
179	21	58
181	21	58
182	21	58
184	21	58
183	22	58
185	22	58
186	23	58
187	23	58
188	23	58
189	24	58
190	24	58
192	24	58
194	24	58
191	25	58
193	25	58
195	25	58
196	25	58
200	25	58
208	25	58
197	26	58
198	26	58
199	26	58
201	26	58
202	26	58
203	26	58
204	26	58
205	26	58
206	26	58
207	26	58
209	26	58
210	26	58
211	27	58
156	16	58
212	26	58
490	113	24
489	114	24
487	115	24
488	115	24
485	116	24
486	116	24
491	112	24
484	117	24
579	116	0
580	115	0
165	246	59
167	246	59
164	247	59
166	247	59
168	247	59
169	247	59
170	247	59
171	247	59
172	247	59
173	247	59
174	247	59
175	247	59
177	247	59
162	248	59
163	248	59
176	248	59
178	248	59
179	248	59
180	248	59
181	248	59
182	248	59
183	248	59
184	248	59
185	248	59
186	248	59
187	248	59
160	249	59
161	249	59
158	250	59
159	250	59
156	251	59
157	251	59
154	252	59
155	252	59
152	253	59
153	253	59
188	248	59
151	254	59
408	26	3
409	26	3
410	26	3
412	26	3
413	26	3
411	27	3
414	26	3
407	27	3
187	112	0
186	113	0
185	114	0
184	115	0
183	116	0
182	117	0
188	111	0
181	118	0
253	250	59
255	250	59
256	250	59
257	250	59
258	250	59
259	250	59
260	250	59
261	250	59
262	250	59
263	250	59
264	250	59
265	250	59
266	250	59
267	250	59
268	250	59
269	250	59
270	250	59
250	251	59
251	251	59
252	251	59
254	251	59
244	252	59
246	252	59
248	252	59
249	252	59
241	253	59
242	253	59
243	253	59
245	253	59
247	253	59
226	254	59
227	254	59
228	254	59
229	254	59
232	254	59
234	254	59
236	254	59
237	254	59
238	254	59
239	254	59
240	254	59
230	255	59
231	255	59
233	255	59
235	255	59
271	251	59
225	253	59
347	187	26
348	188	26
349	189	26
350	190	26
351	191	26
352	192	26
353	192	26
354	192	26
356	192	26
355	193	26
357	193	26
358	194	26
359	194	26
360	194	26
361	194	26
366	194	26
368	194	26
362	195	26
363	195	26
364	195	26
365	195	26
367	195	26
369	195	26
370	195	26
371	196	26
346	186	26
170	369	0
171	369	0
172	370	0
172	371	0
173	372	0
174	373	0
175	374	0
176	375	0
177	376	0
178	377	0
179	378	0
180	379	0
181	380	0
182	381	0
183	381	0
184	382	0
185	383	0
169	368	0
186	384	0
169	196	0
170	197	0
169	195	0
171	198	0
403	65	26
404	66	26
404	67	26
405	68	26
406	69	26
407	69	26
408	70	26
409	70	26
410	71	26
412	71	26
414	71	26
411	72	26
413	72	26
415	72	26
416	72	26
417	73	26
418	73	26
419	73	26
420	73	26
421	73	26
422	74	26
423	74	26
424	74	26
425	74	26
426	75	26
427	75	26
428	75	26
429	75	26
430	75	26
431	75	26
432	75	26
433	75	26
434	76	26
435	76	26
436	77	26
436	78	26
436	79	26
402	64	26
436	80	26
465	116	31
466	116	31
480	116	31
483	116	31
467	117	31
468	117	31
469	117	31
470	117	31
471	117	31
473	117	31
474	117	31
476	117	31
477	117	31
478	117	31
479	117	31
481	117	31
482	117	31
472	118	31
475	118	31
464	116	31
484	117	31
581	115	6
582	116	6
583	117	6
584	117	6
580	115	6
585	116	6
586	117	0
587	117	0
585	116	0
171	114	59
172	115	59
173	115	59
174	116	59
175	116	59
176	117	59
177	117	59
178	117	59
179	117	59
180	118	59
170	113	59
181	118	59
398	313	941
400	313	941
399	314	941
401	314	941
402	314	941
403	314	941
405	314	941
404	315	941
359	245	31
359	246	31
359	247	31
359	248	31
359	249	31
359	250	31
359	251	31
359	244	31
359	252	31
365	246	28
365	247	28
365	248	28
364	249	28
363	250	28
363	251	28
365	245	28
363	252	28
462	117	33
461	118	33
463	116	33
371	69	35
370	70	35
370	71	35
370	72	35
370	73	35
372	68	35
370	74	35
171	317	59
171	318	59
171	319	59
172	320	59
173	321	59
173	322	59
173	323	59
173	324	59
173	325	59
173	326	59
173	327	59
171	316	59
173	328	59
170	330	0
171	330	0
167	331	0
168	331	0
169	331	0
165	332	0
166	332	0
163	333	0
164	333	0
161	334	0
162	334	0
172	329	0
160	334	0
623	80	0
622	81	0
337	316	0
337	317	0
337	318	0
337	319	0
139	193	56
139	194	56
139	195	56
139	196	56
138	197	56
136	198	56
137	198	56
135	199	56
133	200	56
134	200	56
139	192	56
132	201	56
416	28	0
416	29	0
417	30	0
415	27	0
418	31	0
496	114	5
496	115	5
496	116	5
496	117	5
496	118	5
495	119	5
495	120	5
494	121	5
493	122	5
496	113	5
492	123	5
454	22	940
455	23	940
456	24	940
457	24	940
458	25	940
459	25	940
460	26	940
461	26	940
462	27	940
463	27	940
464	27	940
465	27	940
466	28	940
467	29	940
468	29	940
469	30	940
195	245	59
196	245	59
197	246	59
198	246	59
199	247	59
200	247	59
201	248	59
202	248	59
203	249	59
204	249	59
205	249	59
207	249	59
206	250	59
208	250	59
209	250	59
210	250	59
211	250	59
212	250	59
213	250	59
214	251	59
215	251	59
216	251	59
217	251	59
218	251	59
219	252	59
220	252	59
222	252	59
223	252	59
221	253	59
194	245	59
224	253	59
303	26	0
303	27	0
303	28	0
303	29	0
303	30	0
303	31	0
303	32	0
322	22	1
323	22	1
321	23	1
320	24	1
319	25	1
317	26	1
318	26	1
315	27	1
316	27	1
314	28	1
314	29	1
312	30	1
313	30	1
311	31	1
324	21	1
310	32	1
182	119	4
182	120	4
183	121	4
183	122	4
184	123	4
185	124	4
186	125	4
181	118	4
187	126	4
276	331	32
277	332	32
278	333	32
278	334	32
279	335	32
280	336	32
281	337	32
282	338	32
283	339	32
284	339	32
285	340	32
286	340	32
287	341	32
288	341	32
289	341	32
290	342	32
291	342	32
292	342	32
293	342	32
294	342	32
295	342	32
297	342	32
299	342	32
301	342	32
296	343	32
298	343	32
300	343	32
302	343	32
303	343	32
304	343	32
305	343	32
306	343	32
308	343	32
307	344	32
309	344	32
310	344	32
311	344	32
312	344	32
314	344	32
316	344	32
313	345	32
315	345	32
317	345	32
318	345	32
320	345	32
319	346	32
321	346	32
322	346	32
323	346	32
324	347	32
325	347	32
326	347	32
327	347	32
328	348	32
329	348	32
276	330	32
330	348	32
216	375	0
214	376	0
215	376	0
198	377	0
200	377	0
202	377	0
203	377	0
205	377	0
207	377	0
208	377	0
210	377	0
212	377	0
213	377	0
196	378	0
197	378	0
199	378	0
201	378	0
204	378	0
206	378	0
209	378	0
211	378	0
195	379	0
193	380	0
194	380	0
192	381	0
190	382	0
191	382	0
189	383	0
188	384	0
217	374	0
187	385	0
298	244	24
299	244	24
300	244	24
301	245	24
302	245	24
303	245	24
304	246	24
305	246	24
306	247	24
307	247	24
308	247	24
309	247	24
310	247	24
311	247	24
312	247	24
313	247	24
314	247	24
315	247	24
316	247	24
317	247	24
319	247	24
318	248	24
320	248	24
321	248	24
322	248	24
323	249	24
324	249	24
325	249	24
326	250	24
327	250	24
328	250	24
330	250	24
329	251	24
331	251	24
333	251	24
332	252	24
334	252	24
336	252	24
338	252	24
340	252	24
342	252	24
344	252	24
346	252	24
348	252	24
350	252	24
352	252	24
354	252	24
356	252	24
335	253	24
337	253	24
339	253	24
341	253	24
343	253	24
345	253	24
347	253	24
349	253	24
351	253	24
353	253	24
355	253	24
357	253	24
358	253	24
297	243	24
359	252	24
360	253	29
361	253	29
362	253	29
359	252	29
363	252	29
223	303	59
224	304	59
224	305	59
225	306	59
225	307	59
226	308	59
226	309	59
227	310	59
228	310	59
229	311	59
229	312	59
230	313	59
230	314	59
231	315	59
232	316	59
233	316	59
234	317	59
235	318	59
236	319	59
237	319	59
238	320	59
239	321	59
223	302	59
240	322	59
68	181	7
67	182	7
67	183	7
66	184	7
66	185	7
65	186	7
65	187	7
64	188	7
64	189	7
63	190	7
63	191	7
62	192	7
62	193	7
61	194	7
61	195	7
60	196	7
60	197	7
59	198	7
60	199	7
60	200	7
61	201	7
61	202	7
62	203	7
62	204	7
69	180	7
63	205	7
392	386	0
393	386	0
394	386	0
395	386	0
397	386	0
398	386	0
389	387	0
390	387	0
391	387	0
396	387	0
388	388	0
387	389	0
385	390	0
386	390	0
384	391	0
383	392	0
382	393	0
377	394	0
378	394	0
379	394	0
380	394	0
381	394	0
399	385	0
400	387	8
400	386	8
401	388	8
171	200	55
171	201	55
171	202	55
171	203	55
171	204	55
171	199	55
172	205	55
173	198	53
174	198	53
175	198	53
176	198	53
177	198	53
178	198	53
179	198	53
180	198	53
181	198	53
182	198	53
183	198	53
184	198	53
185	198	53
186	199	53
187	200	53
188	201	53
189	202	53
190	203	53
191	203	53
192	204	53
172	198	53
192	205	53
255	193	0
255	194	0
256	195	0
257	196	0
257	197	0
257	198	0
258	199	0
258	200	0
259	201	0
259	202	0
260	203	0
260	204	0
255	192	0
71	106	59
71	107	59
70	108	59
70	109	59
69	110	59
69	111	59
68	112	59
68	113	59
67	114	59
67	115	59
66	116	59
66	117	59
65	118	59
66	119	59
65	120	59
66	121	59
66	122	59
67	123	59
67	124	59
68	125	59
68	126	59
69	127	59
69	128	59
70	129	59
70	130	59
72	105	59
71	131	59
325	322	0
324	323	0
330	321	40
331	322	40
332	323	40
336	321	1
334	322	1
335	322	1
337	320	1
333	323	1
371	388	6
370	389	6
551	82	0
550	83	0
549	84	0
601	83	0
600	84	0
610	83	0
611	84	0
612	83	0
613	83	0
611	84	0
614	84	0
301	307	0
302	308	0
303	309	0
304	310	0
305	311	0
306	311	0
307	312	0
308	313	0
309	314	0
310	314	0
311	315	0
312	316	0
313	316	0
314	317	0
315	318	0
316	319	0
318	319	0
317	320	0
319	320	0
320	321	0
321	321	0
322	322	0
323	323	0
300	307	0
324	323	0
618	82	2
620	82	2
621	82	2
615	83	2
616	83	2
617	83	2
619	83	2
622	81	2
614	84	2
132	255	59
134	255	59
136	255	59
138	255	59
140	255	59
142	255	59
143	255	59
144	255	59
145	255	59
146	255	59
147	255	59
148	255	59
149	255	59
127	256	59
128	256	59
129	256	59
130	256	59
131	256	59
133	256	59
135	256	59
137	256	59
139	256	59
141	256	59
122	257	59
124	257	59
125	257	59
126	257	59
120	258	59
121	258	59
123	258	59
118	259	59
119	259	59
67	260	59
68	260	59
69	260	59
70	260	59
71	260	59
72	260	59
73	260	59
74	260	59
75	260	59
76	260	59
77	260	59
78	260	59
79	260	59
80	260	59
81	260	59
82	260	59
83	260	59
84	260	59
85	260	59
86	260	59
87	260	59
88	260	59
89	260	59
90	260	59
91	260	59
92	260	59
93	260	59
94	260	59
95	260	59
96	260	59
97	260	59
98	260	59
99	260	59
100	260	59
101	260	59
102	260	59
103	260	59
104	260	59
105	260	59
106	260	59
107	260	59
108	260	59
109	260	59
110	260	59
111	260	59
112	260	59
113	260	59
114	260	59
115	260	59
116	260	59
117	260	59
150	254	59
66	260	59
297	273	4
296	274	4
295	275	4
294	276	4
293	277	4
292	278	4
291	279	4
290	280	4
289	281	4
288	282	4
287	283	4
286	284	4
298	272	4
285	285	4
138	292	0
139	292	0
140	292	0
141	292	0
142	292	0
143	292	0
144	292	0
145	292	0
146	293	0
147	294	0
148	294	0
149	295	0
150	296	0
151	296	0
137	292	0
152	296	0
249	22	57
250	22	57
251	23	57
252	23	57
253	24	57
254	24	57
255	25	57
256	26	57
257	26	57
258	27	57
259	27	57
260	27	57
261	28	57
262	28	57
263	28	57
264	28	57
265	28	57
266	29	57
267	29	57
268	29	57
269	29	57
270	29	57
271	30	57
272	30	57
274	30	57
273	31	57
275	31	57
276	31	57
277	31	57
278	32	57
279	32	57
280	32	57
281	32	57
282	32	57
283	32	57
284	32	57
285	32	57
286	32	57
287	32	57
288	32	57
289	32	57
290	32	57
291	32	57
292	32	57
293	32	57
294	32	57
295	32	57
296	32	57
297	33	57
298	33	57
299	33	57
300	33	57
301	34	57
248	21	57
302	33	57
305	33	0
307	33	0
308	33	0
304	34	0
306	34	0
309	32	0
303	33	0
364	253	0
365	254	0
366	254	0
367	255	0
363	252	0
368	255	0
91	370	59
91	371	59
91	372	59
91	373	59
91	374	59
91	375	59
91	376	59
91	377	59
92	378	59
93	379	59
94	379	59
95	380	59
96	380	59
97	381	59
98	381	59
99	382	59
100	382	59
101	383	59
102	383	59
103	384	59
104	384	59
105	385	59
106	385	59
120	385	59
125	385	59
127	385	59
128	385	59
129	385	59
130	385	59
132	385	59
134	385	59
136	385	59
184	385	59
185	385	59
107	386	59
108	386	59
117	386	59
119	386	59
121	386	59
122	386	59
123	386	59
124	386	59
126	386	59
131	386	59
133	386	59
135	386	59
137	386	59
138	386	59
139	386	59
140	386	59
142	386	59
144	386	59
182	386	59
183	386	59
109	387	59
110	387	59
111	387	59
112	387	59
113	387	59
114	387	59
115	387	59
116	387	59
118	387	59
141	387	59
143	387	59
145	387	59
146	387	59
147	387	59
149	387	59
151	387	59
153	387	59
155	387	59
180	387	59
181	387	59
148	388	59
150	388	59
152	388	59
154	388	59
156	388	59
157	388	59
158	388	59
159	388	59
161	388	59
178	388	59
179	388	59
160	389	59
162	389	59
163	389	59
164	389	59
166	389	59
168	389	59
170	389	59
172	389	59
174	389	59
176	389	59
177	389	59
165	390	59
167	390	59
169	390	59
171	390	59
173	390	59
175	390	59
91	369	59
186	384	59
370	27	13
370	28	13
370	29	13
371	30	13
371	31	13
372	32	13
373	33	13
374	34	13
370	26	13
375	35	13
328	323	41
329	324	41
330	325	41
387	28	18
389	28	18
390	28	18
385	29	18
386	29	18
388	29	18
384	30	18
383	31	18
381	32	18
382	32	18
379	33	18
380	33	18
377	34	18
378	34	18
376	35	18
407	28	11
407	29	11
407	30	11
407	31	11
407	32	11
407	33	11
407	34	11
407	27	11
420	31	9
421	31	9
422	31	9
423	32	9
424	33	9
425	34	9
419	31	9
426	35	9
428	33	0
427	34	0
426	35	0
400	389	0
400	390	0
401	388	0
623	82	0
624	83	0
624	84	0
622	81	0
369	256	2
368	255	2
370	257	2
371	252	3
370	253	3
372	253	3
369	254	3
372	254	3
372	255	3
371	256	3
368	255	3
370	257	3
325	324	41
326	325	41
324	323	41
326	326	41
331	325	0
332	324	0
330	325	0
484	31	940
483	32	940
483	33	940
481	34	940
482	34	940
480	35	940
130	202	57
128	203	57
129	203	57
124	204	57
126	204	57
127	204	57
64	205	57
65	205	57
66	205	57
67	205	57
68	205	57
69	205	57
70	205	57
71	205	57
72	205	57
73	205	57
74	205	57
75	205	57
76	205	57
77	205	57
78	205	57
79	205	57
80	205	57
81	205	57
82	205	57
83	205	57
84	205	57
85	205	57
86	205	57
87	205	57
88	205	57
89	205	57
90	205	57
91	205	57
92	205	57
93	205	57
94	205	57
95	205	57
96	205	57
97	205	57
98	205	57
99	205	57
100	205	57
101	205	57
102	205	57
103	205	57
104	205	57
105	205	57
106	205	57
107	205	57
108	205	57
109	205	57
110	205	57
111	205	57
112	205	57
113	205	57
114	205	57
115	205	57
116	205	57
117	205	57
118	205	57
119	205	57
120	205	57
121	205	57
122	205	57
123	205	57
125	205	57
131	201	57
63	205	57
310	34	1
311	35	1
312	36	1
310	33	1
527	82	11
529	82	11
531	82	11
526	83	11
528	83	11
530	83	11
532	83	11
533	83	11
534	83	11
535	83	11
536	83	11
537	83	11
538	84	11
539	84	11
540	84	11
541	84	11
542	84	11
544	84	11
545	84	11
547	84	11
548	84	11
543	85	11
546	85	11
549	84	11
168	368	57
166	369	57
167	369	57
113	370	57
128	370	57
130	370	57
132	370	57
134	370	57
136	370	57
138	370	57
140	370	57
142	370	57
144	370	57
163	370	57
164	370	57
165	370	57
114	371	57
115	371	57
116	371	57
117	371	57
118	371	57
119	371	57
120	371	57
121	371	57
122	371	57
123	371	57
124	371	57
125	371	57
126	371	57
127	371	57
129	371	57
131	371	57
133	371	57
135	371	57
137	371	57
139	371	57
141	371	57
143	371	57
145	371	57
146	371	57
147	371	57
149	371	57
159	371	57
161	371	57
162	371	57
148	372	57
150	372	57
151	372	57
152	372	57
153	372	57
154	372	57
155	372	57
156	372	57
157	372	57
158	372	57
160	372	57
169	368	57
112	370	57
561	85	9
562	85	9
563	85	9
560	86	9
559	87	9
558	88	9
564	86	9
557	89	9
593	84	0
594	84	0
592	85	0
595	85	0
596	86	0
340	320	37
342	320	37
343	320	37
344	320	37
345	320	37
346	320	37
347	320	37
348	320	37
350	320	37
351	320	37
352	320	37
353	320	37
339	321	37
341	321	37
349	321	37
354	321	37
356	321	37
355	322	37
357	322	37
358	322	37
359	323	37
360	324	37
361	325	37
362	326	37
338	320	37
363	327	37
366	325	0
365	326	0
364	327	0
434	21	7
435	22	7
436	23	7
436	24	7
436	25	7
437	26	7
438	27	7
439	28	7
440	29	7
441	30	7
442	31	7
443	32	7
444	32	7
445	33	7
446	34	7
447	35	7
448	35	7
449	35	7
450	36	7
452	36	7
451	37	7
453	37	7
454	37	7
433	20	7
455	37	7
64	226	59
64	227	59
63	228	59
63	229	59
62	230	59
62	231	59
61	232	59
61	233	59
60	234	59
60	235	59
59	236	59
59	237	59
58	238	59
58	239	59
57	240	59
57	241	59
57	242	59
57	243	59
57	244	59
58	245	59
58	246	59
59	247	59
59	248	59
60	249	59
60	250	59
61	251	59
61	252	59
62	253	59
62	254	59
63	255	59
63	256	59
64	257	59
64	258	59
65	259	59
65	225	59
66	260	59
263	115	3
264	115	3
262	116	3
261	117	3
259	118	3
260	118	3
258	119	3
257	120	3
255	121	3
256	121	3
254	122	3
253	123	3
252	124	3
250	125	3
251	125	3
249	126	3
248	127	3
246	128	3
247	128	3
245	129	3
244	130	3
242	131	3
243	131	3
265	114	3
241	132	3
455	388	2
456	388	2
454	389	2
453	390	2
452	391	2
452	392	2
456	38	0
455	37	0
362	328	33
361	329	33
360	330	33
358	331	33
359	331	33
354	332	33
355	332	33
356	332	33
357	332	33
348	333	33
350	333	33
351	333	33
352	333	33
353	333	33
344	334	33
346	334	33
347	334	33
349	334	33
341	335	33
342	335	33
343	335	33
345	335	33
340	336	33
339	337	33
337	338	33
338	338	33
336	339	33
335	340	33
334	341	33
334	342	33
333	343	33
333	344	33
332	345	33
331	346	33
331	347	33
363	327	33
330	348	33
391	38	14
390	39	14
390	40	14
238	132	5
239	132	5
240	132	5
232	133	5
234	133	5
235	133	5
236	133	5
237	133	5
228	134	5
230	134	5
231	134	5
233	134	5
226	135	5
227	135	5
229	135	5
201	136	5
202	136	5
204	136	5
206	136	5
212	136	5
214	136	5
216	136	5
218	136	5
220	136	5
221	136	5
222	136	5
223	136	5
224	136	5
225	136	5
203	137	5
205	137	5
207	137	5
208	137	5
209	137	5
210	137	5
211	137	5
213	137	5
215	137	5
217	137	5
219	137	5
241	132	5
200	136	5
568	85	10
566	86	10
567	86	10
569	86	10
565	86	10
174	205	55
175	205	55
176	205	55
177	205	55
178	205	55
179	205	55
180	205	55
181	206	55
182	206	55
183	207	55
188	207	55
189	207	55
190	207	55
184	208	55
186	208	55
187	208	55
185	209	55
173	205	55
191	206	55
329	326	0
328	327	0
330	325	0
327	327	0
359	57	9
359	58	9
360	59	9
360	60	9
361	61	9
362	62	9
363	62	9
364	63	9
365	64	9
358	56	9
366	65	9
598	85	1
597	86	1
599	85	1
596	86	1
241	323	8
242	324	8
243	325	8
244	326	8
244	327	8
244	328	8
240	322	8
244	329	8
338	393	940
339	393	940
340	393	940
341	393	940
336	394	940
337	394	940
521	129	2
520	130	2
519	131	2
519	132	2
519	133	2
518	134	2
393	40	14
391	41	14
392	41	14
390	40	14
58	337	0
57	338	0
56	339	0
55	340	0
54	341	0
53	342	0
52	343	0
51	344	0
50	345	0
49	346	0
48	347	0
47	348	0
46	349	0
45	350	0
44	351	0
43	352	0
42	353	0
41	354	0
40	355	0
39	356	0
38	357	0
37	358	0
36	359	0
35	360	0
34	361	0
33	362	0
32	363	0
31	364	0
30	365	0
29	366	0
28	367	0
27	368	0
26	369	0
25	370	0
24	371	0
23	372	0
22	373	0
21	374	0
20	375	0
19	376	0
18	377	0
17	378	0
16	379	0
15	380	0
14	381	0
13	382	0
12	383	0
11	384	0
10	385	0
9	386	0
8	387	0
7	388	0
6	389	0
5	390	0
4	391	0
3	392	0
2	393	0
1	394	0
59	336	0
426	36	0
427	37	0
427	38	0
428	39	0
428	40	0
429	41	0
426	35	0
429	42	0
479	37	0
479	38	0
479	39	0
479	40	0
480	41	0
480	42	0
215	390	940
215	391	940
212	392	940
214	392	940
210	393	940
211	393	940
213	393	940
208	394	940
209	394	940
495	41	0
494	40	0
522	83	20
487	84	20
488	84	20
489	84	20
490	84	20
491	84	20
492	84	20
520	84	20
521	84	20
486	85	20
493	85	20
495	85	20
519	85	20
484	86	20
485	86	20
494	86	20
496	86	20
497	86	20
498	86	20
500	86	20
514	86	20
518	86	20
483	87	20
499	87	20
501	87	20
502	87	20
503	87	20
504	87	20
505	87	20
507	87	20
509	87	20
511	87	20
512	87	20
513	87	20
515	87	20
516	87	20
517	87	20
506	88	20
508	88	20
510	88	20
483	88	20
118	24	59
119	24	59
116	25	59
117	25	59
114	26	59
115	26	59
112	27	59
113	27	59
110	28	59
111	28	59
108	29	59
109	29	59
106	30	59
107	30	59
104	31	59
105	31	59
102	32	59
103	32	59
100	33	59
101	33	59
98	34	59
99	34	59
96	35	59
97	35	59
94	36	59
95	36	59
92	37	59
93	37	59
91	38	59
90	39	59
90	40	59
90	41	59
90	42	59
120	23	59
90	43	59
369	392	0
368	393	0
367	394	0
370	391	0
371	392	9
372	392	9
373	393	9
374	393	9
375	394	9
370	391	9
384	41	0
382	42	0
383	42	0
385	42	0
386	41	0
70	132	59
70	133	59
69	134	59
69	135	59
71	131	59
70	136	59
388	41	14
389	41	14
387	42	14
390	40	14
386	41	14
577	86	0
575	87	0
576	87	0
574	88	0
188	126	5
189	126	5
190	127	5
191	128	5
192	129	5
193	130	5
194	131	5
195	132	5
196	133	5
197	134	5
198	134	5
199	135	5
187	126	5
200	136	5
453	394	0
454	394	0
452	393	0
610	86	0
609	87	0
611	85	0
608	88	0
199	312	57
199	313	57
199	314	57
199	315	57
200	316	57
200	317	57
199	318	57
200	319	57
200	320	57
200	321	57
200	322	57
201	323	57
201	324	57
201	325	57
201	326	57
201	327	57
201	328	57
201	329	57
199	311	57
201	330	57
229	188	55
229	189	55
229	190	55
229	191	55
229	192	55
228	193	55
227	194	55
226	195	55
225	196	55
224	197	55
222	198	55
223	198	55
221	199	55
220	200	55
220	201	55
219	202	55
219	203	55
219	204	55
218	205	55
217	206	55
217	207	55
216	208	55
216	209	55
229	187	55
215	210	55
439	44	0
440	45	0
441	45	0
442	45	0
443	46	0
444	46	0
445	46	0
446	47	0
438	45	0
447	48	0
492	125	5
493	126	5
493	127	5
494	128	5
495	129	5
496	130	5
497	131	5
498	131	5
499	132	5
500	133	5
502	133	5
501	134	5
503	134	5
505	134	5
515	134	5
504	135	5
506	135	5
507	135	5
508	135	5
509	135	5
510	135	5
511	135	5
512	135	5
513	135	5
514	135	5
516	135	5
517	135	5
491	124	5
518	134	5
349	175	12
350	176	12
351	177	12
351	178	12
351	179	12
271	252	0
271	253	0
271	254	0
271	255	0
271	256	0
271	257	0
271	258	0
271	259	0
268	260	0
269	260	0
270	260	0
271	251	0
493	41	1
491	42	1
492	42	1
490	43	1
494	40	1
489	44	1
334	197	940
336	197	940
338	197	940
332	198	940
333	198	940
335	198	940
337	198	940
339	198	940
341	198	940
340	199	940
342	199	940
343	200	940
345	200	940
344	201	940
346	201	940
347	202	940
348	203	940
349	204	940
350	204	940
351	204	940
352	205	940
353	206	940
354	206	940
355	206	940
376	206	940
377	206	940
356	207	940
358	207	940
375	207	940
357	208	940
359	208	940
361	208	940
373	208	940
374	208	940
360	209	940
362	209	940
363	209	940
364	209	940
365	209	940
366	209	940
368	209	940
370	209	940
371	209	940
372	209	940
367	210	940
369	210	940
132	203	59
132	204	59
132	205	59
132	206	59
132	207	59
132	208	59
132	209	59
132	210	59
132	202	59
601	86	0
602	87	0
603	87	0
604	87	0
606	87	0
605	88	0
600	85	0
607	88	0
193	207	55
194	207	55
196	207	55
195	208	55
197	208	55
198	208	55
199	208	55
200	208	55
202	208	55
204	208	55
206	208	55
208	208	55
201	209	55
203	209	55
205	209	55
207	209	55
209	209	55
210	209	55
211	209	55
212	209	55
213	209	55
214	210	55
192	206	55
215	210	55
189	250	59
189	251	59
189	252	59
189	253	59
189	254	59
187	255	59
188	255	59
152	256	59
186	256	59
153	257	59
154	257	59
184	257	59
185	257	59
155	258	59
156	258	59
182	258	59
183	258	59
157	259	59
158	259	59
180	259	59
181	259	59
159	260	59
176	260	59
178	260	59
179	260	59
160	261	59
161	261	59
166	261	59
168	261	59
169	261	59
170	261	59
171	261	59
172	261	59
173	261	59
174	261	59
175	261	59
177	261	59
162	262	59
163	262	59
164	262	59
165	262	59
167	262	59
189	249	59
151	255	59
442	79	27
444	79	27
446	79	27
438	80	27
439	80	27
440	80	27
441	80	27
443	80	27
445	80	27
447	80	27
448	80	27
449	80	27
450	80	27
451	80	27
452	80	27
454	80	27
437	81	27
453	81	27
455	81	27
456	81	27
457	81	27
458	81	27
459	81	27
460	82	27
461	82	27
462	82	27
463	83	27
464	83	27
465	83	27
466	84	27
467	84	27
468	84	27
469	85	27
470	85	27
471	85	27
472	86	27
473	86	27
474	87	27
476	87	27
475	88	27
477	88	27
478	89	27
479	89	27
480	89	27
481	89	27
482	89	27
436	80	27
483	88	27
550	85	10
551	86	10
552	87	10
553	87	10
554	88	10
555	88	10
556	89	10
549	84	10
557	89	10
498	106	3
497	107	3
497	108	3
497	109	3
497	110	3
499	105	3
497	111	3
191	342	59
191	343	59
191	344	59
191	345	59
191	346	59
191	347	59
191	348	59
191	349	59
192	350	59
192	351	59
193	352	59
194	352	59
195	353	59
195	354	59
196	355	59
197	356	59
198	357	59
199	358	59
200	359	59
200	360	59
201	361	59
202	361	59
203	362	59
204	363	59
205	363	59
206	363	59
207	364	59
208	365	59
209	366	59
210	367	59
211	367	59
212	368	59
213	369	59
214	370	59
215	371	59
216	371	59
217	372	59
217	373	59
191	341	59
217	374	59
567	89	10
569	89	10
571	89	10
572	89	10
573	89	10
568	90	10
570	90	10
566	88	10
574	88	10
216	211	4
217	212	4
218	213	4
215	210	4
219	214	4
375	37	18
374	38	18
374	39	18
374	40	18
375	41	18
375	42	18
376	43	18
377	43	18
378	43	18
379	44	18
375	36	18
418	33	12
418	34	12
418	35	12
418	36	12
418	37	12
418	38	12
419	39	12
420	40	12
421	41	12
422	42	12
424	42	12
423	43	12
425	43	12
427	43	12
428	43	12
426	44	12
418	32	12
429	42	12
558	90	10
557	89	10
559	91	10
430	43	4
431	43	4
432	44	4
433	44	4
434	44	4
435	44	4
436	44	4
437	44	4
429	42	4
438	45	4
479	43	3
479	44	3
480	42	3
481	43	2
482	43	2
483	43	2
484	44	2
485	44	2
486	44	2
487	44	2
480	42	2
488	44	2
412	263	941
413	264	941
414	264	941
415	264	941
524	84	16
523	85	16
522	86	16
521	87	16
521	88	16
520	89	16
520	90	16
520	91	16
519	92	16
339	54	36
341	54	36
343	54	36
345	54	36
348	54	36
350	54	36
319	55	36
321	55	36
323	55	36
325	55	36
327	55	36
328	55	36
329	55	36
330	55	36
331	55	36
332	55	36
333	55	36
334	55	36
335	55	36
336	55	36
337	55	36
338	55	36
340	55	36
342	55	36
344	55	36
346	55	36
347	55	36
349	55	36
351	55	36
352	55	36
354	55	36
355	55	36
356	55	36
317	56	36
318	56	36
320	56	36
322	56	36
324	56	36
326	56	36
353	56	36
316	57	36
314	58	36
315	58	36
312	59	36
313	59	36
311	60	36
357	56	36
310	61	36
563	90	10
564	90	10
561	91	10
562	91	10
565	89	10
560	91	10
224	255	59
224	256	59
224	257	59
224	258	59
224	259	59
224	260	59
224	261	59
224	262	59
224	263	59
224	264	59
224	265	59
224	266	59
224	254	59
356	211	35
355	212	35
354	213	35
353	214	35
353	215	35
352	216	35
609	90	0
610	91	0
608	89	0
611	92	0
163	194	59
163	195	59
163	196	59
163	197	59
163	198	59
163	199	59
163	200	59
163	201	59
163	202	59
163	203	59
163	204	59
163	205	59
163	206	59
163	207	59
163	208	59
163	209	59
163	210	59
163	211	59
164	212	59
165	213	59
166	214	59
167	215	59
168	216	59
163	193	59
169	217	59
172	207	55
172	208	55
172	209	55
172	210	55
172	211	55
171	212	55
171	213	55
170	214	55
170	215	55
170	216	55
172	206	55
169	217	55
296	265	39
297	265	39
295	266	39
298	266	39
296	267	39
298	267	39
297	268	39
297	268	39
154	73	1
153	74	1
152	75	1
151	76	1
150	77	1
150	78	1
149	79	1
149	80	1
148	81	1
148	82	1
148	83	1
148	84	1
148	85	1
148	86	1
148	87	1
147	88	1
147	89	1
147	90	1
146	91	1
146	92	1
155	72	1
145	93	1
131	313	59
131	314	59
131	315	59
131	316	59
131	317	59
132	318	59
133	319	59
134	319	59
135	320	59
136	320	59
137	321	59
138	322	59
139	322	59
140	323	59
141	324	59
142	324	59
143	325	59
144	325	59
145	326	59
146	327	59
147	327	59
148	327	59
149	328	59
150	328	59
151	329	59
152	329	59
153	330	59
154	331	59
155	331	59
156	332	59
157	332	59
158	333	59
159	333	59
131	312	59
160	334	59
400	9	0
399	8	0
448	47	0
449	47	0
450	47	0
447	48	0
399	267	9
398	268	9
397	269	9
186	127	0
185	128	0
184	129	0
183	130	0
182	131	0
181	132	0
180	133	0
179	134	0
178	135	0
177	136	0
177	137	0
187	126	0
177	138	0
239	323	0
238	324	0
237	325	0
236	326	0
236	327	0
236	328	0
236	329	0
236	330	0
236	331	0
236	332	0
236	333	0
240	322	0
236	334	0
371	258	27
372	259	27
374	259	27
373	260	27
375	260	27
376	261	27
377	261	27
378	262	27
379	262	27
380	262	27
381	263	27
382	263	27
384	263	27
383	264	27
385	264	27
387	264	27
386	265	27
388	265	27
389	266	27
390	266	27
391	267	27
392	267	27
393	268	27
394	268	27
396	268	27
395	269	27
370	257	27
397	269	27
430	48	964
431	48	964
