535	44	0
536	45	0
534	43	0
537	46	0
42	44	0
43	45	0
43	46	0
43	43	0
44	47	0
179	1	925
180	1	925
181	1	925
182	1	925
585	119	0
584	120	0
273	261	0
274	262	0
275	263	0
276	264	0
277	265	0
602	81	18
602	80	18
602	82	18
363	202	19
364	202	19
365	202	19
366	203	19
367	204	19
367	205	19
575	116	1
576	117	1
574	115	1
577	117	1
704	80	2
704	81	2
703	82	2
335	338	48
335	339	48
336	340	48
337	340	48
338	340	48
356	340	48
339	341	48
340	341	48
355	341	48
341	342	48
352	342	48
353	342	48
354	342	48
342	343	48
343	343	48
344	343	48
345	343	48
348	343	48
349	343	48
350	343	48
351	343	48
346	344	48
347	344	48
357	339	48
493	114	14
494	114	14
495	114	14
497	114	14
496	115	14
498	115	14
499	115	14
500	115	14
501	115	14
503	115	14
505	115	14
502	116	14
504	116	14
506	116	14
507	116	14
508	117	14
509	117	14
510	118	14
510	119	14
510	120	14
510	121	14
408	76	49
408	77	49
408	78	49
408	79	49
408	80	49
408	81	49
408	82	49
408	83	49
395	326	31
394	327	31
393	328	31
391	329	31
392	329	31
390	330	31
389	331	31
388	332	31
388	333	31
388	334	31
388	335	31
388	336	31
388	337	31
388	338	31
388	339	31
388	340	31
388	341	31
388	342	31
388	343	31
578	118	1
579	118	1
580	119	1
582	119	1
581	120	1
583	120	1
577	117	1
584	120	1
678	82	4
678	83	4
678	84	4
678	85	4
677	86	4
676	87	4
679	81	4
396	198	20
398	198	20
400	198	20
402	198	20
403	198	20
404	198	20
405	198	20
406	198	20
407	198	20
408	198	20
409	198	20
395	199	20
397	199	20
399	199	20
401	199	20
410	199	20
392	200	20
393	200	20
394	200	20
411	200	20
412	200	20
413	200	20
386	201	20
388	201	20
389	201	20
390	201	20
391	201	20
414	201	20
383	202	20
385	202	20
387	202	20
415	202	20
417	202	20
378	203	20
380	203	20
382	203	20
384	203	20
416	203	20
418	203	20
375	204	20
377	204	20
379	204	20
381	204	20
419	204	20
372	205	20
373	205	20
374	205	20
376	205	20
419	205	20
369	206	20
370	206	20
371	206	20
368	206	20
122	241	70
123	241	70
124	241	70
125	241	70
126	241	70
127	241	70
128	241	70
129	241	70
130	241	70
131	242	70
132	242	70
133	243	70
134	243	70
135	243	70
136	244	70
137	245	70
138	245	70
139	246	70
140	246	70
141	247	70
142	247	70
143	247	70
144	247	70
145	247	70
146	247	70
147	248	70
148	248	70
149	248	70
150	248	70
151	249	70
152	249	70
154	249	70
153	250	70
155	250	70
156	250	70
157	251	70
158	251	70
159	251	70
160	251	70
162	251	70
161	252	70
163	252	70
164	252	70
165	252	70
166	252	70
167	252	70
168	252	70
169	253	70
170	253	70
171	253	70
172	253	70
173	254	70
174	254	70
175	255	70
176	256	70
177	257	70
178	257	70
179	258	70
180	259	70
181	260	70
182	260	70
183	261	70
184	261	70
185	262	70
186	263	70
187	263	70
188	264	70
189	264	70
190	265	70
191	265	70
192	266	70
193	266	70
194	266	70
121	241	70
195	267	70
702	81	0
699	82	0
700	82	0
701	82	0
697	83	0
698	83	0
696	84	0
696	85	0
703	82	0
696	86	0
97	81	0
97	82	0
96	83	0
98	80	0
95	84	0
585	121	0
584	120	0
404	339	42
403	340	42
402	341	42
399	342	42
400	342	42
401	342	42
398	342	42
456	38	17
457	38	17
458	39	17
459	40	17
460	40	17
461	41	17
462	41	17
463	42	17
464	42	17
465	43	17
466	43	17
467	43	17
468	44	17
469	44	17
470	44	17
471	44	17
472	44	17
474	44	17
473	45	17
475	45	17
476	45	17
477	45	17
478	45	17
479	45	17
480	45	17
481	45	17
482	46	17
483	46	17
484	46	17
486	46	17
488	46	17
490	46	17
493	46	17
495	46	17
496	46	17
485	47	17
487	47	17
489	47	17
491	47	17
492	47	17
494	47	17
497	47	17
455	37	17
498	46	17
445	81	2
444	82	2
443	83	2
446	80	2
442	84	2
365	207	54
366	207	54
362	208	54
363	208	54
364	208	54
341	209	54
343	209	54
345	209	54
347	209	54
349	209	54
351	209	54
357	209	54
358	209	54
359	209	54
360	209	54
361	209	54
334	210	54
336	210	54
337	210	54
338	210	54
339	210	54
340	210	54
342	210	54
344	210	54
346	210	54
348	210	54
350	210	54
352	210	54
353	210	54
354	210	54
355	210	54
356	210	54
331	211	54
333	211	54
335	211	54
329	212	54
330	212	54
332	212	54
367	206	54
328	213	54
536	47	1
535	48	1
537	46	1
276	266	0
276	267	0
275	268	0
274	269	0
277	265	0
273	270	0
212	202	0
212	203	0
213	204	0
211	201	0
302	1	14
304	1	14
306	1	14
308	1	14
300	2	14
301	2	14
303	2	14
305	2	14
307	2	14
309	2	14
310	2	14
298	3	14
299	3	14
311	3	14
312	3	14
296	4	14
297	4	14
313	4	14
295	5	14
318	1	0
316	2	0
317	2	0
315	3	0
314	4	0
719	82	0
720	82	0
721	82	0
717	83	0
718	83	0
722	83	0
716	84	0
715	85	0
381	74	40
382	75	40
383	76	40
384	76	40
385	77	40
386	77	40
387	78	40
388	79	40
389	79	40
390	80	40
391	80	40
392	80	40
393	81	40
394	81	40
396	81	40
395	82	40
397	82	40
398	82	40
399	82	40
400	82	40
401	83	40
402	83	40
403	83	40
404	83	40
405	83	40
406	83	40
407	84	40
380	73	40
408	83	40
370	39	0
369	38	0
371	40	0
396	343	16
396	344	16
397	342	16
395	345	16
715	86	0
716	87	0
715	85	0
145	1	4
146	1	4
148	1	4
147	2	4
149	2	4
150	2	4
152	2	4
151	3	4
153	3	4
154	3	4
156	3	4
155	4	4
157	4	4
158	4	4
159	5	4
164	1	0
163	2	0
162	3	0
161	4	0
160	5	0
172	391	925
174	391	925
168	392	925
169	392	925
170	392	925
171	392	925
173	392	925
175	392	925
176	392	925
166	393	925
167	393	925
177	393	925
178	393	925
163	394	925
164	394	925
165	394	925
179	394	925
180	394	925
181	394	925
603	83	18
604	83	18
608	83	18
605	84	18
606	84	18
607	84	18
602	82	18
609	82	18
615	82	1
610	83	1
611	83	1
613	83	1
614	83	1
612	84	1
609	82	1
388	267	39
387	268	39
386	269	39
386	270	39
386	271	39
374	105	49
373	106	49
375	106	49
376	106	49
377	106	49
378	106	49
380	106	49
379	107	49
381	107	49
382	107	49
383	107	49
384	107	49
385	107	49
386	107	49
387	108	49
388	108	49
389	108	49
390	108	49
391	108	49
393	108	49
395	108	49
397	108	49
399	108	49
400	108	49
401	108	49
402	108	49
403	108	49
404	108	49
405	108	49
406	108	49
407	108	49
408	108	49
409	108	49
410	108	49
411	108	49
412	108	49
413	108	49
414	108	49
415	108	49
416	108	49
417	108	49
418	108	49
420	108	49
422	108	49
424	108	49
392	109	49
394	109	49
396	109	49
398	109	49
419	109	49
421	109	49
423	109	49
425	109	49
426	109	49
427	109	49
428	109	49
429	110	49
430	110	49
432	110	49
431	111	49
433	111	49
434	111	49
435	111	49
436	111	49
437	112	49
438	112	49
439	113	49
440	113	49
442	113	49
441	114	49
443	114	49
444	115	49
445	115	49
446	115	49
447	116	49
448	116	49
449	116	49
450	117	49
451	118	49
452	118	49
453	118	49
454	118	49
455	119	49
456	119	49
457	120	49
458	120	49
460	120	49
459	121	49
461	121	49
463	121	49
462	122	49
464	122	49
465	122	49
466	122	49
467	122	49
468	122	49
508	122	49
509	122	49
469	123	49
470	123	49
471	123	49
472	123	49
474	123	49
494	123	49
495	123	49
496	123	49
497	123	49
498	123	49
499	123	49
500	123	49
501	123	49
502	123	49
503	123	49
504	123	49
505	123	49
506	123	49
507	123	49
473	124	49
475	124	49
476	124	49
478	124	49
488	124	49
490	124	49
491	124	49
492	124	49
493	124	49
477	125	49
479	125	49
480	125	49
481	125	49
482	125	49
484	125	49
486	125	49
487	125	49
489	125	49
483	126	49
485	126	49
372	105	49
510	121	49
307	269	925
309	269	925
310	269	925
305	270	925
306	270	925
308	270	925
304	271	925
389	344	0
390	344	0
391	345	0
392	345	0
393	346	0
388	343	0
394	346	0
538	47	1
539	48	1
540	48	1
541	48	1
542	49	1
545	49	1
546	49	1
547	49	1
548	49	1
543	50	1
544	50	1
549	50	1
550	50	1
551	51	1
537	46	1
515	36	0
516	36	0
514	36	0
476	52	24
477	52	24
478	52	24
475	53	24
474	54	24
473	55	24
473	56	24
472	57	24
261	1	7
262	1	7
264	1	7
266	1	7
263	2	7
265	2	7
267	2	7
268	2	7
269	2	7
270	2	7
271	2	7
272	2	7
274	2	7
276	2	7
278	2	7
273	3	7
275	3	7
277	3	7
279	3	7
280	3	7
281	3	7
282	3	7
283	3	7
284	3	7
286	3	7
285	4	7
287	4	7
288	4	7
289	4	7
290	4	7
294	4	7
291	5	7
292	5	7
293	5	7
295	5	7
124	201	74
125	201	74
126	201	74
127	201	74
128	201	74
129	201	74
130	201	74
131	201	74
132	201	74
133	201	74
134	201	74
135	201	74
136	201	74
137	201	74
138	201	74
139	201	74
140	201	74
141	202	74
142	202	74
143	203	74
144	203	74
145	204	74
146	204	74
148	204	74
147	205	74
149	205	74
150	206	74
151	206	74
152	206	74
153	207	74
154	207	74
155	208	74
156	208	74
157	209	74
158	209	74
159	209	74
160	210	74
161	210	74
162	210	74
163	211	74
164	211	74
123	201	74
165	212	74
701	85	2
702	85	2
703	85	2
700	86	2
698	87	2
699	87	2
704	84	2
697	88	2
353	252	47
353	253	47
353	254	47
353	255	47
353	256	47
354	257	47
354	258	47
354	259	47
355	260	47
355	261	47
356	262	47
357	263	47
358	264	47
359	265	47
360	266	47
361	267	47
362	267	47
363	268	47
365	268	47
364	269	47
366	269	47
368	269	47
370	269	47
367	270	47
369	270	47
371	270	47
372	270	47
373	270	47
374	271	47
375	271	47
376	271	47
377	271	47
378	271	47
379	271	47
380	271	47
383	271	47
381	272	47
382	272	47
384	272	47
385	272	47
353	251	47
386	271	47
693	52	2
694	52	2
695	52	2
696	52	2
692	53	2
691	54	2
690	55	2
690	56	2
689	57	2
689	58	2
356	2	0
355	3	0
354	4	0
353	5	0
352	6	0
706	83	2
707	84	2
709	84	2
714	84	2
708	85	2
710	85	2
711	85	2
712	85	2
713	85	2
705	84	2
715	85	2
340	121	5
341	122	5
342	122	5
343	123	5
344	123	5
345	124	5
346	125	5
339	120	5
94	84	66
92	85	66
93	85	66
89	86	66
90	86	66
91	86	66
87	87	66
88	87	66
86	88	66
84	89	66
85	89	66
83	90	66
82	91	66
81	92	66
80	93	66
79	94	66
78	95	66
77	96	66
76	97	66
75	98	66
73	99	66
74	99	66
72	100	66
70	101	66
71	101	66
68	102	66
69	102	66
66	103	66
67	103	66
50	104	66
51	104	66
52	104	66
53	104	66
54	104	66
55	104	66
56	104	66
57	104	66
58	104	66
59	104	66
60	104	66
61	104	66
62	104	66
63	104	66
64	104	66
65	104	66
95	84	66
49	104	66
340	1	0
341	2	0
342	2	0
343	3	0
344	3	0
346	3	0
345	4	0
347	4	0
348	4	0
349	5	0
350	5	0
351	6	0
352	6	0
403	4	925
404	4	925
405	4	925
406	4	925
407	4	925
408	4	925
409	4	925
410	4	925
412	4	925
411	5	925
413	5	925
414	5	925
415	6	925
441	85	0
441	86	0
442	84	0
441	87	0
448	80	40
449	81	40
450	81	40
451	82	40
451	83	40
451	84	40
451	85	40
451	86	40
447	79	40
451	87	40
567	109	4
568	110	4
569	111	4
570	111	4
571	112	4
572	112	4
566	108	4
573	113	4
49	303	74
48	304	74
48	305	74
47	306	74
47	307	74
46	308	74
46	309	74
45	310	74
45	311	74
44	312	74
44	313	74
43	314	74
43	315	74
42	316	74
42	317	74
41	318	74
41	319	74
40	320	74
40	321	74
39	322	74
39	323	74
38	324	74
38	325	74
37	326	74
37	327	74
36	328	74
36	329	74
35	330	74
35	331	74
35	332	74
35	333	74
35	334	74
36	335	74
36	336	74
37	337	74
37	338	74
38	339	74
38	340	74
39	341	74
39	342	74
40	343	74
40	344	74
41	345	74
41	346	74
42	347	74
42	348	74
43	349	74
43	350	74
50	302	74
44	351	74
596	83	17
598	83	17
600	83	17
601	83	17
593	84	17
595	84	17
597	84	17
599	84	17
590	85	17
592	85	17
594	85	17
585	86	17
587	86	17
588	86	17
589	86	17
591	86	17
580	87	17
581	87	17
582	87	17
583	87	17
584	87	17
586	87	17
573	88	17
574	88	17
575	88	17
576	88	17
577	88	17
578	88	17
579	88	17
602	82	17
572	89	17
43	227	74
44	227	74
45	227	74
46	227	74
47	227	74
48	227	74
49	227	74
50	227	74
51	227	74
52	227	74
53	227	74
54	227	74
55	227	74
56	227	74
57	227	74
58	227	74
59	227	74
60	227	74
61	227	74
62	227	74
63	227	74
64	227	74
65	227	74
66	227	74
67	227	74
68	227	74
69	227	74
70	227	74
71	228	74
72	228	74
74	228	74
73	229	74
75	229	74
76	229	74
77	229	74
79	229	74
78	230	74
80	230	74
81	230	74
82	230	74
83	230	74
84	231	74
85	231	74
86	232	74
87	232	74
88	233	74
89	233	74
90	233	74
91	234	74
92	234	74
93	235	74
94	235	74
95	236	74
96	236	74
97	236	74
98	237	74
99	237	74
100	237	74
101	238	74
102	238	74
103	238	74
104	239	74
105	239	74
106	239	74
107	239	74
108	239	74
109	239	74
110	239	74
111	239	74
112	239	74
113	239	74
114	239	74
115	239	74
116	239	74
42	227	74
117	239	74
499	47	3
500	48	3
501	48	3
502	49	3
503	50	3
504	51	3
505	51	3
506	52	3
508	52	3
514	52	3
507	53	3
509	53	3
510	53	3
511	53	3
512	53	3
513	53	3
515	53	3
498	46	3
516	53	3
452	16	0
453	17	0
452	15	0
720	86	925
721	86	925
396	347	25
397	348	25
398	349	25
399	350	25
395	346	25
195	268	74
195	269	74
195	270	74
195	271	74
194	272	74
193	273	74
192	274	74
191	275	74
190	276	74
195	267	74
189	277	74
429	8	35
430	9	35
48	105	72
47	106	72
47	107	72
46	108	72
46	109	72
45	110	72
45	111	72
44	112	72
44	113	72
43	114	72
43	115	72
42	116	72
42	117	72
42	118	72
42	119	72
42	120	72
43	121	72
43	122	72
44	123	72
44	124	72
45	125	72
45	126	72
46	127	72
46	128	72
47	129	72
49	104	72
48	130	72
472	1	16
470	2	16
471	2	16
469	3	16
468	4	16
467	5	16
466	6	16
465	7	16
462	8	16
463	8	16
464	8	16
459	9	16
461	9	16
458	10	16
460	10	16
456	11	16
457	11	16
455	12	16
454	13	16
453	14	16
452	15	16
281	39	65
281	40	65
282	41	65
283	42	65
284	43	65
284	44	65
285	45	65
285	46	65
286	47	65
287	48	65
288	49	65
289	50	65
290	51	65
291	52	65
292	53	65
293	54	65
280	38	65
161	7	10
162	8	10
163	9	10
160	6	10
164	10	10
130	128	0
138	128	0
131	129	0
132	129	0
133	129	0
134	129	0
135	129	0
136	129	0
137	129	0
129	127	0
139	127	0
172	209	74
285	209	74
287	209	74
289	209	74
291	209	74
293	209	74
295	209	74
173	210	74
282	210	74
284	210	74
286	210	74
288	210	74
290	210	74
292	210	74
294	210	74
296	210	74
297	210	74
298	210	74
299	210	74
300	210	74
302	210	74
174	211	74
175	211	74
276	211	74
277	211	74
278	211	74
279	211	74
280	211	74
281	211	74
283	211	74
301	211	74
303	211	74
304	211	74
305	211	74
306	211	74
308	211	74
310	211	74
176	212	74
177	212	74
273	212	74
274	212	74
275	212	74
307	212	74
309	212	74
311	212	74
313	212	74
315	212	74
317	212	74
322	212	74
324	212	74
326	212	74
178	213	74
268	213	74
270	213	74
271	213	74
272	213	74
312	213	74
314	213	74
316	213	74
318	213	74
319	213	74
320	213	74
321	213	74
323	213	74
325	213	74
179	214	74
180	214	74
267	214	74
269	214	74
181	215	74
182	215	74
266	215	74
183	216	74
184	216	74
263	216	74
264	216	74
265	216	74
185	217	74
262	217	74
186	218	74
187	218	74
260	218	74
261	218	74
188	219	74
208	219	74
210	219	74
212	219	74
214	219	74
259	219	74
189	220	74
190	220	74
203	220	74
205	220	74
207	220	74
209	220	74
211	220	74
213	220	74
215	220	74
216	220	74
217	220	74
218	220	74
219	220	74
220	220	74
222	220	74
224	220	74
226	220	74
258	220	74
191	221	74
192	221	74
193	221	74
194	221	74
195	221	74
196	221	74
197	221	74
198	221	74
199	221	74
200	221	74
201	221	74
202	221	74
204	221	74
206	221	74
221	221	74
223	221	74
225	221	74
227	221	74
228	221	74
229	221	74
230	221	74
231	221	74
232	221	74
233	221	74
234	221	74
235	221	74
237	221	74
239	221	74
241	221	74
243	221	74
245	221	74
254	221	74
255	221	74
256	221	74
257	221	74
236	222	74
238	222	74
240	222	74
242	222	74
244	222	74
246	222	74
247	222	74
248	222	74
249	222	74
250	222	74
251	222	74
252	222	74
253	222	74
171	208	74
327	213	74
118	247	74
118	248	74
118	249	74
118	250	74
118	251	74
118	252	74
118	253	74
118	254	74
118	255	74
118	256	74
118	257	74
118	258	74
118	259	74
118	260	74
118	261	74
118	262	74
118	263	74
118	264	74
118	265	74
118	266	74
118	267	74
118	268	74
118	269	74
118	270	74
119	271	74
120	272	74
121	273	74
122	273	74
123	274	74
124	275	74
125	276	74
126	276	74
127	277	74
128	277	74
178	277	74
179	277	74
180	277	74
181	277	74
182	277	74
183	277	74
184	277	74
185	277	74
186	277	74
187	277	74
129	278	74
176	278	74
177	278	74
130	279	74
132	279	74
171	279	74
173	279	74
174	279	74
175	279	74
131	280	74
133	280	74
134	280	74
136	280	74
164	280	74
165	280	74
166	280	74
167	280	74
168	280	74
169	280	74
170	280	74
172	280	74
135	281	74
137	281	74
139	281	74
156	281	74
158	281	74
160	281	74
161	281	74
162	281	74
163	281	74
138	282	74
140	282	74
142	282	74
144	282	74
146	282	74
148	282	74
150	282	74
151	282	74
152	282	74
153	282	74
154	282	74
155	282	74
157	282	74
159	282	74
141	283	74
143	283	74
145	283	74
147	283	74
149	283	74
118	246	74
188	277	74
652	54	2
653	55	2
655	52	0
654	53	0
654	54	0
653	55	0
280	158	62
280	159	62
280	160	62
280	161	62
280	162	62
280	163	62
280	164	62
280	157	62
296	6	14
297	7	14
297	8	14
298	9	14
299	10	14
295	5	14
300	11	14
301	10	0
300	11	0
185	340	0
185	341	0
185	342	0
185	343	0
185	344	0
185	345	0
185	346	0
186	347	0
186	348	0
186	349	0
187	350	0
188	351	0
189	352	0
190	353	0
185	339	0
297	342	10
296	343	10
297	344	10
297	345	10
297	346	10
297	347	10
297	348	10
297	349	10
297	350	10
297	351	10
297	352	10
297	353	10
297	354	10
329	4	9
328	5	9
328	6	9
327	7	9
326	8	9
325	9	9
325	10	9
324	11	9
323	12	9
201	265	72
203	265	72
196	266	72
197	266	72
198	266	72
199	266	72
200	266	72
202	266	72
204	266	72
195	267	72
680	82	2
681	83	2
682	83	2
683	84	2
684	84	2
685	85	2
686	86	2
688	86	2
687	87	2
689	87	2
690	87	2
694	87	2
691	88	2
692	88	2
693	88	2
679	81	2
695	87	2
425	10	33
426	10	33
427	10	33
423	11	33
424	11	33
428	11	33
429	10	33
387	272	35
388	273	35
389	274	35
390	274	35
391	275	35
392	275	35
393	276	35
394	277	35
395	277	35
396	277	35
397	277	35
399	277	35
401	277	35
403	277	35
405	277	35
408	277	35
410	277	35
398	278	35
400	278	35
402	278	35
404	278	35
406	278	35
407	278	35
409	278	35
411	278	35
412	278	35
386	271	35
560	117	7
560	118	7
560	119	7
560	120	7
560	121	7
561	122	7
560	123	7
561	124	7
562	125	7
563	126	7
564	127	7
565	128	7
566	129	7
567	130	7
560	116	7
409	84	48
410	84	48
412	84	48
414	84	48
416	84	48
411	85	48
413	85	48
415	85	48
417	85	48
418	85	48
419	85	48
420	86	48
421	86	48
422	86	48
423	86	48
424	86	48
426	86	48
428	86	48
430	86	48
425	87	48
427	87	48
429	87	48
431	87	48
432	87	48
433	87	48
435	87	48
434	88	48
436	88	48
437	88	48
438	88	48
440	88	48
439	89	48
408	83	48
441	87	48
314	6	25
315	7	25
316	8	25
317	9	25
318	10	25
319	10	25
320	11	25
321	12	25
314	5	25
322	12	25
245	335	72
245	336	72
245	337	72
246	338	72
247	339	72
248	340	72
249	341	72
250	341	72
251	342	72
252	342	72
253	343	72
254	344	72
255	344	72
256	345	72
257	346	72
258	346	72
260	346	72
262	346	72
259	347	72
261	347	72
263	347	72
264	347	72
265	347	72
267	347	72
266	348	72
268	348	72
269	348	72
270	348	72
271	348	72
273	348	72
272	349	72
274	349	72
276	349	72
275	350	72
277	350	72
278	350	72
279	350	72
280	351	72
281	351	72
282	352	72
283	352	72
284	352	72
285	353	72
286	353	72
288	353	72
287	354	72
289	354	72
290	354	72
292	354	72
293	354	72
291	355	72
294	355	72
295	355	72
245	334	72
296	355	72
328	215	52
328	216	52
328	217	52
328	218	52
328	214	52
654	56	0
653	55	0
570	88	35
571	88	35
563	89	35
564	89	35
565	89	35
566	89	35
567	89	35
568	89	35
569	89	35
558	90	35
560	90	35
561	90	35
562	90	35
557	91	35
559	91	35
555	92	35
556	92	35
552	93	35
553	93	35
554	93	35
551	94	35
550	95	35
547	96	35
548	96	35
549	96	35
486	97	35
546	97	35
485	98	35
487	98	35
489	98	35
542	98	35
544	98	35
545	98	35
488	99	35
490	99	35
492	99	35
494	99	35
496	99	35
539	99	35
541	99	35
543	99	35
491	100	35
493	100	35
495	100	35
497	100	35
499	100	35
501	100	35
503	100	35
532	100	35
534	100	35
536	100	35
538	100	35
540	100	35
498	101	35
500	101	35
502	101	35
504	101	35
505	101	35
506	101	35
507	101	35
508	101	35
509	101	35
510	101	35
511	101	35
512	101	35
513	101	35
514	101	35
515	101	35
516	101	35
517	101	35
518	101	35
519	101	35
520	101	35
521	101	35
522	101	35
523	101	35
524	101	35
525	101	35
526	101	35
527	101	35
528	101	35
529	101	35
530	101	35
531	101	35
533	101	35
535	101	35
537	101	35
572	89	35
484	97	35
223	108	74
223	109	74
223	110	74
223	111	74
221	112	74
222	112	74
220	113	74
219	114	74
218	115	74
216	116	74
217	116	74
215	117	74
214	118	74
213	119	74
212	120	74
211	121	74
210	122	74
208	123	74
209	123	74
207	124	74
206	125	74
204	126	74
205	126	74
203	127	74
203	128	74
202	129	74
200	130	74
201	130	74
223	107	74
199	131	74
127	53	74
126	54	74
128	54	74
129	54	74
130	55	74
131	55	74
132	56	74
133	57	74
134	57	74
125	55	74
135	58	74
298	356	0
297	355	0
299	357	0
442	88	6
443	89	6
448	89	6
449	89	6
444	90	6
445	90	6
446	90	6
447	90	6
441	87	6
450	88	6
314	349	8
313	350	8
311	351	8
312	351	8
309	352	8
310	352	8
307	353	8
308	353	8
305	354	8
306	354	8
303	355	8
304	355	8
300	356	8
301	356	8
302	356	8
299	357	8
439	50	23
441	50	23
438	51	23
440	51	23
442	51	23
444	51	23
443	52	23
445	52	23
446	52	23
447	52	23
448	53	23
449	53	23
450	53	23
451	54	23
452	54	23
453	54	23
455	54	23
454	55	23
456	55	23
458	55	23
460	55	23
463	55	23
466	55	23
457	56	23
459	56	23
461	56	23
462	56	23
464	56	23
465	56	23
467	56	23
468	56	23
469	57	23
470	57	23
471	57	23
273	272	63
273	273	63
273	274	63
273	275	63
273	276	63
273	277	63
273	278	63
274	279	63
272	280	63
273	280	63
273	271	63
651	56	15
652	56	15
650	57	15
653	55	15
282	10	65
282	11	65
282	12	65
282	13	65
282	14	65
282	15	65
105	321	71
105	322	71
105	323	71
105	324	71
105	325	71
105	326	71
105	327	71
105	328	71
105	329	71
105	330	71
105	331	71
105	332	71
104	333	71
103	334	71
102	335	71
101	336	71
100	337	71
99	338	71
98	339	71
97	340	71
96	341	71
95	342	71
94	343	71
93	344	71
92	345	71
91	346	71
90	347	71
90	348	71
90	349	71
90	350	71
90	351	71
90	352	71
90	353	71
90	354	71
90	355	71
90	356	71
90	357	71
90	358	71
105	320	71
90	359	71
447	220	0
448	221	0
453	216	37
452	217	37
451	218	37
450	219	37
450	220	37
449	221	37
714	90	925
715	91	925
716	91	925
171	205	74
171	206	74
171	207	74
172	204	74
171	208	74
94	4	74
95	4	74
96	4	74
92	5	74
93	5	74
97	5	74
98	5	74
90	6	74
91	6	74
99	6	74
100	6	74
88	7	74
89	7	74
101	7	74
102	7	74
87	8	74
103	8	74
86	9	74
104	9	74
86	10	74
104	10	74
86	11	74
104	11	74
86	12	74
104	12	74
86	13	74
104	13	74
86	14	74
104	14	74
86	15	74
104	15	74
86	16	74
86	17	74
104	16	74
86	18	74
572	90	2
572	91	2
572	92	2
572	89	2
644	75	0
646	75	0
648	75	0
645	76	0
647	76	0
649	76	0
650	76	0
651	76	0
652	77	0
653	77	0
654	77	0
655	77	0
656	77	0
657	77	0
658	77	0
660	77	0
662	77	0
664	77	0
665	77	0
667	77	0
668	77	0
669	77	0
670	77	0
671	77	0
672	77	0
673	77	0
674	77	0
659	78	0
661	78	0
663	78	0
666	78	0
643	74	0
675	76	0
138	56	73
140	56	73
136	57	73
137	57	73
139	57	73
141	57	73
142	57	73
143	58	73
144	59	73
145	59	73
146	60	73
135	58	73
147	61	73
140	128	73
141	128	73
142	128	73
143	129	73
144	129	73
145	129	73
146	130	73
147	130	73
148	130	73
149	131	73
150	131	73
194	131	73
196	131	73
151	132	73
152	132	73
153	132	73
190	132	73
192	132	73
193	132	73
195	132	73
197	132	73
154	133	73
155	133	73
157	133	73
160	133	73
162	133	73
187	133	73
189	133	73
191	133	73
156	134	73
158	134	73
159	134	73
161	134	73
163	134	73
164	134	73
165	134	73
166	134	73
167	134	73
168	134	73
169	134	73
170	134	73
171	134	73
172	134	73
173	134	73
174	134	73
175	134	73
176	134	73
177	134	73
179	134	73
180	134	73
181	134	73
182	134	73
183	134	73
184	134	73
185	134	73
186	134	73
188	134	73
178	135	73
139	127	73
198	131	73
442	80	38
441	81	38
441	82	38
441	83	38
442	79	38
442	84	38
431	11	37
432	11	37
433	12	37
434	12	37
435	13	37
436	13	37
437	14	37
438	14	37
439	14	37
440	14	37
441	14	37
442	14	37
443	14	37
444	14	37
446	14	37
447	14	37
448	14	37
449	14	37
451	14	37
445	15	37
450	15	37
430	10	37
452	15	37
164	213	69
162	214	69
163	214	69
160	215	69
161	215	69
158	216	69
159	216	69
156	217	69
157	217	69
155	218	69
153	219	69
154	219	69
152	220	69
150	221	69
151	221	69
149	222	69
147	223	69
148	223	69
146	224	69
144	225	69
145	225	69
142	226	69
143	226	69
123	227	69
124	227	69
125	227	69
126	227	69
127	227	69
128	227	69
129	227	69
130	227	69
131	227	69
132	227	69
133	227	69
134	227	69
135	227	69
136	227	69
137	227	69
138	227	69
139	227	69
140	227	69
141	227	69
165	212	69
122	227	69
453	88	9
452	89	9
454	89	9
456	89	9
455	90	9
457	90	9
458	90	9
459	90	9
460	90	9
462	90	9
461	91	9
463	91	9
464	91	9
466	91	9
465	92	9
467	92	9
468	92	9
469	93	9
470	93	9
472	93	9
471	94	9
473	94	9
451	88	9
474	94	9
134	337	74
134	338	74
134	339	74
134	340	74
134	341	74
134	342	74
134	343	74
134	344	74
134	345	74
134	346	74
134	347	74
134	348	74
133	349	74
132	350	74
131	351	74
130	352	74
129	353	74
128	354	74
127	355	74
126	356	74
125	357	74
124	358	74
123	359	74
122	360	74
121	361	74
134	336	74
120	362	74
508	37	4
507	36	4
272	15	64
274	15	64
275	15	64
276	15	64
278	15	64
280	15	64
270	16	64
271	16	64
273	16	64
277	16	64
279	16	64
281	16	64
269	17	64
267	18	64
268	18	64
265	19	64
266	19	64
282	15	64
264	20	64
452	281	9
451	282	9
450	283	9
449	284	9
448	285	9
479	92	35
480	92	35
481	92	35
475	93	35
476	93	35
477	93	35
478	93	35
482	93	35
483	94	35
484	95	35
484	96	35
474	94	35
484	97	35
554	161	926
555	161	926
556	162	926
557	162	926
558	163	926
559	164	926
560	165	926
561	166	926
562	167	926
77	156	73
76	157	73
76	158	73
75	159	73
75	160	73
74	161	73
74	162	73
74	163	73
73	164	73
73	165	73
72	166	73
72	167	73
72	168	73
72	169	73
72	170	73
72	171	73
72	172	73
72	173	73
72	174	73
72	175	73
72	176	73
72	177	73
72	178	73
72	179	73
72	180	73
72	181	73
72	182	73
72	183	73
72	184	73
72	185	73
118	363	0
119	362	0
117	364	0
270	269	69
268	270	69
269	270	69
271	270	69
267	271	69
263	272	69
265	272	69
266	272	69
262	273	69
264	273	69
260	274	69
261	274	69
258	275	69
259	275	69
257	276	69
256	277	69
254	278	69
255	278	69
253	279	69
252	280	69
251	281	69
250	282	69
249	283	69
249	284	69
248	285	69
248	286	69
272	270	69
248	287	69
429	278	9
430	279	9
431	280	9
432	280	9
433	280	9
434	280	9
435	281	9
437	281	9
436	282	9
438	282	9
439	282	9
440	283	9
441	284	9
442	284	9
443	285	9
444	285	9
446	285	9
447	285	9
445	286	9
448	285	9
448	223	0
448	224	0
449	222	0
448	225	0
122	203	55
122	204	55
122	205	55
122	206	55
122	207	55
122	208	55
122	209	55
122	210	55
122	211	55
122	212	55
121	213	55
121	214	55
121	215	55
121	216	55
121	217	55
121	218	55
121	219	55
121	220	55
121	221	55
121	222	55
121	223	55
121	224	55
121	225	55
122	202	55
121	226	55
475	95	35
476	96	35
477	96	35
478	97	35
479	97	35
480	98	35
481	98	35
482	98	35
483	98	35
474	94	35
484	97	35
48	189	2
47	190	2
47	191	2
46	192	2
46	193	2
45	194	2
45	195	2
44	196	2
44	197	2
43	198	2
43	199	2
42	200	2
42	201	2
41	202	2
41	203	2
40	204	2
40	205	2
39	206	2
39	207	2
38	208	2
38	209	2
37	210	2
37	211	2
36	212	2
36	213	2
36	214	2
37	215	2
36	216	2
37	217	2
37	218	2
38	219	2
38	220	2
39	221	2
39	222	2
40	223	2
40	224	2
41	225	2
41	226	2
49	188	2
42	227	2
93	360	74
94	360	74
95	360	74
96	360	74
97	360	74
98	360	74
99	360	74
100	360	74
101	360	74
102	360	74
103	360	74
104	360	74
105	360	74
106	360	74
107	360	74
108	360	74
109	361	74
110	361	74
111	362	74
112	362	74
113	363	74
114	363	74
116	363	74
115	364	74
92	360	74
117	364	74
128	128	58
127	129	58
49	130	58
50	130	58
51	130	58
52	130	58
53	130	58
54	130	58
55	130	58
56	130	58
57	130	58
58	130	58
59	130	58
60	130	58
61	130	58
62	130	58
63	130	58
64	130	58
65	130	58
66	130	58
67	130	58
68	130	58
69	130	58
70	130	58
71	130	58
125	130	58
126	130	58
72	131	58
73	131	58
124	131	58
74	132	58
75	132	58
76	132	58
122	132	58
123	132	58
77	133	58
78	133	58
120	133	58
121	133	58
79	134	58
80	134	58
118	134	58
119	134	58
81	135	58
82	135	58
116	135	58
117	135	58
83	136	58
84	136	58
92	136	58
94	136	58
114	136	58
115	136	58
85	137	58
86	137	58
87	137	58
88	137	58
89	137	58
90	137	58
91	137	58
93	137	58
95	137	58
96	137	58
97	137	58
98	137	58
99	137	58
100	137	58
101	137	58
112	137	58
113	137	58
102	138	58
103	138	58
104	138	58
105	138	58
106	138	58
108	138	58
110	138	58
111	138	58
107	139	58
109	139	58
129	127	58
48	130	58
698	89	2
699	90	2
700	91	2
700	92	2
700	93	2
700	94	2
700	95	2
701	96	2
702	97	2
703	98	2
697	88	2
704	99	2
148	60	62
149	61	62
150	61	62
151	61	62
152	62	62
153	62	62
154	62	62
155	62	62
156	62	62
157	62	62
159	62	62
161	62	62
312	62	62
313	62	62
314	62	62
315	62	62
316	62	62
158	63	62
160	63	62
162	63	62
163	63	62
164	63	62
165	63	62
308	63	62
310	63	62
311	63	62
166	64	62
219	64	62
221	64	62
223	64	62
225	64	62
226	64	62
227	64	62
228	64	62
229	64	62
230	64	62
231	64	62
232	64	62
233	64	62
234	64	62
235	64	62
236	64	62
237	64	62
238	64	62
240	64	62
242	64	62
244	64	62
246	64	62
248	64	62
250	64	62
252	64	62
254	64	62
256	64	62
304	64	62
306	64	62
307	64	62
309	64	62
167	65	62
168	65	62
169	65	62
170	65	62
208	65	62
210	65	62
211	65	62
212	65	62
213	65	62
214	65	62
215	65	62
216	65	62
217	65	62
218	65	62
220	65	62
222	65	62
224	65	62
239	65	62
241	65	62
243	65	62
245	65	62
247	65	62
249	65	62
251	65	62
253	65	62
255	65	62
257	65	62
258	65	62
259	65	62
260	65	62
261	65	62
262	65	62
264	65	62
266	65	62
267	65	62
269	65	62
272	65	62
303	65	62
305	65	62
171	66	62
172	66	62
173	66	62
174	66	62
176	66	62
197	66	62
199	66	62
201	66	62
202	66	62
203	66	62
204	66	62
205	66	62
206	66	62
207	66	62
209	66	62
263	66	62
265	66	62
268	66	62
270	66	62
271	66	62
273	66	62
274	66	62
275	66	62
276	66	62
277	66	62
278	66	62
279	66	62
281	66	62
286	66	62
297	66	62
298	66	62
299	66	62
300	66	62
301	66	62
302	66	62
175	67	62
177	67	62
178	67	62
179	67	62
180	67	62
181	67	62
182	67	62
184	67	62
186	67	62
188	67	62
190	67	62
192	67	62
194	67	62
196	67	62
198	67	62
200	67	62
280	67	62
282	67	62
283	67	62
284	67	62
285	67	62
287	67	62
288	67	62
289	67	62
290	67	62
291	67	62
292	67	62
293	67	62
294	67	62
295	67	62
296	67	62
183	68	62
185	68	62
187	68	62
189	68	62
191	68	62
193	68	62
195	68	62
147	61	62
317	61	62
204	267	74
204	268	74
204	269	74
204	270	74
205	271	74
205	272	74
206	273	74
207	274	74
207	275	74
208	276	74
208	277	74
209	278	74
210	279	74
211	280	74
212	281	74
213	282	74
214	282	74
215	283	74
216	284	74
217	285	74
218	285	74
219	286	74
220	287	74
221	287	74
222	288	74
223	288	74
244	288	74
245	288	74
246	288	74
224	289	74
225	289	74
240	289	74
241	289	74
242	289	74
243	289	74
226	290	74
227	290	74
228	290	74
230	290	74
232	290	74
234	290	74
235	290	74
236	290	74
237	290	74
238	290	74
239	290	74
229	291	74
231	291	74
233	291	74
204	266	74
247	288	74
449	286	9
450	286	9
451	287	9
452	288	9
448	285	9
142	340	69
142	341	69
142	342	69
142	343	69
142	344	69
142	345	69
142	346	69
142	347	69
142	348	69
142	349	69
142	350	69
143	351	69
144	351	69
145	352	69
145	353	69
146	354	69
147	355	69
148	355	69
149	356	69
150	357	69
151	358	69
152	359	69
153	360	69
154	361	69
155	362	69
156	363	69
157	364	69
158	365	69
142	339	69
159	366	69
517	55	3
518	56	3
518	57	3
519	58	3
519	59	3
520	60	3
520	61	3
520	62	3
517	54	3
521	63	3
705	98	0
704	99	0
299	12	63
299	13	63
298	14	63
298	15	63
298	16	63
298	17	63
300	11	63
298	18	63
299	358	8
300	359	8
300	360	8
301	361	8
301	362	8
302	363	8
302	364	8
303	365	8
303	366	8
299	357	8
304	367	8
468	364	4
466	365	4
467	365	4
465	366	4
465	367	4
247	139	67
246	140	67
245	141	67
244	142	67
243	143	67
199	133	74
200	134	74
201	135	74
201	136	74
202	137	74
203	138	74
203	139	74
203	140	74
204	141	74
204	142	74
205	143	74
199	132	74
205	144	74
249	289	0
250	290	0
248	288	0
251	291	0
390	61	41
389	62	41
389	63	41
389	64	41
156	313	74
156	314	74
156	315	74
156	316	74
156	317	74
156	318	74
156	319	74
157	320	74
157	321	74
157	322	74
157	323	74
157	324	74
157	325	74
157	326	74
157	327	74
157	328	74
157	329	74
156	312	74
157	330	74
337	99	51
338	99	51
324	100	51
331	100	51
333	100	51
334	100	51
335	100	51
336	100	51
339	100	51
318	101	51
320	101	51
321	101	51
322	101	51
323	101	51
325	101	51
326	101	51
327	101	51
328	101	51
329	101	51
330	101	51
332	101	51
304	102	51
306	102	51
307	102	51
309	102	51
311	102	51
312	102	51
313	102	51
314	102	51
315	102	51
316	102	51
317	102	51
319	102	51
299	103	51
301	103	51
302	103	51
303	103	51
305	103	51
308	103	51
310	103	51
293	104	51
294	104	51
295	104	51
296	104	51
297	104	51
298	104	51
300	104	51
227	105	51
229	105	51
231	105	51
232	105	51
233	105	51
234	105	51
236	105	51
238	105	51
239	105	51
240	105	51
241	105	51
243	105	51
245	105	51
247	105	51
284	105	51
286	105	51
288	105	51
289	105	51
290	105	51
291	105	51
292	105	51
224	106	51
225	106	51
226	106	51
228	106	51
230	106	51
235	106	51
237	106	51
242	106	51
244	106	51
246	106	51
248	106	51
249	106	51
250	106	51
251	106	51
252	106	51
253	106	51
254	106	51
255	106	51
256	106	51
257	106	51
258	106	51
260	106	51
262	106	51
264	106	51
266	106	51
279	106	51
281	106	51
283	106	51
285	106	51
287	106	51
259	107	51
261	107	51
263	107	51
265	107	51
267	107	51
268	107	51
269	107	51
270	107	51
271	107	51
272	107	51
273	107	51
274	107	51
275	107	51
276	107	51
277	107	51
278	107	51
280	107	51
282	107	51
340	101	51
223	107	51
353	7	7
354	7	7
355	8	7
356	9	7
357	10	7
358	11	7
359	11	7
360	12	7
361	13	7
362	13	7
419	13	7
363	14	7
364	14	7
365	14	7
366	14	7
368	14	7
370	14	7
418	14	7
367	15	7
369	15	7
371	15	7
373	15	7
375	15	7
417	15	7
372	16	7
374	16	7
376	16	7
378	16	7
380	16	7
382	16	7
384	16	7
415	16	7
416	16	7
377	17	7
379	17	7
381	17	7
383	17	7
385	17	7
386	17	7
387	17	7
388	17	7
389	17	7
390	17	7
391	17	7
392	17	7
393	17	7
394	17	7
396	17	7
398	17	7
400	17	7
405	17	7
407	17	7
409	17	7
411	17	7
412	17	7
413	17	7
414	17	7
395	18	7
397	18	7
399	18	7
401	18	7
402	18	7
403	18	7
404	18	7
406	18	7
408	18	7
410	18	7
352	6	7
237	142	69
239	142	69
235	143	69
236	143	69
238	143	69
240	143	69
241	143	69
234	144	69
242	144	69
233	145	69
232	146	69
230	147	69
231	147	69
229	148	69
228	149	69
243	143	69
227	150	69
244	144	67
243	143	67
245	145	67
250	141	69
249	142	69
248	143	69
247	144	69
246	145	69
283	291	0
282	292	0
303	368	0
302	369	0
301	370	0
304	367	0
204	145	0
203	146	0
205	144	0
466	369	4
467	370	4
465	368	4
323	14	19
323	15	19
324	16	19
324	17	19
325	18	19
323	13	19
160	367	0
161	368	0
162	369	0
163	370	0
164	371	0
164	372	0
159	366	0
164	373	0
305	368	45
306	369	45
307	370	45
308	370	45
309	371	45
310	372	45
304	367	45
311	373	45
316	369	5
315	370	5
314	371	5
312	372	5
313	372	5
311	373	5
288	141	59
289	142	59
290	143	59
291	144	59
292	145	59
293	146	59
294	147	59
295	148	59
296	149	59
305	140	0
306	140	0
304	141	0
303	142	0
302	143	0
301	144	0
300	145	0
299	146	0
298	147	0
297	148	0
307	139	0
296	149	0
308	140	1
308	141	1
309	142	1
310	143	1
311	144	1
312	145	1
313	146	1
314	147	1
315	148	1
307	139	1
358	340	46
360	340	46
359	341	46
361	341	46
362	341	46
364	341	46
363	342	46
365	342	46
366	342	46
367	342	46
368	342	46
369	342	46
370	342	46
371	343	46
372	343	46
373	343	46
374	343	46
375	343	46
376	343	46
378	343	46
380	343	46
382	343	46
384	343	46
386	343	46
377	344	46
379	344	46
381	344	46
383	344	46
385	344	46
387	344	46
357	339	46
388	343	46
253	291	69
254	291	69
255	291	69
256	291	69
267	291	69
268	291	69
269	291	69
270	291	69
272	291	69
257	292	69
258	292	69
259	292	69
260	292	69
261	292	69
262	292	69
263	292	69
264	292	69
265	292	69
266	292	69
271	292	69
273	292	69
274	292	69
275	292	69
276	292	69
277	293	69
279	293	69
280	293	69
278	294	69
252	291	69
281	293	69
158	367	74
157	368	74
156	369	74
155	370	74
156	371	74
157	372	74
158	373	74
159	374	74
159	366	74
160	375	74
446	226	0
447	226	0
444	227	0
445	227	0
442	228	0
443	228	0
441	229	0
440	230	0
438	231	0
439	231	0
448	225	0
437	232	0
251	16	71
252	16	71
253	16	71
254	16	71
255	16	71
256	16	71
257	16	71
248	17	71
249	17	71
250	17	71
258	17	71
259	17	71
246	18	71
247	18	71
260	18	71
261	18	71
243	19	71
244	19	71
245	19	71
262	19	71
263	19	71
241	20	71
242	20	71
240	21	71
239	22	71
264	20	71
238	23	71
206	145	74
207	146	74
208	147	74
209	148	74
210	148	74
211	148	74
212	149	74
213	149	74
214	149	74
215	149	74
216	149	74
218	149	74
219	149	74
220	149	74
221	149	74
222	149	74
223	149	74
224	149	74
225	149	74
226	149	74
217	150	74
205	144	74
227	150	74
312	374	43
311	373	43
301	242	5
301	243	5
301	244	5
301	245	5
301	246	5
301	247	5
300	248	5
299	249	5
297	250	5
298	250	5
296	251	5
295	252	5
292	253	5
294	253	5
291	254	5
293	254	5
289	255	5
290	255	5
288	256	5
287	257	5
286	258	5
284	259	5
285	259	5
283	260	5
282	261	5
281	262	5
279	263	5
280	263	5
278	264	5
301	241	5
277	265	5
449	226	34
450	227	34
451	227	34
452	228	34
453	229	34
454	230	34
455	231	34
456	231	34
457	232	34
458	232	34
448	225	34
459	233	34
464	230	4
462	231	4
463	231	4
461	232	4
460	233	4
162	374	0
163	374	0
161	375	0
164	373	0
160	375	0
433	232	47
431	233	47
432	233	47
434	233	47
435	233	47
428	234	47
430	234	47
427	235	47
429	235	47
426	236	47
424	237	47
425	237	47
422	238	47
423	238	47
421	239	47
417	240	47
418	240	47
419	240	47
420	240	47
372	241	47
374	241	47
375	241	47
376	241	47
377	241	47
378	241	47
379	241	47
380	241	47
381	241	47
382	241	47
383	241	47
384	241	47
386	241	47
388	241	47
414	241	47
416	241	47
368	242	47
369	242	47
370	242	47
371	242	47
373	242	47
385	242	47
387	242	47
389	242	47
390	242	47
391	242	47
392	242	47
393	242	47
394	242	47
395	242	47
396	242	47
398	242	47
400	242	47
402	242	47
404	242	47
406	242	47
409	242	47
411	242	47
413	242	47
415	242	47
366	243	47
367	243	47
397	243	47
399	243	47
401	243	47
403	243	47
405	243	47
407	243	47
408	243	47
410	243	47
412	243	47
364	244	47
365	244	47
362	245	47
363	245	47
360	246	47
361	246	47
358	247	47
359	247	47
357	248	47
355	249	47
356	249	47
354	250	47
436	232	47
353	251	47
227	151	68
227	152	68
227	153	68
227	150	68
227	154	68
246	147	0
247	148	0
248	149	0
249	150	0
250	151	0
251	152	0
252	153	0
245	146	0
295	150	0
294	151	0
293	152	0
292	153	0
296	149	0
291	154	0
283	16	65
284	16	65
285	17	65
286	17	65
287	18	65
288	18	65
289	19	65
290	19	65
291	20	65
282	15	65
292	21	65
467	248	0
468	248	0
41	259	8
40	260	8
40	261	8
39	262	8
39	263	8
38	264	8
38	265	8
37	266	8
37	267	8
36	268	8
36	269	8
35	270	8
36	271	8
35	272	8
36	273	8
35	274	8
36	275	8
36	276	8
37	277	8
37	278	8
38	279	8
38	280	8
39	281	8
39	282	8
40	283	8
40	284	8
41	285	8
41	286	8
42	287	8
42	288	8
43	289	8
43	290	8
44	291	8
44	292	8
45	293	8
45	294	8
46	295	8
46	296	8
47	297	8
47	298	8
48	299	8
48	300	8
49	301	8
42	258	8
50	302	8
513	37	0
513	38	0
512	39	0
514	36	0
189	279	74
189	280	74
189	281	74
189	282	74
189	283	74
189	284	74
189	285	74
189	286	74
189	287	74
189	288	74
188	289	74
187	290	74
186	291	74
185	292	74
184	293	74
183	294	74
182	295	74
182	296	74
181	297	74
181	298	74
180	299	74
180	300	74
179	301	74
189	278	74
178	302	74
463	368	0
461	369	0
462	369	0
460	370	0
459	371	0
457	372	0
458	372	0
456	373	0
455	374	0
454	375	0
464	368	0
103	17	0
101	18	0
102	18	0
87	19	0
88	19	0
89	19	0
90	19	0
99	19	0
100	19	0
91	20	0
92	20	0
97	20	0
98	20	0
93	21	0
94	21	0
95	21	0
96	21	0
104	16	0
86	18	0
226	155	3
225	156	3
227	154	3
337	53	53
338	54	53
339	55	53
340	55	53
341	56	53
342	57	53
343	58	53
344	58	53
345	59	53
346	60	53
346	61	53
346	62	53
346	63	53
346	64	53
346	65	53
336	52	53
346	66	53
296	19	3
297	19	3
295	20	3
294	21	3
298	18	3
293	21	3
342	99	53
344	99	53
346	99	53
347	99	53
348	99	53
349	99	53
350	99	53
351	99	53
352	99	53
353	99	53
341	100	53
343	100	53
345	100	53
354	100	53
356	100	53
358	100	53
355	101	53
357	101	53
359	101	53
360	102	53
361	102	53
340	101	53
362	103	53
283	294	60
284	295	60
285	295	60
286	295	60
287	295	60
288	296	60
289	297	60
290	298	60
290	299	60
291	300	60
292	300	60
293	301	60
294	301	60
295	302	60
282	293	60
296	303	60
298	302	0
297	303	0
508	60	5
509	60	5
510	60	5
511	60	5
512	60	5
507	61	5
513	61	5
505	62	5
506	62	5
514	62	5
504	63	5
515	63	5
502	64	5
503	64	5
516	64	5
501	65	5
517	65	5
501	66	5
518	66	5
476	20	942
477	20	942
470	21	942
472	21	942
473	21	942
474	21	942
475	21	942
469	22	942
471	22	942
464	23	942
465	23	942
466	23	942
467	23	942
468	23	942
463	24	942
461	25	942
462	25	942
120	228	74
120	229	74
119	230	74
119	231	74
119	232	74
118	233	74
118	234	74
118	235	74
118	236	74
118	237	74
121	227	74
118	238	74
490	236	926
490	237	926
174	302	74
171	303	74
172	303	74
173	303	74
175	303	74
176	303	74
168	304	74
169	304	74
170	304	74
165	305	74
166	305	74
167	305	74
164	306	74
162	307	74
163	307	74
160	308	74
161	308	74
159	309	74
157	310	74
158	310	74
177	303	74
156	311	74
118	365	74
119	366	74
119	367	74
120	368	74
121	369	74
122	369	74
123	370	74
124	371	74
125	372	74
126	373	74
127	374	74
128	375	74
129	376	74
130	377	74
131	378	74
132	379	74
133	380	74
134	381	74
117	364	74
134	382	74
228	155	3
228	156	3
229	157	3
228	158	3
229	159	3
230	160	3
230	161	3
231	162	3
227	154	3
116	248	74
116	249	74
116	250	74
116	251	74
116	252	74
116	253	74
116	254	74
116	255	74
116	256	74
116	257	74
116	258	74
116	259	74
116	260	74
116	261	74
116	262	74
116	263	74
116	264	74
116	265	74
116	266	74
116	267	74
115	268	74
113	269	74
114	269	74
112	270	74
110	271	74
111	271	74
109	272	74
108	273	74
107	274	74
106	275	74
105	276	74
104	277	74
103	278	74
102	279	74
100	280	74
101	280	74
99	281	74
98	282	74
96	283	74
97	283	74
95	284	74
94	285	74
93	286	74
93	287	74
93	288	74
93	289	74
93	290	74
93	291	74
93	292	74
93	293	74
93	294	74
93	295	74
93	296	74
93	297	74
93	298	74
93	299	74
93	300	74
93	301	74
93	302	74
93	303	74
93	304	74
93	305	74
116	247	74
93	306	74
628	101	5
578	102	5
580	102	5
582	102	5
584	102	5
627	102	5
576	103	5
577	103	5
579	103	5
581	103	5
583	103	5
585	103	5
586	103	5
587	103	5
620	103	5
622	103	5
623	103	5
624	103	5
625	103	5
626	103	5
572	104	5
574	104	5
575	104	5
588	104	5
589	104	5
590	104	5
591	104	5
592	104	5
593	104	5
594	104	5
595	104	5
596	104	5
597	104	5
619	104	5
621	104	5
570	105	5
571	105	5
573	105	5
598	105	5
599	105	5
616	105	5
617	105	5
618	105	5
569	106	5
600	106	5
601	106	5
602	106	5
604	106	5
606	106	5
608	106	5
610	106	5
612	106	5
614	106	5
615	106	5
567	107	5
568	107	5
603	107	5
605	107	5
607	107	5
609	107	5
611	107	5
613	107	5
566	108	5
164	12	74
164	13	74
163	14	74
163	15	74
163	16	74
163	17	74
163	18	74
163	19	74
163	20	74
163	21	74
163	22	74
163	23	74
164	11	74
163	24	74
297	305	2
297	304	2
248	375	74
247	376	74
246	377	74
245	378	74
244	379	74
244	380	74
244	381	74
244	382	74
244	383	74
447	381	926
447	382	926
51	302	74
52	302	74
53	302	74
54	302	74
55	302	74
56	302	74
57	302	74
58	302	74
59	302	74
60	302	74
61	302	74
62	302	74
63	302	74
64	302	74
65	302	74
66	302	74
67	302	74
68	302	74
69	302	74
70	302	74
71	303	74
72	303	74
73	303	74
74	303	74
76	303	74
77	303	74
78	303	74
79	303	74
80	303	74
81	303	74
82	303	74
75	304	74
83	304	74
84	304	74
85	304	74
86	304	74
87	305	74
88	305	74
89	306	74
90	306	74
91	306	74
50	302	74
92	307	74
251	293	68
251	294	68
251	295	68
251	296	68
251	297	68
251	298	68
251	299	68
251	300	68
251	301	68
251	302	68
250	303	68
251	304	68
251	305	68
251	306	68
251	292	68
461	235	4
462	236	4
463	237	4
464	237	4
470	237	4
465	238	4
469	238	4
466	239	4
467	239	4
468	239	4
460	234	4
119	240	0
118	239	0
120	241	0
286	235	74
288	235	74
290	235	74
292	235	74
281	236	74
283	236	74
284	236	74
285	236	74
287	236	74
289	236	74
291	236	74
293	236	74
294	236	74
278	237	74
280	237	74
282	237	74
295	237	74
296	237	74
274	238	74
276	238	74
277	238	74
279	238	74
297	238	74
273	239	74
275	239	74
298	239	74
299	239	74
269	240	74
271	240	74
272	240	74
300	240	74
268	241	74
270	241	74
265	242	74
266	242	74
267	242	74
262	243	74
263	243	74
264	243	74
260	244	74
261	244	74
257	245	74
258	245	74
259	245	74
255	246	74
256	246	74
251	247	74
252	247	74
253	247	74
254	247	74
301	241	74
250	248	74
522	65	0
522	66	0
521	64	0
521	67	0
45	47	74
46	47	74
47	47	74
48	47	74
49	47	74
50	47	74
51	47	74
52	47	74
53	47	74
54	47	74
55	47	74
56	47	74
57	47	74
58	47	74
59	47	74
60	47	74
61	47	74
62	47	74
63	47	74
64	47	74
65	47	74
66	47	74
67	48	74
68	48	74
69	49	74
70	50	74
71	50	74
72	51	74
73	51	74
74	52	74
75	53	74
76	54	74
77	55	74
78	56	74
79	57	74
80	58	74
81	59	74
82	60	74
83	61	74
84	62	74
85	63	74
86	64	74
87	65	74
88	65	74
89	65	74
90	66	74
91	66	74
92	66	74
93	67	74
94	67	74
44	47	74
95	68	74
536	166	927
536	167	927
121	54	65
123	54	65
124	54	65
119	55	65
120	55	65
122	55	65
117	56	65
118	56	65
115	57	65
116	57	65
113	58	65
114	58	65
111	59	65
112	59	65
110	60	65
108	61	65
109	61	65
106	62	65
107	62	65
104	63	65
105	63	65
102	64	65
103	64	65
101	65	65
99	66	65
100	66	65
97	67	65
98	67	65
125	55	65
96	68	65
337	46	58
336	47	58
337	48	58
336	49	58
336	50	58
336	51	58
336	52	58
437	234	27
437	235	27
437	236	27
438	237	27
438	238	27
439	239	27
440	240	27
437	233	27
572	168	926
573	168	926
147	309	71
149	309	71
151	309	71
152	309	71
145	310	71
146	310	71
148	310	71
150	310	71
153	310	71
154	310	71
143	311	71
144	311	71
141	312	71
142	312	71
139	313	71
140	313	71
137	314	71
138	314	71
135	315	71
136	315	71
132	316	71
133	316	71
134	316	71
129	317	71
130	317	71
131	317	71
127	318	71
128	318	71
124	319	71
125	319	71
126	319	71
123	320	71
122	321	71
155	311	71
122	322	71
372	98	49
372	99	49
372	100	49
372	101	49
372	102	49
372	103	49
372	104	49
372	105	49
135	383	0
136	383	0
138	383	0
140	383	0
137	384	0
139	384	0
141	384	0
142	384	0
143	384	0
144	384	0
134	382	0
145	385	0
159	376	0
157	377	0
158	377	0
155	378	0
156	378	0
153	379	0
154	379	0
152	380	0
150	381	0
151	381	0
148	382	0
149	382	0
147	383	0
146	384	0
160	375	0
145	385	0
165	374	72
166	374	72
167	374	72
169	374	72
170	374	72
172	374	72
173	374	72
175	374	72
168	375	72
171	375	72
174	375	72
176	375	72
177	375	72
178	375	72
179	375	72
180	375	72
181	375	72
182	375	72
183	375	72
184	375	72
185	375	72
187	375	72
189	375	72
191	375	72
193	375	72
195	375	72
186	376	72
188	376	72
190	376	72
192	376	72
194	376	72
196	376	72
197	376	72
198	376	72
199	376	72
200	376	72
201	376	72
203	376	72
202	377	72
204	377	72
206	377	72
205	378	72
207	378	72
208	379	72
209	379	72
210	379	72
211	380	72
212	380	72
214	380	72
213	381	72
215	381	72
216	381	72
217	381	72
218	382	72
220	382	72
222	382	72
231	382	72
233	382	72
219	383	72
221	383	72
223	383	72
224	383	72
225	383	72
226	383	72
227	383	72
228	383	72
229	383	72
230	383	72
232	383	72
234	383	72
235	383	72
236	383	72
237	383	72
238	383	72
239	383	72
240	383	72
241	383	72
242	383	72
243	384	72
164	373	72
244	383	72
211	191	70
211	192	70
211	193	70
211	194	70
211	195	70
211	196	70
211	197	70
211	198	70
212	199	70
211	190	70
211	200	70
291	156	59
291	157	59
291	158	59
291	159	59
291	160	59
291	161	59
292	162	59
292	163	59
292	164	59
292	165	59
292	166	59
293	167	59
293	168	59
292	169	59
292	170	59
293	171	59
291	155	59
224	20	62
215	21	62
218	21	62
220	21	62
221	21	62
222	21	62
223	21	62
225	21	62
227	21	62
206	22	62
208	22	62
211	22	62
212	22	62
213	22	62
214	22	62
216	22	62
217	22	62
219	22	62
226	22	62
228	22	62
230	22	62
198	23	62
200	23	62
202	23	62
203	23	62
204	23	62
205	23	62
207	23	62
209	23	62
210	23	62
229	23	62
231	23	62
232	23	62
233	23	62
234	23	62
235	23	62
170	24	62
171	24	62
172	24	62
174	24	62
176	24	62
178	24	62
187	24	62
189	24	62
191	24	62
193	24	62
195	24	62
197	24	62
199	24	62
201	24	62
236	24	62
237	24	62
173	25	62
175	25	62
177	25	62
179	25	62
180	25	62
181	25	62
182	25	62
183	25	62
184	25	62
185	25	62
186	25	62
188	25	62
190	25	62
192	25	62
194	25	62
196	25	62
169	23	62
238	23	62
589	170	3
589	171	3
589	172	3
588	173	3
587	173	0
588	173	0
105	17	74
106	17	74
107	17	74
108	17	74
109	17	74
110	17	74
111	17	74
112	17	74
113	17	74
114	17	74
116	17	74
118	17	74
120	17	74
122	17	74
124	17	74
115	18	74
117	18	74
119	18	74
121	18	74
123	18	74
125	18	74
126	18	74
127	19	74
128	20	74
129	20	74
130	20	74
131	20	74
133	20	74
132	21	74
134	21	74
135	21	74
136	21	74
138	21	74
137	22	74
139	22	74
140	22	74
141	22	74
142	22	74
143	22	74
144	22	74
146	22	74
148	22	74
145	23	74
147	23	74
149	23	74
150	23	74
152	23	74
154	23	74
151	24	74
153	24	74
155	24	74
156	24	74
157	24	74
158	24	74
160	24	74
159	25	74
161	25	74
162	25	74
104	16	74
163	24	74
149	158	74
148	159	74
147	160	74
146	161	74
145	162	74
144	163	74
143	164	74
143	165	74
143	166	74
143	167	74
143	168	74
143	169	74
143	170	74
143	171	74
143	172	74
143	173	74
143	174	74
143	175	74
277	156	70
278	156	70
274	157	70
276	157	70
273	158	70
275	158	70
271	159	70
272	159	70
270	160	70
269	161	70
267	162	70
268	162	70
266	163	70
265	164	70
264	165	70
263	166	70
262	167	70
260	168	70
261	168	70
259	169	70
258	170	70
257	171	70
255	172	70
256	172	70
254	173	70
254	174	70
279	156	70
253	175	70
642	70	0
643	71	0
643	72	0
643	73	0
641	70	0
643	74	0
593	78	18
595	78	18
597	78	18
599	78	18
600	78	18
566	79	18
568	79	18
588	79	18
590	79	18
592	79	18
594	79	18
596	79	18
598	79	18
601	79	18
561	80	18
563	80	18
564	80	18
565	80	18
567	80	18
569	80	18
571	80	18
573	80	18
575	80	18
577	80	18
579	80	18
581	80	18
583	80	18
585	80	18
586	80	18
587	80	18
589	80	18
591	80	18
560	81	18
562	81	18
570	81	18
572	81	18
574	81	18
576	81	18
578	81	18
580	81	18
582	81	18
584	81	18
602	80	18
318	62	14
319	63	14
320	63	14
322	63	14
321	64	14
323	64	14
324	64	14
325	64	14
326	65	14
327	65	14
328	65	14
329	66	14
330	66	14
331	66	14
332	66	14
333	66	14
334	66	14
335	67	14
336	67	14
344	67	14
345	67	14
337	68	14
338	68	14
339	68	14
340	68	14
342	68	14
343	68	14
341	69	14
317	61	14
346	66	14
589	174	6
587	175	6
588	175	6
588	173	6
604	78	13
605	78	13
603	79	13
606	78	13
602	80	13
473	59	26
474	59	26
475	60	26
475	61	26
476	62	26
477	63	26
478	64	26
479	65	26
481	65	26
480	66	26
482	66	26
498	66	26
483	67	26
484	67	26
485	67	26
486	67	26
487	67	26
488	67	26
489	67	26
490	67	26
491	67	26
492	67	26
493	67	26
494	67	26
495	67	26
496	67	26
497	67	26
499	67	26
472	58	26
500	67	26
519	67	0
518	66	0
520	68	0
91	362	74
91	363	74
91	364	74
91	365	74
91	366	74
91	367	74
91	368	74
91	369	74
91	370	74
91	371	74
91	372	74
91	373	74
91	374	74
91	375	74
91	376	74
91	377	74
91	378	74
92	379	74
93	380	74
94	380	74
95	381	74
96	381	74
97	382	74
98	382	74
99	383	74
100	383	74
132	383	74
133	383	74
101	384	74
102	384	74
130	384	74
131	384	74
103	385	74
104	385	74
128	385	74
129	385	74
105	386	74
106	386	74
126	386	74
127	386	74
107	387	74
108	387	74
110	387	74
124	387	74
125	387	74
109	388	74
111	388	74
112	388	74
114	388	74
116	388	74
118	388	74
120	388	74
122	388	74
123	388	74
113	389	74
115	389	74
117	389	74
119	389	74
121	389	74
91	361	74
134	382	74
641	65	925
641	66	925
641	67	925
167	24	0
168	24	0
164	25	0
166	25	0
165	26	0
169	23	0
163	24	0
251	175	0
252	175	0
250	176	0
249	177	0
253	175	0
248	178	0
254	176	0
255	177	0
253	175	0
636	71	0
637	70	0
264	21	71
264	22	71
264	23	71
264	24	71
264	25	71
264	26	71
264	27	71
264	28	71
264	20	71
264	29	71
241	177	70
243	177	70
244	177	70
246	177	70
247	177	70
235	178	70
237	178	70
238	178	70
239	178	70
240	178	70
242	178	70
245	178	70
230	179	70
232	179	70
234	179	70
236	179	70
229	180	70
231	180	70
233	180	70
225	181	70
226	181	70
227	181	70
228	181	70
222	182	70
224	182	70
220	183	70
221	183	70
223	183	70
219	184	70
217	185	70
218	185	70
216	186	70
214	187	70
215	187	70
212	188	70
213	188	70
248	178	70
211	189	70
351	40	45
355	40	45
356	40	45
348	41	45
349	41	45
350	41	45
352	41	45
353	41	45
354	41	45
357	39	45
485	391	4
486	392	4
487	390	3
488	391	3
488	392	3
107	319	74
108	319	74
109	319	74
110	319	74
111	319	74
112	319	74
113	319	74
114	319	74
115	320	74
116	320	74
117	320	74
118	320	74
119	321	74
120	322	74
106	319	74
121	323	74
120	243	0
119	244	0
120	242	0
118	245	0
125	56	74
125	57	74
125	58	74
125	59	74
125	60	74
125	61	74
125	62	74
125	63	74
125	64	74
125	65	74
126	66	74
127	67	74
128	68	74
129	69	74
125	55	74
130	70	74
135	59	72
135	60	72
135	61	72
135	62	72
135	63	72
135	64	72
135	65	72
135	66	72
134	67	72
133	68	72
132	69	72
135	58	72
131	70	72
204	101	0
206	101	0
208	101	0
210	101	0
211	101	0
199	102	0
201	102	0
203	102	0
205	102	0
207	102	0
209	102	0
212	102	0
213	102	0
214	102	0
192	103	0
194	103	0
196	103	0
197	103	0
198	103	0
200	103	0
202	103	0
215	103	0
216	103	0
178	104	0
182	104	0
184	104	0
186	104	0
188	104	0
189	104	0
190	104	0
191	104	0
193	104	0
195	104	0
217	104	0
218	104	0
156	105	0
157	105	0
159	105	0
160	105	0
161	105	0
162	105	0
164	105	0
166	105	0
168	105	0
170	105	0
171	105	0
172	105	0
173	105	0
174	105	0
175	105	0
176	105	0
177	105	0
179	105	0
180	105	0
181	105	0
183	105	0
185	105	0
187	105	0
219	105	0
220	105	0
221	105	0
154	106	0
155	106	0
158	106	0
163	106	0
165	106	0
167	106	0
169	106	0
222	106	0
152	107	0
153	107	0
151	108	0
150	109	0
148	110	0
149	110	0
147	111	0
146	112	0
145	113	0
144	114	0
143	115	0
142	116	0
142	117	0
141	118	0
140	119	0
139	120	0
139	121	0
139	122	0
139	123	0
139	124	0
139	125	0
139	126	0
223	107	0
139	127	0
94	308	0
95	309	0
96	310	0
97	311	0
98	312	0
99	313	0
100	314	0
101	315	0
102	316	0
103	317	0
104	318	0
93	307	0
105	319	0
502	68	5
503	69	5
501	67	5
363	390	2
365	390	2
362	391	2
364	391	2
366	391	2
367	391	2
368	391	2
370	391	2
361	392	2
369	392	2
360	393	2
638	69	15
639	69	15
640	69	15
637	70	15
641	70	15
491	392	4
490	393	4
513	35	0
513	34	0
514	36	0
132	335	74
131	336	74
130	337	74
129	338	74
128	339	74
127	340	74
126	341	74
125	342	74
124	343	74
123	344	74
122	345	74
121	346	74
120	347	74
119	348	74
119	349	74
119	350	74
119	351	74
119	352	74
119	353	74
119	354	74
119	355	74
119	356	74
119	357	74
119	358	74
119	359	74
119	360	74
133	334	74
119	361	74
364	103	49
365	104	49
366	104	49
367	104	49
368	105	49
369	105	49
370	105	49
371	106	49
363	103	49
372	105	49
101	246	73
102	246	73
103	246	73
104	246	73
105	246	73
106	246	73
107	246	73
108	246	73
109	246	73
110	246	73
111	246	73
112	246	73
113	246	73
114	246	73
99	247	73
100	247	73
97	248	73
98	248	73
95	249	73
96	249	73
93	250	73
94	250	73
91	251	73
92	251	73
88	252	73
89	252	73
90	252	73
86	253	73
87	253	73
84	254	73
85	254	73
78	255	73
79	255	73
80	255	73
81	255	73
82	255	73
83	255	73
72	256	73
74	256	73
75	256	73
76	256	73
77	256	73
70	257	73
71	257	73
73	257	73
43	258	73
44	258	73
45	258	73
46	258	73
47	258	73
48	258	73
49	258	73
50	258	73
51	258	73
52	258	73
53	258	73
54	258	73
55	258	73
56	258	73
57	258	73
58	258	73
59	258	73
60	258	73
61	258	73
62	258	73
63	258	73
64	258	73
65	258	73
66	258	73
67	258	73
68	258	73
69	258	73
115	246	73
42	258	73
705	100	0
706	101	0
704	99	0
145	176	73
146	176	73
147	176	73
148	176	73
149	177	73
150	177	73
151	178	73
152	178	73
153	178	73
154	178	73
156	178	73
155	179	73
157	179	73
158	179	73
159	179	73
160	179	73
162	179	73
164	179	73
166	179	73
161	180	73
163	180	73
165	180	73
167	180	73
168	180	73
169	180	73
170	180	73
171	180	73
172	180	73
173	180	73
174	180	73
175	181	73
176	181	73
177	182	73
178	183	73
179	183	73
144	176	73
180	184	73
338	183	41
341	183	41
342	183	41
339	184	41
340	184	41
343	184	41
344	184	41
345	185	41
346	185	41
347	185	41
348	186	41
349	186	41
350	187	41
351	188	41
284	154	62
285	154	62
286	154	62
287	154	62
288	154	62
289	154	62
281	155	62
282	155	62
283	155	62
290	154	62
280	156	62
170	209	0
168	210	0
169	210	0
166	211	0
167	211	0
171	208	0
165	212	0
332	183	974
333	183	974
334	183	974
335	183	974
336	183	974
359	393	0
360	393	0
299	19	63
300	19	63
301	20	63
302	21	63
303	22	63
304	22	63
305	23	63
306	23	63
307	24	63
308	25	63
309	26	63
310	27	63
311	28	63
312	28	63
358	28	63
313	29	63
342	29	63
344	29	63
346	29	63
348	29	63
349	29	63
350	29	63
351	29	63
352	29	63
353	29	63
354	29	63
355	29	63
356	29	63
357	29	63
359	29	63
360	29	63
361	29	63
314	30	63
340	30	63
341	30	63
343	30	63
345	30	63
347	30	63
362	30	63
363	30	63
315	31	63
337	31	63
338	31	63
339	31	63
364	31	63
365	31	63
366	31	63
316	32	63
317	32	63
318	32	63
334	32	63
335	32	63
336	32	63
319	33	63
320	33	63
321	33	63
322	33	63
328	33	63
329	33	63
330	33	63
331	33	63
332	33	63
333	33	63
323	34	63
324	34	63
325	34	63
326	34	63
327	34	63
298	18	63
367	32	63
471	242	0
471	243	0
471	244	0
470	245	0
470	246	0
469	247	0
468	248	0
638	71	0
637	70	0
639	72	0
640	71	15
641	70	15
639	72	15
145	386	74
145	387	74
145	388	74
145	389	74
145	390	74
146	391	74
147	392	74
148	392	74
149	393	74
150	393	74
151	394	74
145	385	74
147	62	0
147	63	0
147	64	0
147	65	0
147	66	0
147	67	0
147	68	0
146	69	0
145	70	0
144	71	0
143	72	0
147	61	0
179	304	69
179	305	69
180	306	69
181	307	69
182	308	69
182	309	69
183	310	69
184	311	69
184	312	69
185	313	69
186	314	69
186	315	69
187	316	69
188	317	69
189	318	69
190	319	69
191	320	69
192	321	69
192	322	69
192	323	69
192	324	69
192	325	69
192	326	69
192	327	69
192	328	69
192	329	69
178	303	69
192	330	69
239	24	73
240	25	73
241	25	73
242	26	73
243	27	73
244	27	73
245	28	73
246	28	73
247	29	73
248	29	73
249	30	73
250	31	73
251	31	73
261	31	73
262	31	73
252	32	73
253	32	73
254	32	73
256	32	73
258	32	73
259	32	73
260	32	73
255	33	73
257	33	73
238	23	73
263	30	73
374	63	53
375	63	53
376	63	53
377	64	53
378	65	53
378	66	53
378	67	53
378	68	53
378	69	53
378	70	53
378	71	53
378	72	53
378	73	53
387	65	53
388	65	53
386	66	53
384	67	53
385	67	53
382	68	53
383	68	53
381	69	53
380	70	53
380	71	53
380	72	53
389	64	53
380	73	53
370	41	0
369	42	0
371	40	0
371	29	9
372	29	9
373	29	9
374	29	9
375	29	9
376	29	9
377	29	9
378	29	9
379	29	9
380	29	9
381	29	9
382	29	9
383	29	9
384	29	9
386	29	9
388	29	9
390	29	9
369	30	9
370	30	9
385	30	9
387	30	9
389	30	9
391	30	9
368	31	9
392	31	9
393	31	9
394	32	9
367	32	9
395	33	9
522	69	3
523	69	3
524	70	3
525	71	3
526	72	3
527	72	3
528	72	3
521	68	3
529	73	3
362	105	1
361	106	1
360	107	1
359	108	1
362	104	1
697	71	2
693	72	2
694	72	2
695	72	2
696	72	2
692	73	2
245	384	63
246	384	63
247	385	63
248	385	63
249	386	63
250	386	63
251	387	63
252	387	63
253	388	63
254	388	63
255	389	63
256	389	63
257	390	63
258	390	63
259	391	63
260	391	63
262	391	63
261	392	63
263	392	63
264	392	63
265	392	63
266	392	63
268	392	63
270	392	63
272	392	63
274	392	63
267	393	63
269	393	63
271	393	63
273	393	63
275	393	63
276	393	63
277	393	63
278	393	63
279	393	63
280	393	63
281	393	63
282	393	63
283	393	63
284	393	63
285	393	63
286	393	63
287	393	63
288	393	63
289	393	63
290	393	63
291	393	63
292	393	63
293	393	63
294	393	63
295	393	63
296	393	63
298	393	63
300	393	63
302	393	63
304	393	63
306	393	63
316	393	63
318	393	63
320	393	63
322	393	63
323	393	63
324	393	63
325	393	63
326	393	63
327	393	63
328	393	63
330	393	63
332	393	63
297	394	63
299	394	63
301	394	63
303	394	63
305	394	63
307	394	63
308	394	63
309	394	63
310	394	63
311	394	63
312	394	63
313	394	63
314	394	63
315	394	63
317	394	63
319	394	63
321	394	63
329	394	63
331	394	63
333	394	63
334	394	63
335	394	63
244	383	63
361	394	2
360	393	2
485	394	0
486	393	0
240	248	74
242	248	74
244	248	74
246	248	74
248	248	74
236	249	74
237	249	74
238	249	74
239	249	74
241	249	74
243	249	74
245	249	74
247	249	74
233	250	74
234	250	74
235	250	74
229	251	74
230	251	74
231	251	74
232	251	74
228	252	74
226	253	74
227	253	74
224	254	74
225	254	74
222	255	74
223	255	74
221	256	74
219	257	74
220	257	74
218	258	74
216	259	74
217	259	74
214	260	74
215	260	74
212	261	74
213	261	74
210	262	74
211	262	74
208	263	74
209	263	74
207	264	74
205	265	74
206	265	74
249	248	74
204	266	74
514	32	0
513	33	0
318	323	74
320	323	74
322	323	74
324	323	74
312	324	74
314	324	74
315	324	74
316	324	74
317	324	74
319	324	74
321	324	74
323	324	74
325	324	74
326	324	74
327	324	74
328	324	74
329	324	74
307	325	74
309	325	74
310	325	74
311	325	74
313	325	74
330	325	74
301	326	74
303	326	74
304	326	74
305	326	74
306	326	74
308	326	74
331	326	74
332	326	74
298	327	74
300	327	74
302	327	74
333	327	74
334	327	74
257	328	74
259	328	74
261	328	74
297	328	74
299	328	74
335	328	74
336	328	74
254	329	74
255	329	74
256	329	74
258	329	74
260	329	74
262	329	74
264	329	74
266	329	74
268	329	74
296	329	74
337	329	74
338	329	74
252	330	74
253	330	74
263	330	74
265	330	74
267	330	74
269	330	74
270	330	74
271	330	74
273	330	74
289	330	74
291	330	74
292	330	74
293	330	74
294	330	74
295	330	74
250	331	74
251	331	74
272	331	74
274	331	74
275	331	74
276	331	74
277	331	74
278	331	74
279	331	74
280	331	74
282	331	74
283	331	74
284	331	74
285	331	74
286	331	74
287	331	74
288	331	74
290	331	74
248	332	74
249	332	74
281	332	74
246	333	74
247	333	74
339	330	74
245	334	74
531	73	1
532	73	1
530	73	1
533	74	1
534	73	2
533	74	2
640	73	0
639	72	0
640	74	0
323	184	925
324	184	925
322	185	925
319	186	925
320	186	925
321	186	925
47	131	2
46	132	2
46	133	2
45	134	2
45	135	2
44	136	2
44	137	2
43	138	2
43	139	2
42	140	2
42	141	2
41	142	2
41	143	2
40	144	2
40	145	2
39	146	2
39	147	2
38	148	2
38	149	2
37	150	2
37	151	2
36	152	2
36	153	2
35	154	2
35	155	2
34	156	2
34	157	2
33	158	2
34	159	2
34	160	2
35	161	2
35	162	2
36	163	2
36	164	2
37	165	2
37	166	2
38	167	2
38	168	2
39	169	2
39	170	2
40	171	2
40	172	2
41	173	2
41	174	2
42	175	2
42	176	2
43	177	2
43	178	2
44	179	2
44	180	2
45	181	2
45	182	2
46	183	2
46	184	2
47	185	2
47	186	2
48	187	2
48	130	2
49	188	2
595	108	3
594	109	3
489	393	1
488	392	1
490	393	1
379	74	0
378	73	0
380	73	0
505	32	30
506	32	30
507	32	30
508	33	30
509	34	30
510	33	31
511	33	31
512	33	31
509	34	31
363	179	3
361	180	3
362	180	3
359	181	3
360	181	3
358	182	3
357	183	3
355	184	3
356	184	3
354	185	3
353	186	3
352	187	3
351	188	3
347	67	50
348	68	50
349	68	50
350	68	50
351	69	50
352	69	50
353	69	50
354	70	50
355	70	50
356	70	50
357	70	50
358	71	50
359	71	50
360	71	50
362	71	50
361	72	50
363	72	50
364	72	50
365	72	50
366	73	50
367	73	50
368	73	50
370	73	50
369	74	50
371	74	50
372	74	50
373	74	50
374	74	50
376	74	50
377	74	50
375	75	50
346	66	50
378	73	50
303	239	61
302	240	61
304	240	61
305	240	61
306	240	61
307	240	61
308	240	61
309	240	61
310	240	61
312	240	61
311	241	61
313	241	61
314	242	61
315	242	61
316	243	61
317	243	61
318	243	61
319	244	61
320	244	61
321	245	61
322	246	61
323	246	61
324	246	61
325	246	61
326	247	61
328	247	61
327	248	61
329	248	61
331	248	61
330	249	61
332	249	61
334	249	61
336	249	61
338	249	61
339	249	61
341	249	61
346	249	61
333	250	61
335	250	61
337	250	61
340	250	61
342	250	61
343	250	61
344	250	61
345	250	61
347	250	61
348	250	61
349	250	61
350	250	61
351	250	61
352	250	61
301	241	61
353	251	61
578	109	2
580	109	2
581	109	2
582	109	2
583	109	2
584	109	2
577	110	2
579	110	2
575	111	2
576	111	2
574	112	2
585	110	2
573	113	2
528	75	0
529	74	0
70	187	71
71	187	71
50	188	71
51	188	71
52	188	71
53	188	71
54	188	71
55	188	71
56	188	71
57	188	71
58	188	71
59	188	71
60	188	71
61	188	71
62	188	71
63	188	71
64	188	71
65	188	71
66	188	71
67	188	71
68	188	71
69	188	71
72	186	71
49	188	71
641	75	0
642	75	0
640	74	0
643	74	0
688	60	4
686	61	4
687	61	4
685	62	4
683	63	4
684	63	4
681	64	4
682	64	4
680	65	4
679	66	4
678	67	4
677	68	4
676	69	4
676	70	4
675	71	4
675	72	4
675	73	4
675	74	4
675	75	4
689	59	4
675	76	4
184	182	69
182	183	69
183	183	69
185	183	69
186	183	69
188	183	69
187	184	69
189	184	69
190	184	69
192	184	69
191	185	69
193	185	69
194	186	69
195	186	69
196	186	69
198	186	69
197	187	69
199	187	69
200	187	69
201	187	69
203	187	69
202	188	69
204	188	69
205	188	69
206	188	69
207	188	69
208	188	69
209	188	69
181	184	69
210	189	69
457	33	0
456	34	0
455	35	0
455	36	0
503	34	1
504	35	1
504	36	1
508	35	35
509	34	35
507	36	35
96	85	74
96	86	74
96	87	74
97	88	74
98	89	74
98	90	74
99	91	74
100	92	74
100	93	74
100	94	74
101	95	74
102	96	74
103	97	74
103	98	74
104	99	74
105	99	74
106	100	74
106	101	74
107	102	74
108	102	74
109	103	74
110	104	74
111	105	74
112	106	74
113	107	74
114	108	74
115	109	74
116	110	74
117	111	74
118	112	74
119	113	74
120	114	74
121	115	74
122	116	74
123	117	74
124	118	74
125	119	74
126	120	74
127	121	74
128	121	74
129	122	74
129	123	74
129	124	74
129	125	74
129	126	74
95	84	74
129	127	74
586	110	3
589	110	3
590	110	3
591	110	3
592	110	3
593	110	3
587	111	3
588	111	3
594	109	3
585	110	3
595	110	1
594	109	1
333	52	62
318	53	62
319	53	62
320	53	62
322	53	62
324	53	62
325	53	62
326	53	62
327	53	62
328	53	62
329	53	62
331	53	62
332	53	62
334	53	62
335	53	62
317	54	62
321	54	62
323	54	62
330	54	62
317	55	62
317	56	62
317	57	62
317	58	62
317	59	62
317	60	62
336	52	62
317	61	62
403	31	49
396	32	49
397	32	49
398	32	49
399	32	49
400	32	49
401	32	49
402	32	49
404	32	49
405	32	49
406	32	49
408	32	49
410	32	49
412	32	49
407	33	49
409	33	49
411	33	49
413	33	49
414	33	49
416	33	49
415	34	49
417	34	49
418	35	49
419	36	49
395	33	49
420	37	49
491	394	4
492	394	4
493	394	4
490	393	4
630	75	3
636	75	3
639	75	3
624	76	3
626	76	3
627	76	3
628	76	3
629	76	3
631	76	3
632	76	3
633	76	3
634	76	3
635	76	3
637	76	3
638	76	3
617	77	3
619	77	3
621	77	3
622	77	3
623	77	3
625	77	3
612	78	3
613	78	3
614	78	3
615	78	3
616	78	3
618	78	3
620	78	3
640	74	3
611	79	3
43	352	0
42	353	0
41	354	0
40	355	0
39	356	0
38	357	0
37	358	0
36	359	0
35	360	0
34	361	0
33	362	0
32	363	0
31	364	0
30	365	0
29	366	0
28	367	0
27	368	0
26	369	0
25	370	0
24	371	0
23	372	0
22	373	0
21	374	0
20	375	0
19	376	0
18	377	0
17	378	0
16	379	0
15	380	0
14	381	0
13	382	0
12	383	0
11	384	0
10	385	0
9	386	0
8	387	0
7	388	0
6	389	0
5	390	0
4	391	0
3	392	0
2	393	0
1	394	0
44	351	0
692	75	2
692	76	2
692	74	2
390	65	41
391	65	41
392	66	41
393	67	41
394	67	41
395	68	41
396	68	41
397	69	41
399	69	41
398	70	41
400	70	41
402	70	41
404	70	41
406	70	41
408	70	41
409	70	41
410	70	41
411	70	41
412	70	41
413	70	41
414	70	41
415	70	41
416	70	41
417	70	41
419	70	41
421	70	41
401	71	41
403	71	41
405	71	41
407	71	41
418	71	41
420	71	41
422	71	41
423	71	41
424	71	41
425	71	41
426	72	41
427	72	41
428	72	41
429	72	41
430	72	41
431	73	41
432	73	41
433	74	41
434	74	41
435	74	41
436	75	41
437	75	41
438	75	41
439	76	41
440	76	41
441	77	41
389	64	41
442	78	41
350	110	0
349	111	0
348	112	0
347	113	0
534	75	2
535	76	2
536	77	2
533	74	2
565	108	1
564	109	1
563	110	1
561	111	1
562	111	1
560	112	1
566	108	1
559	113	1
123	324	0
124	325	0
125	326	0
126	327	0
127	328	0
128	329	0
129	330	0
130	331	0
131	332	0
132	333	0
122	323	0
133	334	0
265	31	71
266	31	71
267	32	71
268	33	71
269	34	71
270	34	71
271	35	71
272	36	71
274	36	71
273	37	71
275	37	71
276	37	71
277	37	71
278	37	71
264	30	71
279	37	71
367	33	1
367	34	1
367	35	1
368	36	1
368	37	1
367	32	1
369	38	1
340	102	53
340	103	53
340	104	53
340	105	53
340	106	53
339	107	53
338	108	53
337	109	53
335	110	53
336	110	53
334	111	53
334	112	53
334	113	53
334	114	53
340	101	53
334	115	53
348	114	0
347	113	0
205	329	0
207	329	0
208	329	0
209	329	0
210	329	0
211	329	0
212	329	0
213	329	0
214	329	0
215	329	0
216	329	0
217	329	0
218	329	0
219	329	0
220	329	0
221	329	0
222	329	0
224	329	0
226	329	0
198	330	0
201	330	0
202	330	0
203	330	0
204	330	0
206	330	0
223	330	0
225	330	0
227	330	0
228	330	0
229	330	0
230	330	0
194	331	0
195	331	0
196	331	0
197	331	0
199	331	0
200	331	0
231	331	0
233	331	0
235	331	0
232	332	0
234	332	0
236	332	0
237	332	0
238	332	0
239	332	0
240	333	0
241	333	0
242	333	0
244	333	0
243	334	0
193	331	0
245	334	0
676	77	0
675	76	0
677	78	0
506	37	5
507	36	5
505	37	5
700	58	0
699	59	0
691	60	0
692	60	0
698	60	0
693	61	0
694	61	0
695	61	0
696	61	0
697	61	0
690	59	0
97	70	70
98	71	70
98	72	70
98	73	70
98	74	70
98	75	70
98	76	70
98	77	70
98	78	70
96	69	70
98	79	70
357	38	44
357	39	44
444	77	33
445	78	33
443	78	33
446	79	33
436	35	38
438	35	38
440	35	38
442	35	38
444	35	38
422	36	38
424	36	38
431	36	38
433	36	38
434	36	38
435	36	38
437	36	38
439	36	38
441	36	38
443	36	38
445	36	38
446	36	38
447	36	38
449	36	38
451	36	38
423	37	38
425	37	38
426	37	38
427	37	38
428	37	38
429	37	38
430	37	38
432	37	38
448	37	38
450	37	38
452	37	38
453	38	38
421	37	38
454	37	38
352	189	41
352	190	41
353	191	41
354	192	41
355	193	41
356	194	41
357	195	41
351	188	41
519	65	0
520	64	0
518	66	0
142	177	0
141	178	0
140	179	0
139	180	0
138	181	0
137	182	0
136	183	0
134	184	0
135	184	0
133	185	0
131	186	0
132	186	0
130	187	0
128	188	0
129	188	0
127	189	0
125	190	0
126	190	0
124	191	0
122	192	0
123	192	0
121	193	0
121	194	0
121	195	0
120	196	0
143	176	0
119	197	0
608	77	1
609	77	1
610	78	1
607	78	1
611	79	1
469	249	12
470	250	12
469	251	12
470	252	12
470	253	12
471	254	12
472	255	12
473	255	12
474	255	12
475	256	12
468	248	12
41	228	6
41	229	6
40	230	6
40	231	6
39	232	6
39	233	6
38	234	6
38	235	6
37	236	6
37	237	6
36	238	6
36	239	6
35	240	6
35	241	6
34	242	6
34	243	6
34	244	6
35	245	6
35	246	6
36	247	6
36	248	6
37	249	6
37	250	6
38	251	6
38	252	6
39	253	6
39	254	6
40	255	6
40	256	6
41	257	6
42	227	6
42	258	6
43	48	0
43	49	0
42	50	0
42	51	0
41	52	0
41	53	0
40	54	0
40	55	0
39	56	0
39	57	0
38	58	0
38	59	0
37	60	0
37	61	0
36	62	0
36	63	0
35	64	0
35	65	0
34	66	0
34	67	0
33	68	0
33	69	0
32	70	0
32	71	0
32	72	0
33	73	0
33	74	0
34	75	0
34	76	0
35	77	0
35	78	0
36	79	0
36	80	0
37	81	0
37	82	0
38	83	0
38	84	0
39	85	0
39	86	0
40	87	0
40	88	0
41	89	0
41	90	0
42	91	0
42	92	0
43	93	0
43	94	0
44	95	0
44	96	0
45	97	0
45	98	0
46	99	0
46	100	0
47	101	0
47	102	0
48	103	0
44	47	0
49	104	0
74	186	0
75	187	0
76	187	0
77	188	0
78	188	0
79	189	0
80	189	0
81	190	0
82	190	0
84	190	0
83	191	0
85	191	0
86	191	0
88	191	0
90	191	0
92	191	0
94	191	0
96	191	0
98	191	0
100	191	0
102	191	0
87	192	0
89	192	0
91	192	0
93	192	0
95	192	0
97	192	0
99	192	0
101	192	0
103	192	0
104	192	0
105	192	0
106	192	0
107	193	0
108	193	0
109	194	0
110	194	0
111	195	0
112	195	0
113	196	0
114	196	0
115	197	0
116	197	0
117	198	0
73	186	0
118	198	0
555	114	18
553	115	18
554	115	18
556	115	18
557	115	18
550	116	18
551	116	18
552	116	18
547	117	18
548	117	18
549	117	18
544	118	18
545	118	18
546	118	18
537	119	18
538	119	18
539	119	18
540	119	18
541	119	18
542	119	18
543	119	18
533	120	18
534	120	18
535	120	18
536	120	18
530	121	18
531	121	18
532	121	18
511	122	18
512	122	18
513	122	18
516	122	18
524	122	18
526	122	18
528	122	18
529	122	18
514	123	18
515	123	18
517	123	18
518	123	18
519	123	18
520	123	18
521	123	18
522	123	18
523	123	18
525	123	18
527	123	18
558	114	18
510	121	18
336	223	926
335	224	926
337	224	926
690	73	3
687	74	3
689	74	3
686	75	3
688	75	3
684	76	3
685	76	3
683	77	3
679	78	3
680	78	3
681	78	3
682	78	3
691	73	3
678	78	3
358	40	0
359	40	0
357	39	0
368	39	45
367	40	45
369	38	45
339	332	53
339	333	53
339	334	53
338	335	53
337	336	53
339	331	53
248	179	57
248	180	57
248	181	57
248	182	57
248	183	57
248	184	57
248	185	57
248	186	57
248	187	57
248	188	57
248	178	57
395	34	46
395	35	46
394	36	46
392	37	46
393	37	46
391	38	46
386	39	46
388	39	46
390	39	46
379	40	46
381	40	46
383	40	46
384	40	46
385	40	46
387	40	46
389	40	46
372	41	46
374	41	46
376	41	46
377	41	46
378	41	46
380	41	46
382	41	46
373	42	46
375	42	46
395	33	46
371	40	46
136	335	0
137	336	0
138	336	0
139	336	0
140	337	0
141	337	0
135	335	0
142	338	0
2	2	0
3	3	0
4	4	0
5	5	0
6	6	0
7	7	0
8	8	0
9	9	0
10	10	0
11	11	0
12	12	0
13	13	0
14	14	0
15	15	0
16	16	0
17	17	0
18	18	0
19	19	0
20	20	0
21	21	0
22	22	0
23	23	0
24	24	0
25	25	0
26	26	0
27	27	0
28	28	0
29	29	0
30	30	0
31	31	0
32	32	0
33	33	0
34	34	0
35	35	0
36	36	0
37	37	0
38	38	0
39	39	0
40	40	0
41	41	0
42	42	0
84	19	74
85	19	74
82	20	74
83	20	74
80	21	74
81	21	74
78	22	74
79	22	74
76	23	74
77	23	74
74	24	74
75	24	74
72	25	74
73	25	74
70	26	74
71	26	74
68	27	74
69	27	74
66	28	74
67	28	74
64	29	74
65	29	74
62	30	74
63	30	74
60	31	74
61	31	74
58	32	74
59	32	74
56	33	74
57	33	74
54	34	74
55	34	74
52	35	74
53	35	74
50	36	74
51	36	74
48	37	74
49	37	74
47	38	74
46	39	74
45	40	74
44	41	74
86	18	74
43	42	74
158	331	0
159	331	0
160	332	0
161	332	0
162	333	0
163	334	0
164	334	0
166	334	0
168	334	0
165	335	0
167	335	0
169	335	0
170	335	0
172	335	0
174	335	0
175	335	0
171	336	0
173	336	0
176	336	0
177	336	0
178	336	0
179	336	0
180	336	0
181	337	0
182	337	0
183	337	0
157	330	0
184	338	0
191	332	0
190	333	0
189	334	0
188	335	0
187	336	0
186	337	0
192	331	0
185	338	0
120	199	0
121	200	0
119	198	0
122	201	0
208	200	0
209	200	0
210	200	0
562	115	5
563	115	5
564	116	5
565	116	5
566	116	5
567	116	5
568	116	5
569	116	5
570	116	5
571	116	5
572	116	5
561	115	5
573	115	5
582	111	1
584	111	1
581	112	1
583	112	1
580	113	1
579	114	1
579	115	1
578	116	1
585	110	1
577	117	1
156	331	0
155	332	0
154	333	0
153	334	0
152	335	0
151	336	0
149	337	0
150	337	0
144	338	0
145	338	0
146	338	0
147	338	0
148	338	0
157	330	0
143	338	0
535	38	1
535	39	1
534	40	1
534	41	1
534	42	1
332	116	50
328	117	50
329	117	50
330	117	50
331	117	50
324	118	50
325	118	50
326	118	50
327	118	50
323	119	50
321	120	50
322	120	50
320	121	50
319	122	50
318	123	50
317	124	50
316	125	50
315	126	50
314	127	50
314	128	50
314	129	50
313	130	50
312	131	50
311	132	50
311	133	50
310	134	50
310	135	50
309	136	50
309	137	50
308	138	50
333	116	50
307	139	50
341	331	53
342	331	53
343	331	53
344	332	53
346	332	53
345	333	53
347	333	53
348	334	53
349	334	53
350	335	53
351	336	53
352	336	53
353	337	53
354	337	53
355	338	53
356	338	53
340	330	53
357	339	53
45	352	74
46	352	74
47	353	74
48	353	74
49	354	74
50	354	74
51	355	74
52	355	74
53	356	74
54	356	74
55	357	74
56	357	74
57	358	74
58	358	74
59	359	74
60	359	74
61	360	74
62	360	74
88	360	74
89	360	74
63	361	74
64	361	74
86	361	74
87	361	74
65	362	74
66	362	74
84	362	74
85	362	74
67	363	74
68	363	74
82	363	74
83	363	74
69	364	74
70	364	74
72	364	74
74	364	74
76	364	74
78	364	74
79	364	74
80	364	74
81	364	74
71	365	74
73	365	74
75	365	74
77	365	74
44	351	74
90	359	74
129	72	73
128	73	73
127	74	73
125	75	73
126	75	73
124	76	73
123	77	73
122	78	73
122	79	73
100	80	73
101	80	73
102	80	73
103	80	73
104	80	73
105	80	73
106	80	73
107	80	73
108	80	73
109	80	73
110	80	73
111	80	73
112	80	73
113	80	73
114	80	73
115	80	73
116	80	73
117	80	73
118	80	73
119	80	73
120	80	73
121	80	73
130	71	73
99	80	73
291	23	65
290	24	65
289	25	65
288	26	65
287	27	65
286	28	65
285	29	65
285	30	65
285	31	65
284	32	65
283	33	65
283	34	65
282	35	65
281	36	65
292	22	65
280	37	65
250	250	74
250	251	74
250	252	74
250	253	74
250	254	74
250	255	74
250	256	74
250	257	74
250	258	74
250	259	74
250	260	74
250	249	74
528	43	3
529	43	3
530	43	3
531	43	3
532	43	3
527	44	3
526	45	3
525	46	3
524	47	3
522	48	3
523	48	3
521	49	3
520	50	3
519	51	3
518	52	3
533	43	3
517	53	3
346	114	4
344	115	4
345	115	4
343	116	4
342	117	4
340	118	4
341	118	4
347	113	4
339	119	4
166	11	64
167	12	64
168	13	64
169	14	64
169	15	64
169	16	64
169	17	64
169	18	64
169	19	64
169	20	64
169	21	64
169	22	64
165	10	64
169	23	64
420	39	0
420	40	0
420	41	0
420	42	0
420	43	0
419	44	0
420	38	0
486	251	925
485	252	925
485	253	925
485	254	925
484	255	925
484	256	925
484	257	925
484	258	925
484	259	925
484	260	925
485	261	925
398	337	42
397	338	42
397	339	42
397	340	42
397	341	42
608	80	0
607	79	0
609	81	0
610	80	0
611	79	0
609	81	0
678	80	0
677	79	0
679	81	0
335	117	50
336	118	50
337	119	50
334	116	50
338	119	50
168	195	74
169	196	74
170	197	74
171	198	74
171	199	74
171	200	74
171	201	74
171	202	74
171	203	74
172	204	74
180	186	74
180	187	74
180	188	74
180	189	74
180	190	74
180	191	74
180	192	74
179	193	74
178	194	74
177	195	74
176	196	74
175	197	74
174	198	74
174	199	74
173	200	74
173	201	74
173	202	74
173	203	74
180	185	74
172	204	74
503	38	0
502	39	0
501	40	0
500	41	0
499	42	0
499	43	0
498	44	0
498	45	0
504	37	0
498	46	0
